/*--------------------------------*- C++ -*----------------------------------*\
  =========                 |
  \\      /  F ield         | OpenFOAM: The Open Source CFD Toolbox
   \\    /   O peration     | Website:  https://openfoam.org
    \\  /    A nd           | Version:  7
     \\/     M anipulation  |
\*---------------------------------------------------------------------------*/
FoamFile
{
    version     2.0;
    format      ascii;
    class       volScalarField;
    location    "1.3";
    object      rho;
}
// * * * * * * * * * * * * * * * * * * * * * * * * * * * * * * * * * * * * * //

dimensions      [1 -3 0 0 0 0 0];

internalField   nonuniform List<scalar> 
4608
(
1.55203
1.53237
1.50147
1.48685
1.47923
1.47235
1.46361
1.45433
1.44995
1.445
1.43477
1.41935
1.39631
1.37554
1.36743
1.362
1.35682
1.35196
1.34742
1.3382
1.32711
1.31576
1.3007
1.28967
1.28094
1.27042
1.2658
1.26408
1.25918
1.25182
1.24173
1.22375
1.20559
1.20122
1.20008
1.19647
1.1914
1.18576
1.17887
1.17118
1.15997
1.14281
1.13187
1.12703
1.12296
1.12183
1.12187
1.12548
1.1335
1.1472
1.1788
1.23751
1.32184
1.44081
1.58546
1.7017
1.86888
2.01162
2.08636
2.20321
2.27406
2.31265
2.35861
2.3628
2.35639
2.33676
2.30393
2.27039
2.25249
2.2317
2.20816
2.18962
2.16665
2.13538
2.10537
2.08176
2.06089
2.04575
2.03433
2.02118
2.0036
1.99326
1.98848
1.98316
1.97566
1.96709
1.95968
1.95543
1.95168
1.9486
1.94598
1.94184
1.93642
1.92901
1.91946
1.9106
1.90436
1.89873
1.89327
1.88738
1.88064
1.87385
1.86698
1.85769
1.84534
1.83378
1.82258
1.81408
1.80833
1.80166
1.79516
1.78994
1.78295
1.77156
1.75952
1.75079
1.74387
1.74014
1.73853
1.73917
1.73975
1.73655
1.73134
1.72473
1.71924
1.71606
1.71379
1.71272
1.71397
1.71296
1.70851
1.70382
1.69837
1.68982
1.68535
1.68554
1.68747
1.6836
1.67964
1.67793
1.67777
1.68569
1.6894
1.68679
1.68603
1.68825
1.68916
1.68845
1.68874
1.69328
1.70302
1.71695
1.7349
1.74637
1.74554
1.74066
1.73427
1.73274
1.73322
1.73394
1.73711
1.7444
1.75114
1.75786
1.7691
1.78336
1.78721
1.78467
1.78402
1.78572
1.78422
1.78055
1.78044
1.78365
1.78449
1.78375
1.78631
1.78796
1.78389
1.78183
1.78248
1.77983
1.77573
1.7763
1.77643
1.77256
1.76605
1.76338
1.76191
1.76018
1.75769
1.75393
1.74804
1.74203
1.73958
1.73786
1.73648
1.73746
1.73735
1.7343
1.7317
1.72799
1.72162
1.71326
1.70291
1.69199
1.68764
1.68563
1.68215
1.67668
1.67151
1.66665
1.66138
1.65437
1.64972
1.64774
1.6447
1.63988
1.63587
1.63221
1.62807
1.62401
1.61986
1.61419
1.61043
1.60874
1.60701
1.60361
1.59965
1.59642
1.5936
1.59032
1.58408
1.5742
1.56988
1.56882
1.5685
1.56714
1.56128
1.55722
1.55655
1.55472
1.55127
1.54643
1.54041
1.53286
1.52427
1.51236
1.50258
1.50075
1.5006
1.50081
1.4986
1.49083
1.48649
1.48531
1.48497
1.48598
1.48547
1.48311
1.47989
1.47513
1.46482
1.4502
1.44532
1.44402
1.44314
1.44273
1.44251
1.44297
1.44618
1.44685
1.44484
1.44215
1.43886
1.4331
1.42158
1.40874
1.40201
1.39585
1.39137
1.39005
1.38947
1.38884
1.38865
1.39127
1.39383
1.39023
1.62929
1.60765
1.58465
1.56863
1.5547
1.54714
1.54341
1.53886
1.53019
1.52113
1.50996
1.48724
1.46035
1.45092
1.44526
1.43771
1.42609
1.41984
1.41769
1.41126
1.39919
1.38318
1.36227
1.35073
1.34672
1.34091
1.33366
1.32816
1.3228
1.31221
1.29964
1.28572
1.27292
1.26725
1.26042
1.24997
1.24572
1.24283
1.23608
1.22879
1.21988
1.20848
1.20719
1.21338
1.23211
1.2653
1.32263
1.41512
1.53034
1.68563
1.8673
2.00051
2.17071
2.31046
2.35884
2.43498
2.48353
2.49795
2.51057
2.52204
2.52694
2.51409
2.48715
2.44678
2.40031
2.35836
2.32439
2.30687
2.29543
2.27764
2.25984
2.24069
2.21193
2.17675
2.16334
2.15725
2.15004
2.1411
2.13068
2.12348
2.11717
2.11092
2.10541
2.09766
2.08655
2.07643
2.07047
2.06485
2.05861
2.05195
2.04471
2.03588
2.02402
2.01028
1.99878
1.98949
1.98012
1.97023
1.96109
1.9516
1.94114
1.93207
1.92332
1.91211
1.8983
1.88432
1.87342
1.86659
1.85984
1.85257
1.8459
1.83922
1.83188
1.82422
1.81553
1.80366
1.79315
1.788
1.783
1.77692
1.77044
1.76345
1.75635
1.75151
1.74631
1.73836
1.72996
1.72445
1.71919
1.71215
1.70539
1.70166
1.69665
1.68633
1.67642
1.67337
1.67243
1.67218
1.67094
1.67
1.66938
1.66623
1.66125
1.65385
1.64682
1.64445
1.64309
1.64178
1.63997
1.63947
1.64092
1.64318
1.64647
1.64656
1.6433
1.63651
1.62461
1.61434
1.60931
1.60592
1.60366
1.60308
1.60765
1.62276
1.64009
1.64632
1.64671
1.64669
1.64416
1.64396
1.64598
1.64843
1.65361
1.66198
1.66826
1.67424
1.68325
1.68875
1.68714
1.6864
1.68877
1.68919
1.68932
1.69323
1.70143
1.70358
1.70144
1.69904
1.69924
1.70065
1.703
1.70777
1.70736
1.70298
1.70179
1.70268
1.70452
1.70455
1.70573
1.70752
1.70609
1.70049
1.69647
1.69339
1.68867
1.68338
1.68136
1.68101
1.67942
1.67727
1.67716
1.67672
1.67404
1.66878
1.66391
1.66296
1.66212
1.65933
1.65465
1.64877
1.64572
1.64376
1.63856
1.62953
1.62675
1.62702
1.62715
1.62399
1.61762
1.61161
1.60643
1.59862
1.58533
1.57759
1.57572
1.57454
1.57397
1.57668
1.58021
1.57916
1.57803
1.57604
1.57227
1.5647
1.55009
1.53324
1.52313
1.52005
1.51857
1.51787
1.51919
1.5208
1.51919
1.51512
1.50929
1.50239
1.49957
1.49854
1.49789
1.49607
1.49289
1.48853
1.48181
1.46929
1.45475
1.45
1.44827
1.44761
1.44751
1.44549
1.44353
1.44215
1.44029
1.4381
1.43496
1.42758
1.41765
1.41477
1.41287
1.40697
1.40218
1.40168
1.40142
1.39826
1.39555
1.39513
1.3951
1.39328
1.71633
1.69585
1.67016
1.64478
1.63558
1.63261
1.62717
1.61801
1.60702
1.596
1.58532
1.56836
1.54728
1.52818
1.51219
1.50531
1.50158
1.49685
1.489
1.48107
1.47034
1.45257
1.43469
1.42263
1.41545
1.40668
1.39336
1.38774
1.38558
1.37879
1.36786
1.35622
1.34129
1.32248
1.31683
1.31542
1.31099
1.31125
1.31568
1.33429
1.37686
1.43064
1.51612
1.65222
1.78918
1.95751
2.16669
2.29966
2.44367
2.611
2.65232
2.69497
2.72141
2.71146
2.6957
2.68217
2.66176
2.6512
2.63755
2.60818
2.57864
2.54437
2.49524
2.43668
2.41154
2.3968
2.38714
2.38069
2.36879
2.35282
2.33208
2.30397
2.28815
2.28117
2.27366
2.26634
2.26068
2.25521
2.24995
2.24468
2.23808
2.22974
2.21909
2.20567
2.19325
2.18405
2.17618
2.16871
2.16089
2.15166
2.14024
2.12685
2.11382
2.10275
2.09288
2.0831
2.07233
2.05996
2.04849
2.03837
2.0286
2.01966
2.01107
2.00077
1.98466
1.97262
1.96664
1.9595
1.95115
1.94402
1.93649
1.92735
1.91664
1.90603
1.89565
1.88478
1.87207
1.86373
1.85824
1.85137
1.84264
1.83304
1.82334
1.81359
1.80424
1.79592
1.78991
1.78554
1.78027
1.77263
1.764
1.75504
1.74602
1.73735
1.72809
1.72126
1.71714
1.71326
1.70866
1.70269
1.69587
1.68797
1.67776
1.66684
1.65721
1.65053
1.64742
1.64607
1.64143
1.63419
1.62741
1.62161
1.6186
1.61677
1.61516
1.61135
1.6061
1.59952
1.59577
1.59498
1.59498
1.59395
1.59017
1.5877
1.58701
1.58717
1.58625
1.58384
1.57786
1.56749
1.56256
1.55984
1.558
1.55915
1.56293
1.5627
1.56099
1.55635
1.55179
1.54962
1.54906
1.55024
1.55435
1.55603
1.55766
1.56257
1.56531
1.56378
1.56127
1.56233
1.56704
1.57596
1.58367
1.58797
1.59146
1.5984
1.60529
1.60466
1.603
1.60254
1.60308
1.60587
1.61267
1.61844
1.61848
1.61466
1.61334
1.61464
1.61643
1.61822
1.62062
1.62453
1.63085
1.63364
1.63274
1.63086
1.62596
1.61852
1.61254
1.60908
1.60717
1.6066
1.60926
1.61212
1.61286
1.61463
1.61399
1.60868
1.59893
1.58577
1.57997
1.5794
1.57795
1.57558
1.57473
1.57524
1.57981
1.59094
1.60114
1.60163
1.59968
1.59719
1.59288
1.583
1.5649
1.55065
1.5463
1.54478
1.54332
1.54093
1.5388
1.53873
1.53962
1.53791
1.53428
1.5287
1.51871
1.51199
1.50972
1.50625
1.50019
1.49323
1.48749
1.48295
1.47751
1.46879
1.45826
1.45288
1.4493
1.44609
1.44419
1.44275
1.44079
1.43774
1.4323
1.42384
1.41766
1.41556
1.41444
1.4132
1.41223
1.41298
1.41241
1.41002
1.40826
1.40673
1.40459
1.39796
1.80218
1.7843
1.76064
1.73866
1.72674
1.71592
1.70194
1.69228
1.6873
1.67986
1.66838
1.65311
1.6303
1.60066
1.58903
1.58468
1.57795
1.5686
1.55847
1.55196
1.54498
1.53361
1.51651
1.49167
1.47364
1.46762
1.46209
1.45629
1.45011
1.44363
1.43805
1.43176
1.42155
1.42066
1.43377
1.46544
1.53054
1.63783
1.77401
1.96752
2.14779
2.30455
2.52645
2.64716
2.73044
2.84735
2.89667
2.93347
2.95969
2.9537
2.93209
2.89505
2.84632
2.79802
2.76509
2.73802
2.71661
2.69678
2.67318
2.64543
2.60813
2.55315
2.51505
2.50198
2.49402
2.49088
2.485
2.47652
2.46773
2.45504
2.43461
2.41477
2.40688
2.40092
2.39426
2.38805
2.38278
2.37658
2.369
2.36046
2.35012
2.33636
2.31944
2.30608
2.29674
2.28771
2.27808
2.26748
2.25578
2.24289
2.22935
2.2173
2.20689
2.19642
2.1849
2.17228
2.15839
2.1425
2.13122
2.12341
2.11483
2.10512
2.09447
2.08129
2.06282
2.05147
2.046
2.03906
2.03016
2.02174
2.01321
2.00325
1.98942
1.97293
1.96369
1.95655
1.94816
1.93983
1.93248
1.92503
1.91607
1.90256
1.88598
1.87723
1.87194
1.86646
1.86046
1.85407
1.84686
1.83821
1.82796
1.81617
1.80402
1.79634
1.79119
1.7855
1.77873
1.77176
1.76465
1.75576
1.74306
1.72979
1.71883
1.71066
1.70683
1.70505
1.70125
1.69606
1.69075
1.68501
1.67725
1.66435
1.65264
1.64845
1.64543
1.64359
1.64273
1.63985
1.63525
1.62925
1.62065
1.61003
1.60197
1.59536
1.58928
1.58595
1.58435
1.58184
1.5768
1.56798
1.55765
1.54953
1.54263
1.53972
1.53821
1.53757
1.5386
1.5405
1.53921
1.53339
1.52299
1.51786
1.51629
1.515
1.51497
1.51822
1.51875
1.51664
1.5075
1.49443
1.49074
1.48961
1.48941
1.49101
1.4895
1.4876
1.48824
1.49156
1.49112
1.48681
1.48429
1.48401
1.48552
1.49087
1.49361
1.49305
1.49311
1.49795
1.50006
1.49897
1.49928
1.50212
1.50944
1.51486
1.51654
1.51943
1.52248
1.52164
1.51803
1.51742
1.52003
1.52536
1.53168
1.53924
1.54822
1.55289
1.55216
1.55154
1.55004
1.5449
1.53882
1.53573
1.53304
1.53131
1.53216
1.53639
1.54321
1.55294
1.55898
1.55761
1.55531
1.55347
1.55082
1.5465
1.54027
1.53171
1.52282
1.51808
1.51655
1.51601
1.51801
1.5256
1.52952
1.52865
1.52631
1.52233
1.51412
1.49813
1.48615
1.48396
1.48337
1.48337
1.48687
1.49294
1.49344
1.4915
1.48583
1.4758
1.46578
1.45839
1.45333
1.45072
1.44922
1.44784
1.44609
1.44324
1.43797
1.43315
1.43167
1.43097
1.43164
1.43192
1.42866
1.42617
1.42502
1.42434
1.42256
1.4139
1.89406
1.87694
1.85528
1.83479
1.81816
1.8025
1.78425
1.77591
1.7711
1.76222
1.75014
1.73605
1.71396
1.68846
1.6733
1.66031
1.64716
1.64199
1.63886
1.63144
1.62076
1.60818
1.58627
1.55867
1.54946
1.54336
1.53898
1.54079
1.54882
1.57766
1.62077
1.68209
1.7745
1.92384
2.08968
2.30095
2.52887
2.69101
2.90195
3.02584
3.08849
3.16201
3.17376
3.16027
3.15144
3.13831
3.13113
3.10461
3.06786
3.02649
2.9765
2.91107
2.85355
2.82779
2.81256
2.79948
2.78147
2.76111
2.73369
2.69169
2.65056
2.63492
2.62569
2.62137
2.62305
2.61966
2.60988
2.5988
2.58507
2.56714
2.55135
2.54077
2.53241
2.5251
2.51725
2.50805
2.49845
2.48829
2.4769
2.46364
2.44773
2.43092
2.41782
2.40717
2.39632
2.38427
2.37098
2.35673
2.34322
2.33215
2.32224
2.31243
2.3021
2.29054
2.27622
2.25811
2.2411
2.22881
2.21976
2.21198
2.20379
2.19414
2.18219
2.16708
2.14988
2.13934
2.13344
2.12737
2.11971
2.11085
2.10062
2.08776
2.07105
2.05581
2.04898
2.04327
2.03672
2.02928
2.02116
2.01236
2.00127
1.98627
1.96927
1.96031
1.95519
1.94977
1.94371
1.93707
1.9298
1.92051
1.90688
1.89232
1.88314
1.87715
1.87187
1.86638
1.86032
1.85423
1.84761
1.83774
1.82109
1.80651
1.79987
1.7937
1.78654
1.78182
1.77844
1.77413
1.76839
1.76139
1.75237
1.73923
1.72492
1.71279
1.70349
1.69926
1.6968
1.69333
1.68786
1.68105
1.67325
1.66286
1.6498
1.63499
1.6225
1.61846
1.61663
1.614
1.60951
1.60364
1.59699
1.58916
1.57956
1.56696
1.5583
1.55549
1.55408
1.55208
1.54857
1.54387
1.53638
1.52392
1.51443
1.50844
1.50436
1.50282
1.50247
1.50088
1.49729
1.49163
1.48347
1.47859
1.47825
1.47729
1.47323
1.47085
1.47043
1.46989
1.46832
1.46548
1.45873
1.45033
1.44757
1.44627
1.44388
1.44188
1.44161
1.44162
1.43978
1.43281
1.4305
1.42802
1.42367
1.42241
1.42255
1.42442
1.4245
1.42187
1.41848
1.41595
1.41519
1.41609
1.41816
1.42164
1.42708
1.42801
1.42626
1.4262
1.42788
1.42733
1.42487
1.4247
1.42648
1.42903
1.4318
1.4364
1.44426
1.44796
1.44725
1.44609
1.44397
1.4443
1.44466
1.44481
1.44559
1.44853
1.45186
1.45265
1.45268
1.45328
1.4547
1.45682
1.45989
1.46308
1.46331
1.46263
1.46184
1.45897
1.45048
1.44293
1.44118
1.44113
1.44346
1.45034
1.45618
1.45596
1.45421
1.45104
1.44514
1.43583
1.42435
1.41918
1.41839
1.41866
1.41898
1.4188
1.41837
1.41562
1.41281
1.41231
1.41164
1.40775
1.40069
1.39819
1.397
1.39593
1.3952
1.39036
1.98723
1.97756
1.95855
1.93544
1.90606
1.8818
1.87286
1.86714
1.85827
1.84817
1.83661
1.82018
1.79795
1.77381
1.75567
1.73692
1.72483
1.72086
1.71631
1.71024
1.7035
1.69391
1.68184
1.6776
1.69357
1.73441
1.81952
1.95765
2.12632
2.34148
2.53745
2.77473
2.95958
3.1021
3.27079
3.35574
3.40496
3.45804
3.47716
3.46241
3.42463
3.37467
3.32304
3.28176
3.2476
3.21457
3.18204
3.1454
3.10262
3.04402
2.98239
2.95441
2.93857
2.92985
2.91972
2.90302
2.88212
2.85198
2.8139
2.79381
2.78591
2.78156
2.77916
2.77348
2.76565
2.75614
2.74174
2.72042
2.6976
2.68542
2.6763
2.66582
2.65521
2.64495
2.63394
2.62111
2.60616
2.58991
2.57293
2.55613
2.54185
2.5305
2.52006
2.5091
2.49617
2.47772
2.45684
2.4462
2.43769
2.42897
2.41987
2.41004
2.39922
2.38676
2.37093
2.3488
2.3304
2.32047
2.31135
2.30261
2.2942
2.28521
2.27424
2.25973
2.24267
2.22875
2.22055
2.21348
2.20593
2.19726
2.18578
2.16908
2.15116
2.13929
2.12994
2.12252
2.11623
2.10953
2.10181
2.09249
2.08002
2.06324
2.04744
2.03533
2.02763
2.02201
2.01643
2.01029
2.00228
1.99059
1.97438
1.95909
1.94786
1.94198
1.93796
1.93291
1.92647
1.91924
1.91132
1.90086
1.88229
1.86282
1.85761
1.85417
1.84834
1.84255
1.83809
1.83328
1.82817
1.82201
1.8132
1.79924
1.78077
1.76635
1.75593
1.7501
1.74691
1.74414
1.74015
1.73546
1.73107
1.72634
1.71924
1.70578
1.6833
1.66871
1.66462
1.66175
1.65864
1.65472
1.65069
1.6471
1.64325
1.63666
1.62216
1.60295
1.59568
1.59221
1.58859
1.58423
1.57901
1.57303
1.56471
1.54911
1.5351
1.53125
1.52888
1.52718
1.52562
1.52288
1.519
1.51274
1.50226
1.48984
1.48076
1.47732
1.4755
1.47457
1.47332
1.47108
1.46604
1.45402
1.44095
1.4338
1.43021
1.42851
1.42835
1.42935
1.42874
1.42717
1.42505
1.4193
1.40963
1.40733
1.40703
1.40817
1.40857
1.4065
1.40243
1.39646
1.38878
1.38311
1.38164
1.38108
1.38129
1.38107
1.3784
1.37351
1.36916
1.36611
1.36302
1.35838
1.35482
1.3538
1.3533
1.35399
1.35688
1.35565
1.35328
1.35124
1.34767
1.34003
1.3342
1.33323
1.33286
1.33312
1.33619
1.3446
1.3548
1.35812
1.35753
1.35413
1.35191
1.35027
1.3488
1.34855
1.3499
1.35622
1.36086
1.36076
1.35792
1.35689
1.35812
1.36228
1.36637
1.37031
1.3759
1.37878
1.37812
1.37539
1.37412
1.37191
1.37055
1.37039
1.37017
1.37176
1.37597
1.38172
1.38513
1.38571
1.38364
1.37876
1.36827
1.36233
1.36165
1.35988
1.35837
1.35829
2.08798
2.07433
2.05648
2.02127
1.99385
1.98279
1.97123
1.95947
1.9432
1.93093
1.92267
1.90918
1.88883
1.85827
1.82961
1.82467
1.82714
1.83405
1.84776
1.88158
1.93969
2.02598
2.15151
2.3273
2.5664
2.78698
3.03788
3.3144
3.45008
3.57371
3.70228
3.73257
3.73864
3.73807
3.72529
3.71688
3.68789
3.64615
3.59572
3.53352
3.45938
3.39481
3.35808
3.33054
3.30399
3.27574
3.2448
3.20203
3.14291
3.10713
3.09238
3.08353
3.07961
3.06912
3.05508
3.03961
3.01465
2.97877
2.95844
2.94897
2.94404
2.94461
2.93572
2.92164
2.9073
2.88773
2.85815
2.83394
2.82123
2.81
2.79932
2.78871
2.77704
2.76407
2.74908
2.72977
2.70398
2.68375
2.6721
2.66112
2.65011
2.63898
2.62724
2.61414
2.59786
2.57456
2.55267
2.54297
2.53529
2.52741
2.51857
2.50895
2.49836
2.48605
2.46978
2.44648
2.42439
2.41266
2.40329
2.39362
2.38506
2.37671
2.36739
2.35546
2.33945
2.32154
2.30715
2.29753
2.28957
2.28145
2.27185
2.25752
2.23626
2.21994
2.21075
2.20155
2.19401
2.18813
2.18161
2.17354
2.16295
2.1475
2.12809
2.11308
2.10246
2.0955
2.09008
2.08443
2.07764
2.06767
2.05063
2.03105
2.01905
2.01212
2.00773
2.00331
1.99761
1.99136
1.98478
1.97647
1.96103
1.93771
1.9282
1.92501
1.9209
1.91498
1.90954
1.90595
1.90237
1.89739
1.88945
1.87684
1.85833
1.84256
1.83448
1.82794
1.82105
1.81561
1.81139
1.807
1.80196
1.79643
1.79018
1.78115
1.76638
1.74734
1.7299
1.72337
1.72052
1.71731
1.71321
1.70877
1.70477
1.70021
1.69278
1.67897
1.66148
1.65062
1.64526
1.64067
1.6355
1.62965
1.62266
1.61245
1.59966
1.58789
1.57831
1.57475
1.57288
1.57026
1.56643
1.56096
1.55261
1.53996
1.52428
1.51488
1.51081
1.50745
1.50482
1.50218
1.4984
1.49025
1.47367
1.45784
1.45213
1.4491
1.44682
1.4449
1.44303
1.44135
1.43901
1.4319
1.41426
1.40588
1.4052
1.40538
1.40561
1.40297
1.39796
1.39231
1.38513
1.37557
1.37058
1.36985
1.36919
1.36725
1.36396
1.35977
1.35562
1.35175
1.34741
1.34146
1.33556
1.33399
1.33345
1.33354
1.3325
1.3288
1.32475
1.3209
1.31535
1.30399
1.29372
1.29164
1.28967
1.28667
1.28562
1.28577
1.28844
1.28995
1.28973
1.28851
1.28454
1.27403
1.26503
1.26321
1.26319
1.26506
1.26662
1.26609
1.26497
1.26516
1.26472
1.26463
1.26724
1.2695
1.2698
1.26805
1.26558
1.26502
1.2655
1.26756
1.26689
1.26467
1.26458
1.26657
1.27512
1.28236
1.28443
1.28576
1.28603
1.2848
1.28004
1.27468
1.27327
1.27285
1.2734
1.27808
2.18823
2.16818
2.15085
2.12606
2.1004
2.08085
2.05756
2.04213
2.03941
2.03762
2.02641
2.01226
2.00614
2.01449
2.04972
2.12112
2.24554
2.43528
2.64638
2.88291
3.18679
3.39054
3.57461
3.81987
3.94665
4.02706
4.11242
4.13779
4.12313
4.08107
4.03526
3.98185
3.93419
3.89376
3.85173
3.81003
3.76173
3.7027
3.62804
3.55801
3.52169
3.49602
3.47483
3.45236
3.42583
3.39473
3.35515
3.31148
3.28753
3.27333
3.26439
3.26223
3.25394
3.23773
3.21917
3.19297
3.15746
3.13682
3.12454
3.11269
3.10341
3.09191
3.07751
3.06132
3.04083
3.01043
2.97702
2.95951
2.94773
2.93667
2.92479
2.91213
2.89882
2.88379
2.86433
2.83695
2.80798
2.79171
2.78115
2.77125
2.76125
2.75059
2.73879
2.72507
2.70711
2.68261
2.65621
2.64137
2.6327
2.62443
2.61674
2.60815
2.59823
2.58673
2.57165
2.54927
2.52263
2.50564
2.49529
2.48485
2.47573
2.46797
2.45936
2.44928
2.43629
2.41871
2.39857
2.38232
2.37207
2.36443
2.35661
2.34633
2.33138
2.31117
2.29276
2.28092
2.27101
2.26365
2.25727
2.25036
2.24249
2.23239
2.21688
2.19595
2.17978
2.16864
2.16116
2.15556
2.15006
2.14292
2.13122
2.11193
2.09162
2.08128
2.07503
2.06871
2.06208
2.0564
2.05068
2.04368
2.03238
2.01052
1.98983
1.9843
1.98034
1.97412
1.96756
1.96327
1.9586
1.95229
1.94379
1.93085
1.90978
1.89436
1.88782
1.88172
1.87479
1.86866
1.86256
1.85541
1.84726
1.83922
1.83199
1.8251
1.81562
1.80086
1.78161
1.76273
1.75621
1.75337
1.74967
1.74442
1.73951
1.73625
1.73246
1.72568
1.71136
1.69113
1.68111
1.67697
1.67275
1.66794
1.66328
1.65831
1.65006
1.6368
1.61992
1.6106
1.6082
1.60637
1.6035
1.59935
1.59384
1.58587
1.5731
1.55789
1.54756
1.54306
1.54109
1.53885
1.53525
1.5297
1.52119
1.50685
1.49056
1.48328
1.47988
1.47637
1.47313
1.47061
1.46716
1.46064
1.45001
1.43644
1.42781
1.42491
1.42211
1.41783
1.41163
1.40298
1.39354
1.38746
1.38357
1.38183
1.3809
1.37906
1.3756
1.37018
1.36263
1.35388
1.34515
1.33705
1.33017
1.32551
1.32378
1.32357
1.32235
1.3191
1.3151
1.31085
1.30508
1.29398
1.28425
1.28231
1.28057
1.27647
1.27392
1.27343
1.27327
1.27262
1.27115
1.26796
1.26332
1.25697
1.24907
1.24255
1.23886
1.23667
1.23593
1.23602
1.23574
1.23368
1.22984
1.22722
1.22553
1.22415
1.22134
1.21283
1.20446
1.20311
1.20273
1.2014
1.19718
1.19358
1.19325
1.19402
1.19527
1.19592
1.19403
1.18916
1.18862
1.18832
1.18617
1.18072
1.1787
1.17768
1.17592
1.17676
2.29858
2.28232
2.26188
2.23132
2.1975
2.19312
2.19479
2.21376
2.25417
2.30664
2.40168
2.55355
2.74491
3.01042
3.28203
3.52842
3.857
4.11892
4.22135
4.36558
4.46032
4.47906
4.49501
4.49372
4.47447
4.42928
4.37454
4.30561
4.23077
4.15612
4.08203
4.02511
3.98252
3.94046
3.89689
3.85464
3.80941
3.7525
3.69978
3.6751
3.65772
3.64366
3.62725
3.60914
3.58893
3.55875
3.51588
3.49031
3.47647
3.46388
3.45421
3.44026
3.42459
3.40665
3.38113
3.34309
3.31175
3.29516
3.28122
3.26786
3.2533
3.23777
3.22069
3.20005
3.17153
3.13798
3.11085
3.09256
3.07951
3.06755
3.05506
3.04188
3.02762
3.01049
2.98698
2.95469
2.92656
2.90939
2.89587
2.88486
2.87497
2.86499
2.85393
2.84115
2.82453
2.79998
2.769
2.74702
2.73368
2.7224
2.7135
2.70555
2.69683
2.68663
2.67353
2.65488
2.62829
2.60173
2.58652
2.57546
2.56477
2.55726
2.55004
2.54085
2.52969
2.51482
2.49353
2.46831
2.45227
2.44436
2.43692
2.42811
2.41776
2.40533
2.38753
2.36442
2.34586
2.33384
2.32688
2.32129
2.31501
2.30736
2.29704
2.28064
2.25781
2.23748
2.2249
2.21907
2.21456
2.209
2.20112
2.18819
2.16676
2.14569
2.13559
2.12876
2.1214
2.11483
2.10957
2.10352
2.09435
2.07799
2.05556
2.04177
2.03554
2.02866
2.02157
2.01716
2.01247
2.00602
1.99674
1.98049
1.95458
1.94212
1.93863
1.93419
1.92835
1.92266
1.9172
1.91093
1.90238
1.89054
1.87742
1.86826
1.86204
1.8546
1.84266
1.82196
1.80814
1.80467
1.80095
1.79531
1.78885
1.7833
1.77824
1.77226
1.76183
1.74176
1.72732
1.72356
1.72015
1.71589
1.71183
1.70775
1.70205
1.69217
1.67507
1.66192
1.65893
1.65673
1.65385
1.64983
1.64394
1.63545
1.6245
1.61109
1.59955
1.59423
1.59121
1.58778
1.58307
1.57646
1.56722
1.5531
1.53622
1.52715
1.52356
1.52052
1.51726
1.51415
1.51047
1.50483
1.4952
1.47989
1.46651
1.46118
1.45839
1.45534
1.45094
1.44574
1.43991
1.42975
1.41157
1.40251
1.40095
1.39894
1.39454
1.38932
1.3847
1.38051
1.37832
1.37636
1.37066
1.35683
1.34337
1.33701
1.3327
1.32814
1.32285
1.31669
1.30839
1.29657
1.29021
1.28882
1.28674
1.28318
1.27938
1.27661
1.27464
1.27259
1.26842
1.26046
1.25225
1.24572
1.23951
1.23429
1.23081
1.22772
1.22678
1.22642
1.22524
1.22277
1.21965
1.21665
1.21331
1.20863
1.20133
1.1925
1.18751
1.18576
1.18407
1.18118
1.17711
1.17357
1.17262
1.17229
1.17099
1.16824
1.16412
1.15704
1.1519
1.14983
1.14748
1.14358
1.13872
1.13377
1.1304
1.127
2.4455
2.44579
2.45641
2.50062
2.60124
2.74869
2.94704
3.22344
3.48337
3.79885
4.13509
4.32844
4.5442
4.78504
4.86947
4.941
4.99039
4.96923
4.93611
4.90535
4.86307
4.80604
4.74874
4.68607
4.62316
4.55579
4.48098
4.40329
4.33937
4.2814
4.22473
4.17489
4.13344
4.09014
4.04863
4.00705
3.9645
3.92292
3.89171
3.87257
3.8559
3.83876
3.81897
3.79843
3.77374
3.73896
3.70218
3.6791
3.66203
3.6461
3.63002
3.61298
3.59358
3.56906
3.53501
3.49619
3.47066
3.45224
3.43566
3.42048
3.4055
3.38957
3.37089
3.34588
3.31055
3.2743
3.25198
3.2357
3.21905
3.20458
3.19102
3.17632
3.16134
3.14379
3.11832
3.08408
3.05211
3.03084
3.01753
3.00424
2.99132
2.98058
2.96931
2.95664
2.94137
2.92065
2.89228
2.85935
2.83645
2.82302
2.81064
2.80083
2.79198
2.78236
2.77137
2.75688
2.7343
2.70297
2.67702
2.66294
2.65165
2.64173
2.6343
2.62619
2.61652
2.60447
2.58523
2.55416
2.52978
2.51933
2.51066
2.5012
2.49178
2.48264
2.47166
2.45416
2.42798
2.40521
2.39227
2.38549
2.3795
2.37271
2.36457
2.35319
2.33481
2.30912
2.28724
2.2788
2.27356
2.26804
2.26157
2.25237
2.23785
2.21615
2.19582
2.18454
2.17641
2.16848
2.16201
2.15609
2.14876
2.13718
2.11739
2.09717
2.08741
2.07975
2.07286
2.06875
2.06452
2.05787
2.04736
2.02763
1.99982
1.98971
1.98694
1.98383
1.97858
1.97151
1.96292
1.95093
1.93544
1.92507
1.92102
1.91685
1.91104
1.904
1.89369
1.87426
1.85055
1.8418
1.83919
1.83667
1.83282
1.82794
1.82303
1.81723
1.80796
1.79257
1.77396
1.75818
1.74981
1.74648
1.74404
1.74212
1.7391
1.73349
1.71991
1.69634
1.68519
1.68233
1.67948
1.67604
1.67309
1.66974
1.663
1.64881
1.63377
1.63009
1.62915
1.62977
1.63006
1.62725
1.62012
1.60537
1.58763
1.58241
1.58089
1.57905
1.5766
1.57363
1.57003
1.56453
1.55456
1.53645
1.52062
1.51695
1.51504
1.51256
1.50894
1.50364
1.49578
1.48311
1.4648
1.45292
1.44957
1.44761
1.44456
1.43549
1.41254
1.39577
1.39328
1.39241
1.39404
1.39374
1.3895
1.383
1.37662
1.36991
1.362
1.35279
1.34219
1.32932
1.31773
1.3141
1.31219
1.30981
1.30675
1.30351
1.30013
1.29561
1.28794
1.27498
1.25851
1.24731
1.23968
1.22994
1.22199
1.21992
1.21922
1.21858
1.21771
1.21672
1.21554
1.21419
1.21211
1.20715
1.19431
1.17994
1.17698
1.17675
1.17632
1.17442
1.17207
1.1704
1.16905
1.16754
1.16464
1.15855
1.15118
1.14608
1.14305
1.14052
1.13754
1.13343
1.12809
1.12253
1.1195
1.11648
3.23138
3.50089
3.75217
4.11269
4.48204
4.7187
5.02059
5.25887
5.336
5.43431
5.48903
5.46972
5.46913
5.42918
5.35738
5.28305
5.2017
5.1142
5.04563
4.97707
4.89678
4.83302
4.77421
4.70723
4.64965
4.59702
4.5442
4.50208
4.46887
4.43413
4.3987
4.365
4.3324
4.29684
4.25943
4.22464
4.18931
4.15808
4.13055
4.10326
4.07921
4.05522
4.02858
3.99978
3.96633
3.92822
3.89404
3.8661
3.84405
3.82429
3.80393
3.78344
3.75954
3.72795
3.68948
3.6513
3.62528
3.60731
3.58934
3.57269
3.55579
3.53698
3.51726
3.49078
3.45031
3.41338
3.38897
3.37082
3.35551
3.33765
3.32194
3.30674
3.28877
3.27051
3.24533
3.20631
3.17355
3.15165
3.13332
3.12028
3.10554
3.0902
3.07615
3.06073
3.04503
3.02657
3.00309
2.9755
2.94351
2.91897
2.90424
2.88985
2.87775
2.86725
2.85653
2.84425
2.82704
2.80097
2.76769
2.74196
2.72905
2.71866
2.70912
2.70068
2.6914
2.68057
2.66497
2.63578
2.59906
2.58352
2.57486
2.56523
2.55553
2.5465
2.53702
2.52435
2.50283
2.47352
2.4509
2.43991
2.43381
2.42759
2.42014
2.41031
2.39513
2.37089
2.34418
2.32966
2.32292
2.317
2.31072
2.30267
2.29065
2.27131
2.24645
2.22987
2.22043
2.21247
2.20577
2.19995
2.19267
2.17994
2.15812
2.13633
2.12481
2.11565
2.10898
2.10514
2.10017
2.09219
2.08063
2.06025
2.03129
2.02036
2.01741
2.01571
2.01303
2.00855
2.00397
1.99863
1.98956
1.97485
1.95082
1.92385
1.91058
1.90551
1.9016
1.89941
1.89748
1.8936
1.88311
1.86478
1.85034
1.84111
1.83276
1.8228
1.8086
1.79447
1.79071
1.78957
1.78784
1.78475
1.78046
1.77121
1.75152
1.74075
1.73824
1.73574
1.73185
1.72865
1.72544
1.72015
1.70643
1.67916
1.65916
1.65437
1.65279
1.65203
1.64968
1.64545
1.63769
1.62703
1.61612
1.60342
1.58663
1.57135
1.56511
1.56249
1.56009
1.55743
1.55413
1.54919
1.53997
1.52318
1.50757
1.50285
1.50054
1.49797
1.49476
1.49012
1.48268
1.47027
1.45172
1.43957
1.4372
1.43603
1.43554
1.43558
1.43281
1.42851
1.42287
1.41442
1.40396
1.39666
1.39259
1.38906
1.38498
1.38015
1.37433
1.36597
1.35486
1.33994
1.33049
1.32901
1.3286
1.3279
1.32541
1.3207
1.3137
1.30412
1.29235
1.27965
1.27124
1.26708
1.26323
1.25696
1.24616
1.23872
1.23728
1.23575
1.23426
1.23303
1.23166
1.22959
1.226
1.21921
1.20567
1.19192
1.18911
1.18818
1.18669
1.18445
1.18177
1.17917
1.17672
1.17408
1.1702
1.164
1.15732
1.15215
1.14818
1.14488
1.14149
1.13699
1.13104
1.12521
1.12232
1.11928
5.58223
5.75189
5.89535
6.07649
6.14027
6.15925
6.16748
6.1364
6.07694
6.01206
5.9452
5.87584
5.79342
5.69624
5.59768
5.49854
5.39962
5.30931
5.22757
5.14847
5.07441
5.01152
4.94568
4.88169
4.82154
4.76878
4.71718
4.68178
4.65232
4.62401
4.59712
4.56833
4.53692
4.5018
4.46625
4.43139
4.4015
4.37168
4.34362
4.31686
4.28934
4.26286
4.23278
4.19869
4.16284
4.12104
4.08541
4.05826
4.03079
4.00779
3.98453
3.95965
3.93379
3.89736
3.85032
3.81456
3.78479
3.76289
3.74613
3.72593
3.7066
3.68542
3.66066
3.63234
3.58951
3.54528
3.52309
3.50312
3.48456
3.46647
3.44586
3.42791
3.40616
3.38186
3.35584
3.31639
3.28214
3.26377
3.24337
3.22504
3.20776
3.18669
3.16827
3.14828
3.12714
3.10763
3.08464
3.06181
3.03852
3.01173
2.98905
2.96781
2.94846
2.93449
2.92057
2.90755
2.89322
2.87425
2.85061
2.82107
2.79319
2.77681
2.7641
2.7535
2.74413
2.73482
2.72413
2.70597
2.67038
2.63381
2.61912
2.61006
2.60103
2.59207
2.5831
2.57365
2.56039
2.53699
2.50447
2.48061
2.47242
2.46621
2.459
2.45009
2.43791
2.41889
2.39048
2.36724
2.35984
2.35444
2.34819
2.3408
2.33199
2.31983
2.29881
2.27034
2.25028
2.24066
2.23454
2.22924
2.22419
2.21742
2.20411
2.18052
2.15794
2.147
2.14266
2.13863
2.13292
2.12381
2.10843
2.08414
2.05882
2.04932
2.04599
2.04239
2.03735
2.03122
2.02151
2.00182
1.97447
1.96522
1.9637
1.96206
1.95957
1.9543
1.94169
1.92093
1.91135
1.90815
1.90564
1.90127
1.8946
1.88725
1.87905
1.86985
1.8596
1.84764
1.82979
1.80563
1.78997
1.78233
1.77745
1.7739
1.77075
1.76705
1.75724
1.73316
1.71692
1.71397
1.71262
1.71232
1.71265
1.70908
1.70072
1.68437
1.66262
1.65495
1.65235
1.64964
1.6471
1.64411
1.64004
1.63305
1.61827
1.5934
1.57804
1.57306
1.56956
1.56616
1.56249
1.55766
1.54937
1.5347
1.51884
1.51295
1.51086
1.5085
1.50536
1.50104
1.49466
1.4845
1.46694
1.45324
1.45053
1.44896
1.44737
1.44611
1.44594
1.44817
1.44571
1.43898
1.4326
1.4276
1.42347
1.41933
1.41478
1.40985
1.40389
1.39429
1.38218
1.37146
1.36781
1.36715
1.36711
1.36644
1.364
1.35912
1.35024
1.33658
1.32738
1.32387
1.32117
1.31802
1.3137
1.30629
1.29369
1.2843
1.28243
1.28102
1.27878
1.2763
1.27391
1.27081
1.2657
1.25637
1.24247
1.23061
1.22538
1.22297
1.22088
1.21818
1.21452
1.21033
1.20592
1.20117
1.19613
1.1911
1.18586
1.18038
1.17578
1.17222
1.1686
1.16373
1.15688
1.14954
1.14643
1.14335
6.75015
6.7016
6.64497
6.5716
6.47694
6.37817
6.29048
6.20812
6.1095
6.01498
5.95638
5.88972
5.80942
5.75006
5.69217
5.62457
5.56046
5.50394
5.44669
5.39043
5.34012
5.29157
5.23766
5.17913
5.12072
5.06564
5.01179
4.96278
4.9181
4.88001
4.8428
4.80542
4.76532
4.72112
4.67867
4.6323
4.5931
4.55843
4.52232
4.49233
4.46117
4.43042
4.39851
4.35881
4.31895
4.27612
4.23459
4.20683
4.17791
4.14997
4.12558
4.09802
4.0706
4.03467
3.98348
3.94378
3.91376
3.88637
3.86782
3.8466
3.82433
3.80285
3.7752
3.74384
3.70199
3.64972
3.62676
3.61138
3.59176
3.57229
3.55012
3.52968
3.50549
3.47272
3.44137
3.40233
3.36652
3.35215
3.33585
3.31613
3.29671
3.27218
3.24937
3.22586
3.199
3.17665
3.1525
3.12702
3.10566
3.0821
3.05988
3.03867
3.01711
3.0013
2.98439
2.96553
2.94761
2.92548
2.90188
2.88054
2.85853
2.83986
2.82327
2.80715
2.79431
2.78234
2.77019
2.75312
2.72262
2.68655
2.6667
2.65547
2.64524
2.63455
2.62341
2.61256
2.59935
2.57801
2.54774
2.51996
2.50864
2.5023
2.49504
2.486
2.47407
2.45488
2.42238
2.39722
2.3894
2.38337
2.37588
2.36708
2.35693
2.34288
2.32077
2.29689
2.28285
2.27453
2.26757
2.26061
2.25145
2.23433
2.20991
2.19145
2.18157
2.17745
2.17414
2.16953
2.1622
2.14977
2.12847
2.10616
2.09687
2.09082
2.08373
2.07653
2.07022
2.06397
2.05497
2.03725
2.00412
1.97774
1.97241
1.97027
1.96909
1.96632
1.96159
1.95509
1.94847
1.939
1.91916
1.88983
1.87174
1.8633
1.85614
1.84872
1.83997
1.82742
1.81511
1.80874
1.80393
1.80009
1.79695
1.79319
1.78691
1.77691
1.76273
1.74557
1.73308
1.72686
1.72296
1.71888
1.71292
1.70501
1.69519
1.68066
1.66483
1.65761
1.65416
1.65045
1.64571
1.64073
1.63631
1.63209
1.62911
1.62619
1.6206
1.6145
1.61029
1.607
1.6035
1.59879
1.59135
1.57849
1.56267
1.55603
1.5534
1.55038
1.54632
1.54061
1.5323
1.51929
1.50064
1.48616
1.48068
1.47733
1.47434
1.47122
1.46622
1.45458
1.43359
1.41833
1.41304
1.4098
1.40648
1.40261
1.3976
1.39047
1.37939
1.36629
1.35618
1.35151
1.35003
1.3496
1.34943
1.34829
1.34589
1.34206
1.33508
1.32331
1.31472
1.31083
1.30754
1.30372
1.29821
1.28838
1.27599
1.27171
1.27056
1.26896
1.26659
1.26407
1.26129
1.25734
1.25033
1.23842
1.22554
1.21779
1.21438
1.21211
1.20973
1.20657
1.20255
1.19821
1.19364
1.18877
1.18409
1.17946
1.17406
1.16828
1.16337
1.15903
1.154
1.14669
1.13897
1.13616
1.13586
1.13404
7.40034
7.21692
7.01166
6.82164
6.65195
6.49874
6.36367
6.24312
6.13457
6.04822
5.97685
5.90627
5.84739
5.805
5.7588
5.71103
5.66667
5.62056
5.57117
5.52371
5.47973
5.44317
5.40376
5.35935
5.31292
5.26052
5.20618
5.14832
5.09079
5.04485
5.00122
4.96123
4.92107
4.87554
4.83001
4.77519
4.7175
4.67217
4.62863
4.59586
4.56557
4.53111
4.49666
4.45263
4.40647
4.36381
4.31937
4.28815
4.25729
4.22292
4.19457
4.16264
4.13122
4.09945
4.06156
4.02798
3.99055
3.94918
3.92379
3.89977
3.87806
3.85862
3.8323
3.8011
3.75734
3.70084
3.67822
3.66484
3.64636
3.62866
3.60803
3.58552
3.55522
3.50878
3.47027
3.4381
3.41583
3.40509
3.38994
3.37089
3.34996
3.31958
3.28924
3.26075
3.23299
3.21217
3.18817
3.16221
3.14226
3.12
3.0993
3.08115
3.06173
3.04333
3.0212
2.99576
2.97346
2.95142
2.93446
2.92037
2.90374
2.88505
2.85969
2.83596
2.82326
2.81197
2.79907
2.78281
2.75997
2.7317
2.70481
2.68669
2.67596
2.66549
2.65517
2.64581
2.63341
2.61407
2.58523
2.55437
2.54197
2.53534
2.52748
2.51816
2.50564
2.48305
2.45056
2.43126
2.42294
2.4158
2.40793
2.39943
2.38989
2.37591
2.3519
2.32518
2.31068
2.30244
2.29547
2.28823
2.27885
2.26439
2.24114
2.21655
2.20876
2.20451
2.19949
2.1932
2.1844
2.1702
2.14799
2.12373
2.11086
2.10439
2.09779
2.09124
2.08536
2.07926
2.07051
2.05231
2.01941
1.99944
1.99379
1.98808
1.98214
1.97763
1.97279
1.96724
1.96109
1.95004
1.92753
1.90114
1.888
1.88072
1.87411
1.86903
1.86393
1.85664
1.84588
1.83111
1.81915
1.81496
1.81175
1.80775
1.802
1.79336
1.77787
1.75686
1.7466
1.74144
1.73586
1.72987
1.72391
1.71779
1.70954
1.69388
1.67193
1.66379
1.66114
1.65845
1.65521
1.65223
1.64918
1.64363
1.63298
1.61943
1.6084
1.60403
1.60134
1.59822
1.59444
1.5894
1.58168
1.56853
1.55397
1.54826
1.54536
1.54239
1.5388
1.53379
1.5265
1.51557
1.50103
1.48982
1.48474
1.48152
1.47859
1.47513
1.46923
1.45687
1.43786
1.42526
1.42042
1.41731
1.41443
1.41108
1.40608
1.39734
1.38358
1.36935
1.36076
1.35807
1.35664
1.3561
1.35554
1.35393
1.35159
1.34833
1.34181
1.3297
1.32122
1.31759
1.31431
1.31011
1.30375
1.29295
1.28255
1.28016
1.27901
1.27706
1.27452
1.27188
1.26875
1.26416
1.25623
1.24373
1.23175
1.22569
1.22266
1.22022
1.21748
1.21385
1.20948
1.20536
1.20141
1.19677
1.19168
1.18651
1.18079
1.17492
1.16968
1.16472
1.15862
1.14977
1.14355
1.14271
1.14262
1.14133
7.21194
7.11538
7.0275
6.95859
6.88845
6.80889
6.72304
6.63308
6.54058
6.44279
6.35024
6.27167
6.20679
6.14825
6.09159
6.03566
5.97772
5.91508
5.84828
5.78542
5.72689
5.67985
5.63644
5.59302
5.55005
5.49965
5.44524
5.38257
5.31632
5.26715
5.22209
5.18292
5.1463
5.10477
5.0613
5.00367
4.9379
4.88619
4.83964
4.80546
4.77223
4.73345
4.69674
4.65135
4.60239
4.55395
4.50043
4.46447
4.43142
4.39419
4.36317
4.32657
4.29011
4.25731
4.21887
4.18168
4.13876
4.09019
4.06131
4.03659
4.01461
3.99315
3.96299
3.92891
3.88407
3.82859
3.80396
3.78672
3.76568
3.74689
3.72453
3.69913
3.66179
3.60261
3.56752
3.54787
3.53076
3.51794
3.49937
3.47684
3.4517
3.41663
3.38099
3.34671
3.31657
3.29757
3.27658
3.25426
3.23529
3.21302
3.19186
3.17256
3.15181
3.12882
3.0983
3.06619
3.04537
3.03097
3.02103
3.00917
2.99261
2.96968
2.93448
2.90489
2.89214
2.88141
2.86958
2.85646
2.83985
2.81646
2.78239
2.75321
2.7415
2.73209
2.72356
2.71542
2.70345
2.68582
2.65819
2.62446
2.60868
2.60038
2.59102
2.5808
2.56752
2.54512
2.51612
2.49603
2.48468
2.47645
2.46867
2.46084
2.4518
2.43707
2.41078
2.38165
2.36626
2.35895
2.35308
2.3457
2.33542
2.31964
2.29099
2.26752
2.2614
2.25626
2.24965
2.24194
2.23192
2.21644
2.19349
2.16802
2.15288
2.14662
2.14094
2.13512
2.12912
2.12183
2.11112
2.09121
2.06049
2.04239
2.0351
2.02749
2.0221
2.01878
2.01523
2.01137
2.00606
1.99331
1.96774
1.94704
1.93881
1.93254
1.92787
1.92418
1.91846
1.90843
1.89343
1.87073
1.85406
1.85009
1.84666
1.8417
1.83537
1.82559
1.80733
1.79157
1.78651
1.78201
1.77588
1.76951
1.76361
1.75708
1.74773
1.73134
1.7089
1.70043
1.69795
1.69554
1.69243
1.68907
1.68467
1.67581
1.66014
1.64049
1.6288
1.62612
1.62403
1.62077
1.61641
1.61094
1.60287
1.58894
1.57595
1.57104
1.56759
1.56407
1.56028
1.55534
1.5479
1.53664
1.52476
1.51691
1.51233
1.50906
1.50594
1.50203
1.49559
1.48267
1.46609
1.45693
1.45241
1.44976
1.44738
1.44388
1.43752
1.42655
1.41075
1.39641
1.39228
1.39056
1.38924
1.3886
1.38743
1.38555
1.38316
1.3798
1.37272
1.36017
1.3522
1.34869
1.34482
1.33921
1.3313
1.32085
1.31415
1.31224
1.31033
1.30741
1.30422
1.30109
1.29735
1.29195
1.28301
1.27008
1.26066
1.25684
1.25423
1.25128
1.24743
1.2426
1.23775
1.23386
1.23056
1.22671
1.22152
1.21535
1.20876
1.2023
1.19623
1.19005
1.18203
1.17334
1.17087
1.17057
1.17104
1.17017
6.92369
6.85121
6.782
6.72278
6.69699
6.66811
6.62353
6.56836
6.50336
6.42209
6.33088
6.24816
6.17831
6.11347
6.0521
5.99015
5.92191
5.84695
5.7681
5.69427
5.62669
5.57044
5.52298
5.48016
5.44009
5.39155
5.3364
5.27194
5.20424
5.15779
5.11666
5.07762
5.0409
5.00381
4.96598
4.91357
4.85003
4.79401
4.7467
4.71698
4.6866
4.64795
4.60732
4.56147
4.51486
4.46811
4.41643
4.37468
4.33764
4.30269
4.27453
4.23929
4.19969
4.16104
4.12068
4.08476
4.04496
3.99965
3.96696
3.9395
3.91874
3.89884
3.86827
3.8319
3.78483
3.73135
3.70958
3.69279
3.67136
3.65003
3.62716
3.6029
3.56595
3.5107
3.47653
3.45415
3.43916
3.42932
3.41164
3.38734
3.35917
3.32437
3.29099
3.25968
3.23107
3.20996
3.18907
3.17085
3.15443
3.13324
3.11095
3.08985
3.06896
3.04507
3.01409
2.98445
2.96588
2.95366
2.94471
2.9334
2.91676
2.89113
2.85345
2.82692
2.81581
2.80555
2.79396
2.7813
2.76593
2.74329
2.70963
2.68127
2.6678
2.6583
2.65143
2.64438
2.63312
2.61603
2.58858
2.55572
2.54113
2.53306
2.52352
2.51269
2.49906
2.47822
2.45126
2.43147
2.41989
2.41121
2.40366
2.39665
2.38834
2.37399
2.34851
2.32003
2.30478
2.29827
2.293
2.28575
2.27518
2.25796
2.22862
2.20898
2.20368
2.19856
2.19187
2.18402
2.17417
2.15908
2.13567
2.11246
2.09884
2.09154
2.08562
2.0807
2.07561
2.06855
2.05708
2.03585
2.00526
1.9888
1.98284
1.97693
1.97199
1.96827
1.96458
1.96093
1.9555
1.94189
1.91639
1.89687
1.88888
1.88363
1.88
1.87655
1.8706
1.86072
1.84551
1.82205
1.80818
1.80461
1.8004
1.79434
1.7874
1.77764
1.76162
1.74857
1.74306
1.738
1.73199
1.72614
1.72064
1.71435
1.70505
1.68925
1.66821
1.65915
1.65626
1.65346
1.65045
1.64782
1.64398
1.63516
1.61885
1.59833
1.58995
1.58822
1.58625
1.58277
1.57816
1.57268
1.56452
1.55003
1.5389
1.53495
1.53135
1.52725
1.52289
1.51768
1.50985
1.49791
1.48707
1.48061
1.47626
1.47281
1.4695
1.46528
1.45801
1.44425
1.42913
1.42091
1.41657
1.41476
1.41317
1.41006
1.40361
1.39247
1.37607
1.36351
1.36069
1.35921
1.358
1.35726
1.35585
1.35392
1.35151
1.34781
1.33985
1.32744
1.32118
1.31819
1.31406
1.30794
1.29986
1.29013
1.28473
1.28314
1.28119
1.27807
1.2746
1.27121
1.26739
1.26194
1.25231
1.24
1.23292
1.2297
1.22704
1.22393
1.2198
1.21472
1.20982
1.20611
1.20333
1.20007
1.19498
1.18839
1.18165
1.17559
1.17007
1.16384
1.15483
1.14697
1.14554
1.14535
1.14628
1.14566
)
;

boundaryField
{
    inlet
    {
        type            calculated;
        value           nonuniform 0();
    }
    outlet
    {
        type            calculated;
        value           nonuniform List<scalar> 
16
(
1.39046
1.39339
1.3985
1.41479
1.39128
1.35897
1.27851
1.17745
1.12784
1.11729
1.12016
1.14411
1.13465
1.14183
1.17063
1.14602
)
;
    }
    bottom
    {
        type            symmetryPlane;
    }
    top
    {
        type            symmetryPlane;
    }
    obstacle
    {
        type            calculated;
        value           nonuniform 0();
    }
    defaultFaces
    {
        type            empty;
    }
    procBoundary3to1
    {
        type            processor;
        value           nonuniform List<scalar> 
288
(
1.46849
1.4556
1.44089
1.4216
1.39998
1.39076
1.38457
1.37804
1.37319
1.3651
1.35515
1.34688
1.33484
1.31955
1.30175
1.28549
1.28035
1.27819
1.27419
1.2672
1.26113
1.25344
1.23912
1.22628
1.21751
1.20886
1.20289
1.19838
1.19295
1.18517
1.17476
1.16434
1.15464
1.14714
1.14017
1.13298
1.12841
1.12493
1.12122
1.11664
1.10901
1.09273
1.07235
1.06629
1.06464
1.06138
1.05726
1.05528
1.05355
1.05015
1.04297
1.03469
1.03466
1.0408
1.06074
1.09943
1.15488
1.24708
1.34536
1.45606
1.62606
1.74575
1.85483
2.01568
2.08028
2.11949
2.17044
2.18053
2.17798
2.16956
2.15536
2.14749
2.13861
2.1155
2.09034
2.06192
2.02467
1.99439
1.98117
1.96852
1.94971
1.92128
1.89797
1.88984
1.88319
1.87689
1.87013
1.86076
1.85035
1.84539
1.84234
1.84076
1.83858
1.83549
1.82955
1.82249
1.81945
1.81754
1.81665
1.81734
1.82093
1.82268
1.82084
1.81742
1.81346
1.80984
1.80689
1.80455
1.80228
1.801
1.80148
1.80007
1.79487
1.78843
1.77964
1.76721
1.76106
1.75777
1.75548
1.75646
1.76319
1.76247
1.7601
1.75919
1.75893
1.76015
1.76346
1.76955
1.77615
1.78332
1.79311
1.79852
1.79783
1.79664
1.79863
1.80223
1.80414
1.80639
1.81151
1.81913
1.83071
1.84635
1.85534
1.85521
1.85542
1.85508
1.85126
1.84966
1.85227
1.85568
1.85826
1.86107
1.86646
1.87699
1.88081
1.87622
1.87195
1.86794
1.86111
1.85338
1.84865
1.8444
1.83986
1.8375
1.83683
1.83986
1.84804
1.84832
1.84637
1.8452
1.84194
1.83453
1.82916
1.82764
1.82449
1.81852
1.81555
1.81463
1.8112
1.80544
1.80022
1.79559
1.79312
1.7907
1.78629
1.77888
1.77088
1.76603
1.7614
1.75618
1.74991
1.74185
1.73169
1.72652
1.72392
1.71953
1.71592
1.71523
1.71615
1.71405
1.70971
1.70553
1.70137
1.69699
1.69192
1.68625
1.68145
1.6774
1.67357
1.66893
1.66297
1.65338
1.64201
1.63836
1.63573
1.63156
1.62505
1.62035
1.61881
1.61726
1.61458
1.60822
1.59812
1.59427
1.59323
1.59026
1.58523
1.58299
1.58275
1.58322
1.58177
1.57916
1.57588
1.57141
1.56517
1.55755
1.5543
1.55175
1.54517
1.53704
1.5351
1.53536
1.5355
1.53333
1.52875
1.52319
1.51773
1.51392
1.51048
1.50564
1.49692
1.48922
1.48413
1.47974
1.4774
1.4761
1.47432
1.47227
1.47102
1.46934
1.46574
1.4582
1.44556
1.43866
1.43743
1.43657
1.43585
1.43558
1.43678
1.43924
1.43898
1.43655
1.43369
1.43134
1.42817
1.42355
1.41591
1.40163
1.38578
1.38061
1.37923
1.37851
1.378
1.37758
1.37816
1.3823
1.38402
1.37896
)
;
    }
    procBoundary3to2
    {
        type            processor;
        value           nonuniform List<scalar> 
16
(
1.56437
1.64635
1.73021
1.81723
1.90571
1.99257
2.10185
2.20663
2.31733
2.45559
3.01932
5.21141
6.77107
7.55355
7.30528
6.98878
)
;
    }
}


// ************************************************************************* //
