/*--------------------------------*- C++ -*----------------------------------*\
  =========                 |
  \\      /  F ield         | OpenFOAM: The Open Source CFD Toolbox
   \\    /   O peration     | Website:  https://openfoam.org
    \\  /    A nd           | Version:  7
     \\/     M anipulation  |
\*---------------------------------------------------------------------------*/
FoamFile
{
    version     2.0;
    format      ascii;
    class       volVectorField;
    location    "1.7";
    object      U;
}
// * * * * * * * * * * * * * * * * * * * * * * * * * * * * * * * * * * * * * //

dimensions      [0 1 -1 0 0 0 0];

internalField   nonuniform List<vector> 
1008
(
(3.75369 -0.00232707 0)
(3.75466 0.00454193 0)
(3.76363 0.0102402 0)
(3.77049 0.0114187 0)
(3.78145 0.0104623 0)
(3.79432 0.00724762 0)
(3.79995 0.00642471 0)
(3.80417 0.00669519 0)
(3.79812 0.00797869 0)
(3.79059 0.00901745 0)
(3.79372 0.00909827 0)
(3.79769 0.00896426 0)
(3.80249 0.00908141 0)
(3.81021 0.00993732 0)
(3.81402 0.0103141 0)
(3.81599 0.00900337 0)
(3.81814 0.00587116 0)
(3.82059 0.0046548 0)
(3.83033 0.0113136 0)
(3.83132 0.010246 0)
(3.8088 -0.0135151 0)
(3.63583 -0.164091 0)
(3.12448 -0.33879 0)
(2.50022 -0.564971 0)
(2.04228 -0.326043 0)
(2.01668 -0.162287 0)
(2.22404 -0.0540847 0)
(2.3458 -0.0138955 0)
(2.37846 -0.0139257 0)
(2.41968 -0.0097506 0)
(2.46684 -0.00141818 0)
(2.51058 0.00836064 0)
(2.55179 0.0110202 0)
(2.59519 0.00967292 0)
(2.64381 0.0045635 0)
(2.68411 0.00213368 0)
(2.72129 0.00231617 0)
(2.74974 0.00436866 0)
(2.7656 0.00907387 0)
(2.78439 0.0137882 0)
(2.81628 0.0153418 0)
(2.85156 0.0162467 0)
(2.89377 0.0168918 0)
(2.94251 0.0142386 0)
(2.98156 0.00626542 0)
(3.01488 -0.00137158 0)
(3.04799 -0.00631609 0)
(3.06938 -0.00701639 0)
(3.06337 0.000549019 0)
(3.05192 0.013746 0)
(3.05962 0.0225599 0)
(3.08089 0.0243993 0)
(3.10544 0.0249545 0)
(3.14087 0.0247847 0)
(3.19817 0.0206718 0)
(3.23977 0.00800417 0)
(3.26752 -0.00164603 0)
(3.29896 -0.00739402 0)
(3.31896 -0.00941257 0)
(3.30758 -0.00298081 0)
(3.28854 0.0109193 0)
(3.29605 0.0213572 0)
(3.33019 0.022045 0)
(3.78126 -0.00462838 0)
(3.78328 -0.000575006 0)
(3.78866 0.0123651 0)
(3.80144 0.0250158 0)
(3.81047 0.0281887 0)
(3.81737 0.0243998 0)
(3.82243 0.0151107 0)
(3.82402 0.0112275 0)
(3.81919 0.00878864 0)
(3.80989 0.00914821 0)
(3.81118 0.0106542 0)
(3.81665 0.0115095 0)
(3.82191 0.0119759 0)
(3.82734 0.0128287 0)
(3.83149 0.0134783 0)
(3.83697 0.0133199 0)
(3.84273 0.0106096 0)
(3.84711 0.0174981 0)
(3.84589 0.0209512 0)
(3.82843 -0.0117879 0)
(3.62924 -0.280758 0)
(3.40186 -0.656032 0)
(3.08363 -1.01771 0)
(2.89669 -0.872799 0)
(2.4156 -0.36198 0)
(2.15679 -0.0202766 0)
(2.24853 0.0472989 0)
(2.33445 0.0147798 0)
(2.38466 -0.0110803 0)
(2.43731 -0.00502426 0)
(2.48463 0.00914792 0)
(2.52488 0.0311263 0)
(2.56825 0.0422455 0)
(2.60858 0.0405448 0)
(2.65103 0.0244714 0)
(2.69332 0.0031922 0)
(2.73032 -0.00777344 0)
(2.76579 -0.0112176 0)
(2.79564 -0.00375763 0)
(2.81834 0.0182864 0)
(2.83812 0.0428962 0)
(2.86594 0.0556632 0)
(2.89848 0.0582398 0)
(2.93732 0.0509232 0)
(2.97599 0.0367865 0)
(3.01131 0.020002 0)
(3.04168 -0.0026065 0)
(3.06489 -0.0272273 0)
(3.07878 -0.0341249 0)
(3.08755 -0.0148917 0)
(3.09414 0.0178675 0)
(3.10427 0.047618 0)
(3.12488 0.0614775 0)
(3.15034 0.066702 0)
(3.19053 0.0595912 0)
(3.22957 0.042756 0)
(3.26141 0.0259545 0)
(3.28729 0.00490575 0)
(3.30657 -0.0205153 0)
(3.31497 -0.035588 0)
(3.31869 -0.0220471 0)
(3.32328 0.00666774 0)
(3.34975 0.0401565 0)
(3.83757 0.00226252 0)
(3.84014 0.00512464 0)
(3.84408 0.0119267 0)
(3.85562 0.0247689 0)
(3.86523 0.0273578 0)
(3.86945 0.0258352 0)
(3.87096 0.0229093 0)
(3.86872 0.0221178 0)
(3.8614 0.020667 0)
(3.8558 0.0170811 0)
(3.85864 0.019314 0)
(3.8647 0.0243375 0)
(3.87043 0.0318826 0)
(3.87387 0.0385368 0)
(3.87706 0.0408666 0)
(3.88158 0.0374808 0)
(3.88592 0.0435108 0)
(3.8864 0.0303369 0)
(3.86494 -0.00902314 0)
(3.71741 -0.228275 0)
(3.23972 -0.798833 0)
(3.08601 -0.974223 0)
(3.10526 -1.04828 0)
(3.12387 -1.04232 0)
(3.04004 -0.871138 0)
(2.74961 -0.466856 0)
(2.48811 -0.158897 0)
(2.43121 -0.0484575 0)
(2.46376 0.00580584 0)
(2.52321 0.0010229 0)
(2.55237 -0.0090395 0)
(2.57885 0.00102277 0)
(2.61813 0.0240705 0)
(2.65566 0.0366734 0)
(2.69116 0.0373437 0)
(2.72468 0.0283536 0)
(2.7621 0.0106863 0)
(2.79959 -0.00144672 0)
(2.83494 -0.00385749 0)
(2.86904 0.00319777 0)
(2.89789 0.0272108 0)
(2.9166 0.0589782 0)
(2.92968 0.0793375 0)
(2.95481 0.0789424 0)
(2.98549 0.0685377 0)
(3.01438 0.0499452 0)
(3.03918 0.0263298 0)
(3.06622 0.00504105 0)
(3.09634 -0.00875632 0)
(3.12327 -0.0106221 0)
(3.14793 0.00531665 0)
(3.16389 0.0397118 0)
(3.16898 0.0739354 0)
(3.17948 0.0899556 0)
(3.20469 0.0874502 0)
(3.23065 0.0715887 0)
(3.25439 0.0486351 0)
(3.27554 0.0256424 0)
(3.29664 0.00487928 0)
(3.32084 -0.00829941 0)
(3.34438 -0.0114907 0)
(3.36768 0.00624859 0)
(3.39389 0.0474835 0)
(3.90141 0.0130541 0)
(3.90087 0.0146399 0)
(3.90721 0.0172019 0)
(3.91709 0.0220505 0)
(3.92389 0.0306001 0)
(3.92441 0.0374159 0)
(3.92152 0.0411941 0)
(3.91663 0.0390825 0)
(3.91149 0.035401 0)
(3.91194 0.0357219 0)
(3.91766 0.0337039 0)
(3.92481 0.0341312 0)
(3.93021 0.0361955 0)
(3.93507 0.0408459 0)
(3.9401 0.042978 0)
(3.94135 0.0492334 0)
(3.93312 0.0247656 0)
(3.90674 -0.0264305 0)
(3.76277 -0.241589 0)
(3.36612 -0.704206 0)
(3.06855 -1.0933 0)
(3.04691 -1.06639 0)
(3.11905 -1.01215 0)
(3.16675 -1.00151 0)
(3.19148 -1.00024 0)
(3.14351 -0.913509 0)
(2.90424 -0.603439 0)
(2.67141 -0.259514 0)
(2.59683 -0.0573068 0)
(2.61153 0.0192636 0)
(2.62625 0.0446022 0)
(2.65444 0.0473332 0)
(2.68507 0.0442136 0)
(2.71563 0.0584421 0)
(2.74322 0.0588335 0)
(2.77544 0.0483834 0)
(2.80867 0.0347161 0)
(2.84901 0.025135 0)
(2.88632 0.0224959 0)
(2.9214 0.0229335 0)
(2.95553 0.025573 0)
(2.98217 0.0364877 0)
(2.99288 0.0587509 0)
(2.99569 0.0771777 0)
(3.01019 0.0762451 0)
(3.03251 0.064832 0)
(3.05847 0.0537989 0)
(3.08628 0.0489996 0)
(3.11916 0.0423377 0)
(3.15799 0.0378974 0)
(3.18971 0.0381794 0)
(3.21615 0.0419563 0)
(3.23545 0.0576191 0)
(3.23829 0.083154 0)
(3.233 0.0972168 0)
(3.24018 0.0872213 0)
(3.2567 0.067951 0)
(3.27817 0.0499467 0)
(3.30255 0.0425442 0)
(3.32924 0.0378205 0)
(3.36615 0.0326067 0)
(3.39364 0.0383597 0)
(3.4354 0.0479012 0)
(3.942 0.048664 0)
(3.94585 0.0457849 0)
(3.9523 0.0392097 0)
(3.96044 0.0363599 0)
(3.96742 0.0384515 0)
(3.96605 0.0398707 0)
(3.95674 0.0376442 0)
(3.9522 0.0346569 0)
(3.95441 0.0352296 0)
(3.95782 0.0372376 0)
(3.96421 0.0412959 0)
(3.97412 0.0514368 0)
(3.97705 0.0572286 0)
(3.98182 0.0606575 0)
(3.98476 0.0692235 0)
(3.98232 0.0441627 0)
(3.94876 -0.0239779 0)
(3.72581 -0.337497 0)
(3.39122 -0.717421 0)
(3.19153 -0.940368 0)
(3.0963 -1.08162 0)
(3.08474 -1.08705 0)
(3.11163 -1.05679 0)
(3.16286 -1.00841 0)
(3.19665 -0.992365 0)
(3.22041 -0.989422 0)
(3.20529 -0.939247 0)
(3.07079 -0.723752 0)
(2.84628 -0.359005 0)
(2.77904 -0.117797 0)
(2.72309 -0.00112604 0)
(2.72608 0.0406978 0)
(2.74214 0.0571612 0)
(2.7692 0.0696831 0)
(2.78725 0.0750383 0)
(2.8182 0.0695228 0)
(2.8535 0.0599859 0)
(2.89302 0.0469604 0)
(2.93273 0.0392128 0)
(2.96798 0.0367121 0)
(2.99926 0.0360597 0)
(3.02954 0.0374345 0)
(3.04803 0.0448985 0)
(3.0481 0.0614622 0)
(3.04599 0.0781611 0)
(3.06419 0.0832074 0)
(3.09204 0.0836782 0)
(3.11957 0.0824679 0)
(3.15179 0.0796039 0)
(3.18978 0.0757748 0)
(3.22333 0.0719458 0)
(3.25013 0.070628 0)
(3.27595 0.0696683 0)
(3.29012 0.0688549 0)
(3.27806 0.0715756 0)
(3.26298 0.0738768 0)
(3.27435 0.07104 0)
(3.29826 0.0703141 0)
(3.32062 0.0711809 0)
(3.3487 0.071522 0)
(3.38729 0.0682782 0)
(3.41803 0.0714636 0)
(3.45863 0.0747685 0)
(3.95865 0.0621276 0)
(3.96968 0.0617531 0)
(3.973 0.0598382 0)
(3.97924 0.0571908 0)
(3.98462 0.0536927 0)
(3.98224 0.0497266 0)
(3.97012 0.0458305 0)
(3.97595 0.0449032 0)
(3.98204 0.0450602 0)
(3.98698 0.0442584 0)
(3.99418 0.045541 0)
(4.00273 0.0529232 0)
(4.00866 0.0641294 0)
(4.00963 0.0694702 0)
(4.00562 0.0591459 0)
(3.96165 -0.0257059 0)
(3.71559 -0.382757 0)
(3.28352 -0.881398 0)
(3.16306 -0.92232 0)
(3.14311 -0.995702 0)
(3.14233 -1.03263 0)
(3.13541 -1.0541 0)
(3.14204 -1.04122 0)
(3.17786 -0.999538 0)
(3.20927 -0.964962 0)
(3.23276 -0.95592 0)
(3.25089 -0.957911 0)
(3.25024 -0.933271 0)
(3.18104 -0.795863 0)
(3.04103 -0.493784 0)
(2.87986 -0.181756 0)
(2.84417 -0.046811 0)
(2.81621 0.0171849 0)
(2.81414 0.0688544 0)
(2.82788 0.0907485 0)
(2.84652 0.0967078 0)
(2.87349 0.0966872 0)
(2.90968 0.0912114 0)
(2.94711 0.0862218 0)
(2.98963 0.0732584 0)
(3.02117 0.0591712 0)
(3.04894 0.0496769 0)
(3.07035 0.042937 0)
(3.08394 0.0499155 0)
(3.09126 0.0742267 0)
(3.09597 0.105691 0)
(3.1127 0.125355 0)
(3.13966 0.131084 0)
(3.16803 0.133234 0)
(3.20354 0.128674 0)
(3.23719 0.113751 0)
(3.26616 0.0968235 0)
(3.2915 0.0793658 0)
(3.30692 0.0608023 0)
(3.30738 0.052735 0)
(3.29877 0.0651405 0)
(3.29814 0.0915444 0)
(3.31406 0.11154 0)
(3.33655 0.119917 0)
(3.36222 0.126118 0)
(3.39954 0.125851 0)
(3.4241 0.109526 0)
(3.46722 0.103236 0)
(3.97905 0.0523136 0)
(3.9905 0.0570121 0)
(3.99186 0.0567134 0)
(3.9921 0.0550194 0)
(3.98865 0.0555624 0)
(3.98212 0.0585389 0)
(3.97787 0.0585093 0)
(3.98882 0.0580861 0)
(3.99777 0.0579529 0)
(4.00336 0.0583084 0)
(4.00839 0.0618003 0)
(4.01494 0.0699952 0)
(4.0204 0.0768654 0)
(4.01913 0.0708791 0)
(3.96277 -0.0160409 0)
(3.70601 -0.374193 0)
(3.22052 -0.914893 0)
(3.08217 -1.03223 0)
(3.09534 -0.992983 0)
(3.1264 -0.983411 0)
(3.15905 -0.989872 0)
(3.17814 -1.01055 0)
(3.17873 -1.01336 0)
(3.1909 -0.980462 0)
(3.21485 -0.939259 0)
(3.23997 -0.920295 0)
(3.25561 -0.925132 0)
(3.26873 -0.923918 0)
(3.29379 -0.919017 0)
(3.27789 -0.855059 0)
(3.17702 -0.642733 0)
(3.05664 -0.35312 0)
(2.93511 -0.120721 0)
(2.89829 0.00262466 0)
(2.89389 0.065023 0)
(2.8995 0.0976512 0)
(2.9086 0.118791 0)
(2.91832 0.126203 0)
(2.95152 0.120114 0)
(2.98894 0.109903 0)
(3.02228 0.0988749 0)
(3.05427 0.0841589 0)
(3.07813 0.0744891 0)
(3.10148 0.0708589 0)
(3.122 0.0784824 0)
(3.1399 0.103588 0)
(3.15213 0.137215 0)
(3.16165 0.16037 0)
(3.18092 0.162973 0)
(3.20694 0.154055 0)
(3.23459 0.142931 0)
(3.26127 0.126154 0)
(3.28513 0.101587 0)
(3.30387 0.0775541 0)
(3.31898 0.0645224 0)
(3.33245 0.0704608 0)
(3.34448 0.0931603 0)
(3.35304 0.124755 0)
(3.361 0.152888 0)
(3.37763 0.164074 0)
(3.40112 0.160602 0)
(3.42452 0.152522 0)
(3.45463 0.129529 0)
(4.01524 0.0304973 0)
(4.01845 0.056864 0)
(4.01518 0.0615906 0)
(4.00398 0.06575 0)
(3.99306 0.0639665 0)
(3.98194 0.0621177 0)
(3.98551 0.0658044 0)
(3.99619 0.0695023 0)
(4.00301 0.0726486 0)
(4.01233 0.077246 0)
(4.01793 0.080669 0)
(4.02526 0.0872634 0)
(4.02109 0.0761359 0)
(3.95402 -0.0261894 0)
(3.63689 -0.416885 0)
(3.25389 -0.80863 0)
(3.06215 -1.05531 0)
(3.03538 -1.05734 0)
(3.06097 -1.02893 0)
(3.11558 -0.987494 0)
(3.15488 -0.970015 0)
(3.18704 -0.97507 0)
(3.20748 -0.982004 0)
(3.21814 -0.967907 0)
(3.23205 -0.931217 0)
(3.25231 -0.902899 0)
(3.27361 -0.895247 0)
(3.28539 -0.892754 0)
(3.3091 -0.889963 0)
(3.33299 -0.889841 0)
(3.34454 -0.863031 0)
(3.31325 -0.75972 0)
(3.20227 -0.526663 0)
(3.05966 -0.225302 0)
(3.02562 -0.0642653 0)
(2.98157 0.0406899 0)
(2.96296 0.107953 0)
(2.96137 0.128352 0)
(2.96895 0.140268 0)
(2.99081 0.147171 0)
(3.02128 0.143674 0)
(3.05065 0.13194 0)
(3.08364 0.12045 0)
(3.1145 0.114935 0)
(3.13981 0.113669 0)
(3.16755 0.116559 0)
(3.19277 0.129054 0)
(3.20691 0.150658 0)
(3.2108 0.170549 0)
(3.21796 0.17638 0)
(3.23413 0.169021 0)
(3.25406 0.155141 0)
(3.27697 0.139851 0)
(3.30056 0.126109 0)
(3.32939 0.11239 0)
(3.35326 0.10632 0)
(3.37708 0.108155 0)
(3.39838 0.119472 0)
(3.40864 0.141802 0)
(3.40555 0.167795 0)
(3.40506 0.178114 0)
(3.41175 0.171438 0)
(3.43751 0.147017 0)
(4.09289 -0.0940184 0)
(4.06213 -0.0202554 0)
(4.02886 0.0554017 0)
(4.01215 0.0657059 0)
(3.99788 0.0640609 0)
(3.99379 0.0633959 0)
(3.99285 0.0725034 0)
(3.99444 0.0769908 0)
(4.00503 0.0862354 0)
(4.01803 0.0948579 0)
(4.02539 0.0970677 0)
(4.02088 0.0804833 0)
(3.93278 -0.0553654 0)
(3.5416 -0.533344 0)
(3.21758 -0.830372 0)
(3.08778 -0.969961 0)
(3.05833 -1.03292 0)
(3.0508 -1.05026 0)
(3.07703 -1.02673 0)
(3.12028 -0.98741 0)
(3.16843 -0.958307 0)
(3.19874 -0.954683 0)
(3.22478 -0.959315 0)
(3.24096 -0.949487 0)
(3.25048 -0.921069 0)
(3.26694 -0.89577 0)
(3.28662 -0.879161 0)
(3.30366 -0.86577 0)
(3.32163 -0.856325 0)
(3.35294 -0.854244 0)
(3.37071 -0.852486 0)
(3.39135 -0.845398 0)
(3.39701 -0.803186 0)
(3.35118 -0.672429 0)
(3.23793 -0.405342 0)
(3.12824 -0.154854 0)
(3.09301 -0.00648001 0)
(3.04329 0.0731419 0)
(3.02826 0.123375 0)
(3.02684 0.163452 0)
(3.0384 0.174366 0)
(3.06718 0.174466 0)
(3.0979 0.171505 0)
(3.13167 0.163473 0)
(3.16497 0.152252 0)
(3.19095 0.141472 0)
(3.21628 0.135339 0)
(3.23927 0.135065 0)
(3.25479 0.148309 0)
(3.26086 0.173088 0)
(3.25975 0.192994 0)
(3.268 0.19582 0)
(3.28911 0.191873 0)
(3.31186 0.1843 0)
(3.34447 0.168913 0)
(3.37849 0.150471 0)
(3.40011 0.141535 0)
(3.42388 0.140246 0)
(3.44554 0.142914 0)
(3.45044 0.158827 0)
(3.43489 0.183212 0)
(3.42038 0.195021 0)
(3.4387 0.182796 0)
(4.13428 -0.228507 0)
(4.10392 -0.150053 0)
(4.07971 -0.0850626 0)
(4.07829 -0.0723912 0)
(4.04336 -0.0214312 0)
(4.00618 0.0403025 0)
(4.00279 0.0881867 0)
(4.004 0.0944869 0)
(4.0135 0.10613 0)
(4.03046 0.117192 0)
(4.02618 0.0962103 0)
(3.92324 -0.058684 0)
(3.44884 -0.604082 0)
(3.14607 -0.896732 0)
(3.05383 -0.981813 0)
(3.0625 -1.00294 0)
(3.07761 -1.0247 0)
(3.08721 -1.0241 0)
(3.10981 -0.998114 0)
(3.1476 -0.964 0)
(3.18377 -0.930807 0)
(3.2106 -0.930546 0)
(3.23337 -0.938803 0)
(3.25139 -0.932671 0)
(3.27262 -0.915429 0)
(3.29435 -0.898645 0)
(3.31713 -0.883548 0)
(3.33364 -0.863582 0)
(3.34091 -0.839193 0)
(3.35712 -0.82502 0)
(3.38435 -0.816785 0)
(3.4132 -0.818226 0)
(3.43455 -0.814371 0)
(3.46682 -0.80237 0)
(3.46747 -0.743369 0)
(3.41133 -0.596166 0)
(3.28808 -0.322556 0)
(3.20699 -0.115307 0)
(3.15396 0.0185064 0)
(3.10561 0.10765 0)
(3.10336 0.177134 0)
(3.11103 0.202024 0)
(3.13024 0.208508 0)
(3.15434 0.207984 0)
(3.17947 0.202999 0)
(3.21184 0.190126 0)
(3.24361 0.165899 0)
(3.2664 0.149559 0)
(3.28849 0.146036 0)
(3.30756 0.154438 0)
(3.31819 0.178168 0)
(3.31825 0.21051 0)
(3.31891 0.2288 0)
(3.33663 0.22949 0)
(3.35911 0.223215 0)
(3.38963 0.204028 0)
(3.42468 0.179951 0)
(3.44612 0.161853 0)
(3.4661 0.149528 0)
(3.47929 0.144575 0)
(3.47963 0.155596 0)
(3.46377 0.187183 0)
(3.46308 0.212024 0)
(4.15808 -0.298508 0)
(4.15419 -0.278145 0)
(4.14593 -0.239594 0)
(4.13014 -0.190574 0)
(4.09249 -0.12085 0)
(4.09169 -0.103978 0)
(4.06028 -0.0135501 0)
(4.04083 0.0481626 0)
(4.05768 0.126098 0)
(4.05338 0.117734 0)
(3.91196 -0.0633909 0)
(3.49488 -0.532228 0)
(3.06449 -0.999085 0)
(3.00212 -1.03587 0)
(3.05005 -1.00955 0)
(3.08282 -0.999753 0)
(3.12425 -0.983049 0)
(3.13987 -0.9731 0)
(3.14073 -0.957167 0)
(3.15736 -0.931835 0)
(3.18607 -0.913496 0)
(3.21209 -0.91632 0)
(3.24021 -0.921427 0)
(3.2677 -0.924667 0)
(3.29962 -0.912548 0)
(3.3299 -0.892449 0)
(3.35422 -0.880839 0)
(3.37334 -0.871188 0)
(3.38341 -0.852152 0)
(3.39368 -0.827923 0)
(3.41693 -0.80707 0)
(3.44544 -0.789871 0)
(3.47599 -0.777459 0)
(3.50264 -0.779608 0)
(3.5309 -0.780253 0)
(3.55204 -0.762249 0)
(3.5382 -0.693617 0)
(3.47392 -0.528075 0)
(3.36465 -0.286429 0)
(3.27531 -0.084605 0)
(3.24223 0.0623474 0)
(3.20711 0.153837 0)
(3.19716 0.218433 0)
(3.19475 0.245543 0)
(3.20969 0.240193 0)
(3.23775 0.230408 0)
(3.26679 0.215052 0)
(3.30069 0.198112 0)
(3.32645 0.181441 0)
(3.34707 0.176247 0)
(3.36835 0.1842 0)
(3.38218 0.206984 0)
(3.3814 0.23859 0)
(3.37469 0.25657 0)
(3.38935 0.252321 0)
(3.41023 0.244741 0)
(3.43194 0.229746 0)
(3.45613 0.209606 0)
(3.47947 0.190302 0)
(3.4993 0.176403 0)
(3.51446 0.168305 0)
(3.52091 0.182352 0)
(3.51867 0.222326 0)
(4.16721 -0.318026 0)
(4.18113 -0.308965 0)
(4.17454 -0.274456 0)
(4.17093 -0.260725 0)
(4.1583 -0.243653 0)
(4.14148 -0.196129 0)
(4.11508 -0.107787 0)
(4.1085 -0.0656361 0)
(4.10008 0.012727 0)
(3.98013 -0.120057 0)
(3.4429 -0.635234 0)
(3.17365 -0.927134 0)
(3.05306 -1.07094 0)
(3.02381 -1.0614 0)
(3.04967 -1.03592 0)
(3.08616 -0.98891 0)
(3.13062 -0.941171 0)
(3.14729 -0.928558 0)
(3.158 -0.924709 0)
(3.16946 -0.909875 0)
(3.18862 -0.896769 0)
(3.22105 -0.894467 0)
(3.25267 -0.899083 0)
(3.28698 -0.895779 0)
(3.32997 -0.883502 0)
(3.3696 -0.868203 0)
(3.3964 -0.861527 0)
(3.41901 -0.862596 0)
(3.43674 -0.860679 0)
(3.45149 -0.851102 0)
(3.47249 -0.833221 0)
(3.49728 -0.80215 0)
(3.52723 -0.764842 0)
(3.54769 -0.747429 0)
(3.57171 -0.746042 0)
(3.59194 -0.749272 0)
(3.61247 -0.747872 0)
(3.63163 -0.726146 0)
(3.62124 -0.648392 0)
(3.55165 -0.472629 0)
(3.4585 -0.240462 0)
(3.39056 -0.048701 0)
(3.3424 0.103636 0)
(3.30227 0.194256 0)
(3.2805 0.248218 0)
(3.27983 0.253399 0)
(3.30335 0.256051 0)
(3.33441 0.253084 0)
(3.36506 0.241716 0)
(3.39358 0.22435 0)
(3.41755 0.21069 0)
(3.43672 0.209722 0)
(3.44779 0.2273 0)
(3.44023 0.258206 0)
(3.43097 0.273106 0)
(3.44424 0.263266 0)
(3.4682 0.247875 0)
(3.49032 0.234222 0)
(3.50944 0.226048 0)
(3.52872 0.221462 0)
(3.5471 0.217836 0)
(3.56507 0.221208 0)
(3.58358 0.23823 0)
(4.15133 -0.235487 0)
(4.16201 -0.227717 0)
(4.15974 -0.235456 0)
(4.15813 -0.24198 0)
(4.1679 -0.250769 0)
(4.17438 -0.243602 0)
(4.17024 -0.223902 0)
(4.16126 -0.190869 0)
(4.07118 -0.274494 0)
(3.45838 -0.869958 0)
(3.14059 -1.05298 0)
(3.10178 -1.1845 0)
(3.05763 -1.14966 0)
(3.05782 -1.10863 0)
(3.08382 -1.059 0)
(3.09793 -0.992317 0)
(3.12763 -0.936061 0)
(3.14586 -0.920417 0)
(3.17032 -0.913535 0)
(3.19422 -0.899083 0)
(3.21663 -0.879946 0)
(3.25059 -0.870396 0)
(3.28599 -0.869699 0)
(3.32797 -0.863093 0)
(3.36494 -0.852768 0)
(3.406 -0.850261 0)
(3.43695 -0.849423 0)
(3.4616 -0.855581 0)
(3.48438 -0.858972 0)
(3.50858 -0.852855 0)
(3.53449 -0.835844 0)
(3.56249 -0.810364 0)
(3.58748 -0.774198 0)
(3.5978 -0.734211 0)
(3.60318 -0.715133 0)
(3.62464 -0.718202 0)
(3.64708 -0.722285 0)
(3.66871 -0.719865 0)
(3.70937 -0.716273 0)
(3.73765 -0.684232 0)
(3.72394 -0.599916 0)
(3.65121 -0.422035 0)
(3.57892 -0.214425 0)
(3.48707 -0.00406756 0)
(3.44918 0.12757 0)
(3.38857 0.197799 0)
(3.36805 0.270174 0)
(3.37678 0.288124 0)
(3.41038 0.293482 0)
(3.44964 0.290648 0)
(3.47308 0.282104 0)
(3.49352 0.259034 0)
(3.50876 0.245656 0)
(3.50956 0.252658 0)
(3.49454 0.269836 0)
(3.49328 0.278625 0)
(3.5107 0.277333 0)
(3.53192 0.271592 0)
(3.5527 0.265109 0)
(3.57302 0.263186 0)
(3.59205 0.263536 0)
(3.61025 0.266381 0)
(3.64113 0.271932 0)
(4.14827 -0.206177 0)
(4.15934 -0.199965 0)
(4.15513 -0.211009 0)
(4.16338 -0.249319 0)
(4.17183 -0.262457 0)
(4.19342 -0.256172 0)
(4.19008 -0.254324 0)
(4.09507 -0.387242 0)
(3.65876 -0.880723 0)
(3.05551 -1.33495 0)
(2.98756 -1.34172 0)
(3.0368 -1.2753 0)
(3.08551 -1.20656 0)
(3.12748 -1.15804 0)
(3.15081 -1.11736 0)
(3.15536 -1.07328 0)
(3.16756 -1.02795 0)
(3.19801 -0.98216 0)
(3.21642 -0.953695 0)
(3.22965 -0.922692 0)
(3.26668 -0.897207 0)
(3.29693 -0.867986 0)
(3.3367 -0.845861 0)
(3.37672 -0.830319 0)
(3.41477 -0.832091 0)
(3.44536 -0.833578 0)
(3.47113 -0.829049 0)
(3.49786 -0.823994 0)
(3.52831 -0.820103 0)
(3.56497 -0.815463 0)
(3.59824 -0.811837 0)
(3.62285 -0.804077 0)
(3.64994 -0.788667 0)
(3.67369 -0.760556 0)
(3.67979 -0.722548 0)
(3.6851 -0.696184 0)
(3.70637 -0.691897 0)
(3.72993 -0.692105 0)
(3.75373 -0.684957 0)
(3.79372 -0.685953 0)
(3.8325 -0.676535 0)
(3.84242 -0.641989 0)
(3.82298 -0.564783 0)
(3.75836 -0.404371 0)
(3.68364 -0.19581 0)
(3.62652 -0.0306442 0)
(3.51648 0.160539 0)
(3.49383 0.23979 0)
(3.49305 0.291052 0)
(3.51794 0.306325 0)
(3.53644 0.320204 0)
(3.54879 0.320176 0)
(3.56842 0.312617 0)
(3.5765 0.300825 0)
(3.5705 0.291698 0)
(3.5657 0.285301 0)
(3.57066 0.291756 0)
(3.59039 0.300149 0)
(3.61003 0.302857 0)
(3.62946 0.303706 0)
(3.64962 0.301405 0)
(3.66554 0.298626 0)
(3.69527 0.299632 0)
(4.11002 -0.0731231 0)
(4.11259 -0.0530774 0)
(4.12607 -0.0810842 0)
(4.14083 -0.141878 0)
(4.13605 -0.148362 0)
(4.16829 -0.191644 0)
(4.08603 -0.3471 0)
(3.67812 -0.875309 0)
(3.05013 -1.33202 0)
(2.96652 -1.4127 0)
(2.99896 -1.38139 0)
(3.06477 -1.32175 0)
(3.13796 -1.28189 0)
(3.18919 -1.25825 0)
(3.22939 -1.24168 0)
(3.24375 -1.20656 0)
(3.24877 -1.16127 0)
(3.26699 -1.10923 0)
(3.29754 -1.08115 0)
(3.31443 -1.02014 0)
(3.35309 -0.96199 0)
(3.37623 -0.906088 0)
(3.41605 -0.868441 0)
(3.45243 -0.840353 0)
(3.46803 -0.827813 0)
(3.48475 -0.822716 0)
(3.50183 -0.81377 0)
(3.53377 -0.799824 0)
(3.5698 -0.789485 0)
(3.6122 -0.784515 0)
(3.66425 -0.7817 0)
(3.68526 -0.781079 0)
(3.71036 -0.779637 0)
(3.73921 -0.769561 0)
(3.76077 -0.745528 0)
(3.76698 -0.707487 0)
(3.77849 -0.680779 0)
(3.79986 -0.667017 0)
(3.82581 -0.662242 0)
(3.85067 -0.66057 0)
(3.8752 -0.650637 0)
(3.89855 -0.650992 0)
(3.92236 -0.645366 0)
(3.93098 -0.618001 0)
(3.91234 -0.539823 0)
(3.87452 -0.402372 0)
(3.78877 -0.184718 0)
(3.71588 0.0164993 0)
(3.67585 0.145292 0)
(3.6374 0.260231 0)
(3.62517 0.309029 0)
(3.63657 0.31525 0)
(3.64638 0.333322 0)
(3.6464 0.349596 0)
(3.64754 0.350431 0)
(3.64847 0.340434 0)
(3.64539 0.344192 0)
(3.65459 0.342728 0)
(3.67867 0.330952 0)
(3.69828 0.332962 0)
(3.71619 0.334621 0)
(3.73056 0.328936 0)
(3.75424 0.325773 0)
(4.08968 -0.00295444 0)
(4.09287 0.0130902 0)
(4.12192 -0.0388753 0)
(4.12267 -0.0599453 0)
(4.13 -0.138125 0)
(4.06009 -0.289869 0)
(3.6103 -0.862986 0)
(3.13255 -1.24575 0)
(2.97116 -1.38566 0)
(3.01506 -1.37087 0)
(3.06369 -1.33372 0)
(3.1142 -1.27967 0)
(3.16614 -1.281 0)
(3.21417 -1.28141 0)
(3.2556 -1.28235 0)
(3.2921 -1.27027 0)
(3.33106 -1.24566 0)
(3.35678 -1.22451 0)
(3.37735 -1.20041 0)
(3.39631 -1.14908 0)
(3.4288 -1.10245 0)
(3.47761 -1.06093 0)
(3.52666 -0.99888 0)
(3.55257 -0.932987 0)
(3.55541 -0.878285 0)
(3.56905 -0.833814 0)
(3.5923 -0.81022 0)
(3.61122 -0.793217 0)
(3.63643 -0.777469 0)
(3.66783 -0.768368 0)
(3.70693 -0.771708 0)
(3.73643 -0.762445 0)
(3.77041 -0.753305 0)
(3.80175 -0.745124 0)
(3.83144 -0.72652 0)
(3.84488 -0.702369 0)
(3.85408 -0.684782 0)
(3.86837 -0.669601 0)
(3.8893 -0.6451 0)
(3.91522 -0.633555 0)
(3.93452 -0.625322 0)
(3.96029 -0.620318 0)
(3.98118 -0.619467 0)
(4.00033 -0.625293 0)
(4.0096 -0.605017 0)
(4.01363 -0.583559 0)
(4.00149 -0.497759 0)
(3.9795 -0.353571 0)
(3.938 -0.202716 0)
(3.84094 0.0311038 0)
(3.80157 0.155369 0)
(3.80037 0.211964 0)
(3.74357 0.281163 0)
(3.741 0.321603 0)
(3.74687 0.355246 0)
(3.7437 0.378238 0)
(3.73761 0.394693 0)
(3.73534 0.400788 0)
(3.74183 0.400555 0)
(3.75674 0.394928 0)
(3.77797 0.384732 0)
(3.8019 0.360938 0)
(3.82243 0.350264 0)
)
;

boundaryField
{
    inlet
    {
        type            fixedValue;
        value           nonuniform 0();
    }
    outlet
    {
        type            inletOutlet;
        inletValue      uniform (5 0 0);
        value           nonuniform List<vector> 
16
(
(3.33019 0.022045 0)
(3.34975 0.0401565 0)
(3.39389 0.0474835 0)
(3.4354 0.0479012 0)
(3.45863 0.0747685 0)
(3.46722 0.103236 0)
(3.45463 0.129529 0)
(3.43751 0.147017 0)
(3.4387 0.182796 0)
(3.46308 0.212024 0)
(3.51867 0.222326 0)
(3.58358 0.23823 0)
(3.64113 0.271932 0)
(3.69527 0.299632 0)
(3.75424 0.325773 0)
(3.82243 0.350264 0)
)
;
    }
    bottom
    {
        type            symmetryPlane;
    }
    top
    {
        type            symmetryPlane;
    }
    obstacle
    {
        type            slip;
    }
    defaultFaces
    {
        type            empty;
    }
    procBoundary1to0
    {
        type            processor;
        value           nonuniform List<vector> 
14
(
(3.7604 -0.00296371 0)
(3.78512 0.000857968 0)
(3.8423 0.00183769 0)
(3.90569 0.00759662 0)
(3.93573 0.0485079 0)
(3.94841 0.0463855 0)
(3.96537 0.0397104 0)
(4.00424 0.00184213 0)
(4.07792 -0.128891 0)
(4.14706 -0.281492 0)
(4.15078 -0.293999 0)
(4.16462 -0.303972 0)
(4.13836 -0.205049 0)
(4.13045 -0.151397 0)
)
;
    }
    procBoundary1to2
    {
        type            processor;
        value           nonuniform List<vector> 2((4.09445 -0.0561173 0) (4.06601 0.0310296 0));
    }
    procBoundary1to3
    {
        type            processor;
        value           nonuniform List<vector> 
63
(
(4.04787 0.119225 0)
(4.06542 0.107471 0)
(4.06492 0.0983881 0)
(4.09654 0.00913816 0)
(4.03741 -0.133911 0)
(3.53468 -0.775404 0)
(3.12096 -1.15889 0)
(2.94998 -1.30807 0)
(3.00678 -1.30617 0)
(3.08518 -1.28017 0)
(3.12609 -1.24543 0)
(3.16558 -1.23607 0)
(3.21172 -1.2436 0)
(3.25854 -1.25117 0)
(3.30388 -1.25703 0)
(3.35385 -1.25607 0)
(3.39258 -1.24381 0)
(3.43598 -1.23898 0)
(3.46121 -1.2292 0)
(3.50125 -1.2055 0)
(3.51997 -1.18801 0)
(3.55257 -1.16501 0)
(3.58815 -1.12717 0)
(3.6038 -1.08318 0)
(3.62723 -1.03193 0)
(3.65889 -0.983018 0)
(3.68538 -0.93543 0)
(3.70093 -0.874615 0)
(3.72457 -0.817986 0)
(3.75425 -0.791091 0)
(3.79389 -0.772277 0)
(3.83565 -0.758008 0)
(3.8599 -0.748282 0)
(3.86269 -0.744801 0)
(3.87888 -0.72838 0)
(3.90574 -0.687797 0)
(3.92337 -0.66509 0)
(3.94414 -0.651619 0)
(3.95757 -0.630028 0)
(3.97749 -0.612668 0)
(3.99646 -0.608092 0)
(4.01696 -0.606105 0)
(4.03677 -0.603993 0)
(4.0659 -0.597863 0)
(4.08913 -0.583711 0)
(4.09897 -0.576665 0)
(4.1135 -0.557932 0)
(4.12113 -0.532088 0)
(4.10643 -0.444707 0)
(4.0888 -0.353073 0)
(4.04015 -0.216651 0)
(3.99574 -0.0546281 0)
(3.91338 0.152689 0)
(3.91504 0.19277 0)
(3.90185 0.263053 0)
(3.8535 0.325181 0)
(3.84896 0.381649 0)
(3.84211 0.423908 0)
(3.82841 0.449898 0)
(3.82422 0.460548 0)
(3.83338 0.455536 0)
(3.8568 0.434922 0)
(3.8812 0.408344 0)
)
;
    }
}


// ************************************************************************* //
