/*--------------------------------*- C++ -*----------------------------------*\
  =========                 |
  \\      /  F ield         | OpenFOAM: The Open Source CFD Toolbox
   \\    /   O peration     | Website:  https://openfoam.org
    \\  /    A nd           | Version:  7
     \\/     M anipulation  |
\*---------------------------------------------------------------------------*/
FoamFile
{
    version     2.0;
    format      ascii;
    class       volVectorField;
    location    "3.9";
    object      U;
}
// * * * * * * * * * * * * * * * * * * * * * * * * * * * * * * * * * * * * * //

dimensions      [0 1 -1 0 0 0 0];

internalField   nonuniform List<vector> 
1008
(
(5 -2.3324e-10 0)
(5 -2.07366e-10 0)
(5.0001 0.000126347 0)
(5.06784 0.0673181 0)
(3.85952 1.3369 0)
(2.61582 1.74832 0)
(5 7.03282e-17 0)
(5 6.55174e-16 0)
(5 2.51659e-16 0)
(5 -8.28672e-16 0)
(5 -2.92756e-16 0)
(5 -6.65038e-17 0)
(5 -9.33339e-16 0)
(5 -1.31293e-15 0)
(5 -1.97844e-15 0)
(5 -1.28688e-15 0)
(5 -8.67962e-16 0)
(5 -8.35358e-16 0)
(5 2.41772e-15 0)
(5 4.53762e-15 0)
(5 3.20048e-15 0)
(5 -1.37154e-17 0)
(5 1.17853e-15 0)
(5 2.97673e-15 0)
(5 -5.36912e-13 0)
(5 -3.35015e-11 0)
(5 2.22575e-08 0)
(5.0015 0.00174326 0)
(4.98901 0.280673 0)
(3.50402 1.46422 0)
(5 2.91246e-16 0)
(5 8.41415e-16 0)
(5 1.03618e-16 0)
(5 -2.2715e-16 0)
(5 -2.30129e-16 0)
(5 7.40178e-16 0)
(5 7.34359e-16 0)
(5 7.29809e-16 0)
(5 5.48639e-16 0)
(5 3.37294e-16 0)
(5 3.14542e-16 0)
(5 -2.66246e-16 0)
(5 3.28507e-16 0)
(5 2.6523e-15 0)
(5 4.0687e-15 0)
(5 5.22789e-15 0)
(5 4.36079e-15 0)
(5 3.22543e-15 0)
(5 2.05368e-15 0)
(5 -1.39051e-12 0)
(5 2.53435e-14 0)
(5 1.64973e-06 0)
(5.00566 0.00961042 0)
(4.75823 0.532325 0)
(5 7.11818e-17 0)
(5 -4.55287e-19 0)
(5 6.61938e-16 0)
(5 1.48703e-15 0)
(5 1.1328e-15 0)
(5 1.1359e-15 0)
(5 1.33515e-15 0)
(5 1.66858e-15 0)
(5 2.85806e-15 0)
(5 2.77791e-15 0)
(5 2.03485e-15 0)
(5 1.2419e-15 0)
(5 3.41932e-16 0)
(5 4.22873e-16 0)
(5 2.10122e-15 0)
(5 2.33739e-15 0)
(5 2.7159e-15 0)
(5 3.63921e-15 0)
(5 4.22488e-15 0)
(5 -6.39557e-15 0)
(5 -1.13418e-14 0)
(5 1.61106e-10 0)
(5.00001 3.90838e-05 0)
(5.008 0.0241584 0)
(5 -1.02825e-16 0)
(5 -2.39972e-16 0)
(5 3.95401e-16 0)
(5 1.25615e-15 0)
(5 9.08154e-16 0)
(5 2.24526e-16 0)
(5 1.41898e-16 0)
(5 -4.98122e-17 0)
(5 1.00022e-15 0)
(5 1.51537e-15 0)
(5 3.88375e-15 0)
(5 4.98529e-15 0)
(5 3.81519e-15 0)
(5 2.29855e-15 0)
(5 2.00097e-15 0)
(5 1.72279e-15 0)
(5 1.37107e-15 0)
(5 5.89237e-16 0)
(5 8.47309e-16 0)
(5 6.43734e-16 0)
(5 -2.2892e-15 0)
(5 1.1079e-14 0)
(5 7.43689e-09 0)
(5.00005 0.000230122 0)
(5 -3.82716e-17 0)
(5 2.03816e-16 0)
(5 2.51732e-16 0)
(5 -2.2819e-16 0)
(5 1.03968e-17 0)
(5 5.75115e-16 0)
(5 8.09529e-16 0)
(5 1.13804e-15 0)
(5 -2.24204e-16 0)
(5 2.2859e-16 0)
(5 6.59002e-16 0)
(5 6.13808e-16 0)
(5 5.50491e-17 0)
(5 6.99189e-16 0)
(5 6.31339e-16 0)
(5 1.13447e-16 0)
(5 -1.07432e-15 0)
(5 -1.67685e-15 0)
(5 -1.30799e-15 0)
(5 -7.29513e-16 0)
(5 -7.81699e-16 0)
(5 -9.08645e-16 0)
(5 8.05406e-13 0)
(5 6.99145e-08 0)
(5 -6.20765e-17 0)
(5 -3.54011e-16 0)
(5 1.12418e-15 0)
(5 8.46665e-16 0)
(5 8.73551e-16 0)
(5 1.41271e-15 0)
(5 1.0248e-15 0)
(5 5.79854e-16 0)
(5 9.65195e-16 0)
(5 -1.25616e-15 0)
(5 -3.6018e-15 0)
(5 -5.08608e-15 0)
(5 -4.61321e-15 0)
(5 -3.33522e-15 0)
(5 -2.14262e-15 0)
(5 -9.14327e-16 0)
(5 -2.38919e-16 0)
(5 -7.46202e-16 0)
(5 -1.28382e-15 0)
(5 -1.5704e-15 0)
(5 -1.73458e-15 0)
(5 -1.71939e-15 0)
(5 -1.79585e-15 0)
(5 1.07092e-11 0)
(5 -2.10405e-16 0)
(5 -4.41918e-16 0)
(5 -4.65373e-16 0)
(5 -3.56517e-16 0)
(5 -3.28464e-16 0)
(5 -9.59305e-18 0)
(5 -4.28038e-16 0)
(5 -1.17233e-15 0)
(5 -7.93446e-16 0)
(5 -2.66774e-15 0)
(5 -4.03884e-15 0)
(5 -3.47255e-15 0)
(5 -3.46407e-15 0)
(5 -2.01371e-15 0)
(5 -1.15454e-15 0)
(5 -9.06778e-16 0)
(5 -1.22282e-16 0)
(5 3.91524e-16 0)
(5 1.57626e-16 0)
(5 -1.68454e-16 0)
(5 -1.33779e-15 0)
(5 -1.44803e-15 0)
(5 -1.21383e-15 0)
(5 1.19536e-15 0)
(5 1.00878e-16 0)
(5 -1.17821e-16 0)
(5 -1.6012e-15 0)
(5 -1.35852e-15 0)
(5 -6.8627e-16 0)
(5 5.78408e-16 0)
(5 -5.80607e-16 0)
(5 -7.02773e-16 0)
(5 -1.76525e-15 0)
(5 -5.90431e-16 0)
(5 7.25423e-16 0)
(5 8.39581e-16 0)
(5 -1.09005e-16 0)
(5 1.03895e-16 0)
(5 3.70095e-16 0)
(5 -2.05067e-17 0)
(5 3.06474e-16 0)
(5 1.14538e-15 0)
(5 1.76529e-15 0)
(5 1.12133e-15 0)
(5 1.14885e-15 0)
(5 1.51541e-15 0)
(5 1.81764e-15 0)
(5 1.24305e-15 0)
(5 2.44301e-16 0)
(5 9.55456e-16 0)
(5 2.89376e-16 0)
(5 5.81097e-16 0)
(5 1.66922e-16 0)
(5 -3.54787e-16 0)
(5 -4.6013e-16 0)
(5 -5.47977e-16 0)
(5 -1.94349e-16 0)
(5 1.03506e-15 0)
(5 2.1468e-15 0)
(5 2.48471e-15 0)
(5 7.46453e-16 0)
(5 3.88079e-16 0)
(5 3.35579e-16 0)
(5 2.81797e-16 0)
(5 6.55756e-18 0)
(5 -2.5109e-16 0)
(5 7.56092e-16 0)
(5 8.60036e-16 0)
(5 1.65976e-15 0)
(5 8.56894e-16 0)
(5 -2.87743e-16 0)
(5 -9.36096e-17 0)
(5 -5.76706e-17 0)
(5 -5.58262e-17 0)
(5 -6.7378e-17 0)
(5 -6.10187e-17 0)
(5 4.32038e-16 0)
(5 2.45146e-16 0)
(5 5.48726e-16 0)
(5 9.02849e-16 0)
(5 2.44992e-15 0)
(5 2.82566e-15 0)
(5 2.55489e-15 0)
(5 1.53932e-15 0)
(5 8.34778e-16 0)
(5 6.81276e-17 0)
(5 -8.56096e-16 0)
(5 -4.63447e-16 0)
(5 2.13713e-16 0)
(5 8.37493e-16 0)
(5 1.09032e-15 0)
(5 2.87222e-15 0)
(5 3.4046e-15 0)
(5 1.23034e-15 0)
(5 -1.05635e-15 0)
(5 -1.09815e-15 0)
(5 -1.58275e-16 0)
(5 -9.19253e-16 0)
(5 -1.09116e-16 0)
(5 1.1531e-17 0)
(5 4.97132e-16 0)
(5 -9.51628e-19 0)
(5 3.62728e-16 0)
(5 1.19843e-15 0)
(5 2.4854e-15 0)
(5 2.87886e-15 0)
(5 2.20216e-15 0)
(5 2.16498e-15 0)
(5 2.01016e-15 0)
(5 2.28163e-16 0)
(5 4.00327e-16 0)
(5 4.60325e-16 0)
(5 6.7715e-16 0)
(5 1.18813e-15 0)
(5 1.19008e-15 0)
(5 1.29362e-15 0)
(5 8.94962e-16 0)
(5 7.53833e-16 0)
(5 -1.51027e-16 0)
(5 -1.15753e-15 0)
(5 5.86171e-16 0)
(5 6.57636e-16 0)
(5 -4.77325e-16 0)
(5 -6.54298e-16 0)
(5 -1.01834e-15 0)
(5 -1.26837e-15 0)
(5 -9.44128e-16 0)
(5 2.88989e-16 0)
(5 1.23298e-15 0)
(5 1.63713e-15 0)
(5 1.44553e-15 0)
(5 3.84436e-16 0)
(5 -7.91418e-16 0)
(5 -6.74358e-16 0)
(5 4.50854e-16 0)
(5 7.43916e-16 0)
(5 5.48094e-17 0)
(5 3.47485e-16 0)
(5 1.01631e-15 0)
(5 1.06482e-16 0)
(5 -2.91699e-17 0)
(5 -1.53221e-17 0)
(5 1.06234e-16 0)
(5 1.17297e-15 0)
(5 1.18211e-17 0)
(5 -3.4817e-16 0)
(5 -1.07905e-16 0)
(5 -7.41467e-18 0)
(5 -1.3454e-15 0)
(5 -6.77639e-16 0)
(5 -5.0547e-16 0)
(5 -9.04053e-17 0)
(5 1.26676e-16 0)
(5 1.50898e-16 0)
(5 -1.05425e-15 0)
(5 -2.59965e-15 0)
(5 -2.9317e-15 0)
(5 -1.72177e-15 0)
(5 -1.41404e-15 0)
(5 -1.14448e-15 0)
(5 -8.18158e-16 0)
(5 -1.42456e-16 0)
(5 9.07264e-16 0)
(5 1.04804e-15 0)
(5 1.29633e-15 0)
(5 9.24799e-16 0)
(5 6.98414e-16 0)
(5 1.06131e-15 0)
(5 -5.03143e-16 0)
(5 -4.03553e-16 0)
(5 4.89699e-16 0)
(5 8.19894e-16 0)
(5 8.43863e-16 0)
(5 7.78469e-16 0)
(5 4.28413e-16 0)
(5 -5.92829e-16 0)
(5 -9.78424e-16 0)
(5 -1.52621e-15 0)
(5 -1.78799e-15 0)
(5 -1.38636e-15 0)
(5 -5.26011e-16 0)
(5 -5.87372e-17 0)
(5 -5.26651e-16 0)
(5 -6.53608e-16 0)
(5 -9.33663e-16 0)
(5 -1.68434e-15 0)
(5 -1.56224e-15 0)
(5 -6.02929e-16 0)
(5 -1.75909e-16 0)
(5 3.98015e-16 0)
(5 -6.72899e-17 0)
(5 5.69143e-17 0)
(5 1.473e-16 0)
(5 1.01263e-15 0)
(5 8.79611e-16 0)
(5 1.33579e-15 0)
(5 2.65692e-15 0)
(5 1.75477e-15 0)
(5 1.05751e-15 0)
(5 1.29192e-15 0)
(5 3.40754e-16 0)
(5 -1.07696e-15 0)
(5 -1.36696e-15 0)
(5 8.19235e-17 0)
(5 -4.50077e-16 0)
(5 -3.86618e-16 0)
(5 -3.77383e-16 0)
(5 -7.67538e-16 0)
(5 -1.5096e-15 0)
(5 -3.52753e-15 0)
(5 -3.17616e-15 0)
(5 -3.07033e-15 0)
(5 -2.57396e-15 0)
(5 -3.40981e-16 0)
(5 5.73119e-16 0)
(5 1.03537e-15 0)
(5 2.00936e-16 0)
(5 8.52198e-16 0)
(5 5.79126e-16 0)
(5 -1.57375e-17 0)
(5 -7.17009e-16 0)
(5 -1.0118e-15 0)
(5 -3.30149e-17 0)
(5 1.00637e-15 0)
(5 9.33399e-16 0)
(5 -2.01832e-15 0)
(5 -2.91015e-15 0)
(5 -3.12732e-15 0)
(5 -3.26735e-15 0)
(5 -2.96214e-15 0)
(5 -1.05382e-15 0)
(5 -6.56641e-16 0)
(5 -6.12896e-16 0)
(5 -2.42071e-16 0)
(5 -3.60343e-16 0)
(5 -1.31308e-15 0)
(5 -6.24813e-16 0)
(5 6.71412e-17 0)
(5 4.27514e-16 0)
(5 -1.0237e-16 0)
(5 2.86153e-17 0)
(5 -1.04095e-16 0)
(5 -3.78513e-16 0)
(5 -9.47e-16 0)
(5 -1.39521e-15 0)
(5 -9.23471e-16 0)
(5 -1.86128e-17 0)
(5 6.64978e-16 0)
(5 -2.75167e-16 0)
(5 -9.67485e-16 0)
(5 -2.36051e-15 0)
(5 -3.17889e-15 0)
(5 -3.87766e-15 0)
(5 -2.10707e-15 0)
(5 -9.83772e-16 0)
(5 -4.75617e-16 0)
(5 6.55341e-16 0)
(5 1.43913e-15 0)
(5 3.42792e-16 0)
(5 -7.82174e-16 0)
(5 -6.74938e-16 0)
(5 -4.23841e-16 0)
(5 -8.20213e-16 0)
(5 -2.1111e-15 0)
(2.5506 1.73819 0)
(2.60537 1.66253 0)
(2.68349 1.57408 0)
(2.76277 1.4823 0)
(2.81007 1.44468 0)
(2.84597 1.41204 0)
(2.94614 1.31571 0)
(3.06409 1.19235 0)
(3.13167 1.14163 0)
(3.14649 1.14723 0)
(3.20305 1.08509 0)
(3.32789 0.961312 0)
(3.41663 0.858347 0)
(3.45538 0.854335 0)
(3.46722 0.844305 0)
(3.55025 0.753132 0)
(3.63138 0.632078 0)
(3.67916 0.592049 0)
(3.68309 0.610165 0)
(3.72224 0.558772 0)
(3.79062 0.446312 0)
(3.83031 0.365624 0)
(3.84906 0.370109 0)
(3.85021 0.362742 0)
(3.89964 0.286714 0)
(3.93493 0.202055 0)
(3.9607 0.182338 0)
(3.96529 0.190594 0)
(3.99875 0.142412 0)
(4.03114 0.0653442 0)
(4.05037 0.0261003 0)
(4.0502 0.0460108 0)
(4.06346 0.0139955 0)
(2.71369 1.75904 0)
(2.67494 1.73766 0)
(2.74536 1.63947 0)
(2.80721 1.54893 0)
(2.82693 1.52226 0)
(2.87962 1.45374 0)
(2.99183 1.32941 0)
(3.0704 1.2438 0)
(3.09076 1.25391 0)
(3.1082 1.23063 0)
(3.2201 1.11794 0)
(3.32698 0.98501 0)
(3.38448 0.948188 0)
(3.38316 0.974846 0)
(3.4249 0.925936 0)
(3.52931 0.80618 0)
(3.60094 0.69884 0)
(3.63663 0.693816 0)
(3.6367 0.694942 0)
(3.69448 0.61592 0)
(3.75222 0.506322 0)
(3.78723 0.465958 0)
(3.79078 0.478517 0)
(3.82445 0.42806 0)
(3.8808 0.329592 0)
(3.90953 0.267134 0)
(3.92788 0.283686 0)
(3.92652 0.285337 0)
(3.97674 0.21468 0)
(4.00814 0.127725 0)
(4.03033 0.0962893 0)
(4.02848 0.113414 0)
(4.04829 0.0704832 0)
(3.3793 1.56506 0)
(2.7939 1.77325 0)
(2.79018 1.73894 0)
(2.84538 1.65567 0)
(2.87426 1.60565 0)
(2.94667 1.50212 0)
(3.02667 1.38166 0)
(3.05835 1.35289 0)
(3.05464 1.36417 0)
(3.12295 1.28437 0)
(3.24182 1.14264 0)
(3.31314 1.05215 0)
(3.32971 1.07569 0)
(3.32812 1.07001 0)
(3.42371 0.972579 0)
(3.51553 0.837483 0)
(3.56836 0.781046 0)
(3.57238 0.809852 0)
(3.58688 0.78018 0)
(3.66744 0.673411 0)
(3.72212 0.566756 0)
(3.7552 0.551002 0)
(3.75383 0.56153 0)
(3.79421 0.509014 0)
(3.84425 0.420014 0)
(3.87654 0.369539 0)
(3.89192 0.380991 0)
(3.9073 0.356568 0)
(3.95065 0.277435 0)
(3.97142 0.21246 0)
(3.98308 0.220674 0)
(3.98019 0.22262 0)
(4.0164 0.162188 0)
(4.55532 0.734883 0)
(3.35089 1.61924 0)
(2.87111 1.77421 0)
(2.874 1.74948 0)
(2.92881 1.6845 0)
(3.01361 1.56298 0)
(3.05939 1.46463 0)
(3.05916 1.46658 0)
(3.06627 1.43698 0)
(3.17105 1.31578 0)
(3.2619 1.17504 0)
(3.30226 1.14788 0)
(3.28822 1.18333 0)
(3.3247 1.12522 0)
(3.43292 0.996347 0)
(3.50208 0.884667 0)
(3.53387 0.885305 0)
(3.51933 0.903988 0)
(3.57474 0.830958 0)
(3.65156 0.709141 0)
(3.69814 0.637803 0)
(3.71362 0.658328 0)
(3.71383 0.647918 0)
(3.77939 0.568488 0)
(3.82416 0.471897 0)
(3.85567 0.451155 0)
(3.85544 0.476244 0)
(3.87968 0.436893 0)
(3.92562 0.342714 0)
(3.94852 0.281022 0)
(3.96395 0.28474 0)
(3.96182 0.282952 0)
(4.00166 0.207931 0)
(5.00419 0.0450004 0)
(4.42388 0.871842 0)
(3.35394 1.64483 0)
(2.94505 1.78346 0)
(2.95288 1.75905 0)
(3.04242 1.6481 0)
(3.08616 1.56525 0)
(3.07978 1.56632 0)
(3.1233 1.49125 0)
(3.22673 1.34108 0)
(3.2797 1.23875 0)
(3.28336 1.2686 0)
(3.26406 1.27238 0)
(3.35137 1.16931 0)
(3.44217 1.02277 0)
(3.49245 0.95951 0)
(3.49538 0.999597 0)
(3.4924 0.981207 0)
(3.57732 0.875966 0)
(3.63723 0.755774 0)
(3.67546 0.729213 0)
(3.67218 0.759711 0)
(3.69557 0.722052 0)
(3.76378 0.627188 0)
(3.80209 0.544227 0)
(3.82704 0.548403 0)
(3.82177 0.558064 0)
(3.86705 0.490489 0)
(3.90072 0.397212 0)
(3.9219 0.365165 0)
(3.92014 0.391031 0)
(3.94321 0.357085 0)
(3.98305 0.289589 0)
(5.00012 0.000683752 0)
(4.99725 0.0674946 0)
(4.32879 0.964265 0)
(3.39065 1.66586 0)
(3.02427 1.78036 0)
(3.03984 1.7393 0)
(3.09545 1.66251 0)
(3.12001 1.63655 0)
(3.1971 1.53232 0)
(3.26945 1.38573 0)
(3.28915 1.34312 0)
(3.26586 1.38573 0)
(3.28256 1.33542 0)
(3.39084 1.19517 0)
(3.45438 1.06265 0)
(3.4847 1.06212 0)
(3.46343 1.10254 0)
(3.49874 1.04029 0)
(3.58308 0.910938 0)
(3.62929 0.814684 0)
(3.65434 0.832164 0)
(3.64088 0.848007 0)
(3.69709 0.780804 0)
(3.75481 0.671736 0)
(3.78875 0.612384 0)
(3.80197 0.638339 0)
(3.79944 0.630853 0)
(3.85257 0.547328 0)
(3.88087 0.453404 0)
(3.90241 0.442207 0)
(3.90625 0.455854 0)
(3.93794 0.41759 0)
(3.96797 0.350632 0)
(5 3.16974e-07 0)
(5.00021 0.00134435 0)
(4.98265 0.0933008 0)
(4.29699 1.01506 0)
(3.46967 1.64662 0)
(3.10353 1.76721 0)
(3.09731 1.75197 0)
(3.14449 1.70324 0)
(3.24199 1.58672 0)
(3.29249 1.45696 0)
(3.29183 1.45876 0)
(3.2678 1.47817 0)
(3.33561 1.38403 0)
(3.42951 1.22247 0)
(3.46978 1.13264 0)
(3.47415 1.17821 0)
(3.44918 1.18904 0)
(3.52392 1.0911 0)
(3.59086 0.947318 0)
(3.62885 0.891223 0)
(3.63472 0.936403 0)
(3.63051 0.924044 0)
(3.70238 0.83418 0)
(3.7461 0.722755 0)
(3.77752 0.695003 0)
(3.77565 0.729738 0)
(3.78932 0.694793 0)
(3.84213 0.596534 0)
(3.86455 0.517804 0)
(3.88 0.531382 0)
(3.8993 0.53096 0)
(3.92882 0.479456 0)
(3.91283 0.389962 0)
(5 6.60678e-11 0)
(5 8.28896e-07 0)
(5.00017 0.00217645 0)
(4.97242 0.109741 0)
(4.32855 1.00112 0)
(3.53273 1.62105 0)
(3.17533 1.77749 0)
(3.16039 1.76661 0)
(3.23795 1.66866 0)
(3.29673 1.54449 0)
(3.29371 1.56171 0)
(3.29708 1.54422 0)
(3.3957 1.41866 0)
(3.46074 1.26565 0)
(3.48431 1.23185 0)
(3.46692 1.28768 0)
(3.46661 1.25337 0)
(3.55307 1.12492 0)
(3.59579 0.998307 0)
(3.62566 0.994059 0)
(3.61921 1.03904 0)
(3.64597 0.989939 0)
(3.71418 0.868671 0)
(3.74091 0.770802 0)
(3.76486 0.783795 0)
(3.75273 0.813014 0)
(3.79131 0.753979 0)
(3.83709 0.641196 0)
(3.85518 0.590032 0)
(3.87635 0.598333 0)
(3.89924 0.591921 0)
(3.87973 0.501643 0)
(3.60435 0.0993468 0)
(5 3.61938e-15 0)
(5 2.39991e-10 0)
(5 1.68317e-06 0)
(5.00009 0.00272383 0)
(4.97657 0.101678 0)
(4.33998 0.98611 0)
(3.6157 1.60121 0)
(3.25721 1.76913 0)
(3.2333 1.75003 0)
(3.27342 1.65983 0)
(3.29851 1.63596 0)
(3.34328 1.58737 0)
(3.44552 1.44409 0)
(3.48739 1.31784 0)
(3.48948 1.33702 0)
(3.44827 1.38619 0)
(3.48533 1.3253 0)
(3.57681 1.18505 0)
(3.62 1.06346 0)
(3.64917 1.0734 0)
(3.63612 1.1086 0)
(3.6614 1.04986 0)
(3.71029 0.928182 0)
(3.73118 0.850029 0)
(3.75377 0.874823 0)
(3.75324 0.87766 0)
(3.80959 0.791754 0)
(3.83317 0.692371 0)
(3.84798 0.667425 0)
(3.87061 0.680384 0)
(3.85034 0.604035 0)
(3.5838 0.204275 0)
(2.94817 -0.498007 0)
(5 7.07935e-16 0)
(5 1.2862e-14 0)
(5 6.11153e-10 0)
(5 2.30403e-06 0)
(5.0001 0.002623 0)
(4.97302 0.0955573 0)
(4.39947 0.940638 0)
(3.72321 1.54212 0)
(3.34922 1.75153 0)
(3.31153 1.75666 0)
(3.32167 1.70914 0)
(3.38678 1.63568 0)
(3.47108 1.47476 0)
(3.46444 1.42854 0)
(3.4412 1.48846 0)
(3.44072 1.48232 0)
(3.55491 1.35167 0)
(3.62817 1.17818 0)
(3.65462 1.11129 0)
(3.65695 1.17216 0)
(3.6205 1.20365 0)
(3.67256 1.11702 0)
(3.72262 0.975434 0)
(3.74874 0.903232 0)
(3.77363 0.935441 0)
(3.77185 0.938073 0)
(3.81958 0.849852 0)
(3.83526 0.767027 0)
(3.84903 0.741523 0)
(3.82471 0.663007 0)
(3.52554 0.220886 0)
(2.93607 -0.453208 0)
(2.7462 -0.774478 0)
(5 1.83458e-15 0)
(5 4.30842e-15 0)
(5 2.82227e-14 0)
(5 7.9313e-10 0)
(5 2.47628e-06 0)
(5.00004 0.002226 0)
(4.97375 0.0858436 0)
(4.49361 0.833775 0)
(3.86058 1.45161 0)
(3.43281 1.73044 0)
(3.33821 1.78546 0)
(3.35208 1.72997 0)
(3.40945 1.62573 0)
(3.46326 1.51479 0)
(3.48536 1.49697 0)
(3.51037 1.48058 0)
(3.58946 1.38457 0)
(3.62982 1.25524 0)
(3.63876 1.22547 0)
(3.62103 1.27934 0)
(3.61445 1.25656 0)
(3.69768 1.14517 0)
(3.74088 1.01686 0)
(3.77271 0.979023 0)
(3.77467 1.03372 0)
(3.78234 1.01787 0)
(3.82672 0.919508 0)
(3.83058 0.834356 0)
(3.78641 0.719225 0)
(3.43111 0.186476 0)
(2.92555 -0.430392 0)
(2.77193 -0.763332 0)
(2.86571 -0.761754 0)
(5 6.36872e-17 0)
(5 2.53027e-15 0)
(5 1.79309e-15 0)
(5 2.86496e-14 0)
(5 9.00541e-10 0)
(5 2.06985e-06 0)
(4.99992 0.00168064 0)
(4.97856 0.0670836 0)
(4.66197 0.661225 0)
(3.86275 1.46464 0)
(3.53659 1.74132 0)
(3.4045 1.74246 0)
(3.4327 1.69078 0)
(3.49664 1.58907 0)
(3.51063 1.58438 0)
(3.55619 1.5405 0)
(3.62303 1.39872 0)
(3.62384 1.30471 0)
(3.60945 1.34309 0)
(3.58144 1.39297 0)
(3.63949 1.32286 0)
(3.73442 1.1773 0)
(3.76513 1.04308 0)
(3.79113 1.04796 0)
(3.79519 1.09305 0)
(3.79179 1.10761 0)
(3.79705 0.973673 0)
(3.72339 0.778281 0)
(3.2925 0.113973 0)
(2.92661 -0.430635 0)
(2.86797 -0.677386 0)
(2.95408 -0.670422 0)
(3.0751 -0.65911 0)
(5 1.47933e-16 0)
(5 -2.11812e-15 0)
(5 -1.4515e-15 0)
(5 4.52211e-16 0)
(5 4.16406e-14 0)
(5 6.25139e-10 0)
(5 1.49163e-06 0)
(4.99993 0.00102399 0)
(4.99522 0.0389332 0)
(4.64902 0.593285 0)
(4.02816 1.36864 0)
(3.69664 1.61495 0)
(3.52022 1.71015 0)
(3.49003 1.706 0)
(3.49184 1.67013 0)
(3.52806 1.62816 0)
(3.59437 1.49827 0)
(3.61064 1.39529 0)
(3.61682 1.40159 0)
(3.60954 1.42337 0)
(3.67753 1.35457 0)
(3.75062 1.2149 0)
(3.76902 1.13519 0)
(3.77645 1.14692 0)
(3.78316 1.20686 0)
(3.75452 1.07611 0)
(3.63369 0.766582 0)
(3.17002 0.00699678 0)
(2.88044 -0.449949 0)
(2.92472 -0.692019 0)
(3.03189 -0.684216 0)
(3.16868 -0.665292 0)
(3.28565 -0.641916 0)
(5 7.62878e-16 0)
(5 6.57794e-17 0)
(5 5.49587e-16 0)
(5 2.17658e-15 0)
(5 -2.50029e-15 0)
(5 2.78205e-14 0)
(5 3.41539e-10 0)
(5 1.02162e-06 0)
(5.00001 0.000411826 0)
(4.98868 0.0344252 0)
(4.7774 0.428774 0)
(4.34382 1.08946 0)
(3.73003 1.59264 0)
(3.50947 1.767 0)
(3.49336 1.76328 0)
(3.50741 1.70962 0)
(3.58466 1.578 0)
(3.6333 1.45068 0)
(3.63499 1.49021 0)
(3.65082 1.49528 0)
(3.74297 1.37798 0)
(3.77686 1.2235 0)
(3.76126 1.22719 0)
(3.7511 1.25177 0)
(3.71857 1.15705 0)
(3.47218 0.6228 0)
(3.21226 -0.0406121 0)
(2.96645 -0.461833 0)
(3.04948 -0.503807 0)
(3.12593 -0.484003 0)
(3.23762 -0.480467 0)
(3.35233 -0.491536 0)
(3.44765 -0.485295 0)
(5 1.07849e-15 0)
(5 1.01365e-15 0)
(5 -1.62381e-15 0)
(5 -2.10364e-15 0)
(5 -1.46722e-15 0)
(5 -4.40454e-15 0)
(5 1.47153e-14 0)
(5 1.27639e-10 0)
(5 4.32375e-07 0)
(4.99998 0.000204508 0)
(4.99539 0.0193105 0)
(4.93607 0.220478 0)
(4.37246 1.00677 0)
(3.71683 1.60535 0)
(3.57589 1.78706 0)
(3.55566 1.71813 0)
(3.60268 1.65391 0)
(3.6622 1.56109 0)
(3.71794 1.47676 0)
(3.74132 1.49108 0)
(3.76307 1.42855 0)
(3.71785 1.39177 0)
(3.69887 1.30317 0)
(3.62043 1.00536 0)
(3.38891 0.292538 0)
(3.15093 -0.279895 0)
(3.05744 -0.619247 0)
(3.09807 -0.606398 0)
(3.20527 -0.530506 0)
(3.31023 -0.43632 0)
(3.39251 -0.407866 0)
(3.47186 -0.416315 0)
(3.54075 -0.405971 0)
(5 2.71326e-15 0)
(5 3.37878e-15 0)
(5 7.45608e-16 0)
(5 -1.03718e-15 0)
(5 3.84682e-16 0)
(5 -1.38031e-16 0)
(5 -5.67538e-15 0)
(5 3.63023e-15 0)
(5 4.0865e-11 0)
(5 2.254e-07 0)
(5 5.4504e-05 0)
(4.99909 0.0088863 0)
(4.96193 0.135527 0)
(4.37278 0.937404 0)
(3.91584 1.52114 0)
(3.77865 1.60008 0)
(3.67895 1.65667 0)
(3.67498 1.64696 0)
(3.67811 1.60984 0)
(3.64976 1.64946 0)
(3.70006 1.50519 0)
(3.67297 1.30876 0)
(3.58899 0.799874 0)
(3.36551 0.127006 0)
(3.26637 -0.185567 0)
(3.16773 -0.302333 0)
(3.1841 -0.325947 0)
(3.26356 -0.315629 0)
(3.35619 -0.288937 0)
(3.42023 -0.251845 0)
(3.47098 -0.270841 0)
(3.51729 -0.286296 0)
(3.56764 -0.283361 0)
(5 -3.75875e-17 0)
(5 4.73543e-16 0)
(5 -4.61391e-16 0)
(5 -1.4804e-15 0)
(5 -2.82736e-15 0)
(5 -4.3607e-15 0)
(5 -4.22494e-15 0)
(5 -3.74865e-15 0)
(5 1.56375e-15 0)
(5 1.57768e-11 0)
(5 3.41872e-08 0)
(5 2.01802e-05 0)
(4.99982 0.00429612 0)
(4.95888 0.0972794 0)
(4.60714 0.692045 0)
(4.28773 1.19992 0)
(3.87329 1.54283 0)
(3.67105 1.65516 0)
(3.61244 1.58476 0)
(3.51962 1.34277 0)
(3.36159 0.764451 0)
(3.18659 0.0681618 0)
(3.0643 -0.41285 0)
(3.00431 -0.550893 0)
(3.03228 -0.498892 0)
(3.12442 -0.386794 0)
(3.23794 -0.251845 0)
(3.3282 -0.189531 0)
(3.38484 -0.128879 0)
(3.4397 -0.117191 0)
(3.50021 -0.151279 0)
(3.54683 -0.169231 0)
(3.59433 -0.162686 0)
(5 -2.08776e-15 0)
(5 -7.07822e-16 0)
(5 4.30755e-16 0)
(5 2.33169e-15 0)
(5 -4.49092e-16 0)
(5 -3.12052e-15 0)
(5 -3.61483e-15 0)
(5 -3.53736e-15 0)
(5 -3.20002e-15 0)
(5 1.60745e-16 0)
(5 1.43744e-12 0)
(5 9.45825e-09 0)
(5 7.48222e-06 0)
(4.99984 0.00140494 0)
(4.98023 0.044843 0)
(4.83761 0.286956 0)
(4.23118 0.882815 0)
(3.68989 1.29838 0)
(3.45493 1.2421 0)
(3.30384 1.06184 0)
(3.095 0.682571 0)
(3.01119 0.389574 0)
(3.00272 0.154039 0)
(3.05287 -0.0484478 0)
(3.18209 -0.137583 0)
(3.33229 -0.15175 0)
(3.42274 -0.160566 0)
(3.42576 -0.115364 0)
(3.40468 -0.0750679 0)
(3.41682 -0.0698924 0)
(3.45377 -0.0840197 0)
(3.49501 -0.0881953 0)
(3.54336 -0.0805833 0)
)
;

boundaryField
{
    inlet
    {
        type            fixedValue;
        value           uniform (5 0 0);
    }
    outlet
    {
        type            inletOutlet;
        inletValue      nonuniform 0();
        value           nonuniform 0();
    }
    bottom
    {
        type            symmetryPlane;
    }
    top
    {
        type            symmetryPlane;
    }
    obstacle
    {
        type            slip;
    }
    defaultFaces
    {
        type            empty;
    }
    procBoundary2to0
    {
        type            processor;
        value           nonuniform List<vector> 
58
(
(5 -9.52611e-09 0)
(5 7.51801e-07 0)
(5.02512 0.0116967 0)
(4.39495 0.974575 0)
(2.67373 1.76957 0)
(2.40705 1.70496 0)
(5 -4.55897e-16 0)
(5 -2.37288e-16 0)
(5 1.42709e-15 0)
(5 1.09651e-15 0)
(5 1.65165e-16 0)
(5 -2.68865e-16 0)
(5 -4.83854e-17 0)
(5 -1.12171e-15 0)
(5 -7.86983e-16 0)
(5 8.90358e-16 0)
(5 1.06372e-15 0)
(5 6.77555e-16 0)
(5 2.12841e-15 0)
(5 2.48498e-15 0)
(5 1.01201e-15 0)
(5 -1.39544e-15 0)
(5 -3.45349e-15 0)
(5 -1.10871e-15 0)
(5 -1.10871e-15 0)
(2.49315 1.64475 0)
(2.56455 1.59235 0)
(2.63112 1.53209 0)
(2.72982 1.44081 0)
(2.80991 1.37416 0)
(2.85367 1.35406 0)
(2.92498 1.29005 0)
(3.05973 1.17248 0)
(3.16115 1.07269 0)
(3.20447 1.06102 0)
(3.22996 1.03827 0)
(3.33942 0.935036 0)
(3.45333 0.796605 0)
(3.51921 0.738472 0)
(3.53578 0.747122 0)
(3.58281 0.692219 0)
(3.66756 0.575843 0)
(3.72451 0.489316 0)
(3.75645 0.479723 0)
(3.77931 0.451571 0)
(3.83352 0.364957 0)
(3.86965 0.281549 0)
(3.89111 0.271975 0)
(3.89706 0.258606 0)
(3.94682 0.174258 0)
(3.9783 0.0851799 0)
(4.0018 0.0626262 0)
(4.00693 0.0820884 0)
(4.02808 0.0483722 0)
(4.07134 -0.0375195 0)
(4.09297 -0.101231 0)
(4.10886 -0.104594 0)
(4.10734 -0.112363 0)
)
;
    }
    procBoundary2to1
    {
        type            processor;
        value           nonuniform List<vector> 2((4.09194 -0.0647483 0) (4.06929 0.0117801 0));
    }
    procBoundary2to3
    {
        type            processor;
        value           nonuniform List<vector> 
16
(
(4.04389 0.0781116 0)
(4.0169 0.181172 0)
(4.00543 0.234152 0)
(3.94929 0.270509 0)
(3.61841 -0.0467885 0)
(2.98062 -0.595934 0)
(2.73675 -0.828237 0)
(2.82417 -0.769026 0)
(2.99023 -0.735527 0)
(3.18768 -0.635205 0)
(3.37184 -0.603338 0)
(3.51295 -0.468162 0)
(3.59494 -0.386965 0)
(3.62235 -0.284208 0)
(3.64519 -0.153879 0)
(3.59747 -0.0746222 0)
)
;
    }
}


// ************************************************************************* //
