/*--------------------------------*- C++ -*----------------------------------*\
  =========                 |
  \\      /  F ield         | OpenFOAM: The Open Source CFD Toolbox
   \\    /   O peration     | Website:  https://openfoam.org
    \\  /    A nd           | Version:  7
     \\/     M anipulation  |
\*---------------------------------------------------------------------------*/
FoamFile
{
    version     2.0;
    format      ascii;
    class       volScalarField;
    location    "0.3";
    object      T;
}
// * * * * * * * * * * * * * * * * * * * * * * * * * * * * * * * * * * * * * //

dimensions      [0 0 0 1 0 0 0];

internalField   nonuniform List<scalar> 
4608
(
1
1
1
1
1
1
1
1
1
1
1
1
1
1
1
1
1
1
1
1
1
1
1
1
1
1
1
1
1
1
1
1
1
1
1
1
1
1
1
1
1
1
1
1
1
1
1
1
1
1
1
1
1
1
1
1
1
1
1
1
1
1
1
1
1
1
1
1
1
1
1
1
1
1
1
1
1
1
1
1
1
1
1.00002
1.00073
1.01558
1.14531
1.6402
2.55411
3.33968
3.8771
4.2488
4.42076
4.50096
4.52855
4.54281
4.53243
1
1
1
1
1
1
1
1
1
1
1
1
1
1
1
1
1
1
1
1
1
1
1
1
1
1
1
1
1
1
1
1
1
1
1
1
1
1
1
1
1
1
1
1
1
1
1
1
1
1
1
1
1
1
1
1
1
1
1
1
1
1
1
1
1
1
1
1
1
1
1
1
1
1
1
1
1
1
1
1
1
1
1
1
1
1.00015
1.00291
1.03258
1.21194
1.71166
2.49267
3.15926
3.57252
3.96147
4.17391
4.24314
1
1
1
1
1
1
1
1
1
1
1
1
1
1
1
1
1
1
1
1
1
1
1
1
1
1
1
1
1
1
1
1
1
1
1
1
1
1
1
1
1
1
1
1
1
1
1
1
1
1
1
1
1
1
1
1
1
1
1
1
1
1
1
1
1
1
1
1
1
1
1
1
1
1
1
1
1
1
1
1
1
1
1
1
1
1
1
1.00001
1.00034
1.00429
1.03727
1.20261
1.57323
2.22605
2.8364
3.2161
1
1
1
1
1
1
1
1
1
1
1
1
1
1
1
1
1
1
1
1
1
1
1
1
1
1
1
1
1
1
1
1
1
1
1
1
1
1
1
1
1
1
1
1
1
1
1
1
1
1
1
1
1
1
1
1
1
1
1
1
1
1
1
1
1
1
1
1
1
1
1
1
1
1
1
1
1
1
1
1
1
1
1
1
1
1
1
1
1
1
1.00002
1.00036
1.00314
1.0244
1.13076
1.36777
1
1
1
1
1
1
1
1
1
1
1
1
1
1
1
1
1
1
1
1
1
1
1
1
1
1
1
1
1
1
1
1
1
1
1
1
1
1
1
1
1
1
1
1
1
1
1
1
1
1
1
1
1
1
1
1
1
1
1
1
1
1
1
1
1
1
1
1
1
1
1
1
1
1
1
1
1
1
1
1
1
1
1
1
1
1
1
1
1
1
1
1
1
1.00001
1.00018
1.00145
1
1
1
1
1
1
1
1
1
1
1
1
1
1
1
1
1
1
1
1
1
1
1
1
1
1
1
1
1
1
1
1
1
1
1
1
1
1
1
1
1
1
1
1
1
1
1
1
1
1
1
1
1
1
1
1
1
1
1
1
1
1
1
1
1
1
1
1
1
1
1
1
1
1
1
1
1
1
1
1
1
1
1
1
1
1
1
1
1
1
1
1
1
1
1
1
1
1
1
1
1
1
1
1
1
1
1
1
1
1
1
1
1
1
1
1
1
1
1
1
1
1
1
1
1
1
1
1
1
1
1
1
1
1
1
1
1
1
1
1
1
1
1
1
1
1
1
1
1
1
1
1
1
1
1
1
1
1
1
1
1
1
1
1
1
1
1
1
1
1
1
1
1
1
1
1
1
1
1
1
1
1
1
1
1
1
1
1
1
1
1
1
1
1
1
1
1
1
1
1
1
1
1
1
1
1
1
1
1
1
1
1
1
1
1
1
1
1
1
1
1
1
1
1
1
1
1
1
1
1
1
1
1
1
1
1
1
1
1
1
1
1
1
1
1
1
1
1
1
1
1
1
1
1
1
1
1
1
1
1
1
1
1
1
1
1
1
1
1
1
1
1
1
1
1
1
1
1
1
1
1
1
1
1
1
1
1
1
1
1
1
1
1
1
1
1
1
1
1
1
1
1
1
1
1
1
1
1
1
1
1
1
1
1
1
1
1
1
1
1
1
1
1
1
1
1
1
1
1
1
1
1
1
1
1
1
1
1
1
1
1
1
1
1
1
1
1
1
1
1
1
1
1
1
1
1
1
1
1
1
1
1
1
1
1
1
1
1
1
1
1
1
1
1
1
1
1
1
1
1
1
1
1
1
1
1
1
1
1
1
1
1
1
1
1
1
1
1
1
1
1
1
1
1
1
1
1
1
1
1
1
1
1
1
1
1
1
1
1
1
1
1
1
1
1
1
1
1
1
1
1
1
1
1
1
1
1
1
1
1
1
1
1
1
1
1
1
1
1
1
1
1
1
1
1
1
1
1
1
1
1
1
1
1
1
1
1
1
1
1
1
1
1
1
1
1
1
1
1
1
1
1
1
1
1
1
1
1
1
1
1
1
1
1
1
1
1
1
1
1
1
1
1
1
1
1
1
1
1
1
1
1
1
1
1
1
1
1
1
1
1
1
1
1
1
1
1
1
1
1
1
1
1
1
1
1
1
1
1
1
1
1
1
1
1
1
1
1
1
1
1
1
1
1
1
1
1
1
1
1
1
1
1
1
1
1
1
1
1
1
1
1
1
1
1
1
1
1
1
1
1
1
1
1
1
1
1
1
1
1
1
1
1
1
1
1
1
1
1
1
1
1
1
1
1
1
1
1
1
1
1
1
1
1
1
1
1
1
1
1
1
1
1
1
1
1
1
1
1
1
1
1
1
1
1
1
1
1
1
1
1
1
1
1
1
1
1
1
1
1
1
1
1
1
1
1
1
1
1
1
1
1
1
1
1
1
1
1
1
1
1
1
1
1
1
1
1
1
1
1
1
1
1
1
1
1
1
1
1
1
1
1
1
1
1
1
1
1
1
1
1
1
1
1
1
1
1
1
1
1
1
1
1
1
1
1
1
1
1
1
1
1
1
1
1
1
1
1
1
1
1
1
1
1
1
1
1
1
1
1
1
1
1
1
1
1
1
1
1
1
1
1
1
1
1
1
1
1
1
1
1
1
1
1
1
1
1
1
1
1
1
1
1
1
1
1
1
1
1
1
1
1
1
1
1
1
1
1
1
1
1
1
1
1
1
1
1
1
1
1
1
1
1
1
1
1
1
1
1
1
1
1
1
1
1
1
1
1
1
1
1
1
1
1
1
1
1
1
1
1
1
1
1
1
1
1
1
1
1
1
1
1
1
1
1
1
1
1
1
1
1
1
1
1
1
1
1
1
1
1
1
1
1
1
1
1
1
1
1
1
1
1
1
1
1
1
1
1
1
1
1
1
1
1
1
1
1
1
1
1
1
1
1
1
1
1
1
1
1
1
1
1
1
1
1
1
1
1
1
1
1
1
1
1
1
1
1
1
1
1
1
1
1
1
1
1
1
1
1
1
1
1
1
1
1
1
1
1
1
1
1
1
1
1
1
1
1
1
1
1
1
1
1
1
1
1
1
1
1
1
1
1
1
1
1
1
1
1
1
1
1
1
1
1
1
1
1
1
1
1
1
1
1
1
1
1
1
1
1
1
1
1
1
1
1
1
1
1
1
1
1
1
1
1
1
1
1
1
1
1
1
1
1
1
1
1
1
1
1
1
1
1
1
1
1
1
1
1
1
1
1
1
1
1
1
1
1
1
1
1
1
1
1
1
1
1
1
1
1
1
1
1
1
1
1
1
1
1
1
1
1
1
1
1
1
1
1
1
1
1
1
1
1
1
1
1
1
1
1
1
1
1
1
1
1
1
1
1
1
1
1
1
1
1
1
1
1
1
1
1
1
1
1
1
1
1
1
1
1
1
1
1
1
1
1
1
1
1
1
1
1
1
1
1
1
1
1
1
1
1
1
1
1
1
1
1
1
1
1
1
1
1
1
1
1
1
1
1
1
1
1
1
1
1
1
1
1
1
1
1
1
1
1
1
1
1
1
1
1
1
1
1
1
1
1
1
1
1
1
1
1
1
1
1
1
1
1
1
1
1
1
1
1
1
1
1
1
1
1
1
1
1
1
1
1
1
1
1
1
1
1
1
1
1
1
1
1
1
1
1
1
1
1
1
1
1
1
1
1
1
1
1
1
1
1
1
1
1
1
1
1
1
1
1
1
1
1
1
1
1
1
1
1
1
1
1
1
1
1
1
1
1
1
1
1
1
1
1
1
1
1
1
1
1
1
1
1
1
1
1
1
1
1
1
1
1
1
1
1
1
1
1
1
1
1
1
1
1
1
1
1
1
1
1
1
1
1
1
1
1
1
1
1
1
1
1
1
1
1
1
1
1
1
1
1
1
1
1
1
1
1
1
1
1
1
1
1
1
1
1
1
1
1
1
1
1
1
1
1
1
1
1
1
1
1
1
1
1
1
1
1
1
1
1
1
1
1
1
1
1
1
1
1
1
1
1
1
1
1
1
1
1
1
1
1
1
1
1
1
1
1
1
1
1
1
1
1
1
1
1
1
1
1
1
1
1
1
1
1
1
1
1
1
1
1
1
1
1
1
1
1
1
1
1
1
1
1
1
1
1
1
1
1
1
1
1
1
1
1
1
1
1
1
1
1
1
1
1
1
1
1
1
1
1
1
1
1
1
1
1
1
1
1
1
1
1
1
1
1
1
1
1
1
1
1
1
1
1
1
1
1
1
1
1
1
1
1
1
1
1
1
1
1
1
1
1
1
1
1
1
1
1
1
1
1
1
1
1
1
1
1
1
1
1
1
1
1
1
1
1
1
1
1
1
1
1
1
1
1
1
1
1
1
1
1
1
1
1
1
1
1
1
1
1
1
1
1
1
1
1
1
1
1
1
1
1
1
1
1
1
1
1
1
1
1
1
1
1
1
1
1
1
1
1
1
1
1
1
1
1
1
1
1
1
1
1
1
1
1
1
1
1
1
1
1
1
1
1
1
1
1
1
1
1
1
1
1
1
1
1
1
1
1
1
1
1
1
1
1
1
1
1
1
1
1
1
1
1
1
1
1
1
1
1
1
1
1
1
1
1
1
1
1
1
1
1
1
1
1
1
1
1
1
1
1
1
1
1
1
1
1
1
1
1
1
1
1
1
1
1
1
1
1
1
1
1
1
1
1
1
1
1
1
1
1
1
1
1
1
1
1
1
1
1
1
1
1
1
1
1
1
1
1
1
1
1
1
1
1
1
1
1
1
1
1
1
1
1
1
1
1
1
1
1
1
1
1
1
1
1
1
1
1
1
1
1
1
1
1
1
1
1
1
1
1
1
1
1
1
1
1
1
1
1
1
1
1
1
1
1
1
1
1
1
1
1
1
1
1
1
1
1
1
1
1
1
1
1
1
1
1
1
1
1
1
1
1
1
1
1
1
1
1
1
1
1
1
1
1
1
1
1
1
1
1
1
1
1
1
1
1
1
1
1
1
1
1
1
1
1
1
1
1
1
4.50438
4.47425
4.4435
4.41772
4.39707
4.37504
4.35441
4.33839
4.3183
4.28986
4.2526
4.22456
4.19971
4.17091
4.13266
4.09837
4.07634
4.04846
4.01703
3.9714
3.93778
3.92511
3.90557
3.8818
3.84483
3.79471
3.78014
3.76767
3.7474
3.72666
3.68633
3.65326
3.64857
3.63469
3.61463
3.58898
3.5442
3.53302
3.52971
3.51721
3.50239
3.4727
3.43077
3.41709
3.40193
3.38513
3.36825
3.33758
3.31918
3.30381
3.28665
3.2648
3.23474
3.22617
3.21706
3.20451
3.18972
3.16317
3.15164
3.14561
3.13148
3.11861
3.10209
3.07724
3.06083
3.04383
3.02288
3.00806
2.98604
2.953
2.9352
2.91911
2.90135
2.88696
2.86845
2.85124
2.84305
2.83929
2.8309
2.81999
2.8082
2.79057
2.76519
2.73195
2.69595
2.67145
2.6578
2.64822
2.63959
2.62831
2.61555
2.6075
2.60023
2.59256
2.58581
2.57988
4.27794
4.30391
4.31843
4.30779
4.28652
4.25654
4.22452
4.20336
4.18109
4.16133
4.14997
4.1332
4.10325
4.07362
4.06328
4.05202
4.03387
4.00356
3.97387
3.95353
3.93154
3.90697
3.87281
3.85639
3.84093
3.81563
3.78803
3.74249
3.71912
3.71561
3.70214
3.68286
3.65534
3.60863
3.59718
3.59299
3.57542
3.559
3.53914
3.50352
3.4916
3.48224
3.46015
3.44258
3.42081
3.38446
3.37483
3.36844
3.3525
3.33715
3.30655
3.27954
3.27463
3.26788
3.26018
3.23883
3.2187
3.20761
3.19361
3.18203
3.15881
3.13841
3.13364
3.12197
3.10356
3.08513
3.056
3.03612
3.02342
3.00526
2.98634
2.96925
2.95086
2.93511
2.92314
2.90982
2.89869
2.8872
2.87243
2.85959
2.84404
2.82086
2.78757
2.75159
2.72774
2.71001
2.69206
2.68
2.67175
2.6605
2.64765
2.63674
2.62823
2.61867
2.60494
2.59188
3.61369
3.83658
3.91787
3.98677
4.05813
4.09006
4.10573
4.10033
4.08291
4.05835
4.03403
4.01336
3.98576
3.95991
3.94491
3.92495
3.90097
3.89549
3.889
3.87238
3.84083
3.82026
3.81765
3.80949
3.79353
3.76322
3.74078
3.72195
3.70407
3.68069
3.65463
3.65001
3.64028
3.61841
3.59128
3.56915
3.54478
3.52503
3.51846
3.50922
3.49321
3.47571
3.44797
3.41832
3.4097
3.39774
3.38081
3.36721
3.33966
3.3224
3.31808
3.30783
3.29697
3.27409
3.25309
3.2495
3.24022
3.2276
3.20872
3.17865
3.16873
3.1616
3.15016
3.13932
3.11694
3.09384
3.0791
3.06228
3.0478
3.02856
3.00433
2.99401
2.98725
2.97408
2.9595
2.93694
2.91539
2.90587
2.89446
2.87581
2.85589
2.83477
2.80457
2.76602
2.74562
2.73604
2.72549
2.7129
2.70244
2.68949
2.67097
2.65749
2.64904
2.63679
2.61708
2.58751
1.85119
2.39834
2.75483
3.13075
3.43138
3.56045
3.67162
3.76988
3.84451
3.87377
3.88289
3.89054
3.88573
3.87028
3.85233
3.83471
3.81071
3.78997
3.76754
3.72728
3.70591
3.70924
3.70494
3.68422
3.66404
3.66091
3.65161
3.63346
3.60316
3.59791
3.59628
3.5898
3.57209
3.55239
3.53868
3.52144
3.49551
3.47149
3.47249
3.46895
3.45686
3.43218
3.41417
3.4014
3.38715
3.36642
3.33634
3.33418
3.33171
3.32084
3.30987
3.28719
3.269
3.26348
3.25324
3.2439
3.2301
3.2048
3.19464
3.18634
3.17396
3.1612
3.13751
3.11953
3.11572
3.10421
3.0828
3.05943
3.03958
3.0323
3.02612
3.01308
2.99647
2.97751
2.95747
2.9416
2.92587
2.90815
2.8926
2.87174
2.84672
2.82956
2.81045
2.78871
2.76806
2.74651
2.73113
2.72212
2.71457
2.70133
2.68438
2.6696
2.65563
2.63729
2.60408
2.56424
1.00965
1.05342
1.16537
1.43175
1.86315
2.25664
2.55986
2.92714
3.1639
3.29141
3.41914
3.5205
3.5915
3.62546
3.65029
3.67545
3.68651
3.68764
3.68177
3.66494
3.64334
3.62166
3.5953
3.56976
3.5614
3.55125
3.52236
3.48576
3.4872
3.48604
3.47515
3.44845
3.44645
3.44391
3.43145
3.40273
3.38929
3.3908
3.38713
3.3779
3.36084
3.35527
3.34697
3.33245
3.30667
3.28693
3.28869
3.28599
3.27904
3.2601
3.24966
3.24763
3.23826
3.22526
3.20135
3.1908
3.19123
3.18358
3.17248
3.1562
3.13982
3.1327
3.11907
3.10247
3.09154
3.0818
3.06528
3.03755
3.02869
3.02585
3.01816
3.00605
2.98364
2.96116
2.9468
2.93228
2.91441
2.88814
2.87155
2.86051
2.84384
2.82274
2.79828
2.77317
2.75853
2.74868
2.73746
2.72207
2.70785
2.69222
2.67603
2.65789
2.63498
2.6061
2.57225
2.55353
1
1.00004
1.00033
1.00234
1.01272
1.05294
1.14292
1.37421
1.70766
2.01636
2.335
2.61315
2.84395
2.99418
3.12371
3.23197
3.31854
3.37487
3.40923
3.43634
3.45642
3.46748
3.48469
3.49155
3.48781
3.47693
3.4537
3.42577
3.406
3.38901
3.36928
3.35349
3.34165
3.3232
3.28165
3.26532
3.27054
3.26861
3.25539
3.23046
3.23142
3.22983
3.22111
3.19703
3.18403
3.18794
3.18644
3.17988
3.15988
3.15622
3.15945
3.15519
3.14614
3.12732
3.11968
3.12213
3.11779
3.10758
3.08839
3.08633
3.08673
3.0803
3.06586
3.04203
3.02605
3.02658
3.0232
3.00947
3.00045
2.98848
2.97015
2.96104
2.94824
2.92868
2.90605
2.88494
2.8743
2.86605
2.85108
2.83196
2.81286
2.78625
2.7606
2.74896
2.73974
2.72738
2.7124
2.69348
2.67846
2.66635
2.64914
2.62028
2.58219
2.55779
2.5466
2.53845
1
1
1
1
1
1.00005
1.00031
1.00197
1.01019
1.03235
1.09584
1.23766
1.47061
1.74543
2.00057
2.23559
2.50604
2.69085
2.78436
2.90028
3.01233
3.08563
3.13118
3.17848
3.21578
3.24558
3.26593
3.28251
3.29546
3.29311
3.28744
3.27994
3.2689
3.25279
3.23397
3.21499
3.19347
3.17241
3.14985
3.13775
3.13041
3.11493
3.0736
3.06495
3.06747
3.06401
3.05033
3.02578
3.01736
3.02078
3.02034
3.01561
2.99806
2.99319
2.99925
2.99734
2.98795
2.9699
2.96937
2.97816
2.97665
2.9678
2.95124
2.93956
2.94149
2.93991
2.93234
2.91568
2.91511
2.91419
2.90506
2.88302
2.86243
2.84981
2.83248
2.81912
2.81546
2.80991
2.79599
2.77166
2.74909
2.73276
2.71763
2.69953
2.68038
2.66972
2.66214
2.64799
2.62718
2.60692
2.5853
2.55353
2.52729
2.51429
2.50464
2.50015
1
1
1
1
1
1
1
1
1
1.00003
1.00016
1.00095
1.00436
1.01455
1.04355
1.1051
1.24052
1.45756
1.6547
1.85037
2.08938
2.30191
2.42857
2.53945
2.6831
2.78183
2.82878
2.88498
2.93499
2.97814
3.01864
3.04553
3.06196
3.07662
3.08963
3.0902
3.0926
3.09537
3.0919
3.08192
3.06817
3.051
3.02741
3.00961
2.9969
2.98309
2.96966
2.95385
2.92891
2.89847
2.89331
2.8908
2.88022
2.86223
2.85897
2.85511
2.84212
2.81787
2.82115
2.82877
2.82599
2.81436
2.79898
2.80247
2.8041
2.79902
2.78186
2.78293
2.78812
2.78617
2.77417
2.74898
2.74187
2.73932
2.73089
2.71343
2.7089
2.7081
2.70071
2.67927
2.65056
2.63672
2.62917
2.61431
2.59817
2.59179
2.58421
2.56813
2.5418
2.51393
2.49639
2.48204
2.46355
2.44906
2.43761
2.43022
1
1
1
1
1
1
1
1
1
1
1
1
1
1.00001
1.00005
1.00024
1.00111
1.00477
1.01387
1.03343
1.08166
1.18897
1.33506
1.47123
1.65903
1.86387
2.03229
2.15907
2.26796
2.40094
2.51023
2.56329
2.61593
2.67818
2.73058
2.77285
2.79877
2.82163
2.84413
2.8613
2.8734
2.88118
2.89499
2.91145
2.9114
2.90491
2.89459
2.88485
2.87247
2.85773
2.84757
2.83815
2.82362
2.80195
2.78247
2.77349
2.76314
2.73904
2.72694
2.72156
2.7094
2.6888
2.68009
2.67526
2.67021
2.66275
2.64671
2.63785
2.63844
2.63654
2.62396
2.59821
2.59692
2.59744
2.59328
2.57514
2.57072
2.57238
2.56771
2.54625
2.51571
2.50854
2.50752
2.50045
2.48536
2.47699
2.46799
2.45162
2.4253
2.40178
2.39069
2.38515
2.37427
2.35351
2.33675
2.32774
1
1
1
1
1
1
1
1
1
1
1
1
1
1
1
1
1
1
1.00001
1.00004
1.00018
1.00082
1.00286
1.00728
1.01776
1.04639
1.10131
1.18098
1.27833
1.41558
1.58955
1.74488
1.86226
1.97177
2.09125
2.21052
2.2841
2.3346
2.39352
2.46243
2.51546
2.54173
2.56288
2.59583
2.62493
2.6453
2.66167
2.67225
2.68111
2.69136
2.70237
2.70406
2.70314
2.70365
2.70301
2.70105
2.69593
2.68516
2.6728
2.66284
2.65223
2.64111
2.63059
2.61847
2.60595
2.59193
2.57608
2.56493
2.55568
2.54488
2.5329
2.51581
2.49667
2.48912
2.48493
2.47524
2.45766
2.45321
2.44752
2.4313
2.39765
2.38893
2.39038
2.38779
2.37194
2.35439
2.34346
2.33123
2.31091
2.29208
2.28207
2.27791
2.27081
2.25236
2.22848
2.21558
1
1
1
1
1
1
1
1
1
1
1
1
1
1
1
1
1
1
1
1
1
1
1
1
1.00001
1.00007
1.00031
1.00094
1.00252
1.0063
1.01648
1.03913
1.07225
1.12118
1.19628
1.30896
1.44604
1.55678
1.64477
1.75536
1.87731
1.97382
2.03681
2.09023
2.16222
2.23847
2.27037
2.28875
2.32062
2.3648
2.40428
2.41967
2.4244
2.43327
2.4497
2.46746
2.48083
2.48978
2.49309
2.49487
2.50076
2.50539
2.50539
2.50632
2.50615
2.50456
2.49985
2.49352
2.48777
2.48144
2.47392
2.46475
2.45396
2.44395
2.43589
2.42724
2.41342
2.39835
2.38906
2.37953
2.35941
2.33924
2.33288
2.32754
2.31223
2.29082
2.27845
2.26903
2.25361
2.22821
2.21556
2.21361
2.20851
2.19215
2.16589
2.14386
1
1
1
1
1
1
1
1
1
1
1
1
1
1
1
1
1
1
1
1
1
1
1
1
1
1
1
1
1
1
1.00001
1.00006
1.0002
1.00053
1.00138
1.00373
1.00955
1.01978
1.03417
1.05899
1.10527
1.17734
1.26149
1.33
1.40923
1.51671
1.62334
1.7035
1.76175
1.82673
1.91223
1.97145
2.00133
2.03011
2.0767
2.13496
2.15747
2.16161
2.17607
2.20336
2.23361
2.24883
2.25073
2.2532
2.26024
2.27412
2.28147
2.28649
2.2921
2.29566
2.30051
2.30328
2.30238
2.30277
2.3056
2.3088
2.30798
2.30408
2.2986
2.29563
2.29194
2.28533
2.27847
2.27215
2.26282
2.24984
2.24015
2.23408
2.22572
2.21024
2.197
2.18965
2.18175
2.16986
2.15111
2.12983
1
1
1
1
1
1
1
1
1
1
1
1
1
1
1
1
1
1
1
1
1
1
1
1
1
1
1
1
1
1
1
1
1
1
1
1
1.00001
1.00002
1.00006
1.00016
1.00047
1.00133
1.00317
1.006
1.01064
1.02013
1.03973
1.06862
1.10053
1.13735
1.19314
1.27113
1.35379
1.41112
1.46708
1.54257
1.61724
1.67393
1.71395
1.75652
1.81667
1.86509
1.88395
1.90062
1.92678
1.97287
1.99485
1.99641
2.00322
2.02157
2.04864
2.06257
2.06189
2.06238
2.06694
2.08009
2.09051
2.09006
2.09084
2.09182
2.09589
2.10137
2.09975
2.09759
2.09808
2.0985
2.09918
2.10002
2.09844
2.09242
2.08652
2.08264
2.08079
2.07891
2.07301
2.06332
1
1
1
1
1
1
1
1
1
1
1
1
1
1
1
1
1
1
1
1
1
1
1
1
1
1
1
1
1
1
1
1
1
1
1
1
1
1
1
1
1
1
1
1
1.00001
1.00003
1.00009
1.00025
1.00054
1.00102
1.00202
1.00438
1.00887
1.01471
1.02203
1.03422
1.05662
1.08811
1.1204
1.15154
1.19347
1.25141
1.31421
1.36144
1.39969
1.45092
1.5077
1.55468
1.58605
1.61641
1.65761
1.69589
1.71855
1.73501
1.75301
1.77996
1.80759
1.81655
1.82161
1.82999
1.8452
1.86764
1.87465
1.87205
1.87203
1.87705
1.89098
1.90111
1.90059
1.896
1.89466
1.895
1.89726
1.90109
1.8997
1.89501
1
1
1
1
1
1
1
1
1
1
1
1
1
1
1
1
1
1
1
1
1
1
1
1
1
1
1
1
1
1
1
1
1
1
1
1
1
1
1
1
1
1
1
1
1
1
1
1
1
1
1
1
1.00001
1.00002
1.00004
1.00009
1.00022
1.0005
1.00095
1.00158
1.00263
1.00476
1.00863
1.01364
1.01924
1.0271
1.04082
1.06073
1.08145
1.10113
1.12523
1.15876
1.19771
1.23331
1.26261
1.29368
1.33231
1.37174
1.40592
1.43063
1.45332
1.48273
1.5114
1.53409
1.55147
1.56611
1.58359
1.60499
1.62079
1.62951
1.63675
1.64454
1.65459
1.66771
1.67687
1.67823
1
1
1
1
1
1
1
1
1
1
1
1
1
1
1
1
1
1
1
1
1
1
1
1
1
1
1
1
1
1
1
1
1
1
1
1
1
1
1
1
1
1
1
1
1
1
1
1
1
1
1
1
1
1
1
1
1
1
1
1
1
1
1.00001
1.00002
1.00004
1.00007
1.00015
1.0003
1.00054
1.00086
1.00133
1.00217
1.00362
1.00559
1.00783
1.01061
1.01481
1.02131
1.02954
1.0379
1.04631
1.05687
1.07186
1.0905
1.10886
1.12434
1.13899
1.15731
1.18015
1.20353
1.22366
1.24001
1.25483
1.27239
1.29324
1.31293
1
1
1
1
1
1
1
1
1
1
1
1
1
1
1
1
1
1
1
1
1
1
1
1
1
1
1
1
1
1
1
1
1
1
1
1
1
1
1
1
1
1
1
1
1
1
1
1
1
1
1
1
1
1
1
1
1
1
1
1
1
1
1
1
1
1
1
1
1
1
1
1
1
1.00001
1.00001
1.00002
1.00003
1.00006
1.0001
1.00016
1.00024
1.00035
1.00055
1.00087
1.00129
1.00175
1.00226
1.00296
1.00403
1.00551
1.00721
1.00891
1.01064
1.01279
1.0158
1.01966
1
1
1
1
1
1
1
1
1
1
1
1
1
1
1
1
1
1
1
1
1
1
1
1
1
1
1
1
1
1
1
1
1
1
1
1
1
1
1
1
1
1
1
1
1
1
1
1
1
1
1
1
1
1
1
1
1
1
1
1
1
1
1
1
1
1
1
1
1
1
1
1
1
1
1
1
1
1
1
1
1
1
1
1
1
1
1
1
1
1.00001
1.00001
1.00002
1.00002
1.00003
1.00004
1.00006
1
1
1
1
1
1
1
1
1
1
1
1
1
1
1
1
1
1
1
1
1
1
1
1
1
1
1
1
1
1
1
1
1
1
1
1
1
1
1
1
1
1
1
1
1
1
1
1
1
1
1
1
1
1
1
1
1
1
1
1
1
1
1
1
1
1
1
1
1
1
1
1
1
1
1
1
1
1
1
1
1
1
1
1
1
1
1
1
1
1
1
1
1
1
1
1
1
1
1
1
1
1
1
1
1
1
1
1
1
1
1
1
1
1
1
1
1
1
1
1
1
1
1
1
1
1
1
1
1
1
1
1
1
1
1
1
1
1
1
1
1
1
1
1
1
1
1
1
1
1
1
1
1
1
1
1
1
1
1
1
1
1
1
1
1
1
1
1
1
1
1
1
1
1
1
1
1
1
1
1
1
1
1
1
1
1
1
1
1
1
1
1
1
1
1
1
1
1
1
1
1
1
1
1
1
1
1
1
1
1
1
1
1
1
1
1
1
1
1
1
1
1
1
1
1
1
1
1
1
1
1
1
1
1
1
1
1
1
1
1
1
1
1
1
1
1
1
1
1
1
1
1
1
1
1
1
1
1
1
1
1
1
1
1
1
1
1
1
1
1
1
1
1
1
1
1
1
1
1
1
1
1
1
1
1
1
1
1
1
1
1
1
1
1
1
1
1
1
1
1
1
1
1
1
1
1
1
1
1
1
1
1
1
1
1
1
1
1
1
1
1
1
1
1
1
1
1
1
1
1
1
1
1
1
1
1
1
1
1
1
1
1
1
1
1
1
1
1
1
1
1
1
1
1
1
1
1
1
1
1
1
1
1
1
1
1
1
1
1
1
1
1
1
1
1
1
1
1
1
1
1
1
1
1
1
1
1
1
1
1
1
1
1
1
1
1
1
1
1
1
1
1
1
1
1
1
1
1
1
1
1
1
1
1
1
1
1
1
1
1
1
1
1
1
1
1
1
1
1
1
1
1
1
1
1
1
1
1
1
1
1
1
1
1
1
1
1
1
1
1
1
1
1
1
1
1
1
1
1
1
1
1
1
1
1
1
1
1
1
1
1
1
1
1
1
1
1
1
1
1
1
1
1
1
1
1
1
1
1
1
1
1
1
1
1
1
1
1
1
1
1
1
1
1
1
1
1
1
1
1
1
1
1
1
1
1
1
1
1
1
1
1
1
1
1
1
1
1
1
1
1
1
1
1
1
1
1
1
1
1
1
1
1
1
1
1
1
1
1
1
1
1
1
1
1
1
1
1
1
1
1
1
1
1
1
1
1
1
1
1
1
1
1
1
1
1
)
;

boundaryField
{
    inlet
    {
        type            fixedValue;
        value           uniform 1;
    }
    outlet
    {
        type            inletOutlet;
        inletValue      nonuniform 0();
        value           nonuniform 0();
    }
    bottom
    {
        type            symmetryPlane;
    }
    top
    {
        type            symmetryPlane;
    }
    obstacle
    {
        type            zeroGradient;
    }
    defaultFaces
    {
        type            empty;
    }
    procBoundary2to0
    {
        type            processor;
        value           nonuniform List<scalar> 
192
(
1
1
1
1
1
1
1
1
1
1
1
1
1
1
1
1
1
1
1
1
1
1
1
1
1
1
1
1
1
1
1
1
1
1
1
1
1
1
1
1
1
1
1
1
1
1
1
1
1
1
1
1
1
1
1
1
1
1
1
1
1
1
1
1
1
1
1
1
1
1
1
1
1
1
1
1
1
1
1
1
1.00003
1.00214
1.04095
1.34671
2.34419
3.32464
4.0101
4.50631
4.64683
4.71606
4.74239
4.76131
4.74188
4.71655
4.69032
4.66117
4.63114
4.60512
4.58054
4.55296
4.5239
4.49644
4.46422
4.42222
4.37458
4.33827
4.30412
4.26328
4.21437
4.18102
4.15545
4.12447
4.08356
4.02725
3.99884
3.98086
3.95779
3.92716
3.87831
3.85153
3.83433
3.80936
3.78515
3.74391
3.69811
3.6913
3.68373
3.66574
3.64355
3.59863
3.5531
3.55069
3.54359
3.53051
3.50568
3.47146
3.4539
3.43628
3.42043
3.38891
3.36035
3.34557
3.32367
3.2984
3.26616
3.25087
3.23928
3.2208
3.20171
3.16923
3.14415
3.13971
3.12886
3.11662
3.10795
3.08824
3.06602
3.0575
3.04533
3.0299
3.01711
2.99024
2.96504
2.94547
2.92262
2.90175
2.88513
2.8645
2.83589
2.81918
2.80853
2.79417
2.78388
2.77932
2.77651
2.77402
2.7667
2.75598
2.74642
2.73529
2.71028
2.67484
2.65956
2.65439
2.65074
2.64466
2.63607
2.63071
2.62814
2.62443
2.61918
2.61592
)
;
    }
    procBoundary2to1
    {
        type            processor;
        value           nonuniform List<scalar> 8(2.57317 2.57721 2.54941 2.54548 2.54506 2.53342 2.49164 2.41816);
    }
    procBoundary2to3
    {
        type            processor;
        value           nonuniform List<scalar> 
16
(
2.31772
2.20866
2.13408
2.11695
2.05519
1.8909
1.67913
1.3293
1.02373
1.00009
1
1
1
1
1
1
)
;
    }
}


// ************************************************************************* //
