/*--------------------------------*- C++ -*----------------------------------*\
  =========                 |
  \\      /  F ield         | OpenFOAM: The Open Source CFD Toolbox
   \\    /   O peration     | Website:  https://openfoam.org
    \\  /    A nd           | Version:  7
     \\/     M anipulation  |
\*---------------------------------------------------------------------------*/
FoamFile
{
    version     2.0;
    format      ascii;
    class       volVectorField;
    location    "1";
    object      U;
}
// * * * * * * * * * * * * * * * * * * * * * * * * * * * * * * * * * * * * * //

dimensions      [0 1 -1 0 0 0 0];

internalField   nonuniform List<vector> 
4032
(
(1.2523 0.00190622 0)
(1.24765 0.00348571 0)
(1.24377 0.00473121 0)
(1.23979 0.005226 0)
(1.23547 0.0053884 0)
(1.23082 0.00539652 0)
(1.22629 0.00515338 0)
(1.21911 0.00536542 0)
(1.20661 0.00607857 0)
(1.19255 0.00660843 0)
(1.18539 0.00628276 0)
(1.18027 0.00582012 0)
(1.17674 0.00495243 0)
(1.17362 0.0036711 0)
(1.16925 0.00236423 0)
(1.16401 0.000668789 0)
(1.15943 -0.0011889 0)
(1.15724 -0.00282798 0)
(1.15855 -0.00382447 0)
(1.16297 -0.00402909 0)
(1.16573 -0.00333386 0)
(1.16503 -0.00209754 0)
(1.1632 -0.00109743 0)
(1.16229 -0.000627733 0)
(1.16523 -0.00103313 0)
(1.17432 -0.00226741 0)
(1.18895 -0.00400838 0)
(1.20698 -0.00728805 0)
(1.22495 -0.00943924 0)
(1.23851 -0.0103263 0)
(1.24347 -0.00989419 0)
(1.24769 -0.00905899 0)
(1.25244 -0.00757562 0)
(1.26103 -0.00482848 0)
(1.27373 -0.00288015 0)
(1.2878 -0.00273212 0)
(1.29971 -0.00408259 0)
(1.30756 -0.00643795 0)
(1.31277 -0.00873647 0)
(1.31623 -0.0100165 0)
(1.32032 -0.0104774 0)
(1.32882 -0.00939248 0)
(1.34309 -0.0081226 0)
(1.36237 -0.00860447 0)
(1.38257 -0.00906651 0)
(1.40216 -0.00680765 0)
(1.41007 -0.00565112 0)
(1.41226 -0.00533156 0)
(1.41655 -0.00470457 0)
(1.42123 -0.00465436 0)
(1.42781 -0.00443948 0)
(1.43744 -0.00411289 0)
(1.44843 -0.00409638 0)
(1.45804 -0.00404737 0)
(1.46197 -0.00380046 0)
(1.46505 -0.00360154 0)
(1.46791 -0.00310786 0)
(1.47049 -0.00261953 0)
(1.47298 -0.00224625 0)
(1.47632 -0.00196319 0)
(1.48161 -0.00180033 0)
(1.48643 -0.00172404 0)
(1.48841 -0.00161941 0)
(1.48983 -0.00151853 0)
(1.49111 -0.00138045 0)
(1.49225 -0.001208 0)
(1.49333 -0.00102402 0)
(1.49465 -0.000836972 0)
(1.49689 -0.000675803 0)
(1.50051 -0.000631859 0)
(1.50392 -0.000668674 0)
(1.50506 -0.000657313 0)
(1.5055 -0.000628349 0)
(1.50595 -0.000588509 0)
(1.50638 -0.000527107 0)
(1.50684 -0.000448677 0)
(1.50753 -0.000359903 0)
(1.50883 -0.000288816 0)
(1.51097 -0.000281748 0)
(1.51283 -0.00030181 0)
(1.51341 -0.000279001 0)
(1.51361 -0.000249297 0)
(1.51381 -0.000217664 0)
(1.51408 -0.000179618 0)
(1.51459 -0.000149925 0)
(1.51524 -0.000138064 0)
(1.5155 -0.000130996 0)
(1.51557 -0.0001268 0)
(1.5156 -0.000118978 0)
(1.51551 -0.000102881 0)
(1.51542 -7.93427e-05 0)
(1.51544 -6.43547e-05 0)
(1.51548 -5.48292e-05 0)
(1.51555 -3.83597e-05 0)
(1.51575 -2.49821e-05 0)
(1.51615 -1.80576e-05 0)
(1.51645 -4.3894e-06 0)
(1.5165 6.85283e-06 0)
(1.51649 1.58076e-05 0)
(1.51644 2.62633e-05 0)
(1.51635 3.21552e-05 0)
(1.5162 3.52346e-05 0)
(1.51605 3.68453e-05 0)
(1.51594 3.87878e-05 0)
(1.51583 4.19868e-05 0)
(1.51569 4.75453e-05 0)
(1.51548 5.44922e-05 0)
(1.51527 6.50049e-05 0)
(1.51515 7.1511e-05 0)
(1.51511 7.22368e-05 0)
(1.51507 7.06077e-05 0)
(1.51502 6.66145e-05 0)
(1.51498 6.17593e-05 0)
(1.51492 6.0778e-05 0)
(1.51485 6.54123e-05 0)
(1.5147 6.94011e-05 0)
(1.51435 4.65406e-05 0)
(1.51344 6.32238e-06 0)
(1.51148 -9.09077e-07 0)
(1.50909 2.86992e-05 0)
(1.50811 5.4102e-05 0)
(1.50803 6.25637e-05 0)
(1.50802 6.96952e-05 0)
(1.50803 7.9284e-05 0)
(1.50814 8.35651e-05 0)
(1.50864 6.67466e-05 0)
(1.26542 -0.00277711 0)
(1.26127 0.00101613 0)
(1.25701 0.00477526 0)
(1.25234 0.00709666 0)
(1.24727 0.00768155 0)
(1.24187 0.00681862 0)
(1.23671 0.00443755 0)
(1.23063 0.00285252 0)
(1.22148 0.0055882 0)
(1.20942 0.013169 0)
(1.19666 0.0196464 0)
(1.18921 0.0204131 0)
(1.18408 0.0182009 0)
(1.1809 0.0139769 0)
(1.17774 0.00845652 0)
(1.17352 0.00275297 0)
(1.16988 -0.00145028 0)
(1.16836 -0.00412941 0)
(1.16918 -0.00673405 0)
(1.17188 -0.00911431 0)
(1.17443 -0.00992279 0)
(1.17547 -0.00877613 0)
(1.17576 -0.0072135 0)
(1.17696 -0.00604136 0)
(1.18091 -0.00566697 0)
(1.1892 -0.0071852 0)
(1.20118 -0.0108264 0)
(1.21344 -0.0143663 0)
(1.2254 -0.0175293 0)
(1.23673 -0.0225336 0)
(1.24737 -0.0261584 0)
(1.25706 -0.0246657 0)
(1.26526 -0.0196482 0)
(1.2748 -0.0124725 0)
(1.28611 -0.00588348 0)
(1.29629 -0.00302925 0)
(1.30306 -0.00484639 0)
(1.30765 -0.00980925 0)
(1.31229 -0.0165379 0)
(1.31888 -0.0229879 0)
(1.32815 -0.0254229 0)
(1.33893 -0.0236039 0)
(1.35146 -0.0198323 0)
(1.3645 -0.0152123 0)
(1.37829 -0.0118876 0)
(1.39377 -0.012833 0)
(1.4071 -0.0165591 0)
(1.41196 -0.0168013 0)
(1.416 -0.0152247 0)
(1.42121 -0.0125712 0)
(1.42698 -0.0099601 0)
(1.43567 -0.00769987 0)
(1.44585 -0.00600714 0)
(1.45472 -0.00643059 0)
(1.4599 -0.00796116 0)
(1.46331 -0.00798157 0)
(1.46618 -0.00718878 0)
(1.46909 -0.00609616 0)
(1.47187 -0.00514656 0)
(1.47531 -0.00441566 0)
(1.4804 -0.00380592 0)
(1.48529 -0.0033591 0)
(1.48754 -0.00311817 0)
(1.48892 -0.00297466 0)
(1.49022 -0.00281641 0)
(1.49141 -0.00263163 0)
(1.49255 -0.00243356 0)
(1.49401 -0.00217821 0)
(1.49632 -0.00180655 0)
(1.49992 -0.00147422 0)
(1.50342 -0.00131863 0)
(1.50471 -0.00125839 0)
(1.50514 -0.00122509 0)
(1.50559 -0.00119016 0)
(1.50602 -0.00113966 0)
(1.50648 -0.00107423 0)
(1.5072 -0.00097191 0)
(1.50851 -0.000811365 0)
(1.51062 -0.000677123 0)
(1.51256 -0.000628041 0)
(1.51324 -0.000595436 0)
(1.51346 -0.000560613 0)
(1.51366 -0.00052175 0)
(1.51395 -0.00046371 0)
(1.51447 -0.000386721 0)
(1.51514 -0.00030611 0)
(1.51545 -0.000256209 0)
(1.51552 -0.000234456 0)
(1.51556 -0.000201852 0)
(1.51548 -0.000176956 0)
(1.51537 -0.000161039 0)
(1.51539 -0.000150182 0)
(1.51543 -0.000139586 0)
(1.51551 -0.000120052 0)
(1.51572 -9.19392e-05 0)
(1.51613 -6.33116e-05 0)
(1.51646 -3.73713e-05 0)
(1.51652 -1.95574e-05 0)
(1.51652 -3.606e-06 0)
(1.51648 2.12167e-05 0)
(1.51639 4.33194e-05 0)
(1.51625 5.74169e-05 0)
(1.51611 6.98704e-05 0)
(1.51599 8.42506e-05 0)
(1.51588 0.000100713 0)
(1.51574 0.000114854 0)
(1.51553 0.000116361 0)
(1.51532 0.000116839 0)
(1.5152 0.000119928 0)
(1.51516 0.000123706 0)
(1.51513 0.000128967 0)
(1.51509 0.000136335 0)
(1.51504 0.000147523 0)
(1.51498 0.000161442 0)
(1.51489 0.000171881 0)
(1.51473 0.000168838 0)
(1.51436 0.000157509 0)
(1.51346 0.000131718 0)
(1.51158 8.91095e-05 0)
(1.50919 7.46578e-05 0)
(1.50815 7.97364e-05 0)
(1.50805 8.3715e-05 0)
(1.50804 8.86775e-05 0)
(1.50806 9.51761e-05 0)
(1.50818 0.000106796 0)
(1.50867 0.000136112 0)
(1.29806 0.00276582 0)
(1.29373 0.00393559 0)
(1.28883 0.00700801 0)
(1.28298 0.0109148 0)
(1.27617 0.0147873 0)
(1.26859 0.0171143 0)
(1.26083 0.0160035 0)
(1.25428 0.0118339 0)
(1.24807 0.00951011 0)
(1.24048 0.0112608 0)
(1.23174 0.0179871 0)
(1.22158 0.0254546 0)
(1.21208 0.0276999 0)
(1.20741 0.0268331 0)
(1.20265 0.0231917 0)
(1.19963 0.0161489 0)
(1.19956 0.00679714 0)
(1.20112 -0.0020084 0)
(1.20283 -0.00713782 0)
(1.20454 -0.00868509 0)
(1.20664 -0.00872813 0)
(1.20907 -0.00928061 0)
(1.21192 -0.0103818 0)
(1.21592 -0.0119256 0)
(1.22192 -0.0139616 0)
(1.22971 -0.0175827 0)
(1.23738 -0.0244565 0)
(1.24516 -0.0328446 0)
(1.25531 -0.0394353 0)
(1.26569 -0.040313 0)
(1.27561 -0.0363953 0)
(1.28515 -0.0305723 0)
(1.295 -0.0246905 0)
(1.30522 -0.0188381 0)
(1.31445 -0.0142311 0)
(1.32052 -0.0130646 0)
(1.32397 -0.0154086 0)
(1.32726 -0.0200432 0)
(1.33172 -0.025694 0)
(1.33899 -0.031244 0)
(1.34854 -0.0341316 0)
(1.35864 -0.032745 0)
(1.36897 -0.0291361 0)
(1.3801 -0.025959 0)
(1.39186 -0.0251261 0)
(1.39974 -0.0244307 0)
(1.406 -0.0245557 0)
(1.41246 -0.0270142 0)
(1.42022 -0.0270173 0)
(1.42735 -0.0231487 0)
(1.43448 -0.0176265 0)
(1.44268 -0.0131057 0)
(1.45052 -0.0120481 0)
(1.45642 -0.0126692 0)
(1.4613 -0.0130236 0)
(1.46573 -0.0125677 0)
(1.46845 -0.0120803 0)
(1.47125 -0.0111892 0)
(1.47411 -0.0097109 0)
(1.47767 -0.00795466 0)
(1.48251 -0.00628599 0)
(1.48671 -0.0054384 0)
(1.48849 -0.00509102 0)
(1.48983 -0.00486418 0)
(1.49106 -0.00457885 0)
(1.49219 -0.00425008 0)
(1.49331 -0.00394516 0)
(1.49478 -0.00365177 0)
(1.4971 -0.00327408 0)
(1.50067 -0.00269656 0)
(1.50394 -0.00218054 0)
(1.50505 -0.002015 0)
(1.50546 -0.00195546 0)
(1.5059 -0.00189552 0)
(1.50632 -0.00181782 0)
(1.50678 -0.00173483 0)
(1.50752 -0.00164355 0)
(1.50885 -0.00149983 0)
(1.51095 -0.00125472 0)
(1.51278 -0.00103021 0)
(1.51342 -0.000932561 0)
(1.51362 -0.000887047 0)
(1.51381 -0.000847705 0)
(1.5141 -0.000792838 0)
(1.51462 -0.00069243 0)
(1.51528 -0.000548648 0)
(1.51554 -0.000460507 0)
(1.51562 -0.000415921 0)
(1.51563 -0.000338868 0)
(1.51552 -0.000282082 0)
(1.51541 -0.000253277 0)
(1.51543 -0.000240027 0)
(1.51547 -0.000228724 0)
(1.51555 -0.000210111 0)
(1.51577 -0.000176994 0)
(1.51619 -0.000113045 0)
(1.51651 -4.6894e-05 0)
(1.51656 -1.57106e-05 0)
(1.51655 1.17776e-05 0)
(1.5165 5.33358e-05 0)
(1.5164 8.72154e-05 0)
(1.51625 0.000114642 0)
(1.51611 0.00014064 0)
(1.516 0.000166586 0)
(1.51589 0.000186811 0)
(1.51574 0.000199095 0)
(1.51552 0.000206811 0)
(1.51529 0.000196483 0)
(1.51518 0.000198246 0)
(1.51515 0.000210892 0)
(1.51511 0.000223813 0)
(1.51508 0.000240043 0)
(1.51504 0.000254676 0)
(1.51499 0.000263887 0)
(1.51492 0.000268172 0)
(1.51476 0.000270737 0)
(1.51438 0.000274518 0)
(1.51345 0.000269015 0)
(1.5115 0.000228609 0)
(1.50912 0.000160973 0)
(1.50813 0.000142612 0)
(1.50805 0.00014866 0)
(1.50804 0.0001561 0)
(1.50806 0.000167831 0)
(1.50819 0.00018444 0)
(1.5087 0.000219723 0)
(1.3474 0.0121745 0)
(1.34112 0.0150008 0)
(1.33432 0.0187611 0)
(1.32653 0.0232036 0)
(1.31797 0.0276957 0)
(1.30925 0.0314014 0)
(1.30006 0.0335244 0)
(1.29227 0.0313406 0)
(1.28897 0.0265163 0)
(1.28475 0.0220981 0)
(1.27858 0.0183839 0)
(1.27023 0.0152746 0)
(1.26192 0.0145003 0)
(1.25818 0.014943 0)
(1.2556 0.0148875 0)
(1.25491 0.0126092 0)
(1.25643 0.00610939 0)
(1.25823 -0.00392172 0)
(1.26039 -0.0133353 0)
(1.26366 -0.0177099 0)
(1.26734 -0.0164443 0)
(1.27113 -0.0122111 0)
(1.27567 -0.00855138 0)
(1.28153 -0.00758547 0)
(1.28875 -0.0103187 0)
(1.29531 -0.0178856 0)
(1.30017 -0.0297268 0)
(1.30536 -0.0424043 0)
(1.31183 -0.050883 0)
(1.31873 -0.0515305 0)
(1.32562 -0.0446495 0)
(1.33355 -0.0338143 0)
(1.3426 -0.0234473 0)
(1.35096 -0.0169088 0)
(1.35691 -0.0157544 0)
(1.35949 -0.0183287 0)
(1.36115 -0.0231004 0)
(1.3637 -0.0285101 0)
(1.36806 -0.0325123 0)
(1.37495 -0.0345078 0)
(1.38347 -0.0343697 0)
(1.39197 -0.0341691 0)
(1.39881 -0.035551 0)
(1.40365 -0.0371931 0)
(1.40746 -0.0377486 0)
(1.41136 -0.0374016 0)
(1.41636 -0.0365765 0)
(1.424 -0.0340371 0)
(1.43314 -0.0295627 0)
(1.44092 -0.0245525 0)
(1.44621 -0.0214951 0)
(1.44952 -0.0198603 0)
(1.45329 -0.0185427 0)
(1.45707 -0.0179157 0)
(1.46162 -0.0174209 0)
(1.4675 -0.0172304 0)
(1.47303 -0.0157415 0)
(1.47627 -0.013741 0)
(1.47868 -0.0120188 0)
(1.48155 -0.0104883 0)
(1.48514 -0.00902432 0)
(1.48851 -0.00771919 0)
(1.49024 -0.00697091 0)
(1.49149 -0.00656543 0)
(1.49257 -0.00616905 0)
(1.49354 -0.00577944 0)
(1.49449 -0.00544624 0)
(1.49583 -0.00507394 0)
(1.49815 -0.00446972 0)
(1.50174 -0.00364168 0)
(1.5046 -0.003018 0)
(1.50542 -0.00281673 0)
(1.50584 -0.00274131 0)
(1.50627 -0.00265729 0)
(1.50669 -0.00255937 0)
(1.50716 -0.00245868 0)
(1.50794 -0.0023174 0)
(1.50933 -0.00206637 0)
(1.51145 -0.00169979 0)
(1.51313 -0.00139681 0)
(1.51364 -0.00127632 0)
(1.51382 -0.00122118 0)
(1.51401 -0.00117111 0)
(1.51428 -0.0010977 0)
(1.51482 -0.000958136 0)
(1.51546 -0.000762905 0)
(1.51568 -0.000652928 0)
(1.51574 -0.000586119 0)
(1.51572 -0.0004799 0)
(1.51557 -0.000392616 0)
(1.51545 -0.000346734 0)
(1.51548 -0.000329952 0)
(1.51552 -0.000315286 0)
(1.5156 -0.000290582 0)
(1.51583 -0.00024664 0)
(1.51626 -0.000165412 0)
(1.51657 -7.98608e-05 0)
(1.51661 -3.74899e-05 0)
(1.5166 3.13169e-06 0)
(1.51655 6.13103e-05 0)
(1.51643 0.000108949 0)
(1.51629 0.000145413 0)
(1.51616 0.000180251 0)
(1.51605 0.000215174 0)
(1.51593 0.000246808 0)
(1.51576 0.000274179 0)
(1.51551 0.000280823 0)
(1.51529 0.000273905 0)
(1.51521 0.000278908 0)
(1.51518 0.000289609 0)
(1.51515 0.000303779 0)
(1.51511 0.000321185 0)
(1.51507 0.000338099 0)
(1.51502 0.000352815 0)
(1.51493 0.000367682 0)
(1.51476 0.000383217 0)
(1.51436 0.00039131 0)
(1.51339 0.000373417 0)
(1.5114 0.000305896 0)
(1.50906 0.000218018 0)
(1.50816 0.000189373 0)
(1.50809 0.000192335 0)
(1.50807 0.0001994 0)
(1.50809 0.000210864 0)
(1.50822 0.000237038 0)
(1.50873 0.000300481 0)
(1.39495 0.0152477 0)
(1.38858 0.0174294 0)
(1.38119 0.021297 0)
(1.37254 0.026167 0)
(1.3632 0.0303514 0)
(1.35478 0.0327714 0)
(1.34797 0.0347021 0)
(1.34293 0.0369372 0)
(1.34037 0.0377657 0)
(1.33786 0.0368467 0)
(1.33349 0.0333541 0)
(1.32725 0.0262928 0)
(1.32293 0.0209486 0)
(1.32201 0.0187519 0)
(1.32286 0.0156077 0)
(1.32574 0.0118888 0)
(1.32902 0.00631436 0)
(1.33034 -0.00199566 0)
(1.33084 -0.0114604 0)
(1.33286 -0.0191132 0)
(1.337 -0.0221215 0)
(1.34255 -0.0207642 0)
(1.34907 -0.0177361 0)
(1.35644 -0.0158754 0)
(1.3631 -0.0180202 0)
(1.36606 -0.0255893 0)
(1.36704 -0.0371805 0)
(1.36842 -0.0488094 0)
(1.37076 -0.0558185 0)
(1.37426 -0.0562867 0)
(1.37936 -0.0499995 0)
(1.38614 -0.0387335 0)
(1.393 -0.0286319 0)
(1.39653 -0.0243716 0)
(1.39765 -0.0239781 0)
(1.39842 -0.0254275 0)
(1.39903 -0.0281626 0)
(1.4009 -0.031983 0)
(1.40593 -0.0362772 0)
(1.41379 -0.0378618 0)
(1.42156 -0.037604 0)
(1.42718 -0.0375761 0)
(1.42928 -0.0389668 0)
(1.42861 -0.0415124 0)
(1.42755 -0.043405 0)
(1.42819 -0.0431388 0)
(1.43227 -0.0407236 0)
(1.44073 -0.0358741 0)
(1.44975 -0.0297772 0)
(1.45384 -0.0270237 0)
(1.45504 -0.0261698 0)
(1.45673 -0.0248312 0)
(1.45911 -0.023874 0)
(1.46225 -0.0231996 0)
(1.46652 -0.0227843 0)
(1.47286 -0.0213361 0)
(1.47839 -0.0182814 0)
(1.48123 -0.0154724 0)
(1.48314 -0.0135896 0)
(1.48517 -0.012198 0)
(1.48792 -0.0109179 0)
(1.49066 -0.00955749 0)
(1.49192 -0.00871871 0)
(1.49295 -0.00821937 0)
(1.49382 -0.00772296 0)
(1.49462 -0.00726033 0)
(1.49549 -0.00681967 0)
(1.49691 -0.00624093 0)
(1.4994 -0.00537037 0)
(1.50296 -0.00432858 0)
(1.50527 -0.00372572 0)
(1.50582 -0.00356424 0)
(1.50623 -0.00348386 0)
(1.50662 -0.00337661 0)
(1.50701 -0.00325309 0)
(1.50748 -0.00311962 0)
(1.5083 -0.00292305 0)
(1.50979 -0.00257772 0)
(1.51194 -0.00208985 0)
(1.51337 -0.00174333 0)
(1.51372 -0.00161711 0)
(1.5139 -0.00155719 0)
(1.5141 -0.00149056 0)
(1.51444 -0.00137381 0)
(1.51505 -0.00117399 0)
(1.51568 -0.000937386 0)
(1.51586 -0.000810696 0)
(1.5159 -0.000716948 0)
(1.51584 -0.000587751 0)
(1.51563 -0.000493348 0)
(1.51548 -0.000440988 0)
(1.5155 -0.000419449 0)
(1.51554 -0.000403119 0)
(1.51563 -0.000365593 0)
(1.51589 -0.000293452 0)
(1.51635 -0.00018125 0)
(1.51665 -7.67418e-05 0)
(1.51668 -2.87304e-05 0)
(1.51666 1.9352e-05 0)
(1.51659 8.53869e-05 0)
(1.51646 0.00014538 0)
(1.51631 0.000198035 0)
(1.51618 0.000244998 0)
(1.51608 0.00028705 0)
(1.51596 0.000324662 0)
(1.51578 0.000354801 0)
(1.51551 0.000362029 0)
(1.51528 0.000357097 0)
(1.51522 0.000364499 0)
(1.51518 0.000379532 0)
(1.51514 0.000400506 0)
(1.5151 0.000423185 0)
(1.51506 0.000444915 0)
(1.515 0.000465219 0)
(1.51492 0.000485538 0)
(1.51474 0.000503685 0)
(1.51433 0.000509748 0)
(1.51333 0.000478659 0)
(1.51129 0.00038203 0)
(1.50898 0.000273557 0)
(1.50815 0.000250528 0)
(1.50809 0.000258633 0)
(1.50807 0.000270629 0)
(1.50809 0.000288327 0)
(1.50824 0.000319934 0)
(1.50877 0.000394316 0)
(1.42427 0.0207053 0)
(1.41925 0.0214233 0)
(1.41362 0.0245059 0)
(1.40685 0.0297617 0)
(1.39931 0.0347066 0)
(1.393 0.0368134 0)
(1.38917 0.036937 0)
(1.3875 0.0362779 0)
(1.38784 0.0345714 0)
(1.38772 0.0317758 0)
(1.3851 0.0268649 0)
(1.38111 0.0209965 0)
(1.38008 0.0179768 0)
(1.38121 0.0146857 0)
(1.385 0.0114484 0)
(1.39043 0.00837679 0)
(1.39474 0.00349785 0)
(1.39589 -0.0037259 0)
(1.39536 -0.0120601 0)
(1.39548 -0.0193991 0)
(1.39774 -0.0235823 0)
(1.4024 -0.0241031 0)
(1.4087 -0.0225125 0)
(1.41569 -0.0219251 0)
(1.41997 -0.0254922 0)
(1.41991 -0.032772 0)
(1.41876 -0.0425058 0)
(1.41796 -0.0512259 0)
(1.41801 -0.0547533 0)
(1.41942 -0.0518723 0)
(1.42322 -0.0438388 0)
(1.42794 -0.0346262 0)
(1.42951 -0.0303073 0)
(1.42902 -0.0295632 0)
(1.42785 -0.0298356 0)
(1.42731 -0.0310101 0)
(1.42766 -0.0321271 0)
(1.43075 -0.0326244 0)
(1.43807 -0.0316868 0)
(1.44573 -0.0320259 0)
(1.4498 -0.0357098 0)
(1.45098 -0.0397567 0)
(1.45062 -0.0427196 0)
(1.44886 -0.0450594 0)
(1.44659 -0.0463372 0)
(1.44611 -0.0454526 0)
(1.4502 -0.0412609 0)
(1.45823 -0.0344529 0)
(1.46288 -0.0309475 0)
(1.46341 -0.0303439 0)
(1.46363 -0.0297801 0)
(1.46414 -0.028999 0)
(1.46587 -0.0286761 0)
(1.46788 -0.0284041 0)
(1.47222 -0.02679 0)
(1.4787 -0.0232229 0)
(1.48311 -0.0195759 0)
(1.48463 -0.0174889 0)
(1.48618 -0.0156832 0)
(1.48775 -0.0139824 0)
(1.48996 -0.0125725 0)
(1.49225 -0.0112757 0)
(1.49319 -0.0104421 0)
(1.49411 -0.00983377 0)
(1.49492 -0.00918473 0)
(1.49568 -0.00857556 0)
(1.49661 -0.00798859 0)
(1.49812 -0.00720203 0)
(1.50077 -0.00607078 0)
(1.50409 -0.00493158 0)
(1.50573 -0.00443096 0)
(1.50612 -0.00430122 0)
(1.50651 -0.00420604 0)
(1.50687 -0.00407119 0)
(1.50725 -0.00391935 0)
(1.50774 -0.00375105 0)
(1.50862 -0.00349228 0)
(1.51029 -0.00301988 0)
(1.51246 -0.00240618 0)
(1.51364 -0.00205111 0)
(1.51391 -0.00193508 0)
(1.51408 -0.00186272 0)
(1.51427 -0.00177378 0)
(1.51463 -0.0016342 0)
(1.51528 -0.00138959 0)
(1.51589 -0.00111306 0)
(1.51604 -0.000977051 0)
(1.51606 -0.000854847 0)
(1.51596 -0.000701391 0)
(1.5157 -0.000590614 0)
(1.51554 -0.000529684 0)
(1.51556 -0.000499263 0)
(1.51559 -0.000472023 0)
(1.51569 -0.000427867 0)
(1.51597 -0.000343708 0)
(1.51646 -0.000205353 0)
(1.51673 -8.71134e-05 0)
(1.51675 -3.65751e-05 0)
(1.51672 2.28381e-05 0)
(1.51664 9.61836e-05 0)
(1.5165 0.000161584 0)
(1.51635 0.00022627 0)
(1.51623 0.000291879 0)
(1.51613 0.000352519 0)
(1.51599 0.000401727 0)
(1.51578 0.000430919 0)
(1.51549 0.000437188 0)
(1.51528 0.000442078 0)
(1.51523 0.000449953 0)
(1.5152 0.000465608 0)
(1.51517 0.000492407 0)
(1.51513 0.000519229 0)
(1.51508 0.000545968 0)
(1.51503 0.000572242 0)
(1.51494 0.000597744 0)
(1.51476 0.000618827 0)
(1.51432 0.000621126 0)
(1.51326 0.000573967 0)
(1.51114 0.00045223 0)
(1.50889 0.000325721 0)
(1.50816 0.000298872 0)
(1.50811 0.000306778 0)
(1.5081 0.000322101 0)
(1.50812 0.000344897 0)
(1.50828 0.000388859 0)
(1.50882 0.0004835 0)
(1.43549 0.0244793 0)
(1.43275 0.0267413 0)
(1.42963 0.0308407 0)
(1.4255 0.0360726 0)
(1.42112 0.0390578 0)
(1.41834 0.038968 0)
(1.41782 0.0377951 0)
(1.41944 0.0360908 0)
(1.42162 0.0339859 0)
(1.4225 0.0303452 0)
(1.42134 0.0256578 0)
(1.42095 0.0227854 0)
(1.42216 0.0199012 0)
(1.42577 0.0155815 0)
(1.43164 0.0110285 0)
(1.43732 0.00616625 0)
(1.44026 0.000255034 0)
(1.44049 -0.00693349 0)
(1.43962 -0.0148139 0)
(1.43898 -0.0214566 0)
(1.43976 -0.0253002 0)
(1.44263 -0.0262649 0)
(1.44713 -0.0256388 0)
(1.45172 -0.0264892 0)
(1.45262 -0.0307732 0)
(1.45111 -0.037273 0)
(1.44944 -0.0451974 0)
(1.44856 -0.051466 0)
(1.44857 -0.0523519 0)
(1.44999 -0.0479008 0)
(1.45291 -0.041388 0)
(1.45269 -0.038166 0)
(1.45023 -0.0377436 0)
(1.4476 -0.0375144 0)
(1.44522 -0.0375537 0)
(1.44464 -0.0375042 0)
(1.44612 -0.0360507 0)
(1.45274 -0.0323 0)
(1.46156 -0.0301996 0)
(1.46491 -0.0343272 0)
(1.46419 -0.0413035 0)
(1.46299 -0.0472473 0)
(1.46186 -0.0505819 0)
(1.46067 -0.0512696 0)
(1.45984 -0.0496211 0)
(1.46117 -0.0452507 0)
(1.46634 -0.0381037 0)
(1.47124 -0.0337255 0)
(1.47173 -0.0332526 0)
(1.47145 -0.0335605 0)
(1.47074 -0.0338766 0)
(1.4706 -0.0337569 0)
(1.47147 -0.0334192 0)
(1.4736 -0.0317197 0)
(1.47827 -0.0279771 0)
(1.48355 -0.0235757 0)
(1.48579 -0.0213231 0)
(1.4867 -0.0197739 0)
(1.48791 -0.0179354 0)
(1.48916 -0.0160693 0)
(1.49068 -0.0145175 0)
(1.4927 -0.0132834 0)
(1.49435 -0.0121142 0)
(1.49516 -0.0112174 0)
(1.49592 -0.0104541 0)
(1.49665 -0.00973069 0)
(1.49768 -0.00895942 0)
(1.49935 -0.00790729 0)
(1.50218 -0.00658878 0)
(1.50501 -0.00549859 0)
(1.506 -0.00511872 0)
(1.50633 -0.00500456 0)
(1.50669 -0.00488799 0)
(1.50704 -0.00473388 0)
(1.50742 -0.00457072 0)
(1.50797 -0.0043758 0)
(1.50902 -0.00400211 0)
(1.51093 -0.00334574 0)
(1.51299 -0.002667 0)
(1.5138 -0.00236597 0)
(1.51398 -0.00225915 0)
(1.51415 -0.00218038 0)
(1.51438 -0.00206813 0)
(1.51481 -0.00187192 0)
(1.51555 -0.00156489 0)
(1.51612 -0.00125936 0)
(1.51623 -0.00112047 0)
(1.51623 -0.000972484 0)
(1.51607 -0.000809935 0)
(1.51573 -0.000693683 0)
(1.51555 -0.000623236 0)
(1.51556 -0.000588487 0)
(1.5156 -0.000551522 0)
(1.51573 -0.000480759 0)
(1.51608 -0.000363651 0)
(1.51659 -0.000196179 0)
(1.51682 -7.01189e-05 0)
(1.51683 -1.7932e-05 0)
(1.51679 5.46479e-05 0)
(1.51669 0.0001374 0)
(1.51654 0.000210476 0)
(1.51641 0.000281459 0)
(1.5163 0.00035247 0)
(1.51619 0.000418723 0)
(1.51605 0.000474823 0)
(1.51581 0.000511319 0)
(1.51549 0.000520206 0)
(1.51528 0.000529132 0)
(1.51524 0.00053972 0)
(1.51521 0.000558704 0)
(1.51518 0.000593856 0)
(1.51515 0.000627607 0)
(1.5151 0.000658358 0)
(1.51505 0.000687437 0)
(1.51496 0.000715264 0)
(1.51477 0.000736897 0)
(1.5143 0.000734783 0)
(1.51317 0.000672482 0)
(1.51097 0.000521544 0)
(1.5088 0.000380663 0)
(1.50816 0.000362413 0)
(1.50812 0.000373766 0)
(1.50811 0.00039363 0)
(1.50815 0.000419566 0)
(1.50833 0.000471316 0)
(1.50889 0.000580505 0)
(1.43826 0.0282924 0)
(1.43722 0.0315623 0)
(1.43559 0.0344911 0)
(1.43322 0.0361642 0)
(1.4307 0.0351138 0)
(1.43097 0.0332703 0)
(1.43328 0.0316145 0)
(1.4371 0.029046 0)
(1.44109 0.0261373 0)
(1.44313 0.0242331 0)
(1.44473 0.0230659 0)
(1.44656 0.0209256 0)
(1.44979 0.0167005 0)
(1.45488 0.0114008 0)
(1.4608 0.00635036 0)
(1.46469 0.00178559 0)
(1.46581 -0.00304609 0)
(1.46538 -0.00885172 0)
(1.46423 -0.0157915 0)
(1.4632 -0.0226828 0)
(1.46335 -0.0276403 0)
(1.46509 -0.0294377 0)
(1.46766 -0.0291257 0)
(1.46937 -0.0296292 0)
(1.46873 -0.0322139 0)
(1.46723 -0.0360522 0)
(1.46611 -0.0414123 0)
(1.46623 -0.0465289 0)
(1.4667 -0.0471938 0)
(1.46785 -0.0442312 0)
(1.46812 -0.0416636 0)
(1.46516 -0.0412906 0)
(1.46177 -0.0409789 0)
(1.45816 -0.0400646 0)
(1.45588 -0.0393173 0)
(1.45536 -0.0372014 0)
(1.45971 -0.0326681 0)
(1.46859 -0.0285202 0)
(1.47377 -0.0305195 0)
(1.47312 -0.0366785 0)
(1.47174 -0.0450668 0)
(1.47033 -0.0506463 0)
(1.46896 -0.0533489 0)
(1.46802 -0.0527897 0)
(1.4688 -0.048168 0)
(1.47284 -0.0405493 0)
(1.47728 -0.0358333 0)
(1.47775 -0.0355494 0)
(1.47734 -0.0362126 0)
(1.47622 -0.0371341 0)
(1.47522 -0.0376171 0)
(1.47533 -0.0373173 0)
(1.4766 -0.0355607 0)
(1.47973 -0.0318637 0)
(1.48405 -0.0269407 0)
(1.48667 -0.0242234 0)
(1.48747 -0.0229284 0)
(1.48837 -0.0216484 0)
(1.48928 -0.0199393 0)
(1.4903 -0.0182659 0)
(1.49185 -0.0167145 0)
(1.49397 -0.0148407 0)
(1.49551 -0.0132743 0)
(1.49621 -0.012263 0)
(1.49691 -0.0113958 0)
(1.49769 -0.0105288 0)
(1.49881 -0.00957551 0)
(1.50067 -0.0084264 0)
(1.50355 -0.00705984 0)
(1.50574 -0.00612304 0)
(1.50628 -0.00585019 0)
(1.5066 -0.00572696 0)
(1.50692 -0.00557608 0)
(1.50724 -0.00540152 0)
(1.5076 -0.00523075 0)
(1.50826 -0.00495471 0)
(1.50957 -0.00441794 0)
(1.51169 -0.00359021 0)
(1.51346 -0.00290648 0)
(1.51399 -0.00266646 0)
(1.51415 -0.00256297 0)
(1.51431 -0.00246319 0)
(1.51455 -0.00232877 0)
(1.51503 -0.00210136 0)
(1.51584 -0.00172847 0)
(1.51635 -0.00139848 0)
(1.51643 -0.00126204 0)
(1.51641 -0.00108685 0)
(1.51619 -0.000908279 0)
(1.5158 -0.000783419 0)
(1.51562 -0.000698521 0)
(1.51563 -0.000656491 0)
(1.51567 -0.000616398 0)
(1.51582 -0.00053719 0)
(1.51621 -0.000389431 0)
(1.51673 -0.000197212 0)
(1.51691 -7.20416e-05 0)
(1.51691 -2.01845e-05 0)
(1.51686 6.21171e-05 0)
(1.51675 0.000152713 0)
(1.51661 0.00024227 0)
(1.51649 0.000332819 0)
(1.51638 0.000418014 0)
(1.51627 0.000493937 0)
(1.51609 0.000555604 0)
(1.51582 0.000589995 0)
(1.51547 0.000602035 0)
(1.5153 0.000615656 0)
(1.51527 0.000626206 0)
(1.51524 0.000649203 0)
(1.51522 0.000689542 0)
(1.51519 0.000730673 0)
(1.51514 0.000765547 0)
(1.51509 0.000799319 0)
(1.51499 0.000831768 0)
(1.51479 0.000854985 0)
(1.51428 0.00084686 0)
(1.51305 0.000764362 0)
(1.51077 0.000582584 0)
(1.50871 0.000428822 0)
(1.50818 0.000409689 0)
(1.50815 0.000420861 0)
(1.50814 0.000445524 0)
(1.50819 0.000478787 0)
(1.5084 0.000545331 0)
(1.50897 0.000678817 0)
(1.43899 0.031071 0)
(1.43887 0.032487 0)
(1.43775 0.0328672 0)
(1.43535 0.0316881 0)
(1.43516 0.0303108 0)
(1.43691 0.0295592 0)
(1.44017 0.0282597 0)
(1.44637 0.0270093 0)
(1.45239 0.0257633 0)
(1.45639 0.0243973 0)
(1.45928 0.0219775 0)
(1.46219 0.0181882 0)
(1.4664 0.0141477 0)
(1.47202 0.0100595 0)
(1.47722 0.00531019 0)
(1.47866 0.000160587 0)
(1.47817 -0.00536466 0)
(1.4774 -0.0116496 0)
(1.47635 -0.0178428 0)
(1.4755 -0.0235815 0)
(1.47575 -0.0279196 0)
(1.47702 -0.0298168 0)
(1.47797 -0.0300091 0)
(1.47769 -0.0303487 0)
(1.47659 -0.0315958 0)
(1.47582 -0.0340101 0)
(1.47628 -0.0387049 0)
(1.47735 -0.0440321 0)
(1.4773 -0.0468622 0)
(1.47668 -0.0468903 0)
(1.47453 -0.0459384 0)
(1.47152 -0.0452532 0)
(1.46808 -0.0433453 0)
(1.46518 -0.0412441 0)
(1.46351 -0.0386798 0)
(1.46538 -0.0345814 0)
(1.4719 -0.0300437 0)
(1.47754 -0.0305681 0)
(1.47802 -0.0347282 0)
(1.47646 -0.0427564 0)
(1.47597 -0.0488876 0)
(1.47479 -0.0522866 0)
(1.47396 -0.0529293 0)
(1.47484 -0.0493903 0)
(1.47857 -0.0424033 0)
(1.48166 -0.0380616 0)
(1.48136 -0.0377368 0)
(1.48081 -0.0383016 0)
(1.47963 -0.0393247 0)
(1.4785 -0.0403074 0)
(1.47844 -0.040298 0)
(1.47955 -0.0385855 0)
(1.48223 -0.0348579 0)
(1.48596 -0.0297374 0)
(1.48817 -0.0268235 0)
(1.48858 -0.0255709 0)
(1.48918 -0.0246382 0)
(1.48974 -0.0235375 0)
(1.49046 -0.0220979 0)
(1.49174 -0.0203587 0)
(1.49372 -0.0179177 0)
(1.49555 -0.0156566 0)
(1.49647 -0.0143107 0)
(1.49712 -0.0132978 0)
(1.49782 -0.0122846 0)
(1.49869 -0.0112791 0)
(1.49994 -0.0101938 0)
(1.50203 -0.00889949 0)
(1.50481 -0.00751945 0)
(1.50625 -0.00679811 0)
(1.50654 -0.00662116 0)
(1.50686 -0.00644406 0)
(1.50714 -0.00625502 0)
(1.50746 -0.00605893 0)
(1.50791 -0.00579878 0)
(1.50873 -0.00538045 0)
(1.51029 -0.00467794 0)
(1.51249 -0.00374896 0)
(1.51378 -0.00316416 0)
(1.51404 -0.00297319 0)
(1.51419 -0.00287532 0)
(1.51437 -0.00276824 0)
(1.51468 -0.00259761 0)
(1.51531 -0.00228936 0)
(1.51619 -0.00184735 0)
(1.51661 -0.00152345 0)
(1.51665 -0.00139027 0)
(1.51658 -0.00118974 0)
(1.51627 -0.0010053 0)
(1.51581 -0.000875423 0)
(1.51566 -0.000791079 0)
(1.51568 -0.000745075 0)
(1.51574 -0.000680609 0)
(1.51593 -0.000569156 0)
(1.51638 -0.000385592 0)
(1.51688 -0.000172227 0)
(1.51702 -5.20913e-05 0)
(1.51701 2.71083e-06 0)
(1.51694 9.61628e-05 0)
(1.51682 0.000194172 0)
(1.51669 0.000293439 0)
(1.51658 0.000392807 0)
(1.51648 0.000487024 0)
(1.51635 0.000571752 0)
(1.51615 0.000638689 0)
(1.51584 0.000675733 0)
(1.51548 0.00068732 0)
(1.51532 0.000707721 0)
(1.51528 0.000722534 0)
(1.51525 0.000752301 0)
(1.51525 0.000800038 0)
(1.51522 0.000849153 0)
(1.51518 0.000885844 0)
(1.51512 0.000920706 0)
(1.51502 0.000954777 0)
(1.5148 0.0009774 0)
(1.51424 0.000961574 0)
(1.5129 0.00085473 0)
(1.51054 0.000638003 0)
(1.50862 0.00048228 0)
(1.5082 0.000478207 0)
(1.50817 0.000490681 0)
(1.50817 0.000520802 0)
(1.50823 0.000556327 0)
(1.50848 0.000636955 0)
(1.50906 0.000786154 0)
(1.43957 0.0291239 0)
(1.43961 0.0290192 0)
(1.43875 0.0283052 0)
(1.43796 0.0276527 0)
(1.43919 0.027483 0)
(1.44166 0.0277078 0)
(1.44728 0.0290602 0)
(1.45498 0.0302207 0)
(1.46092 0.0285301 0)
(1.46449 0.0242747 0)
(1.46722 0.018515 0)
(1.471 0.0134885 0)
(1.47612 0.0101763 0)
(1.48243 0.00735289 0)
(1.48615 0.00299539 0)
(1.48595 -0.00207083 0)
(1.48402 -0.00952151 0)
(1.48322 -0.0149555 0)
(1.48248 -0.0189883 0)
(1.48232 -0.0233918 0)
(1.4833 -0.0274785 0)
(1.4842 -0.029687 0)
(1.48394 -0.0302069 0)
(1.48285 -0.0302737 0)
(1.48189 -0.0305809 0)
(1.48216 -0.0322558 0)
(1.48335 -0.0370842 0)
(1.48375 -0.0432113 0)
(1.48285 -0.0472116 0)
(1.48141 -0.0485033 0)
(1.47899 -0.0477541 0)
(1.47598 -0.0458837 0)
(1.47321 -0.0422622 0)
(1.47136 -0.0383024 0)
(1.47158 -0.0340663 0)
(1.47564 -0.0298905 0)
(1.48069 -0.0297009 0)
(1.4815 -0.0338552 0)
(1.48042 -0.040607 0)
(1.48028 -0.046811 0)
(1.47989 -0.0498305 0)
(1.47916 -0.0508877 0)
(1.47999 -0.0489002 0)
(1.48389 -0.0435231 0)
(1.48646 -0.0400686 0)
(1.4851 -0.0399044 0)
(1.48388 -0.0404402 0)
(1.48212 -0.0415827 0)
(1.48085 -0.0426813 0)
(1.48074 -0.0425665 0)
(1.48187 -0.0410198 0)
(1.48473 -0.037377 0)
(1.48845 -0.0321907 0)
(1.49024 -0.0293368 0)
(1.49036 -0.0282298 0)
(1.4904 -0.0273208 0)
(1.49053 -0.0263646 0)
(1.49097 -0.0254314 0)
(1.49193 -0.0239976 0)
(1.49388 -0.0211008 0)
(1.49582 -0.0180559 0)
(1.49681 -0.0163791 0)
(1.49735 -0.0153069 0)
(1.49798 -0.0142991 0)
(1.4987 -0.0132823 0)
(1.49964 -0.0122241 0)
(1.50108 -0.0109929 0)
(1.50344 -0.0094052 0)
(1.5059 -0.00802044 0)
(1.50675 -0.00751288 0)
(1.50699 -0.00732079 0)
(1.50726 -0.00708534 0)
(1.50751 -0.00684517 0)
(1.50781 -0.00659662 0)
(1.50833 -0.00626889 0)
(1.5093 -0.00575176 0)
(1.51117 -0.00486781 0)
(1.51327 -0.00388351 0)
(1.51408 -0.00344445 0)
(1.51423 -0.00330191 0)
(1.51438 -0.00318763 0)
(1.51456 -0.00304448 0)
(1.51493 -0.0028197 0)
(1.51566 -0.00242949 0)
(1.51656 -0.00193556 0)
(1.51688 -0.00163254 0)
(1.5169 -0.00148838 0)
(1.51678 -0.00126773 0)
(1.51639 -0.00108697 0)
(1.5159 -0.000963593 0)
(1.51575 -0.00087428 0)
(1.51577 -0.000824258 0)
(1.51584 -0.000744229 0)
(1.51606 -0.000600515 0)
(1.51657 -0.000377953 0)
(1.51704 -0.000153168 0)
(1.51712 -4.49562e-05 0)
(1.5171 2.05609e-05 0)
(1.51702 0.000125964 0)
(1.51691 0.000237995 0)
(1.51679 0.000351657 0)
(1.51669 0.000460748 0)
(1.51658 0.000562951 0)
(1.51643 0.000653561 0)
(1.5162 0.000723047 0)
(1.51583 0.000758945 0)
(1.51548 0.000774611 0)
(1.51535 0.000793338 0)
(1.51532 0.000808849 0)
(1.51529 0.000845303 0)
(1.51529 0.00090233 0)
(1.51527 0.000960377 0)
(1.51523 0.00100171 0)
(1.51517 0.0010416 0)
(1.51506 0.00107999 0)
(1.51481 0.00110127 0)
(1.51418 0.00107291 0)
(1.51271 0.000936715 0)
(1.51028 0.000685169 0)
(1.50854 0.000528002 0)
(1.50823 0.000527716 0)
(1.50821 0.000542387 0)
(1.50821 0.000581684 0)
(1.50829 0.000628425 0)
(1.50858 0.000732116 0)
(1.50917 0.000897128 0)
(1.44132 0.0269979 0)
(1.44156 0.0253375 0)
(1.44227 0.0235874 0)
(1.4435 0.0230921 0)
(1.44595 0.0238781 0)
(1.45128 0.0266813 0)
(1.45868 0.0295913 0)
(1.46456 0.0286025 0)
(1.46711 0.0246089 0)
(1.4691 0.0187106 0)
(1.47247 0.0128871 0)
(1.47731 0.00869803 0)
(1.48405 0.00630944 0)
(1.48991 0.00327114 0)
(1.49127 -0.000714316 0)
(1.48955 -0.00776915 0)
(1.4877 -0.0145963 0)
(1.48724 -0.0170699 0)
(1.48702 -0.0189824 0)
(1.48823 -0.0215521 0)
(1.48931 -0.0251613 0)
(1.48915 -0.0282737 0)
(1.48835 -0.0299847 0)
(1.48748 -0.0307603 0)
(1.48732 -0.0314994 0)
(1.48815 -0.0339084 0)
(1.48834 -0.0388078 0)
(1.48759 -0.0438695 0)
(1.48625 -0.0473711 0)
(1.48483 -0.0490113 0)
(1.48319 -0.04841 0)
(1.48084 -0.0456226 0)
(1.47905 -0.0410435 0)
(1.4787 -0.0358511 0)
(1.48058 -0.0314929 0)
(1.48382 -0.0304056 0)
(1.4844 -0.033662 0)
(1.48364 -0.0393306 0)
(1.48379 -0.0460405 0)
(1.4844 -0.0498479 0)
(1.48457 -0.0511381 0)
(1.48551 -0.0497482 0)
(1.48878 -0.0452791 0)
(1.4916 -0.0416605 0)
(1.48993 -0.0414107 0)
(1.48822 -0.0419867 0)
(1.48575 -0.0432669 0)
(1.48392 -0.0444377 0)
(1.48352 -0.0442749 0)
(1.48425 -0.0430305 0)
(1.48698 -0.039653 0)
(1.49096 -0.0346022 0)
(1.49264 -0.0319095 0)
(1.49263 -0.0309229 0)
(1.49212 -0.0300007 0)
(1.49156 -0.0290627 0)
(1.49163 -0.0282645 0)
(1.4923 -0.0269589 0)
(1.49433 -0.0242172 0)
(1.49659 -0.0206994 0)
(1.49739 -0.0186422 0)
(1.49781 -0.0173281 0)
(1.49835 -0.0162768 0)
(1.49883 -0.0153262 0)
(1.49942 -0.0144421 0)
(1.5005 -0.0134424 0)
(1.50241 -0.0117861 0)
(1.50497 -0.00973066 0)
(1.50666 -0.00854222 0)
(1.50707 -0.0081826 0)
(1.50734 -0.00795667 0)
(1.5076 -0.00766775 0)
(1.50788 -0.00737664 0)
(1.50822 -0.00711248 0)
(1.50876 -0.0067831 0)
(1.51002 -0.00611628 0)
(1.51221 -0.00497961 0)
(1.5139 -0.00406031 0)
(1.51426 -0.00375828 0)
(1.51439 -0.00361994 0)
(1.51454 -0.00347387 0)
(1.51477 -0.00328143 0)
(1.51522 -0.00299192 0)
(1.51609 -0.00253262 0)
(1.51695 -0.00201486 0)
(1.51716 -0.00174546 0)
(1.51716 -0.00157637 0)
(1.51697 -0.00134682 0)
(1.51648 -0.00117416 0)
(1.51597 -0.00105282 0)
(1.51585 -0.000955139 0)
(1.51587 -0.000892824 0)
(1.51596 -0.00078561 0)
(1.51624 -0.000606229 0)
(1.5168 -0.000342932 0)
(1.51719 -0.000114998 0)
(1.51723 -2.02044e-05 0)
(1.5172 6.14987e-05 0)
(1.51711 0.000177502 0)
(1.51701 0.000299694 0)
(1.51691 0.000421622 0)
(1.51681 0.000538536 0)
(1.51669 0.000647725 0)
(1.51652 0.000742149 0)
(1.51626 0.000810618 0)
(1.51585 0.000844047 0)
(1.51548 0.000866043 0)
(1.51538 0.000893348 0)
(1.51534 0.000913887 0)
(1.51533 0.000957228 0)
(1.51534 0.00102182 0)
(1.51532 0.00108518 0)
(1.51528 0.00112809 0)
(1.51522 0.00117001 0)
(1.51509 0.0012103 0)
(1.51481 0.00122911 0)
(1.5141 0.00118605 0)
(1.51249 0.00101362 0)
(1.51001 0.000731335 0)
(1.50848 0.000589398 0)
(1.50826 0.000599123 0)
(1.50825 0.000617117 0)
(1.50825 0.000662427 0)
(1.50836 0.00071526 0)
(1.50869 0.000839192 0)
(1.50927 0.00101266 0)
(1.44518 0.024226 0)
(1.44663 0.0214524 0)
(1.44909 0.019339 0)
(1.45276 0.018805 0)
(1.45832 0.0205589 0)
(1.46524 0.0230019 0)
(1.47002 0.0228377 0)
(1.47138 0.0209408 0)
(1.47205 0.015717 0)
(1.47378 0.0111028 0)
(1.47756 0.00755567 0)
(1.48415 0.00484932 0)
(1.49171 0.0022655 0)
(1.49494 -0.00155278 0)
(1.49423 -0.00681738 0)
(1.4924 -0.0142851 0)
(1.49202 -0.0174009 0)
(1.49179 -0.0182443 0)
(1.4932 -0.0182303 0)
(1.49502 -0.0197616 0)
(1.49437 -0.0235954 0)
(1.49312 -0.0276397 0)
(1.49239 -0.0304695 0)
(1.49239 -0.0319682 0)
(1.49346 -0.0333028 0)
(1.4939 -0.0362584 0)
(1.49269 -0.0401145 0)
(1.49104 -0.0434455 0)
(1.48939 -0.0458387 0)
(1.48834 -0.0470705 0)
(1.48771 -0.046314 0)
(1.4866 -0.043081 0)
(1.48577 -0.0384141 0)
(1.48626 -0.033833 0)
(1.48811 -0.0312748 0)
(1.48895 -0.0326184 0)
(1.48808 -0.036677 0)
(1.48773 -0.0433428 0)
(1.48869 -0.0487308 0)
(1.4896 -0.0505406 0)
(1.49081 -0.0497224 0)
(1.4935 -0.0462775 0)
(1.49666 -0.0426261 0)
(1.49562 -0.0423056 0)
(1.49366 -0.042928 0)
(1.49104 -0.0441018 0)
(1.48835 -0.0452416 0)
(1.48752 -0.0451808 0)
(1.48751 -0.0443126 0)
(1.48944 -0.0415936 0)
(1.49335 -0.0370037 0)
(1.49527 -0.034356 0)
(1.49524 -0.0334709 0)
(1.49449 -0.0326553 0)
(1.49325 -0.0318226 0)
(1.4929 -0.0308877 0)
(1.49334 -0.0293807 0)
(1.49495 -0.0268105 0)
(1.49743 -0.0231518 0)
(1.49849 -0.0209356 0)
(1.49858 -0.0196742 0)
(1.49877 -0.0184554 0)
(1.49901 -0.0174106 0)
(1.49941 -0.016584 0)
(1.50022 -0.0156694 0)
(1.50181 -0.01407 0)
(1.50426 -0.0117442 0)
(1.50634 -0.0098516 0)
(1.507 -0.00913513 0)
(1.50733 -0.00886498 0)
(1.50764 -0.00861531 0)
(1.50792 -0.00831062 0)
(1.50818 -0.00799877 0)
(1.50853 -0.00772764 0)
(1.50934 -0.0072425 0)
(1.51108 -0.00623753 0)
(1.51334 -0.00492923 0)
(1.51437 -0.00427536 0)
(1.51452 -0.00406449 0)
(1.51465 -0.00389604 0)
(1.51478 -0.00371007 0)
(1.51503 -0.00349205 0)
(1.51557 -0.00314301 0)
(1.51657 -0.0025945 0)
(1.51734 -0.00206632 0)
(1.51746 -0.00183449 0)
(1.51742 -0.001637 0)
(1.51715 -0.00141282 0)
(1.51655 -0.00125724 0)
(1.51604 -0.00113794 0)
(1.51596 -0.00103372 0)
(1.51598 -0.000959083 0)
(1.5161 -0.00082037 0)
(1.51645 -0.000597144 0)
(1.51704 -0.000295179 0)
(1.51734 -7.95301e-05 0)
(1.51735 3.7813e-06 0)
(1.5173 0.000102342 0)
(1.51721 0.000230709 0)
(1.51712 0.000364053 0)
(1.51703 0.000495691 0)
(1.51693 0.000621602 0)
(1.5168 0.000738005 0)
(1.51661 0.00083715 0)
(1.5163 0.000906001 0)
(1.51585 0.000935724 0)
(1.51551 0.000954635 0)
(1.51542 0.000978887 0)
(1.51539 0.00100534 0)
(1.51538 0.00105798 0)
(1.5154 0.0011363 0)
(1.51538 0.00120704 0)
(1.51533 0.0012542 0)
(1.51527 0.00130079 0)
(1.51513 0.00134365 0)
(1.5148 0.00135679 0)
(1.514 0.0012928 0)
(1.51221 0.0010786 0)
(1.50972 0.000770436 0)
(1.50845 0.000646678 0)
(1.50831 0.00066081 0)
(1.50829 0.000683987 0)
(1.5083 0.00073918 0)
(1.50844 0.000802928 0)
(1.50883 0.000952727 0)
(1.50939 0.00113116 0)
(1.45332 0.0204749 0)
(1.45489 0.0185163 0)
(1.45858 0.016677 0)
(1.46508 0.0164014 0)
(1.47294 0.017345 0)
(1.47785 0.0169216 0)
(1.47931 0.0156536 0)
(1.47945 0.0119 0)
(1.47961 0.00807503 0)
(1.48067 0.00643814 0)
(1.48457 0.00501877 0)
(1.49206 0.00319474 0)
(1.49747 -0.00124021 0)
(1.49804 -0.00645731 0)
(1.49701 -0.0130419 0)
(1.49712 -0.0173179 0)
(1.49731 -0.0188734 0)
(1.49866 -0.018338 0)
(1.50124 -0.0173507 0)
(1.50094 -0.0187406 0)
(1.49878 -0.0223562 0)
(1.49729 -0.0270767 0)
(1.49678 -0.0303862 0)
(1.49775 -0.0325195 0)
(1.49965 -0.0349915 0)
(1.4991 -0.0382458 0)
(1.49715 -0.041078 0)
(1.49506 -0.043131 0)
(1.49336 -0.0444954 0)
(1.49274 -0.0449509 0)
(1.49298 -0.0438087 0)
(1.49286 -0.0408442 0)
(1.4925 -0.037318 0)
(1.49277 -0.0346461 0)
(1.49329 -0.0343246 0)
(1.49259 -0.0363723 0)
(1.49199 -0.0407641 0)
(1.49269 -0.0463993 0)
(1.49413 -0.0494708 0)
(1.49591 -0.0490472 0)
(1.49849 -0.0465291 0)
(1.50129 -0.0437358 0)
(1.50084 -0.0431844 0)
(1.4987 -0.0435673 0)
(1.49654 -0.0445171 0)
(1.49369 -0.0454095 0)
(1.4923 -0.0454518 0)
(1.49165 -0.0449189 0)
(1.49245 -0.04297 0)
(1.49563 -0.0391814 0)
(1.49797 -0.0364742 0)
(1.49797 -0.0355908 0)
(1.49736 -0.0350095 0)
(1.49581 -0.0342247 0)
(1.49497 -0.0330076 0)
(1.49518 -0.0315757 0)
(1.49626 -0.0291579 0)
(1.49841 -0.0254205 0)
(1.49969 -0.0228537 0)
(1.49971 -0.0217395 0)
(1.49965 -0.0207197 0)
(1.49964 -0.0197402 0)
(1.49983 -0.0188607 0)
(1.50041 -0.0178523 0)
(1.50167 -0.0162271 0)
(1.5038 -0.0137952 0)
(1.50611 -0.0114684 0)
(1.50713 -0.0104088 0)
(1.5074 -0.00998942 0)
(1.50768 -0.00965457 0)
(1.5079 -0.00934451 0)
(1.50814 -0.00906576 0)
(1.50843 -0.008776 0)
(1.50905 -0.00823334 0)
(1.51035 -0.0072971 0)
(1.51249 -0.00593735 0)
(1.51423 -0.00490196 0)
(1.5146 -0.00456922 0)
(1.51469 -0.00439805 0)
(1.51481 -0.0042001 0)
(1.51497 -0.00399457 0)
(1.51531 -0.00370016 0)
(1.51602 -0.00324748 0)
(1.51711 -0.00260574 0)
(1.51772 -0.00210571 0)
(1.51777 -0.00190903 0)
(1.51767 -0.00168317 0)
(1.5173 -0.00146771 0)
(1.5166 -0.00133292 0)
(1.51613 -0.00121099 0)
(1.51609 -0.00110817 0)
(1.51612 -0.00100949 0)
(1.51627 -0.000833166 0)
(1.51671 -0.000554858 0)
(1.51729 -0.00022196 0)
(1.51748 -3.23986e-05 0)
(1.51746 4.79951e-05 0)
(1.5174 0.000163273 0)
(1.51733 0.000298503 0)
(1.51725 0.000437215 0)
(1.51717 0.000575827 0)
(1.51706 0.000708445 0)
(1.51692 0.000830038 0)
(1.51671 0.000931947 0)
(1.51634 0.000999313 0)
(1.51585 0.00102855 0)
(1.51553 0.00105698 0)
(1.51546 0.0010835 0)
(1.51543 0.00111685 0)
(1.51543 0.00117681 0)
(1.51546 0.00126351 0)
(1.51544 0.00133712 0)
(1.5154 0.00138623 0)
(1.51532 0.00143596 0)
(1.51516 0.00148023 0)
(1.51479 0.00148749 0)
(1.51386 0.00139928 0)
(1.51188 0.00113678 0)
(1.50945 0.00081204 0)
(1.50844 0.000716115 0)
(1.50835 0.000735034 0)
(1.50833 0.000762599 0)
(1.50836 0.000824067 0)
(1.50853 0.000896669 0)
(1.50898 0.00107407 0)
(1.5095 0.00125292 0)
(1.46343 0.0150102 0)
(1.46481 0.0138408 0)
(1.46944 0.0128765 0)
(1.4778 0.0128992 0)
(1.48473 0.0121823 0)
(1.48693 0.0105947 0)
(1.4874 0.0079705 0)
(1.48703 0.00477141 0)
(1.48733 0.00357879 0)
(1.48878 0.00342609 0)
(1.49347 0.00343108 0)
(1.49877 0.000491425 0)
(1.5006 -0.00478725 0)
(1.50093 -0.0105599 0)
(1.50156 -0.0152125 0)
(1.50255 -0.0177625 0)
(1.50451 -0.0179402 0)
(1.50731 -0.0166288 0)
(1.50771 -0.016776 0)
(1.50581 -0.0183996 0)
(1.50323 -0.0232767 0)
(1.50198 -0.0275755 0)
(1.50153 -0.0305302 0)
(1.50309 -0.0327398 0)
(1.50504 -0.035543 0)
(1.50408 -0.0386448 0)
(1.50198 -0.0407722 0)
(1.49984 -0.0420008 0)
(1.49836 -0.0425154 0)
(1.49806 -0.0422385 0)
(1.49846 -0.0411707 0)
(1.49852 -0.0394655 0)
(1.49821 -0.0377747 0)
(1.49809 -0.036949 0)
(1.49768 -0.0378018 0)
(1.49697 -0.0400653 0)
(1.49707 -0.0436452 0)
(1.49838 -0.0469756 0)
(1.50047 -0.047821 0)
(1.50288 -0.04549 0)
(1.50532 -0.043474 0)
(1.50545 -0.0436736 0)
(1.50356 -0.0440058 0)
(1.50168 -0.0446104 0)
(1.49933 -0.0452792 0)
(1.49739 -0.0454061 0)
(1.49634 -0.0450936 0)
(1.49608 -0.0438818 0)
(1.49801 -0.0411053 0)
(1.50059 -0.0383349 0)
(1.50075 -0.037275 0)
(1.50034 -0.0368495 0)
(1.4989 -0.0361182 0)
(1.49767 -0.0348664 0)
(1.49759 -0.0334718 0)
(1.49811 -0.0312177 0)
(1.49969 -0.0276568 0)
(1.50101 -0.0248124 0)
(1.50109 -0.0236022 0)
(1.50082 -0.0227427 0)
(1.50048 -0.0217911 0)
(1.50051 -0.0210145 0)
(1.50097 -0.0199192 0)
(1.50202 -0.0182067 0)
(1.50381 -0.0156778 0)
(1.50597 -0.0130812 0)
(1.50716 -0.0117522 0)
(1.50745 -0.0112443 0)
(1.5077 -0.010895 0)
(1.50789 -0.010546 0)
(1.50811 -0.0102515 0)
(1.5084 -0.00993497 0)
(1.50902 -0.00928978 0)
(1.51007 -0.00824588 0)
(1.51167 -0.00686382 0)
(1.51369 -0.00568065 0)
(1.51475 -0.00511701 0)
(1.51487 -0.004919 0)
(1.51496 -0.00473463 0)
(1.51507 -0.00450245 0)
(1.51528 -0.00421587 0)
(1.5157 -0.00383971 0)
(1.51657 -0.00326891 0)
(1.51767 -0.00256838 0)
(1.51808 -0.00213545 0)
(1.51808 -0.00195689 0)
(1.51791 -0.00170843 0)
(1.51741 -0.00151265 0)
(1.51664 -0.00139961 0)
(1.51625 -0.0012795 0)
(1.51623 -0.0011836 0)
(1.51628 -0.00105759 0)
(1.51649 -0.000835037 0)
(1.51701 -0.00049099 0)
(1.51752 -0.000147004 0)
(1.51761 1.01381e-05 0)
(1.51757 0.000106606 0)
(1.51752 0.000235149 0)
(1.51746 0.000376826 0)
(1.51739 0.000521497 0)
(1.51731 0.000666424 0)
(1.5172 0.000803905 0)
(1.51704 0.000929032 0)
(1.5168 0.0010323 0)
(1.51638 0.00109649 0)
(1.51585 0.00112269 0)
(1.51556 0.00115472 0)
(1.51551 0.00118197 0)
(1.51548 0.00122504 0)
(1.51549 0.0012953 0)
(1.51553 0.00139369 0)
(1.51551 0.00147072 0)
(1.51546 0.00152283 0)
(1.51537 0.00157637 0)
(1.51519 0.00162081 0)
(1.51475 0.00161669 0)
(1.51367 0.00149302 0)
(1.51151 0.00117539 0)
(1.5092 0.000847986 0)
(1.50845 0.0007818 0)
(1.5084 0.000802949 0)
(1.50838 0.000837176 0)
(1.50843 0.000908229 0)
(1.50865 0.000995099 0)
(1.50915 0.00120501 0)
(1.50961 0.00137907 0)
(1.47323 0.0109027 0)
(1.47554 0.0106504 0)
(1.48138 0.0115573 0)
(1.48937 0.0115036 0)
(1.49345 0.00905788 0)
(1.49405 0.00644665 0)
(1.49399 0.00338504 0)
(1.49419 0.00195475 0)
(1.49498 0.00186301 0)
(1.49777 0.0024636 0)
(1.50128 0.0011302 0)
(1.50275 -0.00247712 0)
(1.50348 -0.00705708 0)
(1.50448 -0.0114463 0)
(1.50616 -0.0147006 0)
(1.50916 -0.0159645 0)
(1.51289 -0.0152048 0)
(1.51436 -0.0150451 0)
(1.5129 -0.0160013 0)
(1.5101 -0.0195335 0)
(1.50723 -0.0249515 0)
(1.50636 -0.0281479 0)
(1.50627 -0.0307293 0)
(1.50807 -0.0326834 0)
(1.50964 -0.0353604 0)
(1.50889 -0.0382065 0)
(1.50716 -0.0399974 0)
(1.50547 -0.0408333 0)
(1.50442 -0.041051 0)
(1.50396 -0.0410013 0)
(1.50356 -0.0408046 0)
(1.50304 -0.0402898 0)
(1.50267 -0.0398185 0)
(1.50232 -0.0402761 0)
(1.50179 -0.0416958 0)
(1.50179 -0.0435738 0)
(1.50294 -0.0452423 0)
(1.50519 -0.0454681 0)
(1.50756 -0.0441942 0)
(1.50876 -0.0435443 0)
(1.50852 -0.0437168 0)
(1.50742 -0.0445686 0)
(1.50582 -0.045392 0)
(1.50424 -0.0458173 0)
(1.50251 -0.0457956 0)
(1.50123 -0.0454576 0)
(1.50028 -0.0445869 0)
(1.50081 -0.0426708 0)
(1.50304 -0.0400021 0)
(1.50365 -0.0385489 0)
(1.50325 -0.0381615 0)
(1.50209 -0.0374965 0)
(1.50061 -0.0362517 0)
(1.50018 -0.0348135 0)
(1.50023 -0.0328105 0)
(1.5012 -0.0297305 0)
(1.50234 -0.0269109 0)
(1.50248 -0.0255125 0)
(1.5022 -0.024754 0)
(1.50165 -0.0238134 0)
(1.50145 -0.0228789 0)
(1.50176 -0.0216329 0)
(1.50264 -0.0199262 0)
(1.50423 -0.0173514 0)
(1.50618 -0.0146946 0)
(1.50729 -0.013252 0)
(1.50762 -0.0126403 0)
(1.5078 -0.0123675 0)
(1.50787 -0.0119704 0)
(1.50806 -0.0116235 0)
(1.50844 -0.0110769 0)
(1.50917 -0.0101823 0)
(1.51019 -0.00899285 0)
(1.51143 -0.00771026 0)
(1.51288 -0.00666398 0)
(1.51427 -0.00594893 0)
(1.51502 -0.0054982 0)
(1.5152 -0.00524647 0)
(1.51528 -0.00500612 0)
(1.51542 -0.00471295 0)
(1.51566 -0.00437072 0)
(1.51618 -0.00390241 0)
(1.51721 -0.00321792 0)
(1.51821 -0.00251284 0)
(1.51842 -0.00216854 0)
(1.51838 -0.00197467 0)
(1.51812 -0.00172304 0)
(1.51748 -0.00155625 0)
(1.51668 -0.00145667 0)
(1.51639 -0.00133062 0)
(1.51638 -0.00124114 0)
(1.51646 -0.0010798 0)
(1.51675 -0.000797777 0)
(1.51734 -0.000390116 0)
(1.51773 -7.07402e-05 0)
(1.51774 6.09534e-05 0)
(1.5177 0.000176174 0)
(1.51766 0.000318331 0)
(1.51761 0.000468535 0)
(1.51754 0.000617163 0)
(1.51745 0.000766205 0)
(1.51734 0.000908489 0)
(1.51716 0.00103589 0)
(1.51688 0.00113779 0)
(1.5164 0.0011961 0)
(1.51585 0.00122277 0)
(1.51561 0.00126068 0)
(1.51556 0.00128832 0)
(1.51553 0.00134098 0)
(1.51556 0.00142189 0)
(1.51561 0.00153084 0)
(1.51559 0.00160999 0)
(1.51553 0.00166543 0)
(1.51543 0.00172323 0)
(1.51522 0.00176667 0)
(1.5147 0.00174855 0)
(1.51343 0.00158029 0)
(1.51108 0.00120373 0)
(1.50899 0.000890986 0)
(1.50847 0.000856694 0)
(1.50844 0.000878135 0)
(1.50843 0.000919324 0)
(1.5085 0.000999305 0)
(1.50878 0.00110425 0)
(1.50934 0.00134867 0)
(1.50973 0.00151038 0)
(1.48196 0.00775199 0)
(1.48656 0.00814896 0)
(1.49291 0.00905548 0)
(1.49746 0.00777947 0)
(1.49906 0.00539506 0)
(1.49965 0.00320024 0)
(1.5001 0.00168719 0)
(1.50093 0.00098275 0)
(1.50288 0.000755091 0)
(1.50488 -0.000399922 0)
(1.50543 -0.00257089 0)
(1.50574 -0.00577709 0)
(1.50657 -0.00881373 0)
(1.50807 -0.0114621 0)
(1.51148 -0.0131033 0)
(1.51645 -0.0132339 0)
(1.51947 -0.0133352 0)
(1.51881 -0.0142901 0)
(1.51694 -0.0165235 0)
(1.51288 -0.0222909 0)
(1.51109 -0.0268415 0)
(1.51052 -0.0296473 0)
(1.51096 -0.0317937 0)
(1.51266 -0.0333049 0)
(1.51381 -0.0351796 0)
(1.51355 -0.0371103 0)
(1.51267 -0.0382383 0)
(1.51161 -0.0386841 0)
(1.51042 -0.0393267 0)
(1.50912 -0.040377 0)
(1.50789 -0.0413681 0)
(1.50692 -0.0419727 0)
(1.50637 -0.0425021 0)
(1.50607 -0.0434218 0)
(1.50612 -0.0443858 0)
(1.50724 -0.0445457 0)
(1.50993 -0.0435209 0)
(1.51245 -0.0425246 0)
(1.51276 -0.0428357 0)
(1.51142 -0.0439652 0)
(1.50995 -0.0448911 0)
(1.50882 -0.0457612 0)
(1.50795 -0.0464481 0)
(1.50695 -0.0463792 0)
(1.50577 -0.0458154 0)
(1.50475 -0.0449054 0)
(1.50438 -0.0434519 0)
(1.5054 -0.0412348 0)
(1.50651 -0.0393959 0)
(1.50598 -0.0388419 0)
(1.50514 -0.0383418 0)
(1.50366 -0.0371781 0)
(1.50292 -0.0357263 0)
(1.50258 -0.0339506 0)
(1.50295 -0.0314345 0)
(1.50372 -0.0288953 0)
(1.50385 -0.0273967 0)
(1.5036 -0.026679 0)
(1.50298 -0.0256939 0)
(1.50268 -0.0245724 0)
(1.5029 -0.0232631 0)
(1.50357 -0.021541 0)
(1.50494 -0.0189404 0)
(1.50668 -0.0162773 0)
(1.50761 -0.0148135 0)
(1.50787 -0.0141767 0)
(1.508 -0.0139485 0)
(1.50799 -0.0135186 0)
(1.50813 -0.0130442 0)
(1.50858 -0.0122162 0)
(1.50939 -0.0111145 0)
(1.51043 -0.009724 0)
(1.51151 -0.00845431 0)
(1.51255 -0.00760066 0)
(1.51363 -0.00695559 0)
(1.51476 -0.00631841 0)
(1.51542 -0.00580779 0)
(1.51557 -0.00547523 0)
(1.51566 -0.00518754 0)
(1.5158 -0.00486653 0)
(1.51609 -0.00446036 0)
(1.51675 -0.00389063 0)
(1.5179 -0.00310436 0)
(1.51869 -0.00245073 0)
(1.51876 -0.00218852 0)
(1.51866 -0.00196334 0)
(1.51829 -0.00173018 0)
(1.51751 -0.001609 0)
(1.51674 -0.00151231 0)
(1.51655 -0.00138153 0)
(1.51656 -0.00128884 0)
(1.51667 -0.00108214 0)
(1.51707 -0.000726767 0)
(1.51768 -0.000274854 0)
(1.51791 -2.96223e-06 0)
(1.51789 0.000121815 0)
(1.51785 0.000253528 0)
(1.51781 0.000407936 0)
(1.51776 0.000567962 0)
(1.5177 0.000723031 0)
(1.5176 0.000874661 0)
(1.51748 0.00102114 0)
(1.51729 0.00115115 0)
(1.51696 0.00125033 0)
(1.51642 0.00130016 0)
(1.51586 0.00132492 0)
(1.51566 0.00136731 0)
(1.51562 0.00139636 0)
(1.5156 0.00146039 0)
(1.51564 0.00155449 0)
(1.5157 0.00167491 0)
(1.51567 0.00175514 0)
(1.51561 0.00181461 0)
(1.51549 0.00187599 0)
(1.51524 0.00191623 0)
(1.51461 0.00187423 0)
(1.51312 0.00164557 0)
(1.51063 0.00121229 0)
(1.50884 0.000935842 0)
(1.50851 0.000928124 0)
(1.50849 0.000950706 0)
(1.50849 0.00100179 0)
(1.50859 0.00109626 0)
(1.50895 0.00122806 0)
(1.50954 0.00150534 0)
(1.50984 0.00164615 0)
(1.49096 0.00646963 0)
(1.49678 0.00538622 0)
(1.50112 0.00497491 0)
(1.50307 0.00420144 0)
(1.504 0.00325966 0)
(1.50478 0.00239553 0)
(1.50591 0.00170994 0)
(1.5077 0.000845636 0)
(1.50898 -0.000898402 0)
(1.50895 -0.00327282 0)
(1.50856 -0.00648943 0)
(1.50887 -0.0086994 0)
(1.50966 -0.0104799 0)
(1.5123 -0.0117025 0)
(1.51763 -0.011862 0)
(1.52255 -0.0123511 0)
(1.52325 -0.0139115 0)
(1.52201 -0.0155987 0)
(1.51857 -0.0200032 0)
(1.51571 -0.0250963 0)
(1.51491 -0.0281413 0)
(1.5146 -0.0308067 0)
(1.51544 -0.032669 0)
(1.51685 -0.0340298 0)
(1.51775 -0.0353087 0)
(1.51825 -0.0361465 0)
(1.51864 -0.0364918 0)
(1.51747 -0.0374362 0)
(1.51517 -0.039132 0)
(1.51321 -0.0411786 0)
(1.51169 -0.0427051 0)
(1.51059 -0.043615 0)
(1.50996 -0.0443453 0)
(1.50999 -0.0448849 0)
(1.51114 -0.044557 0)
(1.514 -0.0429069 0)
(1.51688 -0.0416596 0)
(1.51659 -0.041992 0)
(1.51482 -0.043306 0)
(1.5129 -0.0450564 0)
(1.51152 -0.0460613 0)
(1.51045 -0.0466886 0)
(1.50993 -0.0468995 0)
(1.50963 -0.046479 0)
(1.50899 -0.0452854 0)
(1.5083 -0.0436685 0)
(1.50822 -0.0417695 0)
(1.50906 -0.0399204 0)
(1.50883 -0.0389812 0)
(1.50798 -0.0386961 0)
(1.50678 -0.0378954 0)
(1.50577 -0.0364936 0)
(1.50515 -0.0347791 0)
(1.50502 -0.0326802 0)
(1.50534 -0.0305375 0)
(1.50532 -0.029114 0)
(1.50501 -0.0284064 0)
(1.50445 -0.0274607 0)
(1.50413 -0.0262155 0)
(1.50426 -0.0247865 0)
(1.50475 -0.0230169 0)
(1.5059 -0.020474 0)
(1.50742 -0.0178617 0)
(1.50819 -0.0163347 0)
(1.50835 -0.0156548 0)
(1.50835 -0.0153611 0)
(1.50829 -0.014983 0)
(1.50845 -0.0143738 0)
(1.50893 -0.0134079 0)
(1.50971 -0.0121137 0)
(1.51066 -0.0106132 0)
(1.51157 -0.00945562 0)
(1.51233 -0.0087206 0)
(1.51312 -0.00809408 0)
(1.51424 -0.00735544 0)
(1.51538 -0.00654146 0)
(1.51587 -0.00597501 0)
(1.51598 -0.00564674 0)
(1.51606 -0.00534266 0)
(1.51622 -0.00497419 0)
(1.51658 -0.00449809 0)
(1.51742 -0.00381156 0)
(1.51861 -0.00295369 0)
(1.51911 -0.0023994 0)
(1.5191 -0.00219082 0)
(1.51892 -0.00193883 0)
(1.51841 -0.00174237 0)
(1.51749 -0.00167212 0)
(1.51684 -0.00156162 0)
(1.51674 -0.00142736 0)
(1.51676 -0.00129918 0)
(1.51694 -0.00104395 0)
(1.51745 -0.000606552 0)
(1.51798 -0.000144248 0)
(1.51807 7.65016e-05 0)
(1.51804 0.000204881 0)
(1.518 0.000348578 0)
(1.51797 0.000510783 0)
(1.51792 0.00067733 0)
(1.51786 0.000837333 0)
(1.51776 0.000990167 0)
(1.51763 0.00113954 0)
(1.51741 0.0012716 0)
(1.51704 0.00136711 0)
(1.51642 0.00140759 0)
(1.51588 0.00143273 0)
(1.51572 0.00147614 0)
(1.51568 0.00151206 0)
(1.51567 0.0015867 0)
(1.51573 0.00169685 0)
(1.51579 0.00182814 0)
(1.51575 0.00190818 0)
(1.51569 0.00197165 0)
(1.51555 0.00203619 0)
(1.51525 0.00206914 0)
(1.51448 0.00199272 0)
(1.51273 0.00169018 0)
(1.51017 0.00121684 0)
(1.50874 0.000997911 0)
(1.50856 0.00100686 0)
(1.50854 0.00103593 0)
(1.50855 0.00109511 0)
(1.5087 0.00120703 0)
(1.50915 0.00137152 0)
(1.50974 0.00167573 0)
(1.50994 0.0017837 0)
(1.49917 0.00384674 0)
(1.50351 0.000795136 0)
(1.50606 0.000509646 0)
(1.50752 0.00114733 0)
(1.50868 0.00187022 0)
(1.51003 0.00229162 0)
(1.51174 0.00168634 0)
(1.51278 -0.000496215 0)
(1.51239 -0.00376119 0)
(1.51132 -0.00797976 0)
(1.51133 -0.0102161 0)
(1.51162 -0.0114745 0)
(1.51322 -0.0122191 0)
(1.51766 -0.0119485 0)
(1.52368 -0.0118644 0)
(1.52624 -0.0137902 0)
(1.52559 -0.0161226 0)
(1.52308 -0.0196293 0)
(1.52037 -0.0239149 0)
(1.51924 -0.0267458 0)
(1.51841 -0.029372 0)
(1.51851 -0.0316548 0)
(1.51947 -0.0333371 0)
(1.52058 -0.0345417 0)
(1.52165 -0.0351659 0)
(1.52323 -0.0351018 0)
(1.52393 -0.035329 0)
(1.52184 -0.036372 0)
(1.51927 -0.0386049 0)
(1.5171 -0.0413406 0)
(1.51536 -0.0431434 0)
(1.51411 -0.044236 0)
(1.5137 -0.044707 0)
(1.51475 -0.0440986 0)
(1.51777 -0.0422633 0)
(1.52061 -0.0411211 0)
(1.52004 -0.0417263 0)
(1.51819 -0.0431171 0)
(1.5156 -0.04504 0)
(1.51408 -0.0462809 0)
(1.51275 -0.0467563 0)
(1.51204 -0.0468411 0)
(1.51221 -0.0462817 0)
(1.51247 -0.0449241 0)
(1.51217 -0.0431653 0)
(1.51165 -0.0414245 0)
(1.51121 -0.0401795 0)
(1.51103 -0.0392711 0)
(1.51054 -0.0386024 0)
(1.50961 -0.0381399 0)
(1.50863 -0.0371816 0)
(1.50786 -0.0356816 0)
(1.50741 -0.0338242 0)
(1.50728 -0.0319039 0)
(1.507 -0.0305303 0)
(1.5066 -0.0297868 0)
(1.50609 -0.0289805 0)
(1.50572 -0.0277667 0)
(1.50572 -0.0262657 0)
(1.50605 -0.0243924 0)
(1.50696 -0.021904 0)
(1.50823 -0.0194663 0)
(1.5089 -0.0179685 0)
(1.50899 -0.0172868 0)
(1.50894 -0.0168189 0)
(1.50892 -0.0162006 0)
(1.50909 -0.0153237 0)
(1.50952 -0.014298 0)
(1.51022 -0.0129278 0)
(1.51103 -0.0115271 0)
(1.51166 -0.0105567 0)
(1.51216 -0.009867 0)
(1.51273 -0.00926783 0)
(1.51371 -0.00853221 0)
(1.51506 -0.00752167 0)
(1.51607 -0.006568 0)
(1.51634 -0.00607311 0)
(1.51639 -0.00576742 0)
(1.51648 -0.00544116 0)
(1.51667 -0.00503643 0)
(1.51716 -0.00448337 0)
(1.5182 -0.00366511 0)
(1.51927 -0.00279806 0)
(1.51951 -0.00237132 0)
(1.51944 -0.00216081 0)
(1.51914 -0.00190246 0)
(1.51844 -0.00176569 0)
(1.51745 -0.00173574 0)
(1.51699 -0.00160905 0)
(1.51695 -0.001481 0)
(1.517 -0.00129305 0)
(1.51728 -0.00096871 0)
(1.51788 -0.000455427 0)
(1.51823 -3.04588e-05 0)
(1.51823 0.000154586 0)
(1.5182 0.000298883 0)
(1.51817 0.00045708 0)
(1.51813 0.00062797 0)
(1.51809 0.000801563 0)
(1.51803 0.000965823 0)
(1.51793 0.001119 0)
(1.51778 0.00126876 0)
(1.51753 0.00139956 0)
(1.51709 0.00148631 0)
(1.51641 0.00151491 0)
(1.5159 0.00154398 0)
(1.51579 0.00158776 0)
(1.51575 0.00163381 0)
(1.51575 0.00172104 0)
(1.51583 0.00185052 0)
(1.51589 0.00199007 0)
(1.51585 0.00206805 0)
(1.51577 0.00213622 0)
(1.51561 0.00220185 0)
(1.51523 0.00221954 0)
(1.51429 0.00209525 0)
(1.51225 0.00170659 0)
(1.50974 0.00121757 0)
(1.50871 0.00106679 0)
(1.50861 0.00108686 0)
(1.5086 0.00112384 0)
(1.50863 0.00119401 0)
(1.50884 0.00133138 0)
(1.50938 0.00153585 0)
(1.50993 0.00184992 0)
(1.51005 0.0019263 0)
(1.50464 -0.00138426 0)
(1.50787 -0.0030652 0)
(1.51026 -0.00179174 0)
(1.51218 0.000384475 0)
(1.51386 0.0020074 0)
(1.51539 0.00208309 0)
(1.51628 0.000347258 0)
(1.51597 -0.00322331 0)
(1.51455 -0.00851941 0)
(1.51421 -0.0114064 0)
(1.51415 -0.0124762 0)
(1.51494 -0.0128469 0)
(1.51818 -0.0121412 0)
(1.52385 -0.0114809 0)
(1.52777 -0.013532 0)
(1.52794 -0.0167554 0)
(1.52619 -0.0205619 0)
(1.52449 -0.0242329 0)
(1.52353 -0.0260037 0)
(1.52243 -0.0275796 0)
(1.52203 -0.0294055 0)
(1.52238 -0.0312305 0)
(1.52304 -0.0329095 0)
(1.52394 -0.0341242 0)
(1.5257 -0.034439 0)
(1.52807 -0.0342872 0)
(1.52773 -0.0351312 0)
(1.52546 -0.0364302 0)
(1.52278 -0.0394049 0)
(1.52066 -0.0419243 0)
(1.51881 -0.0432849 0)
(1.51766 -0.0439064 0)
(1.51819 -0.0433993 0)
(1.5211 -0.0416247 0)
(1.52398 -0.0406664 0)
(1.52345 -0.0414523 0)
(1.52161 -0.0427543 0)
(1.51886 -0.0447971 0)
(1.51675 -0.0464452 0)
(1.51526 -0.0467275 0)
(1.5141 -0.0467615 0)
(1.51419 -0.0461688 0)
(1.51519 -0.0444407 0)
(1.51573 -0.0423476 0)
(1.51521 -0.0409299 0)
(1.5141 -0.0401341 0)
(1.51301 -0.0394852 0)
(1.51223 -0.038982 0)
(1.51179 -0.0385213 0)
(1.51119 -0.0377141 0)
(1.51051 -0.0365954 0)
(1.50994 -0.035061 0)
(1.50953 -0.0332325 0)
(1.50903 -0.0318215 0)
(1.50845 -0.0309741 0)
(1.50788 -0.0300851 0)
(1.5075 -0.028948 0)
(1.50735 -0.0275609 0)
(1.50749 -0.0257092 0)
(1.50813 -0.0233114 0)
(1.50905 -0.0210621 0)
(1.50961 -0.019552 0)
(1.50969 -0.0187708 0)
(1.5097 -0.0182791 0)
(1.50975 -0.0174742 0)
(1.51 -0.0163598 0)
(1.51041 -0.0150729 0)
(1.51094 -0.0135959 0)
(1.51151 -0.0123742 0)
(1.51193 -0.0115809 0)
(1.51223 -0.0109443 0)
(1.51261 -0.0104246 0)
(1.51333 -0.00975186 0)
(1.51459 -0.00868855 0)
(1.51603 -0.00735606 0)
(1.51667 -0.00654408 0)
(1.51675 -0.00618208 0)
(1.5168 -0.00587299 0)
(1.5169 -0.00551572 0)
(1.51717 -0.00506189 0)
(1.51785 -0.00439637 0)
(1.51905 -0.00344397 0)
(1.51985 -0.00265598 0)
(1.5199 -0.00234832 0)
(1.51975 -0.00209559 0)
(1.5193 -0.00186705 0)
(1.51839 -0.00181436 0)
(1.51745 -0.00178837 0)
(1.51719 -0.00164062 0)
(1.51718 -0.00150771 0)
(1.51728 -0.00124008 0)
(1.5177 -0.000805609 0)
(1.51831 -0.000265614 0)
(1.51845 5.03846e-05 0)
(1.5184 0.00023181 0)
(1.51837 0.000407294 0)
(1.51833 0.000578712 0)
(1.5183 0.000758159 0)
(1.51826 0.000940096 0)
(1.5182 0.00110814 0)
(1.51809 0.00126182 0)
(1.51793 0.00141082 0)
(1.51765 0.00153674 0)
(1.51713 0.00160923 0)
(1.5164 0.00162515 0)
(1.51595 0.00165899 0)
(1.51586 0.0017034 0)
(1.51583 0.00176325 0)
(1.51584 0.00186564 0)
(1.51596 0.00201654 0)
(1.516 0.00215925 0)
(1.51595 0.00223505 0)
(1.51586 0.00230763 0)
(1.51566 0.0023717 0)
(1.51519 0.00236703 0)
(1.51401 0.00217455 0)
(1.5117 0.00169504 0)
(1.50938 0.00123339 0)
(1.50871 0.00115134 0)
(1.50867 0.00117411 0)
(1.50865 0.00122317 0)
(1.50872 0.0013063 0)
(1.50901 0.00147502 0)
(1.50964 0.00172134 0)
(1.5101 0.00202315 0)
(1.51017 0.00207612 0)
(1.50938 -0.00548027 0)
(1.51197 -0.00426886 0)
(1.51504 -0.000920809 0)
(1.51778 0.00162976 0)
(1.51929 0.00198356 0)
(1.51989 0.000661644 0)
(1.51952 -0.00285908 0)
(1.51802 -0.00880212 0)
(1.51744 -0.012351 0)
(1.51713 -0.0132401 0)
(1.51741 -0.0132384 0)
(1.51989 -0.0119073 0)
(1.52468 -0.0105465 0)
(1.52852 -0.0125752 0)
(1.52908 -0.0167796 0)
(1.52848 -0.0214224 0)
(1.52806 -0.024867 0)
(1.52723 -0.026041 0)
(1.52633 -0.0265098 0)
(1.52598 -0.0272527 0)
(1.52599 -0.0286377 0)
(1.52601 -0.0304444 0)
(1.5262 -0.0321881 0)
(1.52725 -0.0333531 0)
(1.5299 -0.0336331 0)
(1.53189 -0.0341015 0)
(1.53053 -0.0352177 0)
(1.52825 -0.0369844 0)
(1.52576 -0.0397347 0)
(1.52379 -0.0415657 0)
(1.5221 -0.0426839 0)
(1.52172 -0.0429094 0)
(1.52395 -0.0416119 0)
(1.5269 -0.0404686 0)
(1.52665 -0.0411617 0)
(1.52492 -0.0422521 0)
(1.52236 -0.0442318 0)
(1.51969 -0.046209 0)
(1.51811 -0.0466302 0)
(1.51661 -0.046689 0)
(1.51625 -0.0461079 0)
(1.51742 -0.0441066 0)
(1.51871 -0.0415824 0)
(1.51822 -0.0403617 0)
(1.51699 -0.0400217 0)
(1.51563 -0.0397383 0)
(1.51438 -0.0394262 0)
(1.5135 -0.0390894 0)
(1.51292 -0.0384722 0)
(1.51263 -0.0374551 0)
(1.5123 -0.0360204 0)
(1.51186 -0.0344062 0)
(1.51128 -0.0329411 0)
(1.51061 -0.0318386 0)
(1.50999 -0.030781 0)
(1.50953 -0.0296883 0)
(1.50923 -0.0284177 0)
(1.50915 -0.0267087 0)
(1.50951 -0.0245676 0)
(1.51002 -0.0226043 0)
(1.5103 -0.0211761 0)
(1.5104 -0.020264 0)
(1.51048 -0.019704 0)
(1.51064 -0.0187607 0)
(1.51108 -0.0174234 0)
(1.51161 -0.0157292 0)
(1.51204 -0.0141399 0)
(1.51222 -0.0131291 0)
(1.5123 -0.0124675 0)
(1.51241 -0.0119336 0)
(1.51268 -0.0114963 0)
(1.5132 -0.0108785 0)
(1.51424 -0.00990302 0)
(1.51581 -0.00839883 0)
(1.51692 -0.00715932 0)
(1.51711 -0.00664654 0)
(1.51714 -0.00631355 0)
(1.5172 -0.00597041 0)
(1.51735 -0.00556839 0)
(1.51775 -0.00503194 0)
(1.51868 -0.00419966 0)
(1.51992 -0.00315733 0)
(1.52035 -0.00253276 0)
(1.52029 -0.00229445 0)
(1.52002 -0.00202208 0)
(1.51937 -0.0018648 0)
(1.51827 -0.00189432 0)
(1.51753 -0.00182714 0)
(1.51742 -0.00167927 0)
(1.51744 -0.0014924 0)
(1.51764 -0.00113956 0)
(1.5182 -0.000578976 0)
(1.51867 -7.52881e-05 0)
(1.51867 0.000114761 0)
(1.51858 0.000325977 0)
(1.51854 0.000525532 0)
(1.5185 0.000702716 0)
(1.51848 0.000894035 0)
(1.51844 0.00108784 0)
(1.51837 0.00126009 0)
(1.51826 0.00141584 0)
(1.51808 0.00156532 0)
(1.51775 0.00168436 0)
(1.51714 0.00173693 0)
(1.51638 0.00173892 0)
(1.51601 0.00178032 0)
(1.51595 0.00182475 0)
(1.51591 0.00190083 0)
(1.51596 0.00202204 0)
(1.51609 0.00219431 0)
(1.51611 0.00233368 0)
(1.51605 0.00240831 0)
(1.51594 0.0024854 0)
(1.5157 0.00254248 0)
(1.5151 0.00250219 0)
(1.51364 0.00222511 0)
(1.51109 0.00166198 0)
(1.50913 0.00126946 0)
(1.50875 0.00124282 0)
(1.50872 0.00126717 0)
(1.50872 0.00132865 0)
(1.50883 0.00142941 0)
(1.50923 0.00163934 0)
(1.50992 0.00192383 0)
(1.51025 0.00219301 0)
(1.51029 0.00223551 0)
(1.51428 -0.0076082 0)
(1.5171 -0.00323231 0)
(1.52083 0.000845682 0)
(1.52297 0.00173102 0)
(1.52367 0.00043376 0)
(1.52337 -0.00299625 0)
(1.52183 -0.00896691 0)
(1.52119 -0.0130634 0)
(1.52064 -0.0138343 0)
(1.52049 -0.0134304 0)
(1.52239 -0.0115195 0)
(1.52646 -0.00967216 0)
(1.52959 -0.0114756 0)
(1.53002 -0.0159024 0)
(1.53026 -0.0210275 0)
(1.53068 -0.0245326 0)
(1.53048 -0.02578 0)
(1.53009 -0.0257791 0)
(1.53005 -0.0254157 0)
(1.53002 -0.0259382 0)
(1.52946 -0.0276816 0)
(1.52899 -0.0298702 0)
(1.52915 -0.031797 0)
(1.5308 -0.0329686 0)
(1.53387 -0.0335455 0)
(1.53445 -0.0346734 0)
(1.5326 -0.0358856 0)
(1.53027 -0.0381452 0)
(1.52826 -0.0403935 0)
(1.52653 -0.0417206 0)
(1.52545 -0.0423789 0)
(1.52652 -0.0419131 0)
(1.52938 -0.0407845 0)
(1.52976 -0.0410622 0)
(1.52817 -0.0417843 0)
(1.5259 -0.0434251 0)
(1.52286 -0.0453782 0)
(1.52106 -0.0459554 0)
(1.51933 -0.0459909 0)
(1.51849 -0.0455179 0)
(1.51946 -0.0436779 0)
(1.52131 -0.0411055 0)
(1.52105 -0.0400546 0)
(1.51986 -0.0398724 0)
(1.51837 -0.0397188 0)
(1.51679 -0.0396513 0)
(1.51571 -0.0394588 0)
(1.5147 -0.0391007 0)
(1.51409 -0.0383397 0)
(1.51412 -0.0370033 0)
(1.51406 -0.0354025 0)
(1.51353 -0.0339756 0)
(1.51287 -0.0327494 0)
(1.51225 -0.0315538 0)
(1.51177 -0.0303355 0)
(1.51138 -0.0289325 0)
(1.51117 -0.027265 0)
(1.51119 -0.0255015 0)
(1.51125 -0.0239797 0)
(1.51121 -0.0227694 0)
(1.51117 -0.0218635 0)
(1.5112 -0.0211187 0)
(1.51139 -0.0200455 0)
(1.51196 -0.0185919 0)
(1.51274 -0.0165173 0)
(1.51317 -0.0147763 0)
(1.51319 -0.0138591 0)
(1.5131 -0.0132585 0)
(1.51306 -0.0128002 0)
(1.51312 -0.0123767 0)
(1.51336 -0.0118243 0)
(1.51408 -0.0109847 0)
(1.5155 -0.00951747 0)
(1.51704 -0.0079359 0)
(1.51749 -0.0072115 0)
(1.5175 -0.00684425 0)
(1.51753 -0.00648707 0)
(1.51762 -0.00608498 0)
(1.51785 -0.00560703 0)
(1.51847 -0.00491378 0)
(1.51967 -0.00385447 0)
(1.52069 -0.00285208 0)
(1.5208 -0.00243438 0)
(1.52066 -0.00218816 0)
(1.52023 -0.00194543 0)
(1.5193 -0.00191115 0)
(1.51816 -0.00197657 0)
(1.51771 -0.00184357 0)
(1.51768 -0.00170138 0)
(1.51774 -0.00142832 0)
(1.51809 -0.000950844 0)
(1.51874 -0.000302449 0)
(1.51897 8.30177e-05 0)
(1.5189 0.000220739 0)
(1.51876 0.000469759 0)
(1.5187 0.000659519 0)
(1.51868 0.000835963 0)
(1.51867 0.00104329 0)
(1.51863 0.00125033 0)
(1.51856 0.00142369 0)
(1.51843 0.00158017 0)
(1.51823 0.00172951 0)
(1.51784 0.00183831 0)
(1.51713 0.00186527 0)
(1.51636 0.0018592 0)
(1.51608 0.00190959 0)
(1.51603 0.00195412 0)
(1.51601 0.00204928 0)
(1.51609 0.00219331 0)
(1.51623 0.00238403 0)
(1.51623 0.00251398 0)
(1.51616 0.00259023 0)
(1.51603 0.00267072 0)
(1.51572 0.00271524 0)
(1.51494 0.00262389 0)
(1.51315 0.00223846 0)
(1.51048 0.00162192 0)
(1.50899 0.00133192 0)
(1.5088 0.00133868 0)
(1.50878 0.0013713 0)
(1.5088 0.00144391 0)
(1.50897 0.00156936 0)
(1.50949 0.00182952 0)
(1.51019 0.002139 0)
(1.51039 0.0023648 0)
(1.5104 0.00240001 0)
(1.5206 -0.00677667 0)
(1.5238 -0.00156438 0)
(1.52571 0.000124525 0)
(1.5263 -0.000616216 0)
(1.52609 -0.00357245 0)
(1.52493 -0.00935287 0)
(1.52487 -0.0138048 0)
(1.52464 -0.0147795 0)
(1.52454 -0.0140776 0)
(1.52604 -0.0117017 0)
(1.52909 -0.00956483 0)
(1.53104 -0.0109325 0)
(1.53098 -0.0149281 0)
(1.53133 -0.0200726 0)
(1.53233 -0.0236945 0)
(1.53317 -0.0251136 0)
(1.53387 -0.0248643 0)
(1.53431 -0.0241115 0)
(1.53419 -0.0243254 0)
(1.53312 -0.0258093 0)
(1.53211 -0.0283217 0)
(1.53164 -0.0307903 0)
(1.53213 -0.0325389 0)
(1.53452 -0.0334204 0)
(1.5371 -0.0341827 0)
(1.5363 -0.0353336 0)
(1.53428 -0.0366736 0)
(1.5321 -0.0387677 0)
(1.53039 -0.0402114 0)
(1.52898 -0.0411273 0)
(1.5289 -0.0415647 0)
(1.53115 -0.041131 0)
(1.53255 -0.0411527 0)
(1.53117 -0.0416733 0)
(1.52929 -0.0426254 0)
(1.52638 -0.0441061 0)
(1.52422 -0.0448933 0)
(1.52238 -0.0448966 0)
(1.52104 -0.0445264 0)
(1.52145 -0.0431247 0)
(1.52346 -0.0407862 0)
(1.52364 -0.0398168 0)
(1.52248 -0.0397386 0)
(1.52118 -0.0397561 0)
(1.51927 -0.039819 0)
(1.51775 -0.0396217 0)
(1.51668 -0.039296 0)
(1.5158 -0.0387901 0)
(1.51551 -0.0378169 0)
(1.51584 -0.0362487 0)
(1.51565 -0.0346099 0)
(1.51501 -0.0333716 0)
(1.51439 -0.0321856 0)
(1.51386 -0.0308677 0)
(1.51345 -0.0293565 0)
(1.51319 -0.0277106 0)
(1.51297 -0.0262081 0)
(1.51274 -0.0249694 0)
(1.51246 -0.0240106 0)
(1.51226 -0.0232523 0)
(1.51214 -0.0224452 0)
(1.51225 -0.021337 0)
(1.51279 -0.0198283 0)
(1.51372 -0.0175953 0)
(1.51424 -0.0157631 0)
(1.5141 -0.0148388 0)
(1.5139 -0.0141049 0)
(1.51384 -0.0135687 0)
(1.51381 -0.0131255 0)
(1.51389 -0.0126274 0)
(1.51431 -0.0119193 0)
(1.51539 -0.0106538 0)
(1.51703 -0.00893734 0)
(1.51781 -0.00792011 0)
(1.51784 -0.00749003 0)
(1.51786 -0.00710487 0)
(1.51792 -0.00666129 0)
(1.51808 -0.00618057 0)
(1.51847 -0.00557123 0)
(1.51939 -0.00462429 0)
(1.52074 -0.00338174 0)
(1.5213 -0.00259646 0)
(1.52124 -0.00232735 0)
(1.52096 -0.00205827 0)
(1.5203 -0.00190963 0)
(1.51909 -0.00202258 0)
(1.51815 -0.00204027 0)
(1.51797 -0.00188491 0)
(1.51797 -0.00169354 0)
(1.51813 -0.00130834 0)
(1.51867 -0.000674552 0)
(1.51922 -3.75733e-05 0)
(1.51925 0.000201683 0)
(1.51911 0.000382976 0)
(1.51893 0.000631338 0)
(1.51887 0.000799705 0)
(1.51885 0.000981777 0)
(1.51886 0.00121188 0)
(1.51883 0.00143256 0)
(1.51875 0.00160427 0)
(1.51861 0.00176042 0)
(1.51837 0.00190593 0)
(1.51789 0.00199457 0)
(1.51707 0.00198949 0)
(1.51636 0.00198277 0)
(1.51617 0.00203711 0)
(1.51613 0.00209254 0)
(1.51612 0.00220718 0)
(1.51624 0.00237895 0)
(1.51638 0.00258341 0)
(1.51635 0.00270053 0)
(1.51627 0.00278111 0)
(1.5161 0.00286317 0)
(1.5157 0.00288369 0)
(1.5147 0.00272043 0)
(1.51253 0.00221339 0)
(1.50993 0.00159659 0)
(1.50894 0.0014182 0)
(1.50886 0.00143766 0)
(1.50884 0.00148161 0)
(1.50889 0.00156863 0)
(1.50915 0.00172962 0)
(1.5098 0.00204735 0)
(1.51044 0.00235987 0)
(1.51052 0.00253995 0)
(1.51051 0.00257014 0)
(1.52814 -0.00360729 0)
(1.52923 -0.00146038 0)
(1.5291 -0.00163275 0)
(1.52841 -0.00435972 0)
(1.52707 -0.00996409 0)
(1.52733 -0.0144866 0)
(1.52779 -0.0158943 0)
(1.52848 -0.0151662 0)
(1.53034 -0.0123443 0)
(1.53293 -0.00983027 0)
(1.53383 -0.0104047 0)
(1.53306 -0.0133699 0)
(1.53269 -0.0186761 0)
(1.53346 -0.0226494 0)
(1.53471 -0.0245049 0)
(1.53678 -0.024426 0)
(1.53846 -0.0236168 0)
(1.53824 -0.0238554 0)
(1.53693 -0.0249859 0)
(1.53552 -0.0276869 0)
(1.53464 -0.0304276 0)
(1.53427 -0.0323511 0)
(1.53526 -0.0335511 0)
(1.5382 -0.0340168 0)
(1.53958 -0.0348602 0)
(1.53793 -0.0358592 0)
(1.53578 -0.0374334 0)
(1.53383 -0.0392387 0)
(1.53229 -0.0403095 0)
(1.53139 -0.0409556 0)
(1.53237 -0.0410113 0)
(1.53448 -0.0408846 0)
(1.53405 -0.041333 0)
(1.53234 -0.0418198 0)
(1.53005 -0.0427969 0)
(1.52762 -0.0436131 0)
(1.52579 -0.0435903 0)
(1.52406 -0.0432871 0)
(1.52361 -0.0423407 0)
(1.52517 -0.0404326 0)
(1.526 -0.0393694 0)
(1.52487 -0.0393335 0)
(1.52362 -0.0395216 0)
(1.52206 -0.0397714 0)
(1.52007 -0.0397988 0)
(1.51892 -0.0394967 0)
(1.51791 -0.0390765 0)
(1.51725 -0.0383121 0)
(1.51732 -0.0369098 0)
(1.51757 -0.0351013 0)
(1.51711 -0.0337944 0)
(1.51646 -0.032735 0)
(1.51587 -0.0314671 0)
(1.51547 -0.0298981 0)
(1.51513 -0.0282567 0)
(1.5147 -0.0268778 0)
(1.51426 -0.0257712 0)
(1.51389 -0.024977 0)
(1.5136 -0.0243111 0)
(1.51336 -0.0235196 0)
(1.51337 -0.0224353 0)
(1.51377 -0.0209255 0)
(1.5146 -0.0187068 0)
(1.51524 -0.016826 0)
(1.51516 -0.0158953 0)
(1.5149 -0.0151271 0)
(1.5147 -0.0143748 0)
(1.51462 -0.0137367 0)
(1.51459 -0.0131532 0)
(1.5148 -0.0125012 0)
(1.51554 -0.0114756 0)
(1.51705 -0.00988271 0)
(1.51822 -0.00860351 0)
(1.51833 -0.00808681 0)
(1.51829 -0.00771958 0)
(1.51829 -0.00728169 0)
(1.51838 -0.00678733 0)
(1.51862 -0.0062072 0)
(1.51927 -0.00537176 0)
(1.52056 -0.00410005 0)
(1.52168 -0.00290442 0)
(1.5218 -0.00243253 0)
(1.52165 -0.00218456 0)
(1.52117 -0.0019525 0)
(1.52017 -0.00198614 0)
(1.51887 -0.00216121 0)
(1.51832 -0.00205567 0)
(1.51826 -0.00190468 0)
(1.5183 -0.00160647 0)
(1.51864 -0.00106867 0)
(1.51932 -0.000304431 0)
(1.51959 0.000182656 0)
(1.51952 0.000337249 0)
(1.51929 0.000567134 0)
(1.5191 0.000794469 0)
(1.51905 0.000947957 0)
(1.51904 0.00114687 0)
(1.51907 0.00140537 0)
(1.51904 0.00163488 0)
(1.51895 0.00180247 0)
(1.51878 0.00195856 0)
(1.51849 0.00209474 0)
(1.5179 0.00214987 0)
(1.51699 0.00210886 0)
(1.51639 0.00211395 0)
(1.51627 0.00217065 0)
(1.51623 0.00224458 0)
(1.51625 0.00238016 0)
(1.51641 0.00258378 0)
(1.51653 0.00279215 0)
(1.51648 0.00289628 0)
(1.51638 0.00298374 0)
(1.51617 0.00306248 0)
(1.51564 0.00304846 0)
(1.51433 0.0027826 0)
(1.51181 0.00214965 0)
(1.50952 0.00160181 0)
(1.50896 0.00151949 0)
(1.50892 0.00154222 0)
(1.5089 0.00160153 0)
(1.509 0.00170723 0)
(1.50939 0.00191719 0)
(1.51015 0.00229221 0)
(1.51066 0.00258141 0)
(1.51066 0.00272093 0)
(1.51061 0.00274546 0)
(1.53353 -0.00209565 0)
(1.53321 -0.00228424 0)
(1.53188 -0.00467632 0)
(1.52926 -0.0104325 0)
(1.52882 -0.0152475 0)
(1.52917 -0.0167089 0)
(1.53064 -0.016403 0)
(1.53381 -0.0135435 0)
(1.53699 -0.0106965 0)
(1.53756 -0.0105689 0)
(1.53664 -0.0120532 0)
(1.53516 -0.016726 0)
(1.53518 -0.020941 0)
(1.53583 -0.0234089 0)
(1.53819 -0.0241536 0)
(1.54128 -0.0236942 0)
(1.54192 -0.0240677 0)
(1.54068 -0.0250994 0)
(1.53903 -0.0276881 0)
(1.53773 -0.0307599 0)
(1.53702 -0.0327827 0)
(1.53688 -0.0340625 0)
(1.53873 -0.0344065 0)
(1.54165 -0.0343246 0)
(1.5415 -0.0350976 0)
(1.53949 -0.0360175 0)
(1.53731 -0.0377039 0)
(1.53557 -0.0389829 0)
(1.53416 -0.0396909 0)
(1.53384 -0.0400202 0)
(1.53545 -0.039932 0)
(1.53639 -0.0403675 0)
(1.53503 -0.0410302 0)
(1.5332 -0.0417833 0)
(1.53093 -0.0424944 0)
(1.52916 -0.0424778 0)
(1.5274 -0.0421738 0)
(1.52628 -0.0415336 0)
(1.52671 -0.0402436 0)
(1.52798 -0.0390494 0)
(1.5273 -0.0388886 0)
(1.52608 -0.0390636 0)
(1.52463 -0.0394576 0)
(1.52278 -0.039781 0)
(1.52136 -0.0395078 0)
(1.52029 -0.0389818 0)
(1.51937 -0.0382623 0)
(1.51899 -0.0370924 0)
(1.51932 -0.0353255 0)
(1.51918 -0.0338529 0)
(1.51849 -0.0329164 0)
(1.51784 -0.0319338 0)
(1.51732 -0.0306584 0)
(1.51688 -0.0292287 0)
(1.51638 -0.0279377 0)
(1.51584 -0.026893 0)
(1.51535 -0.026018 0)
(1.51496 -0.0251868 0)
(1.51468 -0.0243459 0)
(1.51465 -0.0233293 0)
(1.51502 -0.0218641 0)
(1.51577 -0.0196622 0)
(1.51626 -0.0178123 0)
(1.51607 -0.0169312 0)
(1.51578 -0.0162205 0)
(1.51552 -0.0154341 0)
(1.51538 -0.0146282 0)
(1.51533 -0.0138863 0)
(1.51546 -0.0131708 0)
(1.51595 -0.0122522 0)
(1.51719 -0.0108081 0)
(1.51862 -0.00929105 0)
(1.51894 -0.00859562 0)
(1.51884 -0.00826998 0)
(1.51876 -0.00787824 0)
(1.51877 -0.00737726 0)
(1.51891 -0.00681105 0)
(1.51932 -0.00606043 0)
(1.52036 -0.0048904 0)
(1.52181 -0.00341809 0)
(1.52236 -0.00257999 0)
(1.52228 -0.00231237 0)
(1.52195 -0.00204811 0)
(1.5212 -0.00194584 0)
(1.51986 -0.00216374 0)
(1.51882 -0.00223904 0)
(1.5186 -0.00208207 0)
(1.51858 -0.00186966 0)
(1.51874 -0.00143004 0)
(1.51932 -0.000694442 0)
(1.5199 4.75542e-05 0)
(1.51992 0.000329945 0)
(1.51977 0.000514474 0)
(1.51946 0.000754994 0)
(1.51929 0.000948215 0)
(1.51924 0.00110596 0)
(1.51925 0.00133609 0)
(1.51929 0.00162695 0)
(1.51925 0.00185428 0)
(1.51914 0.00201585 0)
(1.51895 0.00216984 0)
(1.51859 0.00228673 0)
(1.51786 0.00229318 0)
(1.5169 0.00222309 0)
(1.51645 0.00225002 0)
(1.51638 0.00230662 0)
(1.51634 0.00240685 0)
(1.51641 0.00257061 0)
(1.51661 0.00280888 0)
(1.51668 0.00300913 0)
(1.51661 0.00310393 0)
(1.51649 0.00319821 0)
(1.51621 0.00326571 0)
(1.51551 0.00319247 0)
(1.51381 0.00279234 0)
(1.51105 0.00206231 0)
(1.50927 0.0016425 0)
(1.509 0.00162801 0)
(1.50897 0.00165785 0)
(1.50898 0.00172934 0)
(1.50915 0.00186375 0)
(1.50969 0.00213984 0)
(1.5105 0.00255778 0)
(1.51084 0.00280005 0)
(1.5108 0.00291054 0)
(1.5107 0.00292399 0)
(1.53707 -0.00296899 0)
(1.53629 -0.00453526 0)
(1.53331 -0.00938411 0)
(1.53094 -0.0151857 0)
(1.53057 -0.0170191 0)
(1.53128 -0.0174422 0)
(1.53506 -0.0153508 0)
(1.54005 -0.0121674 0)
(1.54158 -0.0115585 0)
(1.54086 -0.0122439 0)
(1.53914 -0.0151549 0)
(1.53775 -0.0193426 0)
(1.53762 -0.021744 0)
(1.53887 -0.0234208 0)
(1.54249 -0.0238702 0)
(1.54477 -0.0245064 0)
(1.54392 -0.0257297 0)
(1.54234 -0.0278855 0)
(1.54065 -0.0310157 0)
(1.53987 -0.0331803 0)
(1.53923 -0.0344841 0)
(1.5398 -0.0349523 0)
(1.54253 -0.0343262 0)
(1.54447 -0.034068 0)
(1.54312 -0.0347057 0)
(1.54097 -0.0358115 0)
(1.53892 -0.0374305 0)
(1.53731 -0.0384457 0)
(1.53621 -0.0390795 0)
(1.53659 -0.0392132 0)
(1.53798 -0.0391645 0)
(1.5374 -0.0396955 0)
(1.53576 -0.0402345 0)
(1.53376 -0.0410687 0)
(1.53201 -0.0412578 0)
(1.53039 -0.041075 0)
(1.52908 -0.0407071 0)
(1.52862 -0.0399814 0)
(1.52945 -0.0390165 0)
(1.52956 -0.0386782 0)
(1.52842 -0.0388071 0)
(1.52713 -0.0390218 0)
(1.52546 -0.0393103 0)
(1.52389 -0.0392381 0)
(1.52273 -0.0387994 0)
(1.5217 -0.037998 0)
(1.52105 -0.0369865 0)
(1.5211 -0.0355596 0)
(1.52122 -0.0340905 0)
(1.52055 -0.03315 0)
(1.51979 -0.0323021 0)
(1.51913 -0.0312088 0)
(1.51854 -0.0299043 0)
(1.51794 -0.028688 0)
(1.51735 -0.0277406 0)
(1.51679 -0.0269479 0)
(1.5163 -0.0262165 0)
(1.51597 -0.0253697 0)
(1.51595 -0.0242729 0)
(1.51634 -0.0227108 0)
(1.51716 -0.0204182 0)
(1.51761 -0.0185502 0)
(1.51726 -0.0177695 0)
(1.51681 -0.0170747 0)
(1.51642 -0.0163292 0)
(1.51615 -0.0155376 0)
(1.51603 -0.0146919 0)
(1.51607 -0.0138515 0)
(1.51639 -0.0129455 0)
(1.51734 -0.0116621 0)
(1.51893 -0.0100069 0)
(1.51968 -0.00897091 0)
(1.51955 -0.00859749 0)
(1.5194 -0.00824633 0)
(1.51931 -0.00780784 0)
(1.51933 -0.00730096 0)
(1.51955 -0.00663562 0)
(1.52028 -0.00561797 0)
(1.52171 -0.00409984 0)
(1.52279 -0.00285466 0)
(1.52285 -0.00243431 0)
(1.52265 -0.00218727 0)
(1.52211 -0.001974 0)
(1.52098 -0.00209491 0)
(1.51958 -0.00233745 0)
(1.51899 -0.00223395 0)
(1.51892 -0.00207585 0)
(1.51896 -0.00172482 0)
(1.51935 -0.0010958 0)
(1.52008 -0.000217831 0)
(1.52033 0.000315679 0)
(1.52024 0.000489869 0)
(1.51995 0.000721845 0)
(1.51961 0.000947044 0)
(1.51949 0.00110988 0)
(1.51944 0.00129362 0)
(1.51948 0.00156657 0)
(1.51953 0.00187969 0)
(1.51947 0.00208845 0)
(1.51934 0.00224441 0)
(1.51911 0.00239139 0)
(1.51864 0.00246992 0)
(1.51775 0.00241628 0)
(1.51684 0.00234436 0)
(1.51655 0.00239726 0)
(1.51649 0.00245616 0)
(1.51648 0.00258753 0)
(1.51659 0.00278867 0)
(1.51681 0.00305648 0)
(1.51683 0.003234 0)
(1.51675 0.00332618 0)
(1.51659 0.00342387 0)
(1.51622 0.00346488 0)
(1.51526 0.00330509 0)
(1.51312 0.00274077 0)
(1.51036 0.00198419 0)
(1.50917 0.00172559 0)
(1.50906 0.00174085 0)
(1.50903 0.0017816 0)
(1.50907 0.00186933 0)
(1.50935 0.00204795 0)
(1.51006 0.0024049 0)
(1.51084 0.00283242 0)
(1.511 0.00301432 0)
(1.51094 0.00311368 0)
(1.51076 0.00310125 0)
(1.5394 -0.00587313 0)
(1.53785 -0.00860859 0)
(1.53395 -0.0139421 0)
(1.53229 -0.0170156 0)
(1.53222 -0.0179067 0)
(1.53498 -0.017199 0)
(1.54121 -0.0142249 0)
(1.54491 -0.012804 0)
(1.54478 -0.0132986 0)
(1.54369 -0.0147128 0)
(1.54138 -0.0182526 0)
(1.54047 -0.0207392 0)
(1.54031 -0.0223377 0)
(1.54254 -0.0236399 0)
(1.54628 -0.0247217 0)
(1.54677 -0.02627 0)
(1.54536 -0.0278745 0)
(1.54357 -0.0306857 0)
(1.54251 -0.0330465 0)
(1.54167 -0.0344238 0)
(1.54151 -0.0351013 0)
(1.54328 -0.0345694 0)
(1.54622 -0.0333633 0)
(1.54643 -0.033422 0)
(1.54456 -0.0339755 0)
(1.54237 -0.0354334 0)
(1.54054 -0.0367837 0)
(1.53905 -0.0375365 0)
(1.53842 -0.0379555 0)
(1.53934 -0.0379528 0)
(1.53971 -0.0383501 0)
(1.53831 -0.0389553 0)
(1.53649 -0.0398363 0)
(1.53471 -0.0404922 0)
(1.53313 -0.0405001 0)
(1.53169 -0.0403679 0)
(1.53072 -0.0399161 0)
(1.53063 -0.0390973 0)
(1.53126 -0.0384746 0)
(1.53078 -0.0385392 0)
(1.52951 -0.0387217 0)
(1.52811 -0.0389018 0)
(1.52671 -0.038903 0)
(1.52549 -0.0386406 0)
(1.52436 -0.0379497 0)
(1.52348 -0.036864 0)
(1.52302 -0.0354976 0)
(1.52287 -0.0340938 0)
(1.52235 -0.0330786 0)
(1.52165 -0.0323929 0)
(1.52098 -0.0316474 0)
(1.52037 -0.0306325 0)
(1.51968 -0.0295567 0)
(1.51896 -0.0286934 0)
(1.51823 -0.0278404 0)
(1.51758 -0.0268419 0)
(1.51718 -0.0258522 0)
(1.51707 -0.0248325 0)
(1.51744 -0.0233623 0)
(1.51839 -0.0210581 0)
(1.519 -0.0190782 0)
(1.51865 -0.0183427 0)
(1.51807 -0.0177227 0)
(1.51744 -0.0170296 0)
(1.51704 -0.0163669 0)
(1.51678 -0.0156531 0)
(1.51668 -0.0148317 0)
(1.51683 -0.0139103 0)
(1.51745 -0.0127474 0)
(1.51892 -0.0111157 0)
(1.52034 -0.00954622 0)
(1.52044 -0.00888502 0)
(1.52024 -0.0085503 0)
(1.52006 -0.0081831 0)
(1.51996 -0.0077228 0)
(1.52001 -0.00712372 0)
(1.52044 -0.00624955 0)
(1.52159 -0.00486015 0)
(1.52301 -0.00332381 0)
(1.52338 -0.00260864 0)
(1.52327 -0.00236643 0)
(1.52289 -0.00209364 0)
(1.52206 -0.00205373 0)
(1.52061 -0.00231979 0)
(1.51953 -0.00237795 0)
(1.51931 -0.00221296 0)
(1.51927 -0.00196094 0)
(1.51946 -0.00144956 0)
(1.52014 -0.000601464 0)
(1.52072 0.000200319 0)
(1.52071 0.000489453 0)
(1.52051 0.000696864 0)
(1.52009 0.000925471 0)
(1.51979 0.0011298 0)
(1.51971 0.00128696 0)
(1.51968 0.00151874 0)
(1.51975 0.00184529 0)
(1.51977 0.00215451 0)
(1.51968 0.0023353 0)
(1.51953 0.00248693 0)
(1.51923 0.00261541 0)
(1.51861 0.002636 0)
(1.51759 0.00251886 0)
(1.51683 0.00247313 0)
(1.51667 0.00253825 0)
(1.51662 0.0026236 0)
(1.51663 0.00278635 0)
(1.51682 0.0030363 0)
(1.51702 0.00331884 0)
(1.51699 0.00346535 0)
(1.51689 0.00356264 0)
(1.51668 0.0036563 0)
(1.51617 0.00365138 0)
(1.51487 0.0033622 0)
(1.51229 0.00262762 0)
(1.50982 0.00194784 0)
(1.50916 0.00182946 0)
(1.50912 0.00185555 0)
(1.5091 0.00191338 0)
(1.5092 0.00202688 0)
(1.50962 0.00227149 0)
(1.51049 0.00271213 0)
(1.51111 0.00310274 0)
(1.51115 0.00322659 0)
(1.51107 0.00333399 0)
(1.51077 0.00326844 0)
(1.54159 -0.00975611 0)
(1.53727 -0.0133867 0)
(1.53364 -0.0171576 0)
(1.5332 -0.0180057 0)
(1.53461 -0.0182087 0)
(1.54039 -0.0164329 0)
(1.54696 -0.0144902 0)
(1.54824 -0.0147977 0)
(1.54752 -0.0155189 0)
(1.54564 -0.0176997 0)
(1.54365 -0.0206534 0)
(1.54294 -0.0219732 0)
(1.54318 -0.0233372 0)
(1.54608 -0.0245261 0)
(1.54887 -0.0260966 0)
(1.54824 -0.0277747 0)
(1.5466 -0.0298537 0)
(1.54513 -0.0322797 0)
(1.54413 -0.03375 0)
(1.54351 -0.0345132 0)
(1.54437 -0.0342233 0)
(1.54714 -0.0327285 0)
(1.54884 -0.0320262 0)
(1.54764 -0.0324912 0)
(1.54573 -0.0334708 0)
(1.5436 -0.0351482 0)
(1.542 -0.0360683 0)
(1.54078 -0.0367005 0)
(1.54085 -0.0370847 0)
(1.5417 -0.0374656 0)
(1.54088 -0.0381789 0)
(1.53924 -0.0388297 0)
(1.53732 -0.0397006 0)
(1.53571 -0.0399304 0)
(1.53417 -0.0398801 0)
(1.53288 -0.0396901 0)
(1.53221 -0.0392015 0)
(1.53228 -0.0385369 0)
(1.53223 -0.0382267 0)
(1.53149 -0.0382818 0)
(1.53044 -0.0383217 0)
(1.52933 -0.0382242 0)
(1.52829 -0.0378219 0)
(1.52723 -0.037076 0)
(1.52631 -0.0361311 0)
(1.52554 -0.035084 0)
(1.52477 -0.0341334 0)
(1.52404 -0.0333879 0)
(1.52338 -0.0327779 0)
(1.52276 -0.0320508 0)
(1.52215 -0.031074 0)
(1.52149 -0.0300049 0)
(1.52074 -0.0291763 0)
(1.51994 -0.0285155 0)
(1.51915 -0.0278411 0)
(1.5186 -0.027 0)
(1.51838 -0.0258651 0)
(1.51862 -0.0241978 0)
(1.51953 -0.0217356 0)
(1.52031 -0.0195436 0)
(1.52 -0.0187321 0)
(1.51942 -0.0181768 0)
(1.51866 -0.0176047 0)
(1.51809 -0.0170097 0)
(1.51771 -0.0163694 0)
(1.51745 -0.0156288 0)
(1.5174 -0.0147898 0)
(1.51767 -0.0137828 0)
(1.51864 -0.0123907 0)
(1.52041 -0.0105629 0)
(1.52132 -0.00924424 0)
(1.52117 -0.00871702 0)
(1.52097 -0.00831909 0)
(1.52078 -0.00789457 0)
(1.52069 -0.0073883 0)
(1.52087 -0.00667467 0)
(1.52166 -0.0055146 0)
(1.52307 -0.00392862 0)
(1.52385 -0.00288444 0)
(1.52382 -0.00256141 0)
(1.52357 -0.00229188 0)
(1.52299 -0.00210556 0)
(1.52178 -0.0022517 0)
(1.52032 -0.00246075 0)
(1.51974 -0.00232499 0)
(1.51966 -0.00214849 0)
(1.5197 -0.0017326 0)
(1.52016 -0.00100738 0)
(1.52097 -4.1361e-05 0)
(1.52118 0.000498413 0)
(1.52106 0.000685554 0)
(1.5207 0.000927217 0)
(1.52022 0.00113782 0)
(1.52002 0.00132166 0)
(1.51994 0.00150987 0)
(1.51995 0.00180052 0)
(1.52004 0.00216875 0)
(1.52001 0.00243355 0)
(1.51989 0.00259129 0)
(1.51969 0.00273704 0)
(1.5193 0.00282601 0)
(1.5185 0.00276883 0)
(1.51742 0.00261472 0)
(1.51688 0.00262053 0)
(1.5168 0.0026902 0)
(1.51676 0.00281296 0)
(1.51683 0.00301495 0)
(1.51708 0.00331903 0)
(1.51721 0.00358733 0)
(1.51715 0.00370548 0)
(1.51702 0.00381093 0)
(1.51674 0.00388885 0)
(1.51602 0.0038085 0)
(1.51427 0.0033452 0)
(1.51139 0.00248292 0)
(1.5095 0.00197568 0)
(1.50921 0.0019487 0)
(1.50917 0.00198152 0)
(1.50918 0.00205883 0)
(1.50937 0.00221254 0)
(1.50998 0.00254724 0)
(1.51093 0.00304815 0)
(1.51133 0.0033617 0)
(1.5113 0.00344627 0)
(1.5112 0.00356578 0)
(1.51072 0.00341496 0)
(1.54257 -0.014397 0)
(1.5366 -0.0178813 0)
(1.5342 -0.0194618 0)
(1.53458 -0.0197919 0)
(1.53826 -0.0189852 0)
(1.54631 -0.0165702 0)
(1.55102 -0.0158293 0)
(1.55095 -0.0165683 0)
(1.54986 -0.0177383 0)
(1.54732 -0.0204636 0)
(1.54584 -0.0226052 0)
(1.54519 -0.0237102 0)
(1.54599 -0.0247608 0)
(1.54908 -0.0256028 0)
(1.55057 -0.0272285 0)
(1.54935 -0.0289968 0)
(1.54783 -0.0311804 0)
(1.54667 -0.0329093 0)
(1.54582 -0.0338522 0)
(1.54599 -0.0338185 0)
(1.54805 -0.032389 0)
(1.55046 -0.0310468 0)
(1.55012 -0.031316 0)
(1.54853 -0.0319946 0)
(1.54639 -0.0336682 0)
(1.54467 -0.0349806 0)
(1.54324 -0.0356626 0)
(1.54256 -0.0361718 0)
(1.54319 -0.0364251 0)
(1.54325 -0.0370258 0)
(1.54186 -0.0377297 0)
(1.54007 -0.0387366 0)
(1.5383 -0.0396014 0)
(1.53677 -0.0398439 0)
(1.53535 -0.0398606 0)
(1.53432 -0.0396015 0)
(1.53394 -0.038914 0)
(1.53387 -0.0381168 0)
(1.53324 -0.0378006 0)
(1.53235 -0.0377259 0)
(1.53149 -0.0375233 0)
(1.53077 -0.0370266 0)
(1.53009 -0.0361484 0)
(1.52925 -0.0352123 0)
(1.52824 -0.0345398 0)
(1.52716 -0.0340567 0)
(1.52609 -0.0335926 0)
(1.52515 -0.0331184 0)
(1.52438 -0.0325482 0)
(1.52382 -0.0315975 0)
(1.52325 -0.0303665 0)
(1.52242 -0.029422 0)
(1.52155 -0.0286369 0)
(1.5207 -0.027764 0)
(1.52003 -0.0268396 0)
(1.51964 -0.025901 0)
(1.51971 -0.02455 0)
(1.52053 -0.022354 0)
(1.52146 -0.0201287 0)
(1.52129 -0.0191798 0)
(1.52079 -0.0186347 0)
(1.52001 -0.0180596 0)
(1.51927 -0.0174629 0)
(1.5188 -0.0169102 0)
(1.51843 -0.0163282 0)
(1.5182 -0.015649 0)
(1.51822 -0.0148054 0)
(1.51868 -0.013672 0)
(1.52001 -0.0120345 0)
(1.52169 -0.010195 0)
(1.52208 -0.00914405 0)
(1.5219 -0.00859326 0)
(1.52171 -0.00806117 0)
(1.52155 -0.0075095 0)
(1.52156 -0.00686929 0)
(1.522 -0.00593238 0)
(1.52315 -0.00452449 0)
(1.52424 -0.0032589 0)
(1.52435 -0.00278387 0)
(1.52419 -0.00254883 0)
(1.52378 -0.00228062 0)
(1.5229 -0.00223721 0)
(1.5214 -0.00244591 0)
(1.52032 -0.0024279 0)
(1.5201 -0.0022439 0)
(1.52004 -0.00193471 0)
(1.52027 -0.0013506 0)
(1.52103 -0.000415585 0)
(1.52163 0.000413636 0)
(1.52159 0.000701628 0)
(1.52135 0.0009263 0)
(1.52084 0.00114959 0)
(1.5204 0.00135744 0)
(1.52028 0.00153778 0)
(1.52021 0.00178893 0)
(1.52027 0.00214824 0)
(1.52032 0.00250958 0)
(1.52023 0.00271042 0)
(1.52009 0.0028585 0)
(1.51983 0.00298603 0)
(1.5193 0.00301104 0)
(1.51829 0.00286149 0)
(1.5173 0.0027268 0)
(1.517 0.00278226 0)
(1.51694 0.00286061 0)
(1.51692 0.00302705 0)
(1.51707 0.00328462 0)
(1.51735 0.00362915 0)
(1.5174 0.00385284 0)
(1.51731 0.00395713 0)
(1.51714 0.00406631 0)
(1.51674 0.00410778 0)
(1.51573 0.00391199 0)
(1.51346 0.00323797 0)
(1.51057 0.00235458 0)
(1.50937 0.00206054 0)
(1.50926 0.00207388 0)
(1.50923 0.00212089 0)
(1.50929 0.00222183 0)
(1.50961 0.00243873 0)
(1.51044 0.0028832 0)
(1.51133 0.00338963 0)
(1.51151 0.00361034 0)
(1.51145 0.003677 0)
(1.5113 0.00380356 0)
(1.51057 0.0035251 0)
(1.54082 -0.0182696 0)
(1.5361 -0.0213376 0)
(1.53564 -0.0217515 0)
(1.53734 -0.0216621 0)
(1.54351 -0.0198105 0)
(1.55158 -0.0175555 0)
(1.55362 -0.0178838 0)
(1.55275 -0.018797 0)
(1.55104 -0.0206015 0)
(1.54873 -0.0232099 0)
(1.54779 -0.0245792 0)
(1.54734 -0.0256244 0)
(1.54895 -0.026035 0)
(1.55161 -0.0265395 0)
(1.55155 -0.0281296 0)
(1.55016 -0.0300024 0)
(1.54894 -0.0319374 0)
(1.54805 -0.0332886 0)
(1.5479 -0.0337349 0)
(1.54934 -0.0327379 0)
(1.55183 -0.0310511 0)
(1.55216 -0.0308859 0)
(1.55078 -0.0313757 0)
(1.54889 -0.0326952 0)
(1.54695 -0.0342297 0)
(1.5455 -0.0349862 0)
(1.54438 -0.0355152 0)
(1.54445 -0.0358003 0)
(1.54516 -0.0361643 0)
(1.5443 -0.0369353 0)
(1.54275 -0.0377717 0)
(1.54097 -0.0387762 0)
(1.53938 -0.0391871 0)
(1.53783 -0.0392505 0)
(1.53657 -0.039135 0)
(1.53589 -0.0385781 0)
(1.53569 -0.0376961 0)
(1.53518 -0.0371133 0)
(1.53424 -0.0368581 0)
(1.53325 -0.0365919 0)
(1.53253 -0.0361056 0)
(1.53226 -0.0351796 0)
(1.53172 -0.0342544 0)
(1.53061 -0.0338224 0)
(1.52939 -0.0335045 0)
(1.52808 -0.0331343 0)
(1.52699 -0.0328402 0)
(1.52608 -0.0325256 0)
(1.52544 -0.0319102 0)
(1.5251 -0.0309116 0)
(1.52446 -0.0299601 0)
(1.52357 -0.0292808 0)
(1.52271 -0.0285834 0)
(1.52198 -0.027777 0)
(1.52146 -0.0267267 0)
(1.52128 -0.0252169 0)
(1.52179 -0.0230134 0)
(1.52263 -0.0207272 0)
(1.52249 -0.0196792 0)
(1.52202 -0.0191751 0)
(1.52132 -0.0186777 0)
(1.52054 -0.0181074 0)
(1.51995 -0.0174799 0)
(1.51954 -0.016884 0)
(1.51918 -0.0162734 0)
(1.519 -0.0155473 0)
(1.51915 -0.0146334 0)
(1.51993 -0.0132845 0)
(1.52152 -0.0113795 0)
(1.52269 -0.00970958 0)
(1.52272 -0.00886789 0)
(1.52254 -0.00824488 0)
(1.5224 -0.00759526 0)
(1.52235 -0.00692531 0)
(1.52257 -0.00612924 0)
(1.52338 -0.00499352 0)
(1.52456 -0.0036893 0)
(1.52493 -0.00299688 0)
(1.52478 -0.00274452 0)
(1.52449 -0.00247155 0)
(1.52389 -0.00229185 0)
(1.52264 -0.00237036 0)
(1.52118 -0.0024798 0)
(1.52059 -0.00230139 0)
(1.52048 -0.00208264 0)
(1.52051 -0.00161031 0)
(1.52102 -0.000838483 0)
(1.52189 0.000158797 0)
(1.5221 0.000714518 0)
(1.52196 0.000921664 0)
(1.52155 0.00118681 0)
(1.52095 0.00140559 0)
(1.52065 0.00161552 0)
(1.52055 0.00182493 0)
(1.52052 0.00214678 0)
(1.52059 0.00254532 0)
(1.52056 0.00282859 0)
(1.52044 0.00298538 0)
(1.52026 0.00312606 0)
(1.51991 0.00321303 0)
(1.51918 0.00315007 0)
(1.51803 0.00293387 0)
(1.51729 0.00287235 0)
(1.51715 0.00294998 0)
(1.51709 0.00307037 0)
(1.51713 0.00327858 0)
(1.51737 0.00360218 0)
(1.51761 0.00395038 0)
(1.51757 0.00411665 0)
(1.51746 0.00422434 0)
(1.51723 0.00432494 0)
(1.51667 0.00430249 0)
(1.51524 0.00393451 0)
(1.51248 0.00305264 0)
(1.50998 0.00229486 0)
(1.50937 0.00217901 0)
(1.50932 0.00220712 0)
(1.50931 0.00227687 0)
(1.50944 0.00241466 0)
(1.50995 0.00272439 0)
(1.51097 0.00327256 0)
(1.51165 0.00371241 0)
(1.51167 0.00385029 0)
(1.51159 0.00392829 0)
(1.51138 0.0040396 0)
(1.51027 0.00357216 0)
(1.53835 -0.0218633 0)
(1.53661 -0.0249344 0)
(1.53762 -0.0254964 0)
(1.54183 -0.0244706 0)
(1.54987 -0.021084 0)
(1.55516 -0.0196029 0)
(1.55496 -0.0202893 0)
(1.5537 -0.0213209 0)
(1.55157 -0.0236944 0)
(1.55036 -0.025624 0)
(1.54946 -0.0266599 0)
(1.54988 -0.0269959 0)
(1.55222 -0.0266751 0)
(1.55327 -0.0275976 0)
(1.55206 -0.0291328 0)
(1.55077 -0.0309249 0)
(1.54982 -0.0324728 0)
(1.5495 -0.0334407 0)
(1.55059 -0.0332089 0)
(1.55311 -0.0316977 0)
(1.55406 -0.0310511 0)
(1.55285 -0.0313529 0)
(1.55119 -0.0321476 0)
(1.54908 -0.0336345 0)
(1.5476 -0.0345429 0)
(1.54622 -0.0350341 0)
(1.54566 -0.0353736 0)
(1.54642 -0.0354326 0)
(1.54645 -0.0358562 0)
(1.54509 -0.0363887 0)
(1.5434 -0.0372648 0)
(1.54173 -0.0379686 0)
(1.54019 -0.0381589 0)
(1.53889 -0.0382313 0)
(1.53813 -0.0379511 0)
(1.5379 -0.0371493 0)
(1.53742 -0.0362601 0)
(1.53631 -0.0358012 0)
(1.53513 -0.035527 0)
(1.5341 -0.0351784 0)
(1.53356 -0.0346379 0)
(1.53344 -0.0339746 0)
(1.53264 -0.0335451 0)
(1.5316 -0.033313 0)
(1.53039 -0.0330061 0)
(1.52917 -0.0327058 0)
(1.52815 -0.0323762 0)
(1.52729 -0.0318767 0)
(1.52678 -0.0309603 0)
(1.52621 -0.0297442 0)
(1.5253 -0.0289231 0)
(1.52444 -0.0281669 0)
(1.52367 -0.0273523 0)
(1.52305 -0.0264336 0)
(1.52277 -0.0252226 0)
(1.52314 -0.0234122 0)
(1.52389 -0.0213384 0)
(1.52379 -0.0202482 0)
(1.52331 -0.0197127 0)
(1.52262 -0.0191694 0)
(1.52175 -0.0186203 0)
(1.52105 -0.0180689 0)
(1.52058 -0.0174462 0)
(1.52017 -0.0166973 0)
(1.51992 -0.0159709 0)
(1.51988 -0.0152403 0)
(1.5203 -0.0141492 0)
(1.52151 -0.0124153 0)
(1.52301 -0.0104586 0)
(1.52347 -0.00926757 0)
(1.52333 -0.00859151 0)
(1.52318 -0.00789197 0)
(1.52312 -0.00711938 0)
(1.52322 -0.00631499 0)
(1.52371 -0.00535879 0)
(1.52478 -0.00413314 0)
(1.52552 -0.0031623 0)
(1.52542 -0.0028183 0)
(1.52519 -0.00259356 0)
(1.52474 -0.00236547 0)
(1.52384 -0.00229376 0)
(1.52235 -0.00241571 0)
(1.52123 -0.00234098 0)
(1.52098 -0.00211392 0)
(1.52089 -0.00175179 0)
(1.5211 -0.00114972 0)
(1.52188 -0.000231697 0)
(1.52256 0.000627292 0)
(1.52252 0.000953664 0)
(1.52228 0.00119394 0)
(1.5217 0.00145225 0)
(1.52113 0.00169234 0)
(1.52096 0.00190938 0)
(1.52086 0.00218701 0)
(1.52087 0.00257047 0)
(1.52088 0.00293165 0)
(1.52078 0.00312528 0)
(1.52063 0.00326918 0)
(1.52039 0.00338756 0)
(1.5199 0.00340581 0)
(1.51894 0.00323322 0)
(1.51783 0.00302152 0)
(1.51739 0.00305002 0)
(1.51731 0.00313471 0)
(1.51727 0.0033069 0)
(1.51739 0.00357447 0)
(1.5177 0.00396356 0)
(1.51783 0.00426424 0)
(1.51775 0.00438758 0)
(1.5176 0.00450307 0)
(1.51728 0.00457338 0)
(1.51646 0.00444385 0)
(1.5145 0.00385006 0)
(1.51145 0.00284067 0)
(1.50966 0.0023271 0)
(1.50942 0.00231625 0)
(1.50939 0.00235672 0)
(1.50941 0.0024507 0)
(1.50966 0.0026484 0)
(1.51042 0.00308273 0)
(1.5115 0.00368651 0)
(1.51188 0.00400999 0)
(1.51183 0.00409724 0)
(1.51171 0.00418961 0)
(1.51139 0.00425526 0)
(1.50975 0.00352407 0)
(1.5368 -0.0259005 0)
(1.53779 -0.0287622 0)
(1.54129 -0.0289884 0)
(1.54827 -0.0257975 0)
(1.55535 -0.0223929 0)
(1.55696 -0.0221217 0)
(1.55596 -0.0226681 0)
(1.55452 -0.0242899 0)
(1.55321 -0.0264206 0)
(1.55211 -0.0275607 0)
(1.55185 -0.0281031 0)
(1.55347 -0.0277175 0)
(1.5547 -0.0279765 0)
(1.55367 -0.0291553 0)
(1.55234 -0.0306075 0)
(1.55129 -0.0319347 0)
(1.55072 -0.0329417 0)
(1.55139 -0.0332659 0)
(1.55389 -0.0322474 0)
(1.55586 -0.0313086 0)
(1.55502 -0.03153 0)
(1.55347 -0.0320378 0)
(1.55138 -0.033181 0)
(1.54963 -0.034211 0)
(1.54816 -0.0345971 0)
(1.54706 -0.0348933 0)
(1.54725 -0.0348542 0)
(1.54812 -0.0347957 0)
(1.54728 -0.0353603 0)
(1.54579 -0.0361253 0)
(1.54418 -0.0370453 0)
(1.54268 -0.0373731 0)
(1.54132 -0.0374512 0)
(1.54045 -0.0371579 0)
(1.54019 -0.0362199 0)
(1.53984 -0.0351767 0)
(1.53868 -0.0347088 0)
(1.53736 -0.0344879 0)
(1.53608 -0.0342858 0)
(1.53497 -0.0340327 0)
(1.53429 -0.0337332 0)
(1.53407 -0.0333849 0)
(1.53328 -0.0331435 0)
(1.5323 -0.0329778 0)
(1.53123 -0.0326568 0)
(1.53023 -0.0322506 0)
(1.52933 -0.0317675 0)
(1.52864 -0.0309491 0)
(1.5281 -0.0297464 0)
(1.52729 -0.02887 0)
(1.5264 -0.0281958 0)
(1.52558 -0.0274051 0)
(1.52489 -0.0264899 0)
(1.52446 -0.0253845 0)
(1.52458 -0.0238269 0)
(1.52516 -0.0219059 0)
(1.52507 -0.020714 0)
(1.52454 -0.0201666 0)
(1.52393 -0.0197277 0)
(1.52307 -0.019237 0)
(1.52221 -0.0185921 0)
(1.52168 -0.017962 0)
(1.52123 -0.0174587 0)
(1.52088 -0.016924 0)
(1.5208 -0.0161296 0)
(1.52108 -0.0149551 0)
(1.522 -0.013195 0)
(1.52342 -0.0110215 0)
(1.52416 -0.00951564 0)
(1.52407 -0.00878974 0)
(1.5239 -0.00817057 0)
(1.52379 -0.00741786 0)
(1.52382 -0.00659052 0)
(1.52408 -0.00572207 0)
(1.52482 -0.00468901 0)
(1.52592 -0.00353685 0)
(1.52619 -0.00288233 0)
(1.52596 -0.00264988 0)
(1.52561 -0.00239499 0)
(1.52493 -0.00220541 0)
(1.5237 -0.00222512 0)
(1.52219 -0.00229821 0)
(1.52153 -0.00208642 0)
(1.52139 -0.00181947 0)
(1.52138 -0.00133656 0)
(1.52181 -0.000635714 0)
(1.52272 0.000310354 0)
(1.52307 0.000961432 0)
(1.52294 0.00120119 0)
(1.52255 0.00148912 0)
(1.52185 0.00176183 0)
(1.52141 0.00203041 0)
(1.52128 0.00226428 0)
(1.5212 0.00261471 0)
(1.5212 0.00300958 0)
(1.52112 0.00326373 0)
(1.52098 0.00341984 0)
(1.52079 0.00355453 0)
(1.52046 0.00362808 0)
(1.51977 0.00355149 0)
(1.51863 0.00328984 0)
(1.51775 0.00316917 0)
(1.51755 0.00324833 0)
(1.51748 0.00337243 0)
(1.51749 0.0035919 0)
(1.51771 0.00393398 0)
(1.51802 0.0043425 0)
(1.51803 0.00456034 0)
(1.51793 0.0046716 0)
(1.51772 0.00478451 0)
(1.51726 0.00480025 0)
(1.51607 0.00451513 0)
(1.51351 0.00366466 0)
(1.51059 0.00269578 0)
(1.50957 0.00243953 0)
(1.50949 0.0024607 0)
(1.50946 0.00252341 0)
(1.50955 0.00265322 0)
(1.50998 0.00294407 0)
(1.511 0.00351762 0)
(1.51194 0.00408534 0)
(1.51206 0.00428776 0)
(1.51199 0.00436262 0)
(1.51179 0.00445369 0)
(1.5113 0.0044333 0)
(1.50894 0.00334184 0)
(1.53846 -0.0311166 0)
(1.54136 -0.0324524 0)
(1.54809 -0.0302121 0)
(1.55507 -0.0262604 0)
(1.55835 -0.0247379 0)
(1.55814 -0.0249385 0)
(1.55712 -0.025836 0)
(1.55595 -0.0276582 0)
(1.55478 -0.0288042 0)
(1.5543 -0.0292591 0)
(1.55573 -0.0285774 0)
(1.55721 -0.0281856 0)
(1.55614 -0.0289863 0)
(1.55446 -0.030359 0)
(1.55308 -0.0317431 0)
(1.55208 -0.03265 0)
(1.5521 -0.0331449 0)
(1.55412 -0.0326144 0)
(1.55705 -0.0315986 0)
(1.55709 -0.0316983 0)
(1.55561 -0.03202 0)
(1.55373 -0.0328309 0)
(1.55166 -0.0338979 0)
(1.55017 -0.0343355 0)
(1.54879 -0.0345568 0)
(1.54834 -0.0344938 0)
(1.54923 -0.0339806 0)
(1.54925 -0.0341253 0)
(1.54787 -0.0346649 0)
(1.54629 -0.0355529 0)
(1.54479 -0.0360381 0)
(1.54341 -0.0361813 0)
(1.54245 -0.036057 0)
(1.54224 -0.0353163 0)
(1.54223 -0.0342969 0)
(1.54119 -0.0339064 0)
(1.53985 -0.0338607 0)
(1.53843 -0.0338369 0)
(1.5371 -0.0337475 0)
(1.53588 -0.0335921 0)
(1.53498 -0.0333762 0)
(1.53461 -0.0331903 0)
(1.53394 -0.0328501 0)
(1.533 -0.0324568 0)
(1.53207 -0.0319632 0)
(1.53121 -0.0313842 0)
(1.53052 -0.030587 0)
(1.53005 -0.0294795 0)
(1.52929 -0.028597 0)
(1.52834 -0.0280082 0)
(1.52744 -0.0272815 0)
(1.52666 -0.0264074 0)
(1.5261 -0.0254036 0)
(1.52595 -0.0240771 0)
(1.52635 -0.0223172 0)
(1.52635 -0.0210397 0)
(1.52583 -0.0205122 0)
(1.52524 -0.0200501 0)
(1.52441 -0.0195527 0)
(1.52355 -0.0190627 0)
(1.52286 -0.018449 0)
(1.52227 -0.0176766 0)
(1.52181 -0.0168429 0)
(1.52157 -0.0160973 0)
(1.52173 -0.0151552 0)
(1.5226 -0.0134903 0)
(1.52406 -0.0111521 0)
(1.52492 -0.0094538 0)
(1.52485 -0.00876398 0)
(1.52464 -0.00830129 0)
(1.52448 -0.00772307 0)
(1.52441 -0.00701019 0)
(1.52451 -0.00622619 0)
(1.5249 -0.0053519 0)
(1.52583 -0.00426147 0)
(1.5268 -0.00315521 0)
(1.5268 -0.00262644 0)
(1.52651 -0.00235077 0)
(1.52601 -0.00208215 0)
(1.52506 -0.00197673 0)
(1.52351 -0.00209839 0)
(1.52225 -0.00206292 0)
(1.52195 -0.00181788 0)
(1.52182 -0.00144752 0)
(1.52193 -0.000908284 0)
(1.52256 -0.000128987 0)
(1.52342 0.000786319 0)
(1.52351 0.00128283 0)
(1.52332 0.00154166 0)
(1.52277 0.00188187 0)
(1.52202 0.00219396 0)
(1.52173 0.00244103 0)
(1.5216 0.00271239 0)
(1.52154 0.00308394 0)
(1.52146 0.00338325 0)
(1.52133 0.00355624 0)
(1.52117 0.00370232 0)
(1.52091 0.0038194 0)
(1.52044 0.00383205 0)
(1.51951 0.00363517 0)
(1.51835 0.003363 0)
(1.51782 0.00336367 0)
(1.51773 0.00345986 0)
(1.51767 0.0036437 0)
(1.51776 0.00392591 0)
(1.51809 0.00434709 0)
(1.51829 0.00470798 0)
(1.51822 0.00485382 0)
(1.51808 0.00497163 0)
(1.5178 0.0050621 0)
(1.51712 0.00497964 0)
(1.51541 0.00445976 0)
(1.51237 0.00339358 0)
(1.51004 0.00265223 0)
(1.5096 0.00258269 0)
(1.50955 0.00262083 0)
(1.50956 0.00271114 0)
(1.50975 0.00289804 0)
(1.51045 0.00332339 0)
(1.51164 0.0040032 0)
(1.51225 0.00444402 0)
(1.51223 0.00455687 0)
(1.51212 0.00464625 0)
(1.51183 0.00469684 0)
(1.51102 0.00452866 0)
(1.50775 0.0029813 0)
)
;

boundaryField
{
    inlet
    {
        type            fixedValue;
        value           nonuniform 0();
    }
    outlet
    {
        type            inletOutlet;
        inletValue      uniform (1.5 0 0);
        value           nonuniform List<vector> 
32
(
(1.50864 6.67466e-05 0)
(1.50867 0.000136112 0)
(1.5087 0.000219723 0)
(1.50873 0.000300481 0)
(1.50877 0.000394316 0)
(1.50882 0.0004835 0)
(1.50889 0.000580505 0)
(1.50897 0.000678817 0)
(1.50906 0.000786154 0)
(1.50917 0.000897128 0)
(1.50927 0.00101266 0)
(1.50939 0.00113116 0)
(1.5095 0.00125292 0)
(1.50961 0.00137907 0)
(1.50973 0.00151038 0)
(1.50984 0.00164615 0)
(1.50994 0.0017837 0)
(1.51005 0.0019263 0)
(1.51017 0.00207612 0)
(1.51029 0.00223551 0)
(1.5104 0.00240001 0)
(1.51051 0.00257014 0)
(1.51061 0.00274546 0)
(1.5107 0.00292399 0)
(1.51076 0.00310125 0)
(1.51077 0.00326844 0)
(1.51072 0.00341496 0)
(1.51057 0.0035251 0)
(1.51027 0.00357216 0)
(1.50975 0.00352407 0)
(1.50894 0.00334184 0)
(1.50775 0.0029813 0)
)
;
    }
    bottom
    {
        type            symmetryPlane;
    }
    top
    {
        type            symmetryPlane;
    }
    obstacle
    {
        type            slip;
    }
    defaultFaces
    {
        type            empty;
    }
    procBoundary1to0
    {
        type            processor;
        value           nonuniform List<vector> 
28
(
(1.25826 0.000474514 0)
(1.26996 -0.00457705 0)
(1.30247 0.00377091 0)
(1.35347 0.00967438 0)
(1.40054 0.0138691 0)
(1.42864 0.0209828 0)
(1.43804 0.0231061 0)
(1.43891 0.0247978 0)
(1.43803 0.0278152 0)
(1.43864 0.0284887 0)
(1.4404 0.028279 0)
(1.4446 0.0265527 0)
(1.45286 0.0225072 0)
(1.46328 0.0166433 0)
(1.47283 0.0118608 0)
(1.48033 0.0091736 0)
(1.48709 0.00897319 0)
(1.49452 0.00919046 0)
(1.50074 0.00496015 0)
(1.50615 -0.00248687 0)
(1.5123 -0.00823173 0)
(1.51818 -0.0110957 0)
(1.52458 -0.00903775 0)
(1.53157 -0.00455219 0)
(1.5365 -0.00287889 0)
(1.53898 -0.00544287 0)
(1.54195 -0.00795089 0)
(1.54471 -0.011475 0)
)
;
    }
    procBoundary1to2
    {
        type            processor;
        value           nonuniform List<vector> 4((1.5446 -0.0149869 0) (1.54334 -0.0187482 0) (1.54135 -0.0218517 0) (1.54566 -0.0300313 0));
    }
    procBoundary1to3
    {
        type            processor;
        value           nonuniform List<vector> 
126
(
(1.54571 -0.0387937 0)
(1.54896 -0.0332671 0)
(1.55586 -0.0295593 0)
(1.55926 -0.0280935 0)
(1.55976 -0.0277365 0)
(1.55905 -0.028177 0)
(1.55795 -0.029663 0)
(1.55696 -0.0307405 0)
(1.55658 -0.0310338 0)
(1.55821 -0.0298679 0)
(1.56022 -0.0285055 0)
(1.55942 -0.0287745 0)
(1.5575 -0.0296759 0)
(1.55547 -0.0313907 0)
(1.55402 -0.0324126 0)
(1.55326 -0.0330669 0)
(1.55436 -0.0329888 0)
(1.55758 -0.0319126 0)
(1.55896 -0.0316697 0)
(1.55774 -0.0320743 0)
(1.55606 -0.0325939 0)
(1.5539 -0.0334904 0)
(1.55223 -0.0339662 0)
(1.5507 -0.0340877 0)
(1.54976 -0.0340904 0)
(1.55021 -0.0335368 0)
(1.55098 -0.0331275 0)
(1.54995 -0.033505 0)
(1.54843 -0.0342366 0)
(1.5469 -0.034998 0)
(1.54549 -0.0353054 0)
(1.54437 -0.0353824 0)
(1.54395 -0.0349792 0)
(1.54419 -0.0340819 0)
(1.54354 -0.0335568 0)
(1.54225 -0.0334704 0)
(1.54087 -0.0333922 0)
(1.53925 -0.0332674 0)
(1.53785 -0.033168 0)
(1.53662 -0.0330937 0)
(1.5356 -0.0330174 0)
(1.53508 -0.0329383 0)
(1.53478 -0.0326604 0)
(1.53405 -0.03208 0)
(1.53321 -0.0313377 0)
(1.53246 -0.0303014 0)
(1.53196 -0.0289715 0)
(1.53128 -0.0279419 0)
(1.53033 -0.0274385 0)
(1.52938 -0.026935 0)
(1.52849 -0.0262225 0)
(1.52776 -0.0253159 0)
(1.52735 -0.0241713 0)
(1.52748 -0.0226644 0)
(1.52758 -0.0213998 0)
(1.52704 -0.0208875 0)
(1.52646 -0.020504 0)
(1.52572 -0.0200228 0)
(1.52483 -0.0194474 0)
(1.52415 -0.0188128 0)
(1.52359 -0.0183314 0)
(1.52308 -0.0178799 0)
(1.52282 -0.0171351 0)
(1.52289 -0.0158789 0)
(1.52355 -0.0139032 0)
(1.5249 -0.0114006 0)
(1.52583 -0.00961098 0)
(1.52575 -0.00893022 0)
(1.52547 -0.00852072 0)
(1.52522 -0.00802553 0)
(1.52505 -0.00741657 0)
(1.525 -0.00673625 0)
(1.52514 -0.00598498 0)
(1.52567 -0.00506343 0)
(1.52677 -0.00383735 0)
(1.52754 -0.00272458 0)
(1.52738 -0.0022347 0)
(1.52702 -0.00188654 0)
(1.52632 -0.00162405 0)
(1.52504 -0.00164773 0)
(1.52335 -0.00185718 0)
(1.52254 -0.00171644 0)
(1.52235 -0.00147287 0)
(1.52227 -0.00104033 0)
(1.52252 -0.00045849 0)
(1.52335 0.000389421 0)
(1.52404 0.00122536 0)
(1.52398 0.00159794 0)
(1.5237 0.0018839 0)
(1.52303 0.00226823 0)
(1.52228 0.00266039 0)
(1.52206 0.00289443 0)
(1.52192 0.00318484 0)
(1.52182 0.00350628 0)
(1.52169 0.00371295 0)
(1.52153 0.00386708 0)
(1.52132 0.0039928 0)
(1.52098 0.00405266 0)
(1.52031 0.00396202 0)
(1.51917 0.00367467 0)
(1.51823 0.00352209 0)
(1.51799 0.00359775 0)
(1.51791 0.00373238 0)
(1.5179 0.00396924 0)
(1.51811 0.00433465 0)
(1.51846 0.00478925 0)
(1.5185 0.00504452 0)
(1.5184 0.00515851 0)
(1.51821 0.00527558 0)
(1.51781 0.00531336 0)
(1.51679 0.00508693 0)
(1.51446 0.0042877 0)
(1.51128 0.00316431 0)
(1.50982 0.00274032 0)
(1.50967 0.00274636 0)
(1.50963 0.00280403 0)
(1.50969 0.00292964 0)
(1.51006 0.00320996 0)
(1.51106 0.00380167 0)
(1.5122 0.00448587 0)
(1.51246 0.0047648 0)
(1.51239 0.00483839 0)
(1.51222 0.00493459 0)
(1.51175 0.00490051 0)
(1.51043 0.00446655 0)
(1.50615 0.00241997 0)
)
;
    }
}


// ************************************************************************* //
