/*--------------------------------*- C++ -*----------------------------------*\
  =========                 |
  \\      /  F ield         | OpenFOAM: The Open Source CFD Toolbox
   \\    /   O peration     | Website:  https://openfoam.org
    \\  /    A nd           | Version:  7
     \\/     M anipulation  |
\*---------------------------------------------------------------------------*/
FoamFile
{
    version     2.0;
    format      ascii;
    class       volVectorField;
    location    "1.1";
    object      U;
}
// * * * * * * * * * * * * * * * * * * * * * * * * * * * * * * * * * * * * * //

dimensions      [0 1 -1 0 0 0 0];

internalField   nonuniform List<vector> 
1008
(
(1.5 1.29448e-16 0)
(1.5 8.4204e-17 0)
(1.5 2.85152e-17 0)
(1.5 1.24636e-17 0)
(1.5 -2.61004e-16 0)
(1.5 -5.59009e-16 0)
(1.5 -6.17313e-16 0)
(0.97697 0.00540449 0)
(0.618909 0.00856152 0)
(0.575825 0.0067742 0)
(0.554566 0.00892671 0)
(0.524998 0.0110443 0)
(0.493856 0.0129565 0)
(0.460052 0.0133142 0)
(0.42723 0.013274 0)
(0.39582 0.0141915 0)
(0.364221 0.0158682 0)
(0.330032 0.0173672 0)
(0.291477 0.0191008 0)
(0.248108 0.0208438 0)
(0.198641 0.0230616 0)
(0.148101 0.0258106 0)
(0.0927084 0.0281075 0)
(0.032427 0.0312668 0)
(1.5 2.48108e-16 0)
(1.5 4.9268e-16 0)
(1.5 5.77345e-17 0)
(1.5 -2.95415e-17 0)
(1.5 -6.70344e-16 0)
(1.5 -6.88721e-16 0)
(1.5 -7.05084e-16 0)
(0.990312 0.0247552 0)
(0.619231 0.0325168 0)
(0.572254 0.0242778 0)
(0.549058 0.0268032 0)
(0.520119 0.0329548 0)
(0.48976 0.0389448 0)
(0.456738 0.0409404 0)
(0.424019 0.0415905 0)
(0.392165 0.0445285 0)
(0.359975 0.0496395 0)
(0.324977 0.054196 0)
(0.285809 0.0595616 0)
(0.24178 0.0648512 0)
(0.192463 0.0716967 0)
(0.142293 0.0799324 0)
(0.0879727 0.0868619 0)
(0.0303935 0.0953961 0)
(1.5 -1.2171e-16 0)
(1.5 1.5257e-17 0)
(1.5 -2.51778e-16 0)
(1.5 -6.43046e-16 0)
(1.5 -9.7974e-16 0)
(1.5 -3.94094e-16 0)
(1.5 -4.73471e-16 0)
(1.02328 0.0415188 0)
(0.628089 0.0536137 0)
(0.576921 0.0424017 0)
(0.55274 0.0465799 0)
(0.523701 0.0549263 0)
(0.494136 0.0640651 0)
(0.462147 0.0680171 0)
(0.429883 0.0700799 0)
(0.397923 0.0753806 0)
(0.365509 0.0839388 0)
(0.329928 0.0915507 0)
(0.290354 0.100503 0)
(0.245467 0.109352 0)
(0.19524 0.120343 0)
(0.143557 0.13341 0)
(0.0876876 0.143999 0)
(0.029994 0.156238 0)
(1.5 -1.74828e-16 0)
(1.5 -6.41807e-16 0)
(1.5 -7.39956e-16 0)
(1.5 -8.7766e-16 0)
(1.5 -1.11232e-15 0)
(1.5 -1.0388e-15 0)
(1.5 -6.16718e-16 0)
(1.07147 0.0555693 0)
(0.638451 0.0740044 0)
(0.581624 0.0608948 0)
(0.558319 0.0658208 0)
(0.530352 0.0758122 0)
(0.502321 0.0876218 0)
(0.471976 0.0940719 0)
(0.440706 0.0981998 0)
(0.40919 0.106037 0)
(0.377214 0.118084 0)
(0.341586 0.129102 0)
(0.301803 0.142244 0)
(0.25565 0.155826 0)
(0.203397 0.172179 0)
(0.149312 0.190428 0)
(0.0910732 0.204935 0)
(0.030294 0.219201 0)
(1.5 3.29934e-18 0)
(1.5 -4.45405e-16 0)
(1.5 -5.39642e-16 0)
(1.5 -6.69716e-16 0)
(1.5 -7.74102e-16 0)
(1.5 -9.50805e-16 0)
(1.5 -9.06414e-16 0)
(1.13584 0.068117 0)
(0.653235 0.0937697 0)
(0.587811 0.0786611 0)
(0.565314 0.084306 0)
(0.537987 0.0961932 0)
(0.511094 0.110531 0)
(0.482631 0.119896 0)
(0.452866 0.126388 0)
(0.422405 0.136536 0)
(0.391776 0.151843 0)
(0.357368 0.166674 0)
(0.319359 0.184429 0)
(0.27458 0.203284 0)
(0.224482 0.224877 0)
(0.169798 0.248595 0)
(0.106546 0.27013 0)
(0.0377921 0.289745 0)
(1.5 -1.70138e-16 0)
(1.5 -1.82333e-16 0)
(1.5 -2.63151e-16 0)
(1.5 -5.44703e-16 0)
(1.5 -4.71395e-16 0)
(1.5 -8.32292e-16 0)
(1.5 -1.36679e-15 0)
(1.22058 0.0748871 0)
(0.676954 0.11107 0)
(0.59639 0.0956 0)
(0.573599 0.102677 0)
(0.546595 0.116845 0)
(0.520963 0.132968 0)
(0.495263 0.144814 0)
(0.467659 0.153605 0)
(0.438569 0.165807 0)
(0.409732 0.184072 0)
(0.37779 0.202924 0)
(0.342831 0.224823 0)
(0.3001 0.24984 0)
(0.249103 0.280446 0)
(0.188733 0.315328 0)
(0.120631 0.35099 0)
(0.0382007 0.377586 0)
(1.5 -4.77637e-17 0)
(1.5 -2.05275e-16 0)
(1.5 -3.5337e-16 0)
(1.5 -3.9141e-16 0)
(1.5 -6.5398e-17 0)
(1.5 -2.10246e-17 0)
(1.5 -6.18682e-16 0)
(1.32046 0.069462 0)
(0.713756 0.12432 0)
(0.606686 0.113584 0)
(0.581889 0.121441 0)
(0.556991 0.137352 0)
(0.533391 0.154261 0)
(0.510575 0.168336 0)
(0.484998 0.179638 0)
(0.457321 0.193724 0)
(0.430535 0.214277 0)
(0.402196 0.237241 0)
(0.370673 0.263769 0)
(0.332367 0.296736 0)
(0.288026 0.337998 0)
(0.236181 0.382705 0)
(0.172845 0.431797 0)
(0.0747175 0.483482 0)
(1.5 1.42404e-17 0)
(1.5 2.38515e-17 0)
(1.5 2.22297e-16 0)
(1.5 4.33312e-16 0)
(1.5 3.87973e-16 0)
(1.5 4.4909e-16 0)
(1.5 -1.33465e-16 0)
(1.41865 0.0493067 0)
(0.767839 0.133703 0)
(0.61907 0.132705 0)
(0.591148 0.139796 0)
(0.570344 0.156757 0)
(0.548398 0.174387 0)
(0.527608 0.19083 0)
(0.503813 0.204625 0)
(0.478065 0.220213 0)
(0.454121 0.242222 0)
(0.430833 0.268712 0)
(0.404181 0.300009 0)
(0.375071 0.338088 0)
(0.339473 0.385749 0)
(0.292397 0.451059 0)
(0.206828 0.549684 0)
(0.113469 0.685281 0)
(1.5 -1.83837e-16 0)
(1.5 1.31309e-17 0)
(1.5 5.34607e-16 0)
(1.5 4.12897e-16 0)
(1.5 1.6913e-16 0)
(1.5 1.61514e-16 0)
(1.5 3.39321e-17 0)
(1.48361 0.0163889 0)
(0.847713 0.137507 0)
(0.636078 0.152374 0)
(0.602425 0.15776 0)
(0.585872 0.174936 0)
(0.565239 0.193454 0)
(0.545949 0.212267 0)
(0.524184 0.227978 0)
(0.501638 0.244262 0)
(0.481627 0.266843 0)
(0.462671 0.296104 0)
(0.443554 0.330986 0)
(0.422769 0.373593 0)
(0.395983 0.432112 0)
(0.37094 0.52695 0)
(0.350911 0.662486 0)
(0.443811 0.88234 0)
(1.5 1.05889e-16 0)
(1.5 4.21611e-16 0)
(1.5 7.57103e-16 0)
(1.5 4.75667e-16 0)
(1.5 -7.01069e-17 0)
(1.5 6.71697e-18 0)
(1.5 -1.9321e-16 0)
(1.49989 0.00105814 0)
(0.968897 0.141212 0)
(0.657512 0.174042 0)
(0.616222 0.174197 0)
(0.603175 0.191141 0)
(0.583125 0.211347 0)
(0.565188 0.232363 0)
(0.546114 0.248946 0)
(0.527869 0.265343 0)
(0.51152 0.288265 0)
(0.497532 0.319679 0)
(0.484875 0.357459 0)
(0.47342 0.403549 0)
(0.465 0.468994 0)
(0.465593 0.569901 0)
(0.515011 0.682955 0)
(0.732033 0.812577 0)
(1.5 2.0041e-16 0)
(1.5 3.76461e-16 0)
(1.5 3.46247e-16 0)
(1.5 3.96812e-16 0)
(1.5 3.39728e-17 0)
(1.5 -2.66882e-16 0)
(1.5 -6.40298e-16 0)
(1.5 5.6516e-06 0)
(1.12654 0.13573 0)
(0.687868 0.194436 0)
(0.63192 0.18815 0)
(0.621001 0.206023 0)
(0.600945 0.22848 0)
(0.58512 0.250709 0)
(0.569953 0.267359 0)
(0.556076 0.283657 0)
(0.54361 0.306713 0)
(0.533691 0.338662 0)
(0.528205 0.377975 0)
(0.525223 0.424314 0)
(0.53688 0.486833 0)
(0.558661 0.576962 0)
(0.650242 0.670864 0)
(0.878843 0.747762 0)
(1.5 5.63677e-17 0)
(1.5 -3.61532e-17 0)
(1.5 -5.62217e-16 0)
(1.5 -3.56126e-16 0)
(1.5 -2.8054e-16 0)
(1.5 -4.52515e-16 0)
(1.5 -2.5384e-16 0)
(1.5 2.12723e-09 0)
(1.3013 0.108877 0)
(0.737274 0.209183 0)
(0.648048 0.202331 0)
(0.635742 0.221402 0)
(0.618996 0.24452 0)
(0.607264 0.266171 0)
(0.596269 0.282821 0)
(0.585089 0.299607 0)
(0.576742 0.322548 0)
(0.569943 0.353691 0)
(0.571217 0.392564 0)
(0.576448 0.436847 0)
(0.601101 0.491758 0)
(0.640321 0.566624 0)
(0.747012 0.644367 0)
(0.943952 0.690297 0)
(1.5 -1.255e-16 0)
(1.5 -2.46586e-16 0)
(1.5 -5.27869e-16 0)
(1.5 -2.89164e-16 0)
(1.5 -9.02729e-17 0)
(1.5 3.13623e-17 0)
(1.5 9.00423e-17 0)
(1.5 7.16062e-14 0)
(1.44376 0.0532203 0)
(0.822452 0.213445 0)
(0.669391 0.217681 0)
(0.650173 0.233045 0)
(0.640163 0.254556 0)
(0.630945 0.277183 0)
(0.621955 0.296973 0)
(0.612752 0.315336 0)
(0.607992 0.337403 0)
(0.605749 0.365457 0)
(0.612401 0.401196 0)
(0.625 0.442595 0)
(0.656045 0.490051 0)
(0.705849 0.549885 0)
(0.810929 0.609262 0)
(0.96922 0.637368 0)
(1.5 -2.30644e-16 0)
(1.5 -3.69996e-16 0)
(1.5 -1.42744e-16 0)
(1.5 2.164e-16 0)
(1.5 6.01552e-16 0)
(1.5 6.38837e-16 0)
(1.5 3.7379e-16 0)
(1.5 -3.0608e-16 0)
(1.49858 0.0077502 0)
(0.977632 0.204505 0)
(0.699228 0.236525 0)
(0.666587 0.240682 0)
(0.660767 0.261501 0)
(0.651228 0.287621 0)
(0.644815 0.311033 0)
(0.639048 0.329136 0)
(0.638165 0.348331 0)
(0.640466 0.372748 0)
(0.650632 0.405032 0)
(0.668701 0.443531 0)
(0.702655 0.485233 0)
(0.756956 0.531456 0)
(0.852491 0.57418 0)
(0.978833 0.592432 0)
(1.5 5.36186e-17 0)
(1.5 -1.10528e-17 0)
(1.5 2.76565e-16 0)
(1.5 1.19757e-16 0)
(1.5 3.55538e-16 0)
(1.5 3.79357e-16 0)
(1.5 1.81128e-16 0)
(1.5 -5.22188e-16 0)
(1.50001 0.00018426 0)
(1.20473 0.164405 0)
(0.746181 0.2518 0)
(0.684637 0.248486 0)
(0.678371 0.270446 0)
(0.670228 0.29687 0)
(0.668412 0.320613 0)
(0.666583 0.33829 0)
(0.667841 0.356123 0)
(0.672775 0.378474 0)
(0.685316 0.40748 0)
(0.707491 0.442027 0)
(0.743122 0.479391 0)
(0.798227 0.516386 0)
(0.882875 0.545832 0)
(0.984836 0.557569 0)
(1.5 8.42536e-17 0)
(1.5 1.69654e-18 0)
(1.5 1.13454e-16 0)
(1.5 9.64962e-17 0)
(1.5 -3.27534e-17 0)
(1.5 -1.16979e-16 0)
(1.5 -4.70542e-16 0)
(1.5 -4.4732e-16 0)
(1.5 5.64322e-07 0)
(1.40598 0.0846422 0)
(0.822693 0.250195 0)
(0.701743 0.262022 0)
(0.692293 0.281545 0)
(0.6916 0.303407 0)
(0.692984 0.326121 0)
(0.693639 0.345411 0)
(0.695615 0.363499 0)
(0.702112 0.383735 0)
(0.717137 0.40822 0)
(0.742297 0.437212 0)
(0.77823 0.470063 0)
(0.831177 0.501547 0)
(0.904245 0.521543 0)
(0.987563 0.529154 0)
(1.5 -6.41436e-17 0)
(1.5 2.46321e-16 0)
(1.5 -1.54085e-16 0)
(1.5 2.09354e-16 0)
(1.5 1.78612e-16 0)
(1.5 1.63491e-16 0)
(1.5 -2.32833e-16 0)
(1.5 -5.93648e-16 0)
(1.5 1.44963e-10 0)
(1.49572 0.0153479 0)
(0.977625 0.240273 0)
(0.729046 0.27976 0)
(0.710369 0.286876 0)
(0.714619 0.303667 0)
(0.715686 0.328117 0)
(0.716758 0.35184 0)
(0.72065 0.370928 0)
(0.729796 0.38838 0)
(0.74746 0.407864 0)
(0.7741 0.43138 0)
(0.809549 0.459612 0)
(0.859129 0.488292 0)
(0.922777 0.504046 0)
(0.993783 0.509246 0)
(1.5 5.27213e-17 0)
(1.5 4.53592e-16 0)
(1.5 1.83164e-16 0)
(1.5 3.22834e-16 0)
(1.5 1.97699e-16 0)
(1.5 -3.3265e-16 0)
(1.5 -4.22493e-16 0)
(1.5 -6.38273e-16 0)
(1.5 7.31871e-15 0)
(1.49995 0.000605722 0)
(1.23854 0.184786 0)
(0.785619 0.288781 0)
(0.733519 0.288378 0)
(0.734768 0.308513 0)
(0.732917 0.335043 0)
(0.735664 0.359264 0)
(0.745209 0.377372 0)
(0.757444 0.393352 0)
(0.776379 0.409428 0)
(0.802359 0.427747 0)
(0.836002 0.449889 0)
(0.880906 0.474162 0)
(0.936752 0.487204 0)
(0.999303 0.491794 0)
(1.5 2.19622e-17 0)
(1.5 9.32582e-17 0)
(1.5 1.18368e-16 0)
(1.5 1.46109e-16 0)
(1.5 8.69997e-17 0)
(1.5 -3.95168e-16 0)
(1.5 -3.62313e-16 0)
(1.5 -2.068e-16 0)
(1.5 -2.65767e-16 0)
(1.5 4.15053e-06 0)
(1.45263 0.0675061 0)
(0.889229 0.274161 0)
(0.758033 0.300689 0)
(0.745406 0.32125 0)
(0.750466 0.341805 0)
(0.755826 0.361175 0)
(0.769639 0.378757 0)
(0.783094 0.395473 0)
(0.801392 0.409954 0)
(0.825579 0.42441 0)
(0.857272 0.441835 0)
(0.8989 0.461843 0)
(0.950277 0.474018 0)
(1.0069 0.479238 0)
(1.5 1.44339e-16 0)
(1.5 4.72278e-17 0)
(1.5 7.86648e-17 0)
(1.5 -2.25136e-16 0)
(1.5 -1.32919e-16 0)
(1.5 -3.06139e-16 0)
(1.5 8.50428e-17 0)
(1.5 1.59022e-16 0)
(1.5 -5.83216e-16 0)
(1.5 3.24316e-09 0)
(1.49879 0.00725373 0)
(1.11648 0.234735 0)
(0.79186 0.314768 0)
(0.760919 0.325648 0)
(0.772202 0.33887 0)
(0.77711 0.359087 0)
(0.789832 0.378704 0)
(0.804458 0.396162 0)
(0.822627 0.410588 0)
(0.846191 0.422834 0)
(0.876041 0.436767 0)
(0.914342 0.451372 0)
(0.960766 0.461772 0)
(1.01183 0.466612 0)
(1.5 8.00207e-17 0)
(1.5 -1.25198e-18 0)
(1.5 1.12644e-16 0)
(1.5 -1.94559e-16 0)
(1.5 -5.251e-16 0)
(1.5 -4.10943e-16 0)
(1.5 1.83984e-16 0)
(1.5 -5.17563e-17 0)
(1.5 -6.00156e-16 0)
(1.5 2.54297e-13 0)
(1.49996 0.00017546 0)
(1.39034 0.118033 0)
(0.865139 0.302881 0)
(0.786358 0.327191 0)
(0.791921 0.343353 0)
(0.797504 0.363446 0)
(0.806811 0.381786 0)
(0.823459 0.396068 0)
(0.84133 0.408807 0)
(0.864283 0.418669 0)
(0.892285 0.431019 0)
(0.927995 0.443236 0)
(0.970511 0.452553 0)
(1.01633 0.456547 0)
(1.5 1.47658e-17 0)
(1.5 -1.92806e-16 0)
(1.5 -4.13296e-16 0)
(1.5 -7.0311e-16 0)
(1.5 -8.66278e-16 0)
(1.5 -6.86333e-16 0)
(1.5 -6.97834e-17 0)
(1.5 -1.23496e-16 0)
(1.5 -5.68001e-16 0)
(1.5 -6.74806e-16 0)
(1.5 6.96529e-07 0)
(1.49407 0.0195798 0)
(1.07224 0.262699 0)
(0.821772 0.334601 0)
(0.802019 0.352141 0)
(0.816119 0.362641 0)
(0.823056 0.37898 0)
(0.839767 0.392143 0)
(0.857405 0.405384 0)
(0.880743 0.415019 0)
(0.907868 0.425884 0)
(0.940417 0.43506 0)
(0.978066 0.44262 0)
(1.01892 0.446243 0)
(1.5 -1.15601e-16 0)
(1.5 -7.18483e-17 0)
(1.5 -3.66146e-16 0)
(1.5 -8.29029e-16 0)
(1.5 -3.94351e-16 0)
(1.5 -1.41494e-16 0)
(1.5 -8.21953e-17 0)
(1.5 2.52541e-17 0)
(1.5 1.67125e-17 0)
(1.5 -2.4167e-16 0)
(1.5 3.98313e-10 0)
(1.49976 0.000865773 0)
(1.36511 0.13767 0)
(0.887029 0.320774 0)
(0.815668 0.352192 0)
(0.834521 0.362209 0)
(0.841334 0.378252 0)
(0.855202 0.392433 0)
(1.14331 0.956507 0)
(1.55277 0.905092 0)
(1.88911 0.934785 0)
(1.97471 0.555201 0)
(1.94625 0.294143 0)
(1.81983 -0.0390394 0)
(1.83056 -0.231279 0)
(1.85689 -0.221405 0)
(1.84461 -0.213596 0)
(1.82998 -0.231069 0)
(1.83036 -0.188388 0)
(1.79966 -0.159423 0)
(1.7578 -0.109299 0)
(1.71677 -0.0734164 0)
(1.67749 -0.0649389 0)
(1.69902 -0.0426856 0)
(1.73329 -0.0273726 0)
(1.72864 -0.0277115 0)
(1.7108 -0.0228974 0)
(1.67664 -0.0143133 0)
(1.59758 -0.0123774 0)
(1.50043 -0.00084484 0)
(1.44793 0.00913543 0)
(1.42863 0.0115189 0)
(1.40109 0.0102594 0)
(1.37509 0.00927044 0)
(1.34475 0.00881074 0)
(1.32017 0.00836313 0)
(1.30835 0.00783678 0)
(1.30228 0.0068164 0)
(1.29756 0.00613189 0)
(1.28919 0.00606595 0)
(1.27797 0.00580944 0)
(1.32433 0.806146 0)
(1.70574 0.560143 0)
(1.91191 0.216439 0)
(2.04356 0.0270412 0)
(2.03893 -0.184409 0)
(1.9578 -0.377527 0)
(1.98235 -0.489073 0)
(1.99798 -0.46611 0)
(1.98766 -0.365262 0)
(1.94843 -0.289297 0)
(1.89041 -0.265044 0)
(1.84166 -0.229098 0)
(1.78064 -0.163076 0)
(1.7465 -0.102085 0)
(1.73449 -0.0691301 0)
(1.74443 -0.0263923 0)
(1.75691 -0.00459159 0)
(1.74727 -0.011896 0)
(1.71937 -0.0123651 0)
(1.68504 -0.00538207 0)
(1.61708 0.00145836 0)
(1.52422 0.018239 0)
(1.46653 0.0296511 0)
(1.44648 0.0267312 0)
(1.42073 0.0176357 0)
(1.39631 0.0105803 0)
(1.36821 0.00667921 0)
(1.34217 0.00642695 0)
(1.33147 0.00634053 0)
(1.32405 0.00596387 0)
(1.31865 0.00516936 0)
(1.31147 0.00558687 0)
(1.3017 0.00791357 0)
(1.24673 0.729687 0)
(1.49942 0.645762 0)
(1.73963 0.377065 0)
(1.87086 0.154429 0)
(1.93912 0.134269 0)
(1.98358 -0.0205727 0)
(1.9762 -0.208018 0)
(1.98376 -0.226457 0)
(2.02604 -0.294098 0)
(2.02324 -0.31267 0)
(1.99415 -0.383332 0)
(1.96543 -0.395285 0)
(1.91541 -0.3198 0)
(1.88201 -0.24124 0)
(1.87088 -0.194674 0)
(1.843 -0.125575 0)
(1.81399 -0.0737375 0)
(1.79076 -0.0695657 0)
(1.7665 -0.0445738 0)
(1.7369 -0.015239 0)
(1.69135 0.00101714 0)
(1.60713 0.0394136 0)
(1.53957 0.0390208 0)
(1.49791 0.0240064 0)
(1.47443 0.0188673 0)
(1.45172 0.0167152 0)
(1.42162 0.0197677 0)
(1.39415 0.0222871 0)
(1.38421 0.0222389 0)
(1.37617 0.0217351 0)
(1.36899 0.0188926 0)
(1.36163 0.0168258 0)
(1.35325 0.0168739 0)
(1.19042 0.662422 0)
(1.39068 0.600073 0)
(1.55807 0.472361 0)
(1.71499 0.273965 0)
(1.8146 0.199617 0)
(1.88826 0.108396 0)
(1.93221 -0.10542 0)
(1.93505 -0.198076 0)
(1.96111 -0.247611 0)
(1.99418 -0.318524 0)
(1.99351 -0.384935 0)
(2.00751 -0.387481 0)
(1.99766 -0.368882 0)
(1.9686 -0.350214 0)
(1.94304 -0.326818 0)
(1.90416 -0.274562 0)
(1.87451 -0.204168 0)
(1.8594 -0.190589 0)
(1.83909 -0.154268 0)
(1.80157 -0.0937127 0)
(1.76722 -0.0615484 0)
(1.69009 -0.0113091 0)
(1.60054 0.0490396 0)
(1.54783 0.0464315 0)
(1.52325 0.0358935 0)
(1.5061 0.0236803 0)
(1.47984 0.0210025 0)
(1.4548 0.023262 0)
(1.44517 0.0233108 0)
(1.43817 0.0228789 0)
(1.43153 0.0217749 0)
(1.42447 0.0205888 0)
(1.41575 0.0190158 0)
(1.15009 0.61511 0)
(1.31277 0.561691 0)
(1.44738 0.482737 0)
(1.58779 0.352348 0)
(1.6915 0.265151 0)
(1.77068 0.206591 0)
(1.83369 0.0530074 0)
(1.8539 -0.0662446 0)
(1.87711 -0.0864152 0)
(1.9038 -0.136114 0)
(1.93443 -0.227959 0)
(1.94952 -0.280037 0)
(1.97576 -0.278118 0)
(1.95431 -0.327485 0)
(1.94742 -0.368988 0)
(1.93818 -0.359482 0)
(1.92984 -0.333741 0)
(1.91417 -0.311145 0)
(1.88769 -0.271376 0)
(1.85797 -0.199508 0)
(1.83746 -0.155191 0)
(1.76812 -0.0827894 0)
(1.66758 -0.0037438 0)
(1.58601 0.033931 0)
(1.54461 0.0383077 0)
(1.52836 0.0312081 0)
(1.51395 0.0268261 0)
(1.49629 0.0304638 0)
(1.48732 0.0343799 0)
(1.48093 0.0346204 0)
(1.47655 0.032978 0)
(1.47085 0.0289709 0)
(1.46215 0.0240446 0)
(1.1204 0.578829 0)
(1.25575 0.538184 0)
(1.3689 0.484749 0)
(1.49194 0.394043 0)
(1.59476 0.304929 0)
(1.67136 0.262334 0)
(1.73881 0.156551 0)
(1.77569 0.0343034 0)
(1.80305 -0.000633617 0)
(1.84406 -0.0596925 0)
(1.88692 -0.150494 0)
(1.9004 -0.214896 0)
(1.92456 -0.229664 0)
(1.93677 -0.286277 0)
(1.92094 -0.359863 0)
(1.92586 -0.368323 0)
(1.93574 -0.360202 0)
(1.9385 -0.351851 0)
(1.9282 -0.347017 0)
(1.9094 -0.314318 0)
(1.8903 -0.265333 0)
(1.848 -0.201076 0)
(1.75533 -0.0975195 0)
(1.63939 -0.0186803 0)
(1.56732 0.0222222 0)
(1.52886 0.0439203 0)
(1.52049 0.0423677 0)
(1.51409 0.0392263 0)
(1.50517 0.0340482 0)
(1.49831 0.0292575 0)
(1.49382 0.0268352 0)
(1.49077 0.0249827 0)
(1.48717 0.0234977 0)
(1.09692 0.548251 0)
(1.21326 0.516004 0)
(1.31221 0.477074 0)
(1.41214 0.418276 0)
(1.51482 0.338376 0)
(1.59112 0.293585 0)
(1.65136 0.228381 0)
(1.70405 0.114125 0)
(1.73902 0.0647896 0)
(1.77487 0.0307502 0)
(1.82257 -0.0434607 0)
(1.84344 -0.11805 0)
(1.86861 -0.13851 0)
(1.87773 -0.159386 0)
(1.88425 -0.242582 0)
(1.88608 -0.282581 0)
(1.90333 -0.287963 0)
(1.92041 -0.300454 0)
(1.92135 -0.3206 0)
(1.9248 -0.342968 0)
(1.9187 -0.338814 0)
(1.89804 -0.321832 0)
(1.85468 -0.276611 0)
(1.7406 -0.154033 0)
(1.60277 -0.0212823 0)
(1.54479 0.0278746 0)
(1.52359 0.0397749 0)
(1.51634 0.0384899 0)
(1.50461 0.0328995 0)
(1.49848 0.0289358 0)
(1.49629 0.0277512 0)
(1.49741 0.0273086 0)
(1.49973 0.0290569 0)
(1.08081 0.522487 0)
(1.18136 0.498621 0)
(1.26979 0.468575 0)
(1.35447 0.426926 0)
(1.44886 0.364849 0)
(1.52505 0.315066 0)
(1.58255 0.269877 0)
(1.63786 0.181274 0)
(1.67852 0.118525 0)
(1.71688 0.0900189 0)
(1.76319 0.0320746 0)
(1.79347 -0.0419855 0)
(1.81621 -0.0766751 0)
(1.8366 -0.101248 0)
(1.85304 -0.170061 0)
(1.85631 -0.232349 0)
(1.87035 -0.243982 0)
(1.89839 -0.2691 0)
(1.91485 -0.304275 0)
(1.91453 -0.337485 0)
(1.91406 -0.347126 0)
(1.89822 -0.344372 0)
(1.88789 -0.340949 0)
(1.85136 -0.312361 0)
(1.7224 -0.171322 0)
(1.60002 -0.0309743 0)
(1.5338 0.0226986 0)
(1.51519 0.032282 0)
(1.49721 0.0365673 0)
(1.49265 0.0335817 0)
(1.49428 0.0301406 0)
(1.50333 0.0276237 0)
(1.50836 0.0271305 0)
(1.07272 0.504014 0)
(1.1589 0.486273 0)
(1.23796 0.462097 0)
(1.31166 0.430331 0)
(1.39495 0.383058 0)
(1.46911 0.333463 0)
(1.52633 0.296252 0)
(1.57711 0.233337 0)
(1.62474 0.165393 0)
(1.66533 0.132261 0)
(1.70562 0.09445 0)
(1.74445 0.0294476 0)
(1.76832 -0.0226869 0)
(1.79326 -0.0437784 0)
(1.80454 -0.0807101 0)
(1.81993 -0.145685 0)
(1.83254 -0.175789 0)
(1.85482 -0.180885 0)
(1.8799 -0.217825 0)
(1.88386 -0.265937 0)
(1.88447 -0.278498 0)
(1.87873 -0.303978 0)
(1.87163 -0.319286 0)
(1.8685 -0.324422 0)
(1.83895 -0.299285 0)
(1.73384 -0.170725 0)
(1.61295 -0.0417134 0)
(1.52051 0.0202704 0)
(1.49297 0.0385393 0)
(1.48598 0.0345997 0)
(1.49399 0.027715 0)
(1.50973 0.0228698 0)
(1.51404 0.0212163 0)
(1.06808 0.488498 0)
(1.14323 0.47562 0)
(1.21449 0.455615 0)
(1.27964 0.429973 0)
(1.35103 0.393908 0)
(1.4232 0.347859 0)
(1.48153 0.308398 0)
(1.52397 0.268754 0)
(1.57321 0.212104 0)
(1.61917 0.163315 0)
(1.65894 0.135691 0)
(1.69417 0.0925529 0)
(1.72675 0.0317082 0)
(1.75096 -0.00530232 0)
(1.76782 -0.0260382 0)
(1.78483 -0.0740643 0)
(1.80104 -0.124121 0)
(1.82142 -0.135703 0)
(1.84884 -0.164919 0)
(1.86146 -0.220648 0)
(1.86239 -0.252171 0)
(1.8606 -0.277572 0)
(1.85896 -0.305405 0)
(1.86641 -0.323565 0)
(1.86594 -0.317279 0)
(1.84182 -0.285798 0)
(1.74694 -0.182652 0)
(1.59508 -0.0482379 0)
(1.50941 0.0266857 0)
(1.49111 0.0290119 0)
(1.50146 0.0213217 0)
(1.51612 0.0168455 0)
(1.51825 0.016021 0)
(1.06737 0.477733 0)
(1.13286 0.467813 0)
(1.19626 0.450741 0)
(1.2558 0.42717 0)
(1.31643 0.398234 0)
(1.38179 0.361908 0)
(1.44151 0.319083 0)
(1.48474 0.287092 0)
(1.52304 0.249521 0)
(1.57685 0.197946 0)
(1.61851 0.159904 0)
(1.65003 0.138092 0)
(1.68385 0.0898679 0)
(1.71168 0.0355354 0)
(1.73455 0.0129219 0)
(1.74811 -0.0144227 0)
(1.7711 -0.0649936 0)
(1.78765 -0.0924562 0)
(1.80957 -0.106116 0)
(1.82791 -0.152599 0)
(1.83103 -0.190313 0)
(1.82968 -0.204252 0)
(1.83123 -0.230881 0)
(1.84253 -0.255969 0)
(1.85376 -0.274136 0)
(1.85345 -0.276669 0)
(1.83073 -0.268213 0)
(1.73333 -0.179032 0)
(1.57641 -0.0286228 0)
(1.5151 0.00755274 0)
(1.51524 0.0131806 0)
(1.5213 0.0147141 0)
(1.52021 0.0151167 0)
(1.06552 0.46631 0)
(1.12399 0.458157 0)
(1.18068 0.444172 0)
(1.2362 0.422957 0)
(1.2914 0.397497 0)
(1.34686 0.371093 0)
(1.40533 0.334122 0)
(1.4524 0.29795 0)
(1.48707 0.271396 0)
(1.53351 0.232964 0)
(1.5799 0.186379 0)
(1.61551 0.16244 0)
(1.64255 0.135514 0)
(1.67612 0.0818366 0)
(1.69942 0.0455883 0)
(1.71706 0.0294496 0)
(1.74044 -0.011792 0)
(1.75803 -0.0523613 0)
(1.77586 -0.0657524 0)
(1.7975 -0.104574 0)
(1.80389 -0.147775 0)
(1.80787 -0.164349 0)
(1.81117 -0.188774 0)
(1.82586 -0.221743 0)
(1.83402 -0.239525 0)
(1.84944 -0.270723 0)
(1.84606 -0.272872 0)
(1.81944 -0.255714 0)
(1.71663 -0.16073 0)
(1.58541 -0.0466992 0)
(1.53683 -0.00862645 0)
(1.52464 0.0100024 0)
(1.51864 0.0142284 0)
(1.06398 0.455853 0)
(1.11665 0.448288 0)
(1.16805 0.436313 0)
(1.21929 0.419327 0)
(1.27121 0.396866 0)
(1.31977 0.376323 0)
(1.37283 0.349001 0)
(1.42311 0.311384 0)
(1.46069 0.283626 0)
(1.49483 0.257666 0)
(1.54283 0.218715 0)
(1.58162 0.180421 0)
(1.61091 0.162897 0)
(1.63851 0.1266 0)
(1.66647 0.0801096 0)
(1.68769 0.0624214 0)
(1.71009 0.0318177 0)
(1.73 -0.013043 0)
(1.74424 -0.0279761 0)
(1.76394 -0.0571884 0)
(1.77605 -0.10347 0)
(1.78297 -0.121666 0)
(1.78771 -0.137302 0)
(1.80137 -0.16668 0)
(1.80901 -0.187121 0)
(1.8228 -0.20629 0)
(1.83253 -0.23688 0)
(1.8261 -0.243237 0)
(1.79666 -0.231853 0)
(1.70297 -0.14629 0)
(1.59599 -0.05846 0)
(1.53211 0.00136583 0)
(1.51785 0.0136526 0)
(1.06233 0.4457 0)
(1.11048 0.439933 0)
(1.15862 0.428972 0)
(1.20531 0.415768 0)
(1.25375 0.397648 0)
(1.3014 0.376587 0)
(1.34578 0.357668 0)
(1.39328 0.329378 0)
(1.43573 0.294678 0)
(1.46863 0.271826 0)
(1.50577 0.245254 0)
(1.54913 0.206257 0)
(1.58211 0.179755 0)
(1.60705 0.158589 0)
(1.6367 0.11539 0)
(1.65782 0.0901651 0)
(1.67919 0.0686232 0)
(1.70376 0.0249142 0)
(1.71691 0.00113083 0)
(1.73234 -0.0184667 0)
(1.75029 -0.0603391 0)
(1.75789 -0.0843433 0)
(1.76634 -0.0997252 0)
(1.78345 -0.131741 0)
(1.78898 -0.14935 0)
(1.79876 -0.166698 0)
(1.81373 -0.198757 0)
(1.81827 -0.233719 0)
(1.81139 -0.234069 0)
(1.78413 -0.216046 0)
(1.6963 -0.144354 0)
(1.58529 -0.0502555 0)
(1.53387 0.00408099 0)
)
;

boundaryField
{
    inlet
    {
        type            fixedValue;
        value           uniform (1.5 0 0);
    }
    outlet
    {
        type            inletOutlet;
        inletValue      nonuniform 0();
        value           nonuniform 0();
    }
    bottom
    {
        type            symmetryPlane;
    }
    top
    {
        type            symmetryPlane;
    }
    obstacle
    {
        type            slip;
    }
    defaultFaces
    {
        type            empty;
    }
    procBoundary0to1
    {
        type            processor;
        value           nonuniform List<vector> 
14
(
(1.26421 0.00505842 0)
(1.2852 0.0107096 0)
(1.33661 0.0190571 0)
(1.40055 0.0163636 0)
(1.45112 0.0217322 0)
(1.48301 0.0229126 0)
(1.49947 0.0297669 0)
(1.50815 0.0261537 0)
(1.51314 0.020194 0)
(1.51632 0.0159705 0)
(1.51643 0.0148527 0)
(1.51398 0.0121385 0)
(1.51597 0.0108279 0)
(1.5239 0.00348498 0)
)
;
    }
    procBoundary0to2
    {
        type            processor;
        value           nonuniform List<vector> 
58
(
(0.873702 0.403579 0)
(0.895973 0.410904 0)
(0.921427 0.419775 0)
(0.951333 0.427724 0)
(0.985662 0.434546 0)
(1.02251 0.437452 0)
(1.5 3.19046e-18 0)
(1.5 9.61529e-17 0)
(1.5 1.53e-16 0)
(1.5 3.34633e-16 0)
(1.5 4.63344e-16 0)
(1.5 5.73756e-16 0)
(1.5 -1.69243e-16 0)
(1.5 -1.92413e-16 0)
(1.5 -8.48032e-17 0)
(1.5 -7.6888e-17 0)
(1.5 3.0411e-14 0)
(1.5 6.98972e-06 0)
(1.49036 0.0244286 0)
(1.09148 0.27628 0)
(0.848186 0.350943 0)
(0.842307 0.370639 0)
(0.858378 0.377339 0)
(0.873702 0.403579 0)
(0.869283 0.387985 0)
(1.06197 0.436711 0)
(1.10563 0.432504 0)
(1.15145 0.422946 0)
(1.19442 0.412287 0)
(1.23786 0.399165 0)
(1.28529 0.378089 0)
(1.32655 0.360418 0)
(1.36515 0.342328 0)
(1.41074 0.310339 0)
(1.44684 0.28191 0)
(1.47725 0.263197 0)
(1.51859 0.233511 0)
(1.5547 0.196211 0)
(1.58111 0.179968 0)
(1.60656 0.149328 0)
(1.63039 0.113895 0)
(1.65008 0.0967179 0)
(1.67477 0.0628656 0)
(1.69105 0.0291158 0)
(1.70514 0.012313 0)
(1.7236 -0.0180335 0)
(1.73606 -0.0487314 0)
(1.74646 -0.0678494 0)
(1.76189 -0.0926992 0)
(1.77105 -0.114739 0)
(1.77452 -0.125333 0)
(1.78829 -0.156159 0)
(1.79703 -0.180375 0)
(1.80045 -0.203711 0)
(1.79341 -0.2081 0)
(1.76364 -0.195587 0)
(1.67755 -0.126554 0)
(1.57733 -0.0325515 0)
)
;
    }
}


// ************************************************************************* //
