/*--------------------------------*- C++ -*----------------------------------*\
  =========                 |
  \\      /  F ield         | OpenFOAM: The Open Source CFD Toolbox
   \\    /   O peration     | Website:  https://openfoam.org
    \\  /    A nd           | Version:  7
     \\/     M anipulation  |
\*---------------------------------------------------------------------------*/
FoamFile
{
    version     2.0;
    format      ascii;
    class       volVectorField;
    location    "0.2";
    object      U;
}
// * * * * * * * * * * * * * * * * * * * * * * * * * * * * * * * * * * * * * //

dimensions      [0 1 -1 0 0 0 0];

internalField   nonuniform List<vector> 
4032
(
(1.5 -1.29519e-16 0)
(1.5 2.30686e-16 0)
(1.5 8.59011e-17 0)
(1.5 -1.13785e-16 0)
(1.5 -2.00138e-16 0)
(1.5 -2.89893e-16 0)
(1.5 -1.51712e-16 0)
(1.5 -9.61325e-17 0)
(1.5 1.43694e-16 0)
(1.5 2.71983e-16 0)
(1.5 2.42789e-16 0)
(1.5 5.10349e-18 0)
(1.5 -5.87356e-16 0)
(1.5 -1.48835e-16 0)
(1.5 1.10859e-17 0)
(1.5 -1.743e-17 0)
(1.5 5.45185e-17 0)
(0.972875 0.00795548 0)
(0.131657 0.017745 0)
(0.0242082 0.0246106 0)
(0.0593844 0.0285797 0)
(0.0465655 0.0304815 0)
(0.0289877 0.0333593 0)
(0.0252052 0.034569 0)
(1.5 -1.22701e-16 0)
(1.5 2.83736e-16 0)
(1.5 9.9062e-17 0)
(1.5 -1.71602e-17 0)
(1.5 5.22671e-17 0)
(1.5 -5.24208e-16 0)
(1.5 -3.84561e-16 0)
(1.5 -3.30744e-16 0)
(1.5 -1.00023e-17 0)
(1.5 1.22432e-16 0)
(1.5 5.2381e-16 0)
(1.5 2.23146e-16 0)
(1.5 -1.53298e-16 0)
(1.5 -3.33584e-16 0)
(1.5 -1.88301e-16 0)
(1.5 1.54683e-16 0)
(1.5 -4.11058e-17 0)
(1.03739 0.0420211 0)
(0.160549 0.0846618 0)
(0.0345348 0.092702 0)
(0.0596069 0.0963563 0)
(0.0484014 0.0960158 0)
(0.0307234 0.102566 0)
(0.0251761 0.104883 0)
(1.5 -1.68355e-17 0)
(1.5 1.37469e-17 0)
(1.5 -1.76045e-16 0)
(1.5 -1.8916e-16 0)
(1.5 -3.87495e-16 0)
(1.5 -9.89484e-16 0)
(1.5 -9.9584e-16 0)
(1.5 -4.94842e-16 0)
(1.5 2.00344e-16 0)
(1.5 4.38796e-16 0)
(1.5 2.95537e-16 0)
(1.5 2.84572e-16 0)
(1.5 4.60635e-16 0)
(1.5 3.89949e-16 0)
(1.5 4.96179e-16 0)
(1.5 1.4216e-16 0)
(1.5 1.05508e-16 0)
(1.16323 0.0533013 0)
(0.229759 0.131013 0)
(0.0690164 0.146182 0)
(0.0730295 0.14696 0)
(0.0624381 0.146553 0)
(0.042016 0.157724 0)
(0.0274079 0.16227 0)
(1.5 2.63114e-16 0)
(1.5 -2.17368e-16 0)
(1.5 -3.9018e-16 0)
(1.5 -7.36846e-17 0)
(1.5 -4.97001e-16 0)
(1.5 -7.19476e-16 0)
(1.5 -6.51069e-16 0)
(1.5 -4.42786e-16 0)
(1.5 4.40644e-16 0)
(1.5 6.61524e-16 0)
(1.5 1.21782e-16 0)
(1.5 1.42043e-16 0)
(1.5 -5.22299e-17 0)
(1.5 4.88382e-16 0)
(1.5 1.90406e-16 0)
(1.5 1.25474e-16 0)
(1.5 -4.89396e-16 0)
(1.30957 0.0440336 0)
(0.334225 0.172639 0)
(0.112996 0.204974 0)
(0.0894181 0.197471 0)
(0.0810136 0.200484 0)
(0.057038 0.214899 0)
(0.028248 0.221942 0)
(1.5 3.87237e-17 0)
(1.5 1.43052e-16 0)
(1.5 -1.16473e-16 0)
(1.5 -4.52441e-16 0)
(1.5 -4.83375e-16 0)
(1.5 -3.44723e-16 0)
(1.5 -1.9929e-16 0)
(1.5 -3.05514e-16 0)
(1.5 -4.96049e-17 0)
(1.5 2.52846e-16 0)
(1.5 2.7034e-16 0)
(1.5 3.46724e-16 0)
(1.5 -2.86497e-16 0)
(1.5 -1.25621e-16 0)
(1.5 -2.14355e-16 0)
(1.5 6.67413e-17 0)
(1.5 -2.90307e-16 0)
(1.43389 0.0200741 0)
(0.489598 0.212097 0)
(0.172099 0.262421 0)
(0.120931 0.246212 0)
(0.118508 0.256399 0)
(0.0831634 0.272666 0)
(0.0350886 0.282581 0)
(1.5 -2.04031e-17 0)
(1.5 -1.15504e-17 0)
(1.5 -5.01587e-17 0)
(1.5 -2.95088e-16 0)
(1.5 -6.50057e-17 0)
(1.5 -2.84276e-17 0)
(1.5 -2.7976e-17 0)
(1.5 -2.72718e-17 0)
(1.5 3.82755e-17 0)
(1.5 5.23255e-16 0)
(1.5 6.59704e-16 0)
(1.5 5.643e-16 0)
(1.5 2.36661e-16 0)
(1.5 2.60436e-16 0)
(1.5 3.68031e-16 0)
(1.5 4.58608e-16 0)
(1.5 4.25577e-16 0)
(1.49734 0.00147579 0)
(0.725689 0.233262 0)
(0.245818 0.315628 0)
(0.160042 0.305204 0)
(0.157264 0.330425 0)
(0.10181 0.34861 0)
(0.0350671 0.355307 0)
(1.5 -8.07204e-17 0)
(1.5 -5.13641e-16 0)
(1.5 7.51719e-17 0)
(1.5 4.22155e-16 0)
(1.5 1.60168e-16 0)
(1.5 -4.42138e-17 0)
(1.5 3.43818e-17 0)
(1.5 5.65377e-16 0)
(1.5 4.16655e-16 0)
(1.5 1.67399e-16 0)
(1.5 4.90994e-16 0)
(1.5 4.46623e-16 0)
(1.5 7.44936e-16 0)
(1.5 9.2185e-16 0)
(1.5 8.61791e-16 0)
(1.5 1.28705e-15 0)
(1.5 4.1986e-16 0)
(1.5 1.16905e-06 0)
(1.06391 0.196181 0)
(0.351507 0.358133 0)
(0.231906 0.380185 0)
(0.22408 0.406791 0)
(0.158015 0.418413 0)
(0.0773673 0.440384 0)
(1.5 -6.64743e-17 0)
(1.5 -3.8659e-18 0)
(1.5 1.92675e-17 0)
(1.5 4.90061e-17 0)
(1.5 -5.17254e-17 0)
(1.5 1.1932e-17 0)
(1.5 3.10594e-16 0)
(1.5 6.30384e-16 0)
(1.5 -5.23084e-17 0)
(1.5 -2.53087e-16 0)
(1.5 1.27318e-16 0)
(1.5 3.13383e-16 0)
(1.5 2.05971e-16 0)
(1.5 -3.36233e-18 0)
(1.5 1.06663e-17 0)
(1.5 -4.76537e-16 0)
(1.5 -5.54808e-16 0)
(1.5 1.14806e-11 0)
(1.38532 0.0752592 0)
(0.554018 0.383111 0)
(0.33766 0.461539 0)
(0.301197 0.47772 0)
(0.211358 0.532683 0)
(0.132929 0.635104 0)
(1.5 2.55571e-18 0)
(1.5 2.97135e-16 0)
(1.5 8.48336e-17 0)
(1.5 -9.22528e-17 0)
(1.5 2.10531e-17 0)
(1.5 9.44495e-17 0)
(1.5 2.62139e-16 0)
(1.5 -1.4251e-16 0)
(1.5 -3.17933e-16 0)
(1.5 1.49753e-16 0)
(1.5 -2.80997e-16 0)
(1.5 -1.49479e-16 0)
(1.5 -5.20137e-16 0)
(1.5 -6.48974e-16 0)
(1.5 -8.27148e-16 0)
(1.5 -9.5978e-16 0)
(1.5 -6.83258e-16 0)
(1.5 -9.66619e-16 0)
(1.49848 0.00402367 0)
(0.932278 0.335409 0)
(0.462165 0.512456 0)
(0.382759 0.55789 0)
(0.404935 0.605226 0)
(0.494201 0.793145 0)
(1.5 -1.07266e-16 0)
(1.5 1.5744e-16 0)
(1.5 4.05786e-16 0)
(1.5 7.11213e-16 0)
(1.5 5.71468e-16 0)
(1.5 3.99539e-16 0)
(1.5 1.68053e-16 0)
(1.5 8.39495e-17 0)
(1.5 -1.09409e-16 0)
(1.5 5.24719e-17 0)
(1.5 1.61057e-16 0)
(1.5 -2.20108e-16 0)
(1.5 5.35596e-17 0)
(1.5 -3.33805e-16 0)
(1.5 -5.02837e-16 0)
(1.5 -4.30376e-16 0)
(1.5 -2.33e-16 0)
(1.5 3.28953e-17 0)
(1.5 9.94259e-06 0)
(1.37777 0.126275 0)
(0.667617 0.495147 0)
(0.515964 0.618948 0)
(0.586258 0.651178 0)
(0.812032 0.734411 0)
(1.5 2.34959e-16 0)
(1.5 3.81456e-16 0)
(1.5 4.97382e-16 0)
(1.5 4.02668e-16 0)
(1.5 5.89709e-16 0)
(1.5 7.77083e-16 0)
(1.5 6.02264e-16 0)
(1.5 4.75533e-16 0)
(1.5 -1.70556e-16 0)
(1.5 -3.77473e-16 0)
(1.5 -5.32624e-18 0)
(1.5 -6.7799e-16 0)
(1.5 -4.54277e-16 0)
(1.5 -1.0632e-15 0)
(1.5 -4.64735e-16 0)
(1.5 -5.36995e-16 0)
(1.5 1.52897e-16 0)
(1.5 9.08198e-16 0)
(1.5 6.60829e-10 0)
(1.49874 0.00669259 0)
(1.13198 0.319915 0)
(0.676011 0.604877 0)
(0.694117 0.706903 0)
(0.94825 0.696793 0)
(1.5 4.93027e-16 0)
(1.5 1.05783e-15 0)
(1.5 7.15281e-17 0)
(1.5 -2.64779e-16 0)
(1.5 2.31562e-16 0)
(1.5 2.29238e-16 0)
(1.5 4.60741e-17 0)
(1.5 4.2723e-16 0)
(1.5 4.20131e-16 0)
(1.5 -2.30068e-16 0)
(1.5 -1.20838e-16 0)
(1.5 -3.65728e-16 0)
(1.5 -5.87371e-16 0)
(1.5 -3.161e-16 0)
(1.5 -8.89561e-17 0)
(1.5 3.52126e-16 0)
(1.5 9.42363e-16 0)
(1.5 1.358e-15 0)
(1.5 8.18041e-15 0)
(1.5 2.52812e-05 0)
(1.47419 0.0526547 0)
(1.01662 0.44972 0)
(0.818694 0.672004 0)
(0.952839 0.653268 0)
(1.5 1.1439e-17 0)
(1.5 9.70314e-18 0)
(1.5 -3.74637e-16 0)
(1.5 1.86381e-16 0)
(1.5 4.61616e-17 0)
(1.5 -2.25184e-16 0)
(1.5 -5.17496e-16 0)
(1.5 2.67597e-16 0)
(1.5 5.17819e-16 0)
(1.5 7.43025e-17 0)
(1.5 -4.37693e-16 0)
(1.5 -2.54633e-16 0)
(1.5 -2.99577e-17 0)
(1.5 5.83172e-16 0)
(1.5 6.67239e-16 0)
(1.5 7.31845e-16 0)
(1.5 8.00829e-16 0)
(1.5 9.04524e-16 0)
(1.5 5.4761e-16 0)
(1.5 4.03935e-09 0)
(1.49988 0.00108942 0)
(1.42281 0.118643 0)
(1.07057 0.485006 0)
(0.98369 0.5929 0)
(1.5 -3.39828e-16 0)
(1.5 -9.42649e-16 0)
(1.5 -1.9591e-17 0)
(1.5 6.93983e-16 0)
(1.5 3.91059e-16 0)
(1.5 1.3103e-16 0)
(1.5 3.11655e-16 0)
(1.5 8.72704e-16 0)
(1.5 9.05e-16 0)
(1.5 6.80723e-16 0)
(1.5 1.06029e-16 0)
(1.5 1.94944e-16 0)
(1.5 9.87558e-16 0)
(1.5 1.12534e-15 0)
(1.5 1.31566e-15 0)
(1.5 3.90689e-16 0)
(1.5 3.95772e-16 0)
(1.5 9.77285e-16 0)
(1.5 8.12607e-16 0)
(1.5 8.08836e-14 0)
(1.5 1.7654e-06 0)
(1.49843 0.00467218 0)
(1.41781 0.131938 0)
(1.12883 0.429192 0)
(1.5 -2.08148e-16 0)
(1.5 -2.96582e-17 0)
(1.5 3.12077e-16 0)
(1.5 4.95647e-16 0)
(1.5 4.52361e-16 0)
(1.5 5.1546e-16 0)
(1.5 8.382e-16 0)
(1.5 9.85264e-16 0)
(1.5 8.33099e-16 0)
(1.5 6.07836e-16 0)
(1.5 7.23615e-16 0)
(1.5 5.04004e-16 0)
(1.5 9.15185e-16 0)
(1.5 6.05455e-16 0)
(1.5 1.01672e-15 0)
(1.5 1.04041e-15 0)
(1.5 7.26332e-16 0)
(1.5 8.0397e-16 0)
(1.5 1.12735e-15 0)
(1.5 8.42147e-16 0)
(1.5 1.4195e-10 0)
(1.5 1.69777e-05 0)
(1.4978 0.00566589 0)
(1.41503 0.122279 0)
(1.5 1.20337e-16 0)
(1.5 6.80509e-16 0)
(1.5 5.75985e-16 0)
(1.5 -3.16166e-18 0)
(1.5 6.18309e-17 0)
(1.5 5.14798e-16 0)
(1.5 4.53414e-16 0)
(1.5 -3.06869e-16 0)
(1.5 -3.17452e-16 0)
(1.5 1.19435e-16 0)
(1.5 1.35782e-16 0)
(1.5 -6.85592e-17 0)
(1.5 -4.81833e-16 0)
(1.5 -3.54675e-16 0)
(1.5 1.45468e-16 0)
(1.5 5.34126e-16 0)
(1.5 4.98209e-16 0)
(1.5 -2.9293e-16 0)
(1.5 1.78118e-16 0)
(1.5 -1.21292e-16 0)
(1.5 2.41942e-15 0)
(1.5 3.83865e-09 0)
(1.49999 2.45178e-05 0)
(1.49669 0.00666037 0)
(1.5 1.87495e-16 0)
(1.5 6.65287e-17 0)
(1.5 2.42029e-16 0)
(1.5 1.10949e-17 0)
(1.5 2.1086e-16 0)
(1.5 9.5563e-17 0)
(1.5 2.08826e-16 0)
(1.5 -1.09115e-16 0)
(1.5 -1.80871e-16 0)
(1.5 -1.85067e-16 0)
(1.5 1.31941e-16 0)
(1.5 2.88431e-16 0)
(1.5 -2.62181e-16 0)
(1.5 3.0836e-18 0)
(1.5 -2.21187e-18 0)
(1.5 2.32285e-16 0)
(1.5 2.63619e-16 0)
(1.5 3.71467e-16 0)
(1.5 6.1141e-16 0)
(1.5 4.63247e-16 0)
(1.5 1.98483e-17 0)
(1.5 1.10689e-13 0)
(1.5 7.67359e-09 0)
(1.49998 4.72695e-05 0)
(1.5 9.81249e-17 0)
(1.5 1.70106e-16 0)
(1.5 1.83065e-16 0)
(1.5 -2.40216e-16 0)
(1.5 -2.35846e-17 0)
(1.5 1.19489e-16 0)
(1.5 2.71045e-16 0)
(1.5 3.03666e-17 0)
(1.5 -6.90364e-17 0)
(1.5 -2.9732e-16 0)
(1.5 -4.42561e-17 0)
(1.5 3.41354e-17 0)
(1.5 -1.21384e-16 0)
(1.5 -3.29607e-16 0)
(1.5 -4.59513e-16 0)
(1.5 -4.10692e-16 0)
(1.5 -1.77796e-16 0)
(1.5 5.00681e-16 0)
(1.5 1.81931e-16 0)
(1.5 3.4683e-16 0)
(1.5 4.04071e-16 0)
(1.5 -1.87086e-16 0)
(1.5 2.63056e-13 0)
(1.5 3.31576e-08 0)
(1.5 -3.98463e-17 0)
(1.5 6.98314e-17 0)
(1.5 -2.7756e-16 0)
(1.5 3.57332e-17 0)
(1.5 -4.23838e-17 0)
(1.5 -1.0518e-16 0)
(1.5 -3.17286e-17 0)
(1.5 4.5659e-17 0)
(1.5 1.67512e-16 0)
(1.5 4.29216e-17 0)
(1.5 1.19305e-16 0)
(1.5 -1.19682e-16 0)
(1.5 -1.3766e-16 0)
(1.5 -4.14596e-16 0)
(1.5 -5.86362e-16 0)
(1.5 -2.55113e-16 0)
(1.5 -4.06399e-16 0)
(1.5 -1.76945e-16 0)
(1.5 -1.93283e-16 0)
(1.5 2.00128e-16 0)
(1.5 2.71441e-16 0)
(1.5 1.27274e-16 0)
(1.5 -2.73852e-16 0)
(1.5 1.78291e-12 0)
(1.5 -5.11247e-16 0)
(1.5 -8.29335e-16 0)
(1.5 -4.13247e-16 0)
(1.5 3.26552e-16 0)
(1.5 2.44567e-16 0)
(1.5 -1.55892e-16 0)
(1.5 -2.11632e-17 0)
(1.5 6.29882e-17 0)
(1.5 4.50846e-16 0)
(1.5 5.12926e-16 0)
(1.5 9.01287e-17 0)
(1.5 1.01774e-16 0)
(1.5 -2.25282e-16 0)
(1.5 -3.13877e-16 0)
(1.5 -7.73699e-16 0)
(1.5 -1.65916e-16 0)
(1.5 -2.27526e-16 0)
(1.5 -3.37975e-16 0)
(1.5 -2.82675e-16 0)
(1.5 -3.50506e-17 0)
(1.5 -1.74558e-16 0)
(1.5 6.06791e-17 0)
(1.5 -8.98593e-16 0)
(1.5 -7.63737e-16 0)
(1.5 -3.30058e-16 0)
(1.5 -2.95457e-16 0)
(1.5 4.15482e-16 0)
(1.5 1.11721e-16 0)
(1.5 -1.13822e-17 0)
(1.5 -1.3315e-17 0)
(1.5 -9.1568e-17 0)
(1.5 -7.06091e-16 0)
(1.5 -4.76749e-16 0)
(1.5 -3.22652e-16 0)
(1.5 -1.01125e-15 0)
(1.5 -7.86029e-16 0)
(1.5 -9.15987e-16 0)
(1.5 -8.39253e-16 0)
(1.5 -1.04944e-15 0)
(1.5 -1.15864e-15 0)
(1.5 -8.47711e-16 0)
(1.5 -1.23625e-15 0)
(1.5 -1.30105e-15 0)
(1.5 -1.60702e-15 0)
(1.5 -2.4095e-15 0)
(1.5 -1.74279e-15 0)
(1.5 -1.89576e-15 0)
(1.5 -2.011e-15 0)
(1.5 7.90151e-17 0)
(1.5 1.20456e-16 0)
(1.5 5.68501e-16 0)
(1.5 -2.10257e-16 0)
(1.5 3.93257e-17 0)
(1.5 1.96509e-17 0)
(1.5 -2.27655e-16 0)
(1.5 -4.44951e-16 0)
(1.5 -6.14914e-16 0)
(1.5 -6.89328e-16 0)
(1.5 -1.13137e-15 0)
(1.5 -8.68614e-16 0)
(1.5 -6.48049e-16 0)
(1.5 -3.45301e-16 0)
(1.5 -6.86705e-16 0)
(1.5 -1.73552e-15 0)
(1.5 -1.02787e-15 0)
(1.5 -1.09068e-15 0)
(1.5 -8.56515e-16 0)
(1.5 -1.10684e-15 0)
(1.5 -1.74274e-15 0)
(1.5 -2.19131e-15 0)
(1.5 -1.32537e-15 0)
(1.5 -1.5711e-15 0)
(1.5 5.27016e-17 0)
(1.5 2.66383e-16 0)
(1.5 -2.61582e-16 0)
(1.5 4.26776e-17 0)
(1.5 1.8351e-16 0)
(1.5 1.95593e-16 0)
(1.5 1.11279e-16 0)
(1.5 1.68797e-16 0)
(1.5 -3.67881e-16 0)
(1.5 -3.57892e-16 0)
(1.5 -1.97783e-16 0)
(1.5 -2.92657e-18 0)
(1.5 2.54495e-16 0)
(1.5 3.13233e-16 0)
(1.5 2.04348e-17 0)
(1.5 -1.32878e-16 0)
(1.5 2.95701e-16 0)
(1.5 3.47309e-16 0)
(1.5 3.60274e-16 0)
(1.5 2.67287e-16 0)
(1.5 4.68083e-17 0)
(1.5 -9.75926e-17 0)
(1.5 1.55677e-16 0)
(1.5 1.95972e-16 0)
(1.5 4.53813e-17 0)
(1.5 4.78376e-16 0)
(1.5 9.58069e-17 0)
(1.5 1.895e-16 0)
(1.5 -1.45284e-16 0)
(1.5 2.86036e-16 0)
(1.5 -4.68732e-17 0)
(1.5 3.17644e-16 0)
(1.5 3.70983e-16 0)
(1.5 6.8383e-17 0)
(1.5 9.82386e-16 0)
(1.5 1.04936e-15 0)
(1.5 1.31357e-15 0)
(1.5 1.29676e-15 0)
(1.5 1.3379e-15 0)
(1.5 1.81391e-15 0)
(1.5 1.16015e-15 0)
(1.5 1.17384e-15 0)
(1.5 1.14513e-15 0)
(1.5 1.05863e-15 0)
(1.5 1.45027e-15 0)
(1.5 1.80047e-15 0)
(1.5 1.35518e-15 0)
(1.5 1.56569e-15 0)
(1.5 3.83409e-16 0)
(1.5 2.64644e-16 0)
(1.5 2.29276e-16 0)
(1.5 9.84782e-17 0)
(1.5 -2.12708e-16 0)
(1.5 1.9621e-16 0)
(1.5 1.0878e-16 0)
(1.5 1.39243e-16 0)
(1.5 3.14692e-16 0)
(1.5 2.9125e-16 0)
(1.5 1.03229e-15 0)
(1.5 8.08513e-16 0)
(1.5 9.58498e-16 0)
(1.5 1.09009e-15 0)
(1.5 1.31401e-15 0)
(1.5 1.50316e-15 0)
(1.5 9.13327e-16 0)
(1.5 1.00468e-15 0)
(1.5 3.27138e-16 0)
(1.5 2.92888e-16 0)
(1.5 1.14362e-15 0)
(1.5 1.42263e-15 0)
(1.5 1.29162e-15 0)
(1.5 1.34643e-15 0)
(1.5 1.22813e-16 0)
(1.5 -6.6641e-16 0)
(1.5 -4.83776e-16 0)
(1.5 -3.59749e-16 0)
(1.5 -9.11179e-17 0)
(1.5 -1.61439e-16 0)
(1.5 1.41173e-16 0)
(1.5 -2.74702e-16 0)
(1.5 -3.27341e-16 0)
(1.5 1.20448e-16 0)
(1.5 -9.88155e-17 0)
(1.5 3.3667e-17 0)
(1.5 -3.25122e-16 0)
(1.5 -3.55093e-16 0)
(1.5 1.08788e-16 0)
(1.5 1.90709e-16 0)
(1.5 9.23001e-17 0)
(1.5 -4.30778e-16 0)
(1.5 -8.52547e-16 0)
(1.5 -8.36899e-16 0)
(1.5 -1.29939e-16 0)
(1.5 2.72749e-16 0)
(1.5 4.50497e-16 0)
(1.5 2.7643e-16 0)
(1.5 -1.85335e-17 0)
(1.5 -5.36333e-16 0)
(1.5 -5.19331e-16 0)
(1.5 -1.29125e-16 0)
(1.5 2.60916e-16 0)
(1.5 6.70883e-17 0)
(1.5 2.09918e-16 0)
(1.5 -1.28225e-16 0)
(1.5 -6.02518e-17 0)
(1.5 4.6753e-16 0)
(1.5 -1.32266e-16 0)
(1.5 1.88155e-17 0)
(1.5 -9.64612e-17 0)
(1.5 -4.99043e-16 0)
(1.5 -7.91602e-17 0)
(1.5 -2.435e-16 0)
(1.5 -1.87166e-16 0)
(1.5 -6.81787e-16 0)
(1.5 -4.32865e-16 0)
(1.5 -4.29613e-16 0)
(1.5 -7.32464e-16 0)
(1.5 -8.0542e-16 0)
(1.5 2.3068e-16 0)
(1.5 3.45334e-16 0)
(1.5 -5.85681e-18 0)
(1.5 1.721e-17 0)
(1.5 -2.52919e-16 0)
(1.5 1.46045e-16 0)
(1.5 2.47586e-16 0)
(1.5 1.8914e-16 0)
(1.5 4.53973e-16 0)
(1.5 1.18884e-15 0)
(1.5 1.3483e-15 0)
(1.5 1.05132e-15 0)
(1.5 1.31504e-15 0)
(1.5 6.86676e-16 0)
(1.5 1.14548e-15 0)
(1.5 6.31357e-16 0)
(1.5 8.42991e-16 0)
(1.5 8.3474e-16 0)
(1.5 4.00709e-16 0)
(1.5 -1.00526e-16 0)
(1.5 7.75908e-17 0)
(1.5 2.3088e-16 0)
(1.5 1.31762e-16 0)
(1.5 -6.5225e-17 0)
(1.5 2.55254e-16 0)
(1.5 7.56439e-16 0)
(1.5 7.77199e-17 0)
(1.5 5.75538e-16 0)
(1.5 2.38027e-16 0)
(1.5 4.78395e-16 0)
(1.5 4.73499e-16 0)
(1.5 3.33716e-16 0)
(1.5 5.87814e-16 0)
(1.5 1.64489e-15 0)
(1.5 1.93442e-15 0)
(1.5 1.39976e-15 0)
(1.5 1.71115e-15 0)
(1.5 1.40417e-15 0)
(1.5 1.40499e-15 0)
(1.5 1.30958e-15 0)
(1.5 1.43641e-15 0)
(1.5 1.15695e-15 0)
(1.5 8.50362e-17 0)
(1.5 5.99472e-16 0)
(1.5 5.34205e-16 0)
(1.5 7.10077e-16 0)
(1.5 1.06259e-15 0)
(1.5 8.74258e-16 0)
(1.5 4.43225e-16 0)
(1.5 5.41182e-16 0)
(1.5 -6.76835e-17 0)
(1.5 1.65392e-16 0)
(1.5 1.76978e-16 0)
(1.5 2.74592e-16 0)
(1.5 2.61762e-17 0)
(1.5 -2.75016e-17 0)
(1.5 -1.82966e-16 0)
(1.5 -3.0749e-16 0)
(1.5 -3.41331e-16 0)
(1.5 -4.32133e-16 0)
(1.5 -7.69724e-17 0)
(1.5 5.16485e-16 0)
(1.5 2.43768e-16 0)
(1.5 3.37905e-16 0)
(1.5 -9.79104e-17 0)
(1.5 -4.02276e-17 0)
(1.5 3.58922e-17 0)
(1.5 7.38189e-16 0)
(1.5 7.53108e-16 0)
(1.5 1.25388e-15 0)
(1.5 5.55553e-16 0)
(1.5 2.68155e-16 0)
(1.5 -2.3508e-16 0)
(1.5 -4.78951e-16 0)
(1.5 -2.75381e-16 0)
(1.5 1.47576e-16 0)
(1.5 2.66161e-16 0)
(1.5 -2.10209e-16 0)
(1.5 -7.49145e-16 0)
(1.5 -8.17514e-16 0)
(1.5 -1.00142e-15 0)
(1.5 -1.77831e-15 0)
(1.5 -1.97735e-15 0)
(1.5 -1.95985e-15 0)
(1.5 -1.98363e-15 0)
(1.5 -1.39377e-15 0)
(1.5 -1.47641e-15 0)
(1.5 -1.01484e-15 0)
(1.5 -6.78863e-16 0)
(1.5 -6.95692e-16 0)
(1.5 1.52254e-16 0)
(1.5 -1.14887e-16 0)
(1.5 -6.1391e-17 0)
(1.5 -3.06863e-16 0)
(1.5 -1.12653e-15 0)
(1.5 -1.01359e-15 0)
(1.5 -8.87021e-16 0)
(1.5 -1.22408e-15 0)
(1.5 1.08501e-16 0)
(1.5 1.19557e-16 0)
(1.5 3.6929e-17 0)
(1.5 -4.95278e-16 0)
(1.5 -8.6249e-16 0)
(1.5 -5.97594e-16 0)
(1.5 -8.76041e-16 0)
(1.5 -8.90384e-16 0)
(1.5 -1.17579e-15 0)
(1.5 -1.07471e-15 0)
(1.5 -1.13606e-15 0)
(1.5 -8.27301e-16 0)
(1.5 -7.15707e-16 0)
(1.5 -9.99458e-16 0)
(1.5 -9.41058e-16 0)
(1.5 -8.01741e-16 0)
(1.5 -4.18204e-16 0)
(1.5 -5.47316e-16 0)
(1.5 -4.09756e-16 0)
(1.5 -7.16309e-16 0)
(1.5 -7.46842e-16 0)
(1.5 -8.57285e-16 0)
(1.5 -4.00048e-16 0)
(1.5 -1.37544e-15 0)
(1.5 -6.24416e-18 0)
(1.5 -5.31308e-16 0)
(1.5 -4.75299e-16 0)
(1.5 -4.72722e-16 0)
(1.5 -3.45346e-16 0)
(1.5 6.89893e-18 0)
(1.5 -1.92684e-17 0)
(1.5 6.92718e-16 0)
(1.5 7.74039e-16 0)
(1.5 7.29911e-16 0)
(1.5 7.07917e-16 0)
(1.5 2.71935e-16 0)
(1.5 7.898e-16 0)
(1.5 3.83314e-16 0)
(1.5 -1.20497e-16 0)
(1.5 3.06903e-16 0)
(1.5 5.6056e-16 0)
(1.5 6.42107e-16 0)
(1.5 4.21699e-16 0)
(1.5 2.4317e-16 0)
(1.5 2.13645e-16 0)
(1.5 -9.3124e-18 0)
(1.5 3.2804e-16 0)
(1.5 1.30956e-16 0)
(1.5 -2.14751e-16 0)
(1.5 -5.93769e-16 0)
(1.5 2.44862e-17 0)
(1.5 2.46568e-16 0)
(1.5 5.97928e-16 0)
(1.5 6.25857e-16 0)
(1.5 6.32476e-16 0)
(1.5 1.31743e-15 0)
(1.5 1.93245e-15 0)
(1.5 1.33472e-15 0)
(1.5 1.27614e-15 0)
(1.5 9.79465e-16 0)
(1.5 8.35703e-16 0)
(1.5 1.31145e-15 0)
(1.5 1.43936e-15 0)
(1.5 9.44781e-16 0)
(1.5 4.50251e-16 0)
(1.5 4.74941e-16 0)
(1.5 4.03976e-16 0)
(1.5 2.48458e-16 0)
(1.5 5.41425e-16 0)
(1.5 9.41613e-16 0)
(1.5 1.095e-15 0)
(1.5 1.50747e-15 0)
(1.5 -1.20935e-16 0)
(1.5 1.44752e-18 0)
(1.5 2.01006e-16 0)
(1.5 3.84599e-16 0)
(1.5 3.16204e-16 0)
(1.5 8.75228e-16 0)
(1.5 6.24596e-16 0)
(1.5 4.16316e-16 0)
(1.5 5.28862e-16 0)
(1.5 4.69076e-16 0)
(1.5 3.93927e-16 0)
(1.5 3.23556e-16 0)
(1.5 2.51019e-16 0)
(1.5 4.42793e-16 0)
(1.5 6.09118e-16 0)
(1.5 -2.61418e-17 0)
(1.5 -3.97532e-16 0)
(1.5 -5.51427e-16 0)
(1.5 -4.10632e-16 0)
(1.5 -3.09417e-16 0)
(1.5 6.90028e-17 0)
(1.5 2.43558e-16 0)
(1.5 4.52998e-16 0)
(1.5 6.03586e-16 0)
(1.5 3.58273e-17 0)
(1.5 -1.04416e-16 0)
(1.5 2.08391e-16 0)
(1.5 -6.49889e-17 0)
(1.5 2.19235e-16 0)
(1.5 6.22619e-17 0)
(1.5 2.21813e-17 0)
(1.5 -1.15728e-16 0)
(1.5 -2.05939e-16 0)
(1.5 1.20844e-16 0)
(1.5 -1.57459e-16 0)
(1.5 -3.16848e-16 0)
(1.5 -1.79778e-16 0)
(1.5 -1.52585e-16 0)
(1.5 5.3323e-18 0)
(1.5 3.98328e-16 0)
(1.5 5.66404e-17 0)
(1.5 -6.21322e-16 0)
(1.5 -1.10429e-15 0)
(1.5 -1.11823e-15 0)
(1.5 -7.19229e-16 0)
(1.5 -3.81861e-16 0)
(1.5 -4.51339e-16 0)
(1.5 -2.85739e-16 0)
(1.5 2.07535e-16 0)
(1.5 -1.01327e-16 0)
(1.5 -5.44766e-16 0)
(1.5 -3.68661e-16 0)
(1.5 -4.18567e-16 0)
(1.5 -1.58645e-15 0)
(1.5 -5.70846e-16 0)
(1.5 -6.49918e-16 0)
(1.5 -2.47857e-16 0)
(1.5 3.07623e-16 0)
(1.5 -3.30008e-16 0)
(1.5 -4.66719e-16 0)
(1.5 -6.19874e-16 0)
(1.5 -5.55601e-16 0)
(1.5 -8.62329e-16 0)
(1.5 -2.72252e-16 0)
(1.5 -1.79681e-16 0)
(1.5 -7.63998e-16 0)
(1.5 -3.31172e-16 0)
(1.5 -5.91376e-16 0)
(1.5 -7.29811e-16 0)
(1.5 -7.64708e-16 0)
(1.5 -5.71931e-16 0)
(1.5 -2.9289e-16 0)
(1.5 7.25693e-16 0)
(1.5 6.83248e-16 0)
(1.5 -1.44575e-16 0)
(1.5 -1.73234e-16 0)
(1.5 -7.31565e-16 0)
(1.5 -9.38099e-16 0)
(1.5 -6.78921e-16 0)
(1.5 -1.60405e-16 0)
(1.5 1.88972e-16 0)
(1.5 1.92972e-16 0)
(1.5 1.13404e-16 0)
(1.5 1.25955e-16 0)
(1.5 3.75467e-16 0)
(1.5 6.74358e-16 0)
(1.5 5.76738e-16 0)
(1.5 3.16069e-16 0)
(1.5 1.38049e-16 0)
(1.5 -1.40312e-16 0)
(1.5 2.29719e-16 0)
(1.5 4.44506e-16 0)
(1.5 6.23448e-16 0)
(1.5 3.78452e-16 0)
(1.5 2.94819e-16 0)
(1.5 4.56547e-16 0)
(1.5 1.02513e-15 0)
(1.5 1.48131e-15 0)
(1.5 1.59789e-15 0)
(1.5 9.64876e-16 0)
(1.5 2.4122e-16 0)
(1.5 3.76167e-16 0)
(1.5 -3.88791e-16 0)
(1.5 3.22917e-16 0)
(1.5 4.34389e-16 0)
(1.5 -3.30385e-16 0)
(1.5 5.31297e-16 0)
(1.5 1.0039e-15 0)
(1.5 1.75034e-15 0)
(1.5 1.52272e-15 0)
(1.5 1.4486e-15 0)
(1.5 1.10072e-15 0)
(1.5 6.18343e-16 0)
(1.5 1.12324e-15 0)
(1.5 8.20711e-16 0)
(1.5 1.30925e-15 0)
(1.5 1.87363e-15 0)
(1.5 1.68974e-15 0)
(1.5 6.97908e-16 0)
(1.5 1.06144e-15 0)
(1.5 3.33688e-16 0)
(1.5 4.52793e-16 0)
(1.5 9.36556e-16 0)
(1.5 7.86501e-16 0)
(1.5 4.61481e-16 0)
(1.5 2.93051e-16 0)
(1.5 -1.27251e-16 0)
(1.5 -1.26966e-17 0)
(1.5 6.20531e-17 0)
(1.5 -2.03668e-16 0)
(1.5 3.22681e-17 0)
(1.5 1.5374e-16 0)
(1.5 3.75129e-16 0)
(1.5 3.92074e-16 0)
(1.5 4.47723e-16 0)
(1.5 4.69855e-16 0)
(1.5 2.0777e-16 0)
(1.5 6.28125e-16 0)
(1.5 8.97997e-16 0)
(1.5 1.18579e-15 0)
(1.5 1.30301e-15 0)
(1.5 1.13866e-15 0)
(1.5 8.39549e-16 0)
(1.5 4.2356e-16 0)
(1.24712 0.766814 0)
(1.86667 0.964434 0)
(1.72734 0.427419 0)
(1.69917 0.138275 0)
(1.56551 -0.0364748 0)
(1.41958 -0.0890828 0)
(1.35507 -0.0822456 0)
(1.3544 -0.0660542 0)
(1.38363 -0.0548247 0)
(1.4265 -0.045581 0)
(1.45829 -0.0335583 0)
(1.4776 -0.0216949 0)
(1.49535 -0.0125196 0)
(1.51439 -0.00449632 0)
(1.52595 -0.000135837 0)
(1.5266 0.000709269 0)
(1.52457 0.00107531 0)
(1.51761 0.000962979 0)
(1.5063 0.000327322 0)
(1.50053 2.33147e-05 0)
(1.5 1.45988e-07 0)
(1.5 3.12115e-11 0)
(1.5 3.90742e-16 0)
(1.5 -6.97354e-17 0)
(1.5 -3.57637e-17 0)
(1.5 -4.26945e-17 0)
(1.5 -1.3683e-16 0)
(1.5 9.41292e-17 0)
(1.5 2.69586e-17 0)
(1.5 7.65842e-17 0)
(1.5 -6.94142e-17 0)
(1.5 -2.35186e-16 0)
(1.5 -6.45562e-17 0)
(1.5 -9.88956e-17 0)
(1.5 -3.54154e-17 0)
(1.5 -1.1985e-16 0)
(1.5 -5.90767e-17 0)
(1.5 -5.30781e-16 0)
(1.5 -4.4136e-16 0)
(1.5 -2.7512e-16 0)
(1.5 -5.60256e-16 0)
(1.5 -3.84077e-16 0)
(1.5 -9.10345e-17 0)
(1.5 2.63428e-16 0)
(1.5 1.14553e-16 0)
(1.5 7.26431e-17 0)
(1.5 -1.49602e-16 0)
(1.5 -1.62589e-16 0)
(1.5 1.56609e-16 0)
(1.5 3.23648e-16 0)
(1.5 -9.78606e-19 0)
(1.5 -4.05306e-16 0)
(1.5 -5.91462e-16 0)
(1.5 -1.96997e-16 0)
(1.5 -4.38128e-16 0)
(1.5 -1.2031e-16 0)
(1.5 -9.88257e-17 0)
(1.5 -6.08799e-16 0)
(1.5 -6.8204e-16 0)
(1.5 -7.0473e-17 0)
(1.5 4.23142e-16 0)
(1.5 2.89714e-16 0)
(1.5 3.00894e-16 0)
(1.5 3.33555e-16 0)
(1.5 9.54377e-16 0)
(1.5 5.37323e-16 0)
(1.5 3.30428e-16 0)
(1.5 -1.20365e-16 0)
(1.5 -5.63587e-16 0)
(1.5 -1.28147e-16 0)
(1.5 2.47067e-17 0)
(1.5 -3.85148e-16 0)
(1.5 -2.02503e-17 0)
(1.5 2.69165e-16 0)
(1.5 4.91014e-16 0)
(1.5 1.1513e-15 0)
(1.5 4.75034e-16 0)
(1.5 4.8646e-16 0)
(1.5 4.22441e-16 0)
(1.5 6.87932e-16 0)
(1.5 6.91183e-16 0)
(1.5 4.78868e-16 0)
(1.5 8.25653e-17 0)
(1.5 -7.57546e-17 0)
(1.5 -1.70408e-16 0)
(1.5 6.20548e-16 0)
(1.5 8.46642e-16 0)
(1.5 7.36569e-16 0)
(1.5 6.47937e-16 0)
(1.5 4.33728e-16 0)
(1.5 5.98857e-16 0)
(1.5 2.12619e-16 0)
(1.5 3.79585e-16 0)
(1.5 5.17841e-16 0)
(1.5 4.10858e-16 0)
(1.5 9.19791e-17 0)
(1.3213 0.587211 0)
(1.64671 0.328129 0)
(1.78705 0.0203599 0)
(1.69846 -0.185858 0)
(1.6485 -0.222155 0)
(1.55956 -0.188592 0)
(1.48355 -0.133816 0)
(1.44851 -0.0883639 0)
(1.44274 -0.0615756 0)
(1.45133 -0.052197 0)
(1.46786 -0.0501751 0)
(1.48709 -0.0432908 0)
(1.50669 -0.0287073 0)
(1.52488 -0.0122945 0)
(1.53163 -0.00309422 0)
(1.53098 -0.000106791 0)
(1.52656 0.00340566 0)
(1.51637 0.00363181 0)
(1.50435 0.00113371 0)
(1.50023 5.76989e-05 0)
(1.5 2.18335e-07 0)
(1.5 2.57323e-11 0)
(1.5 -7.42609e-16 0)
(1.5 -5.99716e-16 0)
(1.5 -5.56762e-16 0)
(1.5 -3.0636e-16 0)
(1.5 -4.31972e-16 0)
(1.5 -3.4534e-16 0)
(1.5 2.01612e-16 0)
(1.5 4.63342e-16 0)
(1.5 7.24051e-16 0)
(1.5 1.29224e-16 0)
(1.5 3.73815e-16 0)
(1.5 5.32633e-16 0)
(1.5 6.5121e-16 0)
(1.5 3.53215e-17 0)
(1.5 2.25275e-16 0)
(1.5 -9.09553e-17 0)
(1.5 1.17933e-16 0)
(1.5 -2.06854e-16 0)
(1.5 -7.53694e-16 0)
(1.5 -5.10781e-16 0)
(1.5 -1.58834e-16 0)
(1.5 4.09966e-17 0)
(1.5 -5.45662e-17 0)
(1.5 -6.19973e-19 0)
(1.5 4.10642e-16 0)
(1.5 2.00458e-16 0)
(1.5 7.28665e-16 0)
(1.5 5.79831e-16 0)
(1.5 -1.51951e-16 0)
(1.5 -5.17357e-16 0)
(1.5 -9.32582e-16 0)
(1.5 -1.73614e-16 0)
(1.5 -3.74715e-16 0)
(1.5 -5.30884e-16 0)
(1.5 -4.24788e-16 0)
(1.5 -5.3266e-16 0)
(1.5 -5.56621e-16 0)
(1.5 2.12135e-16 0)
(1.5 9.19618e-16 0)
(1.5 5.35631e-16 0)
(1.5 7.80903e-16 0)
(1.5 1.09152e-15 0)
(1.5 1.55001e-15 0)
(1.5 9.91181e-16 0)
(1.5 6.8109e-16 0)
(1.5 -8.25036e-17 0)
(1.5 -5.79064e-16 0)
(1.5 2.5516e-16 0)
(1.5 3.87873e-16 0)
(1.5 -2.21738e-16 0)
(1.5 6.90226e-16 0)
(1.5 1.15095e-15 0)
(1.5 1.49612e-15 0)
(1.5 1.69875e-15 0)
(1.5 1.5308e-15 0)
(1.5 1.7503e-15 0)
(1.5 1.26478e-15 0)
(1.5 1.42679e-15 0)
(1.5 1.15603e-15 0)
(1.5 1.11182e-15 0)
(1.5 4.86784e-16 0)
(1.5 9.84441e-17 0)
(1.5 5.55332e-16 0)
(1.5 1.88053e-15 0)
(1.5 1.5336e-15 0)
(1.5 1.52934e-15 0)
(1.5 1.16305e-15 0)
(1.5 6.64467e-16 0)
(1.5 8.99514e-16 0)
(1.5 6.74176e-16 0)
(1.5 1.05727e-15 0)
(1.5 5.0263e-16 0)
(1.5 2.62076e-16 0)
(1.5 -2.71664e-16 0)
(1.28749 0.56161 0)
(1.49515 0.382201 0)
(1.61816 0.220837 0)
(1.66277 0.0907452 0)
(1.62723 0.0188978 0)
(1.60948 -0.0196386 0)
(1.57508 -0.0295513 0)
(1.54581 -0.0303593 0)
(1.5287 -0.0370774 0)
(1.51642 -0.0416756 0)
(1.51019 -0.0380541 0)
(1.51349 -0.0294476 0)
(1.52822 -0.0169771 0)
(1.54056 -0.00397055 0)
(1.54008 0.00175416 0)
(1.53584 0.00566851 0)
(1.52659 0.00769762 0)
(1.51192 0.00443015 0)
(1.50165 0.000610174 0)
(1.50003 9.78161e-06 0)
(1.5 8.23091e-09 0)
(1.5 1.74211e-13 0)
(1.5 -2.18872e-15 0)
(1.5 -8.38921e-16 0)
(1.5 -4.26423e-16 0)
(1.5 -2.28509e-16 0)
(1.5 -2.35753e-17 0)
(1.5 -4.11347e-16 0)
(1.5 5.1519e-16 0)
(1.5 1.19162e-15 0)
(1.5 1.36972e-15 0)
(1.5 8.74631e-16 0)
(1.5 1.13289e-15 0)
(1.5 1.24133e-15 0)
(1.5 1.14084e-15 0)
(1.5 7.03687e-16 0)
(1.5 5.80148e-16 0)
(1.5 5.05067e-16 0)
(1.5 7.20045e-16 0)
(1.5 2.32181e-16 0)
(1.5 3.77225e-16 0)
(1.5 4.64557e-16 0)
(1.5 2.28046e-16 0)
(1.5 -4.80785e-16 0)
(1.5 -6.54369e-16 0)
(1.5 -7.06729e-16 0)
(1.5 -3.08358e-16 0)
(1.5 -6.5269e-16 0)
(1.5 -2.30279e-16 0)
(1.5 -3.5083e-16 0)
(1.5 -2.59141e-16 0)
(1.5 -6.92913e-16 0)
(1.5 -9.56291e-16 0)
(1.5 -6.98759e-16 0)
(1.5 -8.20459e-16 0)
(1.5 -1.4572e-15 0)
(1.5 -1.18673e-15 0)
(1.5 -2.80817e-16 0)
(1.5 4.12082e-17 0)
(1.5 -1.11246e-16 0)
(1.5 9.52981e-17 0)
(1.5 3.77996e-17 0)
(1.5 -4.18143e-17 0)
(1.5 1.15674e-16 0)
(1.5 4.50453e-16 0)
(1.5 7.01865e-19 0)
(1.5 2.06607e-17 0)
(1.5 -4.14539e-16 0)
(1.5 -5.59121e-16 0)
(1.5 -2.58884e-16 0)
(1.5 -4.88651e-17 0)
(1.5 -8.56242e-17 0)
(1.5 4.72075e-16 0)
(1.5 7.03152e-16 0)
(1.5 5.64351e-16 0)
(1.5 6.37121e-16 0)
(1.5 5.53969e-16 0)
(1.5 7.04451e-16 0)
(1.5 3.7883e-16 0)
(1.5 -7.05178e-17 0)
(1.5 -4.49648e-16 0)
(1.5 -5.74883e-17 0)
(1.5 -1.01936e-16 0)
(1.5 -4.4573e-16 0)
(1.5 3.8824e-16 0)
(1.5 1.31886e-15 0)
(1.5 1.03105e-15 0)
(1.5 9.20696e-16 0)
(1.5 5.14656e-16 0)
(1.5 6.66282e-16 0)
(1.5 7.67567e-16 0)
(1.5 7.96745e-16 0)
(1.5 6.80553e-16 0)
(1.5 3.63464e-16 0)
(1.5 -1.84778e-16 0)
(1.5 -3.3269e-16 0)
(1.20114 0.582742 0)
(1.37708 0.477371 0)
(1.49247 0.35656 0)
(1.59415 0.224931 0)
(1.63886 0.106869 0)
(1.66326 0.0132907 0)
(1.65889 -0.0446282 0)
(1.63783 -0.0728702 0)
(1.61401 -0.080921 0)
(1.58842 -0.0730318 0)
(1.56819 -0.0546732 0)
(1.55955 -0.0289811 0)
(1.55883 -0.00291571 0)
(1.55465 0.0102946 0)
(1.54865 0.0148738 0)
(1.53971 0.0157371 0)
(1.52154 0.0107239 0)
(1.50455 0.00236467 0)
(1.50017 8.07145e-05 0)
(1.5 1.91698e-07 0)
(1.5 1.31414e-11 0)
(1.5 1.23616e-15 0)
(1.5 -7.55828e-16 0)
(1.5 -9.43266e-16 0)
(1.5 -8.83668e-16 0)
(1.5 -7.51489e-16 0)
(1.5 -1.192e-17 0)
(1.5 -2.23268e-16 0)
(1.5 1.46819e-17 0)
(1.5 4.17838e-16 0)
(1.5 5.44194e-16 0)
(1.5 8.27714e-16 0)
(1.5 9.5141e-16 0)
(1.5 7.92043e-16 0)
(1.5 6.94954e-16 0)
(1.5 6.24449e-16 0)
(1.5 2.41882e-16 0)
(1.5 3.36195e-16 0)
(1.5 3.97666e-16 0)
(1.5 2.20021e-16 0)
(1.5 6.63645e-16 0)
(1.5 3.2307e-16 0)
(1.5 -1.48512e-16 0)
(1.5 -1.145e-16 0)
(1.5 -2.54934e-16 0)
(1.5 -5.60505e-16 0)
(1.5 -1.13254e-16 0)
(1.5 -2.46278e-16 0)
(1.5 -6.30895e-16 0)
(1.5 -1.08605e-15 0)
(1.5 -5.47192e-16 0)
(1.5 -5.31828e-16 0)
(1.5 -7.46495e-16 0)
(1.5 -9.93434e-16 0)
(1.5 -1.27432e-15 0)
(1.5 -1.22776e-15 0)
(1.5 -1.06006e-15 0)
(1.5 -4.87193e-16 0)
(1.5 -8.74385e-17 0)
(1.5 -4.20713e-17 0)
(1.5 -1.54016e-17 0)
(1.5 -1.93397e-16 0)
(1.5 3.08175e-17 0)
(1.5 -4.49427e-16 0)
(1.5 -1.31423e-16 0)
(1.5 -1.87383e-16 0)
(1.5 -6.53142e-16 0)
(1.5 -5.84335e-16 0)
(1.5 -7.39428e-17 0)
(1.5 -2.08001e-16 0)
(1.5 -8.38957e-16 0)
(1.5 -6.69987e-16 0)
(1.5 -4.76704e-16 0)
(1.5 2.71237e-17 0)
(1.5 1.4248e-16 0)
(1.5 1.0812e-16 0)
(1.5 -2.42582e-16 0)
(1.5 -1.03216e-16 0)
(1.5 -1.79043e-16 0)
(1.5 -1.72565e-16 0)
(1.5 -7.50322e-16 0)
(1.5 -9.14086e-16 0)
(1.5 -3.59162e-16 0)
(1.5 -3.75083e-16 0)
(1.5 -8.53009e-19 0)
(1.5 8.48756e-17 0)
(1.5 -2.33049e-16 0)
(1.5 -8.65379e-17 0)
(1.5 2.97397e-17 0)
(1.5 1.49178e-16 0)
(1.5 4.20739e-16 0)
(1.5 1.2356e-16 0)
(1.5 -1.83041e-16 0)
(1.5 2.60763e-16 0)
(1.5 1.67671e-16 0)
(1.5 -1.27273e-16 0)
(1.1442 0.573547 0)
(1.28983 0.518356 0)
(1.40109 0.444161 0)
(1.4994 0.355659 0)
(1.56798 0.257886 0)
(1.62121 0.170951 0)
(1.64461 0.105421 0)
(1.63006 0.0646259 0)
(1.60735 0.0287072 0)
(1.59285 0.0234574 0)
(1.58043 0.0245812 0)
(1.57585 0.0314831 0)
(1.57123 0.0355614 0)
(1.56476 0.0340313 0)
(1.55011 0.0290685 0)
(1.52942 0.0192829 0)
(1.50901 0.00564246 0)
(1.50064 0.000327065 0)
(1.5 1.56415e-06 0)
(1.5 2.48823e-10 0)
(1.5 2.41939e-15 0)
(1.5 1.36523e-16 0)
(1.5 1.5869e-16 0)
(1.5 -6.11955e-16 0)
(1.5 -6.57078e-16 0)
(1.5 -6.48704e-16 0)
(1.5 -3.89678e-16 0)
(1.5 -2.06461e-16 0)
(1.5 6.93537e-17 0)
(1.5 3.06092e-16 0)
(1.5 2.87749e-16 0)
(1.5 5.2993e-16 0)
(1.5 5.76699e-16 0)
(1.5 5.35412e-16 0)
(1.5 6.3183e-16 0)
(1.5 4.16097e-16 0)
(1.5 8.66424e-17 0)
(1.5 2.62685e-16 0)
(1.5 3.18241e-17 0)
(1.5 2.28731e-16 0)
(1.5 2.48427e-17 0)
(1.5 -3.63191e-16 0)
(1.5 -1.96593e-16 0)
(1.5 -4.52506e-16 0)
(1.5 4.81513e-17 0)
(1.5 -2.4526e-16 0)
(1.5 3.13967e-16 0)
(1.5 8.43779e-16 0)
(1.5 2.17714e-16 0)
(1.5 -8.44397e-16 0)
(1.5 -1.41311e-15 0)
(1.5 -7.09191e-16 0)
(1.5 -7.77229e-16 0)
(1.5 -8.37589e-16 0)
(1.5 -1.05531e-15 0)
(1.5 -6.24294e-16 0)
(1.5 -6.91735e-16 0)
(1.5 -5.15601e-16 0)
(1.5 -6.34177e-16 0)
(1.5 -1.6711e-16 0)
(1.5 9.65856e-18 0)
(1.5 -9.68363e-17 0)
(1.5 9.47132e-17 0)
(1.5 -8.6971e-16 0)
(1.5 -6.91626e-16 0)
(1.5 7.43735e-19 0)
(1.5 -6.1149e-16 0)
(1.5 -6.31867e-16 0)
(1.5 -4.69625e-16 0)
(1.5 -2.59589e-16 0)
(1.5 -1.24444e-15 0)
(1.5 -1.0884e-15 0)
(1.5 -2.85207e-16 0)
(1.5 -5.37964e-16 0)
(1.5 1.4094e-16 0)
(1.5 -2.81166e-16 0)
(1.5 -8.70945e-18 0)
(1.5 3.29994e-16 0)
(1.5 -1.48507e-16 0)
(1.5 -4.41433e-16 0)
(1.5 -7.0662e-16 0)
(1.5 -8.11806e-16 0)
(1.5 -2.97538e-16 0)
(1.5 -3.77872e-16 0)
(1.5 -2.75429e-16 0)
(1.5 -2.05058e-16 0)
(1.5 -1.00151e-15 0)
(1.5 -9.13606e-16 0)
(1.5 -1.08828e-16 0)
(1.5 -5.69306e-16 0)
(1.5 -3.16686e-16 0)
(1.5 -3.90032e-16 0)
(1.5 -6.03775e-16 0)
(1.5 -8.3136e-17 0)
(1.5 4.81792e-16 0)
(1.5 3.09748e-17 0)
(1.17596 0.504953 0)
(1.26707 0.485488 0)
(1.36923 0.448097 0)
(1.44686 0.39958 0)
(1.50941 0.336194 0)
(1.56238 0.270505 0)
(1.59771 0.209247 0)
(1.60806 0.154108 0)
(1.60073 0.114215 0)
(1.59103 0.0936407 0)
(1.58384 0.0805895 0)
(1.57658 0.0677289 0)
(1.5673 0.0551594 0)
(1.55432 0.043565 0)
(1.53577 0.0283908 0)
(1.51357 0.00994581 0)
(1.50148 0.000903968 0)
(1.50002 8.79106e-06 0)
(1.5 3.54041e-09 0)
(1.5 3.89032e-14 0)
(1.5 -1.48892e-16 0)
(1.5 -3.78523e-16 0)
(1.5 3.13662e-19 0)
(1.5 5.86708e-16 0)
(1.5 2.76611e-16 0)
(1.5 -2.51211e-16 0)
(1.5 -4.86645e-16 0)
(1.5 -2.29764e-16 0)
(1.5 4.48644e-16 0)
(1.5 4.13998e-16 0)
(1.5 5.44522e-17 0)
(1.5 -6.85909e-17 0)
(1.5 2.20369e-17 0)
(1.5 3.2667e-16 0)
(1.5 3.07693e-16 0)
(1.5 1.75382e-16 0)
(1.5 -1.34577e-16 0)
(1.5 -3.18979e-16 0)
(1.5 -3.6317e-16 0)
(1.5 -1.29607e-16 0)
(1.5 -7.06771e-16 0)
(1.5 -5.46638e-16 0)
(1.5 -3.9586e-16 0)
(1.5 -2.91846e-16 0)
(1.5 -1.94619e-17 0)
(1.5 1.34064e-16 0)
(1.5 1.44177e-16 0)
(1.5 6.84368e-16 0)
(1.5 4.88418e-16 0)
(1.5 7.85333e-17 0)
(1.5 -1.13349e-15 0)
(1.5 -1.06546e-15 0)
(1.5 -9.73578e-16 0)
(1.5 -1.19826e-15 0)
(1.5 -7.4174e-16 0)
(1.5 -5.44592e-16 0)
(1.5 -4.1131e-16 0)
(1.5 -5.74142e-16 0)
(1.5 -6.16601e-16 0)
(1.5 -4.17703e-16 0)
(1.5 -1.93204e-17 0)
(1.5 -1.52494e-17 0)
(1.5 -4.72712e-16 0)
(1.5 -4.37889e-16 0)
(1.5 -2.76257e-16 0)
(1.5 6.46055e-17 0)
(1.5 1.30353e-17 0)
(1.5 -4.85524e-16 0)
(1.5 -9.96184e-16 0)
(1.5 -1.13978e-15 0)
(1.5 -9.71064e-16 0)
(1.5 -7.79223e-16 0)
(1.5 -8.25427e-16 0)
(1.5 -9.46426e-16 0)
(1.5 -6.25543e-16 0)
(1.5 9.67964e-17 0)
(1.5 7.75574e-16 0)
(1.5 4.31534e-16 0)
(1.5 3.17769e-17 0)
(1.5 -4.18002e-16 0)
(1.5 -3.34253e-16 0)
(1.5 -3.052e-16 0)
(1.5 -1.24316e-16 0)
(1.5 -1.40591e-16 0)
(1.5 -1.21848e-16 0)
(1.5 1.7474e-16 0)
(1.5 -4.28342e-16 0)
(1.5 -7.51296e-16 0)
(1.5 -1.03082e-15 0)
(1.5 -1.14893e-15 0)
(1.5 -9.77166e-16 0)
(1.5 -7.29233e-16 0)
(1.5 -7.09055e-16 0)
(1.5 -5.91666e-16 0)
(1.5 3.46616e-17 0)
(1.5 1.46347e-16 0)
(1.2815 0.318896 0)
(1.29261 0.399102 0)
(1.37528 0.386848 0)
(1.42814 0.368934 0)
(1.48153 0.325779 0)
(1.52553 0.278917 0)
(1.55829 0.233297 0)
(1.57461 0.18851 0)
(1.5764 0.149275 0)
(1.57218 0.117955 0)
(1.56709 0.0945639 0)
(1.55979 0.0762455 0)
(1.5497 0.0583095 0)
(1.53513 0.0374166 0)
(1.51577 0.0144436 0)
(1.50232 0.00171141 0)
(1.50005 2.65587e-05 0)
(1.5 2.17673e-08 0)
(1.5 3.7991e-13 0)
(1.5 4.28111e-16 0)
(1.5 -4.70936e-16 0)
(1.5 -5.21996e-16 0)
(1.5 -2.07111e-16 0)
(1.5 6.65716e-16 0)
(1.5 1.84845e-16 0)
(1.5 -2.45641e-16 0)
(1.5 -3.75502e-16 0)
(1.5 -6.83356e-16 0)
(1.5 -3.3141e-16 0)
(1.5 -4.96213e-16 0)
(1.5 -6.90141e-16 0)
(1.5 -8.51848e-16 0)
(1.5 -5.37014e-16 0)
(1.5 -3.73628e-16 0)
(1.5 -5.58259e-16 0)
(1.5 -8.25765e-16 0)
(1.5 -6.67559e-16 0)
(1.5 -8.25886e-16 0)
(1.5 -5.47158e-16 0)
(1.5 -7.59067e-16 0)
(1.5 -7.9388e-16 0)
(1.5 -4.73587e-16 0)
(1.5 -5.98823e-16 0)
(1.5 2.63183e-16 0)
(1.5 1.004e-16 0)
(1.5 2.51106e-16 0)
(1.5 8.72628e-17 0)
(1.5 -2.36134e-16 0)
(1.5 -1.86788e-16 0)
(1.5 1.22385e-16 0)
(1.5 -2.14739e-16 0)
(1.5 -7.37467e-16 0)
(1.5 -7.54673e-16 0)
(1.5 -5.5702e-16 0)
(1.5 -2.40738e-16 0)
(1.5 -9.23405e-16 0)
(1.5 -6.043e-16 0)
(1.5 -2.2463e-16 0)
(1.5 -1.09836e-16 0)
(1.5 1.43045e-16 0)
(1.5 4.53122e-17 0)
(1.5 -5.04357e-16 0)
(1.5 -6.10186e-16 0)
(1.5 -1.75277e-16 0)
(1.5 4.76811e-16 0)
(1.5 5.46289e-16 0)
(1.5 1.2784e-17 0)
(1.5 7.75174e-17 0)
(1.5 -7.47112e-16 0)
(1.5 -8.35739e-16 0)
(1.5 -5.02353e-16 0)
(1.5 -5.93569e-16 0)
(1.5 -4.75799e-16 0)
(1.5 -1.90856e-16 0)
(1.5 -2.69907e-17 0)
(1.5 3.21246e-16 0)
(1.5 3.05687e-16 0)
(1.5 3.13512e-16 0)
(1.5 6.55845e-16 0)
(1.5 7.78102e-16 0)
(1.5 4.87359e-16 0)
(1.5 2.57512e-16 0)
(1.5 -5.64397e-16 0)
(1.5 -3.84332e-16 0)
(1.5 3.96151e-17 0)
(1.5 -3.82203e-17 0)
(1.5 -2.46019e-16 0)
(1.5 -1.3607e-15 0)
(1.5 -2.0912e-15 0)
(1.5 -1.27977e-15 0)
(1.5 -9.58651e-16 0)
(1.5 -9.18542e-16 0)
(1.5 -6.94783e-16 0)
(1.5 -6.99741e-16 0)
(1.5 -3.12763e-16 0)
(1.5 -3.88781e-16 0)
(1.45696 0.0695506 0)
(1.39876 0.184188 0)
(1.39224 0.266189 0)
(1.42698 0.293368 0)
(1.46451 0.274317 0)
(1.49904 0.246074 0)
(1.52601 0.21469 0)
(1.54205 0.178201 0)
(1.54636 0.142379 0)
(1.54481 0.111744 0)
(1.54141 0.0865339 0)
(1.53678 0.0633612 0)
(1.52765 0.0390871 0)
(1.51321 0.0150583 0)
(1.50222 0.00203108 0)
(1.50006 4.27169e-05 0)
(1.5 5.60361e-08 0)
(1.5 1.74928e-12 0)
(1.5 -4.82119e-16 0)
(1.5 3.55394e-16 0)
(1.5 6.45009e-16 0)
(1.5 7.65773e-16 0)
(1.5 9.50011e-16 0)
(1.5 4.66544e-16 0)
(1.5 4.8677e-16 0)
(1.5 7.37028e-16 0)
(1.5 9.10646e-16 0)
(1.5 9.39381e-16 0)
(1.5 3.62465e-16 0)
(1.5 4.04379e-17 0)
(1.5 4.35981e-16 0)
(1.5 3.31947e-16 0)
(1.5 2.04629e-16 0)
(1.5 -2.09737e-16 0)
(1.5 -1.35177e-16 0)
(1.5 1.27546e-16 0)
(1.5 1.86905e-16 0)
(1.5 -4.07178e-16 0)
(1.5 -2.55861e-16 0)
(1.5 -4.28974e-16 0)
(1.5 3.37203e-16 0)
(1.5 3.4903e-16 0)
(1.5 4.63042e-16 0)
(1.5 3.3928e-16 0)
(1.5 5.21294e-16 0)
(1.5 7.03686e-16 0)
(1.5 3.19776e-16 0)
(1.5 -3.28413e-16 0)
(1.5 -1.43974e-16 0)
(1.5 7.70705e-16 0)
(1.5 8.8408e-16 0)
(1.5 4.29553e-16 0)
(1.5 1.79005e-16 0)
(1.5 -5.61182e-17 0)
(1.5 4.35925e-17 0)
(1.5 3.472e-17 0)
(1.5 -3.45453e-16 0)
(1.5 -2.87651e-16 0)
(1.5 3.19236e-17 0)
(1.5 -5.82936e-16 0)
(1.5 -6.97486e-16 0)
(1.5 -8.30357e-16 0)
(1.5 -8.00009e-16 0)
(1.5 -1.06473e-15 0)
(1.5 -6.23624e-16 0)
(1.5 -4.66252e-16 0)
(1.5 -5.10417e-16 0)
(1.5 -3.20757e-16 0)
(1.5 -1.82356e-16 0)
(1.5 -3.90542e-16 0)
(1.5 -4.44517e-16 0)
(1.5 -3.91286e-16 0)
(1.5 -2.08567e-16 0)
(1.5 -1.55715e-16 0)
(1.5 -5.50616e-16 0)
(1.5 -2.51976e-16 0)
(1.5 -2.46284e-18 0)
(1.5 3.27406e-17 0)
(1.5 6.06424e-16 0)
(1.5 -6.71926e-17 0)
(1.5 -1.24935e-16 0)
(1.5 -1.48248e-16 0)
(1.5 -2.50665e-16 0)
(1.5 -1.14445e-16 0)
(1.5 -2.41904e-16 0)
(1.5 -5.23649e-16 0)
(1.5 -6.17804e-16 0)
(1.5 -1.06454e-15 0)
(1.5 -8.86513e-16 0)
(1.5 -6.35506e-16 0)
(1.5 -3.29032e-16 0)
(1.5 3.44589e-16 0)
(1.5 5.67404e-16 0)
(1.5 5.10964e-16 0)
(1.5 2.09999e-16 0)
(1.5 -1.85463e-16 0)
(1.49861 0.00281824 0)
(1.48826 0.0231762 0)
(1.4688 0.0711211 0)
(1.46022 0.120431 0)
(1.46689 0.151393 0)
(1.4856 0.153627 0)
(1.4974 0.143245 0)
(1.50861 0.122902 0)
(1.51497 0.0987296 0)
(1.51819 0.0746705 0)
(1.51867 0.0514752 0)
(1.51494 0.0291812 0)
(1.50719 0.0104431 0)
(1.50122 0.00139862 0)
(1.50003 3.29287e-05 0)
(1.5 5.62641e-08 0)
(1.5 2.64421e-12 0)
(1.5 1.34372e-16 0)
(1.5 -9.3663e-17 0)
(1.5 -1.22352e-16 0)
(1.5 4.77226e-16 0)
(1.5 1.75764e-15 0)
(1.5 1.90926e-15 0)
(1.5 1.1784e-15 0)
(1.5 4.27904e-16 0)
(1.5 5.46054e-16 0)
(1.5 1.1831e-15 0)
(1.5 1.58958e-15 0)
(1.5 6.06254e-16 0)
(1.5 -5.36279e-17 0)
(1.5 4.8704e-16 0)
(1.5 7.07377e-16 0)
(1.5 9.37012e-17 0)
(1.5 -2.43262e-16 0)
(1.5 -3.20729e-16 0)
(1.5 3.59055e-16 0)
(1.5 2.77431e-16 0)
(1.5 -3.31349e-19 0)
(1.5 2.1164e-16 0)
(1.5 1.69824e-16 0)
(1.5 5.46622e-16 0)
(1.5 6.4591e-16 0)
(1.5 6.52904e-16 0)
(1.5 3.75712e-16 0)
(1.5 4.25346e-16 0)
(1.5 1.03243e-15 0)
(1.5 8.97552e-16 0)
(1.5 8.81171e-16 0)
(1.5 4.1818e-16 0)
(1.5 9.23732e-17 0)
(1.5 8.14287e-16 0)
(1.5 7.27221e-16 0)
(1.5 7.89194e-16 0)
(1.5 3.87391e-16 0)
(1.5 2.62255e-16 0)
(1.5 5.67281e-16 0)
(1.5 5.92551e-16 0)
(1.5 -3.84175e-16 0)
(1.5 -1.63102e-16 0)
(1.5 -9.31146e-16 0)
(1.5 -5.94875e-16 0)
(1.5 -3.14176e-16 0)
(1.5 -8.68289e-16 0)
(1.5 -9.39936e-16 0)
(1.5 -1.20698e-15 0)
(1.5 -7.07161e-16 0)
(1.5 -9.86943e-17 0)
(1.5 -7.95418e-16 0)
(1.5 -7.13316e-16 0)
(1.5 -8.97962e-16 0)
(1.5 -5.88687e-16 0)
(1.5 -2.18535e-16 0)
(1.5 -7.58433e-16 0)
(1.5 -5.34945e-16 0)
(1.5 -4.05056e-16 0)
(1.5 -1.39779e-16 0)
(1.5 1.44527e-16 0)
(1.5 -5.52884e-16 0)
(1.5 -2.13673e-16 0)
(1.5 -6.01957e-16 0)
(1.5 -3.13373e-16 0)
(1.5 -1.36887e-16 0)
(1.5 8.95759e-17 0)
(1.5 5.32363e-16 0)
(1.5 -6.81949e-16 0)
(1.5 -5.9651e-16 0)
(1.5 -4.90365e-16 0)
(1.5 -2.46118e-17 0)
(1.5 1.36383e-16 0)
(1.5 -3.20427e-16 0)
(1.5 1.32102e-16 0)
(1.5 6.37808e-16 0)
(1.5 1.01581e-15 0)
(1.5 1.01359e-15 0)
(1.5 -1.20742e-16 0)
(1.5 1.4377e-16 0)
(1.49999 1.47656e-05 0)
(1.49981 0.000451757 0)
(1.49853 0.00352485 0)
(1.49541 0.0125108 0)
(1.49314 0.0257311 0)
(1.49411 0.0369799 0)
(1.4974 0.0393745 0)
(1.4996 0.0364819 0)
(1.50226 0.0300574 0)
(1.50414 0.0211314 0)
(1.50405 0.0115052 0)
(1.50204 0.00384461 0)
(1.50035 0.000492192 0)
(1.50001 1.18163e-05 0)
(1.5 2.24397e-08 0)
(1.5 1.34122e-12 0)
(1.5 -2.19699e-16 0)
(1.5 -4.56251e-17 0)
(1.5 -2.96265e-16 0)
(1.5 -7.80077e-17 0)
(1.5 1.37346e-16 0)
(1.5 6.48634e-16 0)
(1.5 7.71895e-16 0)
(1.5 5.53142e-16 0)
(1.5 5.63009e-16 0)
(1.5 4.19139e-16 0)
(1.5 5.20787e-16 0)
(1.5 1.11937e-15 0)
(1.5 9.29092e-16 0)
(1.5 7.19858e-16 0)
(1.5 6.86411e-16 0)
(1.5 6.78344e-16 0)
(1.5 2.7423e-16 0)
(1.5 -1.51718e-16 0)
(1.5 -3.99354e-16 0)
(1.5 1.90213e-16 0)
(1.5 1.27138e-16 0)
(1.5 2.11724e-16 0)
(1.5 1.09227e-16 0)
(1.5 1.07331e-16 0)
(1.5 4.79604e-17 0)
(1.5 2.26645e-17 0)
(1.5 -8.77811e-17 0)
(1.5 1.90567e-16 0)
(1.5 2.61168e-16 0)
(1.5 6.55411e-16 0)
(1.5 9.07603e-16 0)
(1.5 7.45924e-16 0)
(1.5 4.25045e-16 0)
(1.5 2.98056e-16 0)
(1.5 7.4001e-16 0)
(1.5 5.47613e-16 0)
(1.5 4.834e-16 0)
(1.5 4.31165e-16 0)
(1.5 3.73601e-16 0)
(1.5 2.69218e-16 0)
(1.5 5.60422e-16 0)
(1.5 -4.03997e-17 0)
(1.5 -3.3821e-16 0)
(1.5 -1.85839e-16 0)
(1.5 -3.70949e-16 0)
(1.5 8.70374e-18 0)
(1.5 -4.00134e-16 0)
(1.5 -2.46004e-16 0)
(1.5 -3.94245e-16 0)
(1.5 -1.84022e-16 0)
(1.5 6.57269e-16 0)
(1.5 -1.06955e-16 0)
(1.5 -9.00789e-16 0)
(1.5 -5.70689e-16 0)
(1.5 -4.99678e-17 0)
(1.5 6.2474e-17 0)
(1.5 -5.71745e-16 0)
(1.5 -4.16947e-16 0)
(1.5 1.50602e-16 0)
(1.5 -3.01147e-16 0)
(1.5 -1.78736e-16 0)
(1.5 -3.21814e-16 0)
(1.5 -3.97253e-16 0)
(1.5 2.43355e-16 0)
(1.5 2.48497e-16 0)
(1.5 4.39333e-16 0)
(1.5 5.67364e-16 0)
(1.5 8.40166e-16 0)
(1.5 6.18543e-17 0)
(1.5 -1.0205e-16 0)
(1.5 -1.74954e-16 0)
(1.5 8.92013e-17 0)
(1.5 -2.87994e-16 0)
(1.5 -2.06287e-16 0)
(1.5 -2.26557e-16 0)
(1.5 6.5146e-17 0)
(1.5 4.12402e-16 0)
(1.5 1.36355e-16 0)
(1.5 3.23311e-16 0)
(1.5 -3.09302e-17 0)
(1.5 7.05269e-09 0)
(1.5 9.07034e-07 0)
(1.49999 2.1561e-05 0)
(1.49994 0.000186498 0)
(1.4998 0.000730807 0)
(1.49969 0.00161825 0)
(1.49977 0.00235671 0)
(1.49992 0.00244591 0)
(1.50009 0.00212818 0)
(1.50025 0.00135078 0)
(1.50018 0.000494603 0)
(1.50004 6.78616e-05 0)
(1.5 1.76483e-06 0)
(1.5 3.72282e-09 0)
(1.5 3.27093e-13 0)
(1.5 -9.70596e-17 0)
(1.5 -2.1543e-16 0)
(1.5 1.70779e-16 0)
(1.5 -3.9726e-16 0)
(1.5 -4.32446e-17 0)
(1.5 1.53852e-16 0)
(1.5 1.16449e-16 0)
(1.5 -1.2268e-16 0)
(1.5 1.76306e-16 0)
(1.5 6.86169e-16 0)
(1.5 5.65221e-16 0)
(1.5 5.86376e-16 0)
(1.5 9.25983e-16 0)
(1.5 1.17142e-15 0)
(1.5 1.19937e-15 0)
(1.5 7.74693e-16 0)
(1.5 3.93797e-16 0)
(1.5 -1.55083e-16 0)
(1.5 -6.68173e-16 0)
(1.5 -5.02967e-16 0)
(1.5 -2.05595e-16 0)
(1.5 -6.45571e-17 0)
(1.5 3.66673e-16 0)
(1.5 -3.20907e-16 0)
(1.5 -1.21962e-16 0)
(1.5 -1.86999e-16 0)
(1.5 -1.40921e-16 0)
(1.5 -7.70756e-17 0)
(1.5 -6.17172e-17 0)
(1.5 2.30377e-16 0)
(1.5 -6.38409e-17 0)
(1.5 8.91654e-18 0)
(1.5 -2.12499e-17 0)
(1.5 5.45583e-16 0)
(1.5 1.16885e-15 0)
(1.5 1.07469e-15 0)
(1.5 4.11614e-16 0)
(1.5 2.2457e-16 0)
(1.5 2.74024e-16 0)
(1.5 2.11967e-16 0)
(1.5 1.57763e-16 0)
(1.5 4.97071e-16 0)
(1.5 -5.5799e-17 0)
(1.5 -4.42228e-16 0)
(1.5 2.99152e-16 0)
(1.5 -2.86049e-17 0)
(1.5 7.02095e-17 0)
(1.5 -4.20556e-16 0)
(1.5 -3.36052e-16 0)
(1.5 3.75597e-16 0)
(1.5 4.33055e-16 0)
(1.5 7.70386e-16 0)
(1.5 6.32291e-16 0)
(1.5 1.00782e-16 0)
(1.5 3.28981e-16 0)
(1.5 5.50646e-16 0)
(1.5 5.05806e-16 0)
(1.5 -3.24977e-16 0)
(1.5 -3.79043e-16 0)
(1.5 1.04275e-16 0)
(1.5 6.29316e-17 0)
(1.5 -4.22508e-17 0)
(1.5 -4.57325e-16 0)
(1.5 -7.31185e-16 0)
(1.5 7.0737e-17 0)
(1.5 3.70437e-16 0)
(1.5 6.94025e-16 0)
(1.5 4.68573e-16 0)
(1.5 3.25076e-16 0)
(1.5 5.59354e-16 0)
(1.5 1.85886e-16 0)
(1.5 1.7914e-16 0)
(1.5 -1.20415e-16 0)
(1.5 -9.1128e-17 0)
(1.5 -1.96904e-16 0)
(1.5 -6.73944e-16 0)
(1.5 -4.68703e-16 0)
(1.5 1.35984e-17 0)
(1.5 -1.26869e-16 0)
(1.5 4.19121e-16 0)
(1.5 -1.41503e-17 0)
(1.5 2.9362e-13 0)
(1.5 1.3155e-10 0)
(1.5 1.1524e-08 0)
(1.5 2.66204e-07 0)
(1.5 2.09173e-06 0)
(1.5 7.91692e-06 0)
(1.5 1.7102e-05 0)
(1.5 2.11469e-05 0)
(1.5 1.88378e-05 0)
(1.5 1.00726e-05 0)
(1.5 2.00706e-06 0)
(1.5 7.54929e-08 0)
(1.5 2.25777e-10 0)
(1.5 4.55698e-14 0)
(1.5 1.37774e-15 0)
(1.5 7.54547e-16 0)
(1.5 1.50458e-16 0)
(1.5 1.1486e-16 0)
(1.5 1.18662e-16 0)
(1.5 -4.87104e-16 0)
(1.5 -2.72683e-16 0)
(1.5 -3.75241e-17 0)
(1.5 -7.87651e-17 0)
(1.5 7.0753e-16 0)
(1.5 3.63882e-16 0)
(1.5 4.13631e-16 0)
(1.5 3.51761e-16 0)
(1.5 2.8083e-16 0)
(1.5 7.60572e-16 0)
(1.5 8.64644e-16 0)
(1.5 1.50267e-17 0)
(1.5 -2.30987e-16 0)
(1.5 -4.34265e-16 0)
(1.5 -9.05075e-16 0)
(1.5 -7.68315e-16 0)
(1.5 -6.52029e-16 0)
(1.5 -1.41692e-16 0)
(1.5 3.57516e-16 0)
(1.5 -1.58055e-17 0)
(1.5 2.77808e-16 0)
(1.5 5.07847e-17 0)
(1.5 -3.48608e-16 0)
(1.5 9.13061e-17 0)
(1.5 -1.22514e-16 0)
(1.5 1.14064e-16 0)
(1.5 -2.37245e-16 0)
(1.5 -2.01697e-16 0)
(1.5 2.03125e-16 0)
(1.5 5.26293e-16 0)
(1.5 4.46499e-16 0)
(1.5 2.8698e-16 0)
(1.5 5.83931e-16 0)
(1.5 3.42131e-16 0)
(1.5 -1.35267e-16 0)
(1.5 -5.12271e-16 0)
(1.5 -2.97479e-17 0)
(1.5 2.19811e-17 0)
(1.5 -2.74719e-17 0)
(1.5 -2.49805e-16 0)
(1.5 -1.3306e-16 0)
(1.5 2.06851e-16 0)
(1.5 9.10443e-19 0)
(1.5 -1.36138e-16 0)
(1.5 3.74364e-18 0)
(1.5 4.41103e-16 0)
(1.5 7.13884e-16 0)
(1.5 -1.41927e-17 0)
(1.5 3.84954e-16 0)
(1.5 4.44414e-16 0)
(1.5 1.64804e-16 0)
(1.5 7.70111e-16 0)
(1.5 2.92156e-16 0)
(1.5 -8.985e-17 0)
(1.5 -3.48329e-16 0)
(1.5 -4.91004e-17 0)
(1.5 3.3999e-16 0)
(1.5 2.88505e-17 0)
(1.5 -8.62251e-16 0)
(1.5 -9.52853e-16 0)
(1.5 -5.24547e-16 0)
(1.5 3.37003e-16 0)
(1.5 1.87571e-16 0)
(1.5 9.87244e-17 0)
(1.5 -1.73862e-16 0)
(1.5 -2.92457e-16 0)
(1.5 8.91824e-17 0)
(1.5 -8.1075e-17 0)
(1.5 -4.28194e-16 0)
(1.5 1.49329e-16 0)
(1.5 4.36764e-17 0)
(1.5 -1.82132e-16 0)
(1.5 -2.46454e-16 0)
(1.5 2.475e-16 0)
(1.5 3.23557e-16 0)
(1.5 -1.56605e-16 0)
(1.5 -1.18929e-16 0)
(1.5 -1.54133e-15 0)
(1.5 2.45816e-15 0)
(1.5 4.76807e-13 0)
(1.5 2.40647e-11 0)
(1.5 3.9319e-10 0)
(1.5 2.77495e-09 0)
(1.5 9.46129e-09 0)
(1.5 1.36442e-08 0)
(1.5 1.17898e-08 0)
(1.5 4.6531e-09 0)
(1.5 3.85824e-10 0)
(1.5 2.74534e-12 0)
(1.5 1.37647e-15 0)
(1.5 -3.7436e-16 0)
(1.5 1.28318e-16 0)
(1.5 5.53764e-17 0)
(1.5 -6.27952e-16 0)
(1.5 -9.67253e-16 0)
(1.5 -1.91881e-16 0)
(1.5 -6.05371e-16 0)
(1.5 -2.95058e-16 0)
(1.5 1.13209e-16 0)
(1.5 3.38481e-16 0)
(1.5 8.77064e-16 0)
(1.5 4.99893e-16 0)
(1.5 5.17038e-16 0)
(1.5 3.05554e-16 0)
(1.5 3.91257e-17 0)
(1.5 4.08546e-16 0)
(1.5 8.47063e-16 0)
(1.5 3.84014e-16 0)
(1.5 -2.92816e-16 0)
(1.5 -1.89125e-16 0)
(1.5 -4.28592e-17 0)
(1.5 -4.44216e-17 0)
(1.5 -4.18621e-16 0)
(1.5 1.38105e-16 0)
(1.5 4.22101e-16 0)
(1.5 4.34921e-16 0)
(1.5 2.27204e-16 0)
(1.5 -1.20412e-16 0)
(1.5 -3.46251e-16 0)
(1.5 -1.58524e-16 0)
(1.5 3.01474e-17 0)
(1.5 2.76558e-16 0)
(1.5 6.11088e-16 0)
(1.5 7.64664e-16 0)
(1.5 5.69701e-16 0)
(1.5 3.35978e-16 0)
(1.5 -4.92837e-16 0)
(1.5 -3.99459e-16 0)
(1.5 5.78508e-16 0)
(1.5 9.8762e-16 0)
(1.5 1.41746e-16 0)
(1.5 2.7671e-16 0)
(1.5 -1.00387e-16 0)
(1.5 -4.28943e-16 0)
(1.5 -2.66161e-17 0)
(1.5 -1.10266e-16 0)
(1.5 -7.25306e-16 0)
(1.5 -3.73113e-16 0)
(1.5 -2.37869e-16 0)
(1.5 7.07494e-17 0)
(1.5 2.29861e-16 0)
(1.5 1.15241e-17 0)
(1.5 7.1754e-17 0)
(1.5 -1.69304e-16 0)
(1.5 1.58026e-16 0)
(1.5 1.42444e-16 0)
(1.5 -3.4133e-16 0)
(1.5 2.67339e-17 0)
(1.5 -1.27438e-16 0)
(1.5 -7.51075e-18 0)
(1.5 -5.46511e-17 0)
(1.5 -3.38708e-16 0)
(1.5 -1.45609e-16 0)
(1.5 -4.95776e-16 0)
(1.5 -6.98679e-16 0)
(1.5 -6.15362e-16 0)
(1.5 -1.14233e-15 0)
(1.5 -1.8971e-16 0)
(1.5 -2.86299e-16 0)
(1.5 4.20475e-16 0)
(1.5 1.63519e-16 0)
(1.5 -1.95578e-16 0)
(1.5 4.44292e-17 0)
(1.5 -4.18924e-16 0)
(1.5 -5.39099e-16 0)
(1.5 3.23851e-17 0)
(1.5 1.35894e-18 0)
(1.5 1.37752e-17 0)
(1.5 2.01953e-16 0)
(1.5 4.99091e-16 0)
(1.5 3.38427e-16 0)
(1.5 5.04116e-18 0)
(1.5 1.61078e-16 0)
(1.5 -1.45748e-15 0)
(1.5 -1.78326e-15 0)
(1.5 -1.57163e-15 0)
(1.5 5.5163e-17 0)
(1.5 1.19815e-14 0)
(1.5 9.47895e-14 0)
(1.5 3.33427e-13 0)
(1.5 4.64641e-13 0)
(1.5 3.71405e-13 0)
(1.5 1.23898e-13 0)
(1.5 7.09779e-15 0)
(1.5 -1.24999e-15 0)
(1.5 -1.73189e-15 0)
(1.5 -1.15986e-15 0)
(1.5 -4.49812e-16 0)
(1.5 -3.36148e-16 0)
(1.5 -1.28978e-15 0)
(1.5 -1.39783e-15 0)
(1.5 -6.5519e-16 0)
(1.5 4.19945e-17 0)
(1.5 -4.87584e-17 0)
(1.5 6.92373e-17 0)
(1.5 7.13716e-16 0)
(1.5 5.00794e-16 0)
(1.5 2.57857e-16 0)
(1.5 8.85267e-16 0)
(1.5 7.31837e-16 0)
(1.5 6.29046e-17 0)
(1.5 -3.18273e-16 0)
(1.5 -7.85636e-18 0)
(1.5 8.25414e-16 0)
(1.5 5.95982e-16 0)
(1.5 -1.27961e-16 0)
(1.5 4.69222e-16 0)
(1.5 4.92268e-16 0)
(1.5 -6.10579e-17 0)
(1.5 -8.53295e-17 0)
(1.5 5.77398e-16 0)
(1.5 9.17834e-16 0)
(1.5 4.60325e-16 0)
(1.5 2.56396e-16 0)
(1.5 3.67233e-16 0)
(1.5 1.43268e-16 0)
(1.5 -2.77742e-17 0)
(1.5 -5.96544e-17 0)
(1.5 2.16325e-16 0)
(1.5 2.02311e-16 0)
(1.5 -6.36749e-17 0)
(1.5 1.18847e-16 0)
(1.5 2.5443e-17 0)
(1.5 2.30596e-16 0)
(1.5 4.91372e-16 0)
(1.5 1.20222e-15 0)
(1.5 1.34624e-15 0)
(1.5 1.35978e-15 0)
(1.5 6.89641e-16 0)
(1.5 -1.38302e-16 0)
(1.5 2.69292e-16 0)
(1.5 1.95146e-16 0)
(1.5 -8.11717e-17 0)
(1.5 -1.36925e-16 0)
(1.5 -1.40816e-16 0)
(1.5 9.90178e-17 0)
(1.5 8.45723e-17 0)
(1.5 -8.9431e-17 0)
(1.5 -3.26703e-16 0)
(1.5 -1.29696e-16 0)
(1.5 4.00512e-16 0)
(1.5 7.47968e-16 0)
(1.5 2.75344e-16 0)
(1.5 -3.77335e-16 0)
(1.5 -2.20905e-17 0)
(1.5 1.17663e-16 0)
(1.5 4.22497e-17 0)
(1.5 -2.34392e-16 0)
(1.5 -3.58896e-16 0)
(1.5 -4.16797e-16 0)
(1.5 -4.63609e-16 0)
(1.5 -8.27917e-16 0)
(1.5 -1.0739e-15 0)
(1.5 -5.31496e-16 0)
(1.5 2.1075e-16 0)
(1.5 2.37641e-16 0)
(1.5 3.07356e-16 0)
(1.5 1.79651e-16 0)
(1.5 1.28021e-16 0)
(1.5 -2.25498e-16 0)
(1.5 -3.48362e-17 0)
(1.5 2.35583e-16 0)
(1.5 3.04733e-16 0)
(1.5 1.7631e-16 0)
(1.5 2.0105e-16 0)
(1.5 -7.78983e-17 0)
(1.5 -2.39921e-16 0)
(1.5 6.14749e-17 0)
(1.5 9.29837e-17 0)
(1.5 7.77836e-17 0)
(1.5 -4.94807e-17 0)
(1.5 -3.75974e-16 0)
(1.5 -2.18564e-16 0)
(1.5 -1.05108e-16 0)
(1.5 2.33364e-16 0)
(1.5 5.30378e-16 0)
(1.5 5.00212e-16 0)
(1.5 7.78561e-16 0)
(1.5 5.44776e-16 0)
(1.5 1.73617e-16 0)
(1.5 -7.30322e-16 0)
(1.5 -6.5713e-16 0)
(1.5 -4.64577e-16 0)
(1.5 -4.71559e-17 0)
(1.5 -6.01886e-16 0)
(1.5 -5.07262e-16 0)
(1.5 -1.9277e-16 0)
(1.5 -3.01542e-16 0)
(1.5 -1.80423e-16 0)
(1.5 -2.36777e-16 0)
(1.5 -2.92411e-16 0)
(1.5 -1.88282e-16 0)
(1.5 -1.0885e-16 0)
(1.5 3.4639e-16 0)
(1.5 1.27482e-15 0)
(1.5 1.23398e-15 0)
(1.5 2.32728e-16 0)
(1.5 -3.16599e-16 0)
(1.5 -4.42528e-16 0)
(1.5 -6.46375e-17 0)
(1.5 4.5384e-16 0)
(1.5 1.36515e-16 0)
(1.5 5.79162e-16 0)
(1.5 1.06289e-15 0)
(1.5 4.08303e-16 0)
(1.5 1.13163e-16 0)
(1.5 6.88152e-17 0)
(1.5 5.84811e-17 0)
(1.5 -6.78265e-17 0)
(1.5 1.37819e-16 0)
(1.5 4.32844e-16 0)
(1.5 3.47807e-16 0)
(1.5 -1.63976e-16 0)
(1.5 -5.67707e-16 0)
(1.5 -5.30606e-16 0)
(1.5 -3.32629e-16 0)
(1.5 -3.77689e-17 0)
(1.5 3.23965e-16 0)
(1.5 1.87473e-16 0)
(1.5 3.95889e-16 0)
(1.5 2.59541e-16 0)
(1.5 5.98086e-16 0)
(1.5 6.16018e-16 0)
(1.5 7.47129e-16 0)
(1.5 1.03614e-15 0)
(1.5 6.63284e-16 0)
(1.5 9.80258e-16 0)
(1.5 4.5535e-16 0)
(1.5 8.07998e-16 0)
(1.5 3.13272e-16 0)
(1.5 1.43301e-16 0)
(1.5 -1.58325e-16 0)
(1.5 -2.51021e-16 0)
(1.5 1.21315e-16 0)
(1.5 2.23522e-16 0)
(1.5 2.35535e-16 0)
(1.5 2.206e-16 0)
(1.5 9.21222e-17 0)
(1.5 2.79298e-16 0)
(1.5 2.86331e-16 0)
(1.5 2.76592e-16 0)
(1.5 8.80269e-17 0)
(1.5 -2.67867e-16 0)
(1.5 -2.76128e-17 0)
(1.5 -4.69619e-17 0)
(1.5 -5.78041e-17 0)
(1.5 -1.16498e-16 0)
(1.5 -7.88711e-16 0)
(1.5 -3.84538e-18 0)
(1.5 1.97066e-16 0)
(1.5 2.90394e-16 0)
(1.5 -1.73599e-16 0)
(1.5 -3.99316e-16 0)
(1.5 1.93413e-16 0)
(1.5 2.12255e-16 0)
(1.5 2.86404e-16 0)
(1.5 3.858e-16 0)
(1.5 -2.09749e-16 0)
(1.5 -2.54342e-17 0)
(1.5 1.70557e-17 0)
(1.5 8.72786e-17 0)
(1.5 -1.61179e-16 0)
(1.5 -8.55694e-16 0)
(1.5 -2.63646e-16 0)
(1.5 3.20678e-17 0)
(1.5 1.27782e-15 0)
(1.5 1.87418e-15 0)
(1.5 1.27792e-15 0)
(1.5 5.13847e-16 0)
(1.5 6.10601e-16 0)
(1.5 5.42293e-16 0)
(1.5 9.45541e-16 0)
(1.5 1.24835e-15 0)
(1.5 1.52742e-15 0)
(1.5 1.29872e-15 0)
(1.5 6.91448e-16 0)
(1.5 4.70864e-16 0)
(1.5 1.03392e-15 0)
(1.5 8.27961e-16 0)
(1.5 3.62786e-16 0)
(1.5 -2.86207e-16 0)
(1.5 1.85397e-16 0)
(1.5 5.4945e-16 0)
(1.5 -3.21384e-16 0)
(1.5 -3.41242e-16 0)
(1.5 -3.97618e-16 0)
(1.5 -7.1348e-16 0)
(1.5 -7.87094e-16 0)
(1.5 -7.41412e-16 0)
(1.5 7.04523e-16 0)
(1.5 8.20611e-16 0)
(1.5 5.2034e-17 0)
(1.5 -1.51617e-16 0)
(1.5 -2.3353e-16 0)
(1.5 -3.53533e-16 0)
(1.5 -6.53005e-16 0)
(1.5 -2.33695e-16 0)
(1.5 -2.2029e-16 0)
(1.5 -1.60712e-16 0)
(1.5 -4.25721e-17 0)
(1.5 1.96448e-16 0)
(1.5 -1.4848e-16 0)
(1.5 -4.64396e-16 0)
(1.5 -7.87061e-16 0)
(1.5 -5.5918e-16 0)
(1.5 -3.35593e-16 0)
(1.5 -2.30373e-16 0)
(1.5 -3.82073e-16 0)
(1.5 -8.43107e-16 0)
(1.5 -7.19245e-16 0)
(1.5 -4.74372e-16 0)
(1.5 -3.62373e-16 0)
(1.5 -2.398e-16 0)
(1.5 2.28852e-16 0)
(1.5 5.88852e-16 0)
(1.5 1.18462e-16 0)
(1.5 -5.1848e-17 0)
(1.5 -7.07954e-18 0)
(1.5 9.65932e-17 0)
(1.5 3.93144e-17 0)
(1.5 7.25699e-16 0)
(1.5 9.61438e-16 0)
(1.5 1.06214e-17 0)
(1.5 -4.91644e-17 0)
(1.5 2.48958e-16 0)
(1.5 2.40414e-16 0)
(1.5 2.3509e-16 0)
(1.5 -3.19394e-16 0)
(1.5 -1.89916e-16 0)
(1.5 9.08129e-17 0)
(1.5 4.97168e-16 0)
(1.5 4.76753e-16 0)
(1.5 -3.56069e-16 0)
(1.5 -5.27072e-16 0)
(1.5 4.8254e-16 0)
(1.5 6.54246e-16 0)
(1.5 5.61061e-16 0)
(1.5 5.47708e-17 0)
(1.5 -5.21759e-17 0)
(1.5 1.25107e-16 0)
(1.5 2.11214e-16 0)
(1.5 2.81046e-16 0)
(1.5 1.51994e-16 0)
(1.5 2.92593e-16 0)
(1.5 6.06544e-16 0)
(1.5 7.30018e-16 0)
(1.5 -7.65401e-17 0)
(1.5 -3.11294e-16 0)
(1.5 -5.52919e-16 0)
(1.5 1.97282e-16 0)
(1.5 -4.11812e-17 0)
(1.5 2.32922e-16 0)
(1.5 5.64528e-17 0)
(1.5 -7.27688e-16 0)
(1.5 -9.88435e-16 0)
(1.5 -1.16508e-15 0)
(1.5 -8.03304e-16 0)
(1.5 -3.66197e-16 0)
(1.5 -6.12278e-16 0)
(1.5 2.27515e-17 0)
(1.5 4.57074e-16 0)
(1.5 9.4441e-16 0)
(1.5 1.55428e-15 0)
(1.5 1.53078e-15 0)
(1.5 1.04739e-15 0)
(1.5 1.13616e-15 0)
(1.5 3.68636e-16 0)
(1.5 7.01564e-16 0)
(1.5 1.38352e-15 0)
(1.5 1.28813e-15 0)
(1.5 4.07452e-16 0)
(1.5 2.69047e-16 0)
(1.5 8.67574e-16 0)
(1.5 1.1221e-15 0)
(1.5 4.07095e-16 0)
(1.5 7.75364e-17 0)
(1.5 6.17735e-16 0)
(1.5 5.45548e-16 0)
(1.5 9.77203e-17 0)
(1.5 -2.75336e-16 0)
(1.5 -3.17091e-16 0)
(1.5 -2.23066e-16 0)
(1.5 -1.74337e-16 0)
(1.5 -1.74728e-16 0)
(1.5 -2.71783e-16 0)
(1.5 4.79469e-17 0)
(1.5 -1.37788e-16 0)
(1.5 1.05895e-16 0)
(1.5 3.25368e-16 0)
(1.5 2.60369e-17 0)
(1.5 -2.086e-16 0)
(1.5 7.50619e-17 0)
(1.5 1.36327e-16 0)
(1.5 4.51567e-16 0)
(1.5 -5.94183e-17 0)
(1.5 -5.79466e-16 0)
(1.5 -3.56683e-16 0)
(1.5 -7.33819e-16 0)
(1.5 -1.25107e-15 0)
(1.5 -1.13831e-15 0)
(1.5 -2.69557e-16 0)
(1.5 -1.69191e-16 0)
(1.5 -6.22021e-16 0)
(1.5 -4.93732e-16 0)
(1.5 -5.44819e-17 0)
(1.5 -4.59631e-16 0)
(1.5 -3.38457e-16 0)
(1.5 -4.93156e-16 0)
(1.5 -2.08604e-16 0)
(1.5 1.69383e-16 0)
(1.5 7.74462e-16 0)
(1.5 3.75612e-16 0)
(1.5 2.01545e-16 0)
(1.5 1.86051e-16 0)
(1.5 3.03747e-16 0)
(1.5 2.49379e-16 0)
(1.5 7.7455e-16 0)
(1.5 1.01624e-15 0)
(1.5 4.73857e-16 0)
(1.5 1.21383e-16 0)
(1.5 -5.3033e-17 0)
(1.5 -4.33804e-17 0)
(1.5 1.17194e-16 0)
(1.5 2.1781e-16 0)
(1.5 4.36003e-16 0)
(1.5 4.48612e-16 0)
(1.5 3.14828e-16 0)
(1.5 4.66931e-16 0)
(1.5 4.18274e-16 0)
(1.5 5.57538e-16 0)
(1.5 3.21815e-16 0)
(1.5 3.1747e-16 0)
(1.5 4.62203e-16 0)
(1.5 6.4595e-16 0)
(1.5 1.14122e-15 0)
(1.5 5.09891e-16 0)
(1.5 2.69471e-16 0)
(1.5 8.73027e-16 0)
(1.5 1.06745e-15 0)
(1.5 1.14519e-15 0)
(1.5 8.29292e-16 0)
(1.5 2.43793e-16 0)
(1.5 1.03846e-16 0)
(1.5 4.35046e-18 0)
(1.5 1.80368e-16 0)
(1.5 -3.05728e-16 0)
(1.5 -3.40698e-16 0)
(1.5 5.53533e-16 0)
(1.5 6.29883e-16 0)
(1.5 4.30945e-16 0)
(1.5 -1.5075e-16 0)
(1.5 -8.53055e-17 0)
(1.5 -7.59279e-17 0)
(1.5 -2.07327e-16 0)
(1.5 2.94975e-17 0)
(1.5 -1.21787e-16 0)
(1.5 3.0039e-16 0)
(1.5 1.10344e-16 0)
(1.5 3.89194e-16 0)
(1.5 9.83776e-16 0)
(1.5 9.0038e-16 0)
(1.5 2.45782e-16 0)
(1.5 9.19098e-17 0)
(1.5 -3.23326e-16 0)
(1.5 -9.73277e-17 0)
(1.5 -1.01102e-16 0)
(1.5 -4.90684e-17 0)
(1.5 -3.46585e-16 0)
(1.5 -5.14841e-16 0)
(1.5 -7.36422e-16 0)
(1.5 -8.78181e-16 0)
(1.5 -1.08051e-15 0)
(1.5 -8.48932e-16 0)
(1.5 -6.91671e-16 0)
(1.5 -5.19398e-16 0)
(1.5 -4.35346e-16 0)
(1.5 -3.81148e-16 0)
(1.5 -1.24587e-16 0)
(1.5 3.26696e-16 0)
(1.5 5.4462e-16 0)
(1.5 8.85067e-17 0)
(1.5 -7.0705e-16 0)
(1.5 -2.84128e-16 0)
(1.5 2.90738e-16 0)
(1.5 7.71744e-16 0)
(1.5 4.59232e-16 0)
(1.5 -3.37494e-16 0)
(1.5 2.59386e-16 0)
(1.5 1.19608e-15 0)
(1.5 1.4224e-15 0)
(1.5 3.88743e-16 0)
(1.5 -3.09298e-16 0)
(1.5 -5.15938e-16 0)
(1.5 -1.93528e-16 0)
(1.5 -6.29587e-16 0)
(1.5 -1.99811e-16 0)
(1.5 2.68111e-16 0)
(1.5 -2.48286e-16 0)
(1.5 -8.01495e-16 0)
(1.5 -6.40148e-16 0)
(1.5 5.55346e-16 0)
(1.5 3.22553e-16 0)
(1.5 1.59155e-16 0)
(1.5 3.23023e-16 0)
(1.5 3.97032e-16 0)
(1.5 -5.6309e-17 0)
(1.5 -5.14177e-17 0)
(1.5 1.43236e-16 0)
(1.5 3.27269e-16 0)
(1.5 3.60112e-16 0)
(1.5 4.24919e-16 0)
(1.5 5.10438e-16 0)
(1.5 6.9163e-16 0)
(1.5 9.10604e-16 0)
(1.5 1.57909e-15 0)
(1.5 1.51274e-15 0)
(1.5 5.32413e-16 0)
(1.5 -1.94377e-16 0)
(1.5 -9.23096e-17 0)
(1.5 1.9698e-16 0)
(1.5 2.28703e-16 0)
(1.5 2.52443e-16 0)
(1.5 1.47726e-16 0)
(1.5 3.07011e-16 0)
(1.5 6.66478e-16 0)
(1.5 7.4033e-16 0)
(1.5 -1.25617e-17 0)
(1.5 -9.7703e-17 0)
(1.5 -6.26514e-18 0)
(1.5 2.97561e-16 0)
(1.5 8.32176e-16 0)
(1.5 8.63922e-16 0)
(1.5 5.57485e-16 0)
(1.5 4.38495e-16 0)
(1.5 5.81791e-16 0)
(1.5 7.12463e-16 0)
(1.5 5.38277e-16 0)
(1.5 2.13582e-17 0)
(1.5 -2.06682e-16 0)
(1.5 -1.47359e-16 0)
(1.5 4.88205e-16 0)
(1.5 -4.92449e-17 0)
(1.5 -8.25692e-17 0)
(1.5 2.41481e-16 0)
(1.5 7.13955e-16 0)
(1.5 4.19971e-16 0)
(1.5 7.67124e-16 0)
(1.5 9.11665e-16 0)
(1.5 5.81653e-16 0)
(1.5 -1.4443e-16 0)
(1.5 -3.11457e-17 0)
(1.5 -3.88052e-16 0)
(1.5 -3.75898e-16 0)
(1.5 5.14412e-16 0)
(1.5 1.21972e-16 0)
(1.5 2.35541e-16 0)
(1.5 5.3122e-16 0)
(1.5 1.15054e-16 0)
(1.5 9.48579e-17 0)
(1.5 -9.02996e-16 0)
(1.5 -8.93669e-16 0)
(1.5 -3.03548e-16 0)
(1.5 1.22604e-16 0)
(1.5 1.33739e-16 0)
(1.5 -1.17604e-15 0)
(1.5 -1.98848e-15 0)
(1.5 -1.0454e-15 0)
(1.5 -1.26338e-15 0)
(1.5 -1.98923e-15 0)
(1.5 -1.52474e-15 0)
(1.5 -1.25881e-15 0)
(1.5 -2.31065e-16 0)
(1.5 3.65738e-16 0)
(1.5 2.09172e-16 0)
(1.5 9.56125e-16 0)
(1.5 1.10433e-15 0)
(1.5 2.54086e-16 0)
(1.5 -4.0202e-16 0)
(1.5 -2.86687e-16 0)
(1.5 -6.87709e-17 0)
(1.5 3.86269e-16 0)
(1.5 1.24925e-16 0)
(1.5 1.24445e-16 0)
(1.5 8.76397e-16 0)
(1.5 9.74665e-16 0)
(1.5 6.91211e-16 0)
(1.5 5.80085e-16 0)
(1.5 5.25967e-16 0)
(1.5 3.63357e-16 0)
(1.5 3.2369e-16 0)
(1.5 -2.1579e-17 0)
(1.5 7.6439e-16 0)
(1.5 7.78e-16 0)
(1.5 5.56858e-16 0)
(1.5 5.08689e-17 0)
(1.5 1.85323e-16 0)
(1.5 8.72456e-16 0)
(1.5 7.04068e-16 0)
(1.5 1.1986e-16 0)
(1.5 2.71906e-16 0)
(1.5 3.66905e-16 0)
(1.5 -8.99753e-17 0)
(1.5 -6.14908e-16 0)
(1.5 -7.32489e-17 0)
(1.5 6.36834e-16 0)
(1.5 2.1685e-16 0)
(1.5 3.85673e-16 0)
(1.5 5.44589e-16 0)
(1.5 6.42495e-16 0)
(1.5 3.26577e-16 0)
(1.5 6.06112e-16 0)
(1.5 3.99777e-16 0)
(1.5 -3.19028e-16 0)
(1.5 -1.1626e-15 0)
(1.5 -6.00457e-16 0)
(1.5 -1.71338e-16 0)
(1.5 -4.16528e-16 0)
(1.5 -6.2753e-16 0)
(1.5 -7.01916e-16 0)
(1.5 7.67549e-17 0)
(1.5 2.74467e-16 0)
(1.5 1.57832e-16 0)
(1.5 4.51336e-16 0)
(1.5 -3.60564e-17 0)
(1.5 2.35578e-17 0)
(1.5 5.05356e-16 0)
(1.5 7.57487e-16 0)
(1.5 3.65021e-16 0)
(1.5 -1.97938e-16 0)
(1.5 -5.34085e-16 0)
(1.5 -1.92225e-16 0)
(1.5 1.32232e-16 0)
(1.5 -6.93749e-18 0)
(1.5 8.22569e-17 0)
(1.5 2.21491e-18 0)
(1.5 1.13866e-16 0)
(1.5 -4.04165e-18 0)
(1.5 3.93989e-16 0)
(1.5 2.15134e-16 0)
(1.5 3.44152e-16 0)
(1.5 4.96301e-16 0)
(1.5 1.37075e-16 0)
(1.5 4.00442e-16 0)
(1.5 3.1369e-16 0)
(1.5 2.72973e-16 0)
(1.5 3.09938e-16 0)
(1.5 1.9698e-16 0)
(1.5 -3.68636e-16 0)
(1.5 -5.38495e-16 0)
(1.5 1.4554e-15 0)
(1.5 1.22221e-15 0)
(1.5 8.95362e-16 0)
(1.5 6.47804e-16 0)
(1.5 1.07144e-15 0)
(1.5 7.35998e-16 0)
(1.5 -6.44711e-19 0)
(1.5 1.18104e-16 0)
(1.5 6.48912e-16 0)
(1.5 -1.27084e-16 0)
(1.5 6.90378e-16 0)
(1.5 1.58912e-16 0)
(1.5 -4.92804e-16 0)
(1.5 1.03859e-16 0)
(1.5 2.88092e-16 0)
(1.5 2.5018e-16 0)
(1.5 -1.83213e-16 0)
(1.5 -3.97195e-16 0)
(1.5 1.07356e-17 0)
(1.5 2.85041e-16 0)
(1.5 1.08502e-16 0)
(1.5 -1.75662e-16 0)
(1.5 8.57818e-17 0)
(1.5 7.50045e-17 0)
(1.5 -9.3865e-17 0)
(1.5 -9.67978e-16 0)
(1.5 -7.83596e-16 0)
(1.5 -1.85508e-16 0)
(1.5 2.58423e-17 0)
(1.5 1.3177e-17 0)
(1.5 -1.87455e-16 0)
(1.5 -4.90283e-16 0)
(1.5 -1.29356e-16 0)
(1.5 2.48304e-16 0)
(1.5 -9.91478e-17 0)
(1.5 3.55361e-16 0)
(1.5 -4.23192e-17 0)
(1.5 -1.47944e-16 0)
(1.5 1.63027e-16 0)
(1.5 2.35101e-16 0)
(1.5 8.7524e-16 0)
(1.5 6.19051e-16 0)
(1.5 5.02493e-16 0)
(1.5 3.57737e-16 0)
(1.5 -1.43346e-16 0)
(1.5 -5.15375e-16 0)
(1.5 -5.85793e-16 0)
(1.5 -2.17684e-16 0)
(1.5 1.03681e-16 0)
(1.5 1.862e-16 0)
(1.5 6.20984e-16 0)
(1.5 5.93046e-16 0)
(1.5 -9.51572e-17 0)
(1.5 -3.74391e-16 0)
(1.5 -2.99247e-16 0)
(1.5 -5.26069e-16 0)
(1.5 -4.13854e-16 0)
(1.5 -8.26841e-16 0)
(1.5 -6.40375e-16 0)
(1.5 -4.98997e-16 0)
(1.5 -7.45666e-16 0)
(1.5 -5.67213e-16 0)
(1.5 9.67691e-17 0)
(1.5 -8.32027e-17 0)
(1.5 -1.48425e-16 0)
(1.5 -3.45986e-16 0)
(1.5 3.08118e-17 0)
(1.5 5.75283e-16 0)
(1.5 3.78997e-16 0)
(1.5 6.53271e-16 0)
(1.5 4.93877e-16 0)
(1.5 3.29836e-16 0)
(1.5 6.34988e-16 0)
(1.5 2.07439e-16 0)
(1.5 -3.88878e-16 0)
(1.5 -6.21448e-16 0)
(1.5 -1.65304e-16 0)
(1.5 1.67757e-16 0)
(1.5 3.01893e-16 0)
(1.5 4.20377e-16 0)
(1.5 3.34693e-16 0)
(1.5 4.80668e-16 0)
(1.5 4.8397e-16 0)
(1.5 -7.33602e-17 0)
(1.5 1.43592e-16 0)
(1.5 5.91673e-16 0)
(1.5 6.95201e-16 0)
(1.5 5.69296e-16 0)
(1.5 -1.66568e-16 0)
(1.5 -2.79202e-16 0)
(1.5 1.60946e-16 0)
(1.5 8.35052e-17 0)
(1.5 -1.01329e-16 0)
(1.5 -2.19421e-16 0)
(1.5 -5.90384e-16 0)
(1.5 -2.8509e-16 0)
(1.5 2.59032e-16 0)
(1.5 9.92466e-16 0)
(1.5 4.51126e-16 0)
(1.5 3.92174e-16 0)
(1.5 9.61693e-16 0)
(1.5 6.5747e-16 0)
(1.5 9.7494e-16 0)
(1.5 7.38216e-16 0)
(1.5 1.52847e-16 0)
(1.5 -2.02816e-16 0)
(1.5 4.04328e-17 0)
(1.5 1.63193e-15 0)
(1.5 1.57323e-15 0)
(1.5 -7.18721e-17 0)
(1.5 -4.43103e-17 0)
(1.5 8.15443e-16 0)
(1.5 6.28135e-16 0)
(1.5 3.96621e-16 0)
(1.5 -3.42038e-16 0)
(1.5 -7.93997e-17 0)
(1.5 3.12019e-16 0)
(1.5 -1.69414e-16 0)
(1.5 -7.23373e-16 0)
(1.5 -4.36279e-16 0)
(1.5 -1.77485e-16 0)
(1.5 -3.27083e-16 0)
(1.5 -4.79815e-16 0)
(1.5 -1.63368e-16 0)
(1.5 -2.40441e-16 0)
(1.5 -2.30035e-16 0)
(1.5 -5.97813e-16 0)
(1.5 -5.38332e-16 0)
(1.5 7.19237e-17 0)
(1.5 -2.47215e-17 0)
(1.5 -5.21777e-16 0)
(1.5 -2.81621e-16 0)
(1.5 6.26684e-18 0)
(1.5 3.12945e-16 0)
(1.5 -4.362e-16 0)
(1.5 -7.7437e-16 0)
(1.5 8.69151e-17 0)
(1.5 6.53558e-16 0)
(1.5 8.25331e-16 0)
(1.5 -5.76396e-17 0)
(1.5 -3.36169e-16 0)
(1.5 -8.44334e-16 0)
(1.5 -6.25717e-16 0)
(1.5 -1.78518e-16 0)
(1.5 6.41785e-17 0)
(1.5 3.25492e-16 0)
(1.5 5.34801e-16 0)
(1.5 -2.45343e-16 0)
(1.5 -5.16882e-16 0)
(1.5 -1.02852e-15 0)
(1.5 -9.05217e-16 0)
(1.5 -8.66136e-16 0)
(1.5 -1.03679e-15 0)
(1.5 -7.10152e-16 0)
(1.5 -2.08703e-16 0)
(1.5 7.98661e-16 0)
(1.5 9.91316e-16 0)
(1.5 2.35212e-16 0)
(1.5 1.47853e-16 0)
(1.5 4.18167e-16 0)
(1.5 7.65857e-16 0)
(1.5 1.04061e-15 0)
(1.5 1.76358e-16 0)
(1.5 3.03811e-16 0)
(1.5 1.26899e-16 0)
(1.5 1.44213e-16 0)
(1.5 4.79133e-16 0)
(1.5 -4.05475e-17 0)
(1.5 -1.46886e-16 0)
(1.5 -1.05973e-15 0)
(1.5 -7.0615e-16 0)
(1.5 1.76228e-16 0)
(1.5 9.25535e-17 0)
(1.5 4.46575e-16 0)
(1.5 4.34681e-16 0)
(1.5 8.60317e-16 0)
(1.5 3.00769e-16 0)
(1.5 1.24964e-16 0)
(1.5 1.54064e-16 0)
(1.5 2.19758e-16 0)
(1.5 2.21864e-16 0)
(1.5 8.81431e-16 0)
(1.5 8.50654e-17 0)
(1.5 -2.91031e-16 0)
(1.5 -5.04649e-16 0)
(1.5 -2.13326e-16 0)
(1.5 2.35999e-17 0)
(1.5 -1.21015e-16 0)
(1.5 -7.19372e-16 0)
(1.5 -1.00857e-15 0)
(1.5 -1.47813e-16 0)
(1.5 9.1771e-17 0)
(1.5 -6.05183e-16 0)
(1.5 -5.21405e-16 0)
(1.5 -9.13387e-16 0)
(1.5 -7.46153e-16 0)
(1.5 -4.11908e-16 0)
(1.5 -3.41725e-16 0)
(1.5 2.10432e-16 0)
(1.5 1.79453e-16 0)
(1.5 -1.32122e-16 0)
(1.5 -4.44652e-17 0)
(1.5 -1.53873e-16 0)
(1.5 6.27976e-16 0)
(1.5 4.43993e-16 0)
(1.5 -5.47906e-16 0)
(1.5 -3.0004e-16 0)
(1.5 2.1483e-16 0)
(1.5 1.91905e-16 0)
(1.5 -2.22726e-16 0)
(1.5 -2.33115e-17 0)
(1.5 6.71293e-16 0)
(1.5 6.13152e-16 0)
(1.5 -8.96248e-17 0)
(1.5 -7.88019e-16 0)
(1.5 -5.30505e-16 0)
(1.5 4.55422e-16 0)
(1.5 7.32748e-17 0)
(1.5 -5.09297e-16 0)
(1.5 -1.00603e-15 0)
(1.5 -7.6917e-16 0)
(1.5 4.32599e-16 0)
(1.5 7.73717e-17 0)
(1.5 -2.39293e-16 0)
(1.5 -4.69305e-16 0)
(1.5 -3.84761e-16 0)
(1.5 -1.04202e-16 0)
(1.5 -2.84084e-16 0)
(1.5 2.1848e-17 0)
(1.5 2.60345e-16 0)
(1.5 -1.43015e-16 0)
(1.5 -5.49037e-16 0)
(1.5 3.1033e-16 0)
(1.5 4.60453e-16 0)
(1.5 5.43545e-16 0)
(1.5 -3.35928e-16 0)
(1.5 -9.64945e-17 0)
(1.5 -8.07463e-16 0)
(1.5 -8.24103e-16 0)
(1.5 -6.0613e-16 0)
(1.5 -2.27722e-17 0)
(1.5 1.68716e-16 0)
(1.5 4.91489e-16 0)
(1.5 2.34609e-16 0)
(1.5 2.87748e-16 0)
(1.5 -2.63717e-16 0)
(1.5 -1.07601e-15 0)
(1.5 -1.33635e-15 0)
(1.5 -1.69264e-15 0)
(1.5 -3.67401e-16 0)
(1.5 9.05527e-17 0)
(1.5 5.05588e-16 0)
(1.5 1.33181e-15 0)
(1.5 1.14266e-15 0)
(1.5 7.52371e-16 0)
(1.5 6.5734e-16 0)
(1.5 8.12278e-16 0)
(1.5 1.08182e-15 0)
(1.5 8.85713e-16 0)
(1.5 4.8627e-16 0)
(1.5 3.14859e-16 0)
(1.5 -5.68252e-17 0)
(1.5 1.29019e-16 0)
(1.5 1.958e-16 0)
(1.5 -5.73383e-16 0)
(1.5 -9.47922e-16 0)
(1.5 -6.72316e-16 0)
(1.5 2.07248e-16 0)
(1.5 5.11646e-16 0)
(1.5 3.08839e-16 0)
(1.5 3.38457e-16 0)
(1.5 4.66021e-16 0)
(1.5 6.11556e-16 0)
(1.5 2.59384e-16 0)
(1.5 -9.17043e-17 0)
(1.5 2.66576e-16 0)
(1.5 7.78772e-16 0)
(1.5 5.17922e-16 0)
(1.5 1.32819e-16 0)
(1.5 -6.58302e-16 0)
(1.5 -2.25317e-16 0)
(1.5 5.80906e-16 0)
(1.5 2.65009e-16 0)
(1.5 3.18305e-16 0)
(1.5 -1.09437e-16 0)
(1.5 -2.9826e-16 0)
(1.5 7.98651e-16 0)
(1.5 4.70872e-16 0)
(1.5 -1.22054e-15 0)
(1.5 -1.7882e-15 0)
(1.5 -1.1435e-15 0)
(1.5 -7.52225e-16 0)
(1.5 -1.27639e-15 0)
(1.5 -1.70138e-16 0)
(1.5 2.85263e-17 0)
(1.5 -4.73929e-16 0)
(1.5 -6.88818e-16 0)
(1.5 -4.84004e-16 0)
(1.5 -7.45681e-16 0)
(1.5 -9.8419e-16 0)
(1.5 -1.10491e-15 0)
(1.5 -6.14434e-16 0)
(1.5 -4.5005e-17 0)
(1.5 -1.5526e-16 0)
(1.5 -3.65644e-16 0)
(1.5 -6.47495e-16 0)
(1.5 2.74016e-16 0)
(1.5 6.12867e-16 0)
(1.5 3.99309e-16 0)
(1.5 -4.40443e-16 0)
(1.5 -5.84733e-16 0)
(1.5 -1.93549e-17 0)
(1.5 6.55278e-17 0)
(1.5 -5.54811e-16 0)
(1.5 -1.09774e-15 0)
(1.5 -1.21246e-15 0)
(1.5 -3.54087e-16 0)
(1.5 5.0623e-16 0)
(1.5 -1.01558e-17 0)
(1.5 1.75544e-16 0)
(1.5 -2.87816e-16 0)
(1.5 -1.84737e-16 0)
(1.5 1.85706e-16 0)
(1.5 9.57537e-17 0)
(1.5 3.47855e-16 0)
(1.5 6.107e-16 0)
(1.5 6.24435e-16 0)
(1.5 3.20046e-16 0)
(1.5 1.45808e-16 0)
(1.5 5.69588e-16 0)
(1.5 4.47981e-16 0)
(1.5 -1.45153e-16 0)
(1.5 8.06461e-17 0)
(1.5 -1.11868e-16 0)
(1.5 -4.38636e-17 0)
(1.5 -1.67443e-16 0)
(1.5 -2.90148e-17 0)
(1.5 7.10311e-16 0)
(1.5 4.67119e-16 0)
(1.5 5.24546e-16 0)
(1.5 3.60516e-16 0)
(1.5 -1.86312e-16 0)
(1.5 -4.13425e-16 0)
(1.5 -1.15451e-15 0)
(1.5 -3.97624e-16 0)
(1.5 2.0025e-16 0)
(1.5 1.87298e-16 0)
(1.5 3.65063e-16 0)
(1.5 7.27346e-16 0)
(1.5 1.50962e-15 0)
(1.5 1.20157e-15 0)
(1.5 8.34893e-16 0)
(1.5 4.45233e-16 0)
(1.5 4.41243e-16 0)
(1.5 1.00387e-15 0)
(1.5 4.72554e-16 0)
(1.5 1.40098e-16 0)
(1.5 -3.23964e-16 0)
(1.5 -6.94241e-17 0)
(1.5 5.75697e-16 0)
(1.5 -2.51896e-16 0)
(1.5 -3.2777e-16 0)
(1.5 -2.18728e-16 0)
(1.5 9.54596e-17 0)
(1.5 6.47658e-16 0)
(1.5 2.93909e-16 0)
(1.5 -1.78967e-16 0)
(1.5 -1.62174e-16 0)
(1.5 2.81522e-16 0)
(1.5 6.25398e-16 0)
(1.5 -9.23289e-19 0)
(1.5 2.33857e-17 0)
(1.5 7.152e-16 0)
(1.5 2.58522e-16 0)
(1.5 3.81177e-16 0)
(1.5 3.13304e-17 0)
(1.5 3.05744e-16 0)
(1.5 5.48111e-16 0)
(1.5 6.93931e-16 0)
(1.5 4.19653e-16 0)
(1.5 7.83424e-16 0)
(1.5 7.5062e-16 0)
(1.5 9.68712e-16 0)
(1.5 5.54709e-16 0)
(1.5 -2.05831e-15 0)
(1.5 -1.68526e-15 0)
(1.5 -7.25623e-16 0)
(1.5 -6.78463e-16 0)
(1.5 -1.27435e-15 0)
(1.5 -5.82093e-16 0)
(1.5 -5.39469e-16 0)
(1.5 -9.64633e-16 0)
(1.5 -1.48818e-15 0)
(1.5 -6.17813e-16 0)
(1.5 -3.55681e-16 0)
(1.5 -6.82612e-16 0)
(1.5 -9.3224e-16 0)
(1.5 1.01632e-16 0)
(1.5 -1.34659e-16 0)
(1.5 -7.15753e-16 0)
(1.5 -3.13936e-16 0)
(1.5 2.32548e-17 0)
(1.5 3.51446e-16 0)
(1.5 7.49778e-16 0)
(1.5 9.91819e-16 0)
(1.5 6.92275e-16 0)
(1.5 9.4786e-16 0)
(1.5 3.60496e-16 0)
(1.5 -5.29373e-16 0)
(1.5 -1.59166e-16 0)
(1.5 -3.21193e-17 0)
(1.5 -8.03229e-17 0)
(1.5 1.41242e-16 0)
(1.5 2.47495e-16 0)
(1.5 4.6941e-16 0)
(1.5 6.91968e-16 0)
(1.5 2.95613e-16 0)
(1.5 -3.42531e-16 0)
(1.5 3.4407e-17 0)
(1.5 3.68706e-16 0)
(1.5 5.72762e-16 0)
(1.5 1.24349e-15 0)
(1.5 1.40135e-15 0)
(1.5 1.2604e-15 0)
(1.5 3.74924e-16 0)
(1.5 3.21269e-16 0)
(1.5 3.8572e-16 0)
(1.5 7.11546e-16 0)
(1.5 1.14142e-15 0)
(1.5 1.68613e-15 0)
(1.5 1.64392e-15 0)
(1.5 8.81421e-16 0)
(1.5 2.61247e-16 0)
(1.5 4.05696e-17 0)
(1.5 -6.42458e-16 0)
(1.5 -5.66353e-17 0)
(1.5 6.0887e-16 0)
(1.5 6.01839e-16 0)
(1.5 1.02703e-15 0)
(1.5 8.17955e-16 0)
(1.5 1.0288e-15 0)
(1.5 5.53857e-16 0)
(1.5 -2.21311e-16 0)
(1.5 -2.54712e-16 0)
(1.5 -1.67549e-16 0)
(1.5 3.81468e-16 0)
(1.5 6.73689e-16 0)
(1.5 5.00821e-16 0)
(1.5 -9.48743e-17 0)
(1.5 -1.63998e-16 0)
(1.5 -1.8474e-16 0)
(1.5 -9.70757e-17 0)
(1.5 2.19404e-16 0)
(1.5 -1.59394e-16 0)
(1.5 -1.34375e-16 0)
(1.5 1.99473e-16 0)
(1.5 5.94021e-16 0)
(1.5 5.14506e-16 0)
(1.5 -2.67653e-17 0)
(1.5 -1.48755e-16 0)
(1.5 -1.45787e-16 0)
(1.5 3.36977e-16 0)
(1.5 8.77174e-17 0)
(1.5 -4.02162e-16 0)
(1.5 -4.72049e-16 0)
(1.5 -4.79303e-16 0)
(1.5 -3.55943e-16 0)
(1.5 2.95049e-16 0)
(1.5 2.6418e-16 0)
(1.5 2.46126e-16 0)
(1.5 5.27672e-16 0)
(1.5 3.94772e-16 0)
(1.5 9.31066e-16 0)
(1.5 7.15683e-16 0)
(1.5 3.20283e-16 0)
(1.5 2.40229e-16 0)
(1.5 9.85788e-16 0)
(1.5 1.55576e-15 0)
(1.5 6.04711e-16 0)
(1.5 8.26412e-16 0)
(1.5 -7.79631e-16 0)
(1.5 -9.85528e-17 0)
(1.5 3.16864e-16 0)
(1.5 -2.23672e-16 0)
(1.5 -6.76334e-16 0)
(1.5 -1.28184e-15 0)
(1.5 -8.90437e-17 0)
(1.5 -1.20263e-16 0)
(1.5 -5.67622e-16 0)
(1.5 -9.99076e-17 0)
(1.5 7.67055e-16 0)
(1.5 4.50016e-16 0)
(1.5 6.35452e-16 0)
(1.5 9.10513e-16 0)
(1.5 8.28515e-17 0)
(1.5 -1.50014e-16 0)
(1.5 2.38326e-16 0)
(1.5 6.48475e-16 0)
(1.5 3.16022e-16 0)
(1.5 4.77637e-16 0)
(1.5 4.4072e-16 0)
(1.5 1.19196e-15 0)
(1.5 8.31532e-16 0)
(1.5 -5.06812e-16 0)
(1.5 -2.8789e-17 0)
(1.5 4.26801e-16 0)
(1.5 7.54209e-16 0)
(1.5 1.03223e-16 0)
(1.5 -2.5982e-16 0)
(1.5 -2.23367e-16 0)
(1.5 3.65073e-16 0)
(1.5 -1.25309e-16 0)
(1.5 -3.62931e-16 0)
(1.5 -7.79663e-16 0)
(1.5 -7.23233e-16 0)
(1.5 -2.00879e-16 0)
(1.5 -2.31329e-16 0)
(1.5 -1.29643e-17 0)
(1.5 4.70521e-16 0)
(1.5 1.23684e-16 0)
(1.5 -3.01054e-16 0)
(1.5 -1.65098e-16 0)
(1.5 -1.88698e-16 0)
(1.5 2.21283e-16 0)
(1.5 1.47987e-15 0)
(1.5 1.90955e-15 0)
(1.5 9.16998e-16 0)
(1.5 4.58253e-17 0)
(1.5 -3.16526e-16 0)
(1.5 -2.01496e-16 0)
(1.5 -2.98072e-16 0)
(1.5 7.41189e-18 0)
(1.5 8.61611e-16 0)
(1.5 1.77447e-15 0)
(1.5 1.70262e-15 0)
(1.5 1.45811e-15 0)
(1.5 1.01571e-15 0)
(1.5 -1.29464e-16 0)
(1.5 -4.47353e-16 0)
(1.5 -3.3841e-16 0)
(1.5 3.22036e-16 0)
(1.5 2.51402e-16 0)
(1.5 7.27347e-16 0)
(1.5 8.91519e-16 0)
(1.5 3.9334e-16 0)
(1.5 1.5998e-16 0)
(1.5 -1.53374e-16 0)
(1.5 -6.98295e-17 0)
(1.5 2.39047e-16 0)
(1.5 4.84275e-16 0)
(1.5 -2.37609e-16 0)
(1.5 -2.31847e-16 0)
(1.5 9.39389e-16 0)
(1.5 1.02761e-15 0)
(1.5 5.23717e-16 0)
(1.5 -2.99739e-16 0)
(1.5 -2.80412e-16 0)
(1.5 4.52712e-16 0)
(1.5 7.4356e-16 0)
(1.5 -1.38437e-16 0)
(1.5 -1.00611e-15 0)
(1.5 -1.06567e-15 0)
(1.5 -2.9099e-16 0)
(1.5 7.2026e-16 0)
(1.5 2.14404e-16 0)
(1.5 4.47624e-16 0)
(1.5 3.8135e-16 0)
(1.5 6.0902e-16 0)
(1.5 5.66455e-16 0)
(1.5 -2.62257e-16 0)
(1.5 -3.70469e-16 0)
(1.5 1.46772e-16 0)
(1.5 5.06121e-16 0)
(1.5 1.07226e-15 0)
(1.5 8.3238e-16 0)
(1.5 9.53595e-16 0)
(1.5 4.4736e-16 0)
(1.5 7.31747e-16 0)
(1.5 4.67156e-16 0)
(1.5 5.22927e-16 0)
(1.5 2.60586e-16 0)
(1.5 -7.11972e-16 0)
(1.5 -3.46404e-16 0)
(1.5 -4.08468e-16 0)
(1.5 -1.8072e-16 0)
(1.5 -3.5404e-16 0)
(1.5 4.1845e-17 0)
(1.5 3.09317e-16 0)
(1.5 9.91321e-16 0)
(1.5 4.51201e-16 0)
(1.5 -3.97811e-16 0)
(1.5 1.82063e-16 0)
(1.5 5.01807e-16 0)
(1.5 8.58903e-16 0)
(1.5 2.46589e-16 0)
(1.5 -5.11253e-16 0)
(1.5 -5.17771e-16 0)
(1.5 -3.10748e-16 0)
(1.5 -5.3655e-16 0)
(1.5 -9.32274e-16 0)
(1.5 5.19597e-17 0)
(1.5 1.84134e-16 0)
(1.5 2.73996e-16 0)
(1.5 -1.89094e-16 0)
(1.5 -2.84948e-16 0)
(1.5 -6.27122e-16 0)
(1.5 -2.20555e-16 0)
(1.5 -3.30231e-16 0)
(1.5 -9.48423e-17 0)
(1.5 -6.47918e-17 0)
(1.5 -5.07178e-16 0)
(1.5 -3.66509e-16 0)
(1.5 -4.74906e-16 0)
(1.5 -4.44606e-16 0)
(1.5 -4.69985e-16 0)
(1.5 -8.84436e-16 0)
(1.5 -4.78009e-16 0)
(1.5 3.55559e-16 0)
(1.5 2.37903e-16 0)
(1.5 -7.15922e-17 0)
(1.5 2.97153e-16 0)
(1.5 2.00746e-16 0)
(1.5 -4.23439e-16 0)
(1.5 -1.38788e-16 0)
(1.5 -2.23833e-16 0)
(1.5 -7.96384e-17 0)
(1.5 2.69836e-16 0)
(1.5 -2.0112e-16 0)
(1.5 4.35145e-16 0)
(1.5 1.09303e-15 0)
(1.5 5.55809e-16 0)
(1.5 -2.6086e-16 0)
(1.5 -3.00898e-16 0)
(1.5 -4.29037e-16 0)
(1.5 3.18098e-16 0)
(1.5 5.49009e-16 0)
(1.5 1.07069e-15 0)
(1.5 6.4753e-16 0)
(1.5 9.01188e-16 0)
(1.5 1.15639e-15 0)
(1.5 7.57589e-16 0)
(1.5 4.58299e-16 0)
(1.5 -3.08108e-17 0)
(1.5 4.05113e-17 0)
(1.5 4.57594e-16 0)
(1.5 1.08379e-15 0)
(1.5 3.09699e-16 0)
(1.5 -4.17939e-16 0)
(1.5 4.02826e-17 0)
(1.5 9.7219e-16 0)
(1.5 1.21337e-15 0)
(1.5 5.05801e-16 0)
(1.5 2.52602e-17 0)
(1.5 3.36097e-16 0)
(1.5 9.50528e-16 0)
(1.5 6.74242e-16 0)
(1.5 -8.00054e-16 0)
(1.5 -6.62915e-16 0)
(1.5 -4.95726e-16 0)
(1.5 -3.69853e-16 0)
(1.5 -4.14952e-16 0)
(1.5 -3.32272e-17 0)
(1.5 -1.19484e-16 0)
(1.5 4.77229e-16 0)
(1.5 -2.58866e-16 0)
(1.5 -1.27774e-15 0)
(1.5 -1.0072e-15 0)
(1.5 -4.87657e-16 0)
(1.5 -1.65989e-16 0)
(1.5 -3.12939e-16 0)
(1.5 5.22271e-16 0)
(1.5 7.30886e-16 0)
(1.5 6.46249e-16 0)
(1.5 3.0019e-16 0)
(1.5 5.68614e-17 0)
(1.5 4.12859e-16 0)
(1.5 1.00096e-15 0)
(1.5 3.04142e-16 0)
(1.5 -1.08478e-15 0)
(1.5 -1.18685e-15 0)
(1.5 -6.64319e-16 0)
(1.5 -3.57846e-16 0)
(1.5 -3.38991e-16 0)
(1.5 -4.30348e-16 0)
(1.5 -3.30804e-16 0)
(1.5 1.81742e-18 0)
(1.5 4.11937e-16 0)
(1.5 5.85366e-16 0)
(1.5 2.67145e-16 0)
(1.5 3.21416e-16 0)
(1.5 2.69476e-16 0)
(1.5 -3.52451e-16 0)
(1.5 -2.51841e-16 0)
(1.5 -5.00972e-16 0)
(1.5 -9.30979e-16 0)
(1.5 -7.50584e-16 0)
(1.5 -5.1565e-16 0)
(1.5 3.92042e-17 0)
(1.5 -2.70721e-16 0)
(1.5 -1.42963e-16 0)
(1.5 1.67806e-16 0)
(1.5 -4.83103e-16 0)
(1.5 -4.1816e-16 0)
(1.5 -2.61236e-16 0)
(1.5 -4.14007e-17 0)
(1.5 6.15802e-16 0)
(1.5 5.51616e-16 0)
(1.5 1.35312e-16 0)
(1.5 -2.86776e-17 0)
(1.5 -1.55018e-16 0)
(1.5 -2.9611e-16 0)
(1.5 -4.86488e-17 0)
(1.5 1.64016e-16 0)
(1.5 3.89898e-16 0)
(1.5 4.51379e-16 0)
(1.5 5.49759e-16 0)
(1.5 -1.0512e-16 0)
(1.5 2.41829e-17 0)
(1.5 -2.56758e-16 0)
(1.5 -2.8853e-16 0)
(1.5 -1.46519e-16 0)
(1.5 4.98474e-17 0)
(1.5 2.48079e-16 0)
(1.5 -1.03788e-16 0)
(1.5 -2.08137e-16 0)
(1.5 1.65191e-16 0)
(1.5 -1.31982e-16 0)
(1.5 -8.35343e-16 0)
(1.5 -6.52994e-16 0)
(1.5 -4.6065e-16 0)
(1.5 1.53577e-16 0)
(1.5 8.90415e-16 0)
(1.5 1.13518e-15 0)
(1.5 9.1309e-16 0)
(1.5 1.44939e-16 0)
(1.5 8.64256e-17 0)
(1.5 2.249e-16 0)
(1.5 3.14985e-16 0)
(1.5 5.01713e-17 0)
(1.5 -1.38432e-16 0)
(1.5 1.67718e-17 0)
(1.5 6.66765e-16 0)
(1.5 8.09651e-16 0)
(1.5 1.31411e-16 0)
(1.5 -2.43529e-16 0)
(1.5 -1.52571e-16 0)
(1.5 2.1178e-16 0)
(1.5 9.00506e-16 0)
(1.5 6.11358e-16 0)
(1.5 3.11315e-16 0)
(1.5 4.14805e-16 0)
(1.5 6.96551e-16 0)
(1.5 6.01383e-16 0)
(1.5 2.15253e-16 0)
(1.5 1.17246e-16 0)
(1.5 -3.54415e-16 0)
(1.5 -4.32276e-16 0)
(1.5 -2.32691e-16 0)
(1.5 -8.84592e-16 0)
(1.5 -3.65588e-16 0)
(1.5 -4.5935e-17 0)
(1.5 -6.39673e-16 0)
(1.5 -7.30857e-16 0)
(1.5 -3.11007e-16 0)
(1.5 2.0924e-18 0)
(1.5 -2.00334e-16 0)
(1.5 -6.30401e-17 0)
(1.5 1.76158e-16 0)
(1.5 2.68511e-16 0)
(1.5 -9.71054e-17 0)
(1.5 -3.99836e-16 0)
(1.5 -1.69228e-16 0)
(1.5 4.6567e-16 0)
(1.5 4.2483e-16 0)
(1.5 -1.01808e-15 0)
(1.5 -1.21284e-15 0)
(1.5 -7.52416e-16 0)
(1.5 4.10769e-16 0)
(1.5 1.56431e-16 0)
(1.5 -9.32272e-16 0)
(1.5 -7.46916e-16 0)
(1.5 1.01838e-16 0)
(1.5 8.27469e-16 0)
(1.5 4.77315e-16 0)
(1.5 -5.6425e-16 0)
(1.5 -3.50566e-16 0)
(1.5 4.80655e-16 0)
(1.5 2.65069e-16 0)
(1.5 5.34486e-17 0)
(1.5 -4.31964e-16 0)
(1.5 -5.80066e-16 0)
(1.5 1.06092e-16 0)
(1.5 -4.26302e-16 0)
(1.5 -4.70622e-16 0)
(1.5 -1.02812e-16 0)
(1.5 5.32457e-16 0)
(1.5 6.28868e-16 0)
(1.5 2.78745e-16 0)
(1.5 -2.89175e-16 0)
(1.5 -2.65447e-16 0)
(1.5 -5.55631e-16 0)
(1.5 1.04886e-16 0)
(1.5 1.05829e-15 0)
(1.5 5.88578e-16 0)
(1.5 1.85903e-17 0)
(1.5 4.11913e-17 0)
(1.5 -2.15511e-16 0)
(1.5 -4.48554e-16 0)
(1.5 4.96179e-17 0)
(1.5 -1.59401e-16 0)
(1.5 6.88104e-17 0)
(1.5 4.5731e-16 0)
(1.5 1.89683e-16 0)
(1.5 2.50108e-16 0)
(1.5 1.14084e-16 0)
(1.5 -1.49142e-16 0)
(1.5 1.2961e-16 0)
(1.5 1.63119e-16 0)
(1.5 9.83981e-17 0)
(1.5 1.96981e-16 0)
(1.5 -2.52112e-16 0)
(1.5 -1.05138e-16 0)
(1.5 -5.99804e-16 0)
(1.5 -6.63652e-16 0)
(1.5 -3.39465e-16 0)
(1.5 1.26372e-16 0)
(1.5 7.63984e-16 0)
(1.5 8.712e-16 0)
(1.5 7.16436e-16 0)
(1.5 8.07108e-16 0)
(1.5 -2.41693e-16 0)
(1.5 -4.06293e-16 0)
(1.5 -1.42381e-16 0)
(1.5 1.90892e-16 0)
(1.5 3.69543e-16 0)
(1.5 2.73833e-16 0)
(1.5 1.02729e-16 0)
(1.5 3.83388e-16 0)
(1.5 4.35904e-16 0)
(1.5 3.84037e-16 0)
(1.5 -3.75979e-16 0)
(1.5 -3.79902e-16 0)
(1.5 -6.94035e-17 0)
(1.5 7.60234e-16 0)
(1.5 8.05342e-16 0)
(1.5 2.89078e-16 0)
(1.5 -6.5606e-17 0)
(1.5 2.27729e-16 0)
(1.5 1.38759e-15 0)
(1.5 1.23909e-15 0)
(1.5 1.11968e-15 0)
(1.5 4.11013e-16 0)
(1.5 2.14712e-16 0)
(1.5 -1.08126e-17 0)
(1.5 -1.34195e-16 0)
(1.5 -1.33949e-16 0)
(1.5 5.00569e-16 0)
(1.5 3.28108e-16 0)
(1.5 5.49763e-17 0)
(1.5 4.20773e-16 0)
(1.5 3.75822e-16 0)
(1.5 1.31746e-16 0)
(1.5 -2.02224e-16 0)
(1.5 -3.68944e-16 0)
(1.5 4.75846e-16 0)
(1.5 4.18198e-17 0)
(1.5 -5.64867e-16 0)
(1.5 -5.6607e-16 0)
(1.5 -4.78749e-16 0)
(1.5 2.71342e-17 0)
(1.5 -5.22227e-16 0)
(1.5 -8.94164e-16 0)
(1.5 4.92534e-16 0)
(1.5 1.84384e-16 0)
(1.5 -3.86875e-16 0)
(1.5 -2.32612e-16 0)
(1.5 -6.66238e-16 0)
(1.5 -1.50181e-16 0)
(1.5 4.70799e-16 0)
(1.5 3.54423e-16 0)
(1.5 -9.90464e-17 0)
(1.5 -4.06409e-17 0)
(1.5 3.09574e-16 0)
(1.5 7.13252e-16 0)
(1.5 7.41206e-16 0)
(1.5 5.15669e-16 0)
(1.5 2.83028e-17 0)
(1.5 5.39097e-16 0)
(1.5 -2.75601e-16 0)
(1.5 -9.50051e-16 0)
(1.5 -2.0413e-16 0)
(1.5 6.13938e-16 0)
(1.5 6.67607e-16 0)
(1.5 9.07796e-16 0)
(1.5 5.33692e-16 0)
(1.5 6.45319e-16 0)
(1.5 4.20114e-16 0)
(1.5 3.19159e-16 0)
(1.5 1.17621e-15 0)
(1.5 8.5982e-16 0)
(1.5 2.98202e-16 0)
(1.5 3.72355e-16 0)
(1.5 -9.21637e-17 0)
(1.5 -5.89452e-16 0)
(1.5 9.59322e-17 0)
(1.5 -6.00483e-17 0)
(1.5 7.48528e-17 0)
(1.5 -1.10966e-16 0)
(1.5 3.50907e-16 0)
(1.5 8.02064e-16 0)
(1.5 5.57214e-16 0)
(1.5 6.73802e-16 0)
(1.5 9.19816e-16 0)
(1.5 6.05495e-16 0)
(1.5 2.41079e-16 0)
(1.5 4.58921e-16 0)
(1.5 -1.71213e-16 0)
(1.5 -7.90524e-17 0)
(1.5 -3.25672e-16 0)
(1.5 2.83809e-17 0)
(1.5 3.42679e-16 0)
(1.5 8.45681e-16 0)
(1.5 1.074e-15 0)
(1.5 1.04514e-15 0)
(1.5 6.4861e-16 0)
(1.5 7.72843e-16 0)
(1.5 3.8493e-16 0)
(1.5 1.59504e-16 0)
(1.5 -2.51774e-17 0)
(1.5 6.19206e-17 0)
(1.5 6.17835e-16 0)
(1.5 8.07122e-16 0)
(1.5 5.19673e-16 0)
(1.5 1.54185e-16 0)
(1.5 4.74994e-17 0)
(1.5 3.26465e-16 0)
(1.5 1.14912e-16 0)
(1.5 9.98455e-17 0)
(1.5 4.83194e-16 0)
(1.5 7.84728e-16 0)
(1.5 1.05534e-15 0)
(1.5 7.73151e-16 0)
(1.5 5.17307e-16 0)
(1.5 5.08212e-16 0)
(1.5 1.16232e-15 0)
(1.5 8.26466e-16 0)
(1.5 5.21123e-16 0)
(1.5 1.0752e-16 0)
(1.5 -3.75833e-17 0)
(1.5 -5.25724e-16 0)
(1.5 5.77361e-16 0)
(1.5 -2.97311e-18 0)
(1.5 -6.41441e-17 0)
(1.5 1.04121e-15 0)
(1.5 7.32601e-16 0)
(1.5 7.39138e-16 0)
(1.5 7.67944e-16 0)
(1.5 6.34542e-16 0)
(1.5 1.36953e-16 0)
(1.5 2.64476e-16 0)
(1.5 1.2e-15 0)
(1.5 8.33366e-16 0)
(1.5 4.23647e-16 0)
(1.5 -1.44366e-16 0)
(1.5 -3.30316e-16 0)
(1.5 -2.22419e-16 0)
(1.5 -4.24027e-16 0)
(1.5 5.01878e-16 0)
(1.5 3.79789e-16 0)
(1.5 -8.81898e-16 0)
(1.5 -4.7551e-16 0)
(1.5 5.78358e-16 0)
(1.5 -6.19625e-17 0)
(1.5 -3.54335e-16 0)
(1.5 -2.45778e-16 0)
(1.5 8.19615e-16 0)
(1.5 1.35575e-15 0)
(1.5 8.83534e-16 0)
(1.5 -5.00731e-16 0)
(1.5 -1.0543e-16 0)
(1.5 7.66808e-16 0)
(1.5 8.15261e-16 0)
(1.5 5.89439e-16 0)
(1.5 -2.31287e-16 0)
(1.5 -2.29847e-16 0)
(1.5 6.96592e-17 0)
(1.5 4.4885e-16 0)
(1.5 5.26049e-16 0)
(1.5 2.51305e-16 0)
(1.5 3.35821e-16 0)
(1.5 5.91525e-16 0)
(1.5 2.67725e-16 0)
(1.5 4.45826e-16 0)
(1.5 -2.06422e-16 0)
(1.5 -3.72874e-16 0)
(1.5 -3.23319e-16 0)
(1.5 -3.51552e-16 0)
(1.5 -1.45646e-16 0)
(1.5 -2.20193e-16 0)
(1.5 7.40452e-17 0)
(1.5 -2.67891e-16 0)
(1.5 -2.04354e-16 0)
(1.5 -1.64174e-16 0)
(1.5 -6.27491e-16 0)
(1.5 -4.02906e-16 0)
(1.5 3.90949e-16 0)
(1.5 8.25221e-16 0)
(1.5 1.11788e-15 0)
(1.5 1.57154e-16 0)
(1.5 1.65694e-16 0)
(1.5 1.10313e-16 0)
(1.5 1.2644e-16 0)
(1.5 -8.07487e-17 0)
(1.5 -4.33627e-17 0)
(1.5 -4.01776e-18 0)
(1.5 4.83907e-16 0)
(1.5 5.08443e-16 0)
(1.5 3.02879e-16 0)
(1.5 4.38363e-16 0)
(1.5 9.24485e-16 0)
(1.5 1.21696e-15 0)
(1.5 8.5839e-16 0)
(1.5 6.59842e-16 0)
(1.5 5.64086e-16 0)
(1.5 9.77107e-17 0)
(1.5 4.50472e-16 0)
(1.5 5.36947e-16 0)
(1.5 4.11356e-16 0)
(1.5 1.75445e-16 0)
(1.5 -7.13526e-16 0)
(1.5 -3.8333e-16 0)
(1.5 2.15417e-16 0)
(1.5 4.92222e-16 0)
(1.5 6.71787e-16 0)
(1.5 9.17643e-16 0)
(1.5 1.17543e-15 0)
(1.5 8.29935e-16 0)
(1.5 5.94019e-16 0)
(1.5 7.24751e-16 0)
(1.5 5.29087e-16 0)
(1.5 1.54247e-16 0)
(1.5 3.23674e-16 0)
(1.5 2.9861e-16 0)
(1.5 3.35238e-16 0)
(1.5 -7.23575e-16 0)
(1.5 -7.50679e-16 0)
(1.5 -4.81466e-16 0)
(1.5 -4.8807e-16 0)
(1.5 -3.81119e-16 0)
(1.5 5.72565e-17 0)
(1.5 1.9038e-16 0)
(1.5 4.79621e-17 0)
(1.5 1.00775e-16 0)
(1.5 1.03614e-16 0)
(1.5 3.20815e-16 0)
(1.5 5.77766e-16 0)
(1.5 2.31149e-16 0)
(1.5 2.67903e-16 0)
(1.5 4.50644e-16 0)
(1.5 4.22362e-16 0)
(1.5 -1.93647e-17 0)
(1.5 -5.81299e-16 0)
(1.5 7.37218e-16 0)
(1.5 1.44627e-15 0)
(1.5 7.88765e-16 0)
(1.5 -1.10349e-15 0)
(1.5 -4.76695e-16 0)
(1.5 -2.55094e-17 0)
(1.5 2.06258e-16 0)
(1.5 -8.42509e-16 0)
(1.5 -1.02128e-15 0)
(1.5 1.56169e-16 0)
(1.5 1.09191e-15 0)
(1.5 8.68617e-16 0)
(1.5 -7.33301e-16 0)
(1.5 -4.34438e-16 0)
(1.5 1.60262e-16 0)
(1.5 2.7106e-16 0)
(1.5 6.7868e-16 0)
(1.5 -2.80648e-16 0)
(1.5 -4.64342e-17 0)
(1.5 6.33119e-16 0)
(1.5 9.12187e-16 0)
(1.5 5.01664e-16 0)
(1.5 -3.51473e-16 0)
(1.5 6.26338e-16 0)
(1.5 5.99445e-16 0)
(1.5 -3.67974e-16 0)
(1.5 -3.49517e-16 0)
(1.5 -9.00761e-16 0)
(1.5 -1.9787e-15 0)
(1.5 -1.5849e-15 0)
(1.5 -1.31633e-15 0)
(1.5 -4.22696e-16 0)
(1.5 -3.23268e-16 0)
(1.5 7.02157e-17 0)
(1.5 -5.6032e-17 0)
(1.5 1.74016e-16 0)
(1.5 -1.35258e-16 0)
(1.5 -8.77862e-16 0)
(1.5 -1.30237e-15 0)
(1.5 -1.00432e-15 0)
(1.5 2.49443e-17 0)
(1.5 8.14693e-16 0)
(1.5 2.29063e-16 0)
(1.5 -2.32967e-16 0)
(1.5 2.81938e-17 0)
(1.5 -4.2926e-16 0)
(1.5 -6.58399e-17 0)
(1.5 -7.14693e-17 0)
(1.5 3.62823e-16 0)
(1.5 2.8067e-16 0)
(1.5 -4.59351e-17 0)
(1.5 -4.52714e-16 0)
(1.5 1.59655e-17 0)
(1.5 3.24084e-16 0)
(1.5 7.78403e-16 0)
(1.5 6.04472e-16 0)
(1.5 3.92648e-17 0)
(1.5 3.11693e-16 0)
(1.5 -1.95214e-16 0)
(1.5 -1.2667e-16 0)
(1.5 5.76064e-17 0)
(1.5 -5.28977e-16 0)
(1.5 -2.83255e-16 0)
(1.5 -1.00716e-15 0)
(1.5 -5.90309e-16 0)
(1.5 8.2258e-17 0)
(1.5 1.74163e-16 0)
(1.5 1.23625e-15 0)
(1.5 1.77072e-15 0)
(1.5 9.46949e-16 0)
(1.5 1.46508e-16 0)
(1.5 -4.83399e-16 0)
(1.5 2.11869e-16 0)
(1.5 2.04409e-16 0)
(1.5 -1.73869e-16 0)
(1.5 3.94611e-16 0)
(1.5 3.36089e-16 0)
(1.5 2.16997e-16 0)
(1.5 -3.66135e-16 0)
(1.5 -5.28793e-16 0)
(1.5 -6.65273e-16 0)
(1.5 -7.21173e-16 0)
(1.5 -6.67926e-16 0)
(1.5 -7.82277e-16 0)
(1.5 -6.63655e-16 0)
(1.5 -7.67143e-16 0)
(1.5 -5.43733e-16 0)
(1.5 -5.45071e-16 0)
(1.5 -4.6108e-16 0)
(1.5 -2.45291e-16 0)
(1.5 -7.13413e-16 0)
(1.5 -5.22449e-16 0)
(1.5 -3.60139e-16 0)
(1.5 1.21669e-16 0)
(1.5 -2.50744e-16 0)
(1.5 -6.44251e-16 0)
(1.5 4.12934e-16 0)
(1.5 3.99155e-16 0)
(1.5 3.38296e-16 0)
(1.5 -4.00376e-16 0)
(1.5 -3.61462e-16 0)
(1.5 -3.73056e-16 0)
(1.5 -2.53027e-16 0)
(1.5 -4.39357e-16 0)
(1.5 -9.22083e-16 0)
(1.5 -5.42539e-16 0)
(1.5 3.48115e-17 0)
(1.5 -7.13233e-18 0)
(1.5 -2.76614e-16 0)
(1.5 2.58916e-17 0)
(1.5 -3.03413e-17 0)
(1.5 -1.0996e-17 0)
(1.5 3.80969e-17 0)
(1.5 -2.55017e-16 0)
(1.5 -1.45765e-16 0)
(1.5 7.31898e-17 0)
(1.5 2.23347e-16 0)
(1.5 6.52226e-17 0)
(1.5 -3.06448e-16 0)
(1.5 2.69993e-16 0)
(1.5 1.94082e-16 0)
(1.5 -2.53898e-16 0)
(1.5 -3.79869e-16 0)
(1.5 -3.95843e-16 0)
(1.5 -8.61223e-16 0)
(1.5 -1.00223e-15 0)
(1.5 -6.97337e-16 0)
(1.5 -5.53831e-16 0)
(1.5 -7.37721e-16 0)
(1.5 -3.49761e-16 0)
(1.5 4.7228e-16 0)
(1.5 6.44275e-16 0)
(1.5 1.90718e-16 0)
(1.5 -6.93679e-16 0)
(1.5 -6.88225e-16 0)
(1.5 -6.00887e-16 0)
(1.5 -1.466e-16 0)
(1.5 2.82218e-16 0)
(1.5 3.0219e-16 0)
(1.5 6.8685e-18 0)
(1.5 1.73566e-16 0)
(1.5 -2.56648e-16 0)
(1.5 -2.84844e-16 0)
(1.5 -1.73827e-16 0)
(1.5 3.21076e-16 0)
(1.5 2.32671e-18 0)
(1.5 -3.09431e-16 0)
(1.5 -6.22136e-16 0)
(1.5 4.74846e-17 0)
(1.5 -9.99626e-17 0)
(1.5 -3.94957e-18 0)
(1.5 1.31688e-16 0)
(1.5 -5.87613e-16 0)
(1.5 -5.24814e-17 0)
(1.5 -3.45307e-16 0)
(1.5 -4.4479e-16 0)
(1.5 -1.46069e-16 0)
(1.5 -5.47016e-16 0)
(1.5 -3.21613e-16 0)
(1.5 -6.27265e-16 0)
(1.5 -6.30326e-16 0)
(1.5 -2.46549e-16 0)
(1.5 -2.77106e-16 0)
(1.5 5.65759e-16 0)
(1.5 9.49867e-16 0)
(1.5 4.10001e-16 0)
(1.5 -6.82253e-17 0)
(1.5 -5.63198e-16 0)
(1.5 -4.48231e-17 0)
(1.5 -1.02356e-16 0)
(1.5 -7.69724e-17 0)
(1.5 -1.23953e-16 0)
(1.5 -9.11345e-17 0)
(1.5 -2.79651e-16 0)
(1.5 -1.92508e-16 0)
(1.5 -1.74475e-16 0)
(1.5 -1.34878e-17 0)
(1.5 -2.57795e-16 0)
(1.5 -2.71775e-16 0)
(1.5 -9.61387e-17 0)
(1.5 -4.52328e-16 0)
(1.5 -5.63658e-16 0)
(1.5 -2.85603e-16 0)
(1.5 -3.27e-16 0)
(1.5 -7.83061e-16 0)
(1.5 -5.46603e-16 0)
)
;

boundaryField
{
    inlet
    {
        type            fixedValue;
        value           uniform (1.5 0 0);
    }
    outlet
    {
        type            inletOutlet;
        inletValue      uniform (1.5 0 0);
        value           nonuniform List<vector> 
32
(
(1.5 9.19791e-17 0)
(1.5 -2.71664e-16 0)
(1.5 -3.3269e-16 0)
(1.5 -1.27273e-16 0)
(1.5 3.09748e-17 0)
(1.5 1.46347e-16 0)
(1.5 -3.88781e-16 0)
(1.5 -1.85463e-16 0)
(1.5 1.4377e-16 0)
(1.5 -3.09302e-17 0)
(1.5 -1.41503e-17 0)
(1.5 -1.18929e-16 0)
(1.5 1.61078e-16 0)
(1.5 9.29837e-17 0)
(1.5 3.20678e-17 0)
(1.5 4.57074e-16 0)
(1.5 3.0039e-16 0)
(1.5 -3.75898e-16 0)
(1.5 -5.38495e-16 0)
(1.5 -2.8509e-16 0)
(1.5 9.1771e-17 0)
(1.5 4.70872e-16 0)
(1.5 5.54709e-16 0)
(1.5 8.26412e-16 0)
(1.5 9.53595e-16 0)
(1.5 7.30886e-16 0)
(1.5 1.76158e-16 0)
(1.5 -3.68944e-16 0)
(1.5 2.64476e-16 0)
(1.5 5.77766e-16 0)
(1.5 -2.45291e-16 0)
(1.5 -5.46603e-16 0)
)
;
    }
    bottom
    {
        type            symmetryPlane;
    }
    top
    {
        type            symmetryPlane;
    }
    obstacle
    {
        type            slip;
    }
    defaultFaces
    {
        type            empty;
    }
}


// ************************************************************************* //
