/*--------------------------------*- C++ -*----------------------------------*\
  =========                 |
  \\      /  F ield         | OpenFOAM: The Open Source CFD Toolbox
   \\    /   O peration     | Website:  https://openfoam.org
    \\  /    A nd           | Version:  7
     \\/     M anipulation  |
\*---------------------------------------------------------------------------*/
FoamFile
{
    version     2.0;
    format      ascii;
    class       volVectorField;
    location    "2.1";
    object      U;
}
// * * * * * * * * * * * * * * * * * * * * * * * * * * * * * * * * * * * * * //

dimensions      [0 1 -1 0 0 0 0];

internalField   nonuniform List<vector> 
4032
(
(5 -2.28542e-16 0)
(5 -1.55995e-16 0)
(5 -2.68512e-16 0)
(5 -4.81446e-16 0)
(5 -2.27019e-16 0)
(5 5.67297e-16 0)
(5 3.46127e-16 0)
(5 2.06685e-16 0)
(5 1.53765e-16 0)
(5 -2.54878e-16 0)
(5 5.61283e-17 0)
(5 -3.79901e-16 0)
(5 -2.03261e-16 0)
(5 7.3342e-16 0)
(3.15657 0.0275205 0)
(1.03471 0.0327948 0)
(0.828788 0.0508104 0)
(0.724236 0.0499224 0)
(0.620724 0.04888 0)
(0.521075 0.0486574 0)
(0.419866 0.0502459 0)
(0.311864 0.0547022 0)
(0.193722 0.0584472 0)
(0.071215 0.0642033 0)
(5 -5.16599e-17 0)
(5 -2.27473e-17 0)
(5 2.38752e-16 0)
(5 5.55888e-16 0)
(5 6.71018e-16 0)
(5 2.22029e-15 0)
(5 3.00564e-15 0)
(5 2.47437e-15 0)
(5 1.30713e-15 0)
(5 3.14679e-16 0)
(5 3.45091e-17 0)
(5 -5.09061e-16 0)
(5 4.20787e-16 0)
(5 2.39634e-16 0)
(3.22341 0.137568 0)
(1.01678 0.148412 0)
(0.790712 0.152274 0)
(0.686665 0.139317 0)
(0.586401 0.13717 0)
(0.490929 0.139211 0)
(0.395555 0.146868 0)
(0.295771 0.163448 0)
(0.185085 0.178188 0)
(0.0694044 0.197712 0)
(5 -3.55477e-17 0)
(5 4.91778e-16 0)
(5 3.58838e-16 0)
(5 4.69196e-16 0)
(5 3.28866e-16 0)
(5 -1.16313e-16 0)
(5 3.6964e-16 0)
(5 5.2348e-17 0)
(5 1.56239e-16 0)
(5 6.80596e-16 0)
(5 -6.49384e-16 0)
(5 -8.79087e-16 0)
(5 -1.02527e-15 0)
(5 -1.85693e-15 0)
(3.53451 0.240613 0)
(1.08023 0.271625 0)
(0.813726 0.264302 0)
(0.697373 0.241275 0)
(0.585302 0.234791 0)
(0.48168 0.233898 0)
(0.381963 0.241191 0)
(0.283798 0.265365 0)
(0.176571 0.290118 0)
(0.0678134 0.323849 0)
(5 -2.32732e-16 0)
(5 1.1481e-16 0)
(5 1.70506e-17 0)
(5 -1.24532e-15 0)
(5 -1.7476e-15 0)
(5 -3.05555e-15 0)
(5 -4.76638e-15 0)
(5 -4.41691e-15 0)
(5 -2.80847e-15 0)
(5 -1.14638e-15 0)
(5 -2.01286e-15 0)
(5 -1.402e-15 0)
(5 2.81953e-17 0)
(5 3.73594e-16 0)
(3.91887 0.308535 0)
(1.1282 0.409449 0)
(0.824264 0.383486 0)
(0.716001 0.354681 0)
(0.598757 0.344504 0)
(0.487366 0.339994 0)
(0.379734 0.343483 0)
(0.278346 0.37032 0)
(0.171215 0.402812 0)
(0.0653313 0.44754 0)
(5 1.4931e-16 0)
(5 -5.01603e-16 0)
(5 -4.2461e-16 0)
(5 -8.53465e-16 0)
(5 -9.65346e-16 0)
(5 -9.02097e-16 0)
(5 -7.51723e-16 0)
(5 -4.53361e-16 0)
(5 2.92826e-16 0)
(5 8.81887e-16 0)
(5 -6.63255e-17 0)
(5 -8.57304e-16 0)
(5 -5.33501e-16 0)
(5 -3.38496e-15 0)
(4.47581 0.385215 0)
(1.27994 0.561653 0)
(0.92656 0.470574 0)
(0.816835 0.465573 0)
(0.683149 0.463693 0)
(0.554624 0.459547 0)
(0.430684 0.457595 0)
(0.316011 0.481982 0)
(0.195996 0.520834 0)
(0.076885 0.578433 0)
(5 3.77959e-16 0)
(5 4.86587e-16 0)
(5 9.38573e-16 0)
(5 7.30887e-16 0)
(5 3.12436e-16 0)
(5 5.50654e-16 0)
(5 5.83841e-16 0)
(5 5.66969e-16 0)
(5 1.30527e-15 0)
(5 2.12158e-15 0)
(5 4.09833e-15 0)
(5 3.22374e-15 0)
(5 -1.13556e-15 0)
(5 -6.05163e-15 0)
(5.08404 0.0594276 0)
(1.54651 0.607689 0)
(1.04889 0.537661 0)
(0.964657 0.566945 0)
(0.82178 0.583554 0)
(0.676611 0.588332 0)
(0.5282 0.588303 0)
(0.381979 0.618223 0)
(0.231949 0.672532 0)
(0.079765 0.740724 0)
(5 -3.21169e-17 0)
(5 2.91471e-16 0)
(5 1.65683e-16 0)
(5 -2.02636e-16 0)
(5 -1.43291e-15 0)
(5 -1.19389e-15 0)
(5 -3.51861e-16 0)
(5 -4.52137e-16 0)
(5 7.16044e-16 0)
(5 1.48458e-15 0)
(5 3.00842e-15 0)
(5 1.68426e-15 0)
(5 7.60655e-16 0)
(5 -1.42592e-15 0)
(5.01486 0.000100424 0)
(1.77267 0.621792 0)
(1.05625 0.61761 0)
(0.998024 0.699006 0)
(0.894388 0.727193 0)
(0.773969 0.742651 0)
(0.635734 0.751796 0)
(0.492679 0.778584 0)
(0.342542 0.839678 0)
(0.150727 0.945299 0)
(5 -9.08739e-17 0)
(5 -4.92076e-16 0)
(5 -7.9991e-16 0)
(5 -7.19197e-17 0)
(5 7.49101e-17 0)
(5 -4.37156e-16 0)
(5 -2.44818e-16 0)
(5 -6.98248e-16 0)
(5 -1.18164e-15 0)
(5 -1.77463e-15 0)
(5 -3.98949e-15 0)
(5 -4.25863e-15 0)
(5 -3.13119e-15 0)
(5 -1.85628e-15 0)
(5.00007 -1.39056e-06 0)
(2.22114 0.710273 0)
(1.0683 0.694739 0)
(0.966631 0.755472 0)
(0.914064 0.816849 0)
(0.839771 0.864365 0)
(0.743278 0.896156 0)
(0.613623 0.950178 0)
(0.415812 1.09082 0)
(0.223673 1.33682 0)
(5 1.48449e-16 0)
(5 1.96813e-16 0)
(5 5.60935e-16 0)
(5 1.01195e-15 0)
(5 1.99373e-15 0)
(5 1.76919e-15 0)
(5 8.1789e-16 0)
(5 -5.88637e-16 0)
(5 -1.87161e-15 0)
(5 -2.61902e-15 0)
(5 -2.65189e-15 0)
(5 -2.08275e-15 0)
(5 -1.66097e-15 0)
(5 -2.84525e-16 0)
(5 -1.0138e-06 0)
(3.03982 0.828183 0)
(1.14127 0.866086 0)
(0.961727 0.824404 0)
(0.927725 0.876972 0)
(0.897379 0.945311 0)
(0.843857 1.01784 0)
(0.768111 1.14138 0)
(0.708126 1.35684 0)
(0.857108 1.75678 0)
(5 -5.53554e-18 0)
(5 2.01069e-16 0)
(5 3.64032e-16 0)
(5 3.88965e-16 0)
(5 1.26329e-15 0)
(5 1.74956e-15 0)
(5 1.36944e-15 0)
(5 1.16126e-15 0)
(5 1.46928e-16 0)
(5 8.36499e-16 0)
(5 4.18728e-15 0)
(5 5.22931e-15 0)
(5 5.10406e-15 0)
(5 2.82264e-15 0)
(5 -1.27489e-07 0)
(4.5342 0.609863 0)
(1.43768 1.04858 0)
(1.09298 0.911866 0)
(1.00957 0.928456 0)
(0.976595 1.00293 0)
(0.964261 1.11117 0)
(0.960964 1.2663 0)
(1.04457 1.44995 0)
(1.43423 1.68207 0)
(5 -7.47067e-17 0)
(5 1.95044e-16 0)
(5 3.6024e-16 0)
(5 5.09744e-16 0)
(5 8.71312e-16 0)
(5 7.454e-16 0)
(5 1.05945e-15 0)
(5 1.27801e-15 0)
(5 1.37953e-15 0)
(5 1.80072e-15 0)
(5 3.56183e-15 0)
(5 5.94695e-15 0)
(5 6.67606e-15 0)
(5 6.44929e-15 0)
(5 -3.0384e-09 0)
(5.21171 0.0164389 0)
(2.06591 1.08755 0)
(1.28911 1.05137 0)
(1.17524 1.01027 0)
(1.10105 1.0581 0)
(1.09874 1.15999 0)
(1.14497 1.30322 0)
(1.32245 1.46785 0)
(1.75602 1.61833 0)
(5 7.10969e-17 0)
(5 -6.22927e-17 0)
(5 1.25188e-16 0)
(5 2.44475e-16 0)
(5 1.14376e-15 0)
(5 1.88705e-15 0)
(5 1.83814e-15 0)
(5 1.57537e-15 0)
(5 1.38941e-15 0)
(5 1.60442e-15 0)
(5 1.05142e-15 0)
(5 1.74777e-15 0)
(5 2.72066e-15 0)
(5 3.88814e-15 0)
(5 -1.19319e-11 0)
(5.00872 -0.000485117 0)
(2.8694 1.11307 0)
(1.34854 1.22635 0)
(1.26305 1.17407 0)
(1.2289 1.15823 0)
(1.23856 1.22375 0)
(1.31755 1.32132 0)
(1.51961 1.44642 0)
(1.88096 1.53549 0)
(5 -9.12664e-17 0)
(5 -1.0999e-16 0)
(5 -9.6833e-17 0)
(5 3.68142e-16 0)
(5 4.38391e-16 0)
(5 9.89493e-16 0)
(5 1.64755e-15 0)
(5 2.34608e-15 0)
(5 2.15335e-15 0)
(5 2.38461e-15 0)
(5 1.35106e-15 0)
(5 -1.26353e-15 0)
(5 -3.49712e-15 0)
(5 -1.46299e-15 0)
(5 -3.87134e-15 0)
(5.00032 -6.48535e-05 0)
(4.88157 0.541767 0)
(1.72216 1.29179 0)
(1.42419 1.2121 0)
(1.4213 1.19098 0)
(1.4179 1.2509 0)
(1.48813 1.33597 0)
(1.67122 1.43313 0)
(1.95954 1.49059 0)
(5 2.30588e-16 0)
(5 1.40389e-16 0)
(5 -6.05e-16 0)
(5 -7.74813e-16 0)
(5 -6.64617e-16 0)
(5 -7.55616e-16 0)
(5 -6.62567e-16 0)
(5 -9.63595e-16 0)
(5 1.85684e-15 0)
(5 1.76559e-15 0)
(5 -3.46616e-16 0)
(5 -5.85737e-15 0)
(5 -7.7032e-15 0)
(5 -5.63912e-15 0)
(5 -2.68689e-15 0)
(4.99999 -9.40009e-06 0)
(5.14566 -0.00675883 0)
(2.29686 1.21861 0)
(1.50161 1.31826 0)
(1.54768 1.31408 0)
(1.54431 1.35073 0)
(1.62375 1.38158 0)
(1.77842 1.41891 0)
(2.01302 1.43832 0)
(5 1.84916e-16 0)
(5 5.78705e-17 0)
(5 -1.95617e-16 0)
(5 -3.25465e-16 0)
(5 -6.6369e-16 0)
(5 -8.7882e-16 0)
(5 -1.20628e-15 0)
(5 -7.22862e-16 0)
(5 -4.34527e-16 0)
(5 -1.75393e-15 0)
(5 -1.55904e-15 0)
(5 -1.42277e-15 0)
(5 -9.36048e-16 0)
(5 -9.57178e-16 0)
(5 -1.3927e-15 0)
(5 -2.09824e-07 0)
(5.00288 -1.82247e-05 0)
(3.77363 1.06371 0)
(1.67671 1.45969 0)
(1.59937 1.42206 0)
(1.63836 1.41008 0)
(1.71962 1.4158 0)
(1.85632 1.42816 0)
(2.04735 1.43274 0)
(5 -3.32672e-16 0)
(5 -5.39002e-17 0)
(5 2.58148e-17 0)
(5 1.01533e-16 0)
(5 -2.61392e-16 0)
(5 5.31799e-17 0)
(5 2.8745e-16 0)
(5 -5.56502e-16 0)
(5 -2.47717e-15 0)
(5 -1.2622e-15 0)
(5 1.89375e-16 0)
(5 1.66905e-15 0)
(5 2.3378e-15 0)
(5 2.65429e-15 0)
(5 5.25662e-16 0)
(5 -2.67494e-10 0)
(5.00019 -3.92017e-05 0)
(5.22717 0.10678 0)
(2.41978 1.45608 0)
(1.71894 1.40482 0)
(1.77065 1.40899 0)
(1.83802 1.41279 0)
(1.95173 1.41561 0)
(2.09963 1.41295 0)
(5 -6.48832e-17 0)
(5 5.45013e-16 0)
(5 4.15426e-16 0)
(5 9.84869e-16 0)
(5 7.71077e-16 0)
(5 2.66014e-16 0)
(5 -8.97682e-17 0)
(5 -4.67716e-16 0)
(5 1.20361e-15 0)
(5 2.84856e-15 0)
(5 3.60761e-15 0)
(5 3.09492e-15 0)
(5 2.58597e-15 0)
(5 2.64931e-15 0)
(5 2.22833e-15 0)
(5 -2.56185e-14 0)
(4.99999 -5.62845e-06 0)
(5.01634 -0.000500617 0)
(3.97054 1.16623 0)
(1.91008 1.56902 0)
(1.82565 1.53402 0)
(1.90617 1.49641 0)
(2.00216 1.47953 0)
(2.12558 1.45998 0)
(5 4.70427e-16 0)
(5 5.02322e-16 0)
(5 3.21948e-16 0)
(5 5.14402e-16 0)
(5 1.14937e-16 0)
(5 -4.49215e-16 0)
(5 -7.76509e-16 0)
(5 7.63683e-17 0)
(5 1.63104e-15 0)
(5 1.49507e-15 0)
(5 1.87286e-15 0)
(5 5.13778e-15 0)
(5 5.06726e-15 0)
(5 4.12789e-15 0)
(5 5.17706e-15 0)
(5 2.40794e-15 0)
(5 -1.24312e-07 0)
(5.00004 1.0654e-06 0)
(5.21376 0.0949878 0)
(2.71816 1.49744 0)
(1.91784 1.52791 0)
(2.02668 1.50738 0)
(2.09755 1.48582 0)
(2.1978 1.45542 0)
(5 -1.70402e-16 0)
(5 -7.05624e-16 0)
(5 -7.54547e-16 0)
(5 -5.30845e-16 0)
(5 1.12872e-16 0)
(5 -6.23341e-17 0)
(5 -4.49416e-16 0)
(5 -3.28015e-16 0)
(5 6.55576e-16 0)
(5 3.77475e-16 0)
(5 -3.79906e-15 0)
(5 -2.38291e-15 0)
(5 -1.49475e-15 0)
(5 -1.33145e-15 0)
(5 -1.69211e-15 0)
(5 -3.93581e-15 0)
(5 -1.5009e-10 0)
(5 -6.19578e-07 0)
(5.01117 0.00106303 0)
(4.4915 0.952866 0)
(2.24726 1.69696 0)
(2.07466 1.62105 0)
(2.14781 1.57432 0)
(2.23046 1.52911 0)
(5 -1.55974e-16 0)
(5 -4.27408e-16 0)
(5 -7.73608e-16 0)
(5 -1.37608e-15 0)
(5 -4.37154e-16 0)
(5 -2.98664e-17 0)
(5 -2.64107e-16 0)
(5 -8.73419e-16 0)
(5 -4.77333e-16 0)
(5 -1.71894e-15 0)
(5 -5.072e-15 0)
(5 -9.12198e-15 0)
(5 -9.07478e-15 0)
(5 -8.21623e-15 0)
(5 -7.90153e-15 0)
(5 -6.21005e-15 0)
(5 -2.3031e-14 0)
(5 -7.83199e-08 0)
(5.00001 3.42894e-06 0)
(5.14081 0.0309905 0)
(3.36729 1.43259 0)
(2.2225 1.65784 0)
(2.24495 1.61582 0)
(2.31114 1.55153 0)
(5 -2.32894e-16 0)
(5 -1.812e-16 0)
(5 4.3354e-16 0)
(5 3.25232e-16 0)
(5 -5.6159e-16 0)
(5 -2.1879e-16 0)
(5 -2.37406e-16 0)
(5 -1.71642e-15 0)
(5 -2.8063e-15 0)
(5 -6.15722e-15 0)
(5 -7.19339e-15 0)
(5 -7.39727e-15 0)
(5 -7.42929e-15 0)
(5 -7.25829e-15 0)
(5 -4.39923e-15 0)
(5 -2.60997e-15 0)
(5 -3.45587e-15 0)
(5 -8.00655e-10 0)
(5 -8.29197e-08 0)
(5.00267 0.00104398 0)
(4.95037 0.418258 0)
(2.89436 1.6289 0)
(2.30425 1.67301 0)
(2.38372 1.62505 0)
(5 -3.36961e-16 0)
(5 2.82112e-16 0)
(5 1.53564e-15 0)
(5 1.49031e-15 0)
(5 -3.43444e-16 0)
(5 -1.09448e-15 0)
(5 -1.11597e-15 0)
(5 -1.71049e-15 0)
(5 -3.68837e-15 0)
(5 -4.62174e-15 0)
(5 -5.00658e-15 0)
(5 -4.80321e-15 0)
(5 -6.05841e-15 0)
(5 -6.97485e-15 0)
(5 -5.93757e-15 0)
(5 -4.12949e-15 0)
(5 -3.166e-15 0)
(5 -4.61702e-13 0)
(5 -1.1962e-08 0)
(5 7.87374e-07 0)
(5.02545 0.0120683 0)
(4.40125 0.976086 0)
(2.67831 1.76736 0)
(2.40471 1.70673 0)
(5 2.78587e-16 0)
(5 2.65272e-16 0)
(5 -6.37631e-17 0)
(5 -1.39784e-15 0)
(5 -2.28362e-15 0)
(5 -1.75714e-15 0)
(5 -1.47458e-15 0)
(5 -1.88446e-15 0)
(5 -2.21205e-15 0)
(5 -2.87291e-15 0)
(5 -2.43851e-15 0)
(5 -2.76334e-15 0)
(5 -3.28189e-15 0)
(5 -3.53382e-15 0)
(5 -3.61094e-15 0)
(5 -3.30419e-15 0)
(5 -8.86706e-16 0)
(5 -7.71127e-16 0)
(5 -2.92374e-10 0)
(5 -2.63209e-10 0)
(5.0001 0.000132318 0)
(5.06984 0.0675134 0)
(3.86268 1.33553 0)
(2.61694 1.75001 0)
(5 -9.50646e-17 0)
(5 -5.00427e-16 0)
(5 -3.87766e-16 0)
(5 -3.89728e-16 0)
(5 -5.31535e-17 0)
(5 -3.63831e-16 0)
(5 -6.60922e-16 0)
(5 -1.77811e-15 0)
(5 -2.39161e-15 0)
(5 -1.35778e-15 0)
(5 5.91257e-16 0)
(5 6.40623e-16 0)
(5 -4.99066e-16 0)
(5 -4.43919e-16 0)
(5 -6.60874e-16 0)
(5 3.57597e-16 0)
(5 5.9273e-16 0)
(5 1.30953e-15 0)
(5 -6.68074e-13 0)
(5 -4.29028e-11 0)
(5 2.42322e-08 0)
(5.00154 0.00174564 0)
(4.98647 0.283227 0)
(3.51375 1.46355 0)
(5 -3.25853e-16 0)
(5 4.6526e-16 0)
(5 5.5419e-16 0)
(5 1.58783e-15 0)
(5 2.95525e-15 0)
(5 2.53616e-15 0)
(5 6.97299e-16 0)
(5 -1.067e-15 0)
(5 -1.55275e-15 0)
(5 -1.40456e-15 0)
(5 -1.21384e-15 0)
(5 1.08157e-15 0)
(5 1.77395e-15 0)
(5 1.25299e-15 0)
(5 6.90424e-16 0)
(5 3.18498e-16 0)
(5 -2.12089e-16 0)
(5 8.68104e-16 0)
(5 3.0129e-16 0)
(5 -1.75485e-12 0)
(5 -2.06452e-13 0)
(5 1.64881e-06 0)
(5.00549 0.00980946 0)
(4.76439 0.528717 0)
(5 3.21897e-16 0)
(5 -3.20187e-16 0)
(5 -8.98055e-16 0)
(5 -5.92778e-17 0)
(5 4.78354e-16 0)
(5 1.74622e-15 0)
(5 1.67755e-15 0)
(5 1.24784e-15 0)
(5 -1.20034e-16 0)
(5 -6.91932e-16 0)
(5 -2.64177e-15 0)
(5 -2.61561e-15 0)
(5 -2.25605e-15 0)
(5 -1.27343e-15 0)
(5 -7.21704e-16 0)
(5 -1.72036e-15 0)
(5 -3.07307e-15 0)
(5 -2.52283e-15 0)
(5 -1.28286e-15 0)
(5 -1.03583e-14 0)
(5 -5.41807e-14 0)
(5 1.6165e-10 0)
(5.00001 4.01521e-05 0)
(5.00801 0.0238795 0)
(5 7.44448e-17 0)
(5 -2.90391e-16 0)
(5 -5.91895e-16 0)
(5 -6.77476e-16 0)
(5 -1.8424e-15 0)
(5 -4.20149e-16 0)
(5 9.578e-16 0)
(5 2.2546e-15 0)
(5 6.1665e-16 0)
(5 4.65415e-16 0)
(5 -6.68075e-16 0)
(5 -1.23177e-15 0)
(5 -1.52914e-15 0)
(5 -2.30906e-16 0)
(5 3.21803e-16 0)
(5 -1.91454e-16 0)
(5 -1.57464e-15 0)
(5 -1.72674e-15 0)
(5 -2.04104e-15 0)
(5 -2.70065e-15 0)
(5 -8.14987e-15 0)
(5 8.66356e-15 0)
(5 7.82038e-09 0)
(5.00005 0.000224752 0)
(5 -1.13534e-16 0)
(5 -5.24936e-16 0)
(5 -7.9058e-16 0)
(5 -1.25039e-15 0)
(5 -3.1721e-15 0)
(5 -3.20018e-15 0)
(5 -2.18458e-15 0)
(5 8.24946e-16 0)
(5 2.08118e-15 0)
(5 1.55243e-15 0)
(5 2.1081e-17 0)
(5 -1.05398e-16 0)
(5 9.21294e-16 0)
(5 1.20824e-15 0)
(5 7.63645e-16 0)
(5 3.30448e-16 0)
(5 -2.81192e-15 0)
(5 -3.06972e-15 0)
(5 -9.36166e-16 0)
(5 -3.34296e-16 0)
(5 -8.97744e-16 0)
(5 -3.45029e-17 0)
(5 8.23972e-13 0)
(5 6.92105e-08 0)
(5 -9.20479e-17 0)
(5 -5.65831e-16 0)
(5 -1.18198e-15 0)
(5 -2.61666e-15 0)
(5 -2.8547e-15 0)
(5 -2.01466e-15 0)
(5 -9.1408e-16 0)
(5 -8.26319e-17 0)
(5 6.51194e-16 0)
(5 5.39118e-16 0)
(5 1.34782e-16 0)
(5 -2.21732e-15 0)
(5 -2.27045e-15 0)
(5 -1.64993e-15 0)
(5 -2.40055e-15 0)
(5 -3.42328e-15 0)
(5 -3.05106e-15 0)
(5 -1.79836e-15 0)
(5 8.9467e-17 0)
(5 -4.41097e-16 0)
(5 -1.55867e-15 0)
(5 -1.40376e-15 0)
(5 -7.99032e-16 0)
(5 1.02276e-11 0)
(5 2.64571e-17 0)
(5 3.40417e-16 0)
(5 1.19132e-15 0)
(5 1.53878e-15 0)
(5 7.18588e-16 0)
(5 -2.29414e-16 0)
(5 -1.12418e-15 0)
(5 -1.14167e-16 0)
(5 7.06902e-18 0)
(5 4.83682e-16 0)
(5 1.67944e-16 0)
(5 -1.62763e-15 0)
(5 -2.13714e-15 0)
(5 -1.24003e-15 0)
(5 -1.11549e-15 0)
(5 -1.0086e-15 0)
(5 -4.92697e-17 0)
(5 8.84474e-16 0)
(5 -5.69255e-17 0)
(5 -1.99784e-15 0)
(5 -3.02687e-15 0)
(5 -3.14813e-15 0)
(5 -5.01233e-15 0)
(5 -5.80428e-15 0)
(5 3.25652e-16 0)
(5 7.11347e-16 0)
(5 8.47196e-16 0)
(5 2.6146e-15 0)
(5 3.23194e-15 0)
(5 1.34317e-15 0)
(5 -1.43996e-15 0)
(5 -2.36397e-15 0)
(5 -2.30768e-15 0)
(5 -1.56209e-15 0)
(5 -1.66806e-15 0)
(5 -7.83903e-16 0)
(5 -3.49903e-16 0)
(5 -6.35589e-16 0)
(5 -6.21494e-16 0)
(5 3.11488e-17 0)
(5 1.01696e-16 0)
(5 -3.14701e-16 0)
(5 -1.56934e-15 0)
(5 -2.00486e-15 0)
(5 -1.73132e-15 0)
(5 -2.02309e-15 0)
(5 -2.33094e-15 0)
(5 -3.0144e-15 0)
(5 2.29864e-16 0)
(5 5.57619e-16 0)
(5 3.28357e-16 0)
(5 4.95096e-16 0)
(5 9.46813e-16 0)
(5 1.07495e-15 0)
(5 9.83173e-16 0)
(5 -6.84473e-16 0)
(5 -1.42094e-15 0)
(5 -1.45895e-15 0)
(5 3.18074e-16 0)
(5 1.39607e-15 0)
(5 8.89762e-16 0)
(5 -1.76682e-16 0)
(5 -2.01555e-15 0)
(5 -4.3128e-15 0)
(5 -4.29555e-15 0)
(5 -4.47489e-15 0)
(5 -3.58843e-15 0)
(5 -6.83655e-16 0)
(5 1.75325e-15 0)
(5 2.25517e-15 0)
(5 1.2445e-16 0)
(5 -1.63584e-15 0)
(5 -1.50317e-16 0)
(5 -6.32245e-16 0)
(5 -5.64887e-16 0)
(5 -7.99374e-16 0)
(5 -3.76984e-16 0)
(5 8.9665e-17 0)
(5 5.45499e-16 0)
(5 1.48262e-15 0)
(5 1.28876e-15 0)
(5 1.44966e-15 0)
(5 2.22464e-15 0)
(5 2.10408e-15 0)
(5 1.19716e-15 0)
(5 -6.50751e-16 0)
(5 -2.60948e-15 0)
(5 -3.37649e-15 0)
(5 -3.38911e-15 0)
(5 -2.59954e-15 0)
(5 -4.43277e-16 0)
(5 4.17586e-15 0)
(5 4.82612e-15 0)
(5 1.91736e-15 0)
(5 4.19524e-16 0)
(5 4.30314e-16 0)
(5 -4.06722e-16 0)
(5 -4.77517e-16 0)
(5 -6.7953e-16 0)
(5 -5.97702e-16 0)
(5 -3.81569e-16 0)
(5 9.31275e-16 0)
(5 2.61274e-15 0)
(5 2.15821e-15 0)
(5 1.33368e-15 0)
(5 1.7286e-15 0)
(5 2.53276e-15 0)
(5 2.81398e-15 0)
(5 2.48365e-15 0)
(5 1.19147e-15 0)
(5 6.18563e-16 0)
(5 4.61939e-16 0)
(5 7.88239e-16 0)
(5 1.04253e-15 0)
(5 -7.90956e-17 0)
(5 6.93906e-16 0)
(5 2.3385e-15 0)
(5 2.13242e-15 0)
(5 1.84045e-15 0)
(5 3.09204e-15 0)
(5 7.0355e-17 0)
(5 3.63666e-16 0)
(5 2.97576e-16 0)
(5 5.52011e-16 0)
(5 1.95908e-16 0)
(5 5.85173e-16 0)
(5 8.89454e-16 0)
(5 3.30581e-15 0)
(5 4.36245e-15 0)
(5 3.41424e-15 0)
(5 3.02916e-15 0)
(5 3.45797e-15 0)
(5 4.3256e-15 0)
(5 5.15156e-15 0)
(5 4.70802e-15 0)
(5 2.31293e-15 0)
(5 1.83886e-15 0)
(5 9.74515e-16 0)
(5 8.33499e-16 0)
(5 3.02362e-15 0)
(5 3.46583e-15 0)
(5 4.23861e-15 0)
(5 4.29138e-15 0)
(5 2.88493e-15 0)
(5 6.19753e-17 0)
(5 -4.95323e-17 0)
(5 1.41616e-16 0)
(5 4.15236e-16 0)
(5 5.9011e-16 0)
(5 2.69658e-16 0)
(5 -5.25828e-16 0)
(5 -2.06391e-16 0)
(5 5.58366e-16 0)
(5 4.86807e-16 0)
(5 1.88597e-16 0)
(5 2.0124e-16 0)
(5 1.45225e-15 0)
(5 2.3312e-15 0)
(5 1.67831e-15 0)
(5 2.17868e-15 0)
(5 3.45437e-15 0)
(5 3.60869e-15 0)
(5 3.48177e-15 0)
(5 3.32027e-15 0)
(5 2.09402e-15 0)
(5 2.25483e-15 0)
(5 2.82325e-15 0)
(5 1.9407e-15 0)
(5 -1.87781e-16 0)
(5 1.28618e-16 0)
(5 6.28992e-16 0)
(5 8.88807e-16 0)
(5 1.10507e-15 0)
(5 8.89453e-16 0)
(5 1.96436e-16 0)
(5 -6.54842e-16 0)
(5 -9.81913e-16 0)
(5 -2.62238e-16 0)
(5 3.13923e-16 0)
(5 -3.90357e-16 0)
(5 -5.76209e-16 0)
(5 1.66536e-15 0)
(5 4.77337e-15 0)
(5 6.71738e-15 0)
(5 6.3002e-15 0)
(5 1.69796e-15 0)
(5 2.75929e-17 0)
(5 -5.85195e-16 0)
(5 7.00793e-16 0)
(5 2.34877e-15 0)
(5 1.91443e-15 0)
(5 1.17879e-15 0)
(5 1.61935e-17 0)
(5 4.08272e-16 0)
(5 9.43986e-16 0)
(5 5.92996e-16 0)
(5 4.27886e-16 0)
(5 4.66794e-16 0)
(5 5.34546e-16 0)
(5 1.0496e-15 0)
(5 1.56446e-15 0)
(5 1.93013e-15 0)
(5 1.05788e-16 0)
(5 -1.53906e-15 0)
(5 -1.75945e-15 0)
(5 -1.7102e-16 0)
(5 2.36539e-15 0)
(5 2.89826e-15 0)
(5 3.2408e-15 0)
(5 4.60879e-15 0)
(5 5.52715e-15 0)
(5 5.53524e-15 0)
(5 4.71077e-15 0)
(5 4.05775e-16 0)
(5 -4.09445e-16 0)
(5 5.37706e-16 0)
(5 7.80051e-17 0)
(5 3.66454e-17 0)
(5 2.75352e-16 0)
(5 3.31481e-16 0)
(5 -6.19294e-16 0)
(5 -1.31178e-15 0)
(5 -1.32748e-15 0)
(5 -1.23505e-15 0)
(5 6.62115e-17 0)
(5 1.2078e-15 0)
(5 1.99343e-15 0)
(5 2.75519e-16 0)
(5 -8.45635e-16 0)
(5 -7.58715e-16 0)
(5 -1.65239e-15 0)
(5 -1.44576e-15 0)
(5 -9.67058e-16 0)
(5 4.17661e-16 0)
(5 1.91476e-15 0)
(5 2.79624e-15 0)
(5 2.47212e-15 0)
(5 1.96351e-15 0)
(5 1.79478e-15 0)
(5 1.47692e-15 0)
(5 4.45344e-17 0)
(5 7.70174e-17 0)
(5 3.122e-16 0)
(5 3.51867e-16 0)
(5 -4.6742e-17 0)
(5 -1.13772e-15 0)
(5 -1.61115e-15 0)
(5 -2.03221e-15 0)
(5 -1.14149e-15 0)
(5 1.7078e-15 0)
(5 2.58303e-15 0)
(5 2.21249e-15 0)
(5 1.48734e-15 0)
(5 -1.10946e-17 0)
(5 -2.21018e-15 0)
(5 -2.64401e-15 0)
(5 -2.986e-15 0)
(5 -3.84193e-15 0)
(5 -3.05351e-15 0)
(5 -7.2649e-16 0)
(5 3.06493e-15 0)
(5 3.42854e-15 0)
(5 1.41821e-15 0)
(5 3.23409e-16 0)
(2.24185 1.85581 0)
(2.88399 1.98969 0)
(3.04963 1.96596 0)
(3.67318 1.11764 0)
(4.08819 0.731675 0)
(3.96952 0.161245 0)
(3.82375 -0.19367 0)
(3.69971 -0.473286 0)
(3.64899 -0.709334 0)
(3.73786 -0.566782 0)
(3.74551 -0.289208 0)
(3.70748 -0.202835 0)
(3.68222 -0.195861 0)
(3.67803 -0.191669 0)
(3.70428 -0.175897 0)
(3.71563 -0.150889 0)
(3.69534 -0.105448 0)
(3.66144 -0.0578138 0)
(3.64899 -0.0253236 0)
(3.65308 -0.0246938 0)
(3.67378 -0.0209177 0)
(3.71273 -0.00805285 0)
(3.73662 0.00237182 0)
(3.73619 0.00280968 0)
(3.72954 8.5594e-05 0)
(3.71999 -0.00253812 0)
(3.72388 -0.000211203 0)
(3.7275 0.00251628 0)
(3.72927 0.00965864 0)
(3.72339 0.011648 0)
(3.72168 0.00840906 0)
(3.72697 0.00292488 0)
(3.73457 0.0015523 0)
(3.74043 0.00320205 0)
(3.74405 0.00610556 0)
(3.74728 0.0075263 0)
(3.75075 0.00570845 0)
(3.75502 0.0030317 0)
(3.75663 0.00235213 0)
(3.75786 0.00276099 0)
(3.75596 0.00624315 0)
(3.75456 0.0104721 0)
(3.75773 0.0108842 0)
(3.76397 0.00950785 0)
(3.77471 0.0070271 0)
(3.78592 0.00552766 0)
(3.79501 0.00540635 0)
(3.79679 0.00624358 0)
(3.78725 0.00902477 0)
(3.77927 0.0142086 0)
(3.78521 0.0154368 0)
(3.78689 0.0122312 0)
(3.68784 -0.0739885 0)
(2.40165 -0.169008 0)
(1.5663 -0.184128 0)
(1.65365 -0.151533 0)
(1.78093 -0.105936 0)
(1.89512 -0.0854451 0)
(2.00746 -0.0574431 0)
(2.07897 -0.0350394 0)
(2.13752 -0.0257022 0)
(2.19152 -0.0236823 0)
(2.25472 -0.0187216 0)
(2.31309 -0.011373 0)
(2.35642 -0.0073049 0)
(2.38967 0.000876615 0)
(2.415 0.00688494 0)
(2.44758 0.00777986 0)
(2.48616 0.00660665 0)
(2.53911 0.000860144 0)
(2.59457 -0.0085225 0)
(2.6381 -0.011671 0)
(2.6781 -0.0113069 0)
(2.70571 -0.00736915 0)
(2.71143 0.00113923 0)
(2.71001 0.0127526 0)
(2.7261 0.0180427 0)
(2.7517 0.0190209 0)
(2.78357 0.019853 0)
(2.83669 0.0187792 0)
(2.89465 0.0076073 0)
(2.93024 -0.00523359 0)
(2.96107 -0.0093812 0)
(2.98801 -0.0106683 0)
(2.98679 -0.00461107 0)
(2.95947 0.00926642 0)
(2.95724 0.0210302 0)
(2.97759 0.0235691 0)
(3.00073 0.024762 0)
(3.03584 0.0256295 0)
(3.09099 0.0205394 0)
(3.1359 0.00496177 0)
(3.16026 -0.00409171 0)
(3.18708 -0.0086307 0)
(3.20009 -0.00979104 0)
(3.18282 0.00704952 0)
(2.61936 1.57588 0)
(3.32762 1.18472 0)
(3.68089 0.732027 0)
(3.94804 0.161482 0)
(4.06491 -0.406906 0)
(4.03062 -0.553069 0)
(4.04887 -0.741921 0)
(4.08127 -0.917994 0)
(4.1096 -0.93728 0)
(3.99128 -0.805531 0)
(3.84744 -0.541525 0)
(3.81819 -0.293489 0)
(3.82173 -0.225015 0)
(3.81702 -0.187269 0)
(3.80994 -0.179531 0)
(3.78875 -0.147814 0)
(3.74222 -0.0757055 0)
(3.71929 -0.0120752 0)
(3.71873 0.0180124 0)
(3.71756 0.0215722 0)
(3.72422 0.00724602 0)
(3.75273 0.0207842 0)
(3.76353 0.0380585 0)
(3.75345 0.0442385 0)
(3.73874 0.0320639 0)
(3.74092 -0.000117944 0)
(3.7491 -0.00573764 0)
(3.75174 -0.000427521 0)
(3.75314 0.00930673 0)
(3.74876 0.00997552 0)
(3.74971 0.00415469 0)
(3.7529 -0.000309172 0)
(3.7618 0.000288346 0)
(3.76945 0.00293563 0)
(3.77425 0.00887276 0)
(3.77534 0.0151838 0)
(3.77763 0.0173012 0)
(3.78001 0.0153588 0)
(3.78199 0.00940018 0)
(3.78223 0.00496184 0)
(3.78355 0.00603302 0)
(3.78494 0.0157348 0)
(3.78516 0.0274252 0)
(3.78889 0.028863 0)
(3.79667 0.0247131 0)
(3.80372 0.0142579 0)
(3.80839 0.00408524 0)
(3.8112 -0.000543719 0)
(3.80899 -0.00243876 0)
(3.81028 0.0200735 0)
(3.80672 0.0153259 0)
(3.78782 -0.0388937 0)
(3.34168 -0.560464 0)
(2.96079 -0.730054 0)
(1.96702 -0.259054 0)
(1.8714 -0.0852842 0)
(1.94172 -0.025954 0)
(1.99599 -0.00952162 0)
(2.07377 -0.00230023 0)
(2.12823 -0.00823325 0)
(2.18413 -0.00945955 0)
(2.23175 -0.0161087 0)
(2.28974 -0.0153156 0)
(2.34663 -0.0129842 0)
(2.38988 -0.00884506 0)
(2.42648 0.00581272 0)
(2.44861 0.0281246 0)
(2.46969 0.040706 0)
(2.50288 0.0400087 0)
(2.54668 0.0283239 0)
(2.59992 0.00810918 0)
(2.64628 -0.0140454 0)
(2.68289 -0.0323863 0)
(2.71419 -0.0427876 0)
(2.73882 -0.0369117 0)
(2.75046 -0.0097105 0)
(2.75513 0.0276871 0)
(2.77168 0.0511527 0)
(2.79693 0.0585771 0)
(2.83521 0.0580508 0)
(2.88383 0.0442674 0)
(2.92391 0.0225542 0)
(2.95425 -0.00333102 0)
(2.97799 -0.0266761 0)
(2.99234 -0.0408049 0)
(2.99485 -0.0257263 0)
(2.99221 0.0108179 0)
(2.99863 0.0443161 0)
(3.01877 0.0588286 0)
(3.04374 0.0669873 0)
(3.0837 0.0646525 0)
(3.12535 0.0483202 0)
(3.15397 0.0219049 0)
(3.17564 -0.00415797 0)
(3.18955 -0.0302863 0)
(3.20068 -0.0226646 0)
(2.43028 1.6211 0)
(3.02593 1.36715 0)
(3.55525 0.777934 0)
(3.71284 0.6179 0)
(3.75288 0.436274 0)
(3.93733 0.0515123 0)
(4.03956 -0.036695 0)
(4.12545 -0.297774 0)
(4.11216 -0.495084 0)
(4.0966 -0.517595 0)
(4.08294 -0.510051 0)
(4.05044 -0.531291 0)
(4.04895 -0.561023 0)
(4.0648 -0.512468 0)
(4.07009 -0.45433 0)
(4.01166 -0.359119 0)
(3.93137 -0.23775 0)
(3.89675 -0.145527 0)
(3.87156 -0.0841511 0)
(3.84655 -0.0688865 0)
(3.82863 -0.0555592 0)
(3.83814 -0.000286043 0)
(3.8398 0.0312073 0)
(3.82782 0.0594535 0)
(3.8117 0.0513946 0)
(3.81155 0.0225206 0)
(3.81408 0.0109261 0)
(3.81876 0.0141902 0)
(3.81673 0.0151911 0)
(3.81955 0.00778821 0)
(3.82342 -0.00586718 0)
(3.82345 -0.0127833 0)
(3.82691 -0.00896963 0)
(3.83369 0.000889333 0)
(3.83766 0.0145885 0)
(3.83812 0.0273181 0)
(3.83838 0.0285909 0)
(3.84017 0.0245238 0)
(3.84051 0.0201896 0)
(3.84 0.0192973 0)
(3.84039 0.0187845 0)
(3.84129 0.0177149 0)
(3.84284 0.0198248 0)
(3.84485 0.0276869 0)
(3.84586 0.0353448 0)
(3.84546 0.0384733 0)
(3.84484 0.034886 0)
(3.84516 0.0303229 0)
(3.85243 0.030162 0)
(3.84626 0.00974246 0)
(3.79187 -0.0852233 0)
(3.53595 -0.439003 0)
(3.08753 -0.799688 0)
(3.03721 -1.05166 0)
(2.67367 -0.725448 0)
(2.22361 -0.296464 0)
(2.1589 -0.0986445 0)
(2.18585 -0.0191168 0)
(2.23061 -0.0539237 0)
(2.2604 -0.078254 0)
(2.30249 -0.0715651 0)
(2.33739 -0.0570884 0)
(2.3824 -0.0391816 0)
(2.42553 -0.0359152 0)
(2.45962 -0.0384326 0)
(2.49499 -0.0341302 0)
(2.52534 -0.0163672 0)
(2.54516 0.0129206 0)
(2.56182 0.0375571 0)
(2.59217 0.0447519 0)
(2.62656 0.0407321 0)
(2.66107 0.0212967 0)
(2.70002 -0.00190126 0)
(2.7395 -0.0198747 0)
(2.77059 -0.0281863 0)
(2.79825 -0.02458 0)
(2.81935 0.000829163 0)
(2.82738 0.0430535 0)
(2.83359 0.0748863 0)
(2.85789 0.0805427 0)
(2.88713 0.0705699 0)
(2.91802 0.0461285 0)
(2.94699 0.0196555 0)
(2.97557 -0.00509878 0)
(3.00148 -0.0218357 0)
(3.0253 -0.0246293 0)
(3.04603 -0.00675812 0)
(3.05617 0.0337113 0)
(3.05579 0.0739305 0)
(3.06932 0.0895899 0)
(3.09322 0.0873405 0)
(3.11813 0.0693232 0)
(3.14293 0.0443131 0)
(3.16433 0.0164875 0)
(3.1828 -0.00697471 0)
(3.21755 -0.0118511 0)
(2.36279 1.51237 0)
(2.86968 1.28242 0)
(3.16482 1.08874 0)
(3.34259 0.954087 0)
(3.62851 0.597383 0)
(3.84771 0.187408 0)
(3.93314 0.103589 0)
(3.9581 -0.00813333 0)
(4.05156 -0.306036 0)
(4.08358 -0.434955 0)
(4.10682 -0.493916 0)
(4.15058 -0.60623 0)
(4.14952 -0.681113 0)
(4.17329 -0.649971 0)
(4.16279 -0.586259 0)
(4.12218 -0.513371 0)
(4.07193 -0.427656 0)
(4.05324 -0.352778 0)
(4.03469 -0.296689 0)
(3.99862 -0.261474 0)
(3.96785 -0.20724 0)
(3.94549 -0.117397 0)
(3.92682 -0.0520785 0)
(3.9252 0.00107987 0)
(3.90983 0.00149618 0)
(3.88663 0.00494697 0)
(3.87622 0.0147139 0)
(3.87235 0.0394039 0)
(3.88043 0.0620695 0)
(3.89021 0.0596799 0)
(3.89992 0.0472996 0)
(3.90077 0.0302196 0)
(3.89704 0.0181309 0)
(3.89677 0.0206125 0)
(3.89931 0.0315859 0)
(3.90241 0.0353159 0)
(3.90367 0.0273435 0)
(3.90283 0.0184932 0)
(3.9029 0.0153978 0)
(3.90363 0.0159425 0)
(3.90585 0.0220588 0)
(3.90553 0.0330253 0)
(3.90392 0.0438834 0)
(3.90326 0.0490311 0)
(3.90239 0.0476273 0)
(3.90046 0.0402793 0)
(3.89638 0.0344026 0)
(3.902 0.041738 0)
(3.89721 0.0281665 0)
(3.84677 -0.0650914 0)
(3.5134 -0.49629 0)
(3.19075 -0.853566 0)
(3.04371 -0.946603 0)
(3.05193 -1.02226 0)
(3.0182 -1.00735 0)
(2.77855 -0.758561 0)
(2.49342 -0.353326 0)
(2.38046 -0.128468 0)
(2.35779 -0.0147312 0)
(2.38224 0.00978051 0)
(2.40856 0.00330047 0)
(2.44926 -0.00867356 0)
(2.49253 -0.0107043 0)
(2.52756 -0.0102196 0)
(2.55511 -0.0106822 0)
(2.5855 -0.00998093 0)
(2.61902 -0.0031721 0)
(2.64569 0.0127675 0)
(2.65624 0.0347765 0)
(2.66194 0.046495 0)
(2.68476 0.0423337 0)
(2.7142 0.0371335 0)
(2.74472 0.0304611 0)
(2.78041 0.0194357 0)
(2.81873 0.00963931 0)
(2.85103 0.00735295 0)
(2.87972 0.0096725 0)
(2.9022 0.024698 0)
(2.90612 0.0575324 0)
(2.89746 0.0840612 0)
(2.90795 0.0822274 0)
(2.93166 0.068439 0)
(2.95755 0.0512179 0)
(2.9871 0.0340485 0)
(3.02446 0.0212083 0)
(3.06065 0.0174462 0)
(3.08626 0.0197201 0)
(3.11104 0.0281377 0)
(3.12513 0.0547249 0)
(3.11782 0.0894443 0)
(3.11038 0.10018 0)
(3.12456 0.0870987 0)
(3.14467 0.0693022 0)
(3.16769 0.0478695 0)
(3.19276 0.032218 0)
(3.23752 0.0291344 0)
(2.33457 1.45297 0)
(2.67682 1.32797 0)
(2.9313 1.21489 0)
(3.22695 1.00258 0)
(3.49686 0.688405 0)
(3.59806 0.559341 0)
(3.66419 0.482331 0)
(3.85079 0.203651 0)
(3.93169 -0.0569771 0)
(3.97067 -0.0976013 0)
(3.98574 -0.0940046 0)
(4.05982 -0.258419 0)
(4.08136 -0.39655 0)
(4.10636 -0.390563 0)
(4.08955 -0.435991 0)
(4.08346 -0.451029 0)
(4.09843 -0.477811 0)
(4.11794 -0.468074 0)
(4.11841 -0.454852 0)
(4.09596 -0.425075 0)
(4.0611 -0.3474 0)
(4.03314 -0.252447 0)
(4.01076 -0.156015 0)
(4.00432 -0.0966755 0)
(4.00151 -0.0987025 0)
(3.98259 -0.0672888 0)
(3.93645 -0.0331142 0)
(3.92037 0.00278828 0)
(3.92386 0.0127445 0)
(3.93038 0.0270007 0)
(3.93743 0.0444983 0)
(3.94054 0.0499492 0)
(3.93893 0.0484558 0)
(3.93627 0.0515509 0)
(3.93684 0.0572445 0)
(3.9382 0.058994 0)
(3.93588 0.0440277 0)
(3.93792 0.0252597 0)
(3.9418 0.0192146 0)
(3.94525 0.0192569 0)
(3.94904 0.0253833 0)
(3.95309 0.0395431 0)
(3.95382 0.0495113 0)
(3.95374 0.0533743 0)
(3.94989 0.0538244 0)
(3.94166 0.0539433 0)
(3.93971 0.0567087 0)
(3.93672 0.0457784 0)
(3.89088 -0.0386367 0)
(3.61979 -0.405761 0)
(3.12197 -0.945955 0)
(3.0122 -1.02294 0)
(3.04485 -0.986669 0)
(3.07335 -0.980665 0)
(3.09461 -0.994569 0)
(3.07987 -0.967802 0)
(2.9606 -0.802198 0)
(2.71176 -0.446655 0)
(2.55083 -0.149853 0)
(2.5008 -0.0235067 0)
(2.48642 0.00608932 0)
(2.51042 0.0123612 0)
(2.55564 0.00692623 0)
(2.5966 -0.00402399 0)
(2.63455 -0.00893985 0)
(2.66451 -0.00835061 0)
(2.69213 -0.00588474 0)
(2.72193 0.00199251 0)
(2.74275 0.0180762 0)
(2.74337 0.0434753 0)
(2.74351 0.0612938 0)
(2.76724 0.0623595 0)
(2.79507 0.0591847 0)
(2.82698 0.0522511 0)
(2.86637 0.0425864 0)
(2.90232 0.0334086 0)
(2.9309 0.0303574 0)
(2.9584 0.0294713 0)
(2.97272 0.033611 0)
(2.96219 0.0500648 0)
(2.95093 0.0676249 0)
(2.96751 0.0703335 0)
(2.99257 0.069377 0)
(3.01693 0.0671529 0)
(3.05401 0.0616185 0)
(3.0975 0.0555097 0)
(3.12504 0.0527033 0)
(3.14941 0.0524354 0)
(3.1722 0.0531518 0)
(3.17452 0.0607433 0)
(3.15465 0.0766526 0)
(3.14912 0.0843951 0)
(3.16642 0.0807536 0)
(3.18911 0.0767418 0)
(3.20956 0.0720864 0)
(3.26187 0.064661 0)
(2.29588 1.41571 0)
(2.56629 1.34433 0)
(2.8676 1.19647 0)
(3.07885 1.0672 0)
(3.24611 0.926463 0)
(3.4556 0.70417 0)
(3.59756 0.554311 0)
(3.70064 0.41499 0)
(3.7819 0.250698 0)
(3.84217 0.179211 0)
(3.92113 0.0598777 0)
(4.00568 -0.150428 0)
(4.027 -0.290032 0)
(4.0441 -0.29006 0)
(4.04449 -0.330282 0)
(4.08563 -0.468388 0)
(4.09761 -0.534699 0)
(4.1442 -0.516666 0)
(4.13707 -0.467844 0)
(4.13076 -0.468227 0)
(4.11501 -0.452895 0)
(4.10007 -0.413483 0)
(4.08277 -0.351816 0)
(4.06276 -0.274335 0)
(4.06135 -0.235444 0)
(4.04186 -0.161971 0)
(3.99583 -0.0594445 0)
(3.97431 -0.0348516 0)
(3.96697 -0.038281 0)
(3.957 -0.010861 0)
(3.95743 0.0229352 0)
(3.95909 0.0333089 0)
(3.95664 0.0404714 0)
(3.95732 0.0455439 0)
(3.95833 0.0525062 0)
(3.95449 0.0629436 0)
(3.94087 0.0613798 0)
(3.94058 0.0549243 0)
(3.95064 0.0524196 0)
(3.95892 0.0507984 0)
(3.96859 0.0508792 0)
(3.97785 0.0516112 0)
(3.98302 0.0523969 0)
(3.9864 0.0523376 0)
(3.9793 0.0520729 0)
(3.96856 0.0550975 0)
(3.96462 0.0484472 0)
(3.89891 -0.0459461 0)
(3.66957 -0.364835 0)
(3.13273 -0.88638 0)
(3.0126 -1.07691 0)
(3.0039 -1.0302 0)
(3.0448 -0.980572 0)
(3.07619 -0.954034 0)
(3.11041 -0.961564 0)
(3.13145 -0.975395 0)
(3.13202 -0.960715 0)
(3.07052 -0.845897 0)
(2.87112 -0.526641 0)
(2.71315 -0.201752 0)
(2.58881 -0.0287265 0)
(2.55299 0.0293476 0)
(2.56961 0.0351111 0)
(2.60854 0.0332512 0)
(2.65951 0.0257827 0)
(2.70628 0.0108924 0)
(2.7376 0.00786793 0)
(2.76494 0.00923336 0)
(2.79171 0.0165232 0)
(2.80783 0.0345202 0)
(2.8033 0.0648052 0)
(2.80197 0.0890466 0)
(2.82597 0.0944669 0)
(2.85415 0.0944447 0)
(2.88892 0.0876145 0)
(2.92788 0.0682008 0)
(2.95885 0.0473329 0)
(2.98602 0.0337076 0)
(3.00616 0.0254144 0)
(3.01519 0.0307898 0)
(3.01045 0.0558346 0)
(3.00728 0.0888075 0)
(3.0243 0.10618 0)
(3.04715 0.111754 0)
(3.07812 0.114945 0)
(3.11733 0.105467 0)
(3.14511 0.0874433 0)
(3.17091 0.0718498 0)
(3.19184 0.0575348 0)
(3.20016 0.046086 0)
(3.19704 0.050433 0)
(3.19221 0.0722371 0)
(3.19672 0.0969688 0)
(3.21616 0.111235 0)
(3.23389 0.117662 0)
(3.27551 0.112296 0)
(2.27494 1.40202 0)
(2.51666 1.33503 0)
(2.70967 1.27617 0)
(2.92384 1.16209 0)
(3.16437 0.949145 0)
(3.30585 0.847492 0)
(3.37233 0.796095 0)
(3.5334 0.628475 0)
(3.68558 0.40357 0)
(3.77073 0.321974 0)
(3.79884 0.28619 0)
(3.86143 0.134669 0)
(3.90699 0.0110838 0)
(3.94468 -0.0355424 0)
(3.99345 -0.125189 0)
(4.02586 -0.25253 0)
(4.04191 -0.31628 0)
(4.06988 -0.285067 0)
(4.07262 -0.305719 0)
(4.09558 -0.355863 0)
(4.0983 -0.412604 0)
(4.1144 -0.412447 0)
(4.11158 -0.405817 0)
(4.10244 -0.40357 0)
(4.09914 -0.388138 0)
(4.08587 -0.324068 0)
(4.07094 -0.244183 0)
(4.06496 -0.195911 0)
(4.0225 -0.109152 0)
(3.98915 -0.0185947 0)
(3.97856 0.0138311 0)
(3.97267 0.00948379 0)
(3.97535 0.0138286 0)
(3.97825 0.0251993 0)
(3.97635 0.0345784 0)
(3.96485 0.0542969 0)
(3.95074 0.0651709 0)
(3.94739 0.0681774 0)
(3.95266 0.0737298 0)
(3.96161 0.0768459 0)
(3.97434 0.0795992 0)
(3.9821 0.0790964 0)
(3.99187 0.0763815 0)
(3.99855 0.066715 0)
(3.99122 0.0573779 0)
(3.98338 0.048657 0)
(3.91952 -0.0499248 0)
(3.5644 -0.470769 0)
(3.16494 -0.851172 0)
(3.05664 -0.967391 0)
(3.03166 -1.0139 0)
(3.0325 -1.01526 0)
(3.05526 -0.993841 0)
(3.07761 -0.961815 0)
(3.10376 -0.952004 0)
(3.13137 -0.957949 0)
(3.15903 -0.964238 0)
(3.17529 -0.956307 0)
(3.15929 -0.885175 0)
(3.01512 -0.612012 0)
(2.84687 -0.266163 0)
(2.68437 -0.0472334 0)
(2.61538 0.050491 0)
(2.61556 0.0725358 0)
(2.65576 0.0693237 0)
(2.70188 0.0565 0)
(2.75573 0.0356678 0)
(2.78866 0.0243946 0)
(2.81639 0.0247746 0)
(2.84057 0.0322319 0)
(2.85401 0.0520665 0)
(2.85178 0.0863428 0)
(2.84835 0.113387 0)
(2.8688 0.116417 0)
(2.89971 0.111332 0)
(2.93206 0.101992 0)
(2.96574 0.0867437 0)
(2.99649 0.0636686 0)
(3.01884 0.0482403 0)
(3.04061 0.043794 0)
(3.05808 0.0541792 0)
(3.0668 0.0818061 0)
(3.06769 0.117338 0)
(3.07698 0.140981 0)
(3.09999 0.14548 0)
(3.12587 0.140303 0)
(3.14975 0.124804 0)
(3.17238 0.099837 0)
(3.19149 0.0728109 0)
(3.20737 0.0543993 0)
(3.22201 0.0510526 0)
(3.23496 0.0652902 0)
(3.24408 0.0926785 0)
(3.25155 0.127476 0)
(3.26585 0.149022 0)
(3.29869 0.150319 0)
(2.29823 1.38063 0)
(2.49194 1.34048 0)
(2.65913 1.29056 0)
(2.87873 1.17148 0)
(3.06035 1.04269 0)
(3.15895 0.99785 0)
(3.29252 0.8774 0)
(3.47146 0.662768 0)
(3.5731 0.559013 0)
(3.5971 0.562012 0)
(3.6934 0.441368 0)
(3.79723 0.224787 0)
(3.85336 0.110242 0)
(3.87374 0.130182 0)
(3.89066 0.0850585 0)
(3.96293 -0.0668158 0)
(4.00613 -0.185093 0)
(4.04267 -0.192879 0)
(4.057 -0.23092 0)
(4.09022 -0.355284 0)
(4.0984 -0.418689 0)
(4.12933 -0.407795 0)
(4.1265 -0.407899 0)
(4.12046 -0.416165 0)
(4.12605 -0.421351 0)
(4.13016 -0.40602 0)
(4.12635 -0.373441 0)
(4.11571 -0.341061 0)
(4.09095 -0.282377 0)
(4.07723 -0.226728 0)
(4.03608 -0.12092 0)
(4.00726 -0.00861618 0)
(3.9958 0.00335336 0)
(4.00213 0.00530019 0)
(3.99151 0.0247541 0)
(3.97961 0.0446931 0)
(3.97227 0.0545741 0)
(3.96741 0.058149 0)
(3.97509 0.0700399 0)
(3.9819 0.0887032 0)
(3.98224 0.0956636 0)
(3.98778 0.0939444 0)
(3.99383 0.0922765 0)
(3.9964 0.0777758 0)
(3.99082 0.0668246 0)
(3.9176 -0.0540707 0)
(3.53682 -0.514091 0)
(3.12896 -0.889427 0)
(3.03129 -0.95091 0)
(3.03246 -0.999569 0)
(3.04506 -1.01025 0)
(3.05937 -1.01218 0)
(3.07583 -0.998869 0)
(3.0886 -0.962987 0)
(3.109 -0.929782 0)
(3.13651 -0.930673 0)
(3.16612 -0.935667 0)
(3.20003 -0.936191 0)
(3.22925 -0.935903 0)
(3.21988 -0.890945 0)
(3.13174 -0.6941 0)
(2.9594 -0.371877 0)
(2.79688 -0.0972291 0)
(2.67356 0.0408199 0)
(2.67441 0.108143 0)
(2.69967 0.106985 0)
(2.74448 0.0897809 0)
(2.79576 0.0661119 0)
(2.8353 0.0540652 0)
(2.86094 0.0530283 0)
(2.8834 0.0572005 0)
(2.89847 0.0692567 0)
(2.89996 0.0959927 0)
(2.89711 0.122837 0)
(2.91265 0.130082 0)
(2.93876 0.127052 0)
(2.96621 0.119565 0)
(2.99562 0.109592 0)
(3.02977 0.0947401 0)
(3.0577 0.0825048 0)
(3.08136 0.0795315 0)
(3.10516 0.084178 0)
(3.1212 0.102508 0)
(3.12332 0.129704 0)
(3.12056 0.14789 0)
(3.12868 0.146054 0)
(3.14488 0.134127 0)
(3.16391 0.11833 0)
(3.18526 0.105062 0)
(3.21043 0.0944673 0)
(3.24032 0.0906645 0)
(3.26227 0.095517 0)
(3.28394 0.106916 0)
(3.30181 0.130307 0)
(3.30632 0.159964 0)
(3.31084 0.15641 0)
(2.28927 1.42379 0)
(2.44975 1.38706 0)
(2.61174 1.32993 0)
(2.79389 1.22879 0)
(2.94013 1.14887 0)
(3.05428 1.09519 0)
(3.21217 0.966841 0)
(3.35594 0.792813 0)
(3.44428 0.720752 0)
(3.49949 0.685592 0)
(3.60921 0.5583 0)
(3.6949 0.39262 0)
(3.74315 0.341224 0)
(3.76293 0.323692 0)
(3.84882 0.19511 0)
(3.9004 0.0447583 0)
(3.93686 0.00907787 0)
(3.95833 0.0443406 0)
(4.00132 -0.0157987 0)
(4.04108 -0.151977 0)
(4.05301 -0.231894 0)
(4.06507 -0.222304 0)
(4.06973 -0.246613 0)
(4.09541 -0.304197 0)
(4.11271 -0.33103 0)
(4.12799 -0.341171 0)
(4.12592 -0.346295 0)
(4.12184 -0.358935 0)
(4.13013 -0.36045 0)
(4.12421 -0.324008 0)
(4.11557 -0.271299 0)
(4.09939 -0.212265 0)
(4.08772 -0.179024 0)
(4.04202 -0.0853727 0)
(4.01039 0.0237955 0)
(4.0051 0.0414432 0)
(4.00829 0.0351198 0)
(4.0058 0.0452309 0)
(4.00785 0.0642256 0)
(4.00075 0.0862105 0)
(3.99773 0.0911119 0)
(3.99917 0.0926061 0)
(4.00294 0.0989196 0)
(3.99666 0.081814 0)
(3.90343 -0.0411102 0)
(3.55641 -0.471315 0)
(3.03925 -0.968247 0)
(2.94836 -1.02661 0)
(3.00066 -0.988749 0)
(3.0357 -0.97557 0)
(3.07602 -0.982593 0)
(3.10569 -0.990514 0)
(3.11608 -0.984161 0)
(3.11691 -0.95253 0)
(3.12202 -0.909335 0)
(3.14873 -0.889143 0)
(3.17332 -0.889735 0)
(3.20132 -0.889055 0)
(3.23237 -0.902795 0)
(3.25599 -0.903233 0)
(3.26127 -0.883371 0)
(3.2265 -0.775903 0)
(3.07501 -0.48438 0)
(2.9257 -0.183518 0)
(2.75943 0.0281871 0)
(2.73582 0.129111 0)
(2.74938 0.134402 0)
(2.79608 0.121724 0)
(2.84364 0.10087 0)
(2.88149 0.0849467 0)
(2.90811 0.0752699 0)
(2.93036 0.0716792 0)
(2.94537 0.0758008 0)
(2.95057 0.0986262 0)
(2.95018 0.131453 0)
(2.95841 0.151928 0)
(2.98001 0.156489 0)
(3.00573 0.154746 0)
(3.0351 0.14684 0)
(3.07363 0.133085 0)
(3.10183 0.115041 0)
(3.12339 0.106859 0)
(3.14715 0.106309 0)
(3.16293 0.114599 0)
(3.1604 0.134606 0)
(3.1467 0.154346 0)
(3.15045 0.158721 0)
(3.1691 0.155459 0)
(3.18952 0.15141 0)
(3.21624 0.143486 0)
(3.25651 0.135172 0)
(3.28761 0.134776 0)
(3.30805 0.137638 0)
(3.3314 0.142146 0)
(3.34249 0.153294 0)
(3.32926 0.158963 0)
(2.32984 1.41975 0)
(2.46623 1.38219 0)
(2.61075 1.32395 0)
(2.76747 1.24123 0)
(2.89278 1.19067 0)
(3.00936 1.13311 0)
(3.17198 1.00133 0)
(3.30104 0.858045 0)
(3.37132 0.826485 0)
(3.43009 0.784605 0)
(3.55555 0.642378 0)
(3.65041 0.48135 0)
(3.7115 0.439074 0)
(3.73032 0.433077 0)
(3.78473 0.339845 0)
(3.84879 0.196811 0)
(3.89761 0.125763 0)
(3.93369 0.124555 0)
(3.9767 0.0628163 0)
(4.01176 -0.0604731 0)
(4.02637 -0.117855 0)
(4.02829 -0.112266 0)
(4.04948 -0.168956 0)
(4.08955 -0.279612 0)
(4.10931 -0.324167 0)
(4.12955 -0.315271 0)
(4.13668 -0.332797 0)
(4.13324 -0.365358 0)
(4.13534 -0.371821 0)
(4.15938 -0.360713 0)
(4.15608 -0.32161 0)
(4.14933 -0.306791 0)
(4.13759 -0.290638 0)
(4.11533 -0.245955 0)
(4.0894 -0.170768 0)
(4.09026 -0.127715 0)
(4.05835 -0.034008 0)
(4.03802 0.0502766 0)
(4.0319 0.0705686 0)
(4.03095 0.0687037 0)
(4.02837 0.0839366 0)
(4.02969 0.0949524 0)
(4.02169 0.0868437 0)
(3.92835 -0.0272204 0)
(3.51937 -0.471747 0)
(3.07072 -0.881667 0)
(2.95975 -1.03437 0)
(2.96841 -1.02549 0)
(3.00538 -0.995836 0)
(3.05555 -0.966335 0)
(3.09401 -0.963075 0)
(3.12037 -0.96772 0)
(3.13893 -0.961196 0)
(3.14602 -0.940801 0)
(3.14263 -0.900612 0)
(3.1517 -0.868788 0)
(3.17634 -0.860921 0)
(3.19949 -0.860121 0)
(3.22816 -0.861242 0)
(3.26368 -0.870063 0)
(3.2971 -0.878316 0)
(3.31659 -0.875881 0)
(3.29763 -0.811134 0)
(3.20229 -0.592657 0)
(3.04165 -0.293859 0)
(2.91946 -0.0422529 0)
(2.82937 0.115394 0)
(2.82702 0.15491 0)
(2.85662 0.148301 0)
(2.89888 0.132372 0)
(2.93255 0.120706 0)
(2.96383 0.107915 0)
(2.98227 0.0929967 0)
(2.99571 0.0900741 0)
(3.00596 0.104717 0)
(3.01468 0.134451 0)
(3.02251 0.167085 0)
(3.033 0.185682 0)
(3.05228 0.188538 0)
(3.07483 0.180227 0)
(3.10417 0.163246 0)
(3.13816 0.142526 0)
(3.16112 0.124925 0)
(3.18148 0.113316 0)
(3.19292 0.111284 0)
(3.19321 0.129072 0)
(3.18692 0.159862 0)
(3.19202 0.181979 0)
(3.21005 0.18823 0)
(3.2279 0.190537 0)
(3.26164 0.187801 0)
(3.3004 0.177279 0)
(3.32108 0.166065 0)
(3.34429 0.156265 0)
(3.35704 0.148275 0)
(3.35153 0.15663 0)
(2.33241 1.48684 0)
(2.44057 1.44532 0)
(2.57394 1.37754 0)
(2.70946 1.30158 0)
(2.82238 1.25528 0)
(2.94649 1.18771 0)
(3.08451 1.07379 0)
(3.1812 0.990677 0)
(3.25361 0.964177 0)
(3.37129 0.874305 0)
(3.49904 0.710017 0)
(3.56236 0.606145 0)
(3.5855 0.624544 0)
(3.61798 0.594588 0)
(3.73526 0.457821 0)
(3.79616 0.307952 0)
(3.83022 0.284612 0)
(3.82868 0.300463 0)
(3.89068 0.219234 0)
(3.94494 0.090126 0)
(3.97258 0.0350586 0)
(3.97693 0.0351821 0)
(4.00928 -0.032276 0)
(4.03357 -0.123384 0)
(4.05539 -0.149077 0)
(4.07029 -0.12671 0)
(4.08416 -0.155295 0)
(4.10751 -0.234621 0)
(4.1181 -0.272139 0)
(4.13873 -0.273444 0)
(4.14385 -0.28605 0)
(4.14192 -0.290159 0)
(4.14683 -0.301296 0)
(4.15623 -0.295796 0)
(4.1577 -0.27199 0)
(4.14856 -0.241568 0)
(4.12242 -0.182967 0)
(4.11524 -0.130853 0)
(4.08857 -0.0437252 0)
(4.06344 0.0364208 0)
(4.06609 0.0892358 0)
(4.06141 0.0906985 0)
(3.95004 -0.0383315 0)
(3.50032 -0.515349 0)
(3.14647 -0.834831 0)
(2.9968 -1.00238 0)
(2.98348 -1.02143 0)
(2.98371 -1.01287 0)
(3.00935 -0.980621 0)
(3.06171 -0.963515 0)
(3.1092 -0.955549 0)
(3.13806 -0.956359 0)
(3.15926 -0.953755 0)
(3.17591 -0.934616 0)
(3.1795 -0.898975 0)
(3.16982 -0.85563 0)
(3.17817 -0.837751 0)
(3.20358 -0.836067 0)
(3.23202 -0.833217 0)
(3.26628 -0.82986 0)
(3.3159 -0.832416 0)
(3.35289 -0.847811 0)
(3.36996 -0.837658 0)
(3.37505 -0.807732 0)
(3.33695 -0.69337 0)
(3.20644 -0.425143 0)
(3.08654 -0.148699 0)
(2.96552 0.0622771 0)
(2.92512 0.168451 0)
(2.92207 0.163886 0)
(2.963 0.163969 0)
(2.99422 0.160756 0)
(3.02192 0.150628 0)
(3.04694 0.128005 0)
(3.06165 0.114532 0)
(3.07675 0.122061 0)
(3.09091 0.149428 0)
(3.09724 0.185972 0)
(3.09471 0.211546 0)
(3.10137 0.213933 0)
(3.12114 0.206533 0)
(3.1439 0.189193 0)
(3.17025 0.167768 0)
(3.1956 0.150078 0)
(3.2173 0.138541 0)
(3.23543 0.136803 0)
(3.24599 0.152963 0)
(3.24365 0.186621 0)
(3.23824 0.21619 0)
(3.25367 0.22511 0)
(3.27397 0.225068 0)
(3.29964 0.211241 0)
(3.32399 0.19375 0)
(3.34531 0.176223 0)
(3.35968 0.154887 0)
(3.37182 0.155805 0)
(2.38065 1.5028 0)
(2.46808 1.44966 0)
(2.59055 1.37655 0)
(2.70645 1.31821 0)
(2.80458 1.27533 0)
(2.9114 1.21349 0)
(3.03361 1.12605 0)
(3.14292 1.05248 0)
(3.23898 1.00219 0)
(3.33654 0.926583 0)
(3.42435 0.809711 0)
(3.48569 0.73496 0)
(3.52732 0.718683 0)
(3.60212 0.638563 0)
(3.69729 0.500795 0)
(3.73782 0.418382 0)
(3.75154 0.431893 0)
(3.78052 0.389226 0)
(3.86474 0.25845 0)
(3.90467 0.154789 0)
(3.92895 0.158215 0)
(3.92024 0.166445 0)
(3.97231 0.0795185 0)
(4.00919 -0.0329121 0)
(4.03848 -0.0758589 0)
(4.05562 -0.0610163 0)
(4.07722 -0.0956103 0)
(4.10946 -0.190327 0)
(4.12548 -0.239247 0)
(4.1401 -0.236992 0)
(4.1413 -0.261621 0)
(4.14659 -0.290521 0)
(4.1451 -0.311712 0)
(4.17878 -0.304303 0)
(4.18658 -0.280024 0)
(4.1816 -0.276249 0)
(4.1678 -0.267517 0)
(4.15584 -0.237799 0)
(4.14209 -0.184522 0)
(4.1357 -0.155967 0)
(4.10248 -0.0687236 0)
(4.0355 -0.10033 0)
(3.50938 -0.635926 0)
(3.1173 -0.994431 0)
(3.04391 -1.02962 0)
(3.01831 -1.02037 0)
(3.01073 -1.00969 0)
(3.00729 -0.973493 0)
(3.01953 -0.946629 0)
(3.04725 -0.944788 0)
(3.08377 -0.941494 0)
(3.13656 -0.937011 0)
(3.1708 -0.926773 0)
(3.19724 -0.919117 0)
(3.21722 -0.904652 0)
(3.21877 -0.871194 0)
(3.20748 -0.82827 0)
(3.21971 -0.809649 0)
(3.24782 -0.807582 0)
(3.28098 -0.803249 0)
(3.33009 -0.798081 0)
(3.38816 -0.802008 0)
(3.42193 -0.808054 0)
(3.44522 -0.813317 0)
(3.46872 -0.807918 0)
(3.45534 -0.747171 0)
(3.37857 -0.562137 0)
(3.26358 -0.301769 0)
(3.1508 -0.0396231 0)
(3.04766 0.114327 0)
(3.02206 0.19173 0)
(3.02991 0.198472 0)
(3.06277 0.195976 0)
(3.09829 0.185595 0)
(3.12413 0.17207 0)
(3.14318 0.154791 0)
(3.1566 0.152253 0)
(3.17011 0.170631 0)
(3.17211 0.199404 0)
(3.16397 0.224056 0)
(3.16346 0.229299 0)
(3.17906 0.219877 0)
(3.20114 0.207586 0)
(3.22579 0.194511 0)
(3.2515 0.183855 0)
(3.27297 0.178924 0)
(3.29354 0.179469 0)
(3.30812 0.191739 0)
(3.30652 0.223785 0)
(3.2945 0.250338 0)
(3.2996 0.248906 0)
(3.3167 0.238036 0)
(3.33544 0.225115 0)
(3.35285 0.209913 0)
(3.36566 0.194231 0)
(3.38906 0.191253 0)
(2.44818 1.57146 0)
(2.52846 1.49804 0)
(2.61837 1.43116 0)
(2.68526 1.4038 0)
(2.76481 1.36049 0)
(2.8951 1.26286 0)
(3.017 1.16004 0)
(3.09213 1.1292 0)
(3.14239 1.10933 0)
(3.24297 1.0292 0)
(3.35858 0.899438 0)
(3.44226 0.814715 0)
(3.49028 0.793406 0)
(3.54011 0.734779 0)
(3.61663 0.615145 0)
(3.66659 0.542345 0)
(3.69598 0.534631 0)
(3.7488 0.475051 0)
(3.81237 0.360252 0)
(3.8442 0.286953 0)
(3.86431 0.299112 0)
(3.8796 0.277883 0)
(3.93672 0.176779 0)
(3.96109 0.0944947 0)
(3.97888 0.0985431 0)
(3.97963 0.101879 0)
(4.04104 0.027416 0)
(4.07313 -0.0709824 0)
(4.09059 -0.112614 0)
(4.09933 -0.0953445 0)
(4.09197 -0.10669 0)
(4.11446 -0.174369 0)
(4.1259 -0.210191 0)
(4.14162 -0.20314 0)
(4.15695 -0.21715 0)
(4.16504 -0.234187 0)
(4.16544 -0.2569 0)
(4.1737 -0.256583 0)
(4.17062 -0.244304 0)
(4.1639 -0.233425 0)
(4.09006 -0.273029 0)
(3.64554 -0.752347 0)
(3.10637 -1.21554 0)
(3.04279 -1.23632 0)
(3.01824 -1.1454 0)
(3.0324 -1.08722 0)
(3.03477 -1.01302 0)
(3.02439 -0.954347 0)
(3.02336 -0.946365 0)
(3.03776 -0.938039 0)
(3.07193 -0.922177 0)
(3.1329 -0.90589 0)
(3.19465 -0.898882 0)
(3.22544 -0.896825 0)
(3.25837 -0.895723 0)
(3.27864 -0.88979 0)
(3.28339 -0.86565 0)
(3.28734 -0.820374 0)
(3.30278 -0.785016 0)
(3.33047 -0.770843 0)
(3.36219 -0.767943 0)
(3.41154 -0.764471 0)
(3.46254 -0.767546 0)
(3.49972 -0.768276 0)
(3.52783 -0.785415 0)
(3.54835 -0.779428 0)
(3.55921 -0.75908 0)
(3.53755 -0.669709 0)
(3.45012 -0.453171 0)
(3.33217 -0.194838 0)
(3.23889 0.0189622 0)
(3.14262 0.189705 0)
(3.12522 0.211814 0)
(3.14782 0.209182 0)
(3.18179 0.222462 0)
(3.20405 0.218644 0)
(3.22393 0.197861 0)
(3.24321 0.185117 0)
(3.25357 0.190943 0)
(3.24923 0.210947 0)
(3.23523 0.236043 0)
(3.23597 0.244046 0)
(3.25483 0.240688 0)
(3.27551 0.23525 0)
(3.29942 0.226164 0)
(3.32254 0.218596 0)
(3.34299 0.215819 0)
(3.36422 0.215512 0)
(3.37753 0.221599 0)
(3.36874 0.24066 0)
(3.34928 0.254782 0)
(3.35251 0.249569 0)
(3.36671 0.239739 0)
(3.38443 0.228643 0)
(3.40187 0.224697 0)
(3.43034 0.228196 0)
(2.4856 1.64945 0)
(2.57171 1.57301 0)
(2.63708 1.51578 0)
(2.69384 1.47408 0)
(2.77941 1.40009 0)
(2.89052 1.30199 0)
(2.97229 1.24158 0)
(3.0241 1.22195 0)
(3.09593 1.15597 0)
(3.21547 1.03629 0)
(3.31386 0.933998 0)
(3.36736 0.917713 0)
(3.39531 0.900853 0)
(3.48842 0.797375 0)
(3.57327 0.660493 0)
(3.62503 0.620944 0)
(3.64405 0.630569 0)
(3.7013 0.567191 0)
(3.7693 0.443967 0)
(3.80808 0.379558 0)
(3.82689 0.395581 0)
(3.85155 0.36165 0)
(3.90732 0.257852 0)
(3.93468 0.179276 0)
(3.95586 0.180392 0)
(3.95935 0.179076 0)
(4.01084 0.108928 0)
(4.04111 0.0196398 0)
(4.06146 -0.0106676 0)
(4.06514 -0.000167828 0)
(4.08231 -0.0507793 0)
(4.10743 -0.139405 0)
(4.12468 -0.180001 0)
(4.13642 -0.169129 0)
(4.13916 -0.182332 0)
(4.16266 -0.232695 0)
(4.16904 -0.264175 0)
(4.18479 -0.262022 0)
(4.18194 -0.263884 0)
(4.13356 -0.325053 0)
(3.72497 -0.788393 0)
(3.11071 -1.32524 0)
(3.01666 -1.36571 0)
(3.02131 -1.29972 0)
(3.05533 -1.25028 0)
(3.07671 -1.19932 0)
(3.0711 -1.13004 0)
(3.07018 -1.06632 0)
(3.075 -1.03825 0)
(3.09165 -1.00164 0)
(3.13279 -0.93571 0)
(3.19314 -0.902293 0)
(3.24437 -0.900569 0)
(3.26221 -0.905397 0)
(3.28532 -0.904889 0)
(3.32239 -0.890639 0)
(3.35975 -0.878451 0)
(3.383 -0.863079 0)
(3.39799 -0.82177 0)
(3.41012 -0.776185 0)
(3.42929 -0.745465 0)
(3.45708 -0.737014 0)
(3.48735 -0.739315 0)
(3.52439 -0.740969 0)
(3.56567 -0.74571 0)
(3.60875 -0.753379 0)
(3.63661 -0.763756 0)
(3.66435 -0.749202 0)
(3.65645 -0.697969 0)
(3.62641 -0.585645 0)
(3.5427 -0.372193 0)
(3.39788 -0.0764675 0)
(3.34226 0.0747922 0)
(3.26177 0.196727 0)
(3.25322 0.257163 0)
(3.25721 0.253642 0)
(3.29266 0.254153 0)
(3.31827 0.247076 0)
(3.33613 0.232141 0)
(3.33935 0.227985 0)
(3.32801 0.240057 0)
(3.31818 0.260036 0)
(3.32543 0.267794 0)
(3.34251 0.268679 0)
(3.36074 0.267218 0)
(3.38032 0.260626 0)
(3.40073 0.253482 0)
(3.42228 0.248143 0)
(3.44068 0.245801 0)
(3.44385 0.252081 0)
(3.42052 0.269933 0)
(3.40165 0.279146 0)
(3.41436 0.274969 0)
(3.43276 0.27215 0)
(3.45099 0.268348 0)
(3.48018 0.267444 0)
(2.5513 1.73833 0)
(2.6154 1.6471 0)
(2.67506 1.57845 0)
(2.72293 1.524 0)
(2.80811 1.43304 0)
(2.89918 1.33823 0)
(2.95716 1.30221 0)
(2.99447 1.27734 0)
(3.08165 1.193 0)
(3.19596 1.07251 0)
(3.27581 1.00179 0)
(3.30982 1.00187 0)
(3.35167 0.957521 0)
(3.45009 0.848776 0)
(3.52345 0.749853 0)
(3.5612 0.74198 0)
(3.58587 0.723172 0)
(3.66734 0.628088 0)
(3.72052 0.518369 0)
(3.75286 0.499453 0)
(3.76196 0.517916 0)
(3.8154 0.453399 0)
(3.86804 0.33748 0)
(3.89125 0.282344 0)
(3.89944 0.30382 0)
(3.91669 0.281661 0)
(3.97613 0.194558 0)
(4.0006 0.115547 0)
(4.01656 0.114765 0)
(4.00809 0.130033 0)
(4.0441 0.0656104 0)
(4.07012 -0.0228177 0)
(4.08679 -0.0528392 0)
(4.09134 -0.0354936 0)
(4.10859 -0.0652481 0)
(4.12734 -0.119859 0)
(4.13539 -0.139804 0)
(4.15209 -0.167073 0)
(4.12421 -0.239285 0)
(3.76314 -0.688034 0)
(3.12106 -1.25865 0)
(2.9514 -1.38407 0)
(2.98916 -1.35988 0)
(3.03326 -1.33663 0)
(3.08128 -1.32801 0)
(3.1155 -1.31424 0)
(3.12467 -1.27444 0)
(3.12887 -1.21045 0)
(3.15595 -1.15226 0)
(3.18628 -1.09975 0)
(3.21234 -1.01849 0)
(3.25429 -0.968756 0)
(3.29322 -0.956778 0)
(3.33086 -0.952999 0)
(3.36429 -0.940408 0)
(3.38425 -0.919892 0)
(3.40994 -0.900351 0)
(3.4527 -0.864375 0)
(3.48206 -0.821864 0)
(3.51582 -0.784338 0)
(3.52947 -0.759447 0)
(3.53026 -0.730448 0)
(3.54462 -0.715874 0)
(3.5709 -0.712514 0)
(3.60174 -0.711294 0)
(3.63722 -0.711783 0)
(3.68432 -0.712953 0)
(3.72445 -0.723871 0)
(3.75207 -0.722562 0)
(3.76419 -0.710085 0)
(3.75048 -0.648006 0)
(3.70502 -0.500189 0)
(3.62985 -0.276136 0)
(3.5266 -0.0416232 0)
(3.41969 0.162952 0)
(3.37464 0.258003 0)
(3.37865 0.24194 0)
(3.39928 0.267946 0)
(3.4066 0.286938 0)
(3.4199 0.283603 0)
(3.42216 0.265258 0)
(3.4215 0.267144 0)
(3.41818 0.285598 0)
(3.42031 0.297722 0)
(3.43233 0.300625 0)
(3.45 0.297924 0)
(3.46727 0.290992 0)
(3.48511 0.281626 0)
(3.50178 0.272781 0)
(3.51173 0.268486 0)
(3.50546 0.277518 0)
(3.48153 0.301472 0)
(3.47683 0.314492 0)
(3.49604 0.316523 0)
(3.5122 0.31316 0)
(3.5375 0.300771 0)
(2.71791 1.75773 0)
(2.68194 1.73296 0)
(2.73207 1.65399 0)
(2.7865 1.57451 0)
(2.86248 1.46768 0)
(2.9195 1.39876 0)
(2.9428 1.38941 0)
(2.99019 1.33503 0)
(3.10417 1.21276 0)
(3.1965 1.10657 0)
(3.23583 1.10387 0)
(3.24135 1.10585 0)
(3.32841 1.02246 0)
(3.43351 0.888323 0)
(3.50076 0.815381 0)
(3.52509 0.828752 0)
(3.53966 0.806626 0)
(3.61363 0.714922 0)
(3.67526 0.611624 0)
(3.71827 0.582124 0)
(3.7388 0.575633 0)
(3.78724 0.507112 0)
(3.82481 0.41106 0)
(3.84751 0.386631 0)
(3.85182 0.398451 0)
(3.8973 0.344133 0)
(3.94692 0.24969 0)
(3.96712 0.195095 0)
(3.97898 0.211382 0)
(3.98066 0.204021 0)
(4.02509 0.121008 0)
(4.04638 0.0446626 0)
(4.06391 0.0297372 0)
(4.06062 0.0467156 0)
(4.09383 -0.00536037 0)
(4.11401 -0.048205 0)
(4.13282 -0.114718 0)
(4.10046 -0.197712 0)
(3.80984 -0.583508 0)
(3.16842 -1.12833 0)
(2.90424 -1.33994 0)
(2.94513 -1.33029 0)
(3.00408 -1.30752 0)
(3.07997 -1.30453 0)
(3.14042 -1.31801 0)
(3.18444 -1.31869 0)
(3.2216 -1.29758 0)
(3.24714 -1.26986 0)
(3.25679 -1.23555 0)
(3.26439 -1.18838 0)
(3.29285 -1.14544 0)
(3.33136 -1.11516 0)
(3.3632 -1.08152 0)
(3.39502 -1.03891 0)
(3.43087 -1.01227 0)
(3.46945 -0.995592 0)
(3.51534 -0.964616 0)
(3.55955 -0.915378 0)
(3.57541 -0.881249 0)
(3.5877 -0.851762 0)
(3.60873 -0.813544 0)
(3.62446 -0.772851 0)
(3.62921 -0.730577 0)
(3.63774 -0.702281 0)
(3.66608 -0.682658 0)
(3.69551 -0.672466 0)
(3.73078 -0.673508 0)
(3.78329 -0.686246 0)
(3.81693 -0.676145 0)
(3.83397 -0.67882 0)
(3.84712 -0.673954 0)
(3.86268 -0.662402 0)
(3.84255 -0.580924 0)
(3.80534 -0.429976 0)
(3.71417 -0.207577 0)
(3.60637 0.0445142 0)
(3.57702 0.118636 0)
(3.50191 0.231275 0)
(3.49319 0.27654 0)
(3.50472 0.310572 0)
(3.51665 0.324962 0)
(3.52786 0.327806 0)
(3.51888 0.329661 0)
(3.51058 0.332017 0)
(3.50808 0.345898 0)
(3.51935 0.344296 0)
(3.5382 0.333816 0)
(3.55208 0.322611 0)
(3.56492 0.314204 0)
(3.57717 0.30653 0)
(3.58499 0.30456 0)
(3.58043 0.319732 0)
(3.56342 0.348895 0)
(3.56025 0.358112 0)
(3.57649 0.358177 0)
(3.59753 0.346439 0)
(3.39013 1.55705 0)
(2.79868 1.77268 0)
(2.78446 1.74949 0)
(2.84809 1.66241 0)
(2.91663 1.54723 0)
(2.94046 1.50397 0)
(2.95089 1.47994 0)
(3.02847 1.38247 0)
(3.12809 1.24991 0)
(3.18117 1.19881 0)
(3.18327 1.22391 0)
(3.22038 1.17579 0)
(3.33413 1.05265 0)
(3.41524 0.935111 0)
(3.45344 0.925659 0)
(3.44608 0.945085 0)
(3.50461 0.877231 0)
(3.59351 0.751443 0)
(3.64886 0.669935 0)
(3.67059 0.685612 0)
(3.67485 0.678299 0)
(3.74174 0.591118 0)
(3.78819 0.485523 0)
(3.81866 0.462886 0)
(3.8232 0.475305 0)
(3.86056 0.426421 0)
(3.90174 0.338397 0)
(3.92469 0.296815 0)
(3.93324 0.312621 0)
(3.95441 0.280685 0)
(3.99442 0.195307 0)
(4.01102 0.135095 0)
(4.01975 0.149949 0)
(4.02632 0.148764 0)
(4.05812 0.104888 0)
(4.0866 0.0336612 0)
(4.06348 -0.0528265 0)
(3.81058 -0.479637 0)
(3.20309 -1.02211 0)
(2.88837 -1.24476 0)
(2.91592 -1.24484 0)
(2.97158 -1.23663 0)
(3.04343 -1.22051 0)
(3.10886 -1.24025 0)
(3.16078 -1.26318 0)
(3.21374 -1.28117 0)
(3.26396 -1.28799 0)
(3.31555 -1.28368 0)
(3.36121 -1.25913 0)
(3.37571 -1.21428 0)
(3.36163 -1.17267 0)
(3.38148 -1.15209 0)
(3.41668 -1.14682 0)
(3.45488 -1.1238 0)
(3.50268 -1.09221 0)
(3.54885 -1.06169 0)
(3.59542 -1.03622 0)
(3.64647 -1.01363 0)
(3.66827 -0.978027 0)
(3.68814 -0.96116 0)
(3.71279 -0.930627 0)
(3.72512 -0.883678 0)
(3.72773 -0.81257 0)
(3.73141 -0.734995 0)
(3.74529 -0.693562 0)
(3.7669 -0.674735 0)
(3.7901 -0.663029 0)
(3.8237 -0.65587 0)
(3.85117 -0.6488 0)
(3.88786 -0.646604 0)
(3.92558 -0.636559 0)
(3.94179 -0.638148 0)
(3.94764 -0.625103 0)
(3.94922 -0.597041 0)
(3.93013 -0.487534 0)
(3.90106 -0.365559 0)
(3.82512 -0.188991 0)
(3.70499 0.0521393 0)
(3.66198 0.160371 0)
(3.64818 0.23065 0)
(3.63109 0.289045 0)
(3.6256 0.364782 0)
(3.60672 0.399665 0)
(3.59921 0.399361 0)
(3.59319 0.391306 0)
(3.59151 0.385656 0)
(3.60674 0.370332 0)
(3.62727 0.356713 0)
(3.64203 0.345836 0)
(3.65332 0.340438 0)
(3.6623 0.340416 0)
(3.66806 0.343754 0)
(3.66539 0.3606 0)
(3.64677 0.388594 0)
(3.64327 0.396739 0)
(3.65898 0.382792 0)
(4.56474 0.724777 0)
(3.35268 1.61806 0)
(2.87283 1.78298 0)
(2.88116 1.75076 0)
(2.9549 1.64638 0)
(2.98107 1.60239 0)
(3.00255 1.54961 0)
(3.08989 1.42379 0)
(3.15587 1.30752 0)
(3.1737 1.30664 0)
(3.16248 1.31151 0)
(3.24222 1.21911 0)
(3.34482 1.07876 0)
(3.40355 1.00564 0)
(3.41305 1.03446 0)
(3.41397 1.01486 0)
(3.50387 0.913024 0)
(3.57616 0.793813 0)
(3.61949 0.760844 0)
(3.62006 0.783192 0)
(3.65006 0.736247 0)
(3.71925 0.631024 0)
(3.75967 0.555454 0)
(3.77973 0.567186 0)
(3.78336 0.56003 0)
(3.84172 0.47996 0)
(3.87438 0.388654 0)
(3.89755 0.376259 0)
(3.89706 0.397841 0)
(3.93132 0.350951 0)
(3.97032 0.256723 0)
(3.98643 0.216446 0)
(3.99797 0.220418 0)
(4.01158 0.217596 0)
(4.04532 0.152768 0)
(4.02506 0.0721482 0)
(3.75494 -0.351393 0)
(3.24013 -0.937017 0)
(2.86685 -1.17372 0)
(2.89866 -1.17935 0)
(2.95939 -1.16455 0)
(3.0172 -1.14143 0)
(3.08612 -1.15518 0)
(3.14073 -1.17773 0)
(3.19117 -1.19326 0)
(3.24348 -1.20246 0)
(3.29947 -1.21383 0)
(3.35275 -1.23146 0)
(3.39995 -1.24629 0)
(3.4482 -1.24446 0)
(3.48272 -1.20407 0)
(3.49641 -1.14485 0)
(3.50336 -1.1093 0)
(3.51794 -1.10269 0)
(3.54657 -1.10573 0)
(3.58928 -1.10117 0)
(3.64454 -1.08859 0)
(3.69972 -1.06388 0)
(3.74868 -1.03913 0)
(3.79026 -1.03002 0)
(3.81835 -1.01765 0)
(3.82483 -0.990282 0)
(3.8245 -0.940536 0)
(3.83877 -0.877071 0)
(3.85949 -0.822186 0)
(3.87192 -0.768888 0)
(3.88188 -0.708048 0)
(3.90582 -0.649745 0)
(3.93285 -0.637667 0)
(3.95875 -0.63748 0)
(3.98149 -0.63013 0)
(3.99949 -0.619714 0)
(4.0139 -0.607714 0)
(4.02773 -0.592388 0)
(4.03261 -0.559684 0)
(4.03287 -0.49816 0)
(4.02225 -0.451013 0)
(3.97905 -0.344 0)
(3.90744 -0.144456 0)
(3.86212 0.0105836 0)
(3.79401 0.156126 0)
(3.76005 0.293456 0)
(3.73088 0.365528 0)
(3.71161 0.4203 0)
(3.68626 0.440744 0)
(3.66672 0.44729 0)
(3.66846 0.431945 0)
(3.68974 0.412237 0)
(3.71181 0.396917 0)
(3.73188 0.387555 0)
(3.74492 0.374062 0)
(3.75041 0.368337 0)
(3.75324 0.378649 0)
(3.74463 0.40741 0)
(3.72511 0.436422 0)
(3.72056 0.424438 0)
(5.00519 0.0427508 0)
(4.41715 0.873515 0)
(3.36808 1.65001 0)
(2.95313 1.77686 0)
(2.96451 1.74342 0)
(3.01244 1.6887 0)
(3.07158 1.61023 0)
(3.14979 1.47244 0)
(3.1798 1.40032 0)
(3.16646 1.42413 0)
(3.17812 1.38198 0)
(3.28614 1.24904 0)
(3.36101 1.1149 0)
(3.39312 1.10672 0)
(3.37289 1.14208 0)
(3.41463 1.07727 0)
(3.50893 0.94637 0)
(3.56535 0.848357 0)
(3.59017 0.861857 0)
(3.57698 0.873612 0)
(3.6372 0.800883 0)
(3.70065 0.688097 0)
(3.74022 0.631599 0)
(3.75232 0.651491 0)
(3.76046 0.631932 0)
(3.81489 0.547625 0)
(3.84513 0.468275 0)
(3.86776 0.466424 0)
(3.87029 0.47099 0)
(3.91683 0.407401 0)
(3.94355 0.324729 0)
(3.95556 0.308857 0)
(3.96976 0.319368 0)
(3.99859 0.281954 0)
(3.98412 0.196333 0)
(3.72396 -0.194966 0)
(3.17584 -0.833074 0)
(2.85333 -1.09791 0)
(2.8897 -1.10856 0)
(2.96499 -1.11882 0)
(3.02949 -1.09006 0)
(3.06527 -1.0548 0)
(3.11751 -1.06691 0)
(3.17141 -1.08517 0)
(3.22286 -1.10089 0)
(3.27679 -1.11653 0)
(3.33583 -1.13432 0)
(3.3958 -1.15112 0)
(3.44846 -1.16448 0)
(3.49702 -1.17981 0)
(3.5452 -1.19197 0)
(3.58447 -1.18139 0)
(3.60707 -1.13912 0)
(3.61926 -1.08351 0)
(3.64666 -1.05176 0)
(3.6814 -1.04992 0)
(3.70408 -1.05449 0)
(3.73292 -1.05758 0)
(3.78006 -1.049 0)
(3.83155 -1.03933 0)
(3.88369 -1.03241 0)
(3.92066 -1.00958 0)
(3.94014 -0.996342 0)
(3.94957 -0.986146 0)
(3.94946 -0.93358 0)
(3.95504 -0.871429 0)
(3.97075 -0.833839 0)
(3.98685 -0.789151 0)
(4.01192 -0.741628 0)
(4.03328 -0.70212 0)
(4.06227 -0.666788 0)
(4.10055 -0.634275 0)
(4.1151 -0.614056 0)
(4.11235 -0.604694 0)
(4.10385 -0.574616 0)
(4.09719 -0.529645 0)
(4.11373 -0.495762 0)
(4.11986 -0.470756 0)
(4.12149 -0.425263 0)
(4.10114 -0.321213 0)
(4.02759 -0.113712 0)
(3.98616 0.0486054 0)
(3.92126 0.203086 0)
(3.871 0.323309 0)
(3.82495 0.39048 0)
(3.77466 0.443913 0)
(3.74784 0.469364 0)
(3.74957 0.469205 0)
(3.76533 0.463686 0)
(3.79586 0.457635 0)
(3.81576 0.446781 0)
(3.8312 0.424404 0)
(3.83541 0.40771 0)
(3.8328 0.410848 0)
(3.81931 0.44784 0)
(3.79629 0.463009 0)
(5.00013 0.000645376 0)
(4.994 0.0696488 0)
(4.34929 0.956284 0)
(3.41081 1.64591 0)
(3.02881 1.77798 0)
(3.02741 1.76234 0)
(3.10282 1.68411 0)
(3.18515 1.54268 0)
(3.19707 1.51018 0)
(3.17765 1.52293 0)
(3.23582 1.4344 0)
(3.33502 1.27514 0)
(3.37953 1.18447 0)
(3.37866 1.22633 0)
(3.35805 1.2267 0)
(3.44377 1.11942 0)
(3.51827 0.974943 0)
(3.55968 0.928006 0)
(3.55608 0.971577 0)
(3.56142 0.945303 0)
(3.64261 0.842125 0)
(3.69335 0.731255 0)
(3.72537 0.717429 0)
(3.71502 0.746245 0)
(3.74526 0.69843 0)
(3.80168 0.596922 0)
(3.83221 0.530465 0)
(3.84934 0.545582 0)
(3.85132 0.541761 0)
(3.90117 0.468053 0)
(3.92249 0.395709 0)
(3.94132 0.380588 0)
(3.96603 0.382025 0)
(3.94865 0.298961 0)
(3.72069 -0.0515986 0)
(3.0835 -0.718773 0)
(2.81505 -1.02559 0)
(2.8667 -1.03534 0)
(2.94843 -1.04237 0)
(3.03987 -1.05199 0)
(3.10587 -1.03299 0)
(3.13612 -1.00787 0)
(3.16633 -1.00302 0)
(3.21589 -1.01104 0)
(3.2691 -1.01928 0)
(3.32564 -1.026 0)
(3.38399 -1.0359 0)
(3.444 -1.05488 0)
(3.50189 -1.07867 0)
(3.55134 -1.09662 0)
(3.59763 -1.11002 0)
(3.64654 -1.11753 0)
(3.69016 -1.11107 0)
(3.71777 -1.09317 0)
(3.73142 -1.06043 0)
(3.75397 -1.03021 0)
(3.78588 -1.0155 0)
(3.82138 -1.00524 0)
(3.86335 -0.99679 0)
(3.90344 -0.99054 0)
(3.93222 -0.988933 0)
(3.96517 -0.986668 0)
(3.99621 -0.9803 0)
(4.02968 -0.976726 0)
(4.04543 -0.969566 0)
(4.05783 -0.927492 0)
(4.06347 -0.88767 0)
(4.07068 -0.859031 0)
(4.08849 -0.829583 0)
(4.11188 -0.800458 0)
(4.13711 -0.772269 0)
(4.16355 -0.745355 0)
(4.18947 -0.708135 0)
(4.20254 -0.653519 0)
(4.20346 -0.628807 0)
(4.20257 -0.578925 0)
(4.2046 -0.531444 0)
(4.20405 -0.492661 0)
(4.20822 -0.461739 0)
(4.21831 -0.437329 0)
(4.22188 -0.394001 0)
(4.21688 -0.311018 0)
(4.14731 -0.0974824 0)
(4.0988 0.0563266 0)
(4.04935 0.2005 0)
(3.92667 0.3414 0)
(3.87996 0.419972 0)
(3.84275 0.456295 0)
(3.83037 0.485756 0)
(3.85085 0.514152 0)
(3.8687 0.524451 0)
(3.8901 0.515005 0)
(3.90212 0.490968 0)
(3.90604 0.468033 0)
(3.90465 0.474133 0)
(3.88639 0.48771 0)
(5 2.8426e-07 0)
(5.00017 0.00137229 0)
(4.98552 0.0894075 0)
(4.31848 0.990273 0)
(3.45984 1.64727 0)
(3.10406 1.78173 0)
(3.10747 1.75518 0)
(3.18287 1.63977 0)
(3.20786 1.60742 0)
(3.21454 1.59013 0)
(3.30523 1.4701 0)
(3.37362 1.3197 0)
(3.39312 1.28985 0)
(3.3666 1.33969 0)
(3.38093 1.28886 0)
(3.47754 1.14836 0)
(3.52706 1.02583 0)
(3.55274 1.03506 0)
(3.53351 1.07045 0)
(3.57807 1.00473 0)
(3.65055 0.876356 0)
(3.68638 0.793744 0)
(3.7014 0.8214 0)
(3.68687 0.829021 0)
(3.74739 0.753317 0)
(3.79329 0.645058 0)
(3.82232 0.604115 0)
(3.82223 0.634612 0)
(3.8404 0.606124 0)
(3.88457 0.53134 0)
(3.91013 0.462973 0)
(3.9344 0.462288 0)
(3.92089 0.399632 0)
(3.71759 0.0641138 0)
(3.07828 -0.587501 0)
(2.73343 -0.95542 0)
(2.83428 -0.977284 0)
(2.91788 -0.964826 0)
(3.02222 -0.965949 0)
(3.10795 -0.982764 0)
(3.17371 -0.993644 0)
(3.22619 -0.990047 0)
(3.25634 -0.970987 0)
(3.28817 -0.957353 0)
(3.33831 -0.955634 0)
(3.39322 -0.956059 0)
(3.45016 -0.95552 0)
(3.5062 -0.960442 0)
(3.55675 -0.973004 0)
(3.60602 -0.992149 0)
(3.65587 -1.01375 0)
(3.70265 -1.02831 0)
(3.75074 -1.03552 0)
(3.79761 -1.02632 0)
(3.82626 -1.00346 0)
(3.83226 -0.97519 0)
(3.85458 -0.96974 0)
(3.88639 -0.975897 0)
(3.92466 -0.977249 0)
(3.9642 -0.96683 0)
(3.99721 -0.94627 0)
(4.02799 -0.93082 0)
(4.06045 -0.931876 0)
(4.09281 -0.934279 0)
(4.12412 -0.930605 0)
(4.14263 -0.897914 0)
(4.12125 -0.864017 0)
(4.12656 -0.83849 0)
(4.14813 -0.836627 0)
(4.17978 -0.831467 0)
(4.19974 -0.819305 0)
(4.21889 -0.802716 0)
(4.24334 -0.777149 0)
(4.26192 -0.74179 0)
(4.27313 -0.709899 0)
(4.27917 -0.669008 0)
(4.27296 -0.604775 0)
(4.26729 -0.552455 0)
(4.26953 -0.534345 0)
(4.26851 -0.506118 0)
(4.28029 -0.470906 0)
(4.29687 -0.442004 0)
(4.31183 -0.413948 0)
(4.30172 -0.308589 0)
(4.25359 -0.128242 0)
(4.15957 0.0867314 0)
(4.10965 0.216828 0)
(4.01446 0.345677 0)
(3.9398 0.44952 0)
(3.91407 0.533869 0)
(3.93393 0.548706 0)
(3.95242 0.551696 0)
(3.95958 0.548958 0)
(3.96577 0.542346 0)
(3.96942 0.540463 0)
(3.96489 0.53672 0)
(5 6.26365e-11 0)
(5 8.58895e-07 0)
(5.00019 0.00202987 0)
(4.97892 0.0991997 0)
(4.30529 1.01098 0)
(3.55052 1.62811 0)
(3.18462 1.76554 0)
(3.16987 1.74385 0)
(3.20494 1.69194 0)
(3.25513 1.64303 0)
(3.35836 1.50263 0)
(3.40035 1.38264 0)
(3.39551 1.40434 0)
(3.35771 1.43352 0)
(3.4209 1.34767 0)
(3.51139 1.19374 0)
(3.55391 1.09689 0)
(3.56542 1.13265 0)
(3.54235 1.14466 0)
(3.60279 1.05349 0)
(3.6523 0.923745 0)
(3.68017 0.881066 0)
(3.68389 0.921222 0)
(3.69317 0.894141 0)
(3.75929 0.792018 0)
(3.78808 0.691787 0)
(3.80807 0.694069 0)
(3.7999 0.717379 0)
(3.83538 0.670007 0)
(3.88399 0.574485 0)
(3.90618 0.549162 0)
(3.89465 0.477912 0)
(3.67337 0.131629 0)
(3.11141 -0.509884 0)
(2.70434 -0.855022 0)
(2.80854 -0.91241 0)
(2.88988 -0.897962 0)
(2.99808 -0.869864 0)
(3.09946 -0.892764 0)
(3.17908 -0.921842 0)
(3.24661 -0.939972 0)
(3.31186 -0.949325 0)
(3.36432 -0.946592 0)
(3.3983 -0.933198 0)
(3.43575 -0.916597 0)
(3.48126 -0.906669 0)
(3.52916 -0.901397 0)
(3.57848 -0.899199 0)
(3.62938 -0.902493 0)
(3.67745 -0.909895 0)
(3.72185 -0.920105 0)
(3.76627 -0.931062 0)
(3.81268 -0.938608 0)
(3.85862 -0.943625 0)
(3.90357 -0.938346 0)
(3.92807 -0.909179 0)
(3.92568 -0.875581 0)
(3.93983 -0.874625 0)
(3.9708 -0.885217 0)
(4.00666 -0.894269 0)
(4.04247 -0.901417 0)
(4.07913 -0.899688 0)
(4.11146 -0.887118 0)
(4.14004 -0.875428 0)
(4.1688 -0.866546 0)
(4.19162 -0.850994 0)
(4.18756 -0.819082 0)
(4.17398 -0.793504 0)
(4.18052 -0.792637 0)
(4.20945 -0.792411 0)
(4.23255 -0.793261 0)
(4.24816 -0.788372 0)
(4.27643 -0.77756 0)
(4.30616 -0.753289 0)
(4.32471 -0.732824 0)
(4.33143 -0.725031 0)
(4.33455 -0.696237 0)
(4.32849 -0.635638 0)
(4.31864 -0.598935 0)
(4.32139 -0.584146 0)
(4.32866 -0.566069 0)
(4.33925 -0.541798 0)
(4.35419 -0.501352 0)
(4.37843 -0.471748 0)
(4.38821 -0.415214 0)
(4.36602 -0.304552 0)
(4.30172 -0.0998585 0)
(4.25185 0.0428661 0)
(4.15166 0.232036 0)
(4.04914 0.45092 0)
(4.03679 0.48516 0)
(4.03371 0.524679 0)
(4.02795 0.565659 0)
(4.02374 0.570517 0)
(4.0152 0.579534 0)
(4.01295 0.584135 0)
(5 -2.02687e-15 0)
(5 2.37484e-10 0)
(5 1.53129e-06 0)
(5.00015 0.00245347 0)
(4.96895 0.106574 0)
(4.3668 0.975451 0)
(3.6461 1.57567 0)
(3.25973 1.76495 0)
(3.22543 1.77029 0)
(3.26614 1.71166 0)
(3.36922 1.55762 0)
(3.38654 1.4867 0)
(3.36047 1.53961 0)
(3.36951 1.51328 0)
(3.48905 1.3714 0)
(3.56085 1.20446 0)
(3.58845 1.1758 0)
(3.55995 1.24398 0)
(3.53879 1.22727 0)
(3.61928 1.11451 0)
(3.66598 0.982682 0)
(3.69871 0.957349 0)
(3.69936 0.993532 0)
(3.71602 0.952815 0)
(3.76644 0.83847 0)
(3.78238 0.764271 0)
(3.79704 0.784501 0)
(3.79363 0.791766 0)
(3.85725 0.704979 0)
(3.8786 0.661475 0)
(3.86378 0.564155 0)
(3.62328 0.189796 0)
(3.08848 -0.460119 0)
(2.73303 -0.815513 0)
(2.79945 -0.84627 0)
(2.89864 -0.839024 0)
(2.99442 -0.794222 0)
(3.10092 -0.796121 0)
(3.18717 -0.823058 0)
(3.2634 -0.855511 0)
(3.3307 -0.874558 0)
(3.39649 -0.888347 0)
(3.46008 -0.896149 0)
(3.51395 -0.893591 0)
(3.55514 -0.88088 0)
(3.58888 -0.866166 0)
(3.62073 -0.853126 0)
(3.65604 -0.842225 0)
(3.70202 -0.83802 0)
(3.75034 -0.84159 0)
(3.79476 -0.849023 0)
(3.83639 -0.855229 0)
(3.87828 -0.85668 0)
(3.92167 -0.851173 0)
(3.9647 -0.842643 0)
(4.00187 -0.83089 0)
(4.01048 -0.811757 0)
(3.99532 -0.795603 0)
(4.01142 -0.793591 0)
(4.04613 -0.798047 0)
(4.07831 -0.800094 0)
(4.11165 -0.794672 0)
(4.14222 -0.793386 0)
(4.17307 -0.801289 0)
(4.20351 -0.809562 0)
(4.23238 -0.811786 0)
(4.24751 -0.795892 0)
(4.23189 -0.753982 0)
(4.21216 -0.728887 0)
(4.21485 -0.718444 0)
(4.24786 -0.713099 0)
(4.28012 -0.714654 0)
(4.30625 -0.715146 0)
(4.33034 -0.711893 0)
(4.3537 -0.701278 0)
(4.36322 -0.698671 0)
(4.37582 -0.689876 0)
(4.37309 -0.659942 0)
(4.35967 -0.619848 0)
(4.36752 -0.600334 0)
(4.37327 -0.585572 0)
(4.38386 -0.573881 0)
(4.39996 -0.562771 0)
(4.41988 -0.541369 0)
(4.44016 -0.515002 0)
(4.45354 -0.48939 0)
(4.43539 -0.428337 0)
(4.40772 -0.303722 0)
(4.36285 -0.156029 0)
(4.26912 0.052572 0)
(4.21847 0.2081 0)
(4.14034 0.428786 0)
(4.14158 0.510212 0)
(4.10221 0.57914 0)
(4.06663 0.583735 0)
(4.0648 0.592417 0)
(5 -3.30509e-15 0)
(5 2.83189e-15 0)
(5 4.97316e-10 0)
(5 2.03644e-06 0)
(5.00001 0.00260988 0)
(4.97425 0.094177 0)
(4.43648 0.90167 0)
(3.72916 1.53439 0)
(3.33038 1.76453 0)
(3.29739 1.77047 0)
(3.33427 1.68986 0)
(3.37819 1.59643 0)
(3.38409 1.59397 0)
(3.45496 1.51519 0)
(3.54594 1.36714 0)
(3.56692 1.27066 0)
(3.55081 1.31738 0)
(3.50322 1.36231 0)
(3.56232 1.28696 0)
(3.65833 1.1365 0)
(3.70295 1.01924 0)
(3.72968 1.03771 0)
(3.70214 1.08013 0)
(3.72434 1.02171 0)
(3.76895 0.9008 0)
(3.78876 0.834613 0)
(3.79884 0.870798 0)
(3.83395 0.842345 0)
(3.85796 0.773395 0)
(3.83736 0.668476 0)
(3.55008 0.225969 0)
(3.02032 -0.439087 0)
(2.77251 -0.774065 0)
(2.83899 -0.791983 0)
(2.95165 -0.801735 0)
(3.03923 -0.763727 0)
(3.12612 -0.719252 0)
(3.21799 -0.727458 0)
(3.29465 -0.747953 0)
(3.36294 -0.773746 0)
(3.42596 -0.791459 0)
(3.48818 -0.803316 0)
(3.5523 -0.811441 0)
(3.61132 -0.817258 0)
(3.66336 -0.821298 0)
(3.70382 -0.816364 0)
(3.72699 -0.80192 0)
(3.74028 -0.780966 0)
(3.77299 -0.766175 0)
(3.8189 -0.761845 0)
(3.86063 -0.764842 0)
(3.90046 -0.771002 0)
(3.94054 -0.77711 0)
(3.98131 -0.780675 0)
(4.02236 -0.776416 0)
(4.0594 -0.761799 0)
(4.07812 -0.73992 0)
(4.05965 -0.719823 0)
(4.04993 -0.711389 0)
(4.07764 -0.712151 0)
(4.11018 -0.716633 0)
(4.14213 -0.715318 0)
(4.17287 -0.704836 0)
(4.20178 -0.700372 0)
(4.23223 -0.704569 0)
(4.26232 -0.707724 0)
(4.28428 -0.70207 0)
(4.27617 -0.68436 0)
(4.24615 -0.674111 0)
(4.24983 -0.674622 0)
(4.27352 -0.674525 0)
(4.30656 -0.668764 0)
(4.34124 -0.659921 0)
(4.36315 -0.645071 0)
(4.37908 -0.639894 0)
(4.39571 -0.645435 0)
(4.41342 -0.648409 0)
(4.41912 -0.637456 0)
(4.38999 -0.608537 0)
(4.38146 -0.579221 0)
(4.39694 -0.564103 0)
(4.41107 -0.550766 0)
(4.43187 -0.542676 0)
(4.45008 -0.53582 0)
(4.45979 -0.53272 0)
(4.47626 -0.527979 0)
(4.4914 -0.512307 0)
(4.48779 -0.482076 0)
(4.45694 -0.390633 0)
(4.43125 -0.331797 0)
(4.39205 -0.228856 0)
(4.32207 -0.0261917 0)
(4.2957 0.16721 0)
(4.21511 0.432139 0)
(4.23898 0.49154 0)
(4.1184 0.591912 0)
(5 9.30596e-16 0)
(5 3.92723e-16 0)
(5 1.8435e-14 0)
(5 7.99939e-10 0)
(5 2.18054e-06 0)
(4.99999 0.00217863 0)
(4.9806 0.0738571 0)
(4.51598 0.814174 0)
(3.77678 1.51155 0)
(3.46705 1.73722 0)
(3.411 1.73023 0)
(3.42412 1.68043 0)
(3.42919 1.64761 0)
(3.47601 1.58662 0)
(3.52929 1.44048 0)
(3.52806 1.39171 0)
(3.51158 1.43756 0)
(3.51613 1.4167 0)
(3.63279 1.29054 0)
(3.69722 1.13685 0)
(3.72309 1.08807 0)
(3.71022 1.15761 0)
(3.66995 1.17548 0)
(3.73598 1.08398 0)
(3.7847 0.945336 0)
(3.817 0.895199 0)
(3.82639 0.936858 0)
(3.8545 0.885442 0)
(3.8124 0.773411 0)
(3.47108 0.272663 0)
(2.93838 -0.416122 0)
(2.78842 -0.756234 0)
(2.87694 -0.760498 0)
(3.00923 -0.764228 0)
(3.12411 -0.766116 0)
(3.21005 -0.738538 0)
(3.28207 -0.700091 0)
(3.35019 -0.686361 0)
(3.41494 -0.694538 0)
(3.47317 -0.708768 0)
(3.52756 -0.721051 0)
(3.58423 -0.730996 0)
(3.64369 -0.737975 0)
(3.70206 -0.739334 0)
(3.75332 -0.740943 0)
(3.79682 -0.743027 0)
(3.82668 -0.740813 0)
(3.83667 -0.726557 0)
(3.84712 -0.701934 0)
(3.87981 -0.684228 0)
(3.91873 -0.68218 0)
(3.95578 -0.688591 0)
(3.99276 -0.694465 0)
(4.03104 -0.69527 0)
(4.06822 -0.688481 0)
(4.10209 -0.680488 0)
(4.1269 -0.672945 0)
(4.12433 -0.65894 0)
(4.10187 -0.640604 0)
(4.1043 -0.627824 0)
(4.13669 -0.626043 0)
(4.16851 -0.625905 0)
(4.19855 -0.622155 0)
(4.22962 -0.624434 0)
(4.26077 -0.630055 0)
(4.2904 -0.633364 0)
(4.31459 -0.625497 0)
(4.31669 -0.596692 0)
(4.28215 -0.568233 0)
(4.26223 -0.562055 0)
(4.27013 -0.56696 0)
(4.31345 -0.576822 0)
(4.35233 -0.581019 0)
(4.38424 -0.577582 0)
(4.40663 -0.573232 0)
(4.42493 -0.577501 0)
(4.43983 -0.584369 0)
(4.44683 -0.580757 0)
(4.41981 -0.557748 0)
(4.39106 -0.52807 0)
(4.40537 -0.515491 0)
(4.42045 -0.508545 0)
(4.43465 -0.505477 0)
(4.44846 -0.507772 0)
(4.45991 -0.510246 0)
(4.48262 -0.506858 0)
(4.50137 -0.489875 0)
(4.50283 -0.466461 0)
(4.47832 -0.437686 0)
(4.46045 -0.408627 0)
(4.45969 -0.398554 0)
(4.45375 -0.3623 0)
(4.43609 -0.268594 0)
(4.39014 -0.0749194 0)
(4.37444 0.103141 0)
(4.24096 0.443182 0)
(5 4.96746e-15 0)
(5 5.29832e-15 0)
(5 4.90528e-15 0)
(5 3.6917e-14 0)
(5 7.1106e-10 0)
(5 2.22445e-06 0)
(5.00004 0.00130696 0)
(4.9809 0.0657916 0)
(4.57354 0.700688 0)
(4.01611 1.34114 0)
(3.5478 1.68713 0)
(3.41268 1.77101 0)
(3.39145 1.74758 0)
(3.43784 1.68518 0)
(3.52609 1.5284 0)
(3.5525 1.45105 0)
(3.55706 1.47865 0)
(3.58428 1.44978 0)
(3.66777 1.32526 0)
(3.69119 1.20526 0)
(3.69614 1.20791 0)
(3.66739 1.2664 0)
(3.67841 1.22104 0)
(3.76412 1.1052 0)
(3.80051 0.977993 0)
(3.8201 1.0057 0)
(3.83435 0.988413 0)
(3.76349 0.83817 0)
(3.37851 0.266196 0)
(2.90376 -0.389998 0)
(2.85099 -0.66624 0)
(2.93871 -0.657118 0)
(3.06745 -0.646853 0)
(3.19808 -0.653368 0)
(3.30034 -0.660097 0)
(3.37418 -0.650128 0)
(3.43647 -0.642433 0)
(3.49266 -0.63143 0)
(3.53563 -0.618425 0)
(3.5753 -0.619981 0)
(3.62179 -0.6323 0)
(3.67039 -0.642877 0)
(3.7237 -0.649548 0)
(3.77841 -0.65125 0)
(3.82771 -0.650302 0)
(3.86986 -0.651099 0)
(3.90248 -0.654069 0)
(3.91921 -0.65075 0)
(3.92546 -0.621245 0)
(3.93323 -0.582776 0)
(3.95879 -0.580026 0)
(4.00063 -0.590569 0)
(4.03437 -0.604456 0)
(4.06905 -0.61279 0)
(4.10544 -0.613223 0)
(4.13908 -0.606424 0)
(4.16474 -0.595408 0)
(4.17281 -0.581029 0)
(4.15615 -0.566993 0)
(4.14466 -0.557035 0)
(4.1653 -0.54898 0)
(4.19408 -0.543908 0)
(4.22081 -0.539574 0)
(4.24771 -0.538145 0)
(4.27676 -0.542177 0)
(4.30778 -0.547548 0)
(4.33477 -0.549893 0)
(4.3452 -0.539343 0)
(4.32624 -0.511841 0)
(4.3059 -0.503416 0)
(4.30276 -0.508064 0)
(4.31419 -0.502419 0)
(4.3423 -0.489441 0)
(4.37155 -0.472837 0)
(4.39674 -0.460897 0)
(4.42039 -0.468602 0)
(4.43166 -0.490342 0)
(4.43744 -0.509671 0)
(4.42579 -0.507885 0)
(4.40741 -0.481578 0)
(4.41653 -0.459963 0)
(4.42071 -0.448043 0)
(4.42815 -0.44149 0)
(4.45058 -0.445225 0)
(4.46479 -0.453154 0)
(4.48078 -0.455103 0)
(4.49808 -0.443795 0)
(4.50214 -0.41981 0)
(4.4769 -0.398984 0)
(4.44994 -0.386884 0)
(4.46646 -0.385184 0)
(4.47822 -0.385906 0)
(4.48595 -0.380709 0)
(4.49142 -0.352372 0)
(4.48625 -0.29808 0)
(4.41024 0.0117694 0)
(5 2.2255e-15 0)
(5 4.26874e-15 0)
(5 4.61719e-15 0)
(5 4.68128e-15 0)
(5 3.43658e-14 0)
(5 6.06191e-10 0)
(5 1.27698e-06 0)
(4.99994 0.000823462 0)
(4.98204 0.0558262 0)
(4.83655 0.430695 0)
(4.03979 1.33867 0)
(3.53087 1.75134 0)
(3.47475 1.74829 0)
(3.47994 1.71974 0)
(3.55517 1.59367 0)
(3.5895 1.51703 0)
(3.58122 1.55693 0)
(3.60939 1.52053 0)
(3.67599 1.37592 0)
(3.68544 1.26651 0)
(3.68013 1.30092 0)
(3.64507 1.34394 0)
(3.70377 1.28691 0)
(3.79216 1.12999 0)
(3.82133 1.09357 0)
(3.79891 1.01806 0)
(3.6816 0.776749 0)
(3.25361 0.126728 0)
(2.88358 -0.411814 0)
(2.90434 -0.696495 0)
(3.00192 -0.67532 0)
(3.13305 -0.634531 0)
(3.26347 -0.6075 0)
(3.37272 -0.605544 0)
(3.45568 -0.5962 0)
(3.51411 -0.589965 0)
(3.56516 -0.595777 0)
(3.61104 -0.594896 0)
(3.64723 -0.574597 0)
(3.67358 -0.552763 0)
(3.70574 -0.553462 0)
(3.74657 -0.564802 0)
(3.79201 -0.572201 0)
(3.84051 -0.57179 0)
(3.88555 -0.567513 0)
(3.92446 -0.566038 0)
(3.95678 -0.570276 0)
(3.97949 -0.574193 0)
(3.99092 -0.559204 0)
(3.99533 -0.522645 0)
(4.00505 -0.495589 0)
(4.03556 -0.501777 0)
(4.06755 -0.513989 0)
(4.0981 -0.519954 0)
(4.12994 -0.518669 0)
(4.16086 -0.512548 0)
(4.18766 -0.506847 0)
(4.20463 -0.501715 0)
(4.19984 -0.491606 0)
(4.17892 -0.476569 0)
(4.18808 -0.463941 0)
(4.21554 -0.458636 0)
(4.24069 -0.456131 0)
(4.26457 -0.45699 0)
(4.28743 -0.460484 0)
(4.31207 -0.464676 0)
(4.33214 -0.463007 0)
(4.34361 -0.448104 0)
(4.32818 -0.420968 0)
(4.30313 -0.406301 0)
(4.30967 -0.409577 0)
(4.31917 -0.416348 0)
(4.33723 -0.419546 0)
(4.37489 -0.414744 0)
(4.41356 -0.406092 0)
(4.44167 -0.401272 0)
(4.44763 -0.403862 0)
(4.42168 -0.408278 0)
(4.36498 -0.404828 0)
(4.35035 -0.387398 0)
(4.38607 -0.380236 0)
(4.41316 -0.379122 0)
(4.44138 -0.374777 0)
(4.46298 -0.375172 0)
(4.47644 -0.380892 0)
(4.48456 -0.38316 0)
(4.49108 -0.376679 0)
(4.49031 -0.360632 0)
(4.47241 -0.348382 0)
(4.45453 -0.339047 0)
(4.47073 -0.333394 0)
(4.48759 -0.334 0)
(4.49483 -0.331693 0)
(4.50566 -0.325554 0)
(4.51724 -0.325472 0)
(4.53373 -0.271581 0)
(5 6.95704e-16 0)
(5 1.33023e-15 0)
(5 2.68611e-15 0)
(5 2.39136e-15 0)
(5 6.24785e-15 0)
(5 3.46882e-14 0)
(5 2.60991e-10 0)
(5 7.74211e-07 0)
(4.99994 0.000500752 0)
(5.00051 0.0219164 0)
(4.81491 0.37997 0)
(4.05667 1.31364 0)
(3.78036 1.58412 0)
(3.59451 1.68468 0)
(3.57832 1.6764 0)
(3.59035 1.63567 0)
(3.56077 1.65053 0)
(3.62296 1.57498 0)
(3.67246 1.40922 0)
(3.66404 1.37462 0)
(3.65526 1.4364 0)
(3.67635 1.42514 0)
(3.79694 1.26993 0)
(3.80725 1.1606 0)
(3.77834 1.07406 0)
(3.52263 0.5915 0)
(3.27712 0.0127469 0)
(2.97831 -0.451591 0)
(3.0511 -0.543389 0)
(3.12633 -0.510575 0)
(3.22283 -0.475618 0)
(3.31732 -0.452986 0)
(3.4139 -0.467898 0)
(3.5002 -0.473808 0)
(3.56511 -0.465322 0)
(3.61571 -0.468545 0)
(3.66065 -0.487632 0)
(3.69851 -0.498004 0)
(3.7288 -0.483767 0)
(3.74878 -0.459471 0)
(3.76916 -0.450596 0)
(3.8011 -0.458894 0)
(3.84053 -0.466366 0)
(3.88367 -0.465894 0)
(3.92532 -0.462324 0)
(3.96278 -0.46304 0)
(3.99529 -0.470195 0)
(4.02018 -0.478288 0)
(4.03406 -0.471057 0)
(4.03459 -0.438434 0)
(4.03037 -0.404846 0)
(4.04922 -0.401814 0)
(4.08523 -0.4164 0)
(4.11815 -0.426368 0)
(4.15027 -0.430061 0)
(4.18174 -0.428299 0)
(4.20882 -0.424243 0)
(4.22496 -0.421212 0)
(4.21981 -0.413572 0)
(4.19601 -0.395045 0)
(4.191 -0.37715 0)
(4.21375 -0.369229 0)
(4.23923 -0.366644 0)
(4.26825 -0.371278 0)
(4.2962 -0.378214 0)
(4.32026 -0.383902 0)
(4.34005 -0.385781 0)
(4.34627 -0.379317 0)
(4.33577 -0.355272 0)
(4.30611 -0.317305 0)
(4.29754 -0.319472 0)
(4.3096 -0.341552 0)
(4.32308 -0.351995 0)
(4.35178 -0.348616 0)
(4.3847 -0.335004 0)
(4.40431 -0.318249 0)
(4.41809 -0.313436 0)
(4.41929 -0.329505 0)
(4.38636 -0.343923 0)
(4.35786 -0.326189 0)
(4.38946 -0.317562 0)
(4.4181 -0.314273 0)
(4.44285 -0.307397 0)
(4.46568 -0.304668 0)
(4.48296 -0.307202 0)
(4.49503 -0.309771 0)
(4.50418 -0.310363 0)
(4.50446 -0.306558 0)
(4.48197 -0.302856 0)
(4.46136 -0.293052 0)
(4.4786 -0.28561 0)
(4.49512 -0.284881 0)
(4.50783 -0.281532 0)
(4.51843 -0.276278 0)
(4.53296 -0.271818 0)
(4.55728 -0.263333 0)
(5 4.57957e-16 0)
(5 1.08893e-15 0)
(5 2.86368e-15 0)
(5 2.64087e-15 0)
(5 1.84597e-15 0)
(5 5.1149e-16 0)
(5 1.4235e-14 0)
(5 1.51428e-10 0)
(5 3.74931e-07 0)
(5 0.000141789 0)
(4.99656 0.0167499 0)
(4.84571 0.297011 0)
(4.40551 1.00393 0)
(3.97641 1.43696 0)
(3.65174 1.66967 0)
(3.54744 1.74631 0)
(3.51987 1.73299 0)
(3.5504 1.67909 0)
(3.64614 1.53488 0)
(3.70824 1.42386 0)
(3.74677 1.36481 0)
(3.7768 1.41764 0)
(3.79365 1.30032 0)
(3.68137 1.01392 0)
(3.38311 0.294025 0)
(3.17251 -0.228735 0)
(3.0753 -0.595828 0)
(3.1163 -0.619612 0)
(3.22765 -0.589966 0)
(3.33535 -0.504983 0)
(3.40267 -0.393633 0)
(3.45365 -0.362669 0)
(3.51618 -0.390194 0)
(3.57494 -0.397817 0)
(3.62733 -0.386004 0)
(3.6765 -0.385355 0)
(3.72368 -0.404182 0)
(3.76065 -0.418284 0)
(3.78791 -0.408195 0)
(3.80362 -0.385366 0)
(3.81534 -0.373521 0)
(3.83804 -0.37699 0)
(3.87206 -0.380277 0)
(3.91253 -0.377453 0)
(3.95402 -0.372457 0)
(3.9927 -0.371668 0)
(4.02602 -0.378315 0)
(4.04847 -0.387905 0)
(4.05541 -0.381896 0)
(4.04941 -0.348053 0)
(4.04085 -0.316028 0)
(4.05746 -0.317995 0)
(4.09489 -0.334694 0)
(4.13117 -0.343101 0)
(4.16165 -0.339779 0)
(4.18349 -0.328829 0)
(4.19629 -0.31855 0)
(4.20437 -0.314677 0)
(4.20819 -0.315007 0)
(4.19945 -0.314122 0)
(4.19809 -0.311287 0)
(4.22266 -0.300028 0)
(4.24656 -0.287504 0)
(4.26205 -0.281905 0)
(4.2733 -0.288212 0)
(4.28511 -0.296359 0)
(4.30147 -0.294873 0)
(4.31992 -0.286057 0)
(4.32794 -0.269821 0)
(4.32078 -0.252416 0)
(4.32104 -0.251232 0)
(4.33186 -0.265995 0)
(4.341 -0.276858 0)
(4.36021 -0.272758 0)
(4.38248 -0.262349 0)
(4.40171 -0.25093 0)
(4.41963 -0.240446 0)
(4.42583 -0.239739 0)
(4.4068 -0.246233 0)
(4.35862 -0.251766 0)
(4.35951 -0.252949 0)
(4.38845 -0.250503 0)
(4.41055 -0.245821 0)
(4.43303 -0.239855 0)
(4.45184 -0.237532 0)
(4.46651 -0.238966 0)
(4.47774 -0.242457 0)
(4.48036 -0.244298 0)
(4.45999 -0.248525 0)
(4.43412 -0.24208 0)
(4.44739 -0.23292 0)
(4.46518 -0.229421 0)
(4.47791 -0.22671 0)
(4.49062 -0.224893 0)
(4.50378 -0.226923 0)
(4.52923 -0.224708 0)
(5 1.59192e-15 0)
(5 2.2728e-15 0)
(5 4.19838e-15 0)
(5 3.66267e-15 0)
(5 8.01307e-16 0)
(5 -6.71845e-16 0)
(5 -1.3447e-15 0)
(5 9.56255e-15 0)
(5 2.87969e-11 0)
(5 1.18463e-07 0)
(4.99999 7.44076e-05 0)
(4.99812 0.00931773 0)
(4.94723 0.142133 0)
(4.7053 0.688361 0)
(3.90187 1.50108 0)
(3.58829 1.8109 0)
(3.56425 1.71703 0)
(3.5963 1.67035 0)
(3.68664 1.53846 0)
(3.7172 1.52853 0)
(3.75395 1.49707 0)
(3.74192 1.37353 0)
(3.65136 0.908554 0)
(3.34663 0.18491 0)
(3.21456 -0.164386 0)
(3.14856 -0.321663 0)
(3.18138 -0.333303 0)
(3.28433 -0.328628 0)
(3.38982 -0.338315 0)
(3.46416 -0.299058 0)
(3.49731 -0.238834 0)
(3.52251 -0.243056 0)
(3.55088 -0.270802 0)
(3.58709 -0.280249 0)
(3.63501 -0.280126 0)
(3.69169 -0.288052 0)
(3.74614 -0.303613 0)
(3.78737 -0.310664 0)
(3.81494 -0.297033 0)
(3.82732 -0.272034 0)
(3.8261 -0.255348 0)
(3.82582 -0.256958 0)
(3.84244 -0.262487 0)
(3.87501 -0.259361 0)
(3.91386 -0.253229 0)
(3.95313 -0.250503 0)
(3.98807 -0.251762 0)
(4.01314 -0.252593 0)
(4.02518 -0.244327 0)
(4.02284 -0.227421 0)
(4.0153 -0.220006 0)
(4.02182 -0.228031 0)
(4.04215 -0.237675 0)
(4.06776 -0.23943 0)
(4.09712 -0.232429 0)
(4.12814 -0.220855 0)
(4.15833 -0.211266 0)
(4.18148 -0.208592 0)
(4.19034 -0.214172 0)
(4.17687 -0.225402 0)
(4.1518 -0.223709 0)
(4.15734 -0.209505 0)
(4.18125 -0.197359 0)
(4.21145 -0.191869 0)
(4.24457 -0.194137 0)
(4.27201 -0.198583 0)
(4.29236 -0.200103 0)
(4.30609 -0.197573 0)
(4.30853 -0.190665 0)
(4.28609 -0.176259 0)
(4.26672 -0.170353 0)
(4.28116 -0.18005 0)
(4.30201 -0.187649 0)
(4.32435 -0.185704 0)
(4.34641 -0.179762 0)
(4.36801 -0.170432 0)
(4.38813 -0.158843 0)
(4.40139 -0.152127 0)
(4.39512 -0.158435 0)
(4.35979 -0.170921 0)
(4.35318 -0.171374 0)
(4.37287 -0.167892 0)
(4.39219 -0.164159 0)
(4.41459 -0.157785 0)
(4.43696 -0.153452 0)
(4.45909 -0.153737 0)
(4.47835 -0.158554 0)
(4.48479 -0.164662 0)
(4.46085 -0.171578 0)
(4.42644 -0.160858 0)
(4.4342 -0.152971 0)
(4.45183 -0.150363 0)
(4.46778 -0.14869 0)
(4.48582 -0.148963 0)
(4.5019 -0.152363 0)
(4.52886 -0.152878 0)
(5 1.43155e-15 0)
(5 -1.36597e-15 0)
(5 -2.16848e-15 0)
(5 -1.87204e-15 0)
(5 -1.67625e-15 0)
(5 -2.4559e-15 0)
(5 -3.36132e-15 0)
(5 -8.14463e-15 0)
(5 -5.09764e-15 0)
(5 8.29003e-12 0)
(5 6.69774e-08 0)
(5 1.65026e-05 0)
(4.99954 0.002929 0)
(4.99548 0.0636008 0)
(4.62956 0.65654 0)
(3.96845 1.50204 0)
(3.80996 1.61941 0)
(3.75575 1.65932 0)
(3.66227 1.49531 0)
(3.5908 1.2271 0)
(3.44882 0.776349 0)
(3.2613 0.161756 0)
(3.07137 -0.350127 0)
(2.97336 -0.531408 0)
(2.98458 -0.489425 0)
(3.08856 -0.388824 0)
(3.21849 -0.263663 0)
(3.34399 -0.182923 0)
(3.42365 -0.159522 0)
(3.48681 -0.141014 0)
(3.53094 -0.122451 0)
(3.55926 -0.137758 0)
(3.57634 -0.159954 0)
(3.6055 -0.163279 0)
(3.65081 -0.159097 0)
(3.70509 -0.160913 0)
(3.75775 -0.168022 0)
(3.80012 -0.168729 0)
(3.83107 -0.157851 0)
(3.84908 -0.144979 0)
(3.85254 -0.144453 0)
(3.85116 -0.156156 0)
(3.86365 -0.163725 0)
(3.89332 -0.161055 0)
(3.93131 -0.156423 0)
(3.97196 -0.154493 0)
(4.00973 -0.154152 0)
(4.03959 -0.152915 0)
(4.05801 -0.148113 0)
(4.05812 -0.139778 0)
(4.0387 -0.13487 0)
(4.03154 -0.138398 0)
(4.05061 -0.144121 0)
(4.07673 -0.144748 0)
(4.1057 -0.140009 0)
(4.13726 -0.131941 0)
(4.17091 -0.126147 0)
(4.20231 -0.128641 0)
(4.21726 -0.136471 0)
(4.19378 -0.139727 0)
(4.15561 -0.132771 0)
(4.15924 -0.122985 0)
(4.18435 -0.116444 0)
(4.21797 -0.114927 0)
(4.25366 -0.117807 0)
(4.28437 -0.120979 0)
(4.30898 -0.123694 0)
(4.32398 -0.123416 0)
(4.3171 -0.113083 0)
(4.28305 -0.098454 0)
(4.26617 -0.0997491 0)
(4.28341 -0.10853 0)
(4.30621 -0.113789 0)
(4.32931 -0.112658 0)
(4.35154 -0.10794 0)
(4.37336 -0.100033 0)
(4.39541 -0.0927752 0)
(4.41452 -0.0914947 0)
(4.41338 -0.0986397 0)
(4.37565 -0.106954 0)
(4.36403 -0.10757 0)
(4.38066 -0.10476 0)
(4.39758 -0.101178 0)
(4.41883 -0.0959705 0)
(4.44428 -0.093951 0)
(4.47088 -0.096642 0)
(4.49186 -0.101179 0)
(4.49788 -0.10402 0)
(4.47572 -0.108054 0)
(4.44117 -0.0995051 0)
(4.4429 -0.095102 0)
(4.46021 -0.09478 0)
(4.47898 -0.0939481 0)
(4.5001 -0.0958676 0)
(4.51749 -0.0996782 0)
(4.5437 -0.099886 0)
(5 -1.22402e-15 0)
(5 -2.74301e-15 0)
(5 -3.42222e-15 0)
(5 -2.94361e-15 0)
(5 -1.7562e-15 0)
(5 -1.7323e-15 0)
(5 -2.51583e-15 0)
(5 -4.37748e-15 0)
(5 -7.74189e-15 0)
(5 -2.23475e-15 0)
(5 3.27643e-12 0)
(5 5.33889e-09 0)
(5 4.08217e-06 0)
(4.99993 0.00094409 0)
(4.9762 0.0485068 0)
(4.68622 0.479941 0)
(4.36716 0.876912 0)
(3.87069 1.12216 0)
(3.44399 1.13683 0)
(3.26274 1.04237 0)
(3.12577 0.738808 0)
(3.06328 0.421695 0)
(3.03067 0.194459 0)
(3.05462 -0.0283432 0)
(3.15009 -0.14341 0)
(3.25932 -0.166251 0)
(3.36868 -0.123966 0)
(3.42402 -0.11514 0)
(3.45233 -0.113165 0)
(3.47153 -0.0902268 0)
(3.49744 -0.0731075 0)
(3.5201 -0.0761828 0)
(3.52957 -0.0816932 0)
(3.55639 -0.0766502 0)
(3.60297 -0.0734036 0)
(3.65824 -0.0749805 0)
(3.71049 -0.0787159 0)
(3.75229 -0.0786697 0)
(3.78485 -0.0730576 0)
(3.80757 -0.0679836 0)
(3.81415 -0.0718916 0)
(3.80825 -0.0830675 0)
(3.81359 -0.087044 0)
(3.84204 -0.0818722 0)
(3.88185 -0.0775897 0)
(3.92599 -0.0766241 0)
(3.96789 -0.0776493 0)
(4.00169 -0.0797348 0)
(4.02209 -0.0798213 0)
(4.02044 -0.0745617 0)
(3.99744 -0.0721935 0)
(3.98793 -0.0771103 0)
(4.00784 -0.0798456 0)
(4.03585 -0.0794354 0)
(4.06606 -0.0759143 0)
(4.09954 -0.0709839 0)
(4.13686 -0.0689297 0)
(4.17055 -0.0734022 0)
(4.18166 -0.0793421 0)
(4.14934 -0.0789899 0)
(4.11169 -0.0726519 0)
(4.12315 -0.0673018 0)
(4.15174 -0.0648233 0)
(4.18764 -0.0659921 0)
(4.22355 -0.0705539 0)
(4.25222 -0.0737799 0)
(4.27234 -0.0741084 0)
(4.28179 -0.0707429 0)
(4.27312 -0.0614844 0)
(4.24704 -0.052235 0)
(4.24124 -0.0620788 0)
(4.25246 -0.0680107 0)
(4.27607 -0.0669856 0)
(4.29846 -0.0661393 0)
(4.31859 -0.0608781 0)
(4.34228 -0.0558409 0)
(4.37057 -0.0545 0)
(4.39273 -0.0576677 0)
(4.38803 -0.0615181 0)
(4.3427 -0.0633075 0)
(4.33019 -0.0640719 0)
(4.34784 -0.0619307 0)
(4.36405 -0.059541 0)
(4.38671 -0.0560842 0)
(4.4147 -0.0553658 0)
(4.44198 -0.0572662 0)
(4.46198 -0.0598057 0)
(4.46734 -0.0615375 0)
(4.44415 -0.0633874 0)
(4.41059 -0.0561997 0)
(4.41414 -0.0549987 0)
(4.43156 -0.0559717 0)
(4.45066 -0.0557498 0)
(4.47112 -0.0576217 0)
(4.48746 -0.0600882 0)
(4.51166 -0.059832 0)
)
;

boundaryField
{
    inlet
    {
        type            fixedValue;
        value           uniform (5 0 0);
    }
    outlet
    {
        type            inletOutlet;
        inletValue      uniform (5 0 0);
        value           nonuniform List<vector> 
32
(
(3.18282 0.00704952 0)
(3.20068 -0.0226646 0)
(3.21755 -0.0118511 0)
(3.23752 0.0291344 0)
(3.26187 0.064661 0)
(3.27551 0.112296 0)
(3.29869 0.150319 0)
(3.31084 0.15641 0)
(3.32926 0.158963 0)
(3.35153 0.15663 0)
(3.37182 0.155805 0)
(3.38906 0.191253 0)
(3.43034 0.228196 0)
(3.48018 0.267444 0)
(3.5375 0.300771 0)
(3.59753 0.346439 0)
(3.65898 0.382792 0)
(3.72056 0.424438 0)
(3.79629 0.463009 0)
(3.88639 0.48771 0)
(3.96489 0.53672 0)
(4.01295 0.584135 0)
(4.0648 0.592417 0)
(4.1184 0.591912 0)
(4.24096 0.443182 0)
(4.41024 0.0117694 0)
(4.53373 -0.271581 0)
(4.55728 -0.263333 0)
(4.52923 -0.224708 0)
(4.52886 -0.152878 0)
(4.5437 -0.099886 0)
(4.51166 -0.059832 0)
)
;
    }
    bottom
    {
        type            symmetryPlane;
    }
    top
    {
        type            symmetryPlane;
    }
    obstacle
    {
        type            slip;
    }
    defaultFaces
    {
        type            empty;
    }
}


// ************************************************************************* //
