/*--------------------------------*- C++ -*----------------------------------*\
  =========                 |
  \\      /  F ield         | OpenFOAM: The Open Source CFD Toolbox
   \\    /   O peration     | Website:  https://openfoam.org
    \\  /    A nd           | Version:  7
     \\/     M anipulation  |
\*---------------------------------------------------------------------------*/
FoamFile
{
    version     2.0;
    format      ascii;
    class       volScalarField;
    location    "0.5";
    object      p;
}
// * * * * * * * * * * * * * * * * * * * * * * * * * * * * * * * * * * * * * //

dimensions      [1 -1 -2 0 0 0 0];

internalField   nonuniform List<scalar> 
4608
(
1
1
1
1
1
1
1
1
1
1
1
1
1
1
1
1
1
1
1
1
1
1
1
1
1
1
1
1
1
1
1
1
1
1
1
1
1
1
1
1
1
1
1
1
1
1
1
1
1
1
1
1
1
1
1
1
1
1
1
1
1
1
1
8.88121
19.3389
19.7313
19.7867
19.9364
20.1039
20.2499
20.3631
20.4557
20.5988
20.7543
20.8544
20.8485
20.7176
20.5483
20.4366
20.4825
20.7351
21.0555
21.329
21.4892
21.5555
21.593
21.6716
21.7742
21.8123
21.7482
21.5966
21.423
21.3019
21.283
21.3593
21.4364
1
1
1
1
1
1
1
1
1
1
1
1
1
1
1
1
1
1
1
1
1
1
1
1
1
1
1
1
1
1
1
1
1
1
1
1
1
1
1
1
1
1
1
1
1
1
1
1
1
1
1
1
1
1
1
1
1
1
1
1
1
1
1
8.79527
19.2027
19.7852
19.8019
19.9334
20.101
20.2482
20.3593
20.4494
20.5909
20.7456
20.8467
20.8412
20.7123
20.5452
20.438
20.487
20.7395
21.0553
21.3217
21.4768
21.5435
21.5872
21.6738
21.7782
21.8132
21.7444
21.5913
21.4198
21.2991
21.2753
21.3456
21.4183
1
1
1
1
1
1
1
1
1
1
1
1
1
1
1
1
1
1
1
1
1
1
1
1
1
1
1
1
1
1
1
1
1
1
1
1
1
1
1
1
1
1
1
1
1
1
1
1
1
1
1
1
1
1
1
1
1
1
1
1
1
1
1
8.6358
19.1431
19.7749
19.7816
19.9141
20.0859
20.2338
20.3473
20.4372
20.5787
20.7331
20.8354
20.8302
20.7036
20.538
20.4359
20.4899
20.7417
21.0517
21.3089
21.4574
21.5259
21.5789
21.674
21.7794
21.8107
21.7366
21.5816
21.4119
21.2914
21.2605
21.326
21.395
1
1
1
1
1
1
1
1
1
1
1
1
1
1
1
1
1
1
1
1
1
1
1
1
1
1
1
1
1
1
1
1
1
1
1
1
1
1
1
1
1
1
1
1
1
1
1
1
1
1
1
1
1
1
1
1
1
1
1
1
1
1
1
8.36679
19.094
19.7521
19.763
19.8954
20.0681
20.2092
20.326
20.4176
20.5607
20.7155
20.8185
20.8137
20.6906
20.5279
20.4329
20.4938
20.744
21.0476
21.2938
21.4341
21.5036
21.5657
21.6691
21.7768
21.8056
21.7273
21.5706
21.4022
21.2811
21.2408
21.2986
21.3605
1
1
1
1
1
1
1
1
1
1
1
1
1
1
1
1
1
1
1
1
1
1
1
1
1
1
1
1
1
1
1
1
1
1
1
1
1
1
1
1
1
1
1
1
1
1
1
1
1
1
1
1
1
1
1
1
1
1
1
1
1
1
1
8.0015
19.0322
19.7421
19.7437
19.8643
20.0367
20.1713
20.2947
20.3923
20.5388
20.6944
20.7972
20.7919
20.6728
20.5148
20.429
20.4964
20.7436
21.0397
21.2754
21.408
21.4789
21.5485
21.6576
21.7674
21.7944
21.7138
21.5571
21.3919
21.2707
21.2206
21.2678
21.3187
1
1
1
1
1
1
1
1
1
1
1
1
1
1
1
1
1
1
1
1
1
1
1
1
1
1
1
1
1
1
1
1
1
1
1
1
1
1
1
1
1
1
1
1
1
1
1
1
1
1
1
1
1
1
1
1
1
1
1
1
1
1
1
7.55283
18.943
19.728
19.7205
19.8232
19.9941
20.1258
20.256
20.3625
20.5134
20.6687
20.7696
20.7634
20.6501
20.5021
20.4294
20.5018
20.7413
21.0267
21.2522
21.3792
21.4529
21.5288
21.6397
21.7492
21.7753
21.6949
21.5404
21.3808
21.261
21.2026
21.2362
21.2726
1
1
1
1
1
1
1
1
1
1
1
1
1
1
1
1
1
1
1
1
1
1
1
1
1
1
1
1
1
1
1
1
1
1
1
1
1
1
1
1
1
1
1
1
1
1
1
1
1
1
1
1
1
1
1
1
1
1
1
1
1
1
1
7.03836
18.8278
19.6938
19.6881
19.7709
19.9331
20.0692
20.2095
20.3298
20.4864
20.6387
20.7353
20.7277
20.6218
20.4924
20.4382
20.5132
20.7378
21.007
21.2211
21.3448
21.4246
21.5072
21.617
21.7226
21.7471
21.6691
21.521
21.3693
21.2523
21.1877
21.2055
21.2236
1
1
1
1
1
1
1
1
1
1
1
1
1
1
1
1
1
1
1
1
1
1
1
1
1
1
1
1
1
1
1
1
1
1
1
1
1
1
1
1
1
1
1
1
1
1
1
1
1
1
1
1
1
1
1
1
1
1
1
1
1
1
1
6.49178
18.6614
19.6294
19.6329
19.7058
19.8485
20.0033
20.1627
20.2985
20.4589
20.6047
20.6952
20.686
20.5889
20.4884
20.4588
20.5326
20.7354
20.9817
21.1816
21.3029
21.392
21.4831
21.5904
21.6908
21.7114
21.6359
21.4971
21.3559
21.2437
21.1734
21.1748
21.1717
1
1
1
1
1
1
1
1
1
1
1
1
1
1
1
1
1
1
1
1
1
1
1
1
1
1
1
1
1
1
1
1
1
1
1
1
1
1
1
1
1
1
1
1
1
1
1
1
1
1
1
1
1
1
1
1
1
1
1
1
1
1
1
5.9275
18.412
19.5416
19.5389
19.6251
19.7494
19.9382
20.124
20.2714
20.4309
20.5664
20.65
20.6414
20.5566
20.4924
20.4873
20.5562
20.7324
20.9523
21.1359
21.2556
21.3551
21.4548
21.5593
21.6538
21.6709
21.5977
21.4671
21.3379
21.2316
21.1575
21.1432
21.1173
1
1
1
1
1
1
1
1
1
1
1
1
1
1
1
1
1
1
1
1
1
1
1
1
1
1
1
1
1
1
1
1
1
1
1
1
1
1
1
1
1
1
1
1
1
1
1
1
1
1
1
1
1
1
1
1
1
1
1
1
1
1
1
5.33341
18.0345
19.4474
19.425
19.5363
19.6614
19.8834
20.0955
20.249
20.4038
20.526
20.602
20.5979
20.5363
20.5076
20.5189
20.5793
20.7245
20.9163
21.0867
21.2065
21.3152
21.4206
21.5202
21.6085
21.6237
21.556
21.434
21.3163
21.2162
21.1393
21.1104
21.0605
1
1
1
1
1
1
1
1
1
1
1
1
1
1
1
1
1
1
1
1
1
1
1
1
1
1
1
1
1
1
1
1
1
1
1
1
1
1
1
1
1
1
1
1
1
1
1
1
1
1
1
1
1
1
1
1
1
1
1
1
1
1
1
4.64012
17.4047
19.4104
19.3814
19.4705
19.5977
19.8443
20.0757
20.2335
20.3766
20.4844
20.5515
20.5603
20.5364
20.5367
20.5516
20.5939
20.7042
20.8689
21.034
21.1599
21.276
21.3805
21.4707
21.551
21.5674
21.51
21.4003
21.293
21.1978
21.1178
21.0758
21.0017
1
1
1
1
1
1
1
1
1
1
1
1
1
1
1
1
1
1
1
1
1
1
1
1
1
1
1
1
1
1
1
1
1
1
1
1
1
1
1
1
1
1
1
1
1
1
1
1
1
1
1
1
1
1
1
1
1
1
1
1
1
1
1
3.7544
16.533
19.4969
19.398
19.4369
19.5595
19.8285
20.0611
20.216
20.3392
20.4343
20.5001
20.5378
20.5627
20.5805
20.579
20.595
20.6664
20.8081
20.9777
21.1172
21.2393
21.3356
21.4114
21.4809
21.5002
21.4577
21.3648
21.2665
21.1721
21.0891
21.037
20.941
1
1
1
1
1
1
1
1
1
1
1
1
1
1
1
1
1
1
1
1
1
1
1
1
1
1
1
1
1
1
1
1
1
1
1
1
1
1
1
1
1
1
1
1
1
1
1
1
1
1
1
1
1
1
1
1
1
1
1
1
1
1
1
2.78453
15.3498
19.6226
19.4213
19.432
19.5615
19.8326
20.0361
20.1769
20.2781
20.3661
20.4523
20.5356
20.6102
20.6324
20.5979
20.58
20.6115
20.7375
20.9197
21.0773
21.203
21.2858
21.3433
21.3986
21.4199
21.3947
21.3224
21.2348
21.1397
21.0535
20.9939
20.8811
1
1
1
1
1
1
1
1
1
1
1
1
1
1
1
1
1
1
1
1
1
1
1
1
1
1
1
1
1
1
1
1
1
1
1
1
1
1
1
1
1
1
1
1
1
1
1
1
1
1
1
1
1
1
1
1
1
1
1
1
1
1
1
1.85474
13.8123
19.6119
19.3715
19.4434
19.5835
19.8133
19.9808
20.1108
20.2027
20.2903
20.4157
20.5515
20.661
20.6787
20.6035
20.5435
20.5438
20.6639
20.8604
21.035
21.1619
21.2299
21.2686
21.3087
21.3295
21.3199
21.2688
21.1943
21.1
21.0115
20.9452
20.8224
1
1
1
1
1
1
1
1
1
1
1
1
1
1
1
1
1
1
1
1
1
1
1
1
1
1
1
1
1
1
1
1
1
1
1
1
1
1
1
1
1
1
1
1
1
1
1
1
1
1
1
1
1
1
1
1
1
1
1
1
1
1
1
1.0829
11.8917
19.6186
19.3579
19.3678
19.524
19.7394
19.916
20.0418
20.1288
20.2274
20.3942
20.5699
20.6898
20.695
20.5873
20.4902
20.4718
20.5918
20.8
20.9858
21.1117
21.1671
21.1889
21.2146
21.2322
21.2326
21.1999
21.1406
21.0511
20.9627
20.8896
20.7665
1
1
1
1
1
1
1
1
1
1
1
1
1
1
1
1
1
1
1
1
1
1
1
1
1
1
1
1
1
1
1
1
1
1
1
1
1
1
1
1
1
1
1
1
1
1
1
1
1
1
1
1
1
1
1
1
1
1
1
1
1
1
1
1.00039
10.0227
19.3761
19.3022
19.286
19.4461
19.6492
19.8425
19.984
20.0691
20.1947
20.3859
20.5711
20.6872
20.6742
20.5433
20.4247
20.4021
20.5229
20.7359
20.9247
21.0479
21.0947
21.1035
21.1183
21.132
21.1371
21.118
21.0735
20.9932
20.9077
20.8265
20.7107
1
1
1
1
1
1
1
1
1
1
1
1
1
1
1
1
1
1
1
1
1
1
1
1
1
1
1
1
1
1
1
1
1
1
1
1
1
1
1
1
1
1
1
1
1
1
1
1
1
1
1
1
1
1
1
1
1
1
1
1
1
1
1
1
8.33323
18.9794
19.2539
19.2565
19.3648
19.5647
19.7846
19.9399
20.0376
20.1868
20.3805
20.5463
20.6434
20.6101
20.4672
20.3496
20.3343
20.4544
20.6665
20.8533
20.9724
21.0114
21.0097
21.0173
21.0292
21.0357
21.0258
20.9939
20.9267
20.8458
20.7547
20.6512
1
1
1
1
1
1
1
1
1
1
1
1
1
1
1
1
1
1
1
1
1
1
1
1
1
1
1
1
1
1
1
1
1
1
1
1
1
1
1
1
1
1
1
1
1
1
1
1
1
1
1
1
1
1
1
1
1
1
1
1
1
1
1
1
6.75036
18.4312
19.2553
19.2707
19.35
19.5089
19.7248
19.8884
20.0163
20.1807
20.3657
20.4964
20.5664
20.5244
20.3851
20.276
20.2662
20.3805
20.5876
20.772
20.8869
20.9167
20.9048
20.9094
20.9241
20.9329
20.9275
20.9051
20.8491
20.772
20.67
20.5816
1
1
1
1
1
1
1
1
1
1
1
1
1
1
1
1
1
1
1
1
1
1
1
1
1
1
1
1
1
1
1
1
1
1
1
1
1
1
1
1
1
1
1
1
1
1
1
1
1
1
1
1
1
1
1
1
1
1
1
1
1
1
1
1
5.17656
17.7137
19.2614
19.2577
19.3303
19.4774
19.6743
19.8315
19.9706
20.1284
20.2923
20.4156
20.4718
20.4452
20.3224
20.2122
20.1951
20.2949
20.4949
20.6816
20.7937
20.8114
20.7858
20.7879
20.8095
20.8242
20.8243
20.8097
20.7615
20.6873
20.5762
20.5047
1
1
1
1
1
1
1
1
1
1
1
1
1
1
1
1
1
1
1
1
1
1
1
1
1
1
1
1
1
1
1
1
1
1
1
1
1
1
1
1
1
1
1
1
1
1
1
1
1
1
1
1
1
1
1
1
1
1
1
1
1
1
1
1
3.65476
16.7479
19.3225
19.2173
19.2895
19.4421
19.6353
19.7841
19.8986
20.0391
20.1812
20.317
20.3849
20.3816
20.279
20.1608
20.1247
20.1999
20.3884
20.5801
20.6934
20.7005
20.6588
20.6542
20.682
20.7064
20.7152
20.7068
20.6623
20.5892
20.4715
20.4169
1
1
1
1
1
1
1
1
1
1
1
1
1
1
1
1
1
1
1
1
1
1
1
1
1
1
1
1
1
1
1
1
1
1
1
1
1
1
1
1
1
1
1
1
1
1
1
1
1
1
1
1
1
1
1
1
1
1
1
1
1
1
1
1
2.44306
15.3521
19.4191
19.2253
19.2156
19.3073
19.4912
19.6746
19.8051
19.9399
20.0792
20.2173
20.3025
20.3229
20.2444
20.1206
20.0607
20.1026
20.2699
20.4635
20.5814
20.5835
20.5272
20.5088
20.5361
20.5692
20.5894
20.5887
20.5489
20.4797
20.3626
20.326
1
1
1
1
1
1
1
1
1
1
1
1
1
1
1
1
1
1
1
1
1
1
1
1
1
1
1
1
1
1
1
1
1
1
1
1
1
1
1
1
1
1
1
1
1
1
1
1
1
1
1
1
1
1
1
1
1
1
1
1
1
1
1
1
1.62435
13.6284
19.1985
19.0857
19.1045
19.1868
19.3632
19.5565
19.7173
19.8577
19.9928
20.124
20.2214
20.2595
20.2057
20.0844
20.0011
20.0097
20.1474
20.3314
20.4519
20.4569
20.3947
20.3611
20.3803
20.4153
20.4439
20.4504
20.4167
20.3553
20.2472
20.226
1
1
1
1
1
1
1
1
1
1
1
1
1
1
1
1
1
1
1
1
1
1
1
1
1
1
1
1
1
1
1
1
1
1
1
1
1
1
1
1
1
1
1
1
1
1
1
1
1
1
1
1
1
1
1
1
1
1
1
1
1
1
1
1
1.02626
11.6326
18.8554
18.9534
18.9644
19.0554
19.2252
19.4458
19.6314
19.7871
19.9265
20.052
20.1466
20.1843
20.1494
20.0399
19.9351
19.9264
20.0285
20.1883
20.304
20.3156
20.2573
20.2108
20.215
20.2411
20.2683
20.2787
20.256
20.2128
20.1297
20.1251
1
1
1
1
1
1
1
1
1
1
1
1
1
1
1
1
1
1
1
1
1
1
1
1
1
1
1
1
1
1
1
1
1
1
1
1
1
1
1
1
1
1
1
1
1
1
1
1
1
1
1
1
1
1
1
1
1
1
1
1
1
1
1
1
1.00013
9.13484
18.2674
18.8118
18.8468
18.9671
19.0957
19.3185
19.5345
19.7256
19.8802
19.9914
20.0699
20.0995
20.0818
19.9954
19.8625
19.8461
19.9145
20.0396
20.1441
20.1616
20.1141
20.0583
20.0469
20.059
20.0737
20.0766
20.0617
20.0418
19.9961
20.0071
1
1
1
1
1
1
1
1
1
1
1
1
1
1
1
1
1
1
1
1
1
1
1
1
1
1
1
1
1
1
1
1
1
1
1
1
1
1
1
1
1
1
1
1
1
1
1
1
1
1
1
1
1
1
1
1
1
1
1
1
1
1
1
1
1
6.38278
17.5035
18.7655
18.785
18.872
19.0307
19.2556
19.4709
19.6491
19.7954
19.9012
19.9771
20.0079
20.0112
19.9344
19.7797
19.7479
19.7887
19.8841
19.9764
20.002
19.9641
19.8942
19.8648
19.8592
19.8531
19.8394
19.8294
19.8381
19.8421
19.876
1
1
1
1
1
1
1
1
1
1
1
1
1
1
1
1
1
1
1
1
1
1
1
1
1
1
1
1
1
1
1
1
1
1
1
1
1
1
1
1
1
1
1
1
1
1
1
1
1
1
1
1
1
1
1
1
1
1
1
1
1
1
1
1
1
3.70046
16.5469
18.9293
18.9244
19.0048
19.1224
19.2668
19.4173
19.5517
19.678
19.7811
19.866
19.9169
19.9352
19.8604
19.6925
19.6233
19.6312
19.7069
19.7933
19.8358
19.8039
19.7156
19.6686
19.6483
19.6232
19.5886
19.5719
19.5953
19.64
19.6931
1
1
1
1
1
1
1
1
1
1
1
1
1
1
1
1
1
1
1
1
1
1
1
1
1
1
1
1
1
1
1
1
1
1
1
1
1
1
1
1
1
1
1
1
1
1
1
1
1
1
1
1
1
1
1
1
1
1
1
1
1
1
1
1
1
1.86501
14.4233
18.949
18.8116
18.8805
19.0206
19.19
19.3662
19.4866
19.5811
19.6633
19.7496
19.8204
19.8494
19.78
19.6087
19.4846
19.451
19.5047
19.5954
19.6624
19.6319
19.5175
19.4396
19.3969
19.3538
19.3042
19.2819
19.3139
19.388
19.4603
1
1
1
1
1
1
1
1
1
1
1
1
1
1
1
1
1
1
1
1
1
1
1
1
1
1
1
1
1
1
1
1
1
1
1
1
1
1
1
1
1
1
1
1
1
1
1
1
1
1
1
1
1
1
1
1
1
1
1
1
1
1
1
1
1
1.03347
11.6948
18.5735
18.6884
18.7793
18.92
19.1059
19.3027
19.4199
19.4976
19.5588
19.6285
19.703
19.7436
19.6885
19.5232
19.3483
19.2641
19.2893
19.382
19.4682
19.4331
19.291
19.1749
19.1134
19.0695
19.0196
18.9844
18.9896
19.0436
19.097
1
1
1
1
1
1
1
1
1
1
1
1
1
1
1
1
1
1
1
1
1
1
1
1
1
1
1
1
1
1
1
1
1
1
1
1
1
1
1
1
1
1
1
1
1
1
1
1
1
1
1
1
1
1
1
1
1
1
1
1
1
1
1
1
1
1.00012
8.50394
18.0113
18.681
18.7553
18.8261
18.9746
19.1742
19.3018
19.3958
19.4525
19.5067
19.5802
19.6339
19.5882
19.4214
19.2078
19.0744
19.0668
19.1567
19.2538
19.2135
19.0402
18.8696
18.7745
18.7251
18.671
18.6137
18.5815
18.5998
18.6344
1
1
1
1
1
1
1
1
1
1
1
1
1
1
1
1
1
1
1
1
1
1
1
1
1
1
1
1
1
1
1
1
1
1
1
1
1
1
1
1
1
1
1
1
1
1
1
1
1
1
1
1
1
1
1
1
1
1
1
1
1
1
1
1
1
1
5.10137
16.8053
18.7842
18.7495
18.7687
18.839
18.9851
19.1159
19.2562
19.3583
19.4463
19.5119
19.5328
19.4589
19.2797
19.0561
18.8889
18.8566
18.9307
19.0189
18.9709
18.7722
18.5485
18.4142
18.3599
18.3114
18.2244
18.1065
17.9964
17.9124
1
1
1
1
1
1
1
1
1
1
1
1
1
1
1
1
1
1
1
1
1
1
1
1
1
1
1
1
1
1
1
1
1
1
1
1
1
1
1
1
1
1
1
1
1
1
1
1
1
1
1
1
1
1
1
1
1
1
1
1
1
1
1
1
1
1
2.13042
14.5985
19.0576
18.7602
18.7789
18.7797
18.8436
18.9583
19.0933
19.1968
19.2821
19.3515
19.3767
19.32
19.1636
18.946
18.745
18.6681
18.7063
18.764
18.6927
18.4646
18.1996
18.0229
17.9382
17.8397
17.6547
17.3881
17.1223
16.9114
1
1
1
1
1
1
1
1
1
1
1
1
1
1
1
1
1
1
1
1
1
1
1
1
1
1
1
1
1
1
1
1
1
1
1
1
1
1
1
1
1
1
1
1
1
1
1
1
1
1
1
1
1
1
1
1
1
1
1
1
1
1
1
1
1
1
1.05194
10.7753
18.7752
18.6596
18.7423
18.7369
18.7802
18.8867
19.018
19.1162
19.1857
19.2193
19.2075
19.1435
19.0151
18.824
18.6093
18.4697
18.446
18.4654
18.3934
18.1634
17.8673
17.6322
17.5026
17.374
17.1261
16.7098
16.2238
16.0311
1
1
1
1
1
1
1
1
1
1
1
1
1
1
1
1
1
1
1
1
1
1
1
1
1
1
1
1
1
1
1
1
1
1
1
1
1
1
1
1
1
1
1
1
1
1
1
1
1
1
1
1
1
1
1
1
1
1
1
1
1
1
1
1
1
1
1.00043
2.23073
13.886
18.6282
18.7726
18.6356
18.6248
18.62
18.6763
18.7432
18.7862
18.783
18.7164
18.6232
18.5203
18.3984
18.2397
18.0603
17.8949
17.755
17.6016
17.3769
17.0615
16.7316
16.3895
16.0153
15.406
14.484
12.8575
9.81168
1
1
1
1
1
1
1
1
1
1
1
1
1
1
1
1
1
1
1
1
1
1
1
1
1
1
1
1
1
1
1
1
1
1
1
1
1
1
1
1
1
1
1
1
1
1
1
1
1
1
1
1
1
1
1
1
1
1
1
1
1
1
1
1
1
1
1
1.00465
1.76081
12.4359
18.1439
18.3441
18.083
17.9986
17.9635
17.9957
18.0503
18.0531
17.9659
17.8229
17.6857
17.569
17.4541
17.3055
17.099
16.8387
16.521
16.13
15.6658
15.1906
14.6549
13.9972
13.2137
12.0819
10.5892
8.59649
1
1
1
1
1
1
1
1
1
1
1
1
1
1
1
1
1
1
1
1
1
1
1
1
1
1
1
1
1
1
1
1
1
1
1
1
1
1
1
1
1
1
1
1
1
1
1
1
1
1
1
1
1
1
1
1
1
1
1
1
1
1
1
1
1
1
1
1
1.00278
1.68319
8.84059
16.5654
17.6519
17.5342
17.4376
17.426
17.3393
17.2603
17.183
17.0867
16.9759
16.8435
16.6818
16.503
16.2964
16.0319
15.6736
15.2296
14.6716
14.0873
13.4565
12.762
11.9795
11.0788
10.0163
8.84577
1
1
1
1
1
1
1
1
1
1
1
1
1
1
1
1
1
1
1
1
1
1
1
1
1
1
1
1
1
1
1
1
1
1
1
1
1
1
1
1
1
1
1
1
1
1
1
1
1
1
1
1
1
1
1
1
1
1
1
1
1
1
1
1
1
1
1
1
1
1.00218
1.35072
3.92546
13.9813
17.0073
17.1721
16.9358
16.8476
16.7364
16.5845
16.4612
16.3298
16.1788
15.9917
15.7771
15.5364
15.2528
14.9069
14.4851
13.9672
13.3793
12.773
12.1496
11.4905
10.7958
10.0408
9.25861
1
1
1
1
1
1
1
1
1
1
1
1
1
1
1
1
1
1
1
1
1
1
1
1
1
1
1
1
1
1
1
1
1
1
1
1
1
1
1
1
1
1
1
1
1
1
1
1
1
1
1
1
1
1
1
1
1
1
1
1
1
1
1
1
1
1
1
1
1
1
1.00087
1.04751
2.23101
7.69794
15.3324
16.3598
16.4552
16.1719
16.068
15.9254
15.7486
15.5761
15.3749
15.1453
14.8893
14.5982
14.2619
13.8731
13.4203
12.9151
12.3949
11.8682
11.3202
10.7511
10.169
9.60351
1
1
1
1
1
1
1
1
1
1
1
1
1
1
1
1
1
1
1
1
1
1
1
1
1
1
1
1
1
1
1
1
1
1
1
1
1
1
1
1
1
1
1
1
1
1
1
1
1
1
1
1
1
1
1
1
1
1
1
1
1
1
1
1
1
1
1
1
1
1
1
1.00003
1.00714
1.27747
3.01896
9.20111
15.1737
15.7828
15.8495
15.5122
15.2863
15.0657
14.8143
14.5837
14.3419
14.0652
13.7466
13.3851
12.9817
12.5528
12.118
11.6785
11.2155
10.7333
10.2801
9.83647
1
1
1
1
1
1
1
1
1
1
1
1
1
1
1
1
1
1
1
1
1
1
1
1
1
1
1
1
1
1
1
1
1
1
1
1
1
1
1
1
1
1
1
1
1
1
1
1
1
1
1
1
1
1
1
1
1
1
1
1
1
1
1
1
1
1
1
1
1
1
1
1
1
1.0006
1.02051
1.47044
3.45714
8.75647
14.3393
14.9069
15.1048
14.8294
14.448
14.2386
13.9833
13.705
13.4042
13.0722
12.7051
12.3193
11.9329
11.5454
11.148
10.751
10.3769
10.0086
1
1
1
1
1
1
1
1
1
1
1
1
1
1
1
1
1
1
1
1
1
1
1
1
1
1
1
1
1
1
1
1
1
1
1
1
1
1
1
1
1
1
1
1
1
1
1
1
1
1
1
1
1
1
1
1
1
1
1
1
1
1
1
1
1
1
1
1
1
1
1
1
1
1
1.00001
1.00141
1.03154
1.46005
3.38737
6.9761
12.9441
14.1229
14.1745
14.1601
13.7299
13.4057
13.1595
12.8657
12.539
12.1974
11.8621
11.5321
11.197
10.8635
10.5273
10.183
4.05093
2.23489
1.44848
1.09346
0.861573
0.616585
0.404649
0.3595
0.347483
0.310484
0.232609
0.198173
0.215768
0.237178
0.228283
0.220008
0.221598
0.236129
0.270904
0.308517
0.32574
0.335525
0.346932
0.366785
0.395587
0.434791
0.493477
0.548209
0.596111
0.639745
0.697206
0.741523
0.769817
0.808059
0.869456
0.956502
1.04338
1.1239
1.15428
1.17706
1.19005
1.20262
1.21944
1.24334
1.28105
1.34535
1.41054
1.42484
1.42397
1.41738
1.41523
1.41481
1.41639
1.4267
1.45859
1.49074
1.49498
1.49114
1.47558
1.46556
1.46519
1.46968
1.48836
1.51728
1.52976
1.53015
1.52711
1.51663
1.49711
1.48798
1.485
1.48663
1.49747
1.50756
1.50699
1.50232
1.49299
1.47518
1.46316
1.46062
1.45952
1.46354
1.47604
1.47764
1.47359
1.46633
1.45032
1.43234
1.42574
1.42203
1.42018
1.42326
1.42143
1.41465
1.40575
1.38942
6.1732
4.66477
3.64846
3.10992
2.71411
2.30615
1.90886
1.79137
1.687
1.52739
1.29785
1.16869
1.16222
1.11719
1.04027
0.940989
0.903786
0.902216
0.882082
0.845565
0.806394
0.796479
0.785242
0.760399
0.743819
0.746894
0.748486
0.748613
0.742954
0.741174
0.745431
0.746571
0.742624
0.74149
0.748058
0.756695
0.764658
0.773617
0.779276
0.78432
0.79692
0.810633
0.833722
0.8583
0.878252
0.900628
0.937522
0.963057
0.965771
0.969707
0.988097
1.01478
1.04111
1.07375
1.12622
1.16549
1.17409
1.18241
1.19387
1.20553
1.22024
1.24667
1.2941
1.33237
1.34212
1.34639
1.34904
1.34488
1.3366
1.33701
1.34389
1.36056
1.38504
1.39799
1.40075
1.4018
1.39915
1.38719
1.37875
1.3792
1.38528
1.40361
1.41935
1.42054
1.41979
1.41565
1.4035
1.3952
1.3926
1.39105
1.39373
1.4008
1.40033
1.39509
1.38674
1.37183
7.60786
6.50988
5.76997
5.13368
4.45771
3.96915
3.74024
3.501
3.15348
2.69218
2.52026
2.44946
2.33794
2.13749
1.90007
1.83802
1.80404
1.73524
1.59416
1.41304
1.36427
1.34278
1.30502
1.2405
1.1387
1.10659
1.10139
1.07951
1.04126
0.975813
0.929695
0.929191
0.930639
0.915107
0.890455
0.857903
0.841782
0.83326
0.812181
0.784304
0.776598
0.774792
0.784513
0.808037
0.826773
0.828489
0.83003
0.842054
0.864257
0.876277
0.889193
0.906986
0.936997
0.981457
1.0223
1.03518
1.03745
1.03983
1.04669
1.05856
1.07491
1.10101
1.13093
1.14154
1.15036
1.16168
1.16895
1.16881
1.16591
1.17236
1.19472
1.22484
1.24285
1.25665
1.26961
1.27616
1.28206
1.28905
1.2939
1.30409
1.32824
1.35785
1.36866
1.37227
1.37342
1.3788
1.38443
1.38934
1.39865
1.41524
1.42613
1.42714
1.42573
1.41927
1.40542
1.39134
8.52728
7.78068
7.06259
6.48123
6.01866
5.5403
5.00024
4.6213
4.3782
4.11036
3.78677
3.40983
3.25759
3.1631
3.022
2.82471
2.58761
2.48256
2.3867
2.27239
2.12538
1.95684
1.9162
1.88941
1.8193
1.71449
1.59246
1.54136
1.53897
1.51139
1.44164
1.36122
1.33179
1.33729
1.33474
1.29131
1.21938
1.15681
1.14141
1.1359
1.11841
1.08085
1.05214
1.05279
1.05448
1.03772
0.996635
0.962435
0.953675
0.952554
0.951035
0.944998
0.942811
0.9424
0.94011
0.93153
0.914445
0.907484
0.908257
0.915886
0.929805
0.936695
0.935873
0.933998
0.937308
0.947822
0.957201
0.965922
0.978158
0.996462
1.02614
1.05435
1.06926
1.08453
1.09986
1.11072
1.12198
1.13684
1.15084
1.16671
1.19032
1.22208
1.23426
1.23766
1.23832
1.2442
1.25418
1.26659
1.28378
1.30202
1.311
1.31204
1.31088
1.30795
1.30082
1.29721
9.04342
8.47803
7.94022
7.39041
6.88132
6.48504
6.09957
5.66559
5.23432
4.98742
4.78222
4.53064
4.22651
3.92784
3.79907
3.67638
3.50897
3.2917
3.07114
2.97241
2.87623
2.75478
2.59086
2.46247
2.39786
2.31758
2.21064
2.07344
1.9936
1.98341
1.95378
1.88473
1.80224
1.72771
1.70317
1.66828
1.60175
1.51605
1.47176
1.46741
1.45539
1.41445
1.36687
1.32482
1.29357
1.25848
1.21579
1.16567
1.13845
1.13637
1.13
1.10863
1.07669
1.03792
1.00582
0.986298
0.968314
0.950852
0.946753
0.949162
0.951391
0.94479
0.921696
0.911716
0.911624
0.913985
0.920083
0.927411
0.936632
0.948653
0.953449
0.953115
0.949816
0.945479
0.946881
0.951252
0.959104
0.977429
0.999834
1.01411
1.02177
1.03054
1.04539
1.05634
1.06562
1.07905
1.09886
1.12453
1.1536
1.16898
1.17289
1.17213
1.16948
1.17311
1.18328
1.19132
9.39649
8.93054
8.46242
8.01619
7.57347
7.13012
6.7603
6.44425
6.11233
5.75391
5.46169
5.2669
5.05473
4.80362
4.51705
4.31239
4.19909
4.06163
3.88898
3.66207
3.46844
3.36771
3.25498
3.10676
2.93177
2.84174
2.7735
2.67841
2.54566
2.44667
2.41057
2.36376
2.28714
2.17207
2.08867
2.06067
2.02231
1.94554
1.85931
1.83844
1.82092
1.77884
1.70868
1.62336
1.57947
1.55795
1.53285
1.48236
1.42857
1.41847
1.41283
1.39621
1.35845
1.28839
1.24526
1.23688
1.22574
1.20325
1.1773
1.15413
1.13087
1.10517
1.08153
1.05461
1.04541
1.04391
1.04536
1.04568
1.04119
1.03381
1.021
0.997919
0.971263
0.963348
0.963435
0.964809
0.963117
0.959159
0.954277
0.949146
0.94265
0.93592
0.935397
0.935532
0.938535
0.951388
0.961671
0.964261
0.965304
0.960715
0.960384
0.966315
0.973014
0.982405
0.999648
1.01889
9.63477
9.24757
8.85798
8.46783
8.08895
7.7259
7.3632
7.01741
6.73251
6.46157
6.165
5.86395
5.64844
5.46658
5.25493
5.01864
4.78477
4.62527
4.49496
4.33439
4.13016
3.87893
3.74491
3.65557
3.53839
3.3819
3.25686
3.18422
3.09589
2.97058
2.82597
2.76652
2.72161
2.64664
2.531
2.43642
2.40049
2.35563
2.28628
2.19088
2.12763
2.08531
2.03379
1.96418
1.86992
1.8285
1.81842
1.79388
1.75479
1.69455
1.65134
1.63554
1.60838
1.56866
1.51916
1.46764
1.44064
1.41836
1.39004
1.35202
1.30091
1.26466
1.2587
1.25313
1.2376
1.21856
1.20296
1.19324
1.18362
1.16296
1.12578
1.08273
1.03792
1.02325
1.0232
1.02576
1.02006
1.00224
0.974273
0.9519
0.947223
0.94636
0.946665
0.946271
0.947333
0.951579
0.954157
0.95352
0.942835
0.927576
0.924487
0.923585
0.923643
0.92773
0.934116
0.939423
9.83769
9.48797
9.13565
8.7953
8.475
8.15403
7.83472
7.5438
7.25947
6.97339
6.72319
6.4915
6.23662
5.98115
5.79477
5.62239
5.4201
5.19078
4.96889
4.80262
4.64651
4.46862
4.25207
4.07908
3.99873
3.90368
3.77269
3.61467
3.51573
3.43124
3.32165
3.17652
3.08327
3.03907
2.9751
2.88313
2.7518
2.66793
2.62175
2.56126
2.47928
2.37995
2.32194
2.27762
2.22989
2.1698
2.08476
2.05069
2.03655
2.00502
1.96535
1.91314
1.86427
1.82183
1.77656
1.73372
1.67524
1.62155
1.59946
1.57744
1.5529
1.51636
1.48447
1.47457
1.46438
1.45057
1.42967
1.40316
1.37522
1.33988
1.29473
1.26091
1.23863
1.20722
1.18882
1.18696
1.18014
1.15904
1.13677
1.11323
1.08385
1.07404
1.07346
1.07558
1.07086
1.05808
1.03854
1.0082
0.988073
0.985943
0.984628
0.977511
0.970018
0.964153
0.961494
0.960607
)
;

boundaryField
{
    inlet
    {
        type            fixedValue;
        value           uniform 1;
    }
    outlet
    {
        type            zeroGradient;
    }
    bottom
    {
        type            symmetryPlane;
    }
    top
    {
        type            symmetryPlane;
    }
    obstacle
    {
        type            zeroGradient;
    }
    defaultFaces
    {
        type            empty;
    }
    procBoundary0to1
    {
        type            processor;
        value           nonuniform List<scalar> 8(1.36839 1.35524 1.3869 1.30124 1.20051 1.03878 0.942598 0.958351);
    }
    procBoundary0to2
    {
        type            processor;
        value           nonuniform List<scalar> 
192
(
1
1
1
1
1
1
1
1
1
1
1
1
1
1
1
1
1
1
1
1
1
1
1
1
1
1
1
1
1
1
1
1
1
1
1
1
1
1
1
1
1
1
1
1
1
1
1
1
1
1
1
1
1
1
1
1
1
1
1
1
1
1
1
1
1
1
1
1
1
1
1
1
1
1
1
1
1.00002
1.0014
1.0311
1.28356
2.81764
5.70477
9.78371
13.1021
13.3681
13.3431
13.2913
12.868
12.4761
12.1626
11.822
11.4943
11.2187
10.9584
10.6873
10.3905
10.0664
9.72399
9.38242
9.06629
8.79103
8.52284
8.23262
7.9423
7.67431
7.41074
7.15141
6.91445
6.70077
6.49763
6.28318
6.05736
5.86235
5.68015
5.47371
5.23564
5.03856
4.90548
4.76086
4.59673
4.42275
4.30503
4.21163
4.09535
3.94254
3.79846
3.71407
3.62469
3.51055
3.37535
3.2994
3.23863
3.15439
3.03546
2.90086
2.84796
2.80715
2.74945
2.6738
2.56719
2.51591
2.4812
2.43467
2.38705
2.31598
2.26553
2.23534
2.19916
2.15687
2.0854
1.98632
1.9464
1.91552
1.88336
1.84574
1.80092
1.7825
1.76243
1.74204
1.71595
1.67565
1.64648
1.61692
1.58628
1.55724
1.50993
1.4461
1.42927
1.41884
1.39652
1.37809
1.35919
1.32333
1.3048
1.29568
1.27723
1.26184
1.24571
1.21251
1.18633
1.1686
1.14612
1.11676
1.10243
1.09282
1.0729
1.06148
1.05675
1.0472
1.03494
1.02248
1.00965
)
;
    }
}


// ************************************************************************* //
