/*--------------------------------*- C++ -*----------------------------------*\
  =========                 |
  \\      /  F ield         | OpenFOAM: The Open Source CFD Toolbox
   \\    /   O peration     | Website:  https://openfoam.org
    \\  /    A nd           | Version:  7
     \\/     M anipulation  |
\*---------------------------------------------------------------------------*/
FoamFile
{
    version     2.0;
    format      ascii;
    class       volVectorField;
    location    "1.4";
    object      U;
}
// * * * * * * * * * * * * * * * * * * * * * * * * * * * * * * * * * * * * * //

dimensions      [0 1 -1 0 0 0 0];

internalField   nonuniform List<vector> 
4608
(
(5 5.29225e-19 0)
(5 1.8834e-16 0)
(5 2.79473e-16 0)
(5 4.50611e-16 0)
(5 5.99972e-16 0)
(5 5.27992e-16 0)
(5 -6.77456e-17 0)
(5 -2.96242e-16 0)
(5 -3.45878e-17 0)
(5 3.59442e-17 0)
(5 1.64409e-16 0)
(5 1.3622e-16 0)
(5 -4.90702e-17 0)
(5 -9.8358e-18 0)
(5 4.83594e-16 0)
(5 1.91086e-15 0)
(5 2.92709e-15 0)
(5 3.27858e-15 0)
(5 3.23386e-15 0)
(5 4.23397e-15 0)
(5 5.09647e-15 0)
(5 6.32015e-15 0)
(5 5.45968e-15 0)
(5 1.29499e-15 0)
(5 3.39686e-16 0)
(5 -5.03437e-16 0)
(5 4.9208e-16 0)
(5 2.23859e-15 0)
(5 2.5412e-15 0)
(5 2.87852e-15 0)
(5 6.30381e-16 0)
(5 -7.41296e-16 0)
(5 -3.11554e-17 0)
(5 9.91456e-17 0)
(5 -1.6073e-15 0)
(5 -2.43966e-15 0)
(5 -3.47859e-15 0)
(5 -5.17402e-15 0)
(5 -3.703e-15 0)
(5 -1.47029e-15 0)
(5 -1.23462e-16 0)
(5 1.986e-16 0)
(5 1.65925e-16 0)
(5 1.39783e-16 0)
(5 1.6018e-15 0)
(5 2.67987e-15 0)
(5 2.91795e-15 0)
(5 1.85247e-15 0)
(5 1.56967e-15 0)
(5 1.19302e-15 0)
(5 -1.08017e-15 0)
(5 -3.89795e-15 0)
(5 -5.58025e-15 0)
(5 -6.83791e-15 0)
(5 -6.93023e-15 0)
(5 -5.44277e-15 0)
(5 -3.86946e-15 0)
(5 -2.3319e-15 0)
(5 -1.40565e-15 0)
(5 -2.78613e-15 0)
(5 -4.45787e-15 0)
(5 -4.04842e-15 0)
(5 -1.65401e-15 0)
(5 -6.72578e-17 0)
(5 9.93229e-16 0)
(5 1.33722e-15 0)
(5 -3.40135e-16 0)
(5 -2.46249e-15 0)
(5 -4.68469e-15 0)
(5 3.86797e-12 0)
(5 5.73798e-09 0)
(5 1.48923e-06 0)
(4.99996 0.0007411 0)
(4.99829 0.0165009 0)
(4.77439 0.23047 0)
(3.92547 0.747163 0)
(2.85635 1.29061 0)
(1.92711 1.42455 0)
(1.87351 1.54987 0)
(1.85184 1.55516 0)
(1.86768 1.55076 0)
(1.88609 1.54264 0)
(1.89142 1.53048 0)
(1.90016 1.52327 0)
(1.91352 1.51707 0)
(1.92787 1.51192 0)
(1.94527 1.50691 0)
(1.96589 1.50207 0)
(1.98915 1.49719 0)
(2.01483 1.49227 0)
(2.04322 1.48739 0)
(2.07414 1.48241 0)
(2.1061 1.47717 0)
(2.13908 1.4713 0)
(2.17358 1.46466 0)
(2.20964 1.45724 0)
(5 1.007e-16 0)
(5 -1.853e-17 0)
(5 -9.76693e-17 0)
(5 -9.25299e-17 0)
(5 -3.38083e-17 0)
(5 -1.82917e-16 0)
(5 -5.54954e-16 0)
(5 -1.25806e-15 0)
(5 -4.00604e-16 0)
(5 9.23436e-16 0)
(5 1.4976e-15 0)
(5 1.42544e-15 0)
(5 9.12254e-16 0)
(5 7.29319e-16 0)
(5 5.23182e-16 0)
(5 3.89969e-16 0)
(5 3.48721e-16 0)
(5 1.27711e-16 0)
(5 8.53851e-16 0)
(5 1.24948e-15 0)
(5 1.72866e-15 0)
(5 1.32614e-15 0)
(5 6.1505e-16 0)
(5 -3.80546e-17 0)
(5 -1.64664e-15 0)
(5 -2.09721e-15 0)
(5 -1.53651e-15 0)
(5 -1.43569e-15 0)
(5 -1.44617e-15 0)
(5 -1.35728e-15 0)
(5 -1.57375e-16 0)
(5 1.36585e-15 0)
(5 2.9589e-15 0)
(5 2.6159e-15 0)
(5 2.05616e-15 0)
(5 5.1173e-16 0)
(5 -1.37776e-15 0)
(5 -3.34737e-15 0)
(5 -3.76288e-15 0)
(5 -4.36103e-15 0)
(5 -3.95967e-15 0)
(5 -2.10797e-15 0)
(5 9.5501e-16 0)
(5 1.45422e-15 0)
(5 1.52372e-15 0)
(5 9.55418e-16 0)
(5 9.70142e-16 0)
(5 7.99266e-16 0)
(5 3.44613e-16 0)
(5 -1.14914e-15 0)
(5 -1.72675e-15 0)
(5 -3.00283e-15 0)
(5 -4.22012e-15 0)
(5 -4.70536e-15 0)
(5 -3.74261e-15 0)
(5 -1.61204e-15 0)
(5 -1.07386e-15 0)
(5 2.71398e-16 0)
(5 2.42451e-15 0)
(5 2.4885e-15 0)
(5 1.32038e-15 0)
(5 1.59068e-15 0)
(5 3.78402e-15 0)
(5 4.46733e-15 0)
(5 5.10135e-15 0)
(5 5.17581e-15 0)
(5 3.01402e-15 0)
(5 4.87777e-16 0)
(5 1.60948e-15 0)
(5 -9.80529e-17 0)
(5 5.99629e-14 0)
(5 2.18176e-11 0)
(5 7.71867e-08 0)
(5.00001 6.94822e-06 0)
(5 0.00108079 0)
(4.99272 0.0250311 0)
(4.84664 0.190967 0)
(3.97818 0.737405 0)
(3.20292 1.22838 0)
(2.1631 1.48854 0)
(1.98504 1.5798 0)
(1.95809 1.60179 0)
(1.95431 1.6012 0)
(2.00232 1.59185 0)
(2.01848 1.58391 0)
(2.02675 1.57086 0)
(2.03747 1.56017 0)
(2.0523 1.55103 0)
(2.06949 1.54296 0)
(2.08994 1.53498 0)
(2.11397 1.52705 0)
(2.14049 1.51914 0)
(2.16727 1.51122 0)
(2.19392 1.50301 0)
(2.22158 1.49428 0)
(2.25124 1.48506 0)
(5 -6.49556e-17 0)
(5 -6.62799e-17 0)
(5 3.42653e-17 0)
(5 -3.89363e-17 0)
(5 -7.11214e-17 0)
(5 -9.98264e-17 0)
(5 1.86316e-16 0)
(5 2.71108e-16 0)
(5 1.69679e-16 0)
(5 -3.69963e-17 0)
(5 -2.45564e-17 0)
(5 5.05571e-17 0)
(5 2.87292e-16 0)
(5 7.70139e-17 0)
(5 -2.05925e-16 0)
(5 -3.28547e-16 0)
(5 -1.13281e-15 0)
(5 -1.09413e-15 0)
(5 2.08405e-16 0)
(5 6.21668e-16 0)
(5 3.7902e-16 0)
(5 -3.60297e-16 0)
(5 -6.07705e-16 0)
(5 1.91637e-16 0)
(5 2.83054e-16 0)
(5 5.65171e-17 0)
(5 1.31336e-16 0)
(5 2.76068e-16 0)
(5 2.6101e-16 0)
(5 4.89622e-16 0)
(5 9.92317e-16 0)
(5 1.41681e-15 0)
(5 3.57078e-16 0)
(5 -3.70661e-16 0)
(5 1.17936e-16 0)
(5 4.09359e-16 0)
(5 1.06318e-15 0)
(5 1.19222e-15 0)
(5 2.31615e-16 0)
(5 -1.19102e-15 0)
(5 -3.37985e-15 0)
(5 -4.30814e-15 0)
(5 -4.98173e-15 0)
(5 -4.3014e-15 0)
(5 -3.67474e-15 0)
(5 -3.22589e-15 0)
(5 -3.33147e-15 0)
(5 -3.26524e-15 0)
(5 -3.30481e-15 0)
(5 -3.42021e-15 0)
(5 -3.27938e-15 0)
(5 -3.20566e-15 0)
(5 -3.49249e-15 0)
(5 -3.47446e-15 0)
(5 -5.25758e-16 0)
(5 2.47558e-15 0)
(5 2.73704e-15 0)
(5 2.2829e-15 0)
(5 2.55968e-15 0)
(5 4.09203e-15 0)
(5 5.61684e-15 0)
(5 3.81775e-15 0)
(5 2.62627e-15 0)
(5 2.24223e-15 0)
(5 2.81869e-15 0)
(5 1.6544e-15 0)
(5 5.90012e-16 0)
(5 -1.368e-16 0)
(5 -2.9068e-16 0)
(5 -5.53834e-17 0)
(5 1.13806e-15 0)
(5 2.24135e-15 0)
(5 9.22847e-13 0)
(5 1.26861e-10 0)
(5 1.30381e-07 0)
(5 1.40018e-05 0)
(5.00011 0.000773971 0)
(4.99308 0.0204287 0)
(4.90902 0.14153 0)
(4.25487 0.602095 0)
(3.44244 1.11467 0)
(2.56745 1.49247 0)
(2.12458 1.58843 0)
(2.09642 1.63423 0)
(2.08176 1.64102 0)
(2.07391 1.64206 0)
(2.11729 1.62864 0)
(2.14092 1.61205 0)
(2.15787 1.59924 0)
(2.17371 1.59035 0)
(2.19023 1.5805 0)
(2.20653 1.57001 0)
(2.22439 1.55914 0)
(2.24589 1.54761 0)
(2.27041 1.5361 0)
(2.29685 1.52509 0)
(5 -1.57599e-16 0)
(5 5.21629e-17 0)
(5 1.6931e-16 0)
(5 2.20078e-16 0)
(5 2.08345e-16 0)
(5 1.31698e-16 0)
(5 2.59177e-17 0)
(5 -1.2925e-16 0)
(5 -3.3002e-16 0)
(5 -8.48251e-16 0)
(5 -1.94786e-15 0)
(5 -1.52796e-15 0)
(5 -5.62072e-16 0)
(5 -4.62994e-16 0)
(5 -4.93867e-16 0)
(5 -1.15004e-15 0)
(5 -7.70325e-16 0)
(5 -7.2279e-16 0)
(5 -4.31739e-16 0)
(5 -8.50583e-17 0)
(5 -1.28117e-16 0)
(5 1.47396e-17 0)
(5 1.06063e-15 0)
(5 1.44191e-15 0)
(5 1.58025e-15 0)
(5 1.56758e-15 0)
(5 1.57089e-15 0)
(5 6.31735e-16 0)
(5 -4.20645e-16 0)
(5 -5.71514e-16 0)
(5 -4.779e-16 0)
(5 -2.18629e-16 0)
(5 -6.68772e-16 0)
(5 -8.6135e-16 0)
(5 -6.47282e-16 0)
(5 -5.4056e-16 0)
(5 -7.8672e-16 0)
(5 -8.98922e-16 0)
(5 -8.96197e-16 0)
(5 -5.02171e-16 0)
(5 -3.7087e-16 0)
(5 -7.65254e-16 0)
(5 -1.78893e-15 0)
(5 -4.04656e-15 0)
(5 -4.55307e-15 0)
(5 -5.47579e-15 0)
(5 -5.4333e-15 0)
(5 -3.27126e-15 0)
(5 -1.6915e-15 0)
(5 -1.86513e-15 0)
(5 -2.55488e-15 0)
(5 -2.13688e-15 0)
(5 -1.62905e-15 0)
(5 -1.5257e-15 0)
(5 -5.98413e-16 0)
(5 1.78992e-15 0)
(5 2.2974e-15 0)
(5 2.17989e-15 0)
(5 2.39738e-15 0)
(5 2.27434e-15 0)
(5 -1.24809e-15 0)
(5 -2.87605e-15 0)
(5 -3.7196e-15 0)
(5 -4.09399e-15 0)
(5 -3.32546e-15 0)
(5 -2.7022e-15 0)
(5 -3.69807e-15 0)
(5 -4.12657e-15 0)
(5 -3.74154e-15 0)
(5 -2.36305e-15 0)
(5 -1.42172e-15 0)
(5 -4.56238e-16 0)
(5 2.26263e-16 0)
(5 -4.52983e-16 0)
(5 1.87814e-12 0)
(5 2.97163e-10 0)
(5 7.62726e-08 0)
(5 1.18175e-05 0)
(5.00005 0.000355018 0)
(4.99733 0.0110748 0)
(4.94309 0.097848 0)
(4.62216 0.376831 0)
(3.74609 0.968654 0)
(3.07947 1.37205 0)
(2.43017 1.57475 0)
(2.20633 1.66689 0)
(2.18219 1.67953 0)
(2.19641 1.68091 0)
(2.20958 1.67578 0)
(2.25209 1.65789 0)
(2.27461 1.64419 0)
(2.28522 1.62754 0)
(2.29448 1.60972 0)
(2.30841 1.59481 0)
(2.32724 1.58319 0)
(2.34942 1.5724 0)
(5 8.49088e-17 0)
(5 5.78522e-17 0)
(5 -7.21556e-17 0)
(5 -5.2565e-17 0)
(5 2.10548e-17 0)
(5 1.79409e-16 0)
(5 -2.93546e-16 0)
(5 -6.54409e-16 0)
(5 -3.92641e-16 0)
(5 4.20871e-16 0)
(5 5.03906e-16 0)
(5 7.27509e-16 0)
(5 1.03424e-15 0)
(5 1.0325e-15 0)
(5 1.10333e-15 0)
(5 4.2799e-16 0)
(5 -4.7347e-16 0)
(5 -2.10795e-15 0)
(5 -2.51935e-15 0)
(5 -2.87582e-15 0)
(5 -2.61306e-15 0)
(5 -2.69352e-15 0)
(5 -2.49996e-15 0)
(5 -2.74506e-15 0)
(5 -2.6057e-15 0)
(5 -7.22886e-16 0)
(5 -3.14851e-16 0)
(5 -1.8393e-16 0)
(5 -3.73673e-16 0)
(5 -8.75469e-16 0)
(5 -9.15236e-16 0)
(5 -1.04461e-15 0)
(5 -1.12771e-15 0)
(5 3.44524e-16 0)
(5 9.22031e-16 0)
(5 1.0328e-15 0)
(5 1.02149e-15 0)
(5 4.11821e-16 0)
(5 2.70849e-15 0)
(5 4.68145e-15 0)
(5 3.46116e-15 0)
(5 2.6752e-15 0)
(5 2.60237e-15 0)
(5 1.15017e-15 0)
(5 -3.56084e-15 0)
(5 -4.11889e-15 0)
(5 -3.69452e-15 0)
(5 -2.1801e-15 0)
(5 -4.96645e-16 0)
(5 4.66458e-16 0)
(5 5.40568e-16 0)
(5 -1.58569e-16 0)
(5 -7.1806e-16 0)
(5 -1.87023e-16 0)
(5 1.24307e-15 0)
(5 2.41334e-15 0)
(5 2.07405e-15 0)
(5 2.08284e-15 0)
(5 2.57356e-15 0)
(5 2.76324e-15 0)
(5 1.59274e-15 0)
(5 3.7695e-16 0)
(5 2.399e-16 0)
(5 -1.50839e-17 0)
(5 -1.30258e-16 0)
(5 -4.66827e-16 0)
(5 -1.59634e-15 0)
(5 -2.28736e-15 0)
(5 -2.40278e-15 0)
(5 -2.03759e-15 0)
(5 -1.87263e-15 0)
(5 -6.74091e-16 0)
(5 -2.44428e-15 0)
(5 -6.64582e-15 0)
(5 -6.00642e-15 0)
(5 3.72783e-15 0)
(5 9.29312e-13 0)
(5 2.49762e-10 0)
(5 2.80431e-08 0)
(5 4.1574e-06 0)
(5.00001 0.000163568 0)
(4.99959 0.00397838 0)
(4.98079 0.0400709 0)
(4.81316 0.24015 0)
(4.28923 0.655636 0)
(3.53677 1.1511 0)
(2.88647 1.49637 0)
(2.47324 1.63286 0)
(2.3251 1.70677 0)
(2.30323 1.71603 0)
(2.31242 1.70864 0)
(2.31446 1.70082 0)
(2.34845 1.68273 0)
(2.37818 1.66537 0)
(2.40281 1.64556 0)
(2.42247 1.63016 0)
(5 -2.35693e-17 0)
(5 5.51456e-17 0)
(5 -3.23612e-17 0)
(5 -2.2548e-16 0)
(5 -2.15744e-16 0)
(5 1.97061e-16 0)
(5 5.12231e-16 0)
(5 5.42808e-16 0)
(5 4.58728e-16 0)
(5 3.33014e-16 0)
(5 5.03074e-16 0)
(5 3.83026e-16 0)
(5 2.85415e-16 0)
(5 7.55279e-16 0)
(5 9.4035e-16 0)
(5 1.38064e-15 0)
(5 5.47929e-16 0)
(5 -1.74159e-16 0)
(5 -2.28851e-16 0)
(5 -3.98945e-16 0)
(5 -5.64862e-16 0)
(5 -4.4567e-16 0)
(5 -6.3365e-16 0)
(5 -2.86929e-15 0)
(5 -3.21614e-15 0)
(5 -3.65823e-15 0)
(5 -3.71631e-15 0)
(5 -1.34846e-15 0)
(5 1.67156e-15 0)
(5 2.10505e-15 0)
(5 2.29828e-15 0)
(5 4.7409e-16 0)
(5 3.19907e-16 0)
(5 9.38323e-16 0)
(5 1.32661e-15 0)
(5 1.61406e-15 0)
(5 2.54678e-15 0)
(5 2.93272e-15 0)
(5 2.51545e-15 0)
(5 2.46388e-15 0)
(5 2.63862e-15 0)
(5 4.9106e-15 0)
(5 6.40576e-15 0)
(5 3.70188e-15 0)
(5 1.42401e-15 0)
(5 1.33586e-15 0)
(5 1.40081e-15 0)
(5 2.75168e-15 0)
(5 4.49892e-15 0)
(5 5.37204e-15 0)
(5 6.02076e-15 0)
(5 6.17446e-15 0)
(5 6.08595e-15 0)
(5 5.36043e-15 0)
(5 3.22182e-15 0)
(5 1.23858e-15 0)
(5 5.01327e-16 0)
(5 1.39025e-15 0)
(5 2.69704e-15 0)
(5 3.72568e-15 0)
(5 2.93333e-15 0)
(5 1.83966e-15 0)
(5 1.93034e-15 0)
(5 1.17272e-15 0)
(5 -2.34025e-15 0)
(5 -2.7786e-15 0)
(5 -2.73845e-15 0)
(5 -2.80453e-15 0)
(5 -3.21534e-15 0)
(5 -3.88163e-15 0)
(5 -3.80268e-15 0)
(5 -3.50046e-15 0)
(5 -5.58788e-15 0)
(5 -6.44589e-15 0)
(5 -5.70203e-15 0)
(5 -2.21931e-15 0)
(5 -2.17435e-15 0)
(5 -2.06027e-16 0)
(5 3.24554e-13 0)
(5 7.06688e-11 0)
(5 7.84193e-09 0)
(5 1.00054e-06 0)
(5.00001 3.30286e-05 0)
(4.99982 0.00123113 0)
(4.99731 0.0122793 0)
(4.94102 0.101981 0)
(4.67583 0.365743 0)
(4.15917 0.788908 0)
(3.38193 1.31318 0)
(2.92457 1.54861 0)
(2.59575 1.65445 0)
(2.44581 1.72345 0)
(2.39181 1.74315 0)
(2.40331 1.73768 0)
(2.41344 1.72545 0)
(2.45438 1.70587 0)
(5 -3.84727e-17 0)
(5 -8.70291e-17 0)
(5 -3.27547e-17 0)
(5 -8.22637e-17 0)
(5 -4.74842e-16 0)
(5 -6.44987e-16 0)
(5 -3.08845e-16 0)
(5 2.48343e-16 0)
(5 -1.4427e-16 0)
(5 -5.58532e-16 0)
(5 -1.59551e-15 0)
(5 -2.02558e-15 0)
(5 -2.0046e-15 0)
(5 -1.54481e-15 0)
(5 -5.22945e-16 0)
(5 5.03043e-16 0)
(5 1.43382e-15 0)
(5 1.80068e-15 0)
(5 1.70986e-15 0)
(5 1.19654e-15 0)
(5 6.51526e-16 0)
(5 7.6595e-16 0)
(5 7.31468e-16 0)
(5 1.17914e-16 0)
(5 -1.24809e-16 0)
(5 -8.60238e-16 0)
(5 -1.00427e-15 0)
(5 -1.17179e-15 0)
(5 -1.24205e-15 0)
(5 -1.10136e-15 0)
(5 -1.51413e-15 0)
(5 -1.82881e-15 0)
(5 4.99193e-17 0)
(5 7.60273e-16 0)
(5 9.19281e-16 0)
(5 9.81828e-16 0)
(5 9.28292e-16 0)
(5 6.6257e-16 0)
(5 -8.96803e-17 0)
(5 -2.35486e-15 0)
(5 -2.34567e-15 0)
(5 9.68059e-16 0)
(5 1.7138e-15 0)
(5 2.94839e-15 0)
(5 4.07456e-15 0)
(5 4.61774e-15 0)
(5 4.46519e-15 0)
(5 4.29071e-15 0)
(5 4.2645e-15 0)
(5 4.93981e-15 0)
(5 5.69367e-15 0)
(5 5.75685e-15 0)
(5 5.58541e-15 0)
(5 5.3441e-15 0)
(5 4.87256e-15 0)
(5 2.63241e-15 0)
(5 -1.30011e-16 0)
(5 -7.45429e-17 0)
(5 1.31293e-15 0)
(5 1.99462e-15 0)
(5 3.25169e-16 0)
(5 -2.00543e-15 0)
(5 -3.13461e-15 0)
(5 -3.94219e-15 0)
(5 -4.96908e-15 0)
(5 -6.05716e-15 0)
(5 -5.61639e-15 0)
(5 -4.86179e-15 0)
(5 -5.19152e-15 0)
(5 -6.96766e-15 0)
(5 -7.51551e-15 0)
(5 -7.6479e-15 0)
(5 -4.72119e-15 0)
(5 -2.64919e-15 0)
(5 -2.76114e-15 0)
(5 -6.13629e-15 0)
(5 -7.50742e-15 0)
(5 -7.07335e-15 0)
(5 -8.80394e-15 0)
(5 -3.44372e-15 0)
(5 8.40283e-14 0)
(5 1.32688e-11 0)
(5 1.25273e-09 0)
(5 1.30196e-07 0)
(5 6.43626e-06 0)
(5 0.000201879 0)
(4.99972 0.00246014 0)
(4.98931 0.0332649 0)
(4.91682 0.127156 0)
(4.61805 0.434652 0)
(4.00642 0.955479 0)
(3.55303 1.27443 0)
(2.99874 1.56078 0)
(2.65806 1.70552 0)
(2.57828 1.73273 0)
(2.53742 1.75764 0)
(5 -1.60112e-17 0)
(5 -1.38188e-16 0)
(5 -6.61436e-17 0)
(5 1.46943e-16 0)
(5 2.84054e-16 0)
(5 3.07664e-16 0)
(5 1.23355e-16 0)
(5 8.03008e-17 0)
(5 -9.55144e-17 0)
(5 -3.42961e-16 0)
(5 -6.2862e-16 0)
(5 -6.0329e-16 0)
(5 -5.47123e-16 0)
(5 -5.60125e-16 0)
(5 -6.05302e-16 0)
(5 -4.43269e-16 0)
(5 -1.73008e-16 0)
(5 9.09449e-16 0)
(5 9.16774e-16 0)
(5 8.45593e-16 0)
(5 6.6084e-16 0)
(5 8.82248e-16 0)
(5 1.55332e-15 0)
(5 1.91834e-15 0)
(5 1.61375e-15 0)
(5 7.51045e-16 0)
(5 4.95429e-16 0)
(5 2.74187e-16 0)
(5 2.78151e-17 0)
(5 9.70934e-17 0)
(5 -3.85954e-16 0)
(5 -4.03468e-16 0)
(5 1.62023e-16 0)
(5 8.13338e-16 0)
(5 9.67991e-16 0)
(5 1.87029e-15 0)
(5 1.70057e-15 0)
(5 6.86468e-16 0)
(5 -7.64002e-16 0)
(5 -1.9653e-15 0)
(5 -2.56245e-15 0)
(5 -2.71941e-15 0)
(5 -1.75588e-15 0)
(5 -1.42796e-15 0)
(5 -1.16341e-15 0)
(5 6.72373e-17 0)
(5 3.30403e-16 0)
(5 6.44819e-16 0)
(5 2.08442e-15 0)
(5 2.84704e-15 0)
(5 2.19042e-15 0)
(5 1.748e-15 0)
(5 2.38131e-15 0)
(5 3.29195e-15 0)
(5 3.87879e-15 0)
(5 3.22078e-15 0)
(5 -2.04444e-16 0)
(5 -1.55885e-15 0)
(5 -2.02678e-15 0)
(5 -2.39764e-15 0)
(5 -2.12229e-15 0)
(5 -2.07466e-15 0)
(5 -2.04439e-15 0)
(5 -1.79463e-15 0)
(5 -1.4906e-15 0)
(5 -1.54365e-15 0)
(5 -1.84442e-15 0)
(5 -1.9005e-15 0)
(5 -1.98263e-15 0)
(5 -2.11882e-15 0)
(5 -1.35315e-15 0)
(5 1.09716e-15 0)
(5 -7.48132e-16 0)
(5 -3.69643e-15 0)
(5 -3.68857e-15 0)
(5 -3.70691e-15 0)
(5 -7.33827e-15 0)
(5 -9.53887e-15 0)
(5 -9.34597e-15 0)
(5 -5.11973e-15 0)
(5 -1.95565e-15 0)
(5 -3.86023e-16 0)
(5 1.85971e-14 0)
(5 1.63699e-12 0)
(5 1.04606e-10 0)
(5 1.33273e-08 0)
(5 4.35885e-07 0)
(5 2.72226e-05 0)
(5.00004 0.000341463 0)
(4.99888 0.00496224 0)
(4.98368 0.0378576 0)
(4.91878 0.147341 0)
(4.56868 0.535682 0)
(4.17703 0.836474 0)
(3.65636 1.22642 0)
(3.09521 1.60746 0)
(5 6.62977e-17 0)
(5 9.18038e-17 0)
(5 9.58131e-17 0)
(5 6.78588e-17 0)
(5 3.45358e-16 0)
(5 4.58704e-16 0)
(5 4.83316e-16 0)
(5 -5.19892e-16 0)
(5 -5.54885e-16 0)
(5 -4.30035e-16 0)
(5 -3.41944e-16 0)
(5 -5.93011e-17 0)
(5 1.52029e-16 0)
(5 -1.57266e-16 0)
(5 -1.28717e-15 0)
(5 -9.05209e-16 0)
(5 8.86193e-17 0)
(5 2.22809e-16 0)
(5 1.43859e-16 0)
(5 5.0354e-17 0)
(5 1.59862e-17 0)
(5 6.17649e-17 0)
(5 1.03763e-15 0)
(5 2.22505e-15 0)
(5 2.41973e-15 0)
(5 1.94662e-15 0)
(5 2.15787e-16 0)
(5 1.24801e-17 0)
(5 1.90625e-17 0)
(5 2.33735e-16 0)
(5 1.8575e-15 0)
(5 2.75623e-15 0)
(5 2.40469e-15 0)
(5 9.18228e-17 0)
(5 -1.02289e-15 0)
(5 -7.1186e-16 0)
(5 -5.17877e-16 0)
(5 -6.88559e-16 0)
(5 -1.21784e-15 0)
(5 -1.98015e-15 0)
(5 -2.28926e-15 0)
(5 -1.9792e-15 0)
(5 -2.34031e-15 0)
(5 -2.68785e-15 0)
(5 -2.66083e-15 0)
(5 -2.53888e-15 0)
(5 -1.5442e-15 0)
(5 -1.17032e-15 0)
(5 -1.68431e-15 0)
(5 -1.16855e-15 0)
(5 -9.54212e-16 0)
(5 -8.09374e-16 0)
(5 -6.91327e-16 0)
(5 -8.64502e-16 0)
(5 2.85488e-16 0)
(5 1.67035e-15 0)
(5 2.071e-15 0)
(5 -8.94202e-16 0)
(5 -2.49358e-15 0)
(5 -3.34117e-15 0)
(5 -3.62696e-15 0)
(5 -2.98349e-15 0)
(5 -2.06145e-15 0)
(5 -8.83403e-16 0)
(5 2.92222e-16 0)
(5 1.26174e-15 0)
(5 1.48199e-15 0)
(5 5.95141e-16 0)
(5 2.24712e-16 0)
(5 1.07468e-16 0)
(5 -1.58654e-15 0)
(5 -3.11862e-15 0)
(5 -2.96371e-15 0)
(5 -2.67593e-15 0)
(5 -2.51246e-15 0)
(5 -2.12497e-15 0)
(5 -1.57792e-15 0)
(5 -1.72647e-15 0)
(5 -2.9455e-15 0)
(5 -3.6194e-15 0)
(5 -2.4469e-15 0)
(5 1.46557e-15 0)
(5 2.14724e-15 0)
(5 2.50166e-15 0)
(5 6.01964e-15 0)
(5 1.488e-13 0)
(5 7.50179e-12 0)
(5 6.22128e-10 0)
(5 2.87077e-08 0)
(5 1.36635e-06 0)
(5 3.2361e-05 0)
(4.99999 0.000627075 0)
(4.99865 0.00543006 0)
(4.98943 0.032648 0)
(4.90466 0.164577 0)
(4.70389 0.38821 0)
(5 -6.0194e-19 0)
(5 1.16945e-16 0)
(5 1.83882e-16 0)
(5 7.7285e-17 0)
(5 1.11964e-16 0)
(5 -1.02877e-16 0)
(5 -9.2564e-17 0)
(5 -4.2731e-17 0)
(5 -4.37127e-16 0)
(5 7.31555e-16 0)
(5 1.33145e-15 0)
(5 1.4593e-15 0)
(5 1.92689e-15 0)
(5 2.08919e-15 0)
(5 9.69141e-16 0)
(5 3.7115e-16 0)
(5 -2.18438e-16 0)
(5 -3.78921e-16 0)
(5 -3.7855e-17 0)
(5 1.76282e-16 0)
(5 -3.35657e-16 0)
(5 -8.0818e-16 0)
(5 -1.09896e-15 0)
(5 -1.06428e-15 0)
(5 -9.86581e-17 0)
(5 6.45467e-16 0)
(5 1.50689e-16 0)
(5 -8.59128e-16 0)
(5 -1.04866e-15 0)
(5 -1.28836e-15 0)
(5 -5.83138e-16 0)
(5 6.35433e-16 0)
(5 -8.35952e-16 0)
(5 -1.41481e-15 0)
(5 -2.51092e-15 0)
(5 -3.29169e-15 0)
(5 -3.49831e-15 0)
(5 -3.73777e-15 0)
(5 -3.0067e-15 0)
(5 -2.88769e-15 0)
(5 -2.32899e-15 0)
(5 -1.88767e-15 0)
(5 -2.95774e-15 0)
(5 -3.24591e-15 0)
(5 -3.5834e-15 0)
(5 -2.94431e-15 0)
(5 -1.70595e-15 0)
(5 -4.66525e-15 0)
(5 -6.07203e-15 0)
(5 -6.7378e-15 0)
(5 -6.99173e-15 0)
(5 -6.27192e-15 0)
(5 -5.3404e-15 0)
(5 -4.29942e-15 0)
(5 -2.49165e-15 0)
(5 -7.82986e-16 0)
(5 -5.9934e-16 0)
(5 -1.2441e-15 0)
(5 -2.00773e-15 0)
(5 -1.86213e-15 0)
(5 6.02326e-17 0)
(5 4.86813e-16 0)
(5 1.96065e-15 0)
(5 2.98021e-15 0)
(5 3.59105e-15 0)
(5 5.52578e-15 0)
(5 5.74992e-15 0)
(5 4.91955e-15 0)
(5 3.10486e-15 0)
(5 7.34947e-16 0)
(5 -5.80699e-17 0)
(5 -1.07206e-15 0)
(5 -1.06903e-15 0)
(5 -2.0834e-15 0)
(5 -2.29989e-15 0)
(5 -1.19476e-15 0)
(5 8.03239e-16 0)
(5 1.48995e-15 0)
(5 4.96639e-16 0)
(5 -3.93926e-16 0)
(5 1.64173e-15 0)
(5 5.33141e-15 0)
(5 6.56729e-15 0)
(5 6.33658e-15 0)
(5 5.79776e-15 0)
(5 7.44498e-15 0)
(5 6.56563e-15 0)
(5 1.61228e-14 0)
(5 2.75283e-13 0)
(5 2.39638e-11 0)
(5 9.19161e-10 0)
(5 5.72948e-08 0)
(5 1.92372e-06 0)
(5 2.50878e-05 0)
(4.99994 0.000543884 0)
(4.99927 0.00468912 0)
(5 -1.0806e-17 0)
(5 1.13781e-17 0)
(5 -1.26346e-16 0)
(5 -2.12594e-16 0)
(5 -3.92467e-16 0)
(5 -1.96756e-16 0)
(5 -1.22005e-16 0)
(5 4.06504e-16 0)
(5 7.84535e-16 0)
(5 1.27855e-15 0)
(5 1.96426e-15 0)
(5 2.2297e-15 0)
(5 2.01897e-15 0)
(5 1.65878e-15 0)
(5 1.59529e-15 0)
(5 1.41625e-16 0)
(5 -3.1427e-16 0)
(5 -1.0755e-15 0)
(5 -2.7825e-15 0)
(5 -2.77567e-15 0)
(5 -1.74402e-15 0)
(5 -1.41976e-15 0)
(5 -1.90399e-15 0)
(5 -2.89779e-15 0)
(5 -2.20941e-15 0)
(5 -1.73684e-15 0)
(5 -5.35211e-16 0)
(5 1.71374e-16 0)
(5 3.62388e-16 0)
(5 -1.86412e-16 0)
(5 -4.80175e-16 0)
(5 -1.00011e-15 0)
(5 -6.39929e-16 0)
(5 -4.76421e-16 0)
(5 9.36681e-17 0)
(5 7.41686e-17 0)
(5 -1.27831e-15 0)
(5 -2.76798e-15 0)
(5 -2.90654e-15 0)
(5 -1.84017e-15 0)
(5 -1.04822e-15 0)
(5 -2.05399e-15 0)
(5 -2.32798e-15 0)
(5 -3.06945e-15 0)
(5 -4.27181e-15 0)
(5 -5.71364e-15 0)
(5 -6.20712e-15 0)
(5 -3.96312e-15 0)
(5 -2.61923e-15 0)
(5 -3.43425e-15 0)
(5 -4.37802e-15 0)
(5 -4.26626e-15 0)
(5 -2.35942e-15 0)
(5 -1.33389e-15 0)
(5 -1.40824e-15 0)
(5 -2.04708e-15 0)
(5 -2.23712e-15 0)
(5 -2.23166e-15 0)
(5 -1.58431e-15 0)
(5 -1.08779e-15 0)
(5 -7.67366e-16 0)
(5 2.02366e-15 0)
(5 2.93009e-15 0)
(5 2.44064e-15 0)
(5 -4.19825e-16 0)
(5 -2.63276e-15 0)
(5 -2.49517e-15 0)
(5 -1.28267e-15 0)
(5 -2.95779e-16 0)
(5 -3.03388e-17 0)
(5 5.16364e-16 0)
(5 1.13467e-15 0)
(5 1.49486e-15 0)
(5 2.81737e-15 0)
(5 4.40715e-15 0)
(5 4.88545e-15 0)
(5 4.5408e-15 0)
(5 4.159e-15 0)
(5 3.22022e-15 0)
(5 2.09066e-15 0)
(5 1.4133e-15 0)
(5 9.40197e-16 0)
(5 6.13443e-16 0)
(5 3.77218e-16 0)
(5 6.84367e-16 0)
(5 1.14031e-15 0)
(5 1.28162e-15 0)
(5 1.44273e-15 0)
(5 -1.63611e-16 0)
(5 -2.20911e-15 0)
(5 1.23953e-14 0)
(5 7.18274e-13 0)
(5 2.30605e-11 0)
(5 1.08996e-09 0)
(5 4.25638e-08 0)
(5 1.33906e-06 0)
(5 3.12586e-18 0)
(5 3.34453e-17 0)
(5 -6.80801e-17 0)
(5 -6.492e-17 0)
(5 4.95818e-17 0)
(5 -7.28582e-17 0)
(5 -2.5091e-16 0)
(5 -6.16232e-16 0)
(5 -3.71034e-16 0)
(5 -2.41624e-16 0)
(5 -4.21176e-16 0)
(5 -3.81912e-16 0)
(5 -2.48016e-16 0)
(5 -1.73818e-16 0)
(5 -2.96543e-16 0)
(5 -2.21441e-16 0)
(5 2.67115e-16 0)
(5 3.90779e-16 0)
(5 -2.55048e-16 0)
(5 -1.33113e-15 0)
(5 -1.66144e-15 0)
(5 -1.37942e-15 0)
(5 -8.94958e-16 0)
(5 -1.33555e-15 0)
(5 -1.68905e-15 0)
(5 -4.6715e-16 0)
(5 3.33527e-16 0)
(5 1.59337e-15 0)
(5 1.85801e-15 0)
(5 4.05608e-16 0)
(5 -7.62198e-16 0)
(5 -1.14556e-15 0)
(5 -1.71248e-15 0)
(5 -8.58487e-16 0)
(5 8.36161e-16 0)
(5 1.0257e-15 0)
(5 8.05649e-16 0)
(5 5.14775e-16 0)
(5 4.37034e-16 0)
(5 5.15157e-16 0)
(5 -2.73684e-16 0)
(5 -7.00476e-16 0)
(5 -6.56775e-16 0)
(5 -8.15228e-16 0)
(5 -2.56412e-15 0)
(5 -2.87625e-15 0)
(5 -2.72968e-15 0)
(5 -2.41343e-15 0)
(5 -1.40593e-15 0)
(5 -1.66554e-16 0)
(5 -4.28141e-16 0)
(5 -1.29378e-15 0)
(5 -1.42973e-15 0)
(5 -1.08153e-15 0)
(5 -9.23692e-16 0)
(5 -1.05159e-15 0)
(5 -1.21325e-15 0)
(5 -1.2937e-15 0)
(5 -1.61402e-15 0)
(5 -1.89212e-15 0)
(5 -2.67694e-15 0)
(5 -2.93742e-15 0)
(5 -3.44695e-15 0)
(5 -3.37223e-15 0)
(5 -3.67066e-15 0)
(5 -4.64733e-15 0)
(5 -3.69127e-15 0)
(5 -2.12886e-15 0)
(5 -1.75473e-15 0)
(5 2.32909e-16 0)
(5 1.64019e-15 0)
(5 4.09063e-15 0)
(5 4.63025e-15 0)
(5 4.41364e-15 0)
(5 1.82518e-15 0)
(5 3.539e-16 0)
(5 3.05186e-16 0)
(5 2.64516e-16 0)
(5 6.80992e-16 0)
(5 -2.64967e-15 0)
(5 -5.46353e-15 0)
(5 -5.88595e-15 0)
(5 -6.4726e-15 0)
(5 -6.36522e-15 0)
(5 -4.57685e-15 0)
(5 -2.94614e-15 0)
(5 -2.06266e-15 0)
(5 -1.46757e-15 0)
(5 -4.22622e-15 0)
(5 -8.0348e-15 0)
(5 -8.3653e-15 0)
(5 -7.45124e-15 0)
(5 -6.69541e-15 0)
(5 1.00659e-14 0)
(5 5.99917e-13 0)
(5 1.80027e-11 0)
(5 -3.0112e-17 0)
(5 4.90693e-18 0)
(5 -4.3365e-17 0)
(5 -1.58773e-16 0)
(5 -2.5092e-16 0)
(5 -7.71571e-17 0)
(5 5.81207e-16 0)
(5 6.86006e-16 0)
(5 -4.55227e-16 0)
(5 -1.14178e-15 0)
(5 -2.1142e-15 0)
(5 -2.18578e-15 0)
(5 -2.03613e-15 0)
(5 -1.58993e-15 0)
(5 -9.66724e-16 0)
(5 1.21297e-16 0)
(5 4.93335e-16 0)
(5 1.30342e-15 0)
(5 2.10687e-15 0)
(5 2.64731e-15 0)
(5 2.44086e-15 0)
(5 1.45094e-15 0)
(5 1.32763e-15 0)
(5 1.84716e-15 0)
(5 1.79001e-15 0)
(5 1.53525e-15 0)
(5 1.37305e-15 0)
(5 1.35951e-15 0)
(5 1.95581e-15 0)
(5 2.57882e-15 0)
(5 1.29541e-15 0)
(5 4.69679e-16 0)
(5 4.81321e-16 0)
(5 7.77697e-16 0)
(5 8.28891e-16 0)
(5 1.26251e-15 0)
(5 1.93075e-15 0)
(5 3.56095e-15 0)
(5 6.07668e-15 0)
(5 6.0348e-15 0)
(5 5.32206e-15 0)
(5 4.67078e-15 0)
(5 3.62915e-15 0)
(5 3.13806e-15 0)
(5 3.27642e-15 0)
(5 3.59385e-15 0)
(5 3.1389e-15 0)
(5 2.53643e-15 0)
(5 1.29792e-15 0)
(5 1.26906e-15 0)
(5 8.70345e-16 0)
(5 2.21272e-16 0)
(5 1.81397e-15 0)
(5 3.46048e-15 0)
(5 3.70312e-15 0)
(5 4.57599e-15 0)
(5 4.33696e-15 0)
(5 2.25494e-15 0)
(5 -5.48881e-17 0)
(5 -1.33299e-15 0)
(5 -3.33705e-15 0)
(5 -3.83029e-15 0)
(5 -2.95338e-15 0)
(5 -4.86461e-16 0)
(5 1.09805e-15 0)
(5 1.1327e-15 0)
(5 8.19121e-16 0)
(5 3.8875e-16 0)
(5 -3.27354e-16 0)
(5 1.08125e-15 0)
(5 1.87731e-15 0)
(5 1.99873e-15 0)
(5 2.4758e-15 0)
(5 3.00146e-15 0)
(5 2.74293e-15 0)
(5 -6.75066e-17 0)
(5 -2.69348e-15 0)
(5 -2.61444e-15 0)
(5 -2.21299e-15 0)
(5 -2.87647e-15 0)
(5 -3.92583e-15 0)
(5 -4.71001e-15 0)
(5 -5.77408e-15 0)
(5 -7.49279e-15 0)
(5 -9.13481e-15 0)
(5 -9.39602e-15 0)
(5 -1.01266e-14 0)
(5 -1.10561e-14 0)
(5 -9.94576e-15 0)
(5 -5.28006e-15 0)
(5 -2.30409e-15 0)
(5 -1.9353e-15 0)
(5 -1.61601e-15 0)
(5 -6.20592e-16 0)
(5 5.10917e-16 0)
(5 4.01747e-16 0)
(5 -1.83366e-17 0)
(5 -1.07835e-16 0)
(5 -5.44078e-17 0)
(5 2.11688e-17 0)
(5 -1.48062e-16 0)
(5 -9.88151e-17 0)
(5 -3.16601e-16 0)
(5 -1.08398e-16 0)
(5 -5.75481e-17 0)
(5 -1.42696e-16 0)
(5 -3.75247e-16 0)
(5 -1.49364e-19 0)
(5 3.96586e-17 0)
(5 -1.72009e-17 0)
(5 4.47157e-16 0)
(5 1.25158e-15 0)
(5 1.19426e-15 0)
(5 1.24076e-15 0)
(5 1.26663e-15 0)
(5 1.0946e-15 0)
(5 1.74951e-15 0)
(5 2.31714e-15 0)
(5 2.42149e-15 0)
(5 1.75267e-15 0)
(5 1.44572e-15 0)
(5 1.02863e-15 0)
(5 7.42789e-16 0)
(5 8.34921e-16 0)
(5 1.12255e-15 0)
(5 1.46614e-15 0)
(5 -5.9081e-18 0)
(5 -6.9029e-16 0)
(5 -8.58434e-16 0)
(5 -1.21022e-15 0)
(5 -1.32663e-15 0)
(5 1.4513e-16 0)
(5 7.10198e-16 0)
(5 1.61211e-15 0)
(5 2.30288e-15 0)
(5 2.89115e-15 0)
(5 2.66326e-15 0)
(5 2.48335e-15 0)
(5 2.02541e-15 0)
(5 1.86011e-15 0)
(5 1.60044e-15 0)
(5 1.38756e-15 0)
(5 1.41307e-15 0)
(5 1.90522e-15 0)
(5 2.39873e-15 0)
(5 1.92264e-15 0)
(5 2.34e-15 0)
(5 2.78114e-15 0)
(5 4.67391e-15 0)
(5 4.53764e-15 0)
(5 3.845e-15 0)
(5 2.67923e-15 0)
(5 1.69936e-15 0)
(5 1.70017e-15 0)
(5 2.28872e-15 0)
(5 3.28832e-15 0)
(5 4.43921e-15 0)
(5 4.18497e-15 0)
(5 3.98335e-15 0)
(5 4.42712e-15 0)
(5 4.72824e-15 0)
(5 4.80992e-15 0)
(5 4.52946e-15 0)
(5 3.82157e-15 0)
(5 2.33161e-15 0)
(5 -3.91812e-16 0)
(5 -2.10675e-15 0)
(5 -4.31691e-15 0)
(5 -2.71065e-15 0)
(5 -1.60976e-15 0)
(5 -4.39688e-16 0)
(5 3.95376e-16 0)
(5 1.76631e-15 0)
(5 2.84422e-15 0)
(5 3.63567e-15 0)
(5 2.64056e-15 0)
(5 1.50209e-15 0)
(5 -3.50103e-16 0)
(5 -5.07582e-16 0)
(5 4.27512e-16 0)
(5 -3.94058e-15 0)
(5 -6.52516e-15 0)
(5 -7.25053e-15 0)
(5 -8.41029e-15 0)
(5 -7.3438e-15 0)
(5 -4.55042e-15 0)
(5 -4.5425e-16 0)
(5 1.24043e-15 0)
(5 1.31171e-15 0)
(5 1.17072e-15 0)
(5 1.03805e-15 0)
(5 3.31292e-16 0)
(5 -3.28268e-17 0)
(5 -3.76597e-17 0)
(5 6.74572e-17 0)
(5 9.47425e-17 0)
(5 6.46803e-17 0)
(5 -5.02881e-17 0)
(5 -6.97344e-16 0)
(5 -1.00058e-15 0)
(5 -3.46318e-17 0)
(5 5.5883e-16 0)
(5 1.017e-15 0)
(5 2.65228e-16 0)
(5 -4.08425e-16 0)
(5 -5.75022e-16 0)
(5 -6.28363e-16 0)
(5 -6.35577e-16 0)
(5 -8.07985e-16 0)
(5 -1.05646e-15 0)
(5 -1.66179e-15 0)
(5 -1.94422e-15 0)
(5 -2.01265e-15 0)
(5 -1.20211e-15 0)
(5 -4.63275e-16 0)
(5 -2.57119e-16 0)
(5 -5.43755e-16 0)
(5 -1.63787e-15 0)
(5 -2.32863e-15 0)
(5 -1.99428e-15 0)
(5 -1.47864e-15 0)
(5 -2.32106e-15 0)
(5 -3.26621e-15 0)
(5 -2.97857e-15 0)
(5 -2.14131e-15 0)
(5 -1.07663e-15 0)
(5 -9.91361e-16 0)
(5 -1.29483e-15 0)
(5 -1.8689e-15 0)
(5 -2.94476e-15 0)
(5 -3.69875e-15 0)
(5 -3.70374e-15 0)
(5 -1.66272e-15 0)
(5 -2.65677e-16 0)
(5 -1.98059e-16 0)
(5 -3.30163e-16 0)
(5 -1.08677e-15 0)
(5 -1.75889e-15 0)
(5 -1.74012e-15 0)
(5 -1.40438e-15 0)
(5 -9.96662e-16 0)
(5 1.37911e-15 0)
(5 2.65784e-15 0)
(5 1.91457e-15 0)
(5 1.09854e-15 0)
(5 3.25888e-16 0)
(5 -2.50411e-15 0)
(5 -3.22425e-15 0)
(5 -2.3504e-15 0)
(5 -1.85782e-15 0)
(5 -3.60611e-17 0)
(5 1.82116e-15 0)
(5 1.04133e-15 0)
(5 -1.78172e-15 0)
(5 -2.23682e-15 0)
(5 -2.21599e-15 0)
(5 -7.07537e-16 0)
(5 3.6893e-16 0)
(5 1.426e-15 0)
(5 1.47599e-15 0)
(5 1.10389e-15 0)
(5 9.57945e-16 0)
(5 1.01591e-15 0)
(5 -1.69375e-16 0)
(5 -6.3497e-16 0)
(5 -1.19845e-16 0)
(5 1.02189e-15 0)
(5 2.24193e-15 0)
(5 3.91238e-15 0)
(5 3.91708e-15 0)
(5 3.64376e-15 0)
(5 3.35563e-15 0)
(5 3.49348e-15 0)
(5 3.82288e-15 0)
(5 3.53011e-15 0)
(5 2.7131e-15 0)
(5 4.17009e-15 0)
(5 5.36201e-15 0)
(5 5.58191e-15 0)
(5 2.59715e-15 0)
(5 -2.33447e-15 0)
(5 -3.82003e-15 0)
(5 -3.95163e-15 0)
(5 -2.15113e-15 0)
(5 -1.41205e-15 0)
(5 -2.71725e-15 0)
(5 -2.84626e-15 0)
(5 -1.61724e-15 0)
(5 1.1632e-17 0)
(5 2.08673e-17 0)
(5 -7.76406e-17 0)
(5 -2.71402e-16 0)
(5 -4.20578e-16 0)
(5 -6.41261e-16 0)
(5 -2.12033e-16 0)
(5 4.95631e-16 0)
(5 7.71096e-16 0)
(5 1.23585e-15 0)
(5 1.44615e-15 0)
(5 1.1627e-15 0)
(5 1.35401e-16 0)
(5 -9.46141e-16 0)
(5 -1.14259e-15 0)
(5 -1.40494e-15 0)
(5 -1.27921e-15 0)
(5 -1.11923e-15 0)
(5 -1.33866e-16 0)
(5 2.07836e-16 0)
(5 -4.23045e-16 0)
(5 -1.97495e-15 0)
(5 -3.38458e-15 0)
(5 -3.63331e-15 0)
(5 -3.00049e-15 0)
(5 -2.30463e-15 0)
(5 -1.98921e-15 0)
(5 -2.33831e-15 0)
(5 -2.32713e-15 0)
(5 -2.12397e-15 0)
(5 -1.62015e-15 0)
(5 -1.29766e-15 0)
(5 -7.97753e-16 0)
(5 -4.77783e-16 0)
(5 1.98876e-16 0)
(5 1.96628e-17 0)
(5 -4.32525e-16 0)
(5 4.74435e-16 0)
(5 7.9953e-16 0)
(5 6.29136e-16 0)
(5 7.80597e-17 0)
(5 1.50929e-16 0)
(5 1.4923e-15 0)
(5 2.48818e-15 0)
(5 6.61058e-16 0)
(5 -1.0221e-15 0)
(5 -1.53557e-15 0)
(5 -3.2547e-15 0)
(5 -4.53391e-15 0)
(5 -3.63905e-15 0)
(5 -1.61969e-15 0)
(5 -4.24311e-16 0)
(5 -1.82934e-15 0)
(5 -3.14254e-15 0)
(5 -3.44923e-15 0)
(5 -4.34703e-15 0)
(5 -4.66817e-15 0)
(5 -5.0105e-15 0)
(5 -4.60806e-15 0)
(5 -4.04431e-15 0)
(5 -4.5067e-15 0)
(5 -4.69632e-15 0)
(5 -3.50488e-15 0)
(5 -2.20419e-15 0)
(5 -1.65989e-15 0)
(5 -1.33981e-15 0)
(5 -1.01749e-15 0)
(5 -7.42204e-16 0)
(5 1.33584e-15 0)
(5 3.38448e-15 0)
(5 4.21869e-15 0)
(5 4.85057e-15 0)
(5 3.46548e-15 0)
(5 1.29444e-15 0)
(5 4.77025e-16 0)
(5 3.01003e-16 0)
(5 2.86478e-16 0)
(5 -2.23323e-16 0)
(5 -2.69098e-16 0)
(5 -1.49473e-17 0)
(5 1.23429e-15 0)
(5 6.57758e-15 0)
(5 8.57977e-15 0)
(5 8.54653e-15 0)
(5 8.19548e-15 0)
(5 7.33126e-15 0)
(5 7.27742e-15 0)
(5 8.41645e-15 0)
(5 8.3656e-15 0)
(5 3.98699e-15 0)
(5 -2.59606e-15 0)
(5 -4.93533e-15 0)
(5 -4.59145e-15 0)
(5 -2.89983e-15 0)
(5 -2.78228e-15 0)
(5 -5.74486e-16 0)
(5 1.81737e-17 0)
(5 1.39786e-17 0)
(5 1.02205e-16 0)
(5 3.65993e-16 0)
(5 4.7503e-16 0)
(5 4.87401e-16 0)
(5 6.40067e-17 0)
(5 -5.05291e-18 0)
(5 -4.73012e-16 0)
(5 -7.17675e-16 0)
(5 -6.21451e-16 0)
(5 -1.62877e-16 0)
(5 3.22114e-16 0)
(5 2.21864e-16 0)
(5 4.32341e-16 0)
(5 1.40679e-15 0)
(5 1.6727e-15 0)
(5 2.207e-15 0)
(5 2.88166e-15 0)
(5 2.44237e-15 0)
(5 1.96665e-15 0)
(5 1.51587e-15 0)
(5 1.36985e-15 0)
(5 1.39822e-15 0)
(5 1.58593e-15 0)
(5 1.66282e-15 0)
(5 1.31575e-15 0)
(5 4.60727e-17 0)
(5 -1.03124e-15 0)
(5 -1.70711e-15 0)
(5 -1.75666e-15 0)
(5 -2.50578e-15 0)
(5 -1.77145e-15 0)
(5 -1.2632e-15 0)
(5 -1.10042e-15 0)
(5 -1.361e-15 0)
(5 -7.87403e-16 0)
(5 -2.23338e-16 0)
(5 7.00454e-16 0)
(5 9.50832e-16 0)
(5 3.99538e-16 0)
(5 -2.09598e-16 0)
(5 3.70625e-16 0)
(5 7.06854e-16 0)
(5 1.61659e-15 0)
(5 1.75426e-15 0)
(5 2.68791e-16 0)
(5 -8.02784e-16 0)
(5 -1.5896e-15 0)
(5 -2.88962e-15 0)
(5 -2.84607e-15 0)
(5 -1.97702e-15 0)
(5 -2.80344e-15 0)
(5 -1.77722e-15 0)
(5 1.32007e-15 0)
(5 1.77692e-15 0)
(5 7.8918e-16 0)
(5 1.02285e-16 0)
(5 -5.66805e-16 0)
(5 -1.58763e-15 0)
(5 -1.35938e-15 0)
(5 -1.88924e-16 0)
(5 3.63743e-16 0)
(5 4.09284e-16 0)
(5 -7.93765e-16 0)
(5 -1.17218e-15 0)
(5 -1.5894e-15 0)
(5 -1.2355e-15 0)
(5 4.64908e-16 0)
(5 2.37647e-15 0)
(5 2.73483e-15 0)
(5 3.88408e-15 0)
(5 4.13868e-15 0)
(5 4.21784e-16 0)
(5 -1.74833e-15 0)
(5 -1.40339e-15 0)
(5 -2.21723e-16 0)
(5 7.68549e-16 0)
(5 1.13118e-15 0)
(5 1.7189e-15 0)
(5 1.74059e-15 0)
(5 1.7834e-15 0)
(5 1.84618e-15 0)
(5 1.77477e-15 0)
(5 9.7031e-16 0)
(5 1.04437e-15 0)
(5 2.33249e-15 0)
(5 3.96034e-15 0)
(5 6.96972e-16 0)
(5 -1.33702e-15 0)
(5 -4.38279e-15 0)
(5 -2.04054e-15 0)
(5 3.13404e-16 0)
(5 1.33915e-15 0)
(5 3.1121e-15 0)
(5 2.08442e-15 0)
(5 -1.28113e-17 0)
(5 8.9992e-17 0)
(5 1.35944e-16 0)
(5 9.15465e-17 0)
(5 2.57555e-16 0)
(5 6.54649e-16 0)
(5 4.86572e-16 0)
(5 -1.19237e-16 0)
(5 -3.92541e-16 0)
(5 -1.02096e-15 0)
(5 -1.64036e-15 0)
(5 -1.19989e-15 0)
(5 -7.16851e-16 0)
(5 -7.37523e-16 0)
(5 -3.29437e-16 0)
(5 -7.80608e-17 0)
(5 2.8975e-16 0)
(5 -3.75884e-16 0)
(5 -5.0734e-16 0)
(5 -4.98306e-16 0)
(5 1.345e-15 0)
(5 2.35899e-15 0)
(5 3.01486e-15 0)
(5 4.7486e-15 0)
(5 5.13366e-15 0)
(5 5.3808e-15 0)
(5 3.79843e-15 0)
(5 2.49801e-15 0)
(5 1.97003e-15 0)
(5 1.18849e-15 0)
(5 8.45086e-16 0)
(5 5.35895e-16 0)
(5 1.73825e-16 0)
(5 3.09929e-16 0)
(5 -3.01145e-15 0)
(5 -7.17507e-15 0)
(5 -8.13909e-15 0)
(5 -9.01884e-15 0)
(5 -3.95594e-15 0)
(5 -1.38881e-15 0)
(5 -1.35994e-15 0)
(5 -1.28291e-15 0)
(5 -7.5519e-16 0)
(5 -8.5064e-16 0)
(5 5.14195e-16 0)
(5 2.64867e-15 0)
(5 2.64546e-15 0)
(5 3.18029e-15 0)
(5 4.14629e-15 0)
(5 3.69596e-15 0)
(5 -1.47501e-16 0)
(5 -7.6232e-16 0)
(5 -1.26509e-15 0)
(5 -8.25681e-17 0)
(5 1.72027e-15 0)
(5 1.79922e-15 0)
(5 1.64614e-15 0)
(5 2.19314e-15 0)
(5 3.27283e-15 0)
(5 3.17317e-15 0)
(5 1.03389e-15 0)
(5 -8.8716e-16 0)
(5 -1.18087e-15 0)
(5 -8.67824e-16 0)
(5 2.3896e-16 0)
(5 4.37488e-16 0)
(5 2.71466e-16 0)
(5 -3.00694e-16 0)
(5 -3.33277e-15 0)
(5 -4.40852e-15 0)
(5 -4.48444e-15 0)
(5 -4.55704e-15 0)
(5 -4.26059e-15 0)
(5 -3.4495e-15 0)
(5 -3.13447e-15 0)
(5 -3.1827e-15 0)
(5 -2.46469e-15 0)
(5 -1.48344e-15 0)
(5 -1.07637e-15 0)
(5 -6.00765e-16 0)
(5 -6.88309e-16 0)
(5 -9.8731e-16 0)
(5 -1.20575e-15 0)
(5 -4.7576e-16 0)
(5 1.00209e-15 0)
(5 1.97354e-15 0)
(5 3.6514e-15 0)
(5 1.74383e-15 0)
(5 -4.98149e-15 0)
(5 -8.60929e-15 0)
(5 -8.42198e-15 0)
(5 -2.80493e-15 0)
(5 -1.37716e-15 0)
(5 -1.75727e-15 0)
(5 -2.62321e-15 0)
(5 -3.75452e-15 0)
(5 4.43414e-17 0)
(5 3.18503e-17 0)
(5 -9.92766e-17 0)
(5 -1.92927e-16 0)
(5 2.68415e-17 0)
(5 2.10685e-16 0)
(5 3.02558e-16 0)
(5 2.49929e-16 0)
(5 -3.66359e-17 0)
(5 2.01686e-16 0)
(5 8.03169e-16 0)
(5 5.70178e-16 0)
(5 1.44774e-16 0)
(5 -5.08634e-17 0)
(5 -8.14524e-16 0)
(5 -9.40497e-16 0)
(5 -9.30997e-16 0)
(5 -9.40226e-16 0)
(5 -1.79951e-15 0)
(5 -1.54513e-15 0)
(5 2.68599e-16 0)
(5 7.63138e-16 0)
(5 1.00839e-15 0)
(5 -3.59737e-17 0)
(5 -8.26182e-16 0)
(5 -7.79856e-16 0)
(5 -7.88295e-16 0)
(5 3.57123e-16 0)
(5 2.65893e-16 0)
(5 1.56829e-15 0)
(5 2.25655e-15 0)
(5 2.28519e-15 0)
(5 2.05785e-15 0)
(5 1.34305e-15 0)
(5 1.00669e-15 0)
(5 1.03529e-15 0)
(5 1.36882e-15 0)
(5 1.38473e-15 0)
(5 8.3696e-16 0)
(5 3.69748e-16 0)
(5 5.58484e-16 0)
(5 1.14307e-15 0)
(5 1.08622e-15 0)
(5 -1.03702e-15 0)
(5 -7.84849e-16 0)
(5 2.47596e-16 0)
(5 -5.85597e-17 0)
(5 2.66034e-15 0)
(5 5.18672e-15 0)
(5 6.41113e-15 0)
(5 3.05523e-15 0)
(5 -2.35182e-15 0)
(5 -2.54364e-15 0)
(5 -1.80798e-15 0)
(5 -9.04563e-16 0)
(5 -9.48598e-16 0)
(5 -1.03298e-15 0)
(5 -1.08636e-15 0)
(5 -1.46925e-15 0)
(5 -2.47604e-15 0)
(5 -3.43361e-15 0)
(5 -3.60497e-15 0)
(5 -3.04778e-15 0)
(5 -2.76508e-15 0)
(5 -2.41169e-15 0)
(5 -3.50848e-15 0)
(5 -4.47436e-15 0)
(5 -4.83322e-15 0)
(5 -3.88284e-15 0)
(5 -3.12848e-15 0)
(5 -3.39973e-15 0)
(5 -4.09844e-15 0)
(5 -4.24314e-15 0)
(5 -3.72729e-15 0)
(5 -3.14501e-15 0)
(5 -2.61709e-15 0)
(5 -2.61594e-15 0)
(5 -3.46424e-15 0)
(5 -4.25729e-15 0)
(5 -4.84349e-15 0)
(5 -3.42077e-15 0)
(5 -1.47484e-15 0)
(5 -2.31695e-15 0)
(5 -1.7809e-15 0)
(5 -3.60874e-16 0)
(5 -1.55147e-16 0)
(5 -4.16153e-16 0)
(5 -7.07099e-16 0)
(5 6.93559e-16 0)
(5 3.14508e-15 0)
(5 2.44286e-15 0)
(5 -3.3217e-15 0)
(5 -3.99235e-15 0)
(5 -6.49793e-15 0)
(5 -8.56653e-15 0)
(5 -7.56459e-15 0)
(5 -1.95914e-18 0)
(5 -1.36052e-16 0)
(5 -1.34426e-16 0)
(5 -1.5869e-16 0)
(5 -3.32075e-16 0)
(5 -9.90311e-17 0)
(5 9.12737e-17 0)
(5 -8.08205e-17 0)
(5 -3.02849e-16 0)
(5 -1.65082e-16 0)
(5 3.33753e-16 0)
(5 5.48664e-16 0)
(5 6.37204e-16 0)
(5 7.45789e-16 0)
(5 3.08708e-16 0)
(5 -1.36692e-16 0)
(5 -5.17237e-16 0)
(5 -1.28073e-15 0)
(5 -1.31008e-15 0)
(5 4.29677e-16 0)
(5 8.38417e-16 0)
(5 1.03595e-15 0)
(5 8.22803e-16 0)
(5 2.13004e-16 0)
(5 -3.68597e-16 0)
(5 -7.12401e-16 0)
(5 -6.73342e-16 0)
(5 -3.44069e-16 0)
(5 -1.72346e-16 0)
(5 -1.94733e-16 0)
(5 -4.94572e-18 0)
(5 -9.07952e-16 0)
(5 -2.87067e-15 0)
(5 -8.72681e-16 0)
(5 3.70533e-15 0)
(5 4.37524e-15 0)
(5 5.98613e-15 0)
(5 6.6141e-15 0)
(5 6.26059e-15 0)
(5 2.93137e-15 0)
(5 1.18041e-15 0)
(5 1.82378e-15 0)
(5 3.03052e-15 0)
(5 3.68448e-15 0)
(5 3.15457e-15 0)
(5 2.86706e-15 0)
(5 2.89985e-15 0)
(5 3.4457e-15 0)
(5 3.61134e-15 0)
(5 2.95202e-15 0)
(5 2.83865e-15 0)
(5 4.38951e-15 0)
(5 2.34332e-15 0)
(5 -1.32493e-15 0)
(5 -3.04171e-15 0)
(5 -3.1041e-15 0)
(5 -2.62291e-15 0)
(5 -2.37793e-15 0)
(5 -2.77017e-15 0)
(5 -2.75754e-15 0)
(5 -1.96411e-15 0)
(5 -1.26786e-15 0)
(5 -1.22945e-15 0)
(5 -1.41785e-15 0)
(5 -8.93204e-16 0)
(5 -2.75379e-16 0)
(5 1.14171e-17 0)
(5 2.68739e-16 0)
(5 -2.79572e-15 0)
(5 -2.4705e-15 0)
(5 9.22834e-16 0)
(5 8.59487e-16 0)
(5 2.01587e-15 0)
(5 3.15738e-15 0)
(5 3.26508e-15 0)
(5 2.56033e-15 0)
(5 1.11893e-15 0)
(5 8.10338e-16 0)
(5 6.16563e-16 0)
(5 2.24654e-16 0)
(5 8.67294e-17 0)
(5 2.697e-16 0)
(5 4.4031e-16 0)
(5 -1.34174e-15 0)
(5 -2.47911e-15 0)
(5 -4.44321e-15 0)
(5 -2.35852e-15 0)
(5 9.57911e-16 0)
(5 2.27662e-15 0)
(5 3.85032e-15 0)
(5 5.1638e-15 0)
(5 1.0389e-15 0)
(5 -1.87623e-15 0)
(5 -2.07948e-15 0)
(5 -1.66475e-15 0)
(5 -1.16061e-15 0)
(5 4.36487e-17 0)
(5 7.71993e-17 0)
(5 1.44597e-17 0)
(5 -1.78945e-16 0)
(5 -3.52185e-16 0)
(5 -4.0609e-16 0)
(5 -3.14787e-16 0)
(5 2.06939e-16 0)
(5 2.90247e-16 0)
(5 3.29e-16 0)
(5 1.57145e-16 0)
(5 7.2704e-17 0)
(5 1.77017e-16 0)
(5 4.73065e-16 0)
(5 5.97385e-16 0)
(5 3.24661e-16 0)
(5 -1.26581e-15 0)
(5 -1.56359e-15 0)
(5 -1.71885e-15 0)
(5 -2.05204e-15 0)
(5 -2.31069e-15 0)
(5 -1.8034e-15 0)
(5 -8.6954e-16 0)
(5 -3.69797e-16 0)
(5 -3.32106e-16 0)
(5 9.56587e-16 0)
(5 2.87219e-15 0)
(5 3.15294e-15 0)
(5 1.57188e-15 0)
(5 1.14372e-15 0)
(5 5.86158e-17 0)
(5 -1.51918e-15 0)
(5 -2.16884e-15 0)
(5 -2.26606e-15 0)
(5 -1.25983e-15 0)
(5 1.16475e-17 0)
(5 4.79883e-16 0)
(5 3.35482e-17 0)
(5 -3.4613e-16 0)
(5 -7.6876e-16 0)
(5 -5.4632e-16 0)
(5 4.16858e-18 0)
(5 6.2987e-16 0)
(5 1.71425e-15 0)
(5 1.92425e-15 0)
(5 1.16092e-15 0)
(5 6.8118e-16 0)
(5 5.77013e-16 0)
(5 5.09357e-16 0)
(5 4.83055e-16 0)
(5 2.44736e-15 0)
(5 3.25814e-15 0)
(5 3.35203e-15 0)
(5 3.1419e-15 0)
(5 1.26559e-15 0)
(5 -4.13293e-17 0)
(5 4.42984e-16 0)
(5 5.15432e-16 0)
(5 4.45499e-16 0)
(5 3.91456e-16 0)
(5 5.1046e-16 0)
(5 1.68906e-15 0)
(5 2.37898e-15 0)
(5 2.48593e-15 0)
(5 2.19422e-15 0)
(5 1.93598e-15 0)
(5 2.02497e-15 0)
(5 1.4028e-15 0)
(5 9.2745e-16 0)
(5 1.00494e-15 0)
(5 1.79056e-15 0)
(5 2.10432e-15 0)
(5 2.85531e-15 0)
(5 4.88667e-15 0)
(5 3.25817e-15 0)
(5 -6.05921e-18 0)
(5 -2.1207e-16 0)
(5 1.53216e-16 0)
(5 1.82437e-15 0)
(5 3.07185e-15 0)
(5 3.6114e-15 0)
(5 5.21137e-15 0)
(5 6.88546e-15 0)
(5 6.74961e-15 0)
(5 3.34065e-15 0)
(5 1.99817e-15 0)
(5 8.47685e-16 0)
(5 4.7174e-16 0)
(5 6.97395e-17 0)
(5 6.36995e-17 0)
(5 6.86251e-17 0)
(5 9.06897e-16 0)
(5 1.94987e-15 0)
(5 2.09888e-15 0)
(5 1.42912e-15 0)
(5 3.2937e-16 0)
(5 4.04937e-17 0)
(5 -5.36364e-17 0)
(5 -2.4673e-17 0)
(5 1.38636e-16 0)
(5 3.39952e-16 0)
(5 2.39345e-16 0)
(5 1.28754e-16 0)
(5 4.96383e-16 0)
(5 1.02973e-15 0)
(5 1.56857e-15 0)
(5 1.6847e-15 0)
(5 7.7207e-16 0)
(5 1.88652e-16 0)
(5 3.25498e-16 0)
(5 8.698e-16 0)
(5 9.90398e-16 0)
(5 9.23448e-16 0)
(5 9.95063e-16 0)
(5 1.19733e-15 0)
(5 1.50132e-15 0)
(5 4.15335e-16 0)
(5 -2.20353e-16 0)
(5 3.8251e-17 0)
(5 1.27998e-15 0)
(5 2.23367e-15 0)
(5 2.29693e-15 0)
(5 1.31686e-15 0)
(5 7.72492e-16 0)
(5 2.0901e-15 0)
(5 2.85288e-15 0)
(5 3.62933e-15 0)
(5 3.31292e-15 0)
(5 8.53318e-16 0)
(5 6.25835e-16 0)
(5 2.59447e-16 0)
(5 -7.13643e-16 0)
(5 -1.03692e-15 0)
(5 -9.6119e-16 0)
(5 -1.76706e-15 0)
(5 -2.34721e-15 0)
(5 -2.4725e-15 0)
(5 -2.58357e-15 0)
(5 -2.97584e-15 0)
(5 -3.07403e-15 0)
(5 -1.19712e-15 0)
(5 -8.52971e-16 0)
(5 -7.33715e-16 0)
(5 5.75702e-16 0)
(5 1.16451e-15 0)
(5 1.69767e-15 0)
(5 2.06905e-15 0)
(5 2.513e-15 0)
(5 3.09063e-15 0)
(5 2.79764e-15 0)
(5 2.9079e-15 0)
(5 2.55305e-15 0)
(5 1.79914e-15 0)
(5 5.35063e-15 0)
(5 6.15769e-15 0)
(5 6.45129e-15 0)
(5 6.28787e-15 0)
(5 5.44283e-15 0)
(5 5.56812e-15 0)
(5 6.06082e-15 0)
(5 5.38041e-15 0)
(5 2.93871e-15 0)
(5 2.38312e-15 0)
(5 2.42218e-15 0)
(5 3.14292e-15 0)
(5 2.5053e-15 0)
(5 1.57037e-15 0)
(5 1.47337e-15 0)
(5 1.34752e-15 0)
(5 4.59189e-16 0)
(5 -8.6577e-17 0)
(5 -1.29649e-16 0)
(5 -2.24905e-16 0)
(5 5.26243e-16 0)
(5 1.00945e-15 0)
(5 2.01326e-15 0)
(5 2.06423e-15 0)
(5 1.16273e-15 0)
(5 4.73921e-15 0)
(5 3.47008e-15 0)
(5 2.13632e-15 0)
(5 6.40597e-16 0)
(5 -6.70175e-16 0)
(5 -1.78033e-15 0)
(5 -3.30301e-15 0)
(5 -3.13931e-15 0)
(5 -2.00889e-15 0)
(5 -9.98972e-16 0)
(5 -2.09315e-15 0)
(5 -1.98156e-15 0)
(5 -2.94959e-17 0)
(5 3.05448e-15 0)
(5 -1.14258e-16 0)
(5 -1.08422e-16 0)
(5 1.42523e-16 0)
(5 3.15537e-16 0)
(5 4.15838e-16 0)
(5 4.87844e-16 0)
(5 4.89175e-16 0)
(5 2.09661e-16 0)
(5 -3.00217e-16 0)
(5 -5.86877e-16 0)
(5 -4.26307e-16 0)
(5 -1.63954e-16 0)
(5 -3.6339e-16 0)
(5 -5.00996e-16 0)
(5 2.9096e-16 0)
(5 7.76978e-16 0)
(5 1.11982e-15 0)
(5 1.30458e-15 0)
(5 2.94543e-15 0)
(5 3.99187e-15 0)
(5 3.99676e-15 0)
(5 2.83752e-15 0)
(5 1.42284e-15 0)
(5 1.33706e-15 0)
(5 1.57405e-16 0)
(5 -7.33121e-16 0)
(5 -1.23085e-15 0)
(5 -1.07872e-15 0)
(5 -7.03884e-16 0)
(5 2.61041e-17 0)
(5 5.4105e-16 0)
(5 1.52954e-15 0)
(5 2.43087e-15 0)
(5 2.18918e-15 0)
(5 1.52994e-15 0)
(5 1.14223e-15 0)
(5 1.07476e-15 0)
(5 1.1344e-15 0)
(5 1.01109e-15 0)
(5 1.07556e-15 0)
(5 1.30483e-15 0)
(5 1.22201e-15 0)
(5 9.49213e-16 0)
(5 -3.30112e-16 0)
(5 -5.46473e-16 0)
(5 4.37947e-16 0)
(5 1.46649e-15 0)
(5 2.21273e-15 0)
(5 2.24989e-15 0)
(5 2.10307e-15 0)
(5 1.10788e-15 0)
(5 -1.7348e-15 0)
(5 -2.2138e-15 0)
(5 -1.91427e-15 0)
(5 3.0948e-16 0)
(5 4.31902e-15 0)
(5 4.62172e-15 0)
(5 4.55279e-15 0)
(5 4.79721e-15 0)
(5 5.31604e-15 0)
(5 5.51881e-15 0)
(5 3.28861e-15 0)
(5 2.45929e-15 0)
(5 1.88742e-15 0)
(5 3.14186e-15 0)
(5 5.62057e-15 0)
(5 4.16977e-15 0)
(5 2.83032e-15 0)
(5 2.65556e-15 0)
(5 1.96636e-15 0)
(5 1.63559e-15 0)
(5 4.7332e-16 0)
(5 4.47955e-16 0)
(5 7.23051e-16 0)
(5 1.07345e-15 0)
(5 1.81999e-15 0)
(5 1.79842e-15 0)
(5 1.1863e-15 0)
(5 6.25454e-16 0)
(5 7.21733e-16 0)
(5 1.08459e-15 0)
(5 -7.24406e-16 0)
(5 -4.82194e-16 0)
(5 2.28208e-15 0)
(5 3.30207e-15 0)
(5 1.80642e-15 0)
(5 -1.13447e-15 0)
(5 -1.58647e-15 0)
(5 -1.54364e-15 0)
(5 -2.35599e-15 0)
(5 -2.89357e-15 0)
(5 -9.13726e-16 0)
(5 2.09504e-15 0)
(5 2.5393e-15 0)
(5 3.98003e-15 0)
(5 5.10891e-15 0)
(5 -4.34966e-17 0)
(5 1.36785e-16 0)
(5 2.25226e-16 0)
(5 1.92319e-16 0)
(5 1.90737e-16 0)
(5 2.17462e-16 0)
(5 3.23092e-16 0)
(5 1.76502e-16 0)
(5 -1.5744e-15 0)
(5 -2.13614e-15 0)
(5 -1.48522e-15 0)
(5 1.84673e-16 0)
(5 7.31995e-17 0)
(5 -2.34069e-18 0)
(5 1.10952e-16 0)
(5 1.0962e-16 0)
(5 -2.06955e-16 0)
(5 -4.29759e-16 0)
(5 1.62028e-16 0)
(5 3.25623e-16 0)
(5 4.34535e-16 0)
(5 4.34174e-16 0)
(5 -2.92311e-16 0)
(5 -1.24486e-15 0)
(5 -1.57733e-15 0)
(5 -1.83475e-15 0)
(5 -1.4944e-15 0)
(5 -1.43964e-15 0)
(5 -1.634e-15 0)
(5 -1.252e-15 0)
(5 -9.10616e-16 0)
(5 1.03987e-16 0)
(5 1.09106e-15 0)
(5 9.87861e-16 0)
(5 7.74283e-16 0)
(5 1.40846e-15 0)
(5 1.87232e-15 0)
(5 1.67981e-15 0)
(5 1.85764e-15 0)
(5 2.38076e-15 0)
(5 2.41257e-15 0)
(5 1.90916e-15 0)
(5 1.97224e-15 0)
(5 1.20192e-15 0)
(5 8.17716e-16 0)
(5 5.92143e-16 0)
(5 1.73722e-16 0)
(5 -2.96516e-16 0)
(5 -2.07819e-16 0)
(5 -3.21479e-16 0)
(5 -2.89085e-15 0)
(5 -3.77114e-15 0)
(5 -2.2231e-15 0)
(5 4.28662e-17 0)
(5 2.27669e-15 0)
(5 2.77432e-15 0)
(5 2.73257e-15 0)
(5 2.51163e-15 0)
(5 2.41638e-15 0)
(5 2.25777e-15 0)
(5 2.1941e-15 0)
(5 1.99789e-15 0)
(5 1.45311e-15 0)
(5 8.77814e-16 0)
(5 7.36535e-16 0)
(5 2.25311e-15 0)
(5 4.54015e-15 0)
(5 3.89533e-15 0)
(5 3.34051e-15 0)
(5 2.94763e-15 0)
(5 2.75592e-15 0)
(5 4.15539e-15 0)
(5 3.61838e-15 0)
(5 2.80271e-15 0)
(5 2.00868e-15 0)
(5 1.16586e-15 0)
(5 8.21917e-16 0)
(5 6.78513e-16 0)
(5 5.23687e-16 0)
(5 1.36219e-16 0)
(5 -1.08292e-16 0)
(5 -1.3427e-16 0)
(5 -2.71778e-16 0)
(5 -2.73882e-16 0)
(5 4.93528e-16 0)
(5 2.76946e-16 0)
(5 -5.34264e-16 0)
(5 -1.91193e-15 0)
(5 -1.986e-15 0)
(5 -1.57033e-15 0)
(5 -5.96942e-16 0)
(5 -5.84386e-16 0)
(5 -4.09956e-16 0)
(5 -5.20349e-17 0)
(5 1.84117e-17 0)
(5 -1.25037e-16 0)
(2.24727 1.44893 0)
(2.28759 1.43933 0)
(2.32934 1.42843 0)
(2.37102 1.41658 0)
(2.41283 1.40328 0)
(2.45452 1.38941 0)
(2.49606 1.37524 0)
(2.53923 1.35825 0)
(2.58254 1.33996 0)
(2.62245 1.32557 0)
(2.66253 1.3088 0)
(2.70931 1.28313 0)
(2.75378 1.25965 0)
(2.79051 1.247 0)
(2.82922 1.22718 0)
(2.87662 1.19235 0)
(2.91738 1.16298 0)
(2.94919 1.15313 0)
(2.98027 1.13609 0)
(3.02608 1.09991 0)
(3.06818 1.05836 0)
(3.09924 1.03977 0)
(3.12218 1.0349 0)
(3.14916 1.00945 0)
(3.19544 0.965094 0)
(3.23053 0.924926 0)
(3.25787 0.917508 0)
(3.2784 0.913919 0)
(3.31034 0.877433 0)
(3.3453 0.822442 0)
(3.36712 0.79378 0)
(3.38718 0.79521 0)
(3.40584 0.78376 0)
(3.44426 0.745717 0)
(3.47601 0.6973 0)
(3.49702 0.671874 0)
(3.51639 0.672702 0)
(3.52392 0.662839 0)
(3.55141 0.617591 0)
(3.57482 0.565316 0)
(3.59072 0.545461 0)
(3.6091 0.552787 0)
(3.62817 0.542741 0)
(3.66071 0.501223 0)
(3.67828 0.45248 0)
(3.68989 0.4331 0)
(3.70236 0.43503 0)
(3.7048 0.422028 0)
(3.72835 0.384699 0)
(3.74666 0.340398 0)
(3.75718 0.318188 0)
(3.77518 0.325705 0)
(3.79021 0.325502 0)
(3.81384 0.289542 0)
(3.82388 0.240546 0)
(3.82766 0.218232 0)
(3.83516 0.220672 0)
(3.83783 0.215494 0)
(3.85603 0.189323 0)
(3.87569 0.156962 0)
(3.88161 0.127856 0)
(3.89489 0.124956 0)
(3.90794 0.135953 0)
(3.9183 0.122641 0)
(3.92836 0.0764071 0)
(3.92692 0.0392421 0)
(3.93134 0.0328196 0)
(3.93607 0.0397809 0)
(3.94559 0.0297492 0)
(3.96922 0.00953644 0)
(3.9807 -0.0216578 0)
(3.98508 -0.0397221 0)
(3.99369 -0.0418083 0)
(3.99829 -0.0372502 0)
(3.99421 -0.0530193 0)
(4.00347 -0.0917638 0)
(4.00414 -0.119413 0)
(4.01085 -0.12502 0)
(4.02103 -0.11646 0)
(4.03374 -0.119001 0)
(4.05235 -0.140967 0)
(4.05773 -0.168612 0)
(4.05709 -0.182329 0)
(4.05515 -0.185124 0)
(4.04819 -0.193812 0)
(4.05036 -0.211741 0)
(4.0641 -0.220953 0)
(4.0736 -0.236859 0)
(4.07961 -0.250784 0)
(4.08938 -0.253285 0)
(4.0994 -0.248135 0)
(4.10432 -0.252074 0)
(4.09964 -0.278887 0)
(4.0889 -0.306051 0)
(4.08946 -0.310929 0)
(4.09349 -0.311926 0)
(2.28266 1.47575 0)
(2.31618 1.46612 0)
(2.35159 1.45552 0)
(2.38793 1.44401 0)
(2.42371 1.43226 0)
(2.45953 1.41914 0)
(2.49648 1.40424 0)
(2.53299 1.39 0)
(2.56934 1.37556 0)
(2.60756 1.3575 0)
(2.64523 1.33938 0)
(2.67896 1.32651 0)
(2.71385 1.31046 0)
(2.75527 1.28564 0)
(2.79394 1.26357 0)
(2.82522 1.25288 0)
(2.85782 1.23585 0)
(2.89999 1.20381 0)
(2.93699 1.17606 0)
(2.96531 1.16703 0)
(2.99297 1.15242 0)
(3.03364 1.11937 0)
(3.07102 1.08236 0)
(3.09855 1.06725 0)
(3.11997 1.06234 0)
(3.1474 1.0375 0)
(3.18831 0.996491 0)
(3.21896 0.961939 0)
(3.24288 0.95429 0)
(3.25947 0.949689 0)
(3.28754 0.917929 0)
(3.32329 0.87125 0)
(3.34658 0.845453 0)
(3.3678 0.847105 0)
(3.38736 0.836708 0)
(3.42056 0.795927 0)
(3.44505 0.749781 0)
(3.46182 0.731525 0)
(3.47622 0.733469 0)
(3.48839 0.717013 0)
(3.52162 0.680858 0)
(3.54652 0.638742 0)
(3.56464 0.620269 0)
(3.58303 0.625165 0)
(3.59488 0.614623 0)
(3.61883 0.567564 0)
(3.63192 0.520604 0)
(3.64327 0.508033 0)
(3.65573 0.514721 0)
(3.67197 0.50115 0)
(3.70174 0.467814 0)
(3.71812 0.42726 0)
(3.72994 0.408893 0)
(3.74476 0.410081 0)
(3.74668 0.405379 0)
(3.75944 0.37026 0)
(3.77392 0.328242 0)
(3.78116 0.305911 0)
(3.79657 0.312286 0)
(3.80968 0.315338 0)
(3.83383 0.291267 0)
(3.84845 0.249943 0)
(3.85196 0.223706 0)
(3.8591 0.220441 0)
(3.86289 0.218869 0)
(3.86502 0.19707 0)
(3.88209 0.177494 0)
(3.89296 0.148031 0)
(3.90111 0.130794 0)
(3.91767 0.136704 0)
(3.92904 0.1404 0)
(3.9429 0.112482 0)
(3.94566 0.0699584 0)
(3.94384 0.0478468 0)
(3.94714 0.048794 0)
(3.95008 0.046663 0)
(3.96773 0.0321392 0)
(3.98428 0.0145999 0)
(3.99221 -0.0105939 0)
(3.99966 -0.0232868 0)
(4.01238 -0.0294431 0)
(4.01786 -0.0319639 0)
(4.01073 -0.0489697 0)
(4.01634 -0.0818647 0)
(4.018 -0.105571 0)
(4.02645 -0.108748 0)
(4.03645 -0.103211 0)
(4.05226 -0.110767 0)
(4.06912 -0.131242 0)
(4.07405 -0.156754 0)
(4.0752 -0.172196 0)
(4.07652 -0.180816 0)
(4.07246 -0.195008 0)
(4.0751 -0.211303 0)
(4.08285 -0.217125 0)
(4.09041 -0.231023 0)
(2.32403 1.51457 0)
(2.35172 1.50397 0)
(2.38004 1.49266 0)
(2.40952 1.48035 0)
(2.44003 1.46752 0)
(2.47106 1.45464 0)
(2.50257 1.44161 0)
(2.53471 1.42781 0)
(2.56761 1.41286 0)
(2.59999 1.39856 0)
(2.63149 1.38476 0)
(2.66475 1.36685 0)
(2.69853 1.34702 0)
(2.72835 1.33376 0)
(2.75769 1.32079 0)
(2.79438 1.29756 0)
(2.82994 1.2727 0)
(2.85717 1.2629 0)
(2.88276 1.25185 0)
(2.91989 1.22374 0)
(2.95602 1.1925 0)
(2.98221 1.1833 0)
(3.00422 1.17494 0)
(3.04002 1.14631 0)
(3.07621 1.10757 0)
(3.10174 1.09291 0)
(3.11913 1.09055 0)
(3.14457 1.06878 0)
(3.18345 1.02909 0)
(3.21208 0.997248 0)
(3.2327 0.993393 0)
(3.24692 0.989423 0)
(3.27514 0.959508 0)
(3.30912 0.915809 0)
(3.33149 0.89243 0)
(3.34867 0.89357 0)
(3.36357 0.883535 0)
(3.39543 0.845732 0)
(3.42014 0.802893 0)
(3.437 0.790012 0)
(3.45138 0.794691 0)
(3.4684 0.77925 0)
(3.49986 0.739224 0)
(3.52021 0.69905 0)
(3.53569 0.685899 0)
(3.54755 0.689192 0)
(3.5549 0.673112 0)
(3.58262 0.636192 0)
(3.60037 0.597027 0)
(3.61626 0.586455 0)
(3.63236 0.594216 0)
(3.64732 0.581176 0)
(3.66927 0.538141 0)
(3.67858 0.497871 0)
(3.68826 0.487556 0)
(3.69774 0.494022 0)
(3.7064 0.481269 0)
(3.7302 0.453941 0)
(3.74554 0.418751 0)
(3.75669 0.399941 0)
(3.7736 0.402752 0)
(3.78101 0.406085 0)
(3.78943 0.375954 0)
(3.79908 0.331639 0)
(3.80298 0.307385 0)
(3.81474 0.311473 0)
(3.82473 0.317736 0)
(3.84457 0.302264 0)
(3.86337 0.270055 0)
(3.86884 0.240302 0)
(3.87625 0.231579 0)
(3.88558 0.23226 0)
(3.88364 0.221779 0)
(3.8891 0.198534 0)
(3.90234 0.174075 0)
(3.90703 0.151046 0)
(3.92104 0.149688 0)
(3.93423 0.159186 0)
(3.94761 0.149546 0)
(3.9587 0.115491 0)
(3.95755 0.0830873 0)
(3.95784 0.0737834 0)
(3.95969 0.0760417 0)
(3.96564 0.0670316 0)
(3.98107 0.0569756 0)
(3.993 0.0371007 0)
(3.99921 0.0190325 0)
(4.01188 0.00898894 0)
(4.02256 0.0100602 0)
(4.01997 0.00863328 0)
(4.01814 -0.0193874 0)
(4.01977 -0.0497435 0)
(4.02617 -0.0587545 0)
(4.03332 -0.0549585 0)
(4.0433 -0.0585767 0)
(4.05807 -0.0702361 0)
(2.37308 1.56126 0)
(2.39598 1.54948 0)
(2.41722 1.53642 0)
(2.43909 1.52162 0)
(2.46465 1.5062 0)
(2.49327 1.49177 0)
(2.52251 1.47882 0)
(2.55096 1.46657 0)
(2.57829 1.45378 0)
(2.60518 1.43926 0)
(2.63285 1.42261 0)
(2.66106 1.40669 0)
(2.68888 1.39388 0)
(2.71846 1.37866 0)
(2.75043 1.35741 0)
(2.77902 1.34012 0)
(2.80447 1.33057 0)
(2.83319 1.31522 0)
(2.86635 1.28794 0)
(2.89449 1.2657 0)
(2.91651 1.25885 0)
(2.94239 1.24739 0)
(2.97834 1.21806 0)
(3.00824 1.18986 0)
(3.0285 1.18349 0)
(3.04934 1.17551 0)
(3.08345 1.14523 0)
(3.11366 1.11059 0)
(3.13331 1.10343 0)
(3.14876 1.09926 0)
(3.18097 1.07342 0)
(3.21357 1.03162 0)
(3.23495 1.01497 0)
(3.24674 1.01773 0)
(3.26386 1.00216 0)
(3.29948 0.963171 0)
(3.32495 0.92677 0)
(3.34271 0.925223 0)
(3.35177 0.925503 0)
(3.37764 0.899653 0)
(3.4069 0.856209 0)
(3.42602 0.834702 0)
(3.43891 0.837858 0)
(3.44831 0.826147 0)
(3.47567 0.791725 0)
(3.49609 0.755706 0)
(3.51354 0.745359 0)
(3.52617 0.747443 0)
(3.54024 0.727789 0)
(3.56311 0.691779 0)
(3.57844 0.66349 0)
(3.59531 0.65799 0)
(3.60605 0.659033 0)
(3.61698 0.634357 0)
(3.63655 0.595069 0)
(3.64735 0.568594 0)
(3.66273 0.567348 0)
(3.6763 0.57325 0)
(3.69261 0.555486 0)
(3.71129 0.516859 0)
(3.71939 0.485077 0)
(3.72938 0.477032 0)
(3.73876 0.481566 0)
(3.7424 0.469277 0)
(3.76131 0.441828 0)
(3.77509 0.410993 0)
(3.78411 0.393018 0)
(3.80043 0.395931 0)
(3.81188 0.402072 0)
(3.82264 0.37973 0)
(3.83142 0.337303 0)
(3.83279 0.309296 0)
(3.84037 0.307528 0)
(3.8479 0.314226 0)
(3.86174 0.303553 0)
(3.8808 0.281708 0)
(3.88962 0.252093 0)
(3.8964 0.238369 0)
(3.90968 0.235521 0)
(3.91504 0.232932 0)
(3.90916 0.21389 0)
(3.91904 0.186857 0)
(3.9238 0.166593 0)
(3.93524 0.164585 0)
(3.94708 0.166127 0)
(3.9639 0.15393 0)
(3.97395 0.133538 0)
(3.97811 0.117713 0)
(3.98068 0.109771 0)
(3.97726 0.0992911 0)
(3.98273 0.0746016 0)
(3.98917 0.0641072 0)
(3.99558 0.0637675 0)
(4.00908 0.055855 0)
(4.02709 0.0368124 0)
(4.03418 0.0210918 0)
(2.4375 1.6165 0)
(2.44915 1.60223 0)
(2.4601 1.5873 0)
(2.47524 1.57227 0)
(2.4968 1.55762 0)
(2.52293 1.54351 0)
(2.55017 1.53017 0)
(2.57626 1.51627 0)
(2.59978 1.50047 0)
(2.61999 1.48528 0)
(2.63938 1.47154 0)
(2.66372 1.45541 0)
(2.69342 1.43621 0)
(2.72155 1.42039 0)
(2.74563 1.41287 0)
(2.76874 1.40216 0)
(2.79665 1.37731 0)
(2.82372 1.35178 0)
(2.84518 1.34364 0)
(2.86614 1.33882 0)
(2.89735 1.31614 0)
(2.93004 1.28139 0)
(2.95199 1.26766 0)
(2.97003 1.2699 0)
(2.99464 1.25642 0)
(3.02864 1.21912 0)
(3.05263 1.19002 0)
(3.07006 1.1892 0)
(3.08895 1.18739 0)
(3.12084 1.16032 0)
(3.14986 1.12068 0)
(3.16725 1.1077 0)
(3.18179 1.1106 0)
(3.20629 1.09408 0)
(3.23796 1.05333 0)
(3.25668 1.02718 0)
(3.26955 1.02929 0)
(3.2854 1.02396 0)
(3.3177 0.992822 0)
(3.34197 0.955217 0)
(3.35648 0.94382 0)
(3.36894 0.940572 0)
(3.38903 0.923557 0)
(3.40992 0.899777 0)
(3.4276 0.878433 0)
(3.44559 0.854459 0)
(3.46315 0.833532 0)
(3.479 0.82324 0)
(3.49427 0.818621 0)
(3.51008 0.801959 0)
(3.52991 0.7682 0)
(3.54532 0.738533 0)
(3.55827 0.726815 0)
(3.5708 0.727744 0)
(3.58161 0.719249 0)
(3.60258 0.688653 0)
(3.62051 0.654508 0)
(3.63227 0.637313 0)
(3.64572 0.639311 0)
(3.65506 0.641023 0)
(3.6692 0.614843 0)
(3.68559 0.574183 0)
(3.6933 0.549817 0)
(3.70425 0.549931 0)
(3.71411 0.55698 0)
(3.72831 0.543413 0)
(3.74958 0.50997 0)
(3.75935 0.477928 0)
(3.7678 0.466847 0)
(3.77823 0.470721 0)
(3.78036 0.467619 0)
(3.79059 0.441163 0)
(3.80517 0.40979 0)
(3.81098 0.389614 0)
(3.82467 0.39163 0)
(3.83712 0.398255 0)
(3.8524 0.381933 0)
(3.86217 0.345908 0)
(3.86314 0.322178 0)
(3.86721 0.320358 0)
(3.87027 0.318301 0)
(3.88498 0.301279 0)
(3.894 0.287083 0)
(3.90254 0.274094 0)
(3.91535 0.256104 0)
(3.92714 0.248711 0)
(3.93494 0.251116 0)
(3.93955 0.2363 0)
(3.93971 0.205384 0)
(3.93933 0.193049 0)
(3.94342 0.190027 0)
(3.95951 0.178866 0)
(3.97375 0.163929 0)
(3.98116 0.155741 0)
(3.98777 0.156475 0)
(3.99743 0.149245 0)
(2.49578 1.68758 0)
(2.51787 1.6737 0)
(2.52495 1.6528 0)
(2.53096 1.6296 0)
(2.54492 1.6133 0)
(2.56552 1.59993 0)
(2.58864 1.58538 0)
(2.61061 1.57088 0)
(2.62828 1.55962 0)
(2.64097 1.54594 0)
(2.65746 1.52251 0)
(2.6804 1.50168 0)
(2.70311 1.49226 0)
(2.7291 1.48162 0)
(2.7591 1.45958 0)
(2.78333 1.4378 0)
(2.79784 1.43174 0)
(2.80816 1.42412 0)
(2.83477 1.39966 0)
(2.86743 1.3676 0)
(2.89072 1.35488 0)
(2.90872 1.3592 0)
(2.93032 1.34858 0)
(2.96232 1.3109 0)
(2.98531 1.27998 0)
(3.00048 1.2809 0)
(3.01408 1.28139 0)
(3.04515 1.25762 0)
(3.07778 1.21589 0)
(3.09753 1.19833 0)
(3.1116 1.20502 0)
(3.12692 1.20016 0)
(3.15847 1.16607 0)
(3.18405 1.12542 0)
(3.19982 1.11704 0)
(3.21324 1.12441 0)
(3.23379 1.11335 0)
(3.26506 1.07432 0)
(3.28461 1.0394 0)
(3.29799 1.0361 0)
(3.31007 1.04066 0)
(3.33058 1.02437 0)
(3.35898 0.986916 0)
(3.37727 0.954559 0)
(3.39118 0.946869 0)
(3.40324 0.95097 0)
(3.41554 0.941792 0)
(3.4411 0.909315 0)
(3.46197 0.871197 0)
(3.47529 0.854171 0)
(3.48683 0.858058 0)
(3.49577 0.855725 0)
(3.51898 0.828776 0)
(3.53967 0.791073 0)
(3.55132 0.771033 0)
(3.56204 0.774008 0)
(3.56903 0.774211 0)
(3.58809 0.749603 0)
(3.61002 0.712912 0)
(3.6208 0.687477 0)
(3.63184 0.686753 0)
(3.63887 0.693177 0)
(3.64935 0.677098 0)
(3.67173 0.642552 0)
(3.68222 0.612559 0)
(3.69262 0.607656 0)
(3.70198 0.615259 0)
(3.7115 0.604717 0)
(3.7315 0.570221 0)
(3.74001 0.537394 0)
(3.74735 0.528424 0)
(3.75585 0.536772 0)
(3.76189 0.532838 0)
(3.78085 0.506342 0)
(3.79288 0.473797 0)
(3.79953 0.459274 0)
(3.81003 0.464175 0)
(3.81614 0.46552 0)
(3.82943 0.437621 0)
(3.83592 0.40219 0)
(3.83978 0.391613 0)
(3.84628 0.399108 0)
(3.85581 0.396734 0)
(3.8776 0.374998 0)
(3.88782 0.346159 0)
(3.89174 0.33408 0)
(3.89655 0.336274 0)
(3.89786 0.334929 0)
(3.90816 0.310083 0)
(3.91793 0.281506 0)
(3.92268 0.268723 0)
(3.93054 0.274544 0)
(3.93402 0.279823 0)
(3.95025 0.267511 0)
(3.96749 0.236454 0)
(3.97291 0.207692 0)
(2.53714 1.75749 0)
(2.52865 1.75272 0)
(2.5373 1.72874 0)
(2.55999 1.70516 0)
(2.59431 1.68506 0)
(2.62958 1.66266 0)
(2.65383 1.64791 0)
(2.66889 1.63718 0)
(2.67665 1.61642 0)
(2.6795 1.59213 0)
(2.68543 1.57801 0)
(2.7025 1.56734 0)
(2.72969 1.55118 0)
(2.75824 1.52926 0)
(2.78041 1.51539 0)
(2.79402 1.5126 0)
(2.80343 1.49573 0)
(2.82432 1.45738 0)
(2.84389 1.43792 0)
(2.8605 1.43898 0)
(2.88586 1.43123 0)
(2.91859 1.40306 0)
(2.94218 1.37399 0)
(2.95413 1.37111 0)
(2.95657 1.37064 0)
(2.97839 1.34833 0)
(3.01254 1.30985 0)
(3.03502 1.28853 0)
(3.05097 1.296 0)
(3.06671 1.29582 0)
(3.09663 1.2633 0)
(3.11942 1.22049 0)
(3.13269 1.21457 0)
(3.14026 1.22081 0)
(3.16174 1.20743 0)
(3.19594 1.17221 0)
(3.21796 1.13887 0)
(3.23274 1.13712 0)
(3.24221 1.14378 0)
(3.25626 1.12797 0)
(3.28544 1.0893 0)
(3.30395 1.05562 0)
(3.31897 1.05345 0)
(3.33168 1.06148 0)
(3.35094 1.04775 0)
(3.37739 1.00843 0)
(3.39121 0.976002 0)
(3.40279 0.974557 0)
(3.4113 0.978774 0)
(3.42671 0.961901 0)
(3.45363 0.928956 0)
(3.46916 0.897102 0)
(3.48269 0.891459 0)
(3.49426 0.899612 0)
(3.50498 0.890012 0)
(3.52706 0.852256 0)
(3.53874 0.817732 0)
(3.54854 0.813892 0)
(3.55666 0.819069 0)
(3.57251 0.805683 0)
(3.59808 0.775289 0)
(3.61121 0.745105 0)
(3.62073 0.738051 0)
(3.62813 0.744897 0)
(3.63169 0.736418 0)
(3.65242 0.704399 0)
(3.6656 0.6708 0)
(3.67522 0.661206 0)
(3.68382 0.668195 0)
(3.69404 0.661241 0)
(3.71603 0.632939 0)
(3.7275 0.60178 0)
(3.73452 0.592351 0)
(3.73987 0.599226 0)
(3.7415 0.595085 0)
(3.76039 0.568184 0)
(3.775 0.534242 0)
(3.7817 0.51577 0)
(3.79069 0.521192 0)
(3.79417 0.527997 0)
(3.80958 0.510721 0)
(3.82543 0.475808 0)
(3.83101 0.452329 0)
(3.83753 0.454468 0)
(3.83866 0.461914 0)
(3.84575 0.450158 0)
(3.86672 0.419842 0)
(3.87394 0.38769 0)
(3.87885 0.379391 0)
(3.88409 0.389801 0)
(3.88548 0.396964 0)
(3.901 0.381483 0)
(3.9188 0.34854 0)
(3.92328 0.319785 0)
(3.92637 0.312954 0)
(3.9276 0.32066 0)
(2.84876 1.70454 0)
(2.726 1.70727 0)
(2.66379 1.76304 0)
(2.62235 1.77857 0)
(2.61127 1.77268 0)
(2.6208 1.7571 0)
(2.65319 1.7331 0)
(2.69431 1.70621 0)
(2.72391 1.68418 0)
(2.73427 1.66967 0)
(2.73785 1.64852 0)
(2.75556 1.62184 0)
(2.77572 1.60295 0)
(2.7921 1.59604 0)
(2.80763 1.58843 0)
(2.82392 1.56522 0)
(2.83384 1.53721 0)
(2.83769 1.5275 0)
(2.84605 1.52065 0)
(2.87373 1.50188 0)
(2.90553 1.47288 0)
(2.92918 1.45261 0)
(2.94474 1.45296 0)
(2.95034 1.4502 0)
(2.96396 1.41467 0)
(2.98592 1.37746 0)
(3.00135 1.37444 0)
(3.01732 1.37731 0)
(3.04662 1.36163 0)
(3.07468 1.32542 0)
(3.09072 1.30545 0)
(3.09602 1.3089 0)
(3.09827 1.3011 0)
(3.1261 1.27122 0)
(3.15268 1.23572 0)
(3.17114 1.23106 0)
(3.18687 1.23689 0)
(3.21022 1.21837 0)
(3.22928 1.18103 0)
(3.24002 1.16555 0)
(3.24824 1.16681 0)
(3.26057 1.15279 0)
(3.28901 1.128 0)
(3.3102 1.09946 0)
(3.32743 1.08924 0)
(3.34191 1.09454 0)
(3.35054 1.08449 0)
(3.37102 1.04625 0)
(3.38477 1.01469 0)
(3.39651 1.01333 0)
(3.40789 1.01783 0)
(3.42905 1.00276 0)
(3.45577 0.969535 0)
(3.47059 0.940381 0)
(3.48072 0.934979 0)
(3.48688 0.940659 0)
(3.48736 0.931482 0)
(3.50986 0.901709 0)
(3.52931 0.865788 0)
(3.54156 0.852222 0)
(3.55422 0.860545 0)
(3.56767 0.859754 0)
(3.5914 0.832676 0)
(3.6047 0.795094 0)
(3.61023 0.781554 0)
(3.61168 0.785944 0)
(3.61172 0.779366 0)
(3.63423 0.760856 0)
(3.65708 0.731878 0)
(3.66927 0.706872 0)
(3.6803 0.707389 0)
(3.68719 0.71672 0)
(3.69893 0.704199 0)
(3.71368 0.663912 0)
(3.71804 0.636278 0)
(3.72335 0.63839 0)
(3.7248 0.640854 0)
(3.73859 0.628903 0)
(3.76238 0.607511 0)
(3.77701 0.57773 0)
(3.78639 0.565316 0)
(3.79165 0.570573 0)
(3.78943 0.57634 0)
(3.79625 0.557529 0)
(3.81323 0.521613 0)
(3.81856 0.495717 0)
(3.82606 0.496484 0)
(3.82991 0.504896 0)
(3.84009 0.499298 0)
(3.86238 0.478759 0)
(3.87338 0.445804 0)
(3.87959 0.431485 0)
(3.88283 0.433808 0)
(3.87739 0.434792 0)
(3.87518 0.423277 0)
(3.89329 0.406646 0)
(4.2175 0.848609 0)
(3.82621 1.14787 0)
(3.37152 1.47856 0)
(3.00782 1.70146 0)
(2.83961 1.72569 0)
(2.78054 1.74353 0)
(2.75052 1.78413 0)
(2.73933 1.7877 0)
(2.72706 1.78033 0)
(2.72889 1.75763 0)
(2.74697 1.72841 0)
(2.77482 1.70473 0)
(2.80908 1.68506 0)
(2.84065 1.66707 0)
(2.8651 1.64459 0)
(2.87593 1.6226 0)
(2.87348 1.60909 0)
(2.86757 1.59491 0)
(2.87918 1.57454 0)
(2.9033 1.55413 0)
(2.92575 1.53712 0)
(2.94269 1.53306 0)
(2.95789 1.52812 0)
(2.97342 1.49635 0)
(2.98211 1.45988 0)
(2.98687 1.4545 0)
(2.99731 1.45262 0)
(3.02676 1.43642 0)
(3.05703 1.40492 0)
(3.07742 1.38204 0)
(3.09052 1.3824 0)
(3.09173 1.37998 0)
(3.09947 1.35171 0)
(3.12023 1.32307 0)
(3.14004 1.30611 0)
(3.16192 1.29516 0)
(3.1813 1.28959 0)
(3.19731 1.28669 0)
(3.21181 1.26633 0)
(3.22753 1.22567 0)
(3.2384 1.20322 0)
(3.2474 1.20723 0)
(3.25771 1.20797 0)
(3.28437 1.1908 0)
(3.31419 1.15493 0)
(3.33247 1.12631 0)
(3.34297 1.12432 0)
(3.3442 1.13075 0)
(3.34261 1.11844 0)
(3.36902 1.09107 0)
(3.39374 1.05339 0)
(3.40807 1.03559 0)
(3.42214 1.04494 0)
(3.4334 1.05122 0)
(3.45509 1.0261 0)
(3.46983 0.979624 0)
(3.47494 0.959612 0)
(3.47931 0.966818 0)
(3.48283 0.966618 0)
(3.50594 0.951965 0)
(3.53347 0.923236 0)
(3.55036 0.893201 0)
(3.56154 0.886437 0)
(3.56851 0.894305 0)
(3.56833 0.894423 0)
(3.58219 0.859619 0)
(3.59462 0.81898 0)
(3.6039 0.813113 0)
(3.61309 0.820506 0)
(3.62777 0.816109 0)
(3.65389 0.796803 0)
(3.6712 0.764043 0)
(3.68045 0.746499 0)
(3.68239 0.74778 0)
(3.67443 0.749437 0)
(3.6777 0.733531 0)
(3.70231 0.709785 0)
(3.71678 0.67978 0)
(3.72643 0.672398 0)
(3.73615 0.681711 0)
(3.74802 0.681784 0)
(3.76926 0.655781 0)
(3.77611 0.618302 0)
(3.77631 0.60579 0)
(3.77519 0.610057 0)
(3.77258 0.605454 0)
(3.78748 0.596505 0)
(3.80737 0.57994 0)
(3.8238 0.550516 0)
(3.83453 0.534642 0)
(3.84106 0.537012 0)
(3.84235 0.54504 0)
(3.8422 0.538398 0)
(3.85411 0.500968 0)
(3.85695 0.470005 0)
(3.86306 0.46797 0)
(4.99193 0.0212848 0)
(4.93528 0.124369 0)
(4.77054 0.330608 0)
(4.43745 0.68931 0)
(3.96448 1.10381 0)
(3.67658 1.30423 0)
(3.25885 1.59095 0)
(2.99632 1.77005 0)
(2.90039 1.73933 0)
(2.86142 1.7522 0)
(2.84209 1.78986 0)
(2.83449 1.79241 0)
(2.82422 1.78686 0)
(2.82985 1.76646 0)
(2.85153 1.73729 0)
(2.88044 1.70414 0)
(2.90185 1.68303 0)
(2.91648 1.66655 0)
(2.94081 1.63687 0)
(2.95854 1.61386 0)
(2.96739 1.61284 0)
(2.97555 1.60629 0)
(2.9904 1.57439 0)
(2.99861 1.54059 0)
(3.00044 1.53546 0)
(3.00168 1.53708 0)
(3.02025 1.52069 0)
(3.04884 1.48911 0)
(3.0689 1.46202 0)
(3.08266 1.46154 0)
(3.08931 1.46609 0)
(3.09836 1.43821 0)
(3.11624 1.38905 0)
(3.1291 1.37265 0)
(3.13995 1.38296 0)
(3.15286 1.38314 0)
(3.18186 1.36072 0)
(3.207 1.31818 0)
(3.22022 1.29557 0)
(3.22129 1.30161 0)
(3.21216 1.30362 0)
(3.2313 1.2852 0)
(3.26342 1.24922 0)
(3.28344 1.21606 0)
(3.29751 1.22002 0)
(3.30551 1.23421 0)
(3.32207 1.22122 0)
(3.3406 1.17052 0)
(3.34621 1.13752 0)
(3.3525 1.1445 0)
(3.35686 1.1489 0)
(3.37916 1.13838 0)
(3.40945 1.11002 0)
(3.43012 1.07283 0)
(3.44172 1.06327 0)
(3.44401 1.07119 0)
(3.43691 1.07162 0)
(3.45208 1.04601 0)
(3.47584 1.00638 0)
(3.48735 0.98494 0)
(3.50042 0.993467 0)
(3.51187 1.00033 0)
(3.53664 0.983564 0)
(3.55509 0.944041 0)
(3.56059 0.91799 0)
(3.56059 0.919237 0)
(3.5546 0.921705 0)
(3.56481 0.910643 0)
(3.59136 0.893536 0)
(3.61407 0.86142 0)
(3.62538 0.843481 0)
(3.63657 0.848101 0)
(3.64468 0.858082 0)
(3.65564 0.840801 0)
(3.66095 0.793548 0)
(3.66181 0.773187 0)
(3.66832 0.778961 0)
(3.67502 0.779465 0)
(3.69422 0.771697 0)
(3.71729 0.752897 0)
(3.73428 0.722651 0)
(3.74504 0.707588 0)
(3.7482 0.709853 0)
(3.74263 0.713624 0)
(3.73624 0.698836 0)
(3.7547 0.674386 0)
(3.76954 0.647729 0)
(3.77677 0.635523 0)
(3.78679 0.64132 0)
(3.79439 0.645149 0)
(3.81453 0.632171 0)
(3.82808 0.599916 0)
(3.83049 0.574207 0)
(3.83005 0.571792 0)
(3.82517 0.573503 0)
(3.82415 0.566752 0)
(5 2.02706e-05 0)
(4.99998 0.000249924 0)
(4.99945 0.00326753 0)
(4.9956 0.0158976 0)
(4.96967 0.0648688 0)
(4.85163 0.247858 0)
(4.65629 0.478392 0)
(4.20859 0.948698 0)
(3.87413 1.20624 0)
(3.60397 1.38857 0)
(3.21575 1.65764 0)
(3.04321 1.79513 0)
(2.97679 1.74401 0)
(2.95221 1.75783 0)
(2.93747 1.78873 0)
(2.92793 1.79303 0)
(2.91339 1.78996 0)
(2.91353 1.77049 0)
(2.93557 1.73693 0)
(2.96036 1.71055 0)
(2.98333 1.69788 0)
(3.01496 1.66885 0)
(3.03691 1.62886 0)
(3.04347 1.61734 0)
(3.04044 1.6203 0)
(3.04571 1.59924 0)
(3.06508 1.56236 0)
(3.0779 1.54154 0)
(3.08618 1.54731 0)
(3.09395 1.54935 0)
(3.11159 1.51962 0)
(3.12488 1.47318 0)
(3.12978 1.46116 0)
(3.13047 1.47155 0)
(3.14202 1.46402 0)
(3.17311 1.4334 0)
(3.19598 1.39235 0)
(3.20869 1.382 0)
(3.21295 1.39552 0)
(3.21193 1.39019 0)
(3.23098 1.34623 0)
(3.24777 1.30601 0)
(3.25983 1.30764 0)
(3.26629 1.32007 0)
(3.28535 1.31236 0)
(3.3129 1.27695 0)
(3.32819 1.23704 0)
(3.33299 1.23221 0)
(3.32652 1.24265 0)
(3.32864 1.23383 0)
(3.35795 1.20746 0)
(3.38116 1.16744 0)
(3.39424 1.15729 0)
(3.40391 1.17186 0)
(3.415 1.17335 0)
(3.4355 1.13653 0)
(3.44137 1.09005 0)
(3.44466 1.08515 0)
(3.44623 1.09325 0)
(3.45596 1.08809 0)
(3.48313 1.07471 0)
(3.50899 1.03942 0)
(3.52323 1.01458 0)
(3.53123 1.01658 0)
(3.53109 1.02663 0)
(3.52895 1.01484 0)
(3.54611 0.973409 0)
(3.55578 0.943435 0)
(3.56669 0.94652 0)
(3.57656 0.953789 0)
(3.59696 0.946906 0)
(3.62183 0.921305 0)
(3.63552 0.888662 0)
(3.64169 0.876136 0)
(3.63703 0.87951 0)
(3.62565 0.878529 0)
(3.63712 0.863396 0)
(3.6615 0.84376 0)
(3.67992 0.814542 0)
(3.6891 0.803151 0)
(3.7012 0.809004 0)
(3.712 0.817641 0)
(3.72684 0.802439 0)
(3.7318 0.758912 0)
(3.72625 0.731227 0)
(3.72874 0.734609 0)
(3.73295 0.73777 0)
(3.74411 0.732397 0)
(3.76379 0.725527 0)
(3.78462 0.699683 0)
(3.79779 0.671072 0)
(3.80659 0.662886 0)
(3.80802 0.667748 0)
(3.80116 0.669553 0)
(3.79423 0.653373 0)
(3.81146 0.633356 0)
(5 5.20332e-10 0)
(5 2.61375e-08 0)
(5 6.10182e-07 0)
(5 1.16135e-05 0)
(5 0.000111463 0)
(4.9998 0.00107806 0)
(4.99812 0.00917634 0)
(4.98586 0.0369462 0)
(4.94238 0.113897 0)
(4.76137 0.366378 0)
(4.54756 0.610429 0)
(4.11399 1.06565 0)
(3.80815 1.30326 0)
(3.59643 1.43214 0)
(3.27162 1.65377 0)
(3.11218 1.80402 0)
(3.04786 1.75952 0)
(3.02995 1.75157 0)
(3.01997 1.78546 0)
(3.01732 1.79204 0)
(3.00954 1.79053 0)
(3.00279 1.77657 0)
(3.01739 1.74372 0)
(3.03648 1.71571 0)
(3.05212 1.69983 0)
(3.08337 1.6671 0)
(3.1089 1.63073 0)
(3.12105 1.62656 0)
(3.12711 1.62965 0)
(3.13988 1.59947 0)
(3.14901 1.55493 0)
(3.15091 1.543 0)
(3.15 1.55328 0)
(3.15597 1.54599 0)
(3.17915 1.51425 0)
(3.19569 1.4784 0)
(3.20452 1.47365 0)
(3.20693 1.48664 0)
(3.21602 1.47226 0)
(3.23708 1.4213 0)
(3.24717 1.38617 0)
(3.25376 1.39499 0)
(3.25584 1.40626 0)
(3.27768 1.38939 0)
(3.30408 1.34659 0)
(3.31616 1.31554 0)
(3.32262 1.32228 0)
(3.31908 1.33393 0)
(3.32819 1.31151 0)
(3.35015 1.26439 0)
(3.36155 1.24203 0)
(3.3706 1.25345 0)
(3.37659 1.26079 0)
(3.40156 1.24266 0)
(3.42283 1.19906 0)
(3.43037 1.17248 0)
(3.4297 1.1792 0)
(3.42194 1.18469 0)
(3.43741 1.16702 0)
(3.46374 1.1332 0)
(3.47658 1.10621 0)
(3.48826 1.11341 0)
(3.49612 1.123 0)
(3.51655 1.10435 0)
(3.52934 1.06067 0)
(3.53022 1.03765 0)
(3.52859 1.04311 0)
(3.5263 1.04367 0)
(3.54609 1.03491 0)
(3.57193 1.01298 0)
(3.591 0.980273 0)
(3.60139 0.971222 0)
(3.60936 0.979663 0)
(3.61109 0.986383 0)
(3.61729 0.956589 0)
(3.62205 0.909958 0)
(3.62725 0.898731 0)
(3.63685 0.907631 0)
(3.64677 0.910278 0)
(3.66834 0.902329 0)
(3.69145 0.876805 0)
(3.70459 0.845918 0)
(3.71296 0.834905 0)
(3.71115 0.837016 0)
(3.69594 0.838023 0)
(3.69457 0.826043 0)
(3.71584 0.810704 0)
(3.73706 0.782555 0)
(3.74864 0.760542 0)
(3.75859 0.758226 0)
(3.76783 0.764961 0)
(3.77554 0.773829 0)
(3.78606 0.760794 0)
(3.79029 0.715368 0)
(3.78588 0.684293 0)
(3.79074 0.686493 0)
(5 6.9455e-15 0)
(5 3.37259e-13 0)
(5 9.50798e-12 0)
(5 2.16617e-10 0)
(5 6.49326e-09 0)
(5 1.83534e-07 0)
(5 3.41892e-06 0)
(5 4.61503e-05 0)
(4.99997 0.00035428 0)
(4.99938 0.00255716 0)
(4.99541 0.017788 0)
(4.97369 0.0623237 0)
(4.91495 0.158472 0)
(4.70353 0.446276 0)
(4.49574 0.680032 0)
(4.09125 1.11157 0)
(3.80067 1.36349 0)
(3.6338 1.43616 0)
(3.35333 1.62484 0)
(3.19384 1.79994 0)
(3.13006 1.7785 0)
(3.10934 1.74637 0)
(3.10052 1.77386 0)
(3.09659 1.78607 0)
(3.09275 1.78811 0)
(3.08112 1.78115 0)
(3.09171 1.75384 0)
(3.11086 1.72564 0)
(3.1264 1.7094 0)
(3.1546 1.67323 0)
(3.17649 1.63452 0)
(3.1864 1.63269 0)
(3.19423 1.63055 0)
(3.21326 1.59505 0)
(3.22356 1.55655 0)
(3.22668 1.55369 0)
(3.2245 1.5662 0)
(3.23316 1.55058 0)
(3.25076 1.50628 0)
(3.25719 1.47678 0)
(3.26034 1.48528 0)
(3.26069 1.49471 0)
(3.28038 1.47163 0)
(3.30307 1.42512 0)
(3.31212 1.40052 0)
(3.31644 1.4134 0)
(3.31596 1.42031 0)
(3.33605 1.38739 0)
(3.35232 1.3367 0)
(3.35945 1.32487 0)
(3.36253 1.34181 0)
(3.36794 1.34287 0)
(3.39386 1.31432 0)
(3.41092 1.27045 0)
(3.41821 1.25762 0)
(3.41897 1.27233 0)
(3.41713 1.27166 0)
(3.43698 1.23526 0)
(3.45039 1.19508 0)
(3.45916 1.1941 0)
(3.46294 1.20689 0)
(3.47777 1.20067 0)
(3.50265 1.169 0)
(3.51464 1.13202 0)
(3.51821 1.12645 0)
(3.51235 1.13673 0)
(3.51081 1.12806 0)
(3.53446 1.10027 0)
(3.5489 1.06732 0)
(3.55961 1.06612 0)
(3.5672 1.07698 0)
(3.58399 1.06978 0)
(3.60396 1.03786 0)
(3.61049 1.0053 0)
(3.60955 0.999286 0)
(3.60018 1.00302 0)
(3.60175 0.996662 0)
(3.62439 0.985663 0)
(3.64704 0.959643 0)
(3.66082 0.935836 0)
(3.67112 0.933701 0)
(3.68123 0.939256 0)
(3.68702 0.942449 0)
(3.68517 0.920507 0)
(3.68886 0.878747 0)
(3.69315 0.853373 0)
(3.70217 0.85173 0)
(3.71269 0.861864 0)
(3.72034 0.866385 0)
(3.73939 0.859425 0)
(3.76042 0.834077 0)
(3.77096 0.798446 0)
(3.77575 0.781414 0)
(3.7718 0.781809 0)
(3.75837 0.784296 0)
(3.7587 0.779475 0)
(5 -1.28108e-15 0)
(5 -1.86004e-15 0)
(5 -2.10608e-15 0)
(5 -2.26259e-16 0)
(5 9.49748e-14 0)
(5 2.33337e-12 0)
(5 6.86002e-11 0)
(5 1.44741e-09 0)
(5 3.44257e-08 0)
(5 7.2467e-07 0)
(5 1.05475e-05 0)
(5 0.000112085 0)
(4.99991 0.000743107 0)
(4.99887 0.00404448 0)
(4.99274 0.0245444 0)
(4.96271 0.0843096 0)
(4.89955 0.18705 0)
(4.68929 0.478757 0)
(4.49231 0.693966 0)
(4.12566 1.09872 0)
(3.83488 1.39305 0)
(3.69758 1.4251 0)
(3.45349 1.57844 0)
(3.27868 1.76603 0)
(3.21592 1.7941 0)
(3.18776 1.74627 0)
(3.18034 1.75934 0)
(3.17447 1.77976 0)
(3.17304 1.78332 0)
(3.16048 1.781 0)
(3.15852 1.76199 0)
(3.17289 1.73568 0)
(3.18753 1.71691 0)
(3.21629 1.68102 0)
(3.23887 1.64736 0)
(3.24993 1.64727 0)
(3.26474 1.63597 0)
(3.28525 1.59019 0)
(3.28948 1.55881 0)
(3.28938 1.56609 0)
(3.28653 1.57324 0)
(3.30201 1.54709 0)
(3.3177 1.5042 0)
(3.32276 1.48793 0)
(3.32403 1.50271 0)
(3.32529 1.5059 0)
(3.34562 1.4703 0)
(3.35827 1.42288 0)
(3.36264 1.41491 0)
(3.36222 1.43159 0)
(3.36963 1.42591 0)
(3.39583 1.38851 0)
(3.40888 1.34662 0)
(3.41548 1.34466 0)
(3.41426 1.36224 0)
(3.42143 1.35121 0)
(3.44193 1.30557 0)
(3.44927 1.27164 0)
(3.45458 1.27941 0)
(3.45407 1.29171 0)
(3.47145 1.27737 0)
(3.49368 1.23898 0)
(3.50231 1.209 0)
(3.50723 1.21452 0)
(3.50309 1.22644 0)
(3.51252 1.20529 0)
(3.52913 1.16102 0)
(3.53645 1.14406 0)
(3.54222 1.155 0)
(3.54764 1.1582 0)
(3.57111 1.14032 0)
(3.58844 1.10438 0)
(3.59536 1.08509 0)
(3.5958 1.0912 0)
(3.58633 1.09418 0)
(3.59742 1.06971 0)
(3.61344 1.03553 0)
(3.62234 1.02608 0)
(3.6312 1.03487 0)
(3.64246 1.03366 0)
(3.664 1.01493 0)
(3.67762 0.984996 0)
(3.68334 0.968156 0)
(3.67671 0.968422 0)
(3.66667 0.963134 0)
(3.67582 0.950716 0)
(3.6852 0.942488 0)
(3.70217 0.930534 0)
(3.72297 0.912513 0)
(3.73811 0.89206 0)
(3.74855 0.881852 0)
(3.75572 0.881222 0)
(3.75299 0.883514 0)
(3.73805 0.872842 0)
(3.74473 0.850945 0)
(3.76113 0.827769 0)
(5 -8.79525e-16 0)
(5 -1.3141e-15 0)
(5 -1.88458e-15 0)
(5 -2.12457e-15 0)
(5 -2.22002e-15 0)
(5 -1.07112e-15 0)
(5 8.40905e-16 0)
(5 1.87177e-14 0)
(5 4.84384e-13 0)
(5 1.08173e-11 0)
(5 2.8739e-10 0)
(5 5.51437e-09 0)
(5 9.873e-08 0)
(5 1.47618e-06 0)
(5 2.12977e-05 0)
(4.99999 0.000178126 0)
(4.99986 0.00111893 0)
(4.9984 0.0054208 0)
(4.99321 0.022781 0)
(4.95444 0.103244 0)
(4.90244 0.187786 0)
(4.72032 0.449021 0)
(4.47901 0.712028 0)
(4.24352 0.995708 0)
(3.89398 1.37743 0)
(3.74302 1.4432 0)
(3.58868 1.52364 0)
(3.39042 1.68359 0)
(3.30681 1.79737 0)
(3.26156 1.76318 0)
(3.24749 1.73908 0)
(3.24402 1.76692 0)
(3.24471 1.77532 0)
(3.24331 1.77584 0)
(3.23092 1.77018 0)
(3.23686 1.74869 0)
(3.25032 1.72482 0)
(3.26981 1.6906 0)
(3.28774 1.66287 0)
(3.29991 1.65818 0)
(3.32493 1.63644 0)
(3.34966 1.59175 0)
(3.35587 1.5702 0)
(3.35503 1.58218 0)
(3.35149 1.5823 0)
(3.36801 1.54325 0)
(3.3769 1.50062 0)
(3.37974 1.49815 0)
(3.37865 1.51545 0)
(3.38706 1.50975 0)
(3.40831 1.47064 0)
(3.41599 1.4331 0)
(3.41809 1.43526 0)
(3.41389 1.44999 0)
(3.42614 1.43284 0)
(3.44792 1.38643 0)
(3.45452 1.35483 0)
(3.4592 1.36496 0)
(3.45775 1.3778 0)
(3.47533 1.35693 0)
(3.49438 1.31181 0)
(3.50005 1.2871 0)
(3.5034 1.29977 0)
(3.50067 1.30865 0)
(3.51804 1.28127 0)
(3.53101 1.23592 0)
(3.53569 1.22314 0)
(3.53812 1.23794 0)
(3.54162 1.2387 0)
(3.56394 1.21443 0)
(3.57781 1.1773 0)
(3.58415 1.16437 0)
(3.58599 1.17735 0)
(3.58391 1.17624 0)
(3.59866 1.13918 0)
(3.60625 1.10575 0)
(3.61234 1.10774 0)
(3.61492 1.11666 0)
(3.63114 1.1082 0)
(3.65201 1.08258 0)
(3.66201 1.05581 0)
(3.66808 1.05174 0)
(3.66422 1.06014 0)
(3.65947 1.04535 0)
(3.67212 1.00942 0)
(3.67959 0.997505 0)
(3.68655 1.00067 0)
(3.70082 0.99556 0)
(3.71813 0.982223 0)
(3.72867 0.96788 0)
(3.73941 0.957931 0)
(3.74524 0.955135 0)
(3.73775 0.943995 0)
(3.73696 0.909407 0)
(3.74275 0.893952 0)
(3.75034 0.897782 0)
(5 4.2737e-16 0)
(5 6.27566e-16 0)
(5 7.78701e-16 0)
(5 1.1841e-15 0)
(5 -1.12973e-15 0)
(5 -3.24075e-15 0)
(5 -2.84832e-15 0)
(5 -2.61423e-15 0)
(5 -1.76216e-15 0)
(5 -2.33936e-15 0)
(5 6.76603e-16 0)
(5 7.36345e-14 0)
(5 1.34221e-12 0)
(5 2.4413e-11 0)
(5 7.03349e-10 0)
(5 1.22364e-08 0)
(5 1.79217e-07 0)
(5 2.09168e-06 0)
(5 2.52143e-05 0)
(4.99997 0.000229054 0)
(4.99989 0.00112497 0)
(4.99827 0.00618379 0)
(4.99402 0.0183551 0)
(4.96177 0.0907504 0)
(4.89748 0.199578 0)
(4.78957 0.35881 0)
(4.51657 0.697061 0)
(4.34946 0.891694 0)
(4.01992 1.25824 0)
(3.80765 1.47062 0)
(3.70715 1.47502 0)
(3.52071 1.58927 0)
(3.39808 1.74931 0)
(3.35011 1.7888 0)
(3.3188 1.74501 0)
(3.31199 1.73754 0)
(3.31215 1.76124 0)
(3.31204 1.76703 0)
(3.30607 1.76785 0)
(3.29703 1.76007 0)
(3.30556 1.73941 0)
(3.32641 1.70292 0)
(3.33984 1.68019 0)
(3.34792 1.67681 0)
(3.37695 1.64421 0)
(3.39984 1.59254 0)
(3.40555 1.58212 0)
(3.4071 1.59827 0)
(3.41709 1.58683 0)
(3.435 1.54108 0)
(3.43871 1.50719 0)
(3.4399 1.51441 0)
(3.43416 1.52968 0)
(3.44414 1.51156 0)
(3.46091 1.46795 0)
(3.46478 1.44168 0)
(3.46713 1.45333 0)
(3.46576 1.46505 0)
(3.48415 1.44064 0)
(3.50085 1.39259 0)
(3.50454 1.37022 0)
(3.50583 1.38496 0)
(3.50368 1.39171 0)
(3.52441 1.36236 0)
(3.53811 1.31594 0)
(3.54231 1.30169 0)
(3.54442 1.31864 0)
(3.54525 1.3205 0)
(3.56595 1.2913 0)
(3.57728 1.25082 0)
(3.58224 1.24046 0)
(3.58348 1.25688 0)
(3.58477 1.2551 0)
(3.60237 1.21892 0)
(3.60825 1.18246 0)
(3.61273 1.18339 0)
(3.61336 1.19601 0)
(3.62474 1.18661 0)
(3.64464 1.15858 0)
(3.65269 1.13019 0)
(3.6593 1.12779 0)
(3.65895 1.13945 0)
(3.66078 1.12392 0)
(3.67044 1.08363 0)
(3.67438 1.06795 0)
(3.67965 1.07605 0)
(3.68683 1.07591 0)
(3.70692 1.06238 0)
(3.72012 1.03866 0)
(3.72849 1.02323 0)
(3.73587 1.02477 0)
(3.73314 1.02329 0)
(3.73226 0.991474 0)
(3.73403 0.970024 0)
(3.73925 0.972752 0)
(3.74615 0.973485 0)
(5 -1.57633e-15 0)
(5 -2.41743e-15 0)
(5 -2.30554e-15 0)
(5 -3.40164e-15 0)
(5 -3.50352e-15 0)
(5 -3.40188e-15 0)
(5 -2.7181e-15 0)
(5 -2.90404e-15 0)
(5 -3.147e-15 0)
(5 -4.03325e-15 0)
(5 1.94953e-16 0)
(5 3.75416e-15 0)
(5 7.27015e-15 0)
(5 7.94296e-15 0)
(5 1.67403e-14 0)
(5 1.73284e-13 0)
(5 2.47454e-12 0)
(5 3.45849e-11 0)
(5 9.33737e-10 0)
(5 1.85574e-08 0)
(5 1.95513e-07 0)
(5 2.3926e-06 0)
(5 1.93411e-05 0)
(4.99996 0.000222912 0)
(4.99988 0.000966834 0)
(4.9989 0.00492274 0)
(4.99369 0.0174931 0)
(4.98061 0.0512398 0)
(4.90409 0.198139 0)
(4.83839 0.297635 0)
(4.64218 0.561539 0)
(4.3872 0.843887 0)
(4.21801 1.06666 0)
(3.91331 1.41208 0)
(3.77872 1.49238 0)
(3.68035 1.51125 0)
(3.51398 1.62645 0)
(3.43329 1.767 0)
(3.39889 1.77637 0)
(3.37539 1.73529 0)
(3.37455 1.73253 0)
(3.37538 1.75171 0)
(3.37474 1.75898 0)
(3.36898 1.76021 0)
(3.36276 1.74874 0)
(3.37078 1.72321 0)
(3.38766 1.69306 0)
(3.39696 1.68418 0)
(3.4175 1.66238 0)
(3.4468 1.61216 0)
(3.4552 1.5942 0)
(3.45897 1.60723 0)
(3.4748 1.59234 0)
(3.49115 1.54321 0)
(3.49059 1.51745 0)
(3.49123 1.52833 0)
(3.48975 1.53957 0)
(3.50417 1.51549 0)
(3.51617 1.47264 0)
(3.51747 1.45315 0)
(3.51822 1.46813 0)
(3.51585 1.47618 0)
(3.53373 1.44709 0)
(3.54632 1.40144 0)
(3.5491 1.38544 0)
(3.55068 1.40212 0)
(3.55119 1.40558 0)
(3.57245 1.37405 0)
(3.58383 1.32931 0)
(3.58754 1.31697 0)
(3.58877 1.33515 0)
(3.5894 1.33601 0)
(3.60888 1.30184 0)
(3.61592 1.26046 0)
(3.61962 1.25601 0)
(3.61998 1.27229 0)
(3.62573 1.2668 0)
(3.64555 1.23767 0)
(3.65307 1.20407 0)
(3.65842 1.19918 0)
(3.659 1.21385 0)
(3.66101 1.20519 0)
(3.67434 1.16698 0)
(3.67727 1.13999 0)
(3.68224 1.14615 0)
(3.68429 1.15426 0)
(3.70101 1.14149 0)
(3.71647 1.11392 0)
(3.72231 1.09287 0)
(3.72874 1.09481 0)
(3.72713 1.10109 0)
(3.73034 1.07556 0)
(3.73455 1.04185 0)
(3.7385 1.0374 0)
(3.74362 1.04471 0)
(3.75567 1.03885 0)
(5 -4.18023e-15 0)
(5 -4.17323e-15 0)
(5 -3.72802e-15 0)
(5 -2.67258e-15 0)
(5 -2.09643e-15 0)
(5 -6.87374e-16 0)
(5 -2.33936e-15 0)
(5 -3.98649e-15 0)
(5 -4.12546e-15 0)
(5 -2.11037e-15 0)
(5 1.82052e-15 0)
(5 2.10235e-15 0)
(5 1.82829e-15 0)
(5 1.78825e-15 0)
(5 1.89465e-15 0)
(5 4.20654e-15 0)
(5 4.51636e-15 0)
(5 5.49682e-15 0)
(5 2.07e-14 0)
(5 2.64009e-13 0)
(5 2.70468e-12 0)
(5 4.06467e-11 0)
(5 6.59872e-10 0)
(5 1.90071e-08 0)
(5 1.63213e-07 0)
(5 1.85224e-06 0)
(5 1.42264e-05 0)
(4.99998 0.00011391 0)
(4.9998 0.000915386 0)
(4.99964 0.00270744 0)
(4.99578 0.0139795 0)
(4.98594 0.0352436 0)
(4.95049 0.108551 0)
(4.8439 0.304411 0)
(4.77581 0.39832 0)
(4.52188 0.713542 0)
(4.30806 0.945761 0)
(4.12538 1.1863 0)
(3.87351 1.48398 0)
(3.77263 1.51254 0)
(3.67745 1.53133 0)
(3.54395 1.6365 0)
(3.47909 1.76196 0)
(3.45518 1.76807 0)
(3.4327 1.73017 0)
(3.429 1.7224 0)
(3.43034 1.74201 0)
(3.43307 1.74836 0)
(3.43245 1.7481 0)
(3.42395 1.73881 0)
(3.4308 1.71623 0)
(3.44895 1.68577 0)
(3.4569 1.67515 0)
(3.47347 1.64803 0)
(3.49585 1.60858 0)
(3.50541 1.60371 0)
(3.52052 1.59743 0)
(3.54316 1.56203 0)
(3.54635 1.5333 0)
(3.54509 1.53671 0)
(3.54083 1.54471 0)
(3.55276 1.51948 0)
(3.56403 1.48031 0)
(3.56561 1.46335 0)
(3.5678 1.47748 0)
(3.5677 1.4855 0)
(3.58454 1.45842 0)
(3.59445 1.41487 0)
(3.59529 1.39968 0)
(3.59461 1.41562 0)
(3.59382 1.41821 0)
(3.61466 1.38745 0)
(3.62522 1.34393 0)
(3.62831 1.33203 0)
(3.62998 1.34982 0)
(3.63167 1.3502 0)
(3.65155 1.31902 0)
(3.6596 1.27918 0)
(3.66315 1.26994 0)
(3.66434 1.28674 0)
(3.66467 1.28484 0)
(3.6812 1.25091 0)
(3.68562 1.21475 0)
(3.68972 1.21402 0)
(3.6905 1.22912 0)
(3.69991 1.22201 0)
(3.71771 1.19353 0)
(3.72286 1.16496 0)
(3.72758 1.16273 0)
(3.72687 1.17401 0)
(3.72849 1.16011 0)
(3.73892 1.12466 0)
(3.74132 1.10572 0)
(3.74652 1.11359 0)
(3.75088 1.11766 0)
(3.76942 1.10281 0)
(5 -5.77579e-15 0)
(5 -4.908e-15 0)
(5 -4.83812e-15 0)
(5 -3.63815e-15 0)
(5 -2.80625e-15 0)
(5 -2.28507e-15 0)
(5 -1.66728e-15 0)
(5 -1.3883e-15 0)
(5 -1.8452e-15 0)
(5 -1.99065e-15 0)
(5 -1.11527e-15 0)
(5 4.05177e-16 0)
(5 4.9475e-16 0)
(5 7.43173e-16 0)
(5 1.2825e-15 0)
(5 1.28848e-15 0)
(5 1.57934e-15 0)
(5 2.01092e-15 0)
(5 2.09523e-15 0)
(5 1.56759e-15 0)
(5 9.10306e-16 0)
(5 6.39988e-16 0)
(5 8.60583e-15 0)
(5 2.8302e-13 0)
(5 2.17953e-12 0)
(5 3.14515e-11 0)
(5 4.13306e-10 0)
(5 8.22517e-09 0)
(5 1.42962e-07 0)
(5 8.70773e-07 0)
(5 9.28574e-06 0)
(5 5.49541e-05 0)
(4.99992 0.000415157 0)
(4.99945 0.00227533 0)
(4.99895 0.00584739 0)
(4.99037 0.027711 0)
(4.97499 0.0580571 0)
(4.91318 0.172983 0)
(4.79096 0.393379 0)
(4.71995 0.487885 0)
(4.44686 0.812701 0)
(4.26331 1.01209 0)
(4.08733 1.24669 0)
(3.86792 1.51913 0)
(3.78116 1.53229 0)
(3.69447 1.53477 0)
(3.58623 1.6288 0)
(3.52834 1.74437 0)
(3.51085 1.76313 0)
(3.48835 1.72946 0)
(3.48176 1.71209 0)
(3.4845 1.72787 0)
(3.48806 1.73414 0)
(3.48897 1.7368 0)
(3.48118 1.72843 0)
(3.48633 1.70817 0)
(3.49772 1.69031 0)
(3.51484 1.66535 0)
(3.53362 1.62903 0)
(3.54116 1.6205 0)
(3.55103 1.61284 0)
(3.57907 1.57339 0)
(3.58761 1.53979 0)
(3.59116 1.54386 0)
(3.59178 1.55648 0)
(3.60565 1.5333 0)
(3.61518 1.48866 0)
(3.61409 1.46955 0)
(3.61357 1.48418 0)
(3.61035 1.49197 0)
(3.62617 1.4691 0)
(3.63744 1.42955 0)
(3.63869 1.41229 0)
(3.63975 1.42759 0)
(3.63832 1.43405 0)
(3.65657 1.40527 0)
(3.6666 1.36281 0)
(3.66829 1.34717 0)
(3.66995 1.36305 0)
(3.66921 1.36694 0)
(3.68799 1.33661 0)
(3.69621 1.29441 0)
(3.69862 1.28428 0)
(3.70005 1.30201 0)
(3.70359 1.30192 0)
(3.72332 1.2732 0)
(3.72994 1.23677 0)
(3.73282 1.22898 0)
(3.73306 1.24327 0)
(3.73267 1.23847 0)
(3.74774 1.20586 0)
(3.75113 1.17545 0)
(3.75564 1.17812 0)
(3.75666 1.19121 0)
(3.77108 1.18116 0)
(3.78605 1.15053 0)
(5 -3.49325e-16 0)
(5 2.38658e-16 0)
(5 1.20439e-15 0)
(5 1.32613e-15 0)
(5 1.17892e-15 0)
(5 1.6907e-15 0)
(5 2.04855e-15 0)
(5 2.54821e-15 0)
(5 2.45479e-15 0)
(5 2.25377e-15 0)
(5 2.72241e-15 0)
(5 3.15809e-15 0)
(5 3.63197e-15 0)
(5 3.51776e-15 0)
(5 3.47114e-15 0)
(5 3.74543e-15 0)
(5 3.72242e-15 0)
(5 3.20837e-15 0)
(5 9.31677e-17 0)
(5 -1.20214e-15 0)
(5 -2.31999e-15 0)
(5 -3.38152e-15 0)
(5 -2.99606e-15 0)
(5 -3.2989e-15 0)
(5 -3.63417e-15 0)
(5 -3.64096e-15 0)
(5 1.68928e-15 0)
(5 1.40739e-13 0)
(5 1.93956e-12 0)
(5 1.40621e-11 0)
(5 2.48538e-10 0)
(5 2.94918e-09 0)
(5 5.00075e-08 0)
(5 6.08282e-07 0)
(5 2.91906e-06 0)
(4.99999 2.90517e-05 0)
(4.99998 0.000153764 0)
(4.99979 0.000904112 0)
(4.99882 0.00462315 0)
(4.99797 0.00969844 0)
(4.98424 0.0414559 0)
(4.95809 0.0907201 0)
(4.89224 0.206547 0)
(4.74766 0.465252 0)
(4.66248 0.579029 0)
(4.43146 0.835997 0)
(4.24968 1.03502 0)
(4.06451 1.28737 0)
(3.8821 1.53903 0)
(3.80785 1.53935 0)
(3.73205 1.52556 0)
(3.63418 1.60949 0)
(3.57837 1.72176 0)
(3.55912 1.7577 0)
(3.5411 1.73038 0)
(3.53225 1.70369 0)
(3.53545 1.71342 0)
(3.53959 1.71806 0)
(3.54261 1.72256 0)
(3.53498 1.72041 0)
(3.53376 1.70763 0)
(3.54643 1.68377 0)
(3.56551 1.64746 0)
(3.57383 1.63753 0)
(3.58068 1.6373 0)
(3.61196 1.59866 0)
(3.62535 1.55012 0)
(3.62856 1.54895 0)
(3.63117 1.56465 0)
(3.64808 1.54657 0)
(3.66072 1.50173 0)
(3.65932 1.47846 0)
(3.66005 1.49114 0)
(3.65747 1.50206 0)
(3.67175 1.47975 0)
(3.68184 1.44023 0)
(3.68144 1.42069 0)
(3.68225 1.43506 0)
(3.67899 1.44529 0)
(3.69541 1.42033 0)
(3.70573 1.37764 0)
(3.70607 1.36145 0)
(3.70645 1.37851 0)
(3.70669 1.38464 0)
(3.72749 1.35796 0)
(3.7361 1.31748 0)
(3.73684 1.3059 0)
(3.73628 1.32232 0)
(3.73544 1.32418 0)
(3.75395 1.29247 0)
(3.75905 1.25537 0)
(3.7612 1.25381 0)
(3.76228 1.27019 0)
(3.77485 1.26314 0)
(3.79017 1.2287 0)
(3.78931 1.20294 0)
(5 -7.59615e-17 0)
(5 2.22173e-15 0)
(5 4.13554e-15 0)
(5 5.61167e-15 0)
(5 7.19275e-15 0)
(5 7.29207e-15 0)
(5 7.3686e-15 0)
(5 8.00561e-15 0)
(5 8.34108e-15 0)
(5 5.55036e-15 0)
(5 3.54615e-15 0)
(5 3.19781e-15 0)
(5 2.7534e-15 0)
(5 3.10122e-15 0)
(5 4.83e-15 0)
(5 6.1288e-15 0)
(5 5.17221e-15 0)
(5 4.55814e-15 0)
(5 3.31566e-15 0)
(5 -9.54652e-16 0)
(5 -3.02901e-15 0)
(5 -2.67349e-15 0)
(5 -2.0214e-15 0)
(5 -4.14844e-15 0)
(5 -5.75528e-15 0)
(5 -5.77949e-15 0)
(5 -4.77781e-15 0)
(5 -2.25252e-15 0)
(5 -5.22981e-16 0)
(5 -2.47975e-16 0)
(5 7.21432e-16 0)
(5 4.54143e-14 0)
(5 8.37906e-13 0)
(5 8.43529e-12 0)
(5 6.22527e-11 0)
(5 1.13337e-09 0)
(5 1.30268e-08 0)
(5 1.83757e-07 0)
(5 1.58615e-06 0)
(5 8.22767e-06 0)
(4.99999 5.85608e-05 0)
(4.99995 0.000290016 0)
(4.99959 0.00171873 0)
(4.99815 0.00654517 0)
(4.99626 0.0145163 0)
(4.97901 0.0560766 0)
(4.95226 0.100601 0)
(4.8706 0.241263 0)
(4.71577 0.53836 0)
(4.67701 0.573028 0)
(4.44185 0.8418 0)
(4.19089 1.13862 0)
(4.13356 1.23735 0)
(3.92919 1.46979 0)
(3.8206 1.58324 0)
(3.76242 1.55239 0)
(3.68205 1.58999 0)
(3.64318 1.66203 0)
(3.60447 1.72824 0)
(3.59871 1.73145 0)
(3.58592 1.70406 0)
(3.5835 1.69687 0)
(3.58444 1.70195 0)
(3.5884 1.70779 0)
(3.5893 1.70985 0)
(3.58664 1.70071 0)
(3.59503 1.67442 0)
(3.60763 1.64759 0)
(3.61315 1.64436 0)
(3.63056 1.62523 0)
(3.65471 1.57799 0)
(3.66029 1.56417 0)
(3.66384 1.5747 0)
(3.68308 1.55813 0)
(3.69979 1.51426 0)
(3.69937 1.49116 0)
(3.69879 1.50282 0)
(3.69526 1.51437 0)
(3.71251 1.48889 0)
(3.7232 1.44561 0)
(3.72262 1.42906 0)
(3.72348 1.44516 0)
(3.72373 1.4538 0)
(3.74437 1.42542 0)
(3.75214 1.38187 0)
(3.7504 1.37109 0)
(3.74969 1.38782 0)
(3.75194 1.3891 0)
(3.7625 1.35677 0)
(3.76279 1.32544 0)
(3.76297 1.32778 0)
(3.76983 1.33181 0)
(3.76861 1.3159 0)
(3.76841 1.28671 0)
(3.7541 1.20812 0)
(3.74393 1.14532 0)
(5 3.58924e-15 0)
(5 2.31663e-15 0)
(5 6.20491e-16 0)
(5 1.93132e-15 0)
(5 2.03791e-15 0)
(5 1.97401e-15 0)
(5 2.77189e-15 0)
(5 3.99826e-15 0)
(5 3.90755e-15 0)
(5 2.54149e-15 0)
(5 1.08629e-15 0)
(5 1.67454e-15 0)
(5 2.14572e-15 0)
(5 4.37885e-15 0)
(5 4.7781e-15 0)
(5 2.08655e-15 0)
(5 -1.80621e-15 0)
(5 -3.26785e-15 0)
(5 1.55093e-16 0)
(5 1.64887e-15 0)
(5 2.35813e-15 0)
(5 3.71341e-15 0)
(5 3.52144e-15 0)
(5 3.20143e-15 0)
(5 2.29156e-15 0)
(5 2.78224e-15 0)
(5 4.21393e-15 0)
(5 2.09991e-15 0)
(5 -1.43783e-15 0)
(5 -2.786e-15 0)
(5 -3.73989e-15 0)
(5 -2.6653e-15 0)
(5 3.49068e-15 0)
(5 2.35157e-15 0)
(5 3.95217e-15 0)
(5 2.39936e-14 0)
(5 2.26568e-13 0)
(5 2.83285e-12 0)
(5 2.62443e-11 0)
(5 1.85821e-10 0)
(5 3.63048e-09 0)
(5 3.62574e-08 0)
(5 3.7265e-07 0)
(5 3.69766e-06 0)
(5 1.36233e-05 0)
(4.99998 9.22367e-05 0)
(4.99991 0.000514005 0)
(4.99956 0.00179817 0)
(4.99715 0.00972541 0)
(4.9953 0.019066 0)
(4.98192 0.047278 0)
(4.92792 0.15427 0)
(4.88454 0.22664 0)
(4.74403 0.455053 0)
(4.58561 0.736909 0)
(4.47558 0.840557 0)
(4.33148 0.969054 0)
(4.09374 1.242 0)
(3.92896 1.52317 0)
(3.87283 1.56551 0)
(3.83043 1.50823 0)
(3.74286 1.54979 0)
(3.69578 1.64301 0)
(3.64681 1.72723 0)
(3.63689 1.72832 0)
(3.62946 1.69664 0)
(3.62751 1.68008 0)
(3.63154 1.69401 0)
(3.63559 1.69678 0)
(3.63586 1.69978 0)
(3.62965 1.692 0)
(3.63429 1.67009 0)
(3.64077 1.65763 0)
(3.66046 1.63524 0)
(3.67817 1.59783 0)
(3.68069 1.59459 0)
(3.68385 1.59992 0)
(3.70934 1.57105 0)
(3.71878 1.53234 0)
(3.71886 1.52816 0)
(3.72001 1.54367 0)
(3.72319 1.5432 0)
(3.73515 1.51884 0)
(3.73891 1.49261 0)
(3.74088 1.46878 0)
(3.74682 1.45108 0)
(3.74973 1.42701 0)
(3.7461 1.37926 0)
(3.7308 1.27994 0)
(3.72169 1.19679 0)
(3.68969 1.05231 0)
(3.66574 0.906758 0)
(3.66014 0.801435 0)
(3.57406 0.552872 0)
(3.54104 0.390958 0)
(3.52099 0.297903 0)
(5 6.03718e-15 0)
(5 4.68824e-15 0)
(5 1.1572e-16 0)
(5 -4.09501e-15 0)
(5 -4.93092e-15 0)
(5 -3.88179e-15 0)
(5 -1.75489e-15 0)
(5 -1.24657e-15 0)
(5 -1.04863e-15 0)
(5 -1.32242e-15 0)
(5 -1.64565e-15 0)
(5 -1.78864e-15 0)
(5 -6.11435e-16 0)
(5 1.5285e-15 0)
(5 9.37673e-16 0)
(5 -2.25553e-15 0)
(5 -5.6495e-15 0)
(5 -7.48297e-15 0)
(5 -4.92698e-15 0)
(5 1.71515e-15 0)
(5 7.20814e-15 0)
(5 8.51458e-15 0)
(5 8.10528e-15 0)
(5 7.45407e-15 0)
(5 6.3832e-15 0)
(5 5.6932e-15 0)
(5 6.47543e-15 0)
(5 6.09117e-15 0)
(5 2.55851e-15 0)
(5 -3.55552e-16 0)
(5 -7.50115e-17 0)
(5 7.43442e-16 0)
(5 5.36333e-16 0)
(5 -6.42917e-16 0)
(5 -7.25255e-16 0)
(5 -1.58258e-16 0)
(5 2.23073e-15 0)
(5 3.10702e-15 0)
(5 2.38929e-15 0)
(5 9.81251e-15 0)
(5 6.30154e-14 0)
(5 6.22541e-13 0)
(5 6.51245e-12 0)
(5 6.09189e-11 0)
(5 5.03451e-10 0)
(5 6.29122e-09 0)
(5 6.78647e-08 0)
(5 7.17347e-07 0)
(5 4.74587e-06 0)
(5 2.41768e-05 0)
(4.99998 0.000113154 0)
(4.99986 0.000545153 0)
(4.99939 0.00265494 0)
(4.99753 0.0082887 0)
(4.99287 0.022102 0)
(4.97826 0.0644097 0)
(4.95523 0.102766 0)
(4.86963 0.237624 0)
(4.71046 0.542959 0)
(4.67536 0.583752 0)
(4.51089 0.795185 0)
(4.26306 1.11716 0)
(4.22267 1.16044 0)
(4.06999 1.34753 0)
(3.91913 1.56646 0)
(3.86867 1.56769 0)
(3.80956 1.54184 0)
(3.75286 1.60761 0)
(3.71768 1.67279 0)
(3.69287 1.71544 0)
(3.68028 1.70386 0)
(3.65961 1.68018 0)
(3.65945 1.66564 0)
(3.65502 1.64636 0)
(3.64767 1.62233 0)
(3.62907 1.58049 0)
(3.61685 1.51857 0)
(3.61681 1.45038 0)
(3.59455 1.34942 0)
(3.58474 1.25489 0)
(3.53516 1.11799 0)
(3.51585 1.0067 0)
(3.46778 0.854365 0)
(3.43647 0.723577 0)
(3.40956 0.583085 0)
(3.33279 0.381095 0)
(3.32531 0.267308 0)
(3.26735 0.112969 0)
(3.21377 -0.0478358 0)
(3.21519 -0.1448 0)
(3.15177 -0.280329 0)
(3.125 -0.381107 0)
(3.11565 -0.440712 0)
(3.07537 -0.513427 0)
(3.05572 -0.550806 0)
(3.04906 -0.553108 0)
(5 -5.6345e-16 0)
(5 -6.85294e-16 0)
(5 -3.96398e-16 0)
(5 2.16146e-16 0)
(5 4.27988e-16 0)
(5 3.74694e-16 0)
(5 1.55676e-17 0)
(5 -4.18427e-16 0)
(5 -6.15171e-16 0)
(5 -5.65375e-16 0)
(5 -2.84481e-16 0)
(5 -1.54764e-16 0)
(5 2.18129e-16 0)
(5 -3.2543e-16 0)
(5 -7.06402e-16 0)
(5 -2.25173e-15 0)
(5 -3.60611e-15 0)
(5 -4.01636e-15 0)
(5 -3.35698e-15 0)
(5 -1.08786e-15 0)
(5 2.1631e-15 0)
(5 3.22635e-15 0)
(5 2.13679e-15 0)
(5 1.89157e-15 0)
(5 1.80515e-15 0)
(5 1.30415e-15 0)
(5 9.81089e-16 0)
(5 1.07704e-15 0)
(5 7.2379e-16 0)
(5 4.69229e-16 0)
(5 8.43293e-16 0)
(5 1.30117e-15 0)
(5 1.48329e-15 0)
(5 6.3107e-16 0)
(5 1.32983e-16 0)
(5 -2.20586e-16 0)
(5 -5.21865e-16 0)
(5 6.10315e-16 0)
(5 2.79769e-15 0)
(5 4.08643e-15 0)
(5 4.08476e-15 0)
(5 3.70256e-15 0)
(5 3.34116e-15 0)
(5 3.39347e-15 0)
(5 7.88099e-15 0)
(5 1.05646e-13 0)
(5 1.06505e-12 0)
(5 1.17537e-11 0)
(5 1.11818e-10 0)
(5 8.04059e-10 0)
(5 9.09378e-09 0)
(5 1.02043e-07 0)
(5 7.26856e-07 0)
(5 5.77295e-06 0)
(5 2.90598e-05 0)
(4.99998 0.000119554 0)
(4.99989 0.00053083 0)
(4.99929 0.00216855 0)
(4.99664 0.00890095 0)
(4.99293 0.0219577 0)
(4.98151 0.0425821 0)
(4.9367 0.119248 0)
(4.87191 0.219563 0)
(4.7812 0.323338 0)
(4.6059 0.632248 0)
(4.50869 0.737044 0)
(4.41645 0.734974 0)
(4.15322 1.00424 0)
(4.02151 1.2259 0)
(3.95934 1.20954 0)
(3.87366 1.15645 0)
(3.73864 1.23372 0)
(3.65797 1.27608 0)
(3.58963 1.25156 0)
(3.51006 1.24369 0)
(3.44985 1.18654 0)
(3.39375 1.13282 0)
(3.3408 1.11911 0)
(3.29427 1.05157 0)
(3.24591 0.959683 0)
(3.20717 0.916385 0)
(3.17115 0.849008 0)
(3.13039 0.758334 0)
(3.11164 0.703127 0)
(3.09439 0.624128 0)
(3.05869 0.552317 0)
(3.0509 0.491829 0)
(3.03559 0.429722 0)
(3.02154 0.370841 0)
(3.03882 0.308113 0)
(3.02975 0.26248 0)
(3.03884 0.203437 0)
(3.04241 0.145191 0)
(3.04534 0.102637 0)
(3.05684 0.0538345 0)
(3.07221 -0.00172023 0)
)
;

boundaryField
{
    inlet
    {
        type            fixedValue;
        value           uniform (5 0 0);
    }
    outlet
    {
        type            inletOutlet;
        inletValue      nonuniform 0();
        value           nonuniform 0();
    }
    bottom
    {
        type            symmetryPlane;
    }
    top
    {
        type            symmetryPlane;
    }
    obstacle
    {
        type            slip;
    }
    defaultFaces
    {
        type            empty;
    }
    procBoundary2to0
    {
        type            processor;
        value           nonuniform List<vector> 
192
(
(5 -7.62864e-18 0)
(5 9.1871e-19 0)
(5 5.10381e-17 0)
(5 8.66074e-17 0)
(5 -5.23875e-17 0)
(5 -8.07935e-17 0)
(5 1.92702e-17 0)
(5 1.73477e-16 0)
(5 4.81844e-16 0)
(5 3.27953e-16 0)
(5 1.35477e-16 0)
(5 -9.87542e-18 0)
(5 2.09918e-16 0)
(5 -6.56531e-18 0)
(5 -2.04503e-17 0)
(5 -2.66362e-16 0)
(5 -1.05355e-15 0)
(5 -1.37655e-15 0)
(5 -1.19961e-15 0)
(5 -4.77648e-16 0)
(5 3.64734e-16 0)
(5 6.51315e-16 0)
(5 4.74902e-16 0)
(5 8.68467e-17 0)
(5 -9.02019e-16 0)
(5 -1.3515e-15 0)
(5 3.59069e-16 0)
(5 2.56683e-15 0)
(5 3.51854e-15 0)
(5 2.23871e-15 0)
(5 -1.4264e-15 0)
(5 -2.26028e-15 0)
(5 -2.5325e-15 0)
(5 -2.49225e-15 0)
(5 -3.6448e-15 0)
(5 -3.41893e-15 0)
(5 -1.58669e-15 0)
(5 -1.43896e-15 0)
(5 -1.53268e-15 0)
(5 -1.60754e-15 0)
(5 -1.85904e-15 0)
(5 -2.75516e-15 0)
(5 -2.87958e-15 0)
(5 -1.33511e-15 0)
(5 -7.45998e-16 0)
(5 7.91036e-16 0)
(5 8.5289e-16 0)
(5 -5.20134e-16 0)
(5 -1.27965e-15 0)
(5 -2.43571e-15 0)
(5 -2.79443e-15 0)
(5 -2.541e-15 0)
(5 -2.92032e-15 0)
(5 -3.91988e-15 0)
(5 -4.22253e-15 0)
(5 -4.61537e-15 0)
(5 -5.20081e-15 0)
(5 -6.77809e-15 0)
(5 -8.25256e-15 0)
(5 -8.72816e-15 0)
(5 -7.56141e-15 0)
(5 -5.56602e-15 0)
(5 -3.08814e-15 0)
(5 -2.00538e-15 0)
(5 6.04184e-18 0)
(5 -1.07075e-16 0)
(5 7.08881e-17 0)
(5 1.49054e-13 0)
(5 3.45348e-11 0)
(5 3.84026e-07 0)
(5.00005 0.000101383 0)
(5.00055 0.0073842 0)
(4.82883 0.187736 0)
(4.03928 0.662627 0)
(2.62892 1.26344 0)
(1.78883 1.37203 0)
(1.74779 1.48347 0)
(1.73113 1.48853 0)
(1.76147 1.48766 0)
(1.7647 1.48584 0)
(1.76619 1.48212 0)
(1.77427 1.47835 0)
(1.78366 1.47598 0)
(1.79614 1.4738 0)
(1.81209 1.47201 0)
(1.83091 1.47063 0)
(1.85223 1.4696 0)
(1.87641 1.4688 0)
(1.90363 1.4681 0)
(1.93396 1.46721 0)
(1.96775 1.4661 0)
(2.00499 1.46448 0)
(2.04431 1.46168 0)
(2.08505 1.45733 0)
(2.1266 1.45199 0)
(2.16963 1.44548 0)
(2.21519 1.43727 0)
(2.26409 1.42689 0)
(2.31248 1.41502 0)
(2.36065 1.40198 0)
(2.40871 1.38865 0)
(2.459 1.372 0)
(2.51165 1.35192 0)
(2.56006 1.3356 0)
(2.60677 1.31743 0)
(2.66049 1.28894 0)
(2.71152 1.26361 0)
(2.75413 1.24937 0)
(2.80132 1.22565 0)
(2.85673 1.18603 0)
(2.90211 1.15396 0)
(2.93648 1.14392 0)
(2.97038 1.12393 0)
(3.02477 1.08345 0)
(3.07496 1.0354 0)
(3.11117 1.01551 0)
(3.13706 1.01152 0)
(3.16812 0.98006 0)
(3.21779 0.92189 0)
(3.25138 0.879522 0)
(3.27914 0.877289 0)
(3.30378 0.869277 0)
(3.34799 0.827831 0)
(3.38805 0.769511 0)
(3.41285 0.737705 0)
(3.43315 0.736711 0)
(3.44322 0.723 0)
(3.48113 0.677741 0)
(3.51527 0.620419 0)
(3.53626 0.593441 0)
(3.55909 0.600859 0)
(3.57832 0.592854 0)
(3.61434 0.543153 0)
(3.63555 0.483598 0)
(3.64904 0.461035 0)
(3.66264 0.465026 0)
(3.66966 0.449652 0)
(3.70241 0.409263 0)
(3.72501 0.357797 0)
(3.73764 0.331573 0)
(3.75735 0.339436 0)
(3.77033 0.339199 0)
(3.7945 0.294611 0)
(3.80648 0.236901 0)
(3.81218 0.211537 0)
(3.82378 0.215625 0)
(3.83084 0.209983 0)
(3.85515 0.179166 0)
(3.87397 0.137154 0)
(3.87924 0.107351 0)
(3.89484 0.106805 0)
(3.90663 0.115071 0)
(3.91842 0.0866141 0)
(3.92793 0.0340335 0)
(3.92729 0.00140444 0)
(3.93588 -0.000989657 0)
(3.94395 0.00375964 0)
(3.96245 -0.0142474 0)
(3.98266 -0.0448711 0)
(3.9874 -0.0780346 0)
(3.99269 -0.0918579 0)
(4.00491 -0.092369 0)
(4.00758 -0.0984219 0)
(4.01225 -0.134436 0)
(4.01622 -0.172811 0)
(4.01677 -0.190568 0)
(4.02794 -0.186429 0)
(4.03928 -0.187088 0)
(4.06207 -0.208625 0)
(4.07063 -0.241049 0)
(4.07 -0.263676 0)
(4.07108 -0.274135 0)
(4.07087 -0.283879 0)
(4.0686 -0.306863 0)
(4.07979 -0.323967 0)
(4.08881 -0.337984 0)
(4.09292 -0.353614 0)
(4.10189 -0.363481 0)
(4.11406 -0.36419 0)
(4.12392 -0.37567 0)
(4.12464 -0.404669 0)
(4.11455 -0.428575 0)
(4.10864 -0.432959 0)
(4.1083 -0.4386 0)
(4.12248 -0.446222 0)
(4.13506 -0.452541 0)
(4.14246 -0.459068 0)
(4.14733 -0.463656 0)
(4.15035 -0.468885 0)
(4.15175 -0.473907 0)
(4.14705 -0.478714 0)
(4.14373 -0.482694 0)
)
;
    }
    procBoundary2to1
    {
        type            processor;
        value           nonuniform List<vector> 8((4.10666 -0.315414 0) (4.09915 -0.24537 0) (4.06851 -0.0880935 0) (4.03848 0.0212752 0) (4.00785 0.121738 0) (3.97425 0.202952 0) (3.92567 0.32258 0) (3.90698 0.38324 0));
    }
    procBoundary2to3
    {
        type            processor;
        value           nonuniform List<vector> 
16
(
(3.87009 0.475575 0)
(3.8405 0.559406 0)
(3.82484 0.609772 0)
(3.7967 0.691629 0)
(3.77693 0.771917 0)
(3.76848 0.807854 0)
(3.75695 0.899546 0)
(3.76432 0.964264 0)
(3.77345 1.02266 0)
(3.78053 1.07502 0)
(3.78848 1.12876 0)
(3.78912 1.20861 0)
(3.69352 1.01705 0)
(3.41908 0.0860855 0)
(3.03954 -0.566293 0)
(3.09614 -0.0492351 0)
)
;
    }
}


// ************************************************************************* //
