/*--------------------------------*- C++ -*----------------------------------*\
  =========                 |
  \\      /  F ield         | OpenFOAM: The Open Source CFD Toolbox
   \\    /   O peration     | Website:  https://openfoam.org
    \\  /    A nd           | Version:  7
     \\/     M anipulation  |
\*---------------------------------------------------------------------------*/
FoamFile
{
    version     2.0;
    format      ascii;
    class       volVectorField;
    location    "1.3";
    object      U;
}
// * * * * * * * * * * * * * * * * * * * * * * * * * * * * * * * * * * * * * //

dimensions      [0 1 -1 0 0 0 0];

internalField   nonuniform List<vector> 
1008
(
(1.3363 0.00494365 0)
(1.32533 0.00434187 0)
(1.31944 0.00409743 0)
(1.31608 0.00393172 0)
(1.31294 0.00406413 0)
(1.30822 0.00439591 0)
(1.29885 0.00524971 0)
(1.2864 0.00612356 0)
(1.27991 0.0060141 0)
(1.27587 0.00570759 0)
(1.27213 0.00539699 0)
(1.2678 0.00508246 0)
(1.25961 0.00493903 0)
(1.24814 0.00472167 0)
(1.24292 0.00437686 0)
(1.24061 0.00417868 0)
(1.2384 0.00418743 0)
(1.23511 0.00439633 0)
(1.22818 0.00515361 0)
(1.21982 0.00627089 0)
(1.21235 0.00661234 0)
(1.20559 0.00591512 0)
(1.20337 0.00295807 0)
(1.20714 -0.00191557 0)
(1.21453 -0.00733417 0)
(1.22388 -0.0115066 0)
(1.23225 -0.0119068 0)
(1.23927 -0.0101664 0)
(1.2472 -0.00824432 0)
(1.2576 -0.0070458 0)
(1.2701 -0.00695714 0)
(1.28197 -0.00800692 0)
(1.29211 -0.00966028 0)
(1.30299 -0.0117243 0)
(1.31576 -0.0135317 0)
(1.33079 -0.0137496 0)
(1.34881 -0.0120311 0)
(1.3714 -0.0103213 0)
(1.39168 -0.00915537 0)
(1.4025 -0.00770682 0)
(1.40987 -0.00681395 0)
(1.4195 -0.00612955 0)
(1.4336 -0.00577149 0)
(1.44872 -0.00555604 0)
(1.45551 -0.00521213 0)
(1.45973 -0.0048847 0)
(1.4637 -0.00444533 0)
(1.46749 -0.00388452 0)
(1.47168 -0.00329005 0)
(1.47845 -0.00274031 0)
(1.48533 -0.00232773 0)
(1.48813 -0.00204822 0)
(1.48989 -0.00186157 0)
(1.49146 -0.00164487 0)
(1.49282 -0.00138391 0)
(1.49417 -0.00112082 0)
(1.49642 -0.000891251 0)
(1.50036 -0.000796858 0)
(1.50426 -0.00080845 0)
(1.50543 -0.000782 0)
(1.50584 -0.000742121 0)
(1.50627 -0.000588213 0)
(1.50667 -0.000493575 0)
(1.35644 0.00527422 0)
(1.34329 0.00448982 0)
(1.33731 0.00414036 0)
(1.33318 0.00379893 0)
(1.32962 0.00328662 0)
(1.32557 0.00335362 0)
(1.31781 0.00536685 0)
(1.30435 0.00944432 0)
(1.29485 0.0105707 0)
(1.29091 0.00979497 0)
(1.28753 0.00925418 0)
(1.28413 0.00919775 0)
(1.27774 0.0107833 0)
(1.26573 0.0147754 0)
(1.25587 0.0153465 0)
(1.25254 0.0130063 0)
(1.25029 0.00888895 0)
(1.247 0.00653908 0)
(1.24224 0.00606752 0)
(1.23563 0.00829132 0)
(1.22936 0.0106612 0)
(1.22362 0.012548 0)
(1.22015 0.0107536 0)
(1.22165 0.00273392 0)
(1.23006 -0.010062 0)
(1.24301 -0.0201539 0)
(1.25432 -0.020376 0)
(1.26093 -0.0145731 0)
(1.26726 -0.00832376 0)
(1.27527 -0.00373119 0)
(1.28489 -0.00284578 0)
(1.29561 -0.00653596 0)
(1.30706 -0.0141069 0)
(1.31818 -0.0226506 0)
(1.3297 -0.0290695 0)
(1.34318 -0.0318059 0)
(1.35872 -0.0305208 0)
(1.37367 -0.0265453 0)
(1.38726 -0.0214468 0)
(1.39683 -0.0182981 0)
(1.40538 -0.0164174 0)
(1.41617 -0.0144903 0)
(1.43051 -0.0125949 0)
(1.44575 -0.0109287 0)
(1.45325 -0.00997002 0)
(1.45736 -0.00956094 0)
(1.46127 -0.00910411 0)
(1.46506 -0.00842916 0)
(1.46947 -0.00749564 0)
(1.47653 -0.00608906 0)
(1.48366 -0.00475861 0)
(1.4871 -0.0040745 0)
(1.48885 -0.0037277 0)
(1.49043 -0.00341398 0)
(1.49182 -0.00308478 0)
(1.49324 -0.00272926 0)
(1.49557 -0.00228725 0)
(1.49953 -0.00185505 0)
(1.50365 -0.00160733 0)
(1.50501 -0.00148853 0)
(1.50541 -0.00141411 0)
(1.50585 -0.00126187 0)
(1.5063 -0.00115127 0)
(1.40169 0.0178589 0)
(1.38895 0.0155873 0)
(1.38307 0.0139047 0)
(1.37801 0.0126863 0)
(1.37328 0.0118204 0)
(1.36804 0.012032 0)
(1.35994 0.0132679 0)
(1.34685 0.015494 0)
(1.33502 0.016702 0)
(1.32969 0.0157342 0)
(1.32637 0.0144904 0)
(1.32283 0.0136208 0)
(1.31749 0.0138159 0)
(1.30775 0.0170695 0)
(1.29551 0.0222507 0)
(1.28884 0.0231721 0)
(1.28617 0.0215685 0)
(1.28309 0.0175924 0)
(1.2805 0.0147233 0)
(1.27731 0.0144873 0)
(1.27399 0.0155441 0)
(1.27125 0.0154317 0)
(1.26935 0.0122775 0)
(1.26984 0.00341152 0)
(1.27529 -0.0123022 0)
(1.28567 -0.0270638 0)
(1.29712 -0.0325633 0)
(1.30573 -0.0287849 0)
(1.31211 -0.0229796 0)
(1.31795 -0.0180431 0)
(1.32467 -0.0145683 0)
(1.33312 -0.0147539 0)
(1.34232 -0.019415 0)
(1.35108 -0.0267803 0)
(1.35958 -0.0335193 0)
(1.36822 -0.0389408 0)
(1.3773 -0.0418087 0)
(1.38748 -0.0404287 0)
(1.39829 -0.0370777 0)
(1.40515 -0.0336405 0)
(1.41164 -0.0310407 0)
(1.42262 -0.0278885 0)
(1.43808 -0.0223777 0)
(1.45184 -0.017687 0)
(1.45655 -0.0163063 0)
(1.46051 -0.0153848 0)
(1.46419 -0.0144597 0)
(1.46776 -0.0135873 0)
(1.4721 -0.0127905 0)
(1.47929 -0.010777 0)
(1.4859 -0.00779036 0)
(1.48818 -0.00653435 0)
(1.48997 -0.00597673 0)
(1.49146 -0.00543509 0)
(1.49279 -0.00497471 0)
(1.49418 -0.00461753 0)
(1.49649 -0.00424949 0)
(1.50043 -0.00351995 0)
(1.50433 -0.00270874 0)
(1.50547 -0.00241439 0)
(1.50583 -0.00227069 0)
(1.5062 -0.0019931 0)
(1.50662 -0.00183426 0)
(1.45412 0.00842222 0)
(1.44507 0.0081063 0)
(1.43972 0.00908483 0)
(1.43458 0.0104798 0)
(1.4297 0.0131413 0)
(1.42433 0.0162174 0)
(1.41581 0.0186772 0)
(1.40277 0.0199926 0)
(1.39035 0.0200633 0)
(1.38431 0.0196156 0)
(1.38128 0.0191047 0)
(1.37818 0.0188885 0)
(1.37334 0.0187266 0)
(1.36486 0.0186626 0)
(1.35351 0.0198858 0)
(1.34687 0.0213655 0)
(1.34509 0.0212153 0)
(1.3432 0.0204881 0)
(1.34169 0.0199451 0)
(1.34084 0.0195164 0)
(1.34082 0.0190398 0)
(1.34165 0.0168277 0)
(1.3431 0.0100861 0)
(1.34553 -0.00411182 0)
(1.34941 -0.0231985 0)
(1.3552 -0.0376486 0)
(1.36184 -0.0417067 0)
(1.36803 -0.0377023 0)
(1.37253 -0.0296816 0)
(1.37653 -0.0232574 0)
(1.38056 -0.0218809 0)
(1.38496 -0.0252906 0)
(1.39039 -0.0306111 0)
(1.39682 -0.0355276 0)
(1.40341 -0.0369871 0)
(1.40853 -0.0372596 0)
(1.41206 -0.0397182 0)
(1.41598 -0.0443718 0)
(1.42008 -0.0461074 0)
(1.42315 -0.042234 0)
(1.42851 -0.0370775 0)
(1.43922 -0.0317407 0)
(1.4525 -0.0258802 0)
(1.45994 -0.0231039 0)
(1.46225 -0.0225912 0)
(1.46483 -0.0213268 0)
(1.46787 -0.0200866 0)
(1.47102 -0.018967 0)
(1.47601 -0.0171411 0)
(1.48404 -0.0134674 0)
(1.48855 -0.0108171 0)
(1.48971 -0.00961764 0)
(1.4912 -0.00831165 0)
(1.4926 -0.00759539 0)
(1.49393 -0.00704671 0)
(1.49541 -0.00656924 0)
(1.49791 -0.00585206 0)
(1.50203 -0.00466461 0)
(1.50547 -0.00363814 0)
(1.50622 -0.00331895 0)
(1.50649 -0.00307249 0)
(1.50675 -0.00269189 0)
(1.50708 -0.00252354 0)
(1.48776 0.0217066 0)
(1.48268 0.0223319 0)
(1.47915 0.0230864 0)
(1.47573 0.0246374 0)
(1.47246 0.0267052 0)
(1.46852 0.0283336 0)
(1.46151 0.0287097 0)
(1.44896 0.0274457 0)
(1.43738 0.0270729 0)
(1.43342 0.0283792 0)
(1.43231 0.0298374 0)
(1.42985 0.0314376 0)
(1.42603 0.0318452 0)
(1.41876 0.0301247 0)
(1.40938 0.0245225 0)
(1.40497 0.0189398 0)
(1.40369 0.0140014 0)
(1.40354 0.00581861 0)
(1.4048 -0.0031374 0)
(1.40689 -0.0116583 0)
(1.40986 -0.0193029 0)
(1.41327 -0.0282575 0)
(1.41606 -0.0413804 0)
(1.41893 -0.060851 0)
(1.42308 -0.0822792 0)
(1.42744 -0.0955683 0)
(1.42975 -0.0970883 0)
(1.43036 -0.0909856 0)
(1.43057 -0.0820983 0)
(1.4315 -0.0739618 0)
(1.43318 -0.0693598 0)
(1.43523 -0.0680778 0)
(1.43795 -0.0696557 0)
(1.44256 -0.0717094 0)
(1.44808 -0.0716701 0)
(1.45189 -0.069668 0)
(1.45261 -0.0660109 0)
(1.45061 -0.0614419 0)
(1.44762 -0.0564698 0)
(1.44643 -0.0515463 0)
(1.44971 -0.0441417 0)
(1.45882 -0.0352218 0)
(1.46784 -0.0290002 0)
(1.47033 -0.0273841 0)
(1.47193 -0.0267586 0)
(1.47228 -0.0262629 0)
(1.47373 -0.0256343 0)
(1.47614 -0.0239743 0)
(1.48218 -0.0197373 0)
(1.48965 -0.0144264 0)
(1.49213 -0.0125041 0)
(1.49283 -0.0113478 0)
(1.49327 -0.00994717 0)
(1.49411 -0.00940086 0)
(1.49507 -0.008925 0)
(1.49646 -0.00835142 0)
(1.49923 -0.00737767 0)
(1.50371 -0.00572174 0)
(1.50642 -0.00455548 0)
(1.50684 -0.00424616 0)
(1.50696 -0.00383725 0)
(1.5071 -0.00338408 0)
(1.50742 -0.00318021 0)
(1.5013 0.0175885 0)
(1.49551 0.0195167 0)
(1.49294 0.0219884 0)
(1.49227 0.0255071 0)
(1.49152 0.0260888 0)
(1.48956 0.0244912 0)
(1.48446 0.0233036 0)
(1.47444 0.0267873 0)
(1.46682 0.0318085 0)
(1.46463 0.0324808 0)
(1.46351 0.030787 0)
(1.46308 0.0233174 0)
(1.4597 0.0103592 0)
(1.45137 -0.0080074 0)
(1.44691 -0.0239181 0)
(1.44401 -0.0365964 0)
(1.44396 -0.0486105 0)
(1.44599 -0.0633678 0)
(1.44853 -0.0812196 0)
(1.45228 -0.0980852 0)
(1.45708 -0.111542 0)
(1.46257 -0.120631 0)
(1.46697 -0.130547 0)
(1.47111 -0.144471 0)
(1.47634 -0.160998 0)
(1.48062 -0.169707 0)
(1.48043 -0.166871 0)
(1.47808 -0.160113 0)
(1.47577 -0.151201 0)
(1.47387 -0.140132 0)
(1.47412 -0.132896 0)
(1.47484 -0.129758 0)
(1.47796 -0.127474 0)
(1.48242 -0.12863 0)
(1.48555 -0.125953 0)
(1.4859 -0.123052 0)
(1.48403 -0.116902 0)
(1.47982 -0.104763 0)
(1.47569 -0.0912922 0)
(1.47456 -0.0791956 0)
(1.47676 -0.0651577 0)
(1.48051 -0.0508589 0)
(1.48075 -0.0444583 0)
(1.47984 -0.0403067 0)
(1.47782 -0.0367129 0)
(1.47786 -0.0331325 0)
(1.47945 -0.0298306 0)
(1.48272 -0.0257579 0)
(1.48908 -0.0196438 0)
(1.49397 -0.0154434 0)
(1.49488 -0.0143133 0)
(1.49502 -0.0129333 0)
(1.49474 -0.011665 0)
(1.49525 -0.011121 0)
(1.49594 -0.0106998 0)
(1.49732 -0.0099553 0)
(1.50075 -0.0083657 0)
(1.5055 -0.00623505 0)
(1.5074 -0.00522414 0)
(1.50764 -0.00494562 0)
(1.50758 -0.00443895 0)
(1.50761 -0.00394717 0)
(1.50786 -0.00369023 0)
(1.50307 0.026792 0)
(1.49524 0.0287681 0)
(1.49279 0.0287684 0)
(1.49308 0.0272994 0)
(1.49404 0.0250441 0)
(1.49353 0.0235542 0)
(1.49117 0.0247273 0)
(1.485 0.0238447 0)
(1.48109 0.0203159 0)
(1.47608 0.0107896 0)
(1.47043 -0.00813414 0)
(1.46597 -0.0345149 0)
(1.4628 -0.0633026 0)
(1.46014 -0.0906692 0)
(1.45829 -0.113159 0)
(1.45883 -0.131109 0)
(1.46242 -0.144644 0)
(1.46723 -0.15721 0)
(1.47188 -0.171079 0)
(1.47589 -0.185855 0)
(1.48153 -0.195216 0)
(1.487 -0.198973 0)
(1.49249 -0.201684 0)
(1.49686 -0.209753 0)
(1.50218 -0.221037 0)
(1.50609 -0.223598 0)
(1.50432 -0.219955 0)
(1.50223 -0.215274 0)
(1.49877 -0.206915 0)
(1.4954 -0.195366 0)
(1.49613 -0.187314 0)
(1.49882 -0.182414 0)
(1.50377 -0.181039 0)
(1.50859 -0.181217 0)
(1.5086 -0.180152 0)
(1.50753 -0.178134 0)
(1.50395 -0.172264 0)
(1.49886 -0.161271 0)
(1.49804 -0.145709 0)
(1.50059 -0.126413 0)
(1.50136 -0.108378 0)
(1.50112 -0.0948212 0)
(1.49906 -0.0831329 0)
(1.49418 -0.0721339 0)
(1.48972 -0.061976 0)
(1.48831 -0.0520636 0)
(1.48949 -0.0418303 0)
(1.49292 -0.0311192 0)
(1.49629 -0.0216472 0)
(1.49657 -0.0179121 0)
(1.49678 -0.0159042 0)
(1.49613 -0.0143858 0)
(1.49559 -0.0132846 0)
(1.49599 -0.0126416 0)
(1.49658 -0.0122444 0)
(1.49846 -0.011217 0)
(1.50297 -0.0088167 0)
(1.50711 -0.00661357 0)
(1.50795 -0.00596456 0)
(1.50804 -0.00563511 0)
(1.5078 -0.0050913 0)
(1.50781 -0.00457939 0)
(1.50811 -0.00427824 0)
(1.50072 0.028962 0)
(1.48966 0.0307 0)
(1.48603 0.0292827 0)
(1.48503 0.0256107 0)
(1.48778 0.0198286 0)
(1.49054 0.0100234 0)
(1.48715 -0.00525404 0)
(1.47665 -0.0284159 0)
(1.46582 -0.0562139 0)
(1.45588 -0.0870007 0)
(1.44893 -0.120788 0)
(1.44734 -0.15243 0)
(1.44896 -0.177556 0)
(1.45151 -0.194299 0)
(1.45644 -0.202489 0)
(1.46348 -0.20763 0)
(1.46944 -0.215039 0)
(1.47465 -0.222832 0)
(1.48086 -0.228619 0)
(1.48719 -0.233227 0)
(1.49241 -0.235801 0)
(1.49695 -0.233425 0)
(1.50281 -0.232355 0)
(1.50674 -0.236173 0)
(1.51108 -0.239931 0)
(1.51483 -0.239382 0)
(1.51564 -0.235675 0)
(1.51485 -0.230612 0)
(1.5114 -0.221631 0)
(1.50937 -0.209756 0)
(1.51189 -0.202183 0)
(1.51609 -0.198861 0)
(1.52125 -0.20064 0)
(1.52545 -0.202435 0)
(1.52517 -0.201456 0)
(1.52309 -0.199722 0)
(1.51869 -0.194956 0)
(1.51564 -0.184785 0)
(1.51647 -0.169843 0)
(1.51794 -0.154537 0)
(1.51845 -0.143457 0)
(1.518 -0.134228 0)
(1.51421 -0.125811 0)
(1.50807 -0.117772 0)
(1.50581 -0.106469 0)
(1.50682 -0.0922731 0)
(1.50811 -0.0753998 0)
(1.50815 -0.05766 0)
(1.50622 -0.0417902 0)
(1.50254 -0.0291493 0)
(1.49856 -0.0210975 0)
(1.49623 -0.0171863 0)
(1.49587 -0.0154239 0)
(1.49631 -0.0145373 0)
(1.49747 -0.0133441 0)
(1.50067 -0.0112329 0)
(1.50572 -0.00833035 0)
(1.50832 -0.00684759 0)
(1.5086 -0.00650689 0)
(1.50862 -0.00611041 0)
(1.50838 -0.00561151 0)
(1.50836 -0.00515849 0)
(1.5086 -0.00482768 0)
(1.4934 0.0290474 0)
(1.48055 0.0249241 0)
(1.47353 0.0169509 0)
(1.46544 -0.00223985 0)
(1.4632 -0.0353623 0)
(1.46266 -0.0780719 0)
(1.45519 -0.117774 0)
(1.44245 -0.154244 0)
(1.43368 -0.184261 0)
(1.42849 -0.208744 0)
(1.43275 -0.222971 0)
(1.44017 -0.230617 0)
(1.44783 -0.235672 0)
(1.45536 -0.235609 0)
(1.46337 -0.238898 0)
(1.4685 -0.243153 0)
(1.47569 -0.24542 0)
(1.48247 -0.244948 0)
(1.4908 -0.243088 0)
(1.49917 -0.239646 0)
(1.50384 -0.236716 0)
(1.50759 -0.234643 0)
(1.51113 -0.235232 0)
(1.51411 -0.238794 0)
(1.51611 -0.241029 0)
(1.52027 -0.240011 0)
(1.524 -0.234856 0)
(1.52414 -0.229384 0)
(1.52166 -0.220673 0)
(1.52139 -0.210813 0)
(1.52425 -0.206417 0)
(1.52779 -0.206234 0)
(1.53235 -0.208576 0)
(1.53672 -0.210301 0)
(1.53594 -0.210314 0)
(1.5336 -0.20884 0)
(1.53093 -0.202755 0)
(1.52995 -0.191767 0)
(1.52994 -0.180146 0)
(1.52901 -0.171919 0)
(1.52823 -0.165244 0)
(1.52529 -0.158994 0)
(1.52032 -0.152939 0)
(1.51792 -0.144849 0)
(1.51945 -0.134725 0)
(1.52151 -0.122536 0)
(1.52261 -0.109985 0)
(1.5226 -0.097716 0)
(1.52058 -0.0840839 0)
(1.51558 -0.0680865 0)
(1.50881 -0.0509101 0)
(1.5029 -0.0351814 0)
(1.49938 -0.0236405 0)
(1.49882 -0.0171417 0)
(1.50002 -0.0139984 0)
(1.50342 -0.0107153 0)
(1.50774 -0.00822014 0)
(1.50905 -0.00738281 0)
(1.50916 -0.00712806 0)
(1.50896 -0.00668301 0)
(1.5087 -0.00620796 0)
(1.50876 -0.00578413 0)
(1.50918 -0.00521851 0)
(1.4727 -0.000441746 0)
(1.45664 -0.03019 0)
(1.43934 -0.072712 0)
(1.42525 -0.120641 0)
(1.42125 -0.163228 0)
(1.42292 -0.201029 0)
(1.42003 -0.230955 0)
(1.41957 -0.246616 0)
(1.42355 -0.255306 0)
(1.42915 -0.259575 0)
(1.4361 -0.26417 0)
(1.44598 -0.259006 0)
(1.46059 -0.250777 0)
(1.46857 -0.24632 0)
(1.47553 -0.246839 0)
(1.48124 -0.247649 0)
(1.48763 -0.24829 0)
(1.49524 -0.244793 0)
(1.50472 -0.235872 0)
(1.50932 -0.231692 0)
(1.51236 -0.23121 0)
(1.51451 -0.231707 0)
(1.51648 -0.233112 0)
(1.5203 -0.233733 0)
(1.52394 -0.231964 0)
(1.52978 -0.227141 0)
(1.53417 -0.220606 0)
(1.53433 -0.21647 0)
(1.53242 -0.209161 0)
(1.53277 -0.201503 0)
(1.53528 -0.199031 0)
(1.53853 -0.199379 0)
(1.54311 -0.201089 0)
(1.54739 -0.201998 0)
(1.54622 -0.201408 0)
(1.54336 -0.198963 0)
(1.54164 -0.191956 0)
(1.54163 -0.182604 0)
(1.54147 -0.174464 0)
(1.54052 -0.168173 0)
(1.53947 -0.162601 0)
(1.5367 -0.156622 0)
(1.53307 -0.148102 0)
(1.53201 -0.138689 0)
(1.53288 -0.13012 0)
(1.53387 -0.122721 0)
(1.53449 -0.11679 0)
(1.53453 -0.111626 0)
(1.53322 -0.105987 0)
(1.52995 -0.0985972 0)
(1.52531 -0.0884766 0)
(1.52023 -0.0746396 0)
(1.51465 -0.056932 0)
(1.50956 -0.038208 0)
(1.50758 -0.0234109 0)
(1.50851 -0.0143973 0)
(1.50952 -0.0098324 0)
(1.50965 -0.0083888 0)
(1.5097 -0.00768273 0)
(1.50945 -0.00719836 0)
(1.50932 -0.00668298 0)
(1.50938 -0.00617895 0)
(1.50994 -0.00537305 0)
(1.44144 -0.0953784 0)
(1.40125 -0.1706 0)
(1.39448 -0.216082 0)
(1.40077 -0.235245 0)
(1.39803 -0.253442 0)
(1.40693 -0.263714 0)
(1.41751 -0.276221 0)
(1.42203 -0.284135 0)
(1.42697 -0.286386 0)
(1.43556 -0.283188 0)
(1.44959 -0.269339 0)
(1.46339 -0.253634 0)
(1.47234 -0.249355 0)
(1.48044 -0.250129 0)
(1.48527 -0.250063 0)
(1.49143 -0.247969 0)
(1.49781 -0.241977 0)
(1.5072 -0.232801 0)
(1.51525 -0.224493 0)
(1.51998 -0.220722 0)
(1.52266 -0.220039 0)
(1.52389 -0.220305 0)
(1.52645 -0.219369 0)
(1.52866 -0.217429 0)
(1.53294 -0.212537 0)
(1.54007 -0.20422 0)
(1.54333 -0.198514 0)
(1.54288 -0.196318 0)
(1.54191 -0.193278 0)
(1.54308 -0.189982 0)
(1.54561 -0.187977 0)
(1.54783 -0.18747 0)
(1.55171 -0.187348 0)
(1.55549 -0.186954 0)
(1.55433 -0.186356 0)
(1.55145 -0.184395 0)
(1.54989 -0.179745 0)
(1.55 -0.174127 0)
(1.54965 -0.169931 0)
(1.54846 -0.166804 0)
(1.54653 -0.16274 0)
(1.54383 -0.156904 0)
(1.54115 -0.150086 0)
(1.53928 -0.143039 0)
(1.53839 -0.136387 0)
(1.53806 -0.130661 0)
(1.53752 -0.126388 0)
(1.53677 -0.123059 0)
(1.53578 -0.119897 0)
(1.53445 -0.116011 0)
(1.53319 -0.109924 0)
(1.53199 -0.101199 0)
(1.52996 -0.0903085 0)
(1.52682 -0.0757364 0)
(1.52393 -0.0569725 0)
(1.52063 -0.0384076 0)
(1.5165 -0.0229342 0)
(1.51244 -0.0128146 0)
(1.51038 -0.00875783 0)
(1.50998 -0.0075493 0)
(1.50998 -0.00688079 0)
(1.5101 -0.00624802 0)
(1.51079 -0.0052031 0)
(1.4489 -0.229857 0)
(1.41799 -0.240206 0)
(1.38886 -0.280406 0)
(1.38962 -0.302195 0)
(1.39963 -0.292665 0)
(1.4218 -0.286442 0)
(1.4303 -0.285828 0)
(1.43778 -0.287908 0)
(1.44445 -0.284784 0)
(1.45416 -0.27656 0)
(1.46514 -0.263507 0)
(1.47637 -0.250664 0)
(1.48584 -0.244931 0)
(1.49262 -0.243422 0)
(1.49771 -0.239577 0)
(1.50422 -0.234187 0)
(1.51294 -0.22331 0)
(1.52086 -0.210701 0)
(1.52578 -0.206878 0)
(1.52953 -0.206495 0)
(1.53062 -0.206717 0)
(1.53195 -0.2056 0)
(1.53506 -0.202714 0)
(1.53867 -0.197434 0)
(1.54556 -0.187659 0)
(1.54937 -0.179805 0)
(1.54989 -0.178271 0)
(1.54853 -0.176514 0)
(1.54857 -0.17564 0)
(1.54944 -0.17599 0)
(1.55128 -0.176789 0)
(1.55405 -0.175423 0)
(1.55844 -0.17239 0)
(1.56085 -0.169257 0)
(1.55875 -0.168117 0)
(1.55594 -0.166987 0)
(1.5537 -0.164807 0)
(1.55391 -0.161447 0)
(1.55506 -0.158264 0)
(1.55437 -0.156805 0)
(1.55254 -0.154294 0)
(1.54988 -0.149244 0)
(1.54725 -0.143108 0)
(1.54512 -0.137341 0)
(1.54391 -0.131759 0)
(1.54311 -0.126449 0)
(1.54223 -0.122037 0)
(1.5411 -0.118182 0)
(1.54018 -0.113711 0)
(1.53997 -0.108176 0)
(1.54004 -0.102821 0)
(1.54008 -0.0980551 0)
(1.54047 -0.0928967 0)
(1.5407 -0.0873116 0)
(1.53984 -0.0801024 0)
(1.53774 -0.0697586 0)
(1.53387 -0.0558618 0)
(1.52664 -0.0380523 0)
(1.51772 -0.0206614 0)
(1.51234 -0.0106307 0)
(1.51102 -0.00715925 0)
(1.511 -0.00611686 0)
(1.51168 -0.00492368 0)
(1.50413 -0.428684 0)
(1.42478 -0.349727 0)
(1.39657 -0.293173 0)
(1.41203 -0.283848 0)
(1.42585 -0.287265 0)
(1.44066 -0.293833 0)
(1.44691 -0.293443 0)
(1.45148 -0.286535 0)
(1.45923 -0.275196 0)
(1.47239 -0.259129 0)
(1.48326 -0.246917 0)
(1.492 -0.240396 0)
(1.50015 -0.234167 0)
(1.50623 -0.228901 0)
(1.51353 -0.222183 0)
(1.51976 -0.21311 0)
(1.52562 -0.20401 0)
(1.53039 -0.198725 0)
(1.53386 -0.197265 0)
(1.53566 -0.197112 0)
(1.53759 -0.195018 0)
(1.54049 -0.191379 0)
(1.54403 -0.186501 0)
(1.55124 -0.179372 0)
(1.55715 -0.171179 0)
(1.55888 -0.167017 0)
(1.5588 -0.163143 0)
(1.55683 -0.16035 0)
(1.55667 -0.159223 0)
(1.55783 -0.159021 0)
(1.56244 -0.158534 0)
(1.56904 -0.156153 0)
(1.5708 -0.152528 0)
(1.56929 -0.151085 0)
(1.56573 -0.148496 0)
(1.56316 -0.146413 0)
(1.56125 -0.144055 0)
(1.56171 -0.140775 0)
(1.56186 -0.138617 0)
(1.56078 -0.137064 0)
(1.55903 -0.134998 0)
(1.5567 -0.132763 0)
(1.55348 -0.129759 0)
(1.55113 -0.125137 0)
(1.54941 -0.119994 0)
(1.54766 -0.114717 0)
(1.54647 -0.109327 0)
(1.54533 -0.104718 0)
(1.54459 -0.102419 0)
(1.54391 -0.101455 0)
(1.54353 -0.101082 0)
(1.5432 -0.100584 0)
(1.54278 -0.0995146 0)
(1.54371 -0.0978716 0)
(1.54476 -0.0943351 0)
(1.54519 -0.088442 0)
(1.54461 -0.0807835 0)
(1.54179 -0.0700362 0)
(1.53526 -0.0538727 0)
(1.52555 -0.0343029 0)
(1.51717 -0.0178756 0)
(1.51351 -0.00873923 0)
(1.51346 -0.00527094 0)
(1.59199 -0.551249 0)
(1.4983 -0.441253 0)
(1.42401 -0.335592 0)
(1.42616 -0.292451 0)
(1.43466 -0.28769 0)
(1.44991 -0.286415 0)
(1.46378 -0.279498 0)
(1.47373 -0.265915 0)
(1.48127 -0.25149 0)
(1.48828 -0.239799 0)
(1.49966 -0.231998 0)
(1.51037 -0.226214 0)
(1.5161 -0.220414 0)
(1.51848 -0.214373 0)
(1.52285 -0.208649 0)
(1.52972 -0.201426 0)
(1.53578 -0.195243 0)
(1.54017 -0.190655 0)
(1.54249 -0.186648 0)
(1.54535 -0.183932 0)
(1.54868 -0.181449 0)
(1.55216 -0.177651 0)
(1.55814 -0.172737 0)
(1.56469 -0.164658 0)
(1.56706 -0.16031 0)
(1.56724 -0.15693 0)
(1.56433 -0.152821 0)
(1.5621 -0.148565 0)
(1.56231 -0.145478 0)
(1.56373 -0.143616 0)
(1.56794 -0.141811 0)
(1.57334 -0.140086 0)
(1.57421 -0.139141 0)
(1.57256 -0.138392 0)
(1.56883 -0.135478 0)
(1.56684 -0.13124 0)
(1.56631 -0.127546 0)
(1.56562 -0.125009 0)
(1.56437 -0.124015 0)
(1.56281 -0.122869 0)
(1.56089 -0.121359 0)
(1.55917 -0.119692 0)
(1.55746 -0.117765 0)
(1.55578 -0.114944 0)
(1.55392 -0.111253 0)
(1.55178 -0.107082 0)
(1.55052 -0.101412 0)
(1.54846 -0.0959465 0)
(1.54615 -0.0915099 0)
(1.54452 -0.0896004 0)
(1.54335 -0.0901838 0)
(1.54247 -0.091815 0)
(1.54277 -0.0927115 0)
(1.54504 -0.0914947 0)
(1.54896 -0.0868425 0)
(1.55157 -0.0817282 0)
(1.55225 -0.0776469 0)
(1.55195 -0.07324 0)
(1.54889 -0.0680178 0)
(1.54205 -0.0592529 0)
(1.53341 -0.045421 0)
(1.52477 -0.0302711 0)
(1.52002 -0.0121611 0)
(1.66178 -0.585613 0)
(1.6268 -0.534211 0)
(1.51903 -0.39313 0)
(1.45471 -0.306403 0)
(1.44747 -0.27704 0)
(1.45506 -0.267117 0)
(1.46567 -0.258572 0)
(1.47719 -0.250017 0)
(1.49111 -0.240555 0)
(1.50528 -0.230317 0)
(1.51586 -0.221975 0)
(1.52267 -0.217944 0)
(1.52788 -0.212052 0)
(1.53326 -0.203945 0)
(1.54004 -0.197869 0)
(1.54609 -0.190677 0)
(1.54993 -0.185828 0)
(1.55178 -0.181525 0)
(1.55181 -0.176325 0)
(1.55414 -0.172015 0)
(1.55788 -0.169295 0)
(1.56391 -0.165347 0)
(1.57076 -0.157505 0)
(1.57324 -0.153471 0)
(1.57459 -0.151783 0)
(1.57414 -0.148372 0)
(1.57193 -0.142708 0)
(1.5715 -0.136911 0)
(1.57307 -0.133117 0)
(1.57582 -0.129629 0)
(1.5788 -0.127577 0)
(1.57981 -0.128477 0)
(1.57846 -0.12904 0)
(1.57666 -0.128074 0)
(1.57525 -0.124254 0)
(1.57307 -0.119336 0)
(1.57029 -0.116235 0)
(1.56782 -0.115675 0)
(1.56567 -0.115785 0)
(1.5635 -0.115307 0)
(1.56196 -0.113813 0)
(1.56143 -0.112027 0)
(1.56126 -0.109196 0)
(1.56172 -0.10472 0)
(1.56111 -0.100259 0)
(1.55984 -0.0961556 0)
(1.55825 -0.0913393 0)
(1.55575 -0.0864861 0)
(1.55208 -0.0813762 0)
(1.5473 -0.0771334 0)
(1.54379 -0.0751101 0)
(1.54219 -0.074913 0)
(1.54085 -0.0749832 0)
(1.54302 -0.0762434 0)
(1.54933 -0.079372 0)
(1.55361 -0.0809044 0)
(1.55434 -0.0805496 0)
(1.55419 -0.0791632 0)
(1.55206 -0.0764245 0)
(1.54837 -0.0726938 0)
(1.54369 -0.0661603 0)
(1.53935 -0.056154 0)
(1.53501 -0.0347565 0)
(1.67784 -0.542691 0)
(1.66993 -0.534669 0)
(1.63728 -0.488608 0)
(1.55349 -0.385416 0)
(1.47846 -0.292699 0)
(1.46731 -0.258362 0)
(1.47212 -0.245861 0)
(1.48448 -0.239863 0)
(1.49883 -0.235049 0)
(1.5132 -0.229926 0)
(1.52383 -0.223286 0)
(1.53364 -0.215179 0)
(1.54333 -0.204219 0)
(1.54968 -0.192778 0)
(1.5529 -0.185153 0)
(1.55579 -0.180684 0)
(1.55917 -0.177118 0)
(1.56197 -0.172841 0)
(1.56369 -0.167146 0)
(1.56587 -0.161617 0)
(1.56891 -0.157428 0)
(1.57367 -0.15206 0)
(1.57892 -0.146799 0)
(1.58279 -0.143512 0)
(1.58535 -0.140246 0)
(1.58549 -0.136889 0)
(1.58348 -0.132589 0)
(1.58045 -0.127221 0)
(1.57964 -0.123462 0)
(1.58043 -0.121763 0)
(1.58206 -0.12036 0)
(1.58345 -0.119039 0)
(1.58422 -0.117092 0)
(1.58375 -0.114384 0)
(1.58155 -0.111548 0)
(1.57892 -0.109598 0)
(1.57413 -0.10832 0)
(1.56977 -0.107867 0)
(1.56756 -0.107334 0)
(1.56543 -0.106626 0)
(1.56387 -0.105253 0)
(1.5636 -0.102582 0)
(1.5648 -0.09849 0)
(1.56561 -0.0937387 0)
(1.56512 -0.0896158 0)
(1.56394 -0.0858389 0)
(1.56213 -0.0823689 0)
(1.55913 -0.0795495 0)
(1.55456 -0.0771977 0)
(1.5489 -0.0746617 0)
(1.54435 -0.0712609 0)
(1.54192 -0.0682721 0)
(1.54074 -0.0669566 0)
(1.54085 -0.0660018 0)
(1.54489 -0.0666198 0)
(1.55069 -0.0695683 0)
(1.55436 -0.0722812 0)
(1.55498 -0.0725448 0)
(1.5545 -0.0711336 0)
(1.5533 -0.0675527 0)
(1.55108 -0.0627912 0)
(1.54977 -0.0578151 0)
(1.54815 -0.0482583 0)
)
;

boundaryField
{
    inlet
    {
        type            fixedValue;
        value           nonuniform 0();
    }
    outlet
    {
        type            inletOutlet;
        inletValue      uniform (1.5 0 0);
        value           nonuniform List<vector> 
16
(
(1.50667 -0.000493575 0)
(1.5063 -0.00115127 0)
(1.50662 -0.00183426 0)
(1.50708 -0.00252354 0)
(1.50742 -0.00318021 0)
(1.50786 -0.00369023 0)
(1.50811 -0.00427824 0)
(1.5086 -0.00482768 0)
(1.50918 -0.00521851 0)
(1.50994 -0.00537305 0)
(1.51079 -0.0052031 0)
(1.51168 -0.00492368 0)
(1.51346 -0.00527094 0)
(1.52002 -0.0121611 0)
(1.53501 -0.0347565 0)
(1.54815 -0.0482583 0)
)
;
    }
    bottom
    {
        type            symmetryPlane;
    }
    top
    {
        type            symmetryPlane;
    }
    obstacle
    {
        type            slip;
    }
    defaultFaces
    {
        type            empty;
    }
    procBoundary1to0
    {
        type            processor;
        value           nonuniform List<vector> 
14
(
(1.35416 0.00570667 0)
(1.37537 0.00588954 0)
(1.42048 0.0194625 0)
(1.46924 0.0151333 0)
(1.49742 0.021709 0)
(1.51011 0.0172588 0)
(1.51096 0.0242488 0)
(1.50875 0.0253764 0)
(1.50247 0.0264652 0)
(1.49362 0.0150034 0)
(1.5172 -0.037794 0)
(1.50143 -0.273037 0)
(1.62676 -0.513453 0)
(1.65761 -0.621806 0)
)
;
    }
    procBoundary1to2
    {
        type            processor;
        value           nonuniform List<vector> 2((1.66393 -0.603534 0) (1.66633 -0.545857 0));
    }
    procBoundary1to3
    {
        type            processor;
        value           nonuniform List<vector> 
63
(
(1.68375 -0.4948 0)
(1.68372 -0.498542 0)
(1.67544 -0.489183 0)
(1.64718 -0.451668 0)
(1.57336 -0.372793 0)
(1.50197 -0.291549 0)
(1.48168 -0.253338 0)
(1.4955 -0.237727 0)
(1.50782 -0.230575 0)
(1.52015 -0.224968 0)
(1.53151 -0.219394 0)
(1.54309 -0.210617 0)
(1.55366 -0.196433 0)
(1.55928 -0.183685 0)
(1.56234 -0.176057 0)
(1.56479 -0.172412 0)
(1.56832 -0.169664 0)
(1.57204 -0.165833 0)
(1.57572 -0.159931 0)
(1.57949 -0.15279 0)
(1.58338 -0.146116 0)
(1.58847 -0.139045 0)
(1.59179 -0.133733 0)
(1.59263 -0.130789 0)
(1.59233 -0.128432 0)
(1.59084 -0.126019 0)
(1.588 -0.123321 0)
(1.58628 -0.11991 0)
(1.58643 -0.116511 0)
(1.587 -0.113772 0)
(1.58743 -0.110604 0)
(1.58842 -0.106887 0)
(1.58818 -0.104076 0)
(1.58628 -0.102483 0)
(1.58434 -0.101908 0)
(1.5807 -0.102339 0)
(1.57544 -0.102356 0)
(1.57242 -0.101063 0)
(1.57049 -0.0997845 0)
(1.56866 -0.0978849 0)
(1.56833 -0.0953 0)
(1.56962 -0.0915548 0)
(1.56964 -0.0876225 0)
(1.56848 -0.0846456 0)
(1.56718 -0.0822246 0)
(1.56583 -0.0800153 0)
(1.56364 -0.0780355 0)
(1.55984 -0.0767334 0)
(1.55486 -0.0752837 0)
(1.55024 -0.0724183 0)
(1.54701 -0.068057 0)
(1.54535 -0.0626545 0)
(1.54507 -0.0576659 0)
(1.54583 -0.0535101 0)
(1.54699 -0.0514368 0)
(1.54906 -0.0516636 0)
(1.55136 -0.0542565 0)
(1.55329 -0.0583101 0)
(1.55409 -0.062038 0)
(1.55372 -0.063925 0)
(1.5531 -0.0638916 0)
(1.55274 -0.0617837 0)
(1.55225 -0.0566199 0)
)
;
    }
}


// ************************************************************************* //
