/*--------------------------------*- C++ -*----------------------------------*\
  =========                 |
  \\      /  F ield         | OpenFOAM: The Open Source CFD Toolbox
   \\    /   O peration     | Website:  https://openfoam.org
    \\  /    A nd           | Version:  7
     \\/     M anipulation  |
\*---------------------------------------------------------------------------*/
FoamFile
{
    version     2.0;
    format      ascii;
    class       volScalarField;
    location    "0.7";
    object      p;
}
// * * * * * * * * * * * * * * * * * * * * * * * * * * * * * * * * * * * * * //

dimensions      [1 -1 -2 0 0 0 0];

internalField   nonuniform List<scalar> 
4032
(
0.96402
0.971558
0.978174
0.981137
0.980723
0.978807
0.977236
0.977525
0.981865
0.992368
1.00366
1.00973
1.00881
1.00572
1.00338
1.00248
1.00335
1.00602
1.01144
1.01729
1.01722
1.01526
1.01365
1.01258
1.01273
1.01636
1.01984
1.01942
1.01855
1.01775
1.01699
1.01635
1.01592
1.01607
1.0178
1.02038
1.02098
1.02071
1.02038
1.02016
1.02002
1.02
1.02043
1.02105
1.02112
1.02102
1.02077
1.02035
1.02012
1.0201
1.02021
1.02073
1.02161
1.02197
1.02199
1.02182
1.021
1.01861
1.01442
1.01145
1.01097
1.01099
1.01105
1.01122
1.01176
1.01307
1.01469
1.01526
1.01532
1.0153
1.01493
1.01345
1.00964
1.00385
1.00046
1.00001
1
1
1
1
1
1
1
1
1
1
1
1
1
1
1
1
1
1
1
1
1
1
1
1
1
1
1
1
1
1
1
1
1
1
1
1
1
1
1
1
1
1
1
1
1
1
1
1
1
1
0.964863
0.969663
0.974963
0.978493
0.979912
0.980488
0.98178
0.984951
0.988916
0.990091
0.993431
1.00094
1.00181
0.998309
0.996963
0.996762
0.997844
1.00074
1.00639
1.01271
1.01376
1.01223
1.01098
1.01015
1.01043
1.01397
1.01809
1.01822
1.01737
1.01663
1.016
1.01547
1.01516
1.01541
1.01717
1.01984
1.0206
1.02036
1.02008
1.0199
1.01979
1.0198
1.02024
1.02091
1.02103
1.02094
1.02073
1.02033
1.02015
1.02014
1.02025
1.02076
1.02162
1.02198
1.022
1.02185
1.02101
1.01856
1.01438
1.01149
1.01103
1.01105
1.01111
1.01129
1.01184
1.01313
1.01473
1.01528
1.01534
1.01532
1.01488
1.01333
1.00949
1.00374
1.00044
1.00001
1
1
1
1
1
1
1
1
1
1
1
1
1
1
1
1
1
1
1
1
1
1
1
1
1
1
1
1
1
1
1
1
1
1
1
1
1
1
1
1
1
1
1
1
1
1
1
1
1
1
0.97084
0.972455
0.974565
0.976347
0.978006
0.980196
0.983733
0.988758
0.993559
0.996916
0.996892
0.995783
0.998865
1.00222
1.00314
1.00316
1.00345
1.00507
1.00995
1.0168
1.01746
1.01539
1.01388
1.01288
1.01285
1.01586
1.01979
1.01987
1.01877
1.01752
1.01669
1.01615
1.01583
1.01614
1.01798
1.02054
1.02111
1.02081
1.02041
1.02017
1.02005
1.02006
1.02048
1.0211
1.02118
1.02107
1.02078
1.02034
1.02017
1.02016
1.02029
1.02083
1.02169
1.02201
1.02202
1.02184
1.02095
1.01846
1.01427
1.01147
1.01105
1.01106
1.01112
1.0113
1.01187
1.01322
1.01481
1.01532
1.01537
1.01533
1.01488
1.01327
1.0093
1.00354
1.00039
1.00001
1
1
1
1
1
1
1
1
1
1
1
1
1
1
1
1
1
1
1
1
1
1
1
1
1
1
1
1
1
1
1
1
1
1
1
1
1
1
1
1
1
1
1
1
1
1
1
1
1
1
0.973183
0.973655
0.973598
0.973959
0.97549
0.979083
0.984124
0.988516
0.991401
0.993324
0.994596
0.995747
0.998732
1.003
1.00502
1.00466
1.00375
1.00405
1.00824
1.01621
1.01739
1.01514
1.01376
1.01309
1.01336
1.01628
1.01981
1.01989
1.01895
1.01755
1.01646
1.01593
1.01562
1.01603
1.01823
1.02081
1.0212
1.0209
1.02044
1.02015
1.02003
1.02008
1.02057
1.02118
1.02124
1.02112
1.0208
1.02035
1.0202
1.0202
1.02036
1.02094
1.02178
1.02205
1.02205
1.02185
1.02091
1.01833
1.01412
1.01144
1.01108
1.0111
1.01116
1.01136
1.01198
1.01338
1.01492
1.01537
1.01541
1.01536
1.01488
1.01316
1.00902
1.00324
1.00032
1
1
1
1
1
1
1
1
1
1
1
1
1
1
1
1
1
1
1
1
1
1
1
1
1
1
1
1
1
1
1
1
1
1
1
1
1
1
1
1
1
1
1
1
1
1
1
1
1
1
1
0.973222
0.973303
0.972885
0.973088
0.975151
0.979863
0.985252
0.988595
0.989656
0.989783
0.991445
0.994751
1.00068
1.00644
1.00674
1.00404
1.00184
1.00192
1.00745
1.01606
1.01691
1.01502
1.01379
1.01328
1.01368
1.01647
1.0198
1.01997
1.01908
1.01748
1.01616
1.01565
1.01543
1.01612
1.01868
1.0211
1.02131
1.02098
1.02043
1.02012
1.02003
1.02013
1.02071
1.02129
1.02132
1.0212
1.02083
1.02037
1.02024
1.02025
1.02045
1.0211
1.0219
1.0221
1.0221
1.02187
1.02085
1.01815
1.01394
1.01143
1.01112
1.01114
1.0112
1.01143
1.01211
1.0136
1.01508
1.01545
1.01549
1.01543
1.01488
1.013
1.00861
1.00287
1.00025
1
1
1
1
1
1
1
1
1
1
1
1
1
1
1
1
1
1
1
1
1
1
1
1
1
1
1
1
1
1
1
1
1
1
1
1
1
1
1
1
1
1
1
1
1
1
1
1
1
1
1
0.971936
0.971363
0.970697
0.971085
0.974342
0.980488
0.985028
0.985587
0.985009
0.985195
0.987571
0.99407
1.00387
1.00788
1.00502
1.00202
1.00035
1.00154
1.00873
1.01653
1.01673
1.01497
1.01352
1.01307
1.0136
1.01671
1.02006
1.02011
1.0191
1.0172
1.01584
1.0154
1.01533
1.01636
1.01927
1.0214
1.02143
1.02104
1.0204
1.0201
1.02003
1.02021
1.0209
1.02143
1.02144
1.02129
1.02085
1.02039
1.02029
1.02032
1.02056
1.02128
1.02202
1.02217
1.02216
1.02188
1.02076
1.01791
1.0137
1.01142
1.01117
1.0112
1.01128
1.01154
1.0123
1.01386
1.01526
1.01556
1.01559
1.0155
1.01486
1.01277
1.00808
1.00242
1.00017
1
1
1
1
1
1
1
1
1
1
1
1
1
1
1
1
1
1
1
1
1
1
1
1
1
1
1
1
1
1
1
1
1
1
1
1
1
1
1
1
1
1
1
1
1
1
1
1
1
1
1
0.969622
0.969416
0.969628
0.971585
0.977305
0.984429
0.985592
0.983247
0.982018
0.983478
0.989556
1.00069
1.00824
1.00663
1.00313
1.00032
0.999765
1.00284
1.01157
1.01667
1.01616
1.01416
1.01256
1.01215
1.01335
1.01768
1.0205
1.02021
1.0189
1.01666
1.01545
1.01512
1.01519
1.01669
1.01995
1.02167
1.02159
1.0211
1.02039
1.02012
1.02008
1.02036
1.02114
1.02161
1.0216
1.0214
1.02087
1.02041
1.02034
1.02039
1.0207
1.02149
1.02217
1.02227
1.02225
1.0219
1.02065
1.0176
1.01343
1.01141
1.01124
1.01126
1.01136
1.01167
1.01254
1.01419
1.01546
1.01568
1.01572
1.01559
1.01482
1.01245
1.00741
1.00194
1.00011
1
1
1
1
1
1
1
1
1
1
1
1
1
1
1
1
1
1
1
1
1
1
1
1
1
1
1
1
1
1
1
1
1
1
1
1
1
1
1
1
1
1
1
1
1
1
1
1
1
1
1
0.967334
0.96757
0.968875
0.973119
0.981682
0.987365
0.985513
0.982785
0.98203
0.985292
0.995437
1.00531
1.00592
1.00355
1.00041
0.998908
0.999791
1.00542
1.01378
1.01566
1.01471
1.0123
1.0113
1.01156
1.01442
1.0194
1.02086
1.02028
1.01837
1.01578
1.01482
1.01464
1.01501
1.01726
1.02083
1.02197
1.02179
1.02113
1.02036
1.02014
1.02014
1.02056
1.02146
1.02182
1.02178
1.02149
1.02086
1.02043
1.02039
1.02047
1.02087
1.02173
1.02232
1.0224
1.02236
1.02193
1.0205
1.01721
1.01311
1.01142
1.01131
1.01135
1.01147
1.01184
1.01285
1.01458
1.01568
1.01583
1.01586
1.01568
1.01475
1.01201
1.00659
1.00145
1.00006
1
1
1
1
1
1
1
1
1
1
1
1
1
1
1
1
1
1
1
1
1
1
1
1
1
1
1
1
1
1
1
1
1
1
1
1
1
1
1
1
1
1
1
1
1
1
1
1
1
1
1
0.965463
0.965863
0.967975
0.974342
0.983811
0.987069
0.985068
0.982989
0.982644
0.987325
0.997713
1.00239
1.00123
0.999109
0.997571
0.997742
1.00078
1.00851
1.01396
1.01409
1.0125
1.0109
1.01077
1.01226
1.01687
1.0209
1.02106
1.02001
1.01755
1.01469
1.01377
1.01362
1.01481
1.01846
1.02182
1.02224
1.02192
1.021
1.02026
1.02012
1.02022
1.0209
1.02185
1.02207
1.02198
1.02156
1.02081
1.02045
1.02044
1.02056
1.02106
1.02199
1.0225
1.02256
1.02249
1.02196
1.0203
1.01673
1.01279
1.01145
1.01139
1.01144
1.01159
1.01205
1.01323
1.01501
1.01591
1.01601
1.01602
1.01576
1.01462
1.01143
1.00563
1.001
1.00003
1
1
1
1
1
1
1
1
1
1
1
1
1
1
1
1
1
1
1
1
1
1
1
1
1
1
1
1
1
1
1
1
1
1
1
1
1
1
1
1
1
1
1
1
1
1
1
1
1
1
1
0.964277
0.964657
0.967102
0.974608
0.983342
0.986063
0.985106
0.983466
0.983252
0.987842
0.996188
0.998586
0.997814
0.99679
0.996564
0.998034
1.00325
1.01085
1.01301
1.01255
1.01101
1.01042
1.01117
1.0144
1.01958
1.02132
1.02083
1.01919
1.01602
1.01384
1.01343
1.01363
1.01583
1.02033
1.02243
1.02241
1.02182
1.02071
1.02017
1.02012
1.02043
1.02141
1.02226
1.02234
1.02217
1.02157
1.02074
1.02047
1.02048
1.02067
1.0213
1.02229
1.0227
1.02274
1.02263
1.02198
1.02003
1.01615
1.01247
1.01151
1.01149
1.01155
1.01175
1.01233
1.01371
1.01548
1.01614
1.01622
1.0162
1.01583
1.0144
1.01065
1.00457
1.00062
1.00001
1
1
1
1
1
1
1
1
1
1
1
1
1
1
1
1
1
1
1
1
1
1
1
1
1
1
1
1
1
1
1
1
1
1
1
1
1
1
1
1
1
1
1
1
1
1
1
1
1
1
1
0.964328
0.964565
0.967093
0.974904
0.983092
0.986228
0.986024
0.98476
0.984605
0.98799
0.994175
0.996298
0.996181
0.996246
0.997186
1.00023
1.00696
1.01185
1.01224
1.01134
1.01038
1.01078
1.01282
1.01732
1.02088
1.02103
1.02002
1.01728
1.01381
1.01291
1.01295
1.01416
1.01786
1.02185
1.02262
1.0224
1.0215
1.02044
1.02018
1.02026
1.02088
1.02206
1.02262
1.0226
1.0223
1.02149
1.02067
1.02051
1.02055
1.02082
1.02161
1.02262
1.02294
1.02297
1.02279
1.02195
1.01963
1.01546
1.01222
1.01159
1.0116
1.01168
1.01194
1.01269
1.0143
1.01595
1.01639
1.01645
1.01639
1.01587
1.01405
1.00964
1.00345
1.00034
1
1
1
1
1
1
1
1
1
1
1
1
1
1
1
1
1
1
1
1
1
1
1
1
1
1
1
1
1
1
1
1
1
1
1
1
1
1
1
1
1
1
1
1
1
1
1
1
1
1
1
1
0.964753
0.964894
0.967746
0.975992
0.983941
0.987086
0.986949
0.985949
0.985793
0.987875
0.992257
0.995174
0.995909
0.996873
0.998997
1.00373
1.00985
1.01165
1.0115
1.01058
1.01069
1.01204
1.01517
1.01927
1.02059
1.02022
1.01845
1.01505
1.01312
1.01282
1.01332
1.01561
1.01988
1.02244
1.02259
1.02219
1.02111
1.02038
1.02032
1.02063
1.0216
1.02271
1.02293
1.02283
1.02233
1.02132
1.02062
1.02055
1.02063
1.02103
1.02201
1.02299
1.02321
1.02322
1.02294
1.02186
1.01908
1.01471
1.01205
1.0117
1.01173
1.01185
1.0122
1.01316
1.01498
1.0164
1.01666
1.0167
1.01658
1.01584
1.01351
1.00837
1.00238
1.00015
1
1
1
1
1
1
1
1
1
1
1
1
1
1
1
1
1
1
1
1
1
1
1
1
1
1
1
1
1
1
1
1
1
1
1
1
1
1
1
1
1
1
1
1
1
1
1
1
1
1
1
1
0.965676
0.965739
0.969306
0.977836
0.984844
0.987229
0.986961
0.986128
0.985975
0.987394
0.990835
0.994361
0.996437
0.998388
1.00159
1.00698
1.01047
1.01095
1.01066
1.01056
1.01138
1.01328
1.01669
1.01937
1.0196
1.01883
1.01647
1.01394
1.01319
1.01334
1.01448
1.01734
1.02111
1.0225
1.02247
1.02189
1.02088
1.02051
1.02064
1.02125
1.02247
1.02321
1.02325
1.02301
1.02224
1.0211
1.02059
1.02059
1.02075
1.02131
1.02249
1.02336
1.0235
1.02348
1.02308
1.02168
1.01835
1.01395
1.01197
1.01182
1.01187
1.01204
1.01253
1.01377
1.01573
1.01682
1.01696
1.01698
1.01675
1.01572
1.01273
1.00686
1.00145
1.00006
1
1
1
1
1
1
1
1
1
1
1
1
1
1
1
1
1
1
1
1
1
1
1
1
1
1
1
1
1
1
1
1
1
1
1
1
1
1
1
1
1
1
1
1
1
1
1
1
1
1
1
1
0.966032
0.96651
0.97125
0.979426
0.984648
0.985819
0.9854
0.984896
0.985069
0.986671
0.990106
0.994049
0.997075
0.999956
1.00413
1.0085
1.00985
1.01013
1.01016
1.01062
1.01169
1.01378
1.01698
1.01869
1.01873
1.01777
1.0154
1.01376
1.0137
1.01427
1.01575
1.01867
1.02177
1.02255
1.02246
1.02171
1.02088
1.02083
1.02117
1.02209
1.02325
1.02359
1.02354
1.02312
1.02206
1.02091
1.02061
1.02066
1.02092
1.02171
1.02305
1.02373
1.02382
1.02375
1.02318
1.02133
1.01743
1.01329
1.012
1.01197
1.01205
1.01229
1.01296
1.01453
1.01649
1.0172
1.01728
1.01726
1.01688
1.01544
1.01161
1.00518
1.00075
1.00002
1
1
1
1
1
1
1
1
1
1
1
1
1
1
1
1
1
1
1
1
1
1
1
1
1
1
1
1
1
1
1
1
1
1
1
1
1
1
1
1
1
1
1
1
1
1
1
1
1
1
1
1
0.966531
0.96787
0.97314
0.979811
0.983277
0.983781
0.983562
0.983513
0.984163
0.986334
0.990247
0.994585
0.998114
1.00162
1.00577
1.00827
1.009
1.00936
1.00971
1.01039
1.01163
1.01396
1.01704
1.01826
1.01833
1.01729
1.01501
1.01412
1.01441
1.01513
1.01664
1.01952
1.02219
1.0227
1.02253
1.02168
1.02119
1.02134
1.02189
1.02299
1.0238
1.02391
1.02376
1.0231
1.02179
1.0208
1.02068
1.02079
1.02119
1.02226
1.02364
1.0241
1.02416
1.02401
1.02317
1.02077
1.01634
1.01281
1.01212
1.01214
1.01226
1.0126
1.01354
1.01545
1.01719
1.01758
1.01763
1.01755
1.01694
1.01492
1.0101
1.00349
1.00032
1
1
1
1
1
1
1
1
1
1
1
1
1
1
1
1
1
1
1
1
1
1
1
1
1
1
1
1
1
1
1
1
1
1
1
1
1
1
1
1
1
1
1
1
1
1
1
1
1
1
1
1
1
0.967573
0.969664
0.974124
0.979014
0.981552
0.98219
0.9825
0.982995
0.984223
0.9871
0.99144
0.995807
0.999537
1.00328
1.00633
1.00757
1.00824
1.00866
1.00924
1.0101
1.01154
1.0143
1.01738
1.01836
1.01835
1.01717
1.01514
1.01455
1.0149
1.01566
1.01731
1.02036
1.02263
1.02293
1.02265
1.02182
1.02164
1.02193
1.02268
1.02378
1.02422
1.02423
1.02391
1.02292
1.02146
1.02079
1.0208
1.02099
1.0216
1.02298
1.02422
1.02449
1.02451
1.02423
1.02304
1.01994
1.01521
1.01256
1.01227
1.01233
1.01251
1.01301
1.01431
1.01647
1.01779
1.01798
1.01801
1.01781
1.01686
1.01406
1.00817
1.00201
1.0001
1
1
1
1
1
1
1
1
1
1
1
1
1
1
1
1
1
1
1
1
1
1
1
1
1
1
1
1
1
1
1
1
1
1
1
1
1
1
1
1
1
1
1
1
1
1
1
1
1
1
1
1
1
0.969059
0.970945
0.974188
0.977759
0.980236
0.981697
0.982725
0.983888
0.98597
0.989467
0.993757
0.997557
1.00097
1.0042
1.00595
1.00681
1.00738
1.00795
1.00877
1.00993
1.01191
1.0153
1.0182
1.01893
1.01875
1.01716
1.01507
1.01475
1.0152
1.01615
1.01828
1.02161
1.02324
1.02334
1.02282
1.02207
1.02208
1.0225
1.02345
1.0244
1.02463
1.02456
1.02401
1.02259
1.02117
1.02084
1.02093
1.02126
1.02219
1.02381
1.02475
1.02489
1.02486
1.02438
1.02268
1.01881
1.0142
1.01251
1.01246
1.01255
1.01281
1.01356
1.0153
1.01749
1.01832
1.01841
1.01839
1.01801
1.01658
1.01272
1.00595
1.00094
1.00002
1
1
1
1
1
1
1
1
1
1
1
1
1
1
1
1
1
1
1
1
1
1
1
1
1
1
1
1
1
1
1
1
1
1
1
1
1
1
1
1
1
1
1
1
1
1
1
1
1
1
1
1
1
0.970137
0.971925
0.974331
0.976959
0.979508
0.98183
0.983927
0.986207
0.989178
0.992718
0.996005
0.998816
1.00176
1.00416
1.00545
1.00638
1.00693
1.00757
1.00867
1.01035
1.01332
1.01735
1.01941
1.01978
1.01912
1.01664
1.01479
1.01482
1.01546
1.01687
1.01984
1.02308
1.02393
1.02387
1.02301
1.0224
1.02254
1.02312
1.02422
1.02491
1.02501
1.02482
1.02389
1.02217
1.02104
1.02097
1.02114
1.02168
1.02301
1.02466
1.02523
1.0253
1.02518
1.0244
1.02203
1.01743
1.01348
1.01263
1.01267
1.01281
1.01321
1.01432
1.01651
1.01841
1.01881
1.01887
1.01876
1.0181
1.01595
1.01079
1.0037
1.00033
1
1
1
1
1
1
1
1
1
1
1
1
1
1
1
1
1
1
1
1
1
1
1
1
1
1
1
1
1
1
1
1
1
1
1
1
1
1
1
1
1
1
1
1
1
1
1
1
1
1
1
1
1
1
0.971435
0.973139
0.974884
0.976858
0.979282
0.982188
0.985397
0.988923
0.992599
0.995581
0.997507
0.999077
1.00072
1.00278
1.00455
1.00576
1.00683
1.00793
1.00951
1.01221
1.01638
1.01953
1.02028
1.02013
1.01814
1.01539
1.01452
1.01488
1.01591
1.01823
1.02204
1.02426
1.02455
1.02422
1.02312
1.02276
1.02305
1.02388
1.025
1.02539
1.02539
1.02492
1.0235
1.02175
1.02114
1.02121
1.02151
1.02236
1.02405
1.0254
1.02567
1.02571
1.02545
1.02424
1.02102
1.01599
1.01312
1.01282
1.0129
1.01312
1.01375
1.01535
1.01783
1.01916
1.01933
1.01935
1.01909
1.01799
1.01479
1.00826
1.00185
1.00008
1
1
1
1
1
1
1
1
1
1
1
1
1
1
1
1
1
1
1
1
1
1
1
1
1
1
1
1
1
1
1
1
1
1
1
1
1
1
1
1
1
1
1
1
1
1
1
1
1
1
1
1
1
1
0.972612
0.97416
0.975638
0.977322
0.979569
0.982715
0.986891
0.991205
0.994336
0.996221
0.997532
0.998732
1.00014
1.00227
1.00418
1.00542
1.00675
1.00854
1.01132
1.0156
1.0194
1.02055
1.02075
1.01931
1.01639
1.01455
1.01453
1.0152
1.01695
1.02057
1.02417
1.02505
1.02508
1.02409
1.02304
1.02309
1.02361
1.02475
1.02568
1.02585
1.02571
1.02478
1.0229
1.02148
1.02133
1.02152
1.02205
1.02333
1.02517
1.026
1.02612
1.02608
1.02557
1.02376
1.01962
1.01476
1.01306
1.01304
1.01316
1.01351
1.01451
1.0167
1.01909
1.0198
1.01988
1.01983
1.01932
1.01753
1.0129
1.00541
1.00068
1.00001
1
1
1
1
1
1
1
1
1
1
1
1
1
1
1
1
1
1
1
1
1
1
1
1
1
1
1
1
1
1
1
1
1
1
1
1
1
1
1
1
1
1
1
1
1
1
1
1
1
1
1
1
1
1
0.973431
0.974476
0.975738
0.977596
0.980242
0.983955
0.988747
0.992603
0.994432
0.995654
0.996758
0.997989
0.999597
1.00199
1.00457
1.00656
1.00858
1.01137
1.01547
1.01922
1.0205
1.02091
1.01998
1.01724
1.01475
1.01438
1.01483
1.01608
1.01909
1.02358
1.02561
1.0259
1.02548
1.02389
1.02331
1.02358
1.02437
1.02559
1.02611
1.02615
1.02578
1.02439
1.02243
1.02156
1.02165
1.02199
1.02283
1.02454
1.02611
1.02649
1.02656
1.02642
1.02554
1.02292
1.01796
1.01398
1.01323
1.01329
1.01348
1.01406
1.01559
1.0183
1.02013
1.02041
1.02045
1.02027
1.01933
1.01649
1.01016
1.0028
1.00017
1
1
1
1
1
1
1
1
1
1
1
1
1
1
1
1
1
1
1
1
1
1
1
1
1
1
1
1
1
1
1
1
1
1
1
1
1
1
1
1
1
1
1
1
1
1
1
1
1
1
1
1
1
1
1
0.973199
0.9738
0.974978
0.977269
0.981067
0.986209
0.99053
0.992695
0.993881
0.994929
0.996072
0.997447
0.999374
1.00204
1.0051
1.00813
1.01149
1.01563
1.01919
1.02055
1.02104
1.02026
1.01803
1.01543
1.01425
1.01455
1.0155
1.01775
1.02231
1.02604
1.02676
1.02678
1.02543
1.02383
1.0238
1.02428
1.0253
1.02621
1.02639
1.02627
1.02549
1.02379
1.02221
1.02198
1.02221
1.02275
1.02396
1.02581
1.02676
1.02692
1.02696
1.02666
1.02527
1.02165
1.01631
1.01364
1.01345
1.01357
1.0139
1.01485
1.0171
1.01991
1.02095
1.02106
1.02103
1.02061
1.01897
1.01458
1.00678
1.00104
1.00002
1
1
1
1
1
1
1
1
1
1
1
1
1
1
1
1
1
1
1
1
1
1
1
1
1
1
1
1
1
1
1
1
1
1
1
1
1
1
1
1
1
1
1
1
1
1
1
1
1
1
1
1
1
1
1
0.973268
0.973833
0.974965
0.977461
0.982737
0.98861
0.991232
0.992582
0.993745
0.994765
0.996017
0.997804
1.00059
1.00441
1.00857
1.01263
1.01642
1.01896
1.02005
1.02059
1.02023
1.01843
1.01561
1.01439
1.01475
1.01553
1.01721
1.02096
1.02588
1.02758
1.0277
1.0268
1.02472
1.02397
1.02437
1.02513
1.02613
1.02656
1.02661
1.02625
1.02507
1.02331
1.02239
1.02254
1.02294
1.02377
1.02535
1.02689
1.0273
1.02739
1.0273
1.02664
1.02455
1.01996
1.0151
1.01368
1.01372
1.0139
1.01446
1.01601
1.01897
1.02126
1.02168
1.02174
1.02158
1.02069
1.01795
1.01156
1.0035
1.00024
1
1
1
1
1
1
1
1
1
1
1
1
1
1
1
1
1
1
1
1
1
1
1
1
1
1
1
1
1
1
1
1
1
1
1
1
1
1
1
1
1
1
1
1
1
1
1
1
1
1
1
1
1
1
1
1
0.973275
0.974409
0.9762
0.980004
0.986032
0.989549
0.991122
0.992541
0.993956
0.995382
0.997029
0.999501
1.00343
1.00857
1.01357
1.01718
1.01911
1.02003
1.02029
1.01968
1.01831
1.01642
1.01473
1.01435
1.01509
1.01659
1.01982
1.02499
1.02815
1.02859
1.02831
1.02643
1.02441
1.02443
1.02501
1.02585
1.02648
1.02672
1.02674
1.02625
1.02486
1.02324
1.02304
1.02334
1.0239
1.025
1.02664
1.02759
1.02777
1.02784
1.02765
1.02657
1.02348
1.01806
1.01441
1.01394
1.01405
1.01437
1.01532
1.0177
1.02093
1.02227
1.02242
1.02242
1.02202
1.02037
1.01587
1.00761
1.00123
1.00003
1
1
1
1
1
1
1
1
1
1
1
1
1
1
1
1
1
1
1
1
1
1
1
1
1
1
1
1
1
1
1
1
1
1
1
1
1
1
1
1
1
1
1
1
1
1
1
1
1
1
1
1
1
1
1
1
0.972587
0.974403
0.977851
0.984281
0.989046
0.990547
0.991833
0.993119
0.994428
0.996044
0.998598
1.00291
1.00892
1.01426
1.01692
1.01811
1.01881
1.01915
1.01921
1.01824
1.01613
1.01464
1.01476
1.01556
1.01683
1.01954
1.02429
1.02818
1.02907
1.02917
1.02822
1.02592
1.02481
1.02528
1.02587
1.02627
1.02647
1.02657
1.02654
1.02604
1.02473
1.02382
1.02396
1.02436
1.02506
1.02631
1.02763
1.02806
1.02817
1.02818
1.02776
1.02609
1.02189
1.01643
1.01425
1.01422
1.01441
1.01497
1.01662
1.01988
1.02259
1.02312
1.0232
1.02306
1.02213
1.01923
1.01237
1.00372
1.00025
1
1
1
1
1
1
1
1
1
1
1
1
1
1
1
1
1
1
1
1
1
1
1
1
1
1
1
1
1
1
1
1
1
1
1
1
1
1
1
1
1
1
1
1
1
1
1
1
1
1
1
1
1
1
1
1
1
0.972381
0.975051
0.980906
0.987632
0.990079
0.991469
0.9929
0.994349
0.995951
0.99831
1.0024
1.00849
1.01396
1.01626
1.01736
1.01805
1.01831
1.01832
1.01797
1.01701
1.01545
1.01439
1.01498
1.01637
1.01916
1.02396
1.02818
1.02936
1.0296
1.02929
1.02797
1.0259
1.0255
1.02596
1.02636
1.02664
1.0268
1.02685
1.02667
1.026
1.02496
1.02475
1.02506
1.02553
1.02631
1.0275
1.02836
1.02858
1.02867
1.02856
1.02774
1.02514
1.01988
1.0154
1.01451
1.01462
1.01494
1.01595
1.01854
1.02219
1.0238
1.02397
1.02398
1.02356
1.02173
1.01673
1.00773
1.00116
1.00003
1
1
1
1
1
1
1
1
1
1
1
1
1
1
1
1
1
1
1
1
1
1
1
1
1
1
1
1
1
1
1
1
1
1
1
1
1
1
1
1
1
1
1
1
1
1
1
1
1
1
1
1
1
1
1
1
1
0.973342
0.977853
0.984799
0.988484
0.99003
0.9916
0.993288
0.995275
0.998071
1.00239
1.00822
1.01314
1.015
1.01592
1.01666
1.0173
1.01773
1.01762
1.01661
1.01558
1.01526
1.01598
1.01728
1.01984
1.02429
1.02847
1.02979
1.03012
1.03001
1.02919
1.02787
1.02672
1.02599
1.02595
1.02625
1.02659
1.02691
1.02709
1.02701
1.02662
1.02605
1.02584
1.02615
1.02662
1.02735
1.02835
1.02892
1.0291
1.02918
1.02897
1.02756
1.02368
1.01785
1.01501
1.01487
1.01507
1.01568
1.01746
1.02107
1.02414
1.02476
1.02485
1.0247
1.02363
1.02025
1.01245
1.00336
1.00019
1
1
1
1
1
1
1
1
1
1
1
1
1
1
1
1
1
1
1
1
1
1
1
1
1
1
1
1
1
1
1
1
1
1
1
1
1
1
1
1
1
1
1
1
1
1
1
1
1
1
1
1
1
1
1
1
1
1
0.97539
0.982591
0.987662
0.989317
0.990758
0.992252
0.994005
0.99682
1.00174
1.00813
1.01271
1.01452
1.0154
1.01598
1.01644
1.01689
1.01727
1.01723
1.01622
1.01519
1.01584
1.01747
1.02042
1.02498
1.0289
1.03021
1.03069
1.03059
1.02992
1.02914
1.02833
1.02728
1.02643
1.02636
1.02652
1.02672
1.02698
1.02723
1.02745
1.02764
1.02752
1.0271
1.02727
1.02766
1.02825
1.02907
1.0295
1.02964
1.02961
1.02898
1.02674
1.02164
1.01654
1.01521
1.01532
1.01567
1.01679
1.0197
1.02377
1.02553
1.02572
1.02574
1.02521
1.02298
1.01695
1.00699
1.00084
1.00001
1
1
1
1
1
1
1
1
1
1
1
1
1
1
1
1
1
1
1
1
1
1
1
1
1
1
1
1
1
1
1
1
1
1
1
1
1
1
1
1
1
1
1
1
1
1
1
1
1
1
1
1
1
1
1
1
1
1
0.97929
0.985951
0.988333
0.989873
0.991473
0.99326
0.995904
1.00068
1.00726
1.01178
1.01366
1.0149
1.01587
1.01656
1.01701
1.01721
1.01717
1.01683
1.01673
1.0176
1.01928
1.02223
1.02643
1.02961
1.03065
1.03101
1.03079
1.03031
1.02982
1.02923
1.02814
1.02677
1.02629
1.02653
1.0268
1.02722
1.02792
1.02858
1.02903
1.02919
1.02879
1.02803
1.02806
1.02839
1.02897
1.0298
1.03019
1.03032
1.03021
1.02902
1.02535
1.01932
1.01596
1.01571
1.01593
1.0166
1.01861
1.02266
1.02598
1.02661
1.02671
1.02653
1.02512
1.02078
1.01152
1.00247
1.00009
1
1
1
1
1
1
1
1
1
1
1
1
1
1
1
1
1
1
1
1
1
1
1
1
1
1
1
1
1
1
1
1
1
1
1
1
1
1
1
1
1
1
1
1
1
1
1
1
1
1
1
1
1
1
1
1
1
1
1
0.984559
0.987135
0.988499
0.989895
0.991598
0.994318
0.999603
1.00693
1.0114
1.01309
1.01418
1.01492
1.01596
1.01701
1.01775
1.01798
1.01765
1.01778
1.01904
1.0211
1.02427
1.02792
1.03003
1.03074
1.03088
1.03056
1.03022
1.03007
1.02999
1.02949
1.02829
1.02695
1.0265
1.02661
1.02703
1.02802
1.02957
1.03052
1.03088
1.03081
1.02943
1.02843
1.02854
1.0289
1.02964
1.03054
1.03085
1.03092
1.03053
1.02841
1.02319
1.01762
1.01607
1.0162
1.01662
1.01795
1.0213
1.02575
1.0275
1.02769
1.02768
1.02689
1.02388
1.01615
1.00535
1.00043
1
1
1
1
1
1
1
1
1
1
1
1
1
1
1
1
1
1
1
1
1
1
1
1
1
1
1
1
1
1
1
1
1
1
1
1
1
1
1
1
1
1
1
1
1
1
1
1
1
1
1
1
1
1
1
1
1
1
1
1
0.987399
0.988965
0.990364
0.991903
0.994077
0.99837
1.00581
1.01131
1.01322
1.01457
1.01544
1.0162
1.01721
1.01812
1.01878
1.01922
1.02001
1.02155
1.02377
1.02661
1.02925
1.03056
1.03112
1.03118
1.03085
1.03053
1.03031
1.03009
1.02962
1.02879
1.02788
1.02733
1.02741
1.02784
1.02879
1.03059
1.0321
1.03252
1.03245
1.03094
1.02926
1.02894
1.0292
1.02971
1.03074
1.0316
1.03182
1.03178
1.03064
1.02689
1.02059
1.017
1.01671
1.01696
1.01778
1.0202
1.02478
1.02815
1.0287
1.02879
1.02846
1.0264
1.02035
1.00929
1.00133
1.00003
1
1
1
1
1
1
1
1
1
1
1
1
1
1
1
1
1
1
1
1
1
1
1
1
1
1
1
1
1
1
1
1
1
1
1
1
1
1
1
1
1
1
1
1
1
1
1
1
1
1
1
1
1
1
1
1
1
1
1
1
0.988662
0.990503
0.992513
0.994915
0.998875
1.00575
1.01145
1.0133
1.01463
1.01585
1.01694
1.01814
1.01925
1.0202
1.02118
1.02246
1.02425
1.02635
1.02829
1.02953
1.0301
1.03028
1.03039
1.03057
1.03073
1.03077
1.03071
1.03057
1.03011
1.02911
1.02788
1.02775
1.02837
1.02947
1.03135
1.03308
1.03363
1.03373
1.03248
1.03024
1.02919
1.02943
1.02988
1.03075
1.03207
1.03266
1.03281
1.03253
1.03014
1.02433
1.01857
1.01717
1.01738
1.01793
1.01957
1.02352
1.02821
1.02974
1.0299
1.02983
1.02848
1.02394
1.01372
1.00312
1.00013
1
1
1
1
1
1
1
1
1
1
1
1
1
1
1
1
1
1
1
1
1
1
1
1
1
1
1
1
1
1
1
1
1
1
1
1
1
1
1
1
1
1
1
1
1
1
1
1
1
1
1
1
1
1
1
1
1
1
1
1
1
)
;

boundaryField
{
    inlet
    {
        type            fixedValue;
        value           nonuniform 0();
    }
    outlet
    {
        type            zeroGradient;
    }
    bottom
    {
        type            symmetryPlane;
    }
    top
    {
        type            symmetryPlane;
    }
    obstacle
    {
        type            zeroGradient;
    }
    defaultFaces
    {
        type            empty;
    }
    procBoundary1to0
    {
        type            processor;
        value           nonuniform List<scalar> 
28
(
0.960302
0.963089
0.968883
0.969222
0.969757
0.970055
0.968977
0.967301
0.965612
0.964521
0.964528
0.964999
0.966192
0.966804
0.967149
0.967253
0.968105
0.968908
0.969697
0.970609
0.971943
0.972719
0.972857
0.972489
0.971336
0.970949
0.971151
0.97106
)
;
    }
    procBoundary1to2
    {
        type            processor;
        value           nonuniform List<scalar> 4(0.972223 0.977284 0.983519 0.986857);
    }
    procBoundary1to3
    {
        type            processor;
        value           nonuniform List<scalar> 
126
(
0.991568
0.993218
0.995227
0.998644
1.00547
1.01248
1.01485
1.01601
1.01683
1.01783
1.01921
1.0206
1.02193
1.02339
1.02514
1.02715
1.02884
1.02994
1.03038
1.03034
1.03029
1.03038
1.03042
1.03036
1.03028
1.03037
1.03062
1.03082
1.03063
1.02976
1.02943
1.03003
1.03107
1.03262
1.03404
1.03453
1.03451
1.03361
1.03191
1.03015
1.02985
1.03019
1.03088
1.0323
1.03352
1.03383
1.03384
1.03253
1.02823
1.02157
1.01814
1.01795
1.01827
1.01934
1.02239
1.02758
1.03067
1.03106
1.03112
1.03032
1.02696
1.01811
1.00586
1.00044
1
1
1
1
1
1
1
1
1
1
1
1
1
1
1
1
1
1
1
1
1
1
1
1
1
1
1
1
1
1
1
1
1
1
1
1
1
1
1
1
1
1
1
1
1
1
1
1
1
1
1
1
1
1
1
1
1
1
1
1
1
1
)
;
    }
}


// ************************************************************************* //
