/*--------------------------------*- C++ -*----------------------------------*\
  =========                 |
  \\      /  F ield         | OpenFOAM: The Open Source CFD Toolbox
   \\    /   O peration     | Website:  https://openfoam.org
    \\  /    A nd           | Version:  7
     \\/     M anipulation  |
\*---------------------------------------------------------------------------*/
FoamFile
{
    version     2.0;
    format      ascii;
    class       volVectorField;
    location    "0.5";
    object      U;
}
// * * * * * * * * * * * * * * * * * * * * * * * * * * * * * * * * * * * * * //

dimensions      [0 1 -1 0 0 0 0];

internalField   nonuniform List<vector> 
1008
(
(1.5 9.49985e-10 0)
(1.5 1.52373e-05 0)
(1.49798 0.00455374 0)
(1.44151 0.092137 0)
(1.24184 0.334232 0)
(1.11216 0.491254 0)
(1.5 -7.20926e-18 0)
(1.5 -2.32851e-16 0)
(1.5 -7.27262e-16 0)
(1.5 -4.77225e-16 0)
(1.5 1.41732e-16 0)
(1.5 -6.2063e-16 0)
(1.5 -8.15195e-16 0)
(1.5 -8.98567e-16 0)
(1.5 -1.00588e-15 0)
(1.5 -9.66913e-16 0)
(1.5 -1.03039e-15 0)
(1.5 -3.11731e-16 0)
(1.5 6.65197e-16 0)
(1.5 1.51885e-15 0)
(1.5 1.63011e-15 0)
(1.5 9.23141e-16 0)
(1.5 4.50972e-16 0)
(1.5 4.10812e-16 0)
(1.5 4.04004e-14 0)
(1.5 7.12453e-09 0)
(1.49999 2.88798e-05 0)
(1.49794 0.00445284 0)
(1.45508 0.0736231 0)
(1.30527 0.277311 0)
(1.5 -1.50816e-16 0)
(1.5 -4.45933e-16 0)
(1.5 -4.18464e-16 0)
(1.5 -5.97625e-16 0)
(1.5 -4.46241e-16 0)
(1.5 -7.23696e-16 0)
(1.5 -5.10434e-16 0)
(1.5 -5.13914e-16 0)
(1.5 -7.03048e-17 0)
(1.5 -2.09049e-16 0)
(1.5 -1.0631e-15 0)
(1.5 -8.46138e-16 0)
(1.5 3.62985e-17 0)
(1.5 1.23533e-15 0)
(1.5 9.95364e-16 0)
(1.5 7.60227e-16 0)
(1.5 1.05199e-15 0)
(1.5 8.96555e-16 0)
(1.5 8.04549e-16 0)
(1.5 3.2149e-13 0)
(1.5 1.78932e-08 0)
(1.49999 2.79301e-05 0)
(1.49862 0.00296334 0)
(1.47291 0.0469509 0)
(1.5 -2.71608e-17 0)
(1.5 -2.3973e-16 0)
(1.5 3.14011e-17 0)
(1.5 -1.23241e-16 0)
(1.5 -7.13533e-16 0)
(1.5 -4.33234e-16 0)
(1.5 -2.95191e-16 0)
(1.5 1.51751e-16 0)
(1.5 8.48689e-16 0)
(1.5 5.4618e-16 0)
(1.5 -3.27213e-16 0)
(1.5 -2.66054e-16 0)
(1.5 -3.07992e-16 0)
(1.5 -2.08722e-16 0)
(1.5 -2.61996e-16 0)
(1.5 2.48579e-16 0)
(1.5 1.40648e-15 0)
(1.5 1.55416e-15 0)
(1.5 9.96928e-16 0)
(1.5 -5.48682e-17 0)
(1.5 8.58483e-13 0)
(1.5 1.71483e-08 0)
(1.49999 1.52556e-05 0)
(1.49938 0.00136614 0)
(1.5 2.20193e-17 0)
(1.5 6.92816e-17 0)
(1.5 1.79222e-16 0)
(1.5 1.62885e-16 0)
(1.5 -4.19298e-17 0)
(1.5 2.87206e-16 0)
(1.5 -2.83848e-17 0)
(1.5 -2.04772e-16 0)
(1.5 -1.12051e-16 0)
(1.5 3.4808e-16 0)
(1.5 3.92025e-16 0)
(1.5 -1.58571e-16 0)
(1.5 -6.66686e-16 0)
(1.5 -1.06586e-15 0)
(1.5 -9.04903e-16 0)
(1.5 3.20406e-16 0)
(1.5 1.71063e-15 0)
(1.5 2.16784e-15 0)
(1.5 1.62784e-15 0)
(1.5 -5.33645e-16 0)
(1.5 -1.11868e-15 0)
(1.5 8.2673e-13 0)
(1.5 7.57105e-09 0)
(1.5 4.94365e-06 0)
(1.5 -1.0856e-16 0)
(1.5 1.66245e-16 0)
(1.5 8.62766e-17 0)
(1.5 -1.99544e-18 0)
(1.5 -1.9893e-17 0)
(1.5 3.25793e-16 0)
(1.5 4.91109e-16 0)
(1.5 4.76609e-16 0)
(1.5 -1.17314e-16 0)
(1.5 7.75338e-17 0)
(1.5 5.2839e-17 0)
(1.5 -7.45955e-16 0)
(1.5 -6.1217e-16 0)
(1.5 -6.83953e-16 0)
(1.5 -8.53958e-16 0)
(1.5 -6.83408e-16 0)
(1.5 5.95449e-16 0)
(1.5 1.48913e-15 0)
(1.5 1.91878e-15 0)
(1.5 9.56728e-16 0)
(1.5 -6.74376e-16 0)
(1.5 -1.50315e-15 0)
(1.5 3.47855e-13 0)
(1.5 1.64671e-09 0)
(1.5 1.21911e-17 0)
(1.5 -1.2812e-16 0)
(1.5 -9.18333e-17 0)
(1.5 -1.36498e-16 0)
(1.5 1.32011e-16 0)
(1.5 2.38084e-16 0)
(1.5 6.13902e-16 0)
(1.5 4.69338e-16 0)
(1.5 -2.42498e-16 0)
(1.5 -1.88392e-16 0)
(1.5 3.11987e-16 0)
(1.5 4.7037e-16 0)
(1.5 -1.49156e-16 0)
(1.5 -5.98948e-16 0)
(1.5 -9.62875e-16 0)
(1.5 -9.66714e-16 0)
(1.5 -2.20698e-16 0)
(1.5 6.87074e-16 0)
(1.5 1.00533e-15 0)
(1.5 4.91748e-16 0)
(1.5 -3.36076e-16 0)
(1.5 -1.42318e-15 0)
(1.5 -1.46315e-15 0)
(1.5 7.06266e-14 0)
(1.5 -1.15704e-17 0)
(1.5 1.41748e-16 0)
(1.5 2.65542e-16 0)
(1.5 5.89449e-17 0)
(1.5 -7.33067e-17 0)
(1.5 3.41113e-17 0)
(1.5 -1.39812e-17 0)
(1.5 -1.32501e-16 0)
(1.5 -3.76517e-16 0)
(1.5 -4.36819e-16 0)
(1.5 -1.74558e-16 0)
(1.5 1.42062e-16 0)
(1.5 3.68094e-18 0)
(1.5 -2.69674e-16 0)
(1.5 -3.31087e-16 0)
(1.5 -1.60291e-16 0)
(1.5 -4.834e-16 0)
(1.5 -2.12679e-16 0)
(1.5 -4.2038e-16 0)
(1.5 -8.64489e-16 0)
(1.5 -2.46388e-16 0)
(1.5 -3.54422e-16 0)
(1.5 -5.97531e-16 0)
(1.5 -6.02557e-16 0)
(1.5 -6.47402e-17 0)
(1.5 5.7713e-16 0)
(1.5 7.60955e-16 0)
(1.5 3.9665e-16 0)
(1.5 -9.51334e-17 0)
(1.5 4.78867e-17 0)
(1.5 2.6688e-16 0)
(1.5 4.63951e-16 0)
(1.5 1.61385e-16 0)
(1.5 -7.67574e-16 0)
(1.5 -9.25557e-16 0)
(1.5 -5.85784e-16 0)
(1.5 -3.68288e-16 0)
(1.5 1.54325e-16 0)
(1.5 5.79391e-16 0)
(1.5 4.00285e-16 0)
(1.5 4.75825e-18 0)
(1.5 -9.48093e-16 0)
(1.5 -9.46321e-16 0)
(1.5 -8.36728e-16 0)
(1.5 -7.54936e-16 0)
(1.5 -9.92612e-18 0)
(1.5 -1.44589e-16 0)
(1.5 -1.11819e-16 0)
(1.5 -8.47896e-18 0)
(1.5 3.90886e-16 0)
(1.5 4.03425e-16 0)
(1.5 6.75063e-16 0)
(1.5 4.46811e-16 0)
(1.5 4.23632e-16 0)
(1.5 5.35409e-16 0)
(1.5 6.25715e-16 0)
(1.5 4.66036e-16 0)
(1.5 -2.41267e-16 0)
(1.5 -6.17764e-16 0)
(1.5 -3.92367e-16 0)
(1.5 -3.35535e-16 0)
(1.5 4.77402e-16 0)
(1.5 1.65221e-15 0)
(1.5 1.6725e-15 0)
(1.5 1.26078e-15 0)
(1.5 2.91968e-16 0)
(1.5 -5.52786e-16 0)
(1.5 -5.5399e-16 0)
(1.5 9.95288e-17 0)
(1.5 1.93176e-16 0)
(1.5 2.6763e-16 0)
(1.5 4.78938e-16 0)
(1.5 7.97692e-18 0)
(1.5 -9.55566e-18 0)
(1.5 -2.97544e-16 0)
(1.5 4.2427e-16 0)
(1.5 5.80934e-16 0)
(1.5 3.45687e-16 0)
(1.5 3.21534e-16 0)
(1.5 -1.90831e-16 0)
(1.5 -6.58712e-16 0)
(1.5 -3.67222e-16 0)
(1.5 -8.83482e-16 0)
(1.5 -7.31881e-16 0)
(1.5 -2.23964e-16 0)
(1.5 4.00521e-16 0)
(1.5 1.25727e-15 0)
(1.5 1.30428e-15 0)
(1.5 1.26312e-15 0)
(1.5 8.52197e-16 0)
(1.5 -1.625e-16 0)
(1.5 -7.11952e-16 0)
(1.5 7.86395e-16 0)
(1.5 8.97191e-16 0)
(1.5 1.10252e-15 0)
(1.5 1.149e-15 0)
(1.5 1.73025e-17 0)
(1.5 -4.63124e-16 0)
(1.5 -5.82083e-16 0)
(1.5 1.72786e-16 0)
(1.5 1.07153e-15 0)
(1.5 6.28387e-16 0)
(1.5 -5.97851e-17 0)
(1.5 -9.21536e-16 0)
(1.5 -1.13657e-15 0)
(1.5 -6.59976e-16 0)
(1.5 -8.31885e-16 0)
(1.5 -7.23618e-16 0)
(1.5 1.45149e-16 0)
(1.5 9.28312e-16 0)
(1.5 9.35573e-16 0)
(1.5 1.73751e-16 0)
(1.5 3.01436e-16 0)
(1.5 6.93116e-16 0)
(1.5 9.96945e-17 0)
(1.5 -5.40271e-16 0)
(1.5 4.5786e-16 0)
(1.5 8.22066e-16 0)
(1.5 1.10692e-15 0)
(1.5 1.24203e-15 0)
(1.5 3.57333e-17 0)
(1.5 -3.64909e-16 0)
(1.5 -6.51381e-17 0)
(1.5 3.47154e-16 0)
(1.5 4.37085e-16 0)
(1.5 6.69181e-17 0)
(1.5 -6.34076e-16 0)
(1.5 -1.12082e-15 0)
(1.5 -9.79036e-16 0)
(1.5 -4.44444e-16 0)
(1.5 -1.7126e-16 0)
(1.5 -7.25753e-17 0)
(1.5 7.94696e-16 0)
(1.5 7.48044e-16 0)
(1.5 2.17281e-16 0)
(1.5 -1.2457e-16 0)
(1.5 -1.48999e-16 0)
(1.5 3.99979e-16 0)
(1.5 4.71213e-16 0)
(1.5 1.96298e-16 0)
(1.5 -2.50044e-16 0)
(1.5 -8.38649e-17 0)
(1.5 -1.22527e-17 0)
(1.5 8.74398e-16 0)
(1.5 4.95068e-17 0)
(1.5 1.17437e-16 0)
(1.5 3.45748e-16 0)
(1.5 4.70173e-17 0)
(1.5 -2.29092e-16 0)
(1.5 1.248e-18 0)
(1.5 -8.17476e-17 0)
(1.5 -3.20711e-16 0)
(1.5 -5.38726e-16 0)
(1.5 -3.96144e-16 0)
(1.5 2.68387e-16 0)
(1.5 7.2534e-16 0)
(1.5 8.38181e-16 0)
(1.5 1.35347e-16 0)
(1.5 1.45188e-16 0)
(1.5 -3.64726e-16 0)
(1.5 -1.73588e-16 0)
(1.5 -7.79606e-17 0)
(1.5 2.37027e-16 0)
(1.5 4.30318e-16 0)
(1.5 -3.61187e-16 0)
(1.5 -1.85038e-16 0)
(1.5 3.86461e-16 0)
(1.5 4.87075e-16 0)
(1.5 -1.02831e-16 0)
(1.5 9.27065e-17 0)
(1.5 -2.89338e-16 0)
(1.5 -8.96792e-16 0)
(1.5 -5.83064e-16 0)
(1.5 -1.16159e-16 0)
(1.5 1.64472e-16 0)
(1.5 -1.74604e-16 0)
(1.5 1.61258e-16 0)
(1.5 2.33347e-16 0)
(1.5 9.5771e-16 0)
(1.5 1.09339e-15 0)
(1.5 5.82511e-16 0)
(1.5 -5.64782e-17 0)
(1.5 -1.23705e-16 0)
(1.5 -4.10174e-16 0)
(1.5 -7.14848e-17 0)
(1.5 2.09212e-17 0)
(1.5 1.52758e-16 0)
(1.5 -2.62974e-16 0)
(1.5 -2.59733e-16 0)
(1.5 3.39455e-16 0)
(1.5 7.25946e-16 0)
(1.5 3.57649e-16 0)
(1.5 -1.49924e-16 0)
(1.5 1.94346e-16 0)
(1.5 -2.19235e-16 0)
(1.5 -9.02409e-16 0)
(1.5 -1.01386e-15 0)
(1.5 -4.74339e-16 0)
(1.5 1.66248e-17 0)
(1.5 7.84414e-17 0)
(1.5 1.26131e-16 0)
(1.5 1.48694e-16 0)
(1.5 8.10741e-16 0)
(1.5 8.02638e-16 0)
(1.5 3.64536e-16 0)
(1.5 1.98925e-16 0)
(1.5 -2.86236e-16 0)
(1.5 -4.97466e-16 0)
(1.5 2.10215e-16 0)
(1.5 4.20712e-16 0)
(1.5 1.99942e-16 0)
(1.5 -6.41881e-16 0)
(1.5 -1.60401e-16 0)
(1.5 9.29155e-17 0)
(1.5 -4.4932e-17 0)
(1.5 -2.88429e-16 0)
(1.5 -1.88934e-16 0)
(1.5 5.30641e-17 0)
(1.5 2.11121e-16 0)
(1.5 4.68377e-17 0)
(1.5 -6.31012e-16 0)
(1.5 -1.9138e-16 0)
(1.5 7.45452e-17 0)
(1.5 2.66412e-17 0)
(1.5 -1.38631e-17 0)
(1.5 2.92333e-16 0)
(1.5 6.47984e-16 0)
(1.5 6.36321e-16 0)
(1.5 6.61446e-16 0)
(1.5 -1.32552e-16 0)
(1.5 -5.38498e-16 0)
(1.5 -8.19305e-16 0)
(1.5 -3.22149e-16 0)
(1.5 -9.37742e-17 0)
(1.5 2.45844e-16 0)
(1.5 6.07092e-17 0)
(1.5 4.67753e-17 0)
(1.5 -2.43089e-16 0)
(1.5 -6.2508e-16 0)
(1.5 -8.07598e-16 0)
(1.5 -2.53056e-16 0)
(1.5 -9.77484e-17 0)
(1.5 2.24497e-16 0)
(1.5 2.55536e-16 0)
(1.5 -2.54583e-16 0)
(1.5 1.34152e-18 0)
(1.5 3.06627e-16 0)
(1.5 -1.26304e-16 0)
(1.5 2.79585e-16 0)
(1.5 4.406e-16 0)
(1.5 3.81305e-16 0)
(1.5 3.36454e-16 0)
(1.5 1.67763e-16 0)
(1.5 -1.7526e-16 0)
(1.5 -4.09266e-16 0)
(1.5 -6.20317e-16 0)
(1.5 -2.78487e-16 0)
(1.5 -2.12924e-16 0)
(1.5 1.13073e-16 0)
(1.5 -6.54236e-17 0)
(1.5 2.55429e-17 0)
(1.5 -4.83179e-16 0)
(1.5 -4.97139e-16 0)
(1.5 -3.788e-16 0)
(1.11342 0.535146 0)
(1.15044 0.533568 0)
(1.19177 0.528754 0)
(1.23316 0.515736 0)
(1.27685 0.494581 0)
(1.32122 0.468714 0)
(1.36317 0.439444 0)
(1.40372 0.407323 0)
(1.44087 0.375497 0)
(1.47405 0.343247 0)
(1.50241 0.311396 0)
(1.53067 0.27847 0)
(1.55404 0.248685 0)
(1.57299 0.22145 0)
(1.59308 0.188797 0)
(1.60856 0.154643 0)
(1.61953 0.124265 0)
(1.62526 0.0980775 0)
(1.62369 0.0746601 0)
(1.61321 0.0458841 0)
(1.60139 0.019534 0)
(1.59843 0.0134466 0)
(1.5953 0.0111833 0)
(1.59169 0.0115068 0)
(1.58595 0.0112408 0)
(1.58017 0.0101285 0)
(1.57162 0.00805396 0)
(1.55823 0.00492402 0)
(1.54654 0.00410436 0)
(1.5419 0.00585458 0)
(1.53847 0.00753629 0)
(1.53676 0.0100283 0)
(1.53947 0.0138702 0)
(1.18243 0.445176 0)
(1.16537 0.507106 0)
(1.20057 0.51377 0)
(1.23147 0.509129 0)
(1.26891 0.496935 0)
(1.30588 0.481045 0)
(1.34281 0.458807 0)
(1.38064 0.430932 0)
(1.41677 0.399973 0)
(1.44888 0.368812 0)
(1.47784 0.336892 0)
(1.50474 0.305243 0)
(1.52862 0.27585 0)
(1.54949 0.247207 0)
(1.56662 0.217439 0)
(1.58144 0.185381 0)
(1.59251 0.155447 0)
(1.60208 0.125446 0)
(1.60412 0.0960692 0)
(1.59567 0.0668811 0)
(1.58943 0.0476279 0)
(1.59004 0.043997 0)
(1.59222 0.03891 0)
(1.5916 0.031325 0)
(1.58741 0.0262857 0)
(1.58078 0.0223783 0)
(1.56886 0.0152354 0)
(1.55652 0.00717141 0)
(1.55147 0.0057429 0)
(1.54814 0.00782651 0)
(1.54635 0.0128172 0)
(1.5473 0.0210934 0)
(1.54983 0.030894 0)
(1.37134 0.200909 0)
(1.26158 0.373161 0)
(1.22572 0.462165 0)
(1.23848 0.488218 0)
(1.26898 0.481991 0)
(1.29981 0.47382 0)
(1.33162 0.460279 0)
(1.36291 0.441198 0)
(1.39407 0.418701 0)
(1.42414 0.392941 0)
(1.45253 0.364336 0)
(1.47913 0.333375 0)
(1.50325 0.303203 0)
(1.52362 0.275113 0)
(1.54146 0.245263 0)
(1.55651 0.213986 0)
(1.5679 0.184211 0)
(1.57466 0.156855 0)
(1.57652 0.127683 0)
(1.57665 0.0991934 0)
(1.58066 0.0842162 0)
(1.58592 0.0764833 0)
(1.588 0.0695627 0)
(1.58629 0.0628853 0)
(1.58099 0.0559179 0)
(1.57063 0.0469022 0)
(1.55894 0.0373815 0)
(1.55403 0.0347842 0)
(1.551 0.0362865 0)
(1.55046 0.0403582 0)
(1.55243 0.0478867 0)
(1.55514 0.0565919 0)
(1.55578 0.062274 0)
(1.48745 0.023271 0)
(1.43122 0.119451 0)
(1.34379 0.272378 0)
(1.28894 0.387255 0)
(1.28108 0.440176 0)
(1.30224 0.45385 0)
(1.32769 0.445131 0)
(1.35413 0.433212 0)
(1.38151 0.418916 0)
(1.40725 0.40174 0)
(1.4309 0.381121 0)
(1.4549 0.35685 0)
(1.47815 0.331113 0)
(1.49866 0.305801 0)
(1.51667 0.278525 0)
(1.53184 0.248991 0)
(1.54307 0.220284 0)
(1.5504 0.192608 0)
(1.55533 0.166195 0)
(1.56186 0.147526 0)
(1.56941 0.136122 0)
(1.57541 0.125662 0)
(1.57918 0.113725 0)
(1.57942 0.101384 0)
(1.57409 0.0896391 0)
(1.56339 0.0768598 0)
(1.55779 0.0732834 0)
(1.55612 0.0751332 0)
(1.55567 0.0783071 0)
(1.55698 0.0820079 0)
(1.55799 0.0835722 0)
(1.55787 0.0815384 0)
(1.55536 0.0759411 0)
(1.49982 0.000424844 0)
(1.49599 0.00810434 0)
(1.47236 0.0524135 0)
(1.41714 0.157962 0)
(1.36138 0.280237 0)
(1.33238 0.363556 0)
(1.33285 0.400247 0)
(1.35237 0.410967 0)
(1.37515 0.402667 0)
(1.39772 0.391822 0)
(1.41934 0.376999 0)
(1.44031 0.360076 0)
(1.46045 0.342918 0)
(1.4785 0.325106 0)
(1.4943 0.305436 0)
(1.50873 0.281929 0)
(1.52032 0.25775 0)
(1.52963 0.235125 0)
(1.53884 0.216335 0)
(1.54838 0.202037 0)
(1.55683 0.188825 0)
(1.56312 0.17552 0)
(1.5666 0.162119 0)
(1.56699 0.147737 0)
(1.5633 0.132541 0)
(1.55779 0.121017 0)
(1.55586 0.115927 0)
(1.55594 0.112223 0)
(1.55619 0.108086 0)
(1.5556 0.102377 0)
(1.55382 0.0950772 0)
(1.55089 0.0875826 0)
(1.54637 0.0786138 0)
(1.5 8.93151e-07 0)
(1.49997 7.77301e-05 0)
(1.49917 0.00181319 0)
(1.49235 0.0158641 0)
(1.46875 0.065086 0)
(1.4289 0.152791 0)
(1.39371 0.247428 0)
(1.37788 0.314757 0)
(1.3795 0.348757 0)
(1.39224 0.360618 0)
(1.41195 0.356736 0)
(1.43006 0.347851 0)
(1.44933 0.333906 0)
(1.4664 0.319672 0)
(1.48088 0.305504 0)
(1.49402 0.288926 0)
(1.50544 0.272433 0)
(1.51578 0.257436 0)
(1.52588 0.243173 0)
(1.53548 0.228597 0)
(1.54369 0.213219 0)
(1.54981 0.197718 0)
(1.55329 0.182468 0)
(1.55351 0.167053 0)
(1.55117 0.15203 0)
(1.54907 0.138743 0)
(1.54868 0.127397 0)
(1.54912 0.117342 0)
(1.54933 0.108078 0)
(1.54819 0.0991436 0)
(1.54508 0.0896721 0)
(1.54008 0.0778868 0)
(1.53327 0.0626445 0)
(1.5 1.57438e-10 0)
(1.5 7.82523e-08 0)
(1.5 8.01641e-06 0)
(1.4999 0.000242907 0)
(1.49872 0.00286421 0)
(1.49241 0.0167298 0)
(1.47593 0.0557734 0)
(1.45183 0.119701 0)
(1.43062 0.189897 0)
(1.41961 0.246025 0)
(1.41994 0.281381 0)
(1.42806 0.297514 0)
(1.44006 0.303208 0)
(1.45464 0.297094 0)
(1.46801 0.289207 0)
(1.48229 0.277831 0)
(1.49484 0.264465 0)
(1.5054 0.251354 0)
(1.51522 0.238327 0)
(1.52367 0.225307 0)
(1.53043 0.211469 0)
(1.53526 0.196199 0)
(1.53809 0.179711 0)
(1.53896 0.163188 0)
(1.53858 0.148252 0)
(1.53811 0.135739 0)
(1.53796 0.124852 0)
(1.53762 0.114089 0)
(1.53637 0.101983 0)
(1.53381 0.08733 0)
(1.52935 0.0692988 0)
(1.52246 0.0483184 0)
(1.5138 0.0270058 0)
(1.5 6.01827e-15 0)
(1.5 6.09017e-12 0)
(1.5 3.29296e-09 0)
(1.5 4.09118e-07 0)
(1.49999 1.68306e-05 0)
(1.49988 0.000291553 0)
(1.49901 0.00239955 0)
(1.49543 0.0112422 0)
(1.48709 0.0338413 0)
(1.47495 0.0720513 0)
(1.46346 0.1182 0)
(1.45664 0.161554 0)
(1.45578 0.194311 0)
(1.45898 0.21528 0)
(1.46565 0.225355 0)
(1.47446 0.229979 0)
(1.48634 0.226324 0)
(1.49342 0.22141 0)
(1.50141 0.212986 0)
(1.50829 0.201646 0)
(1.51377 0.188104 0)
(1.51744 0.173175 0)
(1.51941 0.157635 0)
(1.52057 0.142113 0)
(1.52193 0.127164 0)
(1.52347 0.112701 0)
(1.52441 0.097907 0)
(1.5239 0.0817551 0)
(1.52137 0.0635942 0)
(1.51671 0.0438775 0)
(1.51062 0.0249142 0)
(1.50487 0.0104017 0)
(1.50133 0.00268896 0)
(1.5 -7.12017e-16 0)
(1.5 -1.12861e-15 0)
(1.5 1.43171e-13 0)
(1.5 5.56964e-11 0)
(1.5 9.75349e-09 0)
(1.5 5.70366e-07 0)
(1.5 1.34155e-05 0)
(1.49994 0.000160729 0)
(1.4996 0.00108046 0)
(1.49836 0.0045914 0)
(1.49557 0.0134299 0)
(1.4914 0.0293121 0)
(1.487 0.0508446 0)
(1.48376 0.0742563 0)
(1.48276 0.0959115 0)
(1.48446 0.112772 0)
(1.48838 0.124685 0)
(1.49422 0.129289 0)
(1.49748 0.127146 0)
(1.50076 0.122367 0)
(1.50377 0.11463 0)
(1.50598 0.104328 0)
(1.50744 0.0927018 0)
(1.50861 0.0808171 0)
(1.50974 0.0688547 0)
(1.51044 0.0562372 0)
(1.51007 0.0426206 0)
(1.50828 0.0286448 0)
(1.50546 0.0160323 0)
(1.50263 0.00684419 0)
(1.50082 0.00197121 0)
(1.50014 0.000321363 0)
(1.50001 2.32032e-05 0)
(1.5 -6.96534e-16 0)
(1.5 -1.3764e-15 0)
(1.5 -1.03761e-15 0)
(1.5 1.21636e-15 0)
(1.5 4.6109e-13 0)
(1.5 8.88065e-11 0)
(1.5 7.01026e-09 0)
(1.5 2.44498e-07 0)
(1.5 4.17602e-06 0)
(1.49999 4.01414e-05 0)
(1.49992 0.000238648 0)
(1.49971 0.000952113 0)
(1.49924 0.00276129 0)
(1.49848 0.00622584 0)
(1.49767 0.0114105 0)
(1.49715 0.0175447 0)
(1.49726 0.0235149 0)
(1.49809 0.0278215 0)
(1.49892 0.0294461 0)
(1.49958 0.029117 0)
(1.50015 0.0279274 0)
(1.50076 0.0254144 0)
(1.50122 0.0220932 0)
(1.50161 0.0182808 0)
(1.50187 0.0140409 0)
(1.5018 0.00957361 0)
(1.50135 0.0054548 0)
(1.50072 0.00240241 0)
(1.50025 0.00073967 0)
(1.50005 0.000139872 0)
(1.5 1.36854e-05 0)
(1.5 5.49033e-07 0)
(1.5 6.64138e-09 0)
(1.5 3.46674e-16 0)
(1.5 -6.67764e-16 0)
(1.5 -7.56577e-16 0)
(1.5 -6.50486e-16 0)
(1.5 2.06274e-16 0)
(1.5 5.25035e-15 0)
(1.5 3.14421e-13 0)
(1.5 2.8055e-11 0)
(1.5 1.36597e-09 0)
(1.5 3.2966e-08 0)
(1.5 4.40669e-07 0)
(1.5 3.54214e-06 0)
(1.49999 1.90912e-05 0)
(1.49998 7.35437e-05 0)
(1.49996 0.000208634 0)
(1.49992 0.000453438 0)
(1.4999 0.000784815 0)
(1.4999 0.00110681 0)
(1.49993 0.00132968 0)
(1.49996 0.00142491 0)
(1.49998 0.00141019 0)
(1.50001 0.00131598 0)
(1.50005 0.00112853 0)
(1.50007 0.000864529 0)
(1.50008 0.00055909 0)
(1.50006 0.000281991 0)
(1.50003 0.000100557 0)
(1.50001 2.25387e-05 0)
(1.5 2.77076e-06 0)
(1.5 1.59056e-07 0)
(1.5 3.46246e-09 0)
(1.5 2.1908e-11 0)
(1.5 8.80219e-14 0)
(1.5 1.21106e-15 0)
(1.5 -2.97038e-17 0)
(1.5 -8.18199e-16 0)
(1.5 -4.38537e-16 0)
(1.5 6.66672e-16 0)
(1.5 1.93481e-15 0)
(1.5 1.88429e-15 0)
(1.5 2.75859e-15 0)
(1.5 5.59508e-14 0)
(1.5 1.83617e-12 0)
(1.5 5.7792e-11 0)
(1.5 1.01499e-09 0)
(1.5 1.10775e-08 0)
(1.5 7.82434e-08 0)
(1.5 3.61726e-07 0)
(1.5 1.16429e-06 0)
(1.5 2.68775e-06 0)
(1.5 4.68194e-06 0)
(1.5 6.69218e-06 0)
(1.5 8.07961e-06 0)
(1.5 8.42802e-06 0)
(1.5 8.12437e-06 0)
(1.5 6.89235e-06 0)
(1.5 4.71315e-06 0)
(1.5 2.34334e-06 0)
(1.5 7.46684e-07 0)
(1.5 1.31813e-07 0)
(1.5 1.10609e-08 0)
(1.5 3.79245e-10 0)
(1.5 4.67813e-12 0)
(1.5 5.21221e-14 0)
(1.5 1.32005e-15 0)
(1.5 2.38427e-17 0)
(1.5 1.29544e-15 0)
(1.5 2.14691e-16 0)
(1.5 -1.32298e-15 0)
(1.5 -1.11141e-15 0)
(1.5 -2.91686e-16 0)
(1.5 7.16699e-16 0)
(1.5 9.3637e-16 0)
(1.5 8.00408e-16 0)
(1.5 2.46777e-16 0)
(1.5 1.00797e-15 0)
(1.5 3.15839e-15 0)
(1.5 3.67596e-14 0)
(1.5 4.34125e-13 0)
(1.5 5.03088e-12 0)
(1.5 3.82794e-11 0)
(1.5 1.85685e-10 0)
(1.5 5.79065e-10 0)
(1.5 1.28905e-09 0)
(1.5 2.27884e-09 0)
(1.5 3.19903e-09 0)
(1.5 3.60047e-09 0)
(1.5 3.56728e-09 0)
(1.5 2.95204e-09 0)
(1.5 1.70025e-09 0)
(1.5 5.733e-10 0)
(1.5 9.37477e-11 0)
(1.5 6.24327e-12 0)
(1.5 2.36841e-13 0)
(1.5 5.82677e-15 0)
(1.5 1.31696e-16 0)
(1.5 3.60435e-16 0)
(1.5 2.73726e-16 0)
(1.5 -2.40356e-16 0)
(1.5 4.87399e-16 0)
(1.5 -2.91458e-16 0)
(1.5 -6.3334e-16 0)
(1.5 -3.08405e-16 0)
(1.5 -3.5664e-16 0)
(1.5 -4.85745e-16 0)
(1.5 -3.56587e-16 0)
(1.5 -3.50051e-16 0)
(1.5 -5.57289e-17 0)
(1.5 1.90695e-16 0)
(1.5 1.93315e-16 0)
(1.5 -1.81379e-16 0)
(1.5 -7.3493e-16 0)
(1.5 -6.13761e-16 0)
(1.5 1.25897e-15 0)
(1.5 5.19528e-15 0)
(1.5 1.63128e-14 0)
(1.5 3.73182e-14 0)
(1.5 6.97298e-14 0)
(1.5 1.0175e-13 0)
(1.5 1.1815e-13 0)
(1.5 1.17986e-13 0)
(1.5 9.63774e-14 0)
(1.5 5.26203e-14 0)
(1.5 1.57921e-14 0)
(1.5 1.93504e-15 0)
(1.5 -4.17354e-16 0)
(1.5 -6.58773e-16 0)
(1.5 -4.98178e-16 0)
(1.5 -3.00136e-16 0)
(1.5 -9.19441e-17 0)
(1.5 -1.01176e-16 0)
(1.5 2.56735e-16 0)
(1.5 -3.23765e-16 0)
(1.5 -5.55231e-16 0)
(1.5 1.45592e-16 0)
(1.5 4.69437e-16 0)
(1.5 -1.30777e-17 0)
(1.5 -1.20798e-15 0)
(1.5 -9.88117e-16 0)
(1.5 -9.38529e-16 0)
(1.5 3.96567e-16 0)
(1.5 3.33152e-16 0)
(1.5 1.93554e-16 0)
(1.5 6.42367e-16 0)
(1.5 7.11411e-16 0)
(1.5 2.02583e-16 0)
(1.5 -8.73673e-17 0)
(1.5 -6.39967e-17 0)
(1.5 -6.47444e-16 0)
(1.5 -1.12321e-15 0)
(1.5 -2.0259e-15 0)
(1.5 -1.88869e-15 0)
(1.5 -1.26349e-15 0)
(1.5 5.37167e-16 0)
(1.5 9.22457e-16 0)
(1.5 7.83485e-16 0)
(1.5 7.65541e-16 0)
(1.5 -2.21255e-16 0)
(1.5 -9.15109e-16 0)
(1.5 -1.17809e-15 0)
(1.5 -2.75755e-16 0)
(1.5 1.73823e-16 0)
(1.5 -2.72855e-16 0)
(1.5 -6.95198e-17 0)
(1.5 1.10227e-16 0)
(1.5 -3.67243e-16 0)
(1.5 5.17956e-17 0)
(1.5 1.37841e-15 0)
(1.5 1.38522e-15 0)
(1.5 8.06019e-16 0)
(1.5 -2.06741e-16 0)
(1.5 -1.07254e-15 0)
(1.5 -9.62551e-16 0)
(1.5 1.80261e-16 0)
(1.5 9.17244e-16 0)
(1.5 1.10779e-15 0)
(1.5 1.19692e-15 0)
(1.5 9.70702e-16 0)
(1.5 -2.15817e-16 0)
(1.5 -5.85949e-16 0)
(1.5 5.3938e-17 0)
(1.5 -1.41067e-16 0)
(1.5 1.02758e-16 0)
(1.5 -1.19901e-15 0)
(1.5 -1.67571e-15 0)
(1.5 -1.16511e-15 0)
(1.5 7.21248e-16 0)
(1.5 7.51664e-16 0)
(1.5 7.36689e-16 0)
(1.5 1.09549e-15 0)
(1.5 6.18865e-16 0)
(1.5 -6.56413e-16 0)
(1.5 -8.64644e-16 0)
(1.5 -1.27697e-16 0)
(1.5 6.33947e-16 0)
(1.5 1.94983e-16 0)
(1.5 3.2223e-16 0)
(1.5 2.3586e-16 0)
(1.5 3.00606e-16 0)
(1.5 1.01884e-15 0)
(1.5 1.79943e-15 0)
(1.5 1.80449e-15 0)
(1.5 1.14958e-15 0)
(1.5 1.60592e-16 0)
(1.5 -1.37168e-15 0)
(1.5 -1.28731e-15 0)
(1.5 -3.95561e-16 0)
(1.5 3.89001e-16 0)
(1.5 1.01141e-15 0)
(1.5 9.31439e-16 0)
(1.5 6.97365e-16 0)
(1.5 -4.36784e-16 0)
(1.5 -4.19795e-16 0)
(1.5 5.24993e-16 0)
(1.5 5.40155e-16 0)
(1.5 4.56623e-16 0)
(1.5 -1.49842e-16 0)
(1.5 -1.22706e-15 0)
(1.5 -8.74766e-16 0)
(1.5 2.73831e-16 0)
(1.5 4.97412e-16 0)
(1.5 7.84633e-16 0)
(1.5 1.43826e-15 0)
(1.5 1.00042e-15 0)
(1.5 2.91716e-16 0)
(1.5 -6.11368e-18 0)
(1.5 1.13238e-16 0)
(1.5 1.09811e-15 0)
(1.5 7.66685e-16 0)
(1.5 7.95717e-17 0)
(1.5 -2.8611e-17 0)
(1.5 2.13763e-17 0)
(1.5 3.70998e-16 0)
(1.5 4.41162e-16 0)
(1.5 7.13634e-16 0)
(1.5 2.82747e-16 0)
(1.5 3.18447e-16 0)
(1.5 -1.04344e-16 0)
(1.5 -3.02817e-16 0)
(1.5 5.90354e-17 0)
(1.5 1.76564e-17 0)
(1.5 2.30157e-16 0)
(1.5 5.77703e-16 0)
(1.5 7.45664e-16 0)
(1.5 2.2796e-16 0)
(1.5 1.6645e-16 0)
(1.5 3.52918e-16 0)
(1.5 3.07089e-16 0)
(1.5 8.98802e-17 0)
(1.5 -1.79434e-16 0)
(1.5 -1.14626e-15 0)
(1.5 -8.4437e-16 0)
(1.5 -3.14479e-16 0)
(1.5 1.86638e-16 0)
(1.5 3.75675e-16 0)
(1.5 7.63193e-16 0)
(1.5 5.52469e-16 0)
(1.5 4.74771e-16 0)
(1.5 2.77301e-16 0)
(1.5 1.392e-16 0)
(1.5 7.20088e-16 0)
(1.5 8.23936e-16 0)
(1.5 4.30544e-16 0)
(1.5 5.04729e-16 0)
)
;

boundaryField
{
    inlet
    {
        type            fixedValue;
        value           uniform (1.5 0 0);
    }
    outlet
    {
        type            inletOutlet;
        inletValue      nonuniform 0();
        value           nonuniform 0();
    }
    bottom
    {
        type            symmetryPlane;
    }
    top
    {
        type            symmetryPlane;
    }
    obstacle
    {
        type            slip;
    }
    defaultFaces
    {
        type            empty;
    }
    procBoundary2to0
    {
        type            processor;
        value           nonuniform List<vector> 
58
(
(1.5 3.60335e-06 0)
(1.4988 0.00305489 0)
(1.44059 0.0929578 0)
(1.19206 0.36387 0)
(1.04584 0.517316 0)
(1.06126 0.550566 0)
(1.5 1.05087e-16 0)
(1.5 2.05467e-16 0)
(1.5 -9.49143e-17 0)
(1.5 2.0356e-16 0)
(1.5 -8.67034e-17 0)
(1.5 -8.53074e-16 0)
(1.5 -1.04603e-15 0)
(1.5 -4.35408e-16 0)
(1.5 -4.20938e-16 0)
(1.5 -3.76892e-16 0)
(1.5 -5.17874e-16 0)
(1.5 -3.19469e-16 0)
(1.5 2.35799e-16 0)
(1.5 7.07499e-16 0)
(1.5 1.15506e-15 0)
(1.5 6.92363e-16 0)
(1.5 -4.22809e-16 0)
(1.5 1.00041e-15 0)
(1.5 1.00041e-15 0)
(1.09981 0.549676 0)
(1.14723 0.542064 0)
(1.19471 0.525669 0)
(1.24428 0.50189 0)
(1.29391 0.474167 0)
(1.34043 0.446127 0)
(1.38516 0.415656 0)
(1.42629 0.384635 0)
(1.46552 0.351662 0)
(1.49699 0.319652 0)
(1.52826 0.285351 0)
(1.55692 0.24925 0)
(1.57862 0.21789 0)
(1.60074 0.185846 0)
(1.61819 0.154629 0)
(1.63008 0.12469 0)
(1.6422 0.0927107 0)
(1.64995 0.0637635 0)
(1.64877 0.0409353 0)
(1.63489 0.0210732 0)
(1.611 0.00670679 0)
(1.60028 0.00298711 0)
(1.59338 -0.000399527 0)
(1.59062 -0.00428795 0)
(1.58766 -0.00276521 0)
(1.58157 -0.00199598 0)
(1.57436 -0.00151764 0)
(1.56232 -0.00393332 0)
(1.54953 -0.0080635 0)
(1.54454 -0.00939469 0)
(1.54028 -0.00898871 0)
(1.53825 -0.00821614 0)
(1.53844 -0.00483615 0)
)
;
    }
    procBoundary2to1
    {
        type            processor;
        value           nonuniform List<vector> 2((1.54274 0.0183832 0) (1.5504 0.0388143 0));
    }
    procBoundary2to3
    {
        type            processor;
        value           nonuniform List<vector> 
16
(
(1.55458 0.0636121 0)
(1.55077 0.0695323 0)
(1.54016 0.0674738 0)
(1.5243 0.0433186 0)
(1.50571 0.0102926 0)
(1.50017 0.000335298 0)
(1.5 5.36015e-07 0)
(1.5 1.67112e-11 0)
(1.5 -6.17691e-16 0)
(1.5 -7.05226e-16 0)
(1.5 -3.49094e-16 0)
(1.5 -3.3449e-16 0)
(1.5 3.27277e-16 0)
(1.5 6.94026e-16 0)
(1.5 3.32937e-16 0)
(1.5 6.41659e-16 0)
)
;
    }
}


// ************************************************************************* //
