/*--------------------------------*- C++ -*----------------------------------*\
  =========                 |
  \\      /  F ield         | OpenFOAM: The Open Source CFD Toolbox
   \\    /   O peration     | Website:  https://openfoam.org
    \\  /    A nd           | Version:  7
     \\/     M anipulation  |
\*---------------------------------------------------------------------------*/
FoamFile
{
    version     2.0;
    format      ascii;
    class       volScalarField;
    location    "2.3";
    object      rho;
}
// * * * * * * * * * * * * * * * * * * * * * * * * * * * * * * * * * * * * * //

dimensions      [1 -3 0 0 0 0 0];

internalField   nonuniform List<scalar> 
1008
(
1.40001
1.40001
1.40008
1.54782
3.54647
5.37239
1.40001
1.40001
1.40001
1.40001
1.40001
1.40001
1.40001
1.40001
1.40001
1.40001
1.40001
1.40001
1.40001
1.40001
1.40001
1.40001
1.40001
1.40001
1.40001
1.40001
1.40001
1.40138
1.82266
4.1436
1.40001
1.40001
1.40001
1.40001
1.40001
1.40001
1.40001
1.40001
1.40001
1.40001
1.40001
1.40001
1.40001
1.40001
1.40001
1.40001
1.40001
1.40001
1.40001
1.40001
1.40001
1.40001
1.41181
2.14456
1.40001
1.40001
1.40001
1.40001
1.40001
1.40001
1.40001
1.40001
1.40001
1.40001
1.40001
1.40001
1.40001
1.40001
1.40001
1.40001
1.40001
1.40001
1.40001
1.40001
1.40001
1.40001
1.40005
1.43792
1.40001
1.40001
1.40001
1.40001
1.40001
1.40001
1.40001
1.40001
1.40001
1.40001
1.40001
1.40001
1.40001
1.40001
1.40001
1.40001
1.40001
1.40001
1.40001
1.40001
1.40001
1.40001
1.40001
1.40022
1.40001
1.40001
1.40001
1.40001
1.40001
1.40001
1.40001
1.40001
1.40001
1.40001
1.40001
1.40001
1.40001
1.40001
1.40001
1.40001
1.40001
1.40001
1.40001
1.40001
1.40001
1.40001
1.40001
1.40001
1.40001
1.40001
1.40001
1.40001
1.40001
1.40001
1.40001
1.40001
1.40001
1.40001
1.40001
1.40001
1.40001
1.40001
1.40001
1.40001
1.40001
1.40001
1.40001
1.40001
1.40001
1.40001
1.40001
1.40001
1.40001
1.40001
1.40001
1.40001
1.40001
1.40001
1.40001
1.40001
1.40001
1.40001
1.40001
1.40001
1.40001
1.40001
1.40001
1.40001
1.40001
1.40001
1.40001
1.40001
1.40001
1.40001
1.40001
1.40001
1.40001
1.40001
1.40001
1.40001
1.40001
1.40001
1.40001
1.40001
1.40001
1.40001
1.40001
1.40001
1.40001
1.40001
1.40001
1.40001
1.40001
1.40001
1.40001
1.40001
1.40001
1.40001
1.40001
1.40001
1.40001
1.40001
1.40001
1.40001
1.40001
1.40001
1.40001
1.40001
1.40001
1.40001
1.40001
1.40001
1.40001
1.40001
1.40001
1.40001
1.40001
1.40001
1.40001
1.40001
1.40001
1.40001
1.40001
1.40001
1.40001
1.40001
1.40001
1.40001
1.40001
1.40001
1.40001
1.40001
1.40001
1.40001
1.40001
1.40001
1.40001
1.40001
1.40001
1.40001
1.40001
1.40001
1.40001
1.40001
1.40001
1.40001
1.40001
1.40001
1.40001
1.40001
1.40001
1.40001
1.40001
1.40001
1.40001
1.40001
1.40001
1.40001
1.40001
1.40001
1.40001
1.40001
1.40001
1.40001
1.40001
1.40001
1.40001
1.40001
1.40001
1.40001
1.40001
1.40001
1.40001
1.40001
1.40001
1.40001
1.40001
1.40001
1.40001
1.40001
1.40001
1.40001
1.40001
1.40001
1.40001
1.40001
1.40001
1.40001
1.40001
1.40001
1.40001
1.40001
1.40001
1.40001
1.40001
1.40001
1.40001
1.40001
1.40001
1.40001
1.40001
1.40001
1.40001
1.40001
1.40001
1.40001
1.40001
1.40001
1.40001
1.40001
1.40001
1.40001
1.40001
1.40001
1.40001
1.40001
1.40001
1.40001
1.40001
1.40001
1.40001
1.40001
1.40001
1.40001
1.40001
1.40001
1.40001
1.40001
1.40001
1.40001
1.40001
1.40001
1.40001
1.40001
1.40001
1.40001
1.40001
1.40001
1.40001
1.40001
1.40001
1.40001
1.40001
1.40001
1.40001
1.40001
1.40001
1.40001
1.40001
1.40001
1.40001
1.40001
1.40001
1.40001
1.40001
1.40001
1.40001
1.40001
1.40001
1.40001
1.40001
1.40001
1.40001
1.40001
1.40001
1.40001
1.40001
1.40001
1.40001
1.40001
1.40001
1.40001
1.40001
1.40001
1.40001
1.40001
1.40001
1.40001
1.40001
1.40001
1.40001
1.40001
1.40001
1.40001
1.40001
1.40001
1.40001
1.40001
1.40001
1.40001
1.40001
1.40001
1.40001
1.40001
1.40001
1.40001
1.40001
1.40001
1.40001
1.40001
1.40001
1.40001
1.40001
1.40001
1.40001
1.40001
1.40001
1.40001
1.40001
1.40001
1.40001
1.40001
1.40001
1.40001
1.40001
1.40001
5.35244
5.01109
4.61723
4.28598
4.0026
3.73268
3.46353
3.24401
3.0604
2.8785
2.70021
2.53173
2.41648
2.29423
2.17288
2.03986
1.95348
1.88309
1.80267
1.71423
1.6281
1.58366
1.5298
1.47429
1.40947
1.37114
1.3426
1.30263
1.26113
1.21703
1.18646
1.15225
1.11752
5.36805
5.27441
4.88904
4.52333
4.22676
3.93436
3.64566
3.43172
3.233
3.03645
2.83248
2.67434
2.55598
2.42266
2.29551
2.16207
2.07404
1.99109
1.90384
1.80826
1.73165
1.6836
1.62659
1.56308
1.48885
1.45669
1.42285
1.38085
1.33264
1.29219
1.26137
1.22409
1.18694
4.47505
5.32023
5.16403
4.78387
4.44699
4.12448
3.83706
3.62389
3.40773
3.19168
2.96882
2.8335
2.70054
2.55628
2.41078
2.28195
2.20415
2.10809
2.01205
1.90714
1.83453
1.7819
1.71886
1.65014
1.58063
1.54538
1.50393
1.45631
1.39672
1.35919
1.32859
1.29157
1.25376
2.43605
4.65179
5.28031
5.09322
4.72987
4.34567
4.04923
3.8248
3.60106
3.35755
3.13638
3.00435
2.85002
2.69937
2.53261
2.42114
2.33458
2.22408
2.12122
2.01135
1.95021
1.888
1.81573
1.73447
1.67141
1.63599
1.58771
1.53368
1.46864
1.4335
1.39981
1.36217
1.32008
1.47644
2.66624
4.73997
5.23438
5.06121
4.65283
4.2994
4.04984
3.80933
3.5273
3.3286
3.18434
3.01443
2.84572
2.66153
2.56785
2.46481
2.34705
2.23041
2.12223
2.06639
1.9928
1.91459
1.8273
1.76807
1.72479
1.66971
1.60503
1.54091
1.51123
1.47531
1.43721
1.38885
1.40062
1.5186
2.81984
4.76564
5.19625
5.021
4.62971
4.32265
4.03895
3.72871
3.54248
3.37196
3.19389
2.99154
2.81573
2.72617
2.60066
2.47718
2.33808
2.24877
2.19054
2.10187
2.01472
1.91894
1.86729
1.8176
1.75514
1.68326
1.62194
1.58908
1.55266
1.5086
1.45138
1.40001
1.40127
1.55272
2.89695
4.73711
5.15916
5.00164
4.67605
4.31067
3.96966
3.77607
3.58352
3.38948
3.13982
2.98858
2.88846
2.7516
2.61721
2.45886
2.38666
2.31236
2.21288
2.11291
2.01687
1.97367
1.91333
1.8424
1.76223
1.70756
1.67614
1.63257
1.57031
1.57876
1.40001
1.40001
1.40192
1.57459
2.88769
4.6862
5.12362
5.02928
4.68143
4.26959
4.02999
3.82047
3.59496
3.32219
3.19128
3.06582
2.91778
2.75856
2.59708
2.5287
2.44062
2.33826
2.21227
2.12576
2.08401
2.01305
1.93647
1.84719
1.8028
1.76504
1.70102
1.71372
2.1016
1.40001
1.40001
1.40001
1.40249
1.57493
2.81895
4.60854
5.07464
5.02758
4.67934
4.3447
4.1024
3.81999
3.55845
3.4212
3.25222
3.09326
2.90983
2.75378
2.68507
2.58495
2.47021
2.32972
2.24714
2.1977
2.12539
2.03324
1.93938
1.90201
1.84389
1.86547
2.29782
3.49857
1.40001
1.40001
1.40001
1.40001
1.40254
1.55643
2.70662
4.48058
5.00034
4.98721
4.74048
4.44721
4.06272
3.81502
3.66076
3.47985
3.30011
3.06029
2.94665
2.86585
2.73042
2.60564
2.46369
2.38196
2.32787
2.2478
2.13386
2.04862
1.98776
2.03602
2.58438
3.86416
4.50523
1.40001
1.40001
1.40001
1.40001
1.40001
1.40208
1.53076
2.55812
4.22421
4.97655
5.0117
4.84404
4.45841
4.08265
3.8926
3.74456
3.52809
3.26469
3.16629
3.04512
2.89783
2.75947
2.59908
2.53531
2.47231
2.36492
2.25448
2.16126
2.23876
2.94146
4.30853
4.94856
4.79562
1.40001
1.40001
1.40001
1.40001
1.40001
1.40001
1.4015
1.50383
2.31529
4.06156
4.91435
4.98274
4.84077
4.45459
4.18945
4.00648
3.73124
3.49301
3.39148
3.25539
3.10891
2.91052
2.74615
2.70443
2.60678
2.49899
2.41023
2.56439
3.48304
4.8009
5.42995
5.2887
5.04102
1.40001
1.40001
1.40001
1.40001
1.40001
1.40001
1.40001
1.40121
1.46183
2.12781
3.77828
4.7291
4.97911
4.8689
4.57153
4.31016
3.97119
3.73705
3.62321
3.48123
3.31798
3.07041
2.94748
2.8754
2.73537
2.74816
3.08596
4.3548
5.57402
5.88526
5.67877
5.40749
5.17314
1.40001
1.40001
1.40001
1.40001
1.40001
1.40001
1.40001
1.40001
1.40055
1.43398
1.99612
3.32288
4.63314
4.97919
4.92569
4.69927
4.30897
3.98847
3.85774
3.74816
3.56008
3.2424
3.15949
3.07147
3.18263
3.96147
5.57047
6.60805
6.74412
6.45566
6.03002
5.67968
5.4276
1.40001
1.40001
1.40001
1.40001
1.40001
1.40001
1.40001
1.40001
1.40001
1.4002
1.42644
1.76309
2.88762
4.55389
4.93032
4.85244
4.66739
4.31149
4.09266
3.95964
3.7953
3.51387
3.45681
3.90263
5.30935
7.04421
7.6776
7.48363
7.07629
6.64499
6.28056
5.98241
5.74515
1.40001
1.40001
1.40001
1.40001
1.40001
1.40001
1.40001
1.40001
1.40001
1.40001
1.40015
1.41042
1.57621
2.72848
4.21409
4.63875
4.8218
4.72907
4.52232
4.32841
4.12336
4.31643
5.30222
7.20183
8.69679
9.12779
8.83814
8.19093
7.47519
6.90864
6.49271
6.176
5.93449
1.40001
1.40001
1.40001
1.40001
1.40001
1.40001
1.40001
1.40001
1.40001
1.40001
1.40001
1.40004
1.40295
1.52571
2.4396
3.60664
4.48269
5.0629
5.19568
5.5055
6.43746
7.99406
9.16371
9.60692
9.51778
9.20501
8.7158
8.25013
7.82607
7.4032
6.96976
6.57279
6.28691
1.40001
1.40001
1.40001
1.40001
1.40001
1.40001
1.40001
1.40001
1.40001
1.40001
1.40001
1.40001
1.40001
1.40149
1.48702
2.01933
3.27906
5.78135
8.69225
11.1742
13.1269
13.7677
13.2032
11.7619
10.1464
8.91092
8.22923
7.90484
7.69521
7.41592
6.9628
6.48555
6.15532
)
;

boundaryField
{
    inlet
    {
        type            calculated;
        value           uniform 1.40001;
    }
    outlet
    {
        type            calculated;
        value           nonuniform 0();
    }
    bottom
    {
        type            symmetryPlane;
    }
    top
    {
        type            symmetryPlane;
    }
    obstacle
    {
        type            calculated;
        value           nonuniform 0();
    }
    defaultFaces
    {
        type            empty;
    }
    procBoundary2to0
    {
        type            processor;
        value           nonuniform List<scalar> 
58
(
1.40001
1.40001
1.42443
2.76783
5.1939
5.52737
1.40001
1.40001
1.40001
1.40001
1.40001
1.40001
1.40001
1.40001
1.40001
1.40001
1.40001
1.40001
1.40001
1.40001
1.40001
1.40001
1.40001
1.40001
1.40001
5.15293
4.75754
4.39348
4.06279
3.78887
3.53324
3.28081
3.05686
2.89191
2.72218
2.55479
2.37973
2.2633
2.15738
2.04898
1.93376
1.83678
1.7724
1.69531
1.61968
1.53849
1.49084
1.44379
1.39103
1.33475
1.28812
1.26084
1.22551
1.18685
1.144
1.11505
1.0878
1.05815
)
;
    }
    procBoundary2to1
    {
        type            processor;
        value           nonuniform List<scalar> 2(1.07783 1.14757);
    }
    procBoundary2to3
    {
        type            processor;
        value           nonuniform List<scalar> 
16
(
1.21552
1.28178
1.34036
1.46267
1.94815
3.19201
4.06179
4.35797
4.54346
4.78557
4.9798
5.25076
5.57337
5.75403
6.08939
5.96248
)
;
    }
}


// ************************************************************************* //
