/*--------------------------------*- C++ -*----------------------------------*\
  =========                 |
  \\      /  F ield         | OpenFOAM: The Open Source CFD Toolbox
   \\    /   O peration     | Website:  https://openfoam.org
    \\  /    A nd           | Version:  7
     \\/     M anipulation  |
\*---------------------------------------------------------------------------*/
FoamFile
{
    version     2.0;
    format      ascii;
    class       volScalarField;
    location    "2.4";
    object      T;
}
// * * * * * * * * * * * * * * * * * * * * * * * * * * * * * * * * * * * * * //

dimensions      [0 0 0 1 0 0 0];

internalField   nonuniform List<scalar> 
1008
(
1.00166
1.26169
1.38784
1.39679
1.39977
1.40251
1.40594
1.41108
1.4175
1.42393
1.42942
1.43422
1.43903
1.44427
1.44987
1.45526
1.46013
1.46479
1.46962
1.47512
1.48226
1.492
1.5019
1.50739
1.00092
1.25804
1.38693
1.3968
1.3996
1.40224
1.40559
1.41069
1.4171
1.42347
1.42888
1.43357
1.4383
1.44348
1.449
1.45429
1.45904
1.4636
1.46837
1.47378
1.48077
1.49028
1.49992
1.50515
1.00001
1.25079
1.38634
1.39661
1.39895
1.40138
1.40467
1.40985
1.41635
1.42267
1.42789
1.43237
1.43696
1.44206
1.44749
1.45263
1.45718
1.46155
1.46616
1.47144
1.47834
1.4878
1.49725
1.50248
1
1.23992
1.38587
1.39621
1.39779
1.39989
1.40321
1.40868
1.41538
1.42157
1.42641
1.43053
1.4349
1.43989
1.44521
1.45014
1.45442
1.45854
1.46298
1.46813
1.47493
1.48404
1.49264
1.49722
1
1.22544
1.38525
1.39525
1.39588
1.3977
1.40129
1.40729
1.41426
1.42019
1.42445
1.42805
1.43211
1.43699
1.4422
1.44687
1.45077
1.45443
1.45836
1.46281
1.46885
1.47717
1.48489
1.48989
1
1.20742
1.38376
1.39318
1.39316
1.39499
1.39921
1.40593
1.41309
1.4185
1.42194
1.42489
1.42863
1.4334
1.4385
1.44283
1.44621
1.44922
1.45253
1.45642
1.4621
1.46967
1.47491
1.47503
1
1.18608
1.37994
1.38962
1.38972
1.39222
1.39743
1.40479
1.41178
1.41632
1.41879
1.4211
1.42454
1.42925
1.43418
1.43807
1.44081
1.4431
1.44547
1.44813
1.45146
1.45409
1.45614
1.45583
1
1.16084
1.37278
1.38484
1.38601
1.38993
1.39625
1.40383
1.41011
1.41343
1.41494
1.41673
1.41999
1.42463
1.42931
1.43262
1.43459
1.43607
1.43715
1.43769
1.43783
1.43854
1.44249
1.45323
1
1.13051
1.36032
1.37927
1.38281
1.38863
1.39562
1.40261
1.40755
1.40958
1.41043
1.41196
1.41517
1.41971
1.42399
1.42655
1.42778
1.42829
1.42741
1.42574
1.42186
1.4144
1.39363
1.34904
1
1.09593
1.34149
1.374
1.38093
1.38821
1.39493
1.40044
1.40373
1.40483
1.4055
1.40708
1.41026
1.4145
1.41816
1.42001
1.42048
1.41948
1.41672
1.41235
1.40433
1.3875
1.36154
1.28389
1
1.05954
1.31648
1.37087
1.38079
1.3882
1.39337
1.3966
1.39852
1.39947
1.40054
1.40247
1.40543
1.40902
1.41176
1.41294
1.41267
1.40995
1.4055
1.39836
1.38728
1.36519
1.33347
1.24281
1
1.02341
1.28384
1.37059
1.38156
1.3869
1.38965
1.39101
1.39254
1.39417
1.39609
1.39839
1.40068
1.40313
1.40478
1.40525
1.40405
1.40001
1.39405
1.38475
1.37116
1.3479
1.31234
1.23006
1
1.00212
1.24295
1.37172
1.38157
1.38281
1.38383
1.38468
1.38677
1.38961
1.39252
1.39467
1.39597
1.39685
1.39717
1.39673
1.39468
1.38983
1.38278
1.37252
1.35781
1.3353
1.30013
1.23476
1
1.00004
1.19418
1.36967
1.37811
1.37697
1.37762
1.37922
1.38249
1.38632
1.38947
1.39089
1.39095
1.39038
1.38917
1.38759
1.38497
1.38019
1.37332
1.36383
1.34988
1.32892
1.29633
1.24534
1
1
1.13978
1.35608
1.37156
1.37101
1.37273
1.37595
1.38007
1.38379
1.38615
1.38633
1.38562
1.3836
1.38101
1.37879
1.37662
1.37346
1.36848
1.36049
1.34806
1.33047
1.30403
1.26868
1
1
1.08276
1.32764
1.36379
1.36699
1.37071
1.3747
1.37835
1.38092
1.38176
1.38101
1.37946
1.37643
1.37371
1.37253
1.37239
1.37155
1.36931
1.36509
1.35711
1.34492
1.32646
1.30199
1
1
1.03052
1.28636
1.35776
1.36523
1.36988
1.37344
1.37585
1.37679
1.37624
1.37482
1.37266
1.37033
1.3695
1.37057
1.37327
1.378
1.38156
1.38242
1.37648
1.36408
1.3474
1.32477
1
1
1.00311
1.23164
1.35372
1.36494
1.36853
1.37071
1.37116
1.37082
1.36973
1.36833
1.36719
1.36767
1.36942
1.37551
1.38624
1.39663
1.40078
1.39846
1.38869
1.37404
1.35705
1.33556
1
1
1.00009
1.16459
1.34396
1.36423
1.36528
1.36558
1.36506
1.36415
1.36305
1.36319
1.36507
1.36875
1.37904
1.39496
1.4074
1.41212
1.41055
1.40344
1.39167
1.37769
1.36123
1.34225
1
1
1
1.09162
1.31935
1.3614
1.36051
1.36041
1.35956
1.35797
1.35801
1.36048
1.36629
1.38178
1.40257
1.41656
1.42046
1.41779
1.41077
1.40201
1.39083
1.37857
1.36389
1.34807
1
1
1
1.02708
1.27487
1.35579
1.356
1.35599
1.35505
1.3542
1.35554
1.36196
1.381
1.40726
1.42382
1.42709
1.42376
1.41694
1.40898
1.40021
1.3903
1.37928
1.36629
1.35298
1
1
1
1.0023
1.20834
1.34539
1.35163
1.35161
1.35104
1.35197
1.35724
1.37751
1.40779
1.4275
1.43214
1.42938
1.42305
1.416
1.40814
1.3992
1.38975
1.37944
1.36813
1.35659
1
1
1
1.00006
1.1271
1.32624
1.34858
1.34715
1.34739
1.35233
1.37262
1.40577
1.42857
1.43552
1.43323
1.42754
1.42135
1.41463
0.924597
0.669374
0.606461
0.624198
0.648681
0.712524
0.789723
0.868691
0.917724
0.942652
0.943474
0.949931
0.978705
1.03117
1.0981
1.16881
1.23254
1.28141
1.31406
1.33142
1.34433
1.35748
1.3652
1.36491
1.36129
1.35564
1.35077
1.3538
1.35479
1.35104
1.34281
1.33531
1.33157
1.05276
0.890906
0.832825
0.782758
0.737058
0.724836
0.734793
0.7523
0.771801
0.79653
0.82825
0.864984
0.915936
0.983165
1.04122
1.08244
1.11942
1.15435
1.20021
1.24839
1.2771
1.29851
1.31321
1.32347
1.33066
1.32818
1.32585
1.32933
1.33244
1.33155
1.32769
1.32109
1.31668
1.10736
0.991954
0.916691
0.875647
0.829973
0.768786
0.745252
0.732299
0.732949
0.745682
0.78689
0.835678
0.878039
0.916607
0.93764
0.965186
0.994341
1.02154
1.06367
1.11998
1.1695
1.20895
1.24476
1.26608
1.28137
1.28893
1.29171
1.29099
1.29045
1.28998
1.28863
1.28545
1.28117
1.13916
1.05738
0.977771
0.935819
0.90486
0.857061
0.815982
0.809503
0.801833
0.805208
0.835797
0.847218
0.85716
0.868121
0.881958
0.900485
0.925986
0.948565
0.975406
1.01452
1.05873
1.10491
1.15328
1.18834
1.21356
1.23824
1.25265
1.25437
1.25398
1.25523
1.25445
1.25181
1.24779
1.16711
1.10584
1.0398
0.993504
0.966431
0.930778
0.90608
0.905004
0.89218
0.890693
0.907989
0.905704
0.901339
0.898197
0.89248
0.893777
0.899323
0.906483
0.915471
0.931297
0.95627
0.992355
1.0435
1.10314
1.15517
1.19597
1.21959
1.22582
1.22813
1.23419
1.23989
1.23941
1.23379
1.19576
1.1509
1.10034
1.06553
1.04463
1.01167
0.994695
0.994853
0.977476
0.96381
0.964586
0.957408
0.943068
0.932996
0.919048
0.911163
0.914128
0.912488
0.913995
0.917592
0.921956
0.930017
0.945507
0.980326
1.03933
1.10495
1.16166
1.20127
1.21349
1.22152
1.23009
1.23216
1.2297
1.23569
1.20552
1.16616
1.13782
1.12075
1.08934
1.06323
1.05446
1.03896
1.01529
1.0048
0.996853
0.978238
0.968962
0.960236
0.948109
0.945514
0.94049
0.933431
0.932479
0.92985
0.929548
0.930812
0.932276
0.938909
0.965285
1.02319
1.09884
1.16878
1.20523
1.22199
1.22906
1.22985
1.27766
1.25288
1.21809
1.18988
1.16939
1.14286
1.11313
1.09385
1.08034
1.05882
1.03735
1.02948
1.01591
1.00263
0.996301
0.984481
0.974637
0.970674
0.960591
0.952948
0.948582
0.942244
0.939301
0.935564
0.934597
0.93354
0.937031
0.958491
1.01998
1.10097
1.17154
1.20447
1.22036
1.30273
1.27888
1.24869
1.22298
1.20041
1.17684
1.15047
1.12404
1.10845
1.09515
1.07316
1.05705
1.04795
1.0338
1.02637
1.01854
1.00457
0.996793
0.990168
0.979031
0.973907
0.967401
0.959609
0.953289
0.947044
0.941639
0.935837
0.934396
0.936647
0.953999
1.00802
1.08739
1.15664
1.31577
1.2939
1.26736
1.24434
1.22357
1.20092
1.17873
1.15418
1.13309
1.12142
1.10694
1.08607
1.07494
1.06315
1.05219
1.04518
1.03426
1.01905
1.01177
1.00333
0.994315
0.988557
0.980575
0.972078
0.963049
0.955828
0.948931
0.942355
0.935749
0.931049
0.931452
0.944811
0.994984
1.3244
1.3042
1.2808
1.26034
1.24244
1.22104
1.19982
1.18046
1.1592
1.14268
1.13172
1.11501
1.09821
1.08778
1.0757
1.06703
1.05842
1.04498
1.03034
1.02303
1.01442
1.00689
0.999953
0.991572
0.982765
0.974631
0.967069
0.959579
0.951145
0.940301
0.930333
0.929488
0.930148
1.33221
1.31369
1.29275
1.2737
1.25714
1.23763
1.21619
1.1994
1.18317
1.16461
1.15093
1.13821
1.12054
1.10793
1.09743
1.08675
1.07777
1.06755
1.05262
1.03948
1.03204
1.02389
1.01592
1.00774
0.99932
0.990623
0.982634
0.975011
0.966415
0.955579
0.943419
0.934622
0.928901
1.33888
1.32196
1.30297
1.28525
1.26874
1.25053
1.23057
1.21409
1.20135
1.18596
1.1686
1.15506
1.14035
1.12607
1.11609
1.10571
1.09436
1.08424
1.07316
1.05881
1.04611
1.0384
1.03061
1.02221
1.0138
1.00529
0.996645
0.988415
0.980079
0.971199
0.96066
0.94954
0.940547
1.34374
1.32831
1.31125
1.29488
1.27873
1.26073
1.2428
1.22765
1.21507
1.20262
1.18647
1.16966
1.15669
1.14386
1.13165
1.12139
1.11023
1.09818
1.08791
1.07718
1.06431
1.05186
1.04326
1.03534
1.02709
1.0186
1.00977
1.00074
0.991888
0.983094
0.973811
0.964696
0.956415
)
;

boundaryField
{
    inlet
    {
        type            fixedValue;
        value           uniform 1;
    }
    outlet
    {
        type            inletOutlet;
        inletValue      nonuniform 0();
        value           nonuniform 0();
    }
    bottom
    {
        type            symmetryPlane;
    }
    top
    {
        type            symmetryPlane;
    }
    obstacle
    {
        type            zeroGradient;
    }
    defaultFaces
    {
        type            empty;
    }
    procBoundary0to1
    {
        type            processor;
        value           nonuniform List<scalar> 
14
(
1.33039
1.31402
1.27866
1.24157
1.22538
1.22361
1.226
1.22608
1.19533
1.07639
0.942978
0.928512
0.9335
0.94821
)
;
    }
    procBoundary0to2
    {
        type            processor;
        value           nonuniform List<scalar> 
58
(
1.40723
1.39918
1.39041
1.38036
1.36979
1.35872
1
1
1
1
1.0474
1.28366
1.34477
1.34269
1.34478
1.36381
1.40202
1.42878
1.43794
1.43651
1.43149
1.42573
1.41995
1.40723
1.41368
1.34623
1.332
1.31702
1.30254
1.28763
1.27053
1.2539
1.24015
1.22777
1.21511
1.20132
1.18501
1.1702
1.15869
1.14718
1.13501
1.12295
1.1107
1.09961
1.09047
1.08098
1.06988
1.05695
1.04544
1.03708
1.02938
1.02131
1.01262
1.00281
0.991857
0.981907
0.974653
0.968457
)
;
    }
}


// ************************************************************************* //
