/*--------------------------------*- C++ -*----------------------------------*\
  =========                 |
  \\      /  F ield         | OpenFOAM: The Open Source CFD Toolbox
   \\    /   O peration     | Website:  https://openfoam.org
    \\  /    A nd           | Version:  7
     \\/     M anipulation  |
\*---------------------------------------------------------------------------*/
FoamFile
{
    version     2.0;
    format      ascii;
    class       volScalarField;
    location    "2.6";
    object      rho;
}
// * * * * * * * * * * * * * * * * * * * * * * * * * * * * * * * * * * * * * //

dimensions      [1 -3 0 0 0 0 0];

internalField   nonuniform List<scalar> 
4608
(
1.61592
1.60224
1.58512
1.56946
1.55101
1.53679
1.53185
1.52647
1.51661
1.50634
1.4925
1.47052
1.45811
1.44777
1.43689
1.43048
1.42158
1.41123
1.40635
1.39873
1.38702
1.37255
1.35252
1.34061
1.33828
1.3352
1.32747
1.3204
1.31407
1.30215
1.28748
1.27673
1.2673
1.25944
1.25158
1.24753
1.24433
1.23919
1.23304
1.22282
1.20662
1.19346
1.18671
1.18129
1.17681
1.17539
1.17488
1.18017
1.19051
1.22841
1.31917
1.44772
1.67745
1.94691
2.13703
2.38887
2.53656
2.5764
2.60887
2.62079
2.62683
2.61079
2.57586
2.53456
2.48462
2.45382
2.4411
2.43281
2.42353
2.41104
2.39413
2.37821
2.37165
2.36779
2.3668
2.36327
2.35484
2.34359
2.32791
2.3106
2.2964
2.28376
2.27193
2.26049
2.24807
2.23321
2.2138
2.19696
2.1885
2.18079
2.17291
2.16495
2.15608
2.14504
2.13293
2.12514
2.11962
2.11476
2.10851
2.10068
2.09172
2.081
2.06984
2.06366
2.0579
2.04987
2.04292
2.03574
2.02525
2.01341
2.00799
2.00601
2.00206
1.99608
1.99447
1.99241
1.98963
1.98974
1.99056
1.98566
1.98153
1.98063
1.98099
1.97748
1.97619
1.97497
1.96843
1.96348
1.96236
1.96046
1.9598
1.9617
1.96582
1.96623
1.96538
1.96656
1.97005
1.97259
1.97926
1.99148
2.00263
2.01069
2.02131
2.03242
2.03856
2.04375
2.05284
2.06738
2.07405
2.07723
2.0852
2.09518
2.09618
2.09827
2.10412
2.11387
2.11668
2.11419
2.11272
2.113
2.11721
2.1214
2.11808
2.11437
2.11506
2.11776
2.12125
2.12504
2.12433
2.12282
2.12317
2.1253
2.12507
2.12143
2.12034
2.12162
2.12421
2.12817
2.13172
2.13035
2.12541
2.12231
2.12168
2.12186
2.12262
2.1265
2.13973
2.16768
2.20889
2.2549
2.31339
2.38236
2.46191
2.5618
2.65338
2.73659
2.84685
2.94883
3.00401
3.05813
3.13522
3.20933
3.22651
3.24111
3.27659
3.319
3.32713
3.32754
3.34855
3.37109
3.37235
3.38019
3.39344
3.39859
3.39659
3.38968
3.37777
3.36261
3.34525
3.3265
3.30592
3.286
3.26763
3.25137
3.23668
3.22246
3.20867
3.19328
3.17787
3.1614
3.14426
3.1293
3.11704
3.10617
3.09648
3.08792
3.0782
3.06792
3.05754
3.0477
3.0387
3.02968
3.0216
3.01183
3.0023
2.99153
2.97938
2.96662
2.95558
2.94677
2.9382
2.92893
2.91879
2.90861
2.89703
2.88434
2.87117
2.86042
2.85205
2.8438
2.83427
2.82415
2.81458
2.80416
2.79388
2.78227
2.77287
2.76573
2.75763
2.74817
2.73565
2.72419
2.71506
2.70597
2.69817
2.68943
2.6808
2.67116
2.6594
2.64848
2.63906
2.63243
2.62662
2.62015
2.61174
2.59876
2.58592
2.57039
1.70681
1.68579
1.66212
1.64185
1.63442
1.63091
1.62342
1.61256
1.60042
1.58108
1.56188
1.54705
1.53516
1.52553
1.51338
1.50633
1.50238
1.49465
1.48305
1.46722
1.44487
1.42991
1.4234
1.41853
1.4137
1.40933
1.40065
1.38879
1.37748
1.36375
1.34986
1.33637
1.33012
1.32724
1.32345
1.31841
1.31274
1.30168
1.28583
1.27285
1.26136
1.25501
1.25527
1.25978
1.27775
1.31325
1.40479
1.54601
1.73008
2.04805
2.28642
2.47726
2.70918
2.80908
2.82192
2.81247
2.79557
2.77788
2.76062
2.72779
2.69521
2.6554
2.60458
2.57771
2.56736
2.56355
2.55792
2.54947
2.53983
2.52425
2.5114
2.50449
2.49803
2.49106
2.48081
2.46866
2.4537
2.43384
2.41293
2.39878
2.38736
2.376
2.36394
2.35067
2.33484
2.3167
2.30524
2.29732
2.28937
2.2803
2.26997
2.25774
2.24267
2.23124
2.22342
2.215
2.20593
2.19663
2.18632
2.17278
2.15779
2.14866
2.14062
2.13191
2.12336
2.11509
2.10626
2.09478
2.08312
2.07688
2.07138
2.06555
2.05853
2.05058
2.04306
2.03517
2.02826
2.02347
2.01709
2.00723
2.00076
1.99454
1.98397
1.97757
1.97415
1.96706
1.96181
1.9598
1.95302
1.94604
1.94392
1.9421
1.93894
1.93827
1.93888
1.94045
1.94441
1.94589
1.94169
1.93368
1.92713
1.92451
1.92502
1.92619
1.92356
1.92072
1.91695
1.91495
1.91626
1.91772
1.9186
1.92264
1.92539
1.92561
1.92862
1.93671
1.9485
1.95725
1.96461
1.97219
1.98202
1.99649
2.00392
2.00759
2.01211
2.0183
2.02641
2.03427
2.03961
2.04391
2.05029
2.06224
2.06552
2.06231
2.06012
2.06024
2.0614
2.06462
2.06941
2.06856
2.06618
2.06549
2.06668
2.06617
2.06221
2.06176
2.0635
2.0661
2.07161
2.07988
2.08615
2.09479
2.11113
2.13085
2.15509
2.18669
2.23951
2.30694
2.38021
2.45425
2.53029
2.6258
2.73843
2.8105
2.87709
2.98701
3.06706
3.10175
3.15465
3.23096
3.25123
3.26118
3.29836
3.32766
3.32657
3.33573
3.36181
3.36804
3.36763
3.37821
3.39037
3.3899
3.39089
3.38807
3.38115
3.36925
3.35158
3.3302
3.30953
3.29189
3.27229
3.25254
3.23638
3.22129
3.20441
3.1903
3.17583
3.15803
3.14091
3.12805
3.11624
3.10282
3.092
3.08218
3.07155
3.05969
3.049
3.03951
3.03016
3.02113
3.01359
3.00556
2.99553
2.9843
2.97393
2.96356
2.95182
2.94035
2.93058
2.92196
2.91209
2.90042
2.88976
2.88068
2.8707
2.86026
2.84863
2.83835
2.82904
2.81776
2.8056
2.79262
2.78308
2.77475
2.76628
2.75585
2.74502
2.73401
2.72252
2.7119
2.70241
2.69451
2.68821
2.68238
2.6744
2.66208
2.64714
2.62871
1.79456
1.76121
1.74175
1.73702
1.73307
1.72294
1.71172
1.69946
1.68212
1.66077
1.64129
1.62668
1.61194
1.60422
1.60039
1.59467
1.58557
1.57362
1.55194
1.52395
1.51495
1.51058
1.50496
1.49551
1.48687
1.48218
1.47493
1.46162
1.43941
1.41876
1.41201
1.40816
1.4046
1.40055
1.39473
1.38476
1.37454
1.36011
1.34324
1.34246
1.35448
1.39185
1.47148
1.64717
1.84477
2.10302
2.46334
2.65363
2.82122
2.99093
3.06713
3.06368
3.02375
2.97478
2.93973
2.91054
2.88232
2.85451
2.82341
2.78195
2.73618
2.7185
2.71031
2.70681
2.70443
2.69793
2.68778
2.6713
2.6548
2.64438
2.6347
2.62513
2.61349
2.59969
2.58275
2.56109
2.54057
2.52761
2.51646
2.50532
2.49348
2.48037
2.46476
2.44688
2.4344
2.42548
2.41693
2.40771
2.39737
2.3854
2.37116
2.35586
2.3445
2.33597
2.32705
2.31734
2.30742
2.29676
2.28458
2.27037
2.25895
2.2513
2.24345
2.23414
2.22382
2.21376
2.20351
2.19172
2.18118
2.17378
2.16584
2.15575
2.14439
2.13461
2.12451
2.11132
2.10249
2.09608
2.08738
2.07789
2.06909
2.0575
2.04475
2.03807
2.03112
2.0232
2.01783
2.01385
2.00842
2.00048
1.98882
1.97896
1.97325
1.96639
1.96071
1.95794
1.95302
1.94704
1.94229
1.93518
1.92313
1.91642
1.91452
1.91049
1.90203
1.8987
1.89932
1.89742
1.89285
1.89202
1.89227
1.89405
1.89632
1.89826
1.89639
1.89163
1.88591
1.88137
1.87919
1.87807
1.88078
1.88465
1.88342
1.8816
1.87733
1.8732
1.87069
1.8692
1.86997
1.87627
1.88851
1.9019
1.90544
1.90604
1.90833
1.91291
1.9195
1.92672
1.93339
1.94195
1.95148
1.9659
1.97637
1.97642
1.97636
1.9792
1.98709
1.98754
1.98415
1.98335
1.98418
1.99073
2.00136
2.00744
2.00915
2.0083
2.01003
2.01602
2.02776
2.04281
2.06343
2.09205
2.13108
2.18441
2.23634
2.2928
2.37672
2.4553
2.52277
2.62866
2.73328
2.79499
2.87884
2.99103
3.03482
3.07877
3.16622
3.21317
3.22604
3.26071
3.30093
3.30279
3.30926
3.33722
3.35116
3.34846
3.34909
3.35949
3.36054
3.36454
3.37443
3.37482
3.37074
3.36365
3.35032
3.33218
3.31347
3.29385
3.27234
3.25401
3.23884
3.22111
3.20186
3.18682
3.17359
3.15591
3.13843
3.12592
3.11345
3.09895
3.08513
3.07374
3.06039
3.04797
3.03717
3.02921
3.01894
3.00856
2.99877
2.99052
2.98079
2.97038
2.96021
2.95219
2.9441
2.935
2.92455
2.91365
2.90351
2.89235
2.88017
2.86732
2.85661
2.84831
2.83908
2.82823
2.81565
2.8024
2.79173
2.78065
2.76997
2.76148
2.75214
2.74528
2.73803
2.7264
2.7136
2.69344
1.87355
1.85027
1.84442
1.83698
1.82663
1.81642
1.80377
1.78921
1.76892
1.7446
1.7203
1.70592
1.70073
1.69762
1.69065
1.67996
1.66483
1.64607
1.62491
1.60682
1.59281
1.58607
1.58267
1.57757
1.57033
1.56168
1.54657
1.51751
1.49991
1.49444
1.49014
1.48416
1.47492
1.4712
1.46965
1.46173
1.46009
1.48459
1.55349
1.694
1.97389
2.23346
2.54832
2.9249
3.06732
3.15679
3.23369
3.28414
3.29611
3.26447
3.20312
3.12545
3.06114
3.02599
3.00737
2.9916
2.96777
2.93755
2.8976
2.87088
2.86068
2.85641
2.85887
2.85644
2.84554
2.83008
2.80749
2.78849
2.77595
2.76488
2.75359
2.73983
2.72412
2.70445
2.68041
2.66365
2.65233
2.64203
2.63106
2.61891
2.60512
2.58772
2.56998
2.55886
2.5495
2.53967
2.52917
2.51809
2.50506
2.48869
2.47454
2.46362
2.45353
2.44401
2.43397
2.42306
2.41048
2.39495
2.38399
2.37511
2.36504
2.35545
2.34625
2.33541
2.32108
2.3072
2.29833
2.2893
2.28043
2.27231
2.26341
2.25213
2.23746
2.22654
2.21803
2.20824
2.2004
2.19413
2.18688
2.17847
2.16798
2.15275
2.1402
2.13319
2.12549
2.11635
2.10955
2.104
2.09753
2.08931
2.07834
2.0656
2.05332
2.04279
2.03135
2.02239
2.01752
2.01341
2.0075
1.99966
1.99108
1.98341
1.97602
1.96849
1.96006
1.95092
1.94459
1.93955
1.93323
1.92508
1.92051
1.91834
1.91468
1.90909
1.90386
1.89834
1.8895
1.87633
1.87015
1.86644
1.8642
1.86209
1.85853
1.8572
1.85802
1.85682
1.85313
1.8492
1.84346
1.83957
1.83881
1.83854
1.83946
1.8435
1.84666
1.84599
1.84437
1.84027
1.83103
1.82459
1.82216
1.82165
1.82409
1.83447
1.84386
1.84484
1.84261
1.83913
1.83938
1.84107
1.84347
1.84916
1.86012
1.86699
1.86973
1.87442
1.87821
1.87644
1.87495
1.8765
1.87814
1.88062
1.88409
1.89304
1.90863
1.91976
1.93107
1.95162
1.97417
1.99957
2.04344
2.0967
2.14831
2.22413
2.3164
2.38691
2.47792
2.57927
2.65148
2.73628
2.86468
2.92135
2.96817
3.06397
3.13971
3.16037
3.20063
3.2542
3.26176
3.274
3.30644
3.32198
3.31964
3.32232
3.33515
3.34094
3.33922
3.3425
3.34716
3.3445
3.34414
3.34157
3.33518
3.32546
3.31296
3.2952
3.27501
3.25618
3.23889
3.21793
3.1963
3.1796
3.16517
3.14861
3.13024
3.11648
3.10328
3.0885
3.07188
3.05949
3.04749
3.03673
3.02478
3.01582
3.00808
2.99836
2.98921
2.9779
2.96797
2.95712
2.94725
2.93881
2.92881
2.91912
2.90884
2.89974
2.8887
2.87452
2.86314
2.85267
2.84288
2.83436
2.82248
2.81203
2.80478
2.79492
2.78493
2.76497
1.97055
1.95971
1.94925
1.93597
1.92049
1.91194
1.90192
1.88366
1.85696
1.82344
1.80607
1.80177
1.79787
1.78815
1.7767
1.76616
1.75162
1.72548
1.69652
1.68488
1.68033
1.6762
1.67068
1.66019
1.64717
1.63365
1.61387
1.59277
1.57462
1.56722
1.56647
1.57127
1.58494
1.60922
1.68475
1.81431
2.03463
2.40483
2.69997
3.01871
3.37052
3.50657
3.53103
3.52342
3.49804
3.48008
3.46376
3.41484
3.36171
3.29244
3.20867
3.1659
3.14578
3.1382
3.12766
3.10907
3.0883
3.05912
3.03593
3.02572
3.01916
3.01893
3.01007
2.9954
2.97797
2.95307
2.92799
2.91262
2.90015
2.88765
2.87329
2.85756
2.83854
2.81513
2.7981
2.78639
2.77559
2.7641
2.75162
2.73758
2.71985
2.70205
2.69017
2.67981
2.66937
2.65815
2.64611
2.63256
2.61638
2.60135
2.59058
2.58073
2.57077
2.55984
2.54728
2.5328
2.51739
2.50447
2.49515
2.48655
2.4773
2.4673
2.45637
2.44189
2.42446
2.41475
2.40606
2.39595
2.38756
2.37978
2.37091
2.3599
2.34466
2.3298
2.32153
2.31354
2.3039
2.29577
2.28916
2.28181
2.27299
2.26121
2.24453
2.23047
2.22131
2.21219
2.20234
2.19619
2.19121
2.18433
2.17527
2.16542
2.1552
2.14319
2.1293
2.11288
2.10316
2.09903
2.09411
2.08737
2.07914
2.07294
2.06777
2.06069
2.05137
2.03901
2.02577
2.01425
2.00563
1.99708
1.98742
1.9825
1.97891
1.97384
1.96722
1.96001
1.9521
1.9424
1.92797
1.91341
1.90801
1.90502
1.90141
1.89756
1.8946
1.89143
1.88751
1.88123
1.86945
1.85442
1.84587
1.84259
1.8418
1.84139
1.8373
1.83263
1.82981
1.82802
1.82499
1.81549
1.80296
1.80007
1.79926
1.79858
1.79864
1.80201
1.80914
1.81011
1.80764
1.80291
1.79416
1.78463
1.78054
1.77899
1.77849
1.78179
1.78787
1.78733
1.78457
1.77964
1.77154
1.76705
1.76539
1.76462
1.7654
1.76987
1.77622
1.77879
1.77992
1.77987
1.77884
1.7795
1.78232
1.78922
1.80516
1.83061
1.85424
1.88408
1.92229
1.96376
2.02699
2.10554
2.17138
2.25356
2.36211
2.44956
2.54627
2.66904
2.74049
2.80063
2.91776
3.00663
3.02973
3.07316
3.16606
3.19993
3.21588
3.25568
3.27837
3.27642
3.28364
3.30257
3.31007
3.30821
3.30487
3.30799
3.31113
3.31079
3.31201
3.31009
3.30287
3.29226
3.27998
3.26704
3.25351
3.23816
3.22104
3.20148
3.17835
3.15649
3.13894
3.12528
3.11007
3.09818
3.08678
3.07547
3.06056
3.04313
3.02746
3.01415
3.00437
2.99596
2.98732
2.97716
2.9671
2.95712
2.94626
2.93448
2.92396
2.9154
2.90666
2.89618
2.88486
2.87287
2.86574
2.85822
2.85021
2.83282
2.08278
2.062
2.04438
2.03743
2.03202
2.01968
2.00135
1.97356
1.93419
1.916
1.91102
1.90306
1.89285
1.88277
1.86909
1.85219
1.83187
1.80796
1.79107
1.77654
1.76299
1.75722
1.75364
1.74514
1.73219
1.7104
1.6827
1.67687
1.68523
1.71654
1.79732
1.98045
2.20366
2.53295
2.98017
3.25441
3.52166
3.77022
3.89293
3.88368
3.83506
3.77367
3.71999
3.66853
3.62165
3.57518
3.52178
3.46008
3.38921
3.34841
3.32923
3.3181
3.31398
3.30386
3.28889
3.26661
3.23745
3.2187
3.20573
3.1961
3.18832
3.17294
3.15529
3.13441
3.10583
3.07899
3.06257
3.0486
3.03602
3.02195
3.0063
2.98805
2.96523
2.94582
2.93268
2.92056
2.9082
2.89521
2.8816
2.8655
2.84664
2.83231
2.82011
2.80807
2.79633
2.78428
2.77075
2.75385
2.73825
2.72628
2.71433
2.70313
2.6926
2.68126
2.66763
2.64928
2.63316
2.62224
2.61102
2.59984
2.59031
2.58076
2.56986
2.55575
2.53601
2.52216
2.51348
2.5031
2.49275
2.48488
2.47667
2.46676
2.45384
2.43629
2.42222
2.41303
2.40363
2.39294
2.38549
2.37963
2.37261
2.36414
2.3533
2.33784
2.3213
2.30903
2.29801
2.28912
2.28383
2.27887
2.27225
2.26453
2.25693
2.24872
2.23844
2.22339
2.20191
2.18782
2.18274
2.17746
2.17041
2.16305
2.15826
2.15446
2.14897
2.14111
2.12914
2.1127
2.09675
2.08698
2.07909
2.07097
2.06626
2.06246
2.05762
2.05151
2.04427
2.03592
2.02474
2.0097
1.99185
1.98133
1.97731
1.97338
1.96853
1.96297
1.95711
1.95076
1.94257
1.93026
1.91154
1.89656
1.89185
1.88826
1.88427
1.87969
1.87529
1.87173
1.8674
1.86052
1.84833
1.82945
1.81866
1.81572
1.81395
1.81355
1.81424
1.81145
1.80677
1.80242
1.79734
1.7862
1.76791
1.76207
1.76137
1.7623
1.76448
1.76199
1.75983
1.76019
1.76087
1.75935
1.751
1.73926
1.73461
1.73338
1.73294
1.73414
1.73785
1.73743
1.73451
1.72766
1.71712
1.71246
1.70714
1.70333
1.70294
1.70367
1.70744
1.70833
1.70941
1.71219
1.71814
1.72646
1.74127
1.76672
1.8006
1.84735
1.90666
1.95945
2.02273
2.12158
2.2066
2.27837
2.3929
2.50438
2.58547
2.70889
2.81109
2.85783
2.91586
3.03114
3.07274
3.08845
3.13754
3.19598
3.2067
3.22405
3.25317
3.25897
3.25532
3.258
3.26606
3.26886
3.26905
3.2654
3.262
3.25925
3.25492
3.24768
3.23975
3.23065
3.21635
3.20004
3.18535
3.17012
3.15124
3.13322
3.11679
3.10078
3.08183
3.06761
3.05621
3.04409
3.02933
3.01775
3.0061
2.99523
2.98271
2.97062
2.9583
2.94533
2.93448
2.92358
2.91774
2.91032
2.90266
2.88705
2.18888
2.17106
2.16633
2.16032
2.14571
2.12577
2.09782
2.06078
2.04104
2.02972
2.01793
2.00132
1.98788
1.9813
1.9702
1.95042
1.92162
1.88687
1.87154
1.86424
1.86019
1.8544
1.84904
1.84113
1.84326
1.86696
1.9377
2.10476
2.41598
2.73506
3.17203
3.65389
3.87437
4.04435
4.18594
4.23686
4.22611
4.16782
4.08379
3.99149
3.90572
3.84504
3.8009
3.75906
3.71425
3.66348
3.60462
3.5593
3.5371
3.52419
3.52226
3.52274
3.50732
3.4874
3.46037
3.42631
3.40441
3.38762
3.37422
3.36321
3.34557
3.32583
3.30326
3.27328
3.24474
3.22709
3.21244
3.19957
3.18492
3.16904
3.15202
3.13048
3.10749
3.09224
3.07874
3.06501
3.05099
3.03691
3.02244
3.00528
2.98471
2.97036
2.9577
2.94427
2.93147
2.91887
2.90491
2.88674
2.86828
2.85559
2.84345
2.83051
2.81879
2.80751
2.79499
2.77951
2.76118
2.74487
2.73194
2.71887
2.70756
2.6985
2.68871
2.6772
2.6621
2.64242
2.62648
2.61426
2.60387
2.59568
2.58762
2.57864
2.56828
2.55571
2.53991
2.52317
2.50988
2.49878
2.48889
2.48199
2.47583
2.46911
2.46114
2.45101
2.43784
2.42054
2.40247
2.38862
2.38095
2.37542
2.36923
2.36191
2.35404
2.34658
2.33885
2.32953
2.31636
2.29555
2.27373
2.26403
2.25794
2.25045
2.24244
2.23773
2.23442
2.22956
2.22257
2.21212
2.19562
2.17591
2.1635
2.1549
2.14616
2.14144
2.13844
2.13415
2.12827
2.12103
2.1122
2.09945
2.0826
2.06475
2.05305
2.04877
2.04524
2.04045
2.03468
2.02838
2.02183
2.01317
1.99921
1.98051
1.96405
1.95799
1.95409
1.94964
1.94472
1.93959
1.93419
1.92801
1.91797
1.90167
1.88436
1.87135
1.86604
1.86281
1.85903
1.85452
1.84944
1.8447
1.83967
1.8322
1.81976
1.80052
1.78546
1.78164
1.77975
1.7787
1.7773
1.77438
1.77105
1.7671
1.76132
1.74835
1.72741
1.71986
1.71863
1.71804
1.71905
1.71928
1.71652
1.71283
1.71043
1.70746
1.69957
1.68884
1.68528
1.68456
1.68518
1.6848
1.68376
1.68237
1.67926
1.67207
1.66344
1.66087
1.66068
1.65976
1.6599
1.66242
1.66526
1.66977
1.6769
1.68567
1.7015
1.7335
1.77727
1.83062
1.90652
1.98149
2.0451
2.14408
2.25102
2.32638
2.42472
2.54553
2.62452
2.70966
2.84807
2.89652
2.93092
3.00272
3.07788
3.09152
3.11218
3.16211
3.18098
3.18765
3.20327
3.21314
3.21384
3.20981
3.21079
3.2114
3.20952
3.20585
3.20384
3.20065
3.19546
3.188
3.17539
3.16033
3.14474
3.12832
3.11114
3.09494
3.08015
3.06612
3.04913
3.03209
3.01614
3.00261
2.98915
2.97499
2.96634
2.95639
2.94652
2.92689
2.31145
2.30423
2.29878
2.28388
2.2634
2.23821
2.20478
2.17629
2.15829
2.14036
2.12008
2.11083
2.10414
2.0915
2.07324
2.04024
1.99884
1.98833
1.98817
1.99451
2.0114
2.06489
2.17922
2.35583
2.66324
3.07271
3.44289
3.92565
4.33059
4.49107
4.61758
4.60316
4.56238
4.53381
4.48372
4.40832
4.33016
4.24163
4.14554
4.07125
4.021
3.98369
3.95004
3.91552
3.88179
3.84072
3.79953
3.77758
3.76026
3.7488
3.74007
3.72045
3.69891
3.67372
3.63969
3.60805
3.58735
3.57
3.55387
3.53483
3.51492
3.49327
3.46631
3.43682
3.41681
3.4007
3.38547
3.36952
3.35238
3.33397
3.31374
3.29079
3.26997
3.2556
3.2421
3.22763
3.21254
3.19685
3.1788
3.15761
3.13504
3.11994
3.10732
3.09416
3.08128
3.06815
3.05368
3.03486
3.01003
2.99253
2.9804
2.9679
2.95505
2.94307
2.93146
2.91835
2.90191
2.88109
2.86093
2.84522
2.83256
2.82315
2.81402
2.80344
2.79097
2.7757
2.7542
2.7299
2.71855
2.71076
2.70224
2.69297
2.68318
2.67301
2.66113
2.64398
2.6223
2.6052
2.59487
2.5854
2.57639
2.57013
2.56334
2.55468
2.54513
2.53258
2.51153
2.48848
2.47698
2.47044
2.4636
2.45573
2.44768
2.4395
2.43104
2.42206
2.41217
2.39999
2.38276
2.36057
2.34344
2.33403
2.32559
2.3174
2.31248
2.30888
2.3041
2.29755
2.28842
2.27392
2.25261
2.23532
2.22398
2.21543
2.2112
2.20847
2.20447
2.19881
2.19185
2.18305
2.16892
2.14963
2.13123
2.12088
2.11677
2.11344
2.10892
2.10339
2.09722
2.08994
2.07911
2.0608
2.04211
2.03021
2.02306
2.01849
2.01398
2.009
2.00402
1.9983
1.99039
1.97685
1.95736
1.94163
1.9314
1.92619
1.92238
1.91778
1.91168
1.90528
1.89897
1.89193
1.88161
1.86598
1.84723
1.83436
1.83089
1.82832
1.82435
1.81832
1.81154
1.80501
1.79942
1.79276
1.77985
1.75546
1.73839
1.73516
1.73394
1.73376
1.73237
1.7291
1.72614
1.72286
1.7163
1.69987
1.68326
1.67879
1.67668
1.6751
1.67372
1.67173
1.66919
1.66471
1.65568
1.6485
1.64535
1.64144
1.63855
1.63772
1.63793
1.63764
1.63558
1.62843
1.61484
1.60722
1.60657
1.60653
1.60862
1.61426
1.62102
1.62927
1.64398
1.66124
1.68173
1.71826
1.76709
1.82177
1.90921
2.00589
2.0792
2.17721
2.2943
2.37207
2.45888
2.582
2.6567
2.71798
2.84298
2.92084
2.93886
2.97801
3.05636
3.07463
3.08044
3.10896
3.13519
3.13369
3.13742
3.14877
3.151
3.1488
3.14606
3.14553
3.14262
3.13739
3.13332
3.12941
3.12285
3.11261
3.10085
3.09094
3.07585
3.05458
3.03451
3.01644
2.99964
2.97215
2.45487
2.44969
2.43555
2.41434
2.38941
2.35765
2.3251
2.30013
2.27973
2.25217
2.23958
2.23719
2.22843
2.21111
2.19014
2.18816
2.21079
2.28488
2.45454
2.71602
3.05135
3.55873
3.96753
4.34262
4.73668
4.91651
5.05244
5.13474
5.09906
5.00946
4.90587
4.78756
4.69213
4.6159
4.53332
4.46865
4.41118
4.34518
4.27332
4.23016
4.20078
4.17702
4.1552
4.12993
4.10338
4.07202
4.03871
4.01354
3.99082
3.96768
3.94365
3.91841
3.89064
3.86034
3.83134
3.80695
3.78617
3.76651
3.74657
3.72532
3.70142
3.67196
3.64288
3.62398
3.60734
3.59104
3.57473
3.55741
3.5374
3.51201
3.48386
3.46201
3.4453
3.43105
3.41742
3.40303
3.38755
3.3699
3.34718
3.31854
3.2945
3.27844
3.26438
3.25137
3.23933
3.22638
3.2114
3.19247
3.16392
3.13465
3.12091
3.11008
3.09813
3.08567
3.07312
3.0604
3.04523
3.02333
2.99602
2.97557
2.96209
2.95101
2.94199
2.93247
2.92104
2.90753
2.88826
2.85739
2.83412
2.82595
2.81823
2.80915
2.79935
2.78945
2.77875
2.76427
2.74237
2.71823
2.70107
2.69074
2.68087
2.67156
2.66514
2.65809
2.6486
2.63708
2.61909
2.59044
2.57396
2.5674
2.5604
2.55145
2.54227
2.5338
2.52381
2.51177
2.49805
2.4845
2.47199
2.45959
2.44608
2.4298
2.41326
2.3989
2.38686
2.38108
2.37695
2.37187
2.36533
2.35629
2.3427
2.32242
2.30156
2.28416
2.27497
2.27127
2.2682
2.26365
2.25741
2.25003
2.23999
2.22226
2.20077
2.18466
2.17512
2.17093
2.16787
2.16385
2.15831
2.15101
2.14049
2.12341
2.1023
2.08883
2.08003
2.07283
2.06829
2.06408
2.05963
2.05479
2.04806
2.03692
2.01839
1.99801
1.98481
1.9785
1.97406
1.9694
1.96425
1.95908
1.95454
1.94944
1.941
1.92613
1.90546
1.88436
1.87557
1.87278
1.86992
1.86596
1.8609
1.85586
1.85075
1.84484
1.83582
1.82155
1.80257
1.78647
1.77902
1.77449
1.76912
1.76241
1.75563
1.74917
1.74305
1.73508
1.72225
1.70661
1.70095
1.69844
1.69556
1.69154
1.68586
1.67764
1.66726
1.65557
1.6452
1.63889
1.63398
1.63079
1.62903
1.62731
1.62467
1.61962
1.60871
1.59547
1.5898
1.58822
1.58664
1.58392
1.58286
1.58313
1.58316
1.58173
1.57722
1.5664
1.55552
1.55417
1.55553
1.56134
1.57228
1.58744
1.61238
1.64254
1.67324
1.72108
1.7854
1.84389
1.92364
2.03768
2.12916
2.21225
2.34963
2.43945
2.49769
2.60448
2.7008
2.74376
2.80061
2.91099
2.94524
2.95753
2.99772
3.03913
3.04201
3.05189
3.07294
3.07688
3.07303
3.07051
3.06941
3.06594
3.06305
3.06133
3.05802
3.05215
3.04632
3.03486
2.61479
2.60041
2.57928
2.54765
2.51742
2.49128
2.46347
2.43087
2.41543
2.41731
2.43432
2.47308
2.5472
2.67197
2.90311
3.25188
3.60926
4.11918
4.62582
4.96156
5.33237
5.52738
5.57803
5.59161
5.55304
5.5099
5.45332
5.36853
5.2637
5.16295
5.057
4.95043
4.88237
4.81713
4.75072
4.69303
4.64049
4.58846
4.54497
4.50823
4.47648
4.44738
4.41765
4.386
4.35259
4.32069
4.29104
4.26302
4.23678
4.21106
4.18447
4.1545
4.11773
4.0794
4.05286
4.03218
4.01229
3.99263
3.97256
3.95042
3.92385
3.89003
3.85415
3.83036
3.81353
3.79746
3.78128
3.7643
3.74426
3.71797
3.68467
3.65406
3.63233
3.61585
3.60201
3.5878
3.57231
3.55539
3.53432
3.50311
3.46805
3.44499
3.42931
3.4153
3.40269
3.38998
3.37541
3.35744
3.33169
3.29269
3.26446
3.25297
3.24256
3.23111
3.21899
3.20607
3.19055
3.16873
3.1374
3.10745
3.09064
3.07948
3.06928
3.06002
3.04997
3.03727
3.01987
2.9913
2.95468
2.93727
2.92934
2.92154
2.9127
2.90272
2.89152
2.87791
2.85773
2.82842
2.80439
2.79052
2.78008
2.76939
2.76074
2.7542
2.74535
2.73303
2.71594
2.68712
2.66109
2.65196
2.64532
2.63788
2.62918
2.62007
2.6092
2.59301
2.56993
2.551
2.54055
2.53194
2.52312
2.51395
2.50188
2.48423
2.46062
2.44029
2.43379
2.42982
2.42454
2.4176
2.40924
2.39816
2.38115
2.35421
2.32911
2.32227
2.31876
2.31417
2.30846
2.30233
2.29507
2.28319
2.26175
2.23905
2.22408
2.2181
2.21505
2.21242
2.20804
2.20094
2.19042
2.17327
2.14927
2.13545
2.12909
2.12269
2.11657
2.11127
2.10521
2.09725
2.08533
2.06604
2.04783
2.0414
2.0378
2.03328
2.02698
2.0192
2.01043
1.9999
1.98839
1.97763
1.96773
1.95908
1.95122
1.94351
1.93707
1.93116
1.92315
1.91082
1.8946
1.87709
1.86783
1.86449
1.86164
1.85754
1.84949
1.83387
1.8201
1.81698
1.8151
1.81202
1.80757
1.80415
1.80157
1.79758
1.78855
1.76787
1.73768
1.7227
1.7186
1.71587
1.71347
1.71109
1.70889
1.70665
1.70112
1.68537
1.66224
1.64893
1.64384
1.63962
1.63515
1.63068
1.62648
1.62165
1.61279
1.60012
1.59113
1.58621
1.58367
1.58166
1.57943
1.57651
1.57177
1.56297
1.55044
1.54411
1.54317
1.5423
1.54189
1.54298
1.54428
1.54407
1.54308
1.53993
1.53364
1.53224
1.53416
1.54219
1.56026
1.58165
1.61005
1.65119
1.68968
1.73894
1.81947
1.89549
1.96551
2.08657
2.19573
2.26726
2.38053
2.4904
2.54487
2.60833
2.73742
2.78029
2.79777
2.85163
2.9156
2.9185
2.92686
2.96046
2.9755
2.9752
2.98456
2.98712
2.77996
2.75171
2.72537
2.71786
2.70334
2.71039
2.75239
2.84045
3.023
3.2784
3.58152
4.0672
4.50563
4.92766
5.46548
5.74763
5.97486
6.20874
6.22317
6.20472
6.16069
6.05549
5.93416
5.82195
5.70542
5.58984
5.49545
5.40539
5.3051
5.23012
5.18303
5.13477
5.09194
5.04881
5.00168
4.94917
4.89908
4.8627
4.8314
4.79952
4.7675
4.73521
4.69992
4.65658
4.60709
4.5681
4.54047
4.51557
4.49237
4.46965
4.44548
4.41846
4.38179
4.32853
4.28793
4.2651
4.24578
4.22697
4.20804
4.18859
4.16526
4.13499
4.09447
4.04847
4.01909
4.00153
3.98494
3.96793
3.95027
3.9289
3.9004
3.86349
3.82394
3.79727
3.77938
3.76264
3.74703
3.73117
3.71353
3.69028
3.65436
3.61304
3.58638
3.57023
3.55592
3.54208
3.52796
3.51142
3.48909
3.45528
3.41149
3.38434
3.37272
3.36218
3.35081
3.33854
3.32415
3.30467
3.27367
3.23399
3.20794
3.19355
3.18212
3.17235
3.1628
3.1514
3.13536
3.11046
3.07377
3.039
3.0252
3.0175
3.00931
3.00003
2.98939
2.97645
2.9582
2.92852
2.89437
2.87506
2.86303
2.85218
2.84312
2.83516
2.8265
2.81495
2.79799
2.77083
2.73902
2.72109
2.71308
2.70649
2.69916
2.69064
2.6799
2.66329
2.63619
2.61073
2.59802
2.58876
2.57976
2.57141
2.56285
2.5511
2.53195
2.50114
2.48116
2.47636
2.47211
2.4662
2.45915
2.45067
2.43856
2.4178
2.38682
2.36791
2.36125
2.3559
2.35067
2.34533
2.33919
2.33013
2.31377
2.28868
2.26267
2.2534
2.25023
2.24774
2.24415
2.2389
2.23197
2.22135
2.20107
2.1764
2.16093
2.15411
2.15059
2.14822
2.14614
2.14245
2.13588
2.12213
2.0956
2.0709
2.06231
2.05674
2.04938
2.04492
2.0424
2.03953
2.03465
2.02615
2.00813
1.98087
1.96789
1.96428
1.96044
1.95535
1.95238
1.95049
1.94685
1.93846
1.92185
1.89691
1.88075
1.87519
1.8712
1.8677
1.86468
1.85971
1.84744
1.82996
1.81958
1.81427
1.80936
1.80285
1.79396
1.78585
1.77996
1.77535
1.77058
1.76203
1.74426
1.728
1.72431
1.72268
1.72142
1.72108
1.71921
1.71329
1.70726
1.70215
1.69706
1.69213
1.68754
1.6821
1.67327
1.65987
1.64757
1.64017
1.63538
1.63116
1.62659
1.62173
1.61577
1.60682
1.59276
1.57809
1.57055
1.5665
1.56302
1.56
1.55774
1.55573
1.55269
1.54488
1.52627
1.51001
1.5079
1.5079
1.50677
1.50416
1.50325
1.50239
1.49939
1.49255
1.48961
1.4931
1.50048
1.51629
1.55264
1.58785
1.61947
1.66964
1.7285
1.78258
1.86807
1.9689
2.04138
2.13137
2.26272
2.33638
2.39336
2.50723
2.57898
2.61707
2.68236
2.77459
3.08559
3.16427
3.30199
3.52496
3.82049
4.29211
4.71932
5.1792
5.72861
6.02623
6.35801
6.68389
6.80696
6.93447
6.97051
6.94674
6.90169
6.82974
6.72398
6.62127
6.50351
6.36587
6.25151
6.14966
6.03919
5.9275
5.82144
5.71521
5.61131
5.54135
5.49185
5.44469
5.39969
5.35724
5.31075
5.2499
5.18341
5.14099
5.11358
5.08681
5.05912
5.03052
4.99902
4.9576
4.90074
4.83946
4.80197
4.78013
4.75836
4.73609
4.71302
4.68847
4.65948
4.61255
4.5445
4.50191
4.47631
4.45574
4.43899
4.42049
4.39968
4.37303
4.33504
4.28448
4.23147
4.19573
4.17673
4.15912
4.1413
4.1231
4.09952
4.06898
4.02713
3.9732
3.94082
3.92173
3.90305
3.88747
3.87166
3.85361
3.82773
3.78476
3.73594
3.70554
3.68891
3.67415
3.65931
3.64427
3.62599
3.59901
3.55663
3.50862
3.48238
3.47009
3.45889
3.44762
3.43535
3.4191
3.39415
3.35396
3.3115
3.28788
3.27401
3.26266
3.25248
3.2419
3.22839
3.20695
3.17208
3.13021
3.10224
3.09192
3.08396
3.07526
3.06516
3.05274
3.03598
3.00881
2.9686
2.93979
2.92614
2.91511
2.90485
2.89569
2.88662
2.87587
2.85935
2.83294
2.79806
2.7703
2.76163
2.7565
2.75043
2.74241
2.7322
2.71777
2.69346
2.6598
2.63813
2.62728
2.61752
2.60799
2.59958
2.59113
2.5804
2.55974
2.52221
2.50164
2.49675
2.49154
2.48483
2.47745
2.46919
2.45821
2.43879
2.40752
2.38604
2.37855
2.37327
2.36802
2.36241
2.3555
2.34456
2.32401
2.29262
2.27872
2.27567
2.27291
2.26869
2.26254
2.25214
2.23083
2.20303
2.19501
2.1922
2.18803
2.18315
2.17802
2.17098
2.15781
2.13868
2.1316
2.12951
2.12551
2.12082
2.1153
2.10893
2.10164
2.08776
2.05916
2.04173
2.03855
2.03579
2.03064
2.02589
2.02285
2.02
2.01616
2.00818
1.98441
1.95277
1.94483
1.9417
1.93545
1.9293
1.92658
1.92383
1.92059
1.9167
1.91096
1.89968
1.88126
1.86573
1.85755
1.8518
1.84527
1.83331
1.81619
1.81131
1.80901
1.80401
1.79654
1.78708
1.77765
1.77054
1.76446
1.75665
1.74299
1.72028
1.69961
1.69182
1.68815
1.68401
1.67902
1.67331
1.66607
1.65608
1.64409
1.63433
1.62825
1.6239
1.62021
1.61627
1.61145
1.60518
1.59524
1.57913
1.5651
1.55936
1.55573
1.55253
1.54976
1.54736
1.54495
1.54122
1.53273
1.51718
1.50561
1.50297
1.50164
1.49976
1.49758
1.49565
1.49272
1.4854
1.47074
1.46012
1.45874
1.45869
1.45905
1.45832
1.45659
1.45304
1.44701
1.44412
1.44504
1.44888
1.4599
1.47803
1.50268
1.54503
1.59884
1.64442
1.70243
1.77858
1.85305
1.9261
2.07432
5.28315
5.73253
6.34536
6.76791
7.11417
7.49065
7.59847
7.71639
7.74404
7.67786
7.63064
7.5683
7.45906
7.3408
7.20401
7.07329
6.93913
6.79623
6.69818
6.61578
6.50731
6.41765
6.37695
6.32451
6.25479
6.19108
6.12588
6.04637
5.97115
5.91392
5.86539
5.81585
5.76767
5.71969
5.6675
5.60348
5.53334
5.47252
5.43045
5.39777
5.3659
5.3327
5.298
5.25838
5.20508
5.1414
5.0801
5.04037
5.01577
4.99159
4.96472
4.93311
4.89837
4.85715
4.79509
4.73175
4.69179
4.65773
4.63614
4.61875
4.59725
4.56974
4.53058
4.47729
4.41843
4.36787
4.33782
4.31708
4.29538
4.27566
4.25375
4.22367
4.18405
4.1245
4.06824
4.0461
4.02888
4.01077
3.9932
3.97439
3.95129
3.91331
3.86114
3.81645
3.79112
3.77639
3.7615
3.7455
3.72793
3.70373
3.66511
3.61477
3.57573
3.55768
3.54527
3.53306
3.52086
3.50538
3.48239
3.44559
3.39913
3.36711
3.35019
3.33756
3.32603
3.31464
3.30196
3.28279
3.2498
3.20655
3.16983
3.15539
3.14783
3.13967
3.12987
3.118
3.10192
3.07481
3.03057
2.9961
2.98187
2.97086
2.96001
2.9501
2.94068
2.93092
2.91552
2.889
2.84986
2.81326
2.80249
2.79793
2.79325
2.78651
2.77783
2.7656
2.74469
2.71008
2.68102
2.66801
2.65831
2.64823
2.63874
2.62992
2.61997
2.60462
2.57269
2.5364
2.52482
2.51919
2.51246
2.50471
2.49626
2.4864
2.47247
2.44864
2.41828
2.40121
2.39401
2.38853
2.38312
2.37681
2.36863
2.35502
2.3268
2.29832
2.29146
2.28793
2.2834
2.27815
2.27243
2.26422
2.248
2.21855
2.19163
2.18469
2.18174
2.17854
2.17482
2.17041
2.1635
2.14645
2.11641
2.10026
2.09479
2.08907
2.0815
2.07636
2.07298
2.06914
2.06294
2.0469
2.01666
2.00069
1.998
1.99588
1.99294
1.98877
1.98355
1.97846
1.97247
1.96122
1.93579
1.91077
1.9039
1.90084
1.89743
1.89353
1.88888
1.88161
1.86823
1.85202
1.84114
1.83426
1.82951
1.82485
1.81964
1.81468
1.80822
1.79783
1.78338
1.76874
1.75932
1.75389
1.74961
1.74477
1.73683
1.72194
1.70528
1.70033
1.69854
1.69661
1.69395
1.69017
1.68415
1.67223
1.65388
1.64307
1.63867
1.63468
1.63096
1.628
1.62498
1.62087
1.61392
1.60099
1.58201
1.57047
1.5667
1.56358
1.56035
1.55753
1.55501
1.55214
1.54697
1.53449
1.5169
1.50916
1.5069
1.50509
1.50309
1.50084
1.49826
1.49426
1.48416
1.46629
1.45624
1.45344
1.45213
1.45059
1.44816
1.44544
1.4425
1.43725
1.42746
1.42223
1.42212
1.42149
1.41897
1.41809
1.41836
1.4193
1.41864
1.41503
1.41439
1.41778
1.4264
1.46328
8.88132
9.04168
9.19441
9.20129
9.18473
9.15328
9.08254
8.98173
8.85396
8.6872
8.44122
8.16735
7.91185
7.66907
7.45576
7.27399
7.10858
6.96327
6.83778
6.71888
6.61354
6.54052
6.48401
6.42706
6.37701
6.33532
6.29075
6.23581
6.18142
6.12437
6.07409
6.02629
5.97791
5.9311
5.88319
5.83254
5.77635
5.71656
5.65409
5.59692
5.54439
5.49937
5.45668
5.41799
5.37619
5.32399
5.27229
5.21477
5.16057
5.12272
5.08144
5.04205
5.00495
4.96361
4.92203
4.86854
4.81607
4.77917
4.74225
4.71116
4.68104
4.64269
4.60326
4.56293
4.52278
4.4834
4.43941
4.40236
4.37164
4.34129
4.31323
4.28403
4.25427
4.2195
4.16884
4.11699
4.08021
4.05645
4.0398
4.02208
4.00214
3.9781
3.94594
3.89793
3.84623
3.81756
3.79885
3.78248
3.76713
3.74903
3.72646
3.69437
3.64142
3.5999
3.58448
3.57132
3.55681
3.54099
3.52265
3.49924
3.46488
3.4209
3.3909
3.37594
3.36388
3.3523
3.34015
3.32213
3.29106
3.24828
3.20926
3.19411
3.18649
3.17761
3.16704
3.15526
3.1393
3.11135
3.06605
3.03074
3.01588
3.0048
2.99456
2.98496
2.97562
2.96574
2.94918
2.91949
2.87953
2.84695
2.83672
2.83169
2.82572
2.81786
2.80867
2.79577
2.77382
2.73918
2.71007
2.69618
2.68691
2.6775
2.66852
2.65979
2.64837
2.62932
2.59554
2.56479
2.55572
2.55011
2.54331
2.53579
2.5273
2.51638
2.50026
2.47337
2.44415
2.43077
2.42446
2.41916
2.41373
2.40667
2.39582
2.37747
2.34883
2.32612
2.3195
2.31551
2.3109
2.30513
2.29787
2.28642
2.26399
2.23259
2.21652
2.21114
2.20696
2.20236
2.19634
2.1879
2.17558
2.15557
2.13019
2.11749
2.11195
2.10596
2.10059
2.09662
2.09197
2.08519
2.07388
2.05208
2.02344
2.01353
2.01151
2.00961
2.00656
2.00289
1.99883
1.99312
1.98288
1.96451
1.93786
1.92005
1.91522
1.91213
1.90863
1.90516
1.90116
1.89359
1.87852
1.86279
1.85357
1.84748
1.84372
1.84031
1.83608
1.83044
1.82202
1.80866
1.79148
1.77855
1.77224
1.76812
1.76453
1.76048
1.75398
1.74229
1.7284
1.72076
1.71713
1.71391
1.71007
1.70508
1.69831
1.68826
1.67483
1.66393
1.65793
1.65365
1.65004
1.64653
1.64271
1.63812
1.63071
1.61855
1.60312
1.59
1.58594
1.58369
1.58098
1.57803
1.57515
1.57169
1.56495
1.55072
1.53469
1.52778
1.52476
1.52207
1.51921
1.51594
1.51189
1.50576
1.49432
1.48024
1.47075
1.46459
1.46205
1.45999
1.45751
1.45534
1.45264
1.44707
1.43587
1.42649
1.4247
1.42327
1.42003
1.41768
1.41732
1.41639
1.41396
1.40956
1.40097
1.39225
1.39077
1.39105
9.60862
9.48606
9.38328
9.21059
9.08248
8.97534
8.80784
8.63949
8.50719
8.32914
8.18211
8.11863
8.02394
7.91934
7.82571
7.72786
7.61881
7.50397
7.39407
7.29284
7.19802
7.10693
7.02252
6.94225
6.86757
6.79425
6.72861
6.66012
6.59549
6.52712
6.45951
6.39002
6.32249
6.26208
6.20536
6.15156
6.09729
6.04091
5.97862
5.91047
5.84012
5.78171
5.72781
5.68406
5.64372
5.59648
5.5495
5.49086
5.42795
5.37614
5.3215
5.27774
5.23615
5.18628
5.14298
5.09219
5.04102
5.0023
4.95822
4.91915
4.88224
4.83853
4.79907
4.75451
4.70918
4.67021
4.62708
4.58924
4.55596
4.52045
4.48797
4.45693
4.42479
4.38713
4.3309
4.2726
4.23352
4.21019
4.19478
4.17784
4.15759
4.13224
4.09474
4.03704
3.97916
3.94935
3.93114
3.91665
3.90314
3.88635
3.86376
3.82628
3.76139
3.71438
3.69865
3.68501
3.67048
3.6564
3.64114
3.62057
3.58521
3.53165
3.49191
3.47525
3.46338
3.45228
3.44031
3.42236
3.39153
3.34638
3.30355
3.28652
3.27781
3.26774
3.25596
3.24333
3.22695
3.19942
3.15449
3.11479
3.09597
3.08394
3.07432
3.06525
3.05623
3.04573
3.02748
2.99509
2.95229
2.92108
2.91211
2.90624
2.89833
2.88899
2.87919
2.86667
2.84567
2.81142
2.77829
2.76098
2.75158
2.74287
2.73482
2.72617
2.71368
2.69279
2.65968
2.62998
2.61914
2.61286
2.60568
2.59778
2.58892
2.57786
2.56221
2.53599
2.50539
2.49029
2.48366
2.47808
2.47201
2.46409
2.45183
2.43207
2.40459
2.38307
2.3762
2.37163
2.36586
2.35875
2.35031
2.33763
2.31349
2.28501
2.27196
2.26507
2.25915
2.2534
2.24677
2.23838
2.22733
2.20919
2.18301
2.16925
2.16331
2.15764
2.15237
2.1468
2.13921
2.12951
2.11694
2.09509
2.06979
2.06292
2.06072
2.05747
2.05323
2.04896
2.04379
2.0356
2.02095
1.9981
1.97691
1.96794
1.96415
1.96069
1.95709
1.95379
1.94908
1.93876
1.92075
1.90619
1.89881
1.89427
1.89086
1.88663
1.88094
1.87357
1.86203
1.84287
1.82763
1.82325
1.82023
1.81637
1.81235
1.80783
1.80048
1.7866
1.76937
1.75964
1.75492
1.75116
1.74745
1.74327
1.73779
1.72885
1.71463
1.70156
1.69451
1.69029
1.68686
1.6832
1.67985
1.67584
1.6679
1.65393
1.63767
1.6265
1.62351
1.62179
1.61941
1.61618
1.61265
1.60833
1.60061
1.58622
1.57131
1.56431
1.5607
1.55757
1.55448
1.55113
1.54712
1.54114
1.53049
1.51709
1.50749
1.50166
1.49819
1.49571
1.49376
1.49169
1.48805
1.48048
1.46684
1.45572
1.45315
1.45135
1.44791
1.44462
1.442
1.4384
1.43374
1.42759
1.417
1.4016
1.39636
1.39348
10.1732
9.76883
9.38824
9.05075
8.75523
8.496
8.26901
8.10199
7.9585
7.86874
7.80693
7.74449
7.67136
7.61684
7.55584
7.4855
7.42654
7.37191
7.3143
7.24881
7.16512
7.07031
6.96811
6.87996
6.79894
6.71342
6.63285
6.55916
6.49628
6.42382
6.343
6.25871
6.18402
6.11803
6.05632
6.00014
5.9514
5.90119
5.84272
5.77359
5.70416
5.64806
5.59422
5.54786
5.50444
5.46175
5.4239
5.37237
5.31107
5.25344
5.19726
5.15812
5.11824
5.06669
5.01716
4.96444
4.92167
4.88899
4.84726
4.80436
4.76225
4.71934
4.68155
4.63617
4.58797
4.54559
4.50573
4.47558
4.44566
4.41008
4.37459
4.34042
4.30652
4.26767
4.21271
4.15796
4.12193
4.10212
4.08757
4.06991
4.04762
4.0193
3.97823
3.91967
3.86912
3.84297
3.826
3.81256
3.79935
3.78197
3.75705
3.71404
3.64786
3.61191
3.59868
3.58485
3.57008
3.55585
3.54052
3.51922
3.48201
3.42972
3.39403
3.37792
3.36653
3.35628
3.34475
3.32714
3.29647
3.25067
3.20768
3.19394
3.18669
3.17732
3.16587
3.15301
3.13655
3.10975
3.06583
3.02777
3.0101
2.99843
2.98858
2.97973
2.9715
2.96174
2.9442
2.91291
2.86755
2.8384
2.83185
2.82646
2.81858
2.80918
2.79944
2.78758
2.76746
2.73358
2.70201
2.68565
2.67548
2.66704
2.66035
2.65254
2.64044
2.61989
2.58674
2.5577
2.54822
2.54238
2.53519
2.52686
2.51782
2.50767
2.49358
2.46931
2.43951
2.4233
2.41679
2.4117
2.40603
2.39869
2.38728
2.36875
2.34008
2.31844
2.3136
2.30993
2.3044
2.29732
2.28895
2.27622
2.2525
2.22561
2.21328
2.207
2.20129
2.19562
2.18959
2.1825
2.1723
2.15351
2.12828
2.11394
2.10686
2.10124
2.09758
2.09317
2.08609
2.07671
2.0636
2.04063
2.01766
2.01237
2.01003
2.00615
2.00159
1.99737
1.99245
1.98424
1.96802
1.94462
1.92755
1.92021
1.91618
1.9126
1.90949
1.90656
1.90154
1.89023
1.87227
1.85845
1.85169
1.84881
1.84627
1.84227
1.83636
1.82823
1.81484
1.79439
1.78378
1.78146
1.77867
1.77463
1.77045
1.76566
1.75777
1.74281
1.72652
1.71861
1.71412
1.71013
1.70635
1.70241
1.69706
1.68752
1.67263
1.66031
1.65402
1.64997
1.64652
1.64316
1.64062
1.63693
1.62904
1.61513
1.59679
1.58802
1.58638
1.58485
1.5824
1.57906
1.57539
1.5709
1.56311
1.54886
1.53528
1.52911
1.52554
1.52235
1.51926
1.51611
1.51244
1.50658
1.49557
1.4823
1.47406
1.4695
1.46622
1.46376
1.46196
1.45996
1.45611
1.44785
1.43383
1.4237
1.42112
1.41907
1.41582
1.41395
1.41193
1.40816
1.40279
1.39564
1.38364
1.3688
1.36502
1.36219
)
;

boundaryField
{
    inlet
    {
        type            calculated;
        value           nonuniform 0();
    }
    outlet
    {
        type            calculated;
        value           nonuniform List<scalar> 
16
(
2.57044
2.62886
2.69369
2.76518
2.8329
2.88719
2.92718
2.97242
3.03487
2.98725
2.7746
2.07442
1.46338
1.39105
1.39341
1.36209
)
;
    }
    bottom
    {
        type            symmetryPlane;
    }
    top
    {
        type            symmetryPlane;
    }
    obstacle
    {
        type            calculated;
        value           nonuniform 0();
    }
    defaultFaces
    {
        type            empty;
    }
    procBoundary3to1
    {
        type            processor;
        value           nonuniform List<scalar> 
288
(
1.53525
1.51864
1.50234
1.49126
1.47712
1.46467
1.45096
1.43602
1.43049
1.42543
1.41614
1.40647
1.39502
1.37515
1.36022
1.35234
1.34416
1.33914
1.33512
1.32579
1.31472
1.30669
1.29613
1.28234
1.27264
1.26307
1.25122
1.2469
1.24456
1.2396
1.2336
1.22443
1.20655
1.18892
1.18588
1.18374
1.17874
1.17209
1.16762
1.16318
1.15657
1.14339
1.1276
1.11959
1.11446
1.1103
1.10696
1.10396
1.10025
1.09355
1.08738
1.08898
1.10401
1.15731
1.24393
1.40571
1.6412
1.81981
2.06374
2.26996
2.34019
2.40604
2.45898
2.466
2.45482
2.42195
2.38258
2.35067
2.32883
2.31506
2.30135
2.28585
2.26692
2.24807
2.24093
2.23725
2.23547
2.23428
2.22965
2.22273
2.21154
2.19846
2.18926
2.18105
2.17245
2.16309
2.15115
2.13583
2.1227
2.11095
2.10243
2.09764
2.09178
2.08282
2.07007
2.06173
2.05846
2.05812
2.05939
2.05655
2.05139
2.04521
2.04224
2.04081
2.04232
2.04534
2.04208
2.03713
2.02852
2.02104
2.01783
2.01848
2.01854
2.01643
2.01501
2.01004
2.0083
2.00817
2.00858
2.01553
2.03015
2.03856
2.04357
2.05017
2.05742
2.06388
2.071
2.08637
2.10003
2.10603
2.11397
2.12544
2.12956
2.13252
2.13993
2.15218
2.15626
2.1603
2.171
2.17382
2.17451
2.17707
2.18108
2.1811
2.17615
2.17539
2.17906
2.18401
2.1815
2.17817
2.17837
2.1793
2.17743
2.17619
2.17709
2.18026
2.17968
2.1768
2.17554
2.17469
2.1745
2.17447
2.1682
2.16014
2.15809
2.15449
2.14868
2.14613
2.14362
2.13625
2.13096
2.12729
2.12256
2.12196
2.1206
2.12031
2.12286
2.12989
2.13849
2.15285
2.17382
2.20616
2.26082
2.3281
2.39507
2.48608
2.58669
2.67331
2.78043
2.8779
2.9409
3.00798
3.10536
3.16035
3.18389
3.2215
3.27307
3.29184
3.29002
3.30384
3.33117
3.34271
3.34185
3.35165
3.36519
3.36863
3.36698
3.35844
3.34521
3.32999
3.31307
3.30029
3.28691
3.27198
3.25885
3.24499
3.22976
3.21678
3.20231
3.18583
3.17142
3.15845
3.14576
3.13435
3.12386
3.11409
3.1054
3.09684
3.08817
3.07894
3.06908
3.05868
3.04933
3.04137
3.03328
3.0241
3.01472
3.00444
2.99324
2.9812
2.97012
2.95974
2.94973
2.93958
2.92899
2.91854
2.90585
2.89359
2.88168
2.87213
2.86316
2.85275
2.84351
2.83382
2.82395
2.81178
2.80072
2.79208
2.78382
2.77555
2.76585
2.7566
2.74645
2.73638
2.72659
2.71741
2.71129
2.70426
2.69579
2.68565
2.67257
2.66163
2.65241
2.64407
2.63678
2.62953
2.62275
2.61434
2.60356
2.59141
2.58177
2.57463
2.56829
2.56139
2.55268
2.54355
2.53465
2.51991
)
;
    }
    procBoundary3to2
    {
        type            processor;
        value           nonuniform List<scalar> 
16
(
1.63067
1.72445
1.82013
1.91162
1.99353
2.10407
2.21869
2.34065
2.46946
2.62196
2.79479
3.0482
4.71943
8.55901
9.68626
10.6258
)
;
    }
}


// ************************************************************************* //
