/*--------------------------------*- C++ -*----------------------------------*\
  =========                 |
  \\      /  F ield         | OpenFOAM: The Open Source CFD Toolbox
   \\    /   O peration     | Website:  https://openfoam.org
    \\  /    A nd           | Version:  7
     \\/     M anipulation  |
\*---------------------------------------------------------------------------*/
FoamFile
{
    version     2.0;
    format      ascii;
    class       volScalarField;
    location    "2.9";
    object      p;
}
// * * * * * * * * * * * * * * * * * * * * * * * * * * * * * * * * * * * * * //

dimensions      [1 -1 -2 0 0 0 0];

internalField   nonuniform List<scalar> 
4032
(
1
1
1.00843
2.26848
3.24426
3.2943
3.27925
3.26554
3.24544
3.23245
3.22125
3.21413
3.21221
3.21178
3.20963
3.2035
3.19361
3.17861
3.16165
3.14589
3.13206
3.12199
3.11365
3.10539
3.09526
3.08147
3.06403
3.04436
3.02405
3.00411
2.98564
2.96839
2.95196
2.93536
2.91638
2.89404
2.86693
2.83731
2.80551
2.77397
2.74276
2.71288
2.68291
2.65198
2.61858
2.58269
2.54506
2.5067
1
1
1.0021
2.21169
3.24177
3.29589
3.27747
3.26178
3.24055
3.22814
3.21772
3.21204
3.21123
3.21076
3.20874
3.20303
3.19248
3.17797
3.15954
3.14161
3.12755
3.11614
3.10789
3.1008
3.09208
3.07917
3.0617
3.04153
3.02027
2.99924
2.97951
2.96137
2.94478
2.92862
2.91084
2.89001
2.86452
2.83653
2.80596
2.77497
2.74378
2.71358
2.68368
2.65345
2.62161
2.58791
2.55241
2.51565
1
1
1
2.15015
3.23741
3.29761
3.27577
3.25785
3.23716
3.22617
3.21746
3.21378
3.21407
3.21411
3.21047
3.20279
3.19085
3.17515
3.15661
3.13787
3.12207
3.11084
3.10275
3.09564
3.0878
3.07563
3.05868
3.0387
3.01741
2.99618
2.97593
2.9571
2.9396
2.92278
2.90501
2.88495
2.86092
2.83459
2.8057
2.77622
2.74618
2.71659
2.68716
2.65751
2.62671
2.59415
2.5596
2.52344
1
1
1
2.08594
3.22958
3.29773
3.27412
3.25378
3.23455
3.2245
3.21781
3.21696
3.21977
3.21879
3.21175
3.20051
3.18644
3.1698
3.15138
3.1331
3.11804
3.10681
3.0987
3.09134
3.08273
3.07055
3.05455
3.03567
3.0151
2.99458
2.97463
2.95519
2.93659
2.91821
2.89932
2.87927
2.85651
2.83201
2.80523
2.77786
2.74961
2.72123
2.69251
2.66329
2.63282
2.60047
2.56602
2.52987
1
1
1
2.02227
3.2181
3.29654
3.27125
3.24945
3.23319
3.22361
3.22004
3.22302
3.22568
3.22089
3.20874
3.19346
3.1777
3.16077
3.1437
3.12803
3.11527
3.1057
3.09751
3.08847
3.0786
3.0654
3.04944
3.03166
3.01263
2.99342
2.97388
2.95446
2.93514
2.91523
2.89482
2.87398
2.85201
2.82918
2.80448
2.7792
2.75291
2.72615
2.69847
2.66973
2.63928
2.60664
2.5718
2.53547
1
1
1
1.96019
3.20431
3.29146
3.26662
3.24632
3.23278
3.22405
3.2242
3.22958
3.22928
3.21921
3.20352
3.18487
3.16722
3.15101
3.13639
3.12477
3.1156
3.10756
3.09892
3.08812
3.0751
3.06001
3.04389
3.02695
3.00926
2.99157
2.97364
2.95486
2.93494
2.9139
2.89228
2.87055
2.84859
2.82667
2.80357
2.78
2.75539
2.73015
2.70363
2.67544
2.64501
2.61208
2.57697
2.5409
1
1
1
1.89977
3.18871
3.28567
3.26308
3.24497
3.23256
3.22576
3.22897
3.23409
3.22982
3.21545
3.19741
3.176
3.15687
3.14187
3.13018
3.12276
3.11755
3.11145
3.10221
3.08876
3.0726
3.05497
3.03741
3.02085
3.00522
2.98967
2.97321
2.95587
2.93609
2.9144
2.8918
2.86902
2.84641
2.8244
2.80212
2.77976
2.7567
2.73287
2.70744
2.6797
2.64931
2.61645
2.58199
2.54736
1
1
1
1.84086
3.17198
3.28316
3.26166
3.24467
3.23293
3.2291
3.2339
3.23713
3.22878
3.21214
3.19168
3.16799
3.14877
3.13443
3.12515
3.12209
3.12101
3.11629
3.10595
3.08995
3.0703
3.04983
3.03075
3.01398
2.9997
2.98659
2.97256
2.95635
2.93731
2.91582
2.89261
2.86871
2.8449
2.82207
2.79998
2.77855
2.75679
2.73422
2.70955
2.68214
2.6521
2.62007
2.58722
2.5547
1
1
1
1.78353
3.15321
3.28226
3.2612
3.24502
3.23445
3.23342
3.23878
3.23899
3.22705
3.20939
3.18738
3.16351
3.14541
3.13212
3.12528
3.12638
3.12758
3.12254
3.10903
3.0894
3.06696
3.04443
3.02396
3.00693
2.99406
2.98302
2.97157
2.95737
2.93908
2.91738
2.89341
2.86864
2.84401
2.8204
2.79801
2.7769
2.75616
2.73431
2.70993
2.68287
2.6536
2.623
2.59222
2.56192
1
1
1
1.72863
3.13053
3.28114
3.26119
3.24572
3.23738
3.23866
3.24359
3.23973
3.2252
3.20678
3.1839
3.16124
3.14384
3.13119
3.12692
3.13066
3.13323
3.1257
3.10875
3.08679
3.06244
3.039
3.01809
3.0012
2.98897
2.98003
2.97068
2.95824
2.94059
2.91902
2.89452
2.86911
2.84399
2.82026
2.79809
2.77718
2.75642
2.7339
2.709
2.68207
2.65371
2.6249
2.59628
2.56816
1
1
1
1.67577
3.10418
3.27915
3.26133
3.24675
3.24193
3.24505
3.24768
3.23921
3.22297
3.20365
3.18093
3.1606
3.1435
3.13243
3.13149
3.13628
3.13574
3.12371
3.10402
3.08185
3.05823
3.03472
3.01379
2.99771
2.98605
2.97816
2.96985
2.95813
2.9408
2.9191
2.89444
2.86913
2.84445
2.82128
2.7995
2.77892
2.75773
2.73456
2.70907
2.68185
2.65399
2.62642
2.59946
2.57307
1
1
1
1.62524
3.07516
3.27647
3.26099
3.24851
3.24761
3.25159
3.25004
3.23689
3.21958
3.19956
3.17889
3.16068
3.145
3.13685
3.13803
3.14064
3.13361
3.11729
3.0967
3.07487
3.05212
3.0297
3.00993
2.99523
2.98591
2.97876
2.97008
2.95684
2.93841
2.91652
2.89234
2.86807
2.84462
2.82288
2.80232
2.78187
2.76002
2.73586
2.70957
2.68237
2.65529
2.62884
2.603
2.57759
1
1
1
1.57751
3.04466
3.27405
3.26072
3.25103
3.25323
3.25629
3.24994
3.23323
3.21512
3.19537
3.1775
3.16069
3.14763
3.14241
3.14364
3.14141
3.12738
3.10863
3.08726
3.06481
3.0433
3.02187
3.00504
2.99554
2.98997
2.98286
2.97116
2.95436
2.93382
2.91136
2.88811
2.86564
2.84453
2.82509
2.80624
2.78627
2.76384
2.73876
2.71189
2.6846
2.65768
2.63157
2.60628
2.5812
1
1
1
1.5325
3.01387
3.27272
3.26134
3.25413
3.258
3.25871
3.24758
3.22943
3.21072
3.19194
3.17544
3.16004
3.14967
3.14694
3.14698
3.1393
3.11989
3.09899
3.07637
3.05496
3.03611
3.01955
3.00944
3.0051
2.99942
2.98916
2.97164
2.95009
2.92705
2.90429
2.88258
2.86256
2.84425
2.82749
2.81064
2.79164
2.7691
2.74341
2.71596
2.68832
2.66149
2.63535
2.60985
2.58457
1
1
1
1.4898
2.98322
3.27259
3.26321
3.25775
3.26217
3.25981
3.24511
3.22644
3.20724
3.18867
3.17224
3.15807
3.15067
3.1504
3.14897
3.13562
3.11332
3.09019
3.06722
3.04808
3.0319
3.02048
3.016
3.01497
3.00919
2.9936
2.97087
2.94534
2.92001
2.89699
2.87669
2.85909
2.84368
2.82972
2.81475
2.79651
2.77387
2.74775
2.71999
2.69216
2.6652
2.63925
2.61409
2.58867
1
1
1
1.44907
2.95236
3.27337
3.26636
3.26231
3.26635
3.26075
3.24399
3.22472
3.20447
3.18536
3.16842
3.15565
3.15156
3.1533
3.1498
3.13188
3.10831
3.08397
3.06215
3.04398
3.02993
3.02313
3.02358
3.02396
3.01449
2.99315
2.96711
2.94033
2.9144
2.89086
2.87085
2.85511
2.84264
2.8313
2.81779
2.79964
2.77647
2.74984
2.72186
2.69415
2.66743
2.642
2.61742
2.59283
1
1
1
1.41035
2.921
3.27457
3.27042
3.26769
3.2706
3.26194
3.24382
3.22377
3.20239
3.18259
3.1652
3.15412
3.15296
3.15574
3.14923
3.12878
3.10497
3.08116
3.0601
3.04206
3.02989
3.02667
3.02962
3.02823
3.01367
2.98905
2.96159
2.93449
2.90827
2.88428
2.86483
2.851
2.84221
2.83348
2.8203
2.80072
2.77613
2.74894
2.72117
2.69407
2.66822
2.6438
2.62027
2.59697
1
1
1
1.37394
2.8893
3.2758
3.27493
3.27333
3.27434
3.26276
3.24377
3.22291
3.20101
3.18055
3.16335
3.15403
3.15489
3.15731
3.14726
3.12645
3.10309
3.08054
3.05929
3.04156
3.03079
3.02954
3.03256
3.02736
3.0077
2.9824
2.95427
2.92672
2.9004
2.87631
2.85874
2.85069
2.8459
2.83691
2.82059
2.79799
2.77189
2.74458
2.71777
2.69224
2.66815
2.64556
2.62379
2.60203
1
1
1
1.34009
2.85777
3.27707
3.2797
3.27856
3.27687
3.26269
3.24321
3.22176
3.1999
3.17913
3.16267
3.15512
3.15714
3.15779
3.14469
3.12427
3.10196
3.08009
3.0589
3.04141
3.03165
3.0312
3.03252
3.02139
2.99869
2.97291
2.94491
2.91843
2.89363
2.87384
2.86345
2.86026
2.85518
2.84072
2.81813
2.79189
2.76446
2.73766
2.71256
2.68944
2.66756
2.64709
2.62769
2.60738
1
1
1
1.30894
2.82705
3.27858
3.2847
3.28285
3.27798
3.26177
3.24187
3.22018
3.19864
3.17816
3.16279
3.15704
3.1595
3.15743
3.14189
3.12173
3.10031
3.07889
3.05799
3.04102
3.0324
3.03248
3.03004
3.01218
2.98839
2.96215
2.93628
2.91259
2.89169
2.87804
2.87328
2.87228
2.86213
2.83972
2.8125
2.78456
2.75713
2.73104
2.70704
2.68522
2.66634
2.64931
2.63246
2.61311
1
1
1
1.28043
2.79762
3.28042
3.28983
3.2862
3.27806
3.26023
3.23989
3.21823
3.19723
3.17761
3.16375
3.15989
3.16204
3.15655
3.1388
3.11834
3.0973
3.07634
3.05614
3.04068
3.03403
3.03394
3.02603
3.00388
2.97932
2.95402
2.93112
2.90984
2.89336
2.88548
2.88501
2.88165
2.86376
2.8357
2.80612
2.77725
2.74956
2.72361
2.70095
2.68203
2.66707
2.65453
2.63969
2.61918
1
1
1
1.25443
2.76955
3.28249
3.29487
3.28884
3.27776
3.25858
3.23781
3.21625
3.19592
3.17752
3.16582
3.16395
3.16503
3.15555
3.13563
3.11428
3.09319
3.07274
3.05396
3.04102
3.03686
3.03578
3.02281
2.99895
2.97397
2.95033
2.92839
2.90925
2.89663
2.893
2.89351
2.8849
2.86091
2.83144
2.80024
2.77024
2.74182
2.71583
2.69361
2.68137
2.6753
2.66543
2.64728
2.62228
1
1
1
1.23092
2.7428
3.28447
3.29957
3.2909
3.27744
3.25725
3.23614
3.21474
3.19517
3.1782
3.169
3.16878
3.16809
3.15467
3.1329
3.11044
3.08909
3.06919
3.05231
3.04229
3.04041
3.038
3.02175
2.99722
2.97229
2.94881
2.92704
2.90943
2.89959
2.89841
2.89779
2.88401
2.85675
2.82647
2.79423
2.76333
2.7354
2.71144
2.69737
2.69288
2.68979
2.67559
2.6508
2.62118
1
1
1
1.20986
2.71742
3.28613
3.30368
3.29234
3.27717
3.25638
3.23506
3.21391
3.19492
3.17947
3.17262
3.17345
3.1707
3.15394
3.13079
3.10748
3.08594
3.06653
3.05151
3.04419
3.04404
3.04031
3.02199
2.99716
2.97216
2.94809
2.92627
2.9097
2.90164
2.90188
2.89922
2.87967
2.85168
2.82054
2.78841
2.75923
2.73329
2.7152
2.70834
2.70908
2.70199
2.6789
2.64847
2.61707
1
1
1
1.19119
2.69361
3.28746
3.30708
3.29317
3.2769
3.25591
3.2344
3.21345
3.19473
3.18055
3.17571
3.17708
3.17226
3.15314
3.1293
3.10562
3.08392
3.06488
3.05127
3.0461
3.04711
3.04201
3.02219
2.9972
2.97211
2.94761
2.92578
2.90986
2.90305
2.90381
2.89726
2.87351
2.84536
2.81441
2.78529
2.75855
2.73651
2.72463
2.72397
2.7234
2.70649
2.67723
2.6449
2.61271
1
1
1
1.17475
2.67162
3.28861
3.30979
3.29364
3.27665
3.25561
3.23383
3.21289
3.19412
3.18086
3.17753
3.17906
3.17256
3.15219
3.12831
3.10472
3.08291
3.06402
3.05127
3.04759
3.04914
3.04244
3.02146
2.99653
2.97152
2.94705
2.92545
2.9102
2.90426
2.90407
2.89246
2.86718
2.8393
2.8111
2.78505
2.76084
2.74334
2.73645
2.73754
2.73033
2.70566
2.67479
2.64137
2.60866
1
1
1
1.16034
2.65158
3.28979
3.31202
3.29398
3.27648
3.2554
3.23323
3.21201
3.19289
3.18029
3.17794
3.17958
3.17181
3.15102
3.12759
3.10443
3.0827
3.0638
3.05151
3.04867
3.04996
3.04122
3.0194
2.99478
2.97027
2.94631
2.92536
2.91102
2.90574
2.9036
2.88866
2.86319
2.83648
2.81078
2.78601
2.76439
2.7502
2.74621
2.74577
2.732
2.70336
2.67142
2.63712
2.60406
1
1
1
1.14778
2.63355
3.29112
3.3139
3.29435
3.27649
3.25529
3.2327
3.21097
3.19141
3.17927
3.17757
3.17926
3.17012
3.14948
3.12674
3.1043
3.08284
3.06397
3.05207
3.04957
3.04981
3.03857
3.01625
2.99215
2.96851
2.94551
2.92561
2.91241
2.90764
2.90409
2.88783
2.86228
2.83618
2.81087
2.78699
2.76718
2.75514
2.75263
2.74972
2.72993
2.69982
2.66648
2.63149
2.59942
1
1
1
1.13695
2.61751
3.29255
3.31556
3.2948
3.27667
3.25532
3.23235
3.21012
3.19032
3.17865
3.17737
3.17857
3.16806
3.1478
3.12572
3.10405
3.08298
3.06443
3.053
3.05063
3.04938
3.03562
3.01294
2.98936
2.96668
2.9448
2.9261
2.9142
2.91029
2.90599
2.88842
2.86248
2.83632
2.81091
2.78748
2.76869
2.75801
2.75609
2.7499
2.7252
2.69431
2.65984
2.62573
2.59607
1
1
1
1.12779
2.60349
3.29396
3.31706
3.29524
3.27684
3.25531
3.23217
3.20975
3.19008
3.17901
3.1781
3.17848
3.16649
3.14625
3.12452
3.10347
3.0828
3.06477
3.05409
3.05202
3.04945
3.03354
3.01046
2.98715
2.96507
2.94404
2.92644
2.91604
2.91345
2.90856
2.88926
2.86285
2.83637
2.81062
2.78718
2.7688
2.75878
2.75679
2.74649
2.71904
2.68756
2.65339
2.62212
2.59404
1
1
1
1.12026
2.5916
3.29532
3.31831
3.29553
3.27683
3.25506
3.23194
3.20975
3.19067
3.18046
3.18002
3.17953
3.16615
3.14535
3.12341
3.10248
3.08211
3.06485
3.05525
3.05373
3.05015
3.03264
3.00915
2.98565
2.9636
2.94291
2.92627
2.91741
2.91594
2.91019
2.88924
2.86252
2.83577
2.80968
2.78603
2.7678
2.75806
2.75463
2.74076
2.71283
2.68206
2.65027
2.62144
2.59476
1
1
1
1.11429
2.58199
3.29665
3.31926
3.29566
3.27655
3.25452
3.23153
3.20986
3.19167
3.18245
3.18245
3.18122
3.16659
3.14489
3.12228
3.10093
3.08066
3.06417
3.05565
3.05496
3.05097
3.03251
3.00866
2.98463
2.96211
2.94118
2.92508
2.91737
2.91661
2.90998
2.88797
2.86118
2.83444
2.80836
2.78458
2.76617
2.75589
2.75064
2.73673
2.70983
2.68052
2.65092
2.62295
2.59747
1
1
1
1.1098
2.57475
3.29792
3.31994
3.29563
3.27605
3.25374
3.23092
3.20982
3.19255
3.18436
3.18489
3.18291
3.16703
3.14424
3.12081
3.09882
3.07845
3.06262
3.0553
3.05569
3.05155
3.03254
3.00838
2.98373
2.96046
2.93898
2.92289
2.91577
2.91541
2.90811
2.88549
2.85888
2.83223
2.8063
2.78235
2.76351
2.75297
2.74861
2.73636
2.7103
2.68162
2.65298
2.62557
2.60067
1
1
1
1.10681
2.56984
3.2987
3.32037
3.29548
3.27545
3.25289
3.23017
3.2096
3.19307
3.18576
3.18672
3.18414
3.16728
3.14357
3.11942
3.09682
3.07636
3.06116
3.05488
3.05615
3.0519
3.03255
3.0081
2.98293
2.95898
2.93693
2.92057
2.91354
2.91325
2.90536
2.88259
2.85639
2.82989
2.80424
2.78007
2.76088
2.75064
2.74743
2.73629
2.71081
2.68261
2.65481
2.62801
2.6034
1
1
1
1.10541
2.56729
3.29865
3.32075
3.29566
3.27532
3.25242
3.22966
3.20931
3.19323
3.18658
3.18789
3.18504
3.16763
3.14331
3.11852
3.09529
3.07453
3.05964
3.05399
3.05574
3.05149
3.03218
3.00768
2.98244
2.95804
2.93559
2.91897
2.91173
2.91105
2.90262
2.8798
2.85389
2.82757
2.80218
2.77817
2.75956
2.75066
2.74868
2.73824
2.71306
2.68496
2.65722
2.63062
2.6062
1.51977
1.48633
1.44928
1.41281
1.38841
1.37214
1.35633
1.33415
1.30855
1.2811
1.25274
1.22409
1.19842
1.17968
1.16649
1.1543
1.13775
1.11735
1.09831
1.08439
1.07034
1.05203
1.03045
1.01323
1.00167
0.991032
0.979573
0.966576
0.950632
0.929936
0.905325
0.884135
0.871866
0.8637
0.85626
0.848424
0.841189
0.833357
0.823731
0.812499
0.802286
0.787774
2.46848
2.43058
2.39276
2.35444
2.31399
2.27052
2.22539
2.18002
2.13499
2.09122
2.05047
2.0144
1.98154
1.94699
1.90745
1.86314
1.81826
1.77881
1.74366
1.70994
1.67662
1.64467
1.61461
1.58433
1.55094
1.51334
1.47459
1.44225
1.41804
1.39867
1.3832
1.36469
1.33987
1.30972
1.27924
1.2547
1.2328
1.2105
1.18994
1.17413
1.16004
1.1429
1.12251
1.10187
1.08551
1.0708
1.05275
1.03404
1.02112
1.01132
1.00155
0.990424
0.976593
0.955602
0.923753
0.897836
0.886952
0.87969
0.872394
0.86436
0.855795
0.846396
0.8376
0.826766
0.815022
0.800004
2.4782
2.44034
2.40235
2.36405
2.32462
2.28391
2.24203
2.1992
2.15617
2.11393
2.07422
2.03876
2.00609
1.97148
1.93211
1.88899
1.84685
1.80905
1.77354
1.73877
1.70515
1.6733
1.64287
1.61266
1.58002
1.54123
1.5
1.47033
1.44805
1.4266
1.40682
1.3895
1.36856
1.34095
1.30749
1.28008
1.26133
1.24223
1.22065
1.19853
1.17969
1.16378
1.1469
1.12714
1.10538
1.0851
1.06826
1.05284
1.04084
1.03096
1.0212
1.01034
0.997052
0.978146
0.949277
0.919239
0.903735
0.894984
0.88723
0.879548
0.871421
0.862165
0.850838
0.837196
0.823439
0.811095
2.48616
2.44833
2.41049
2.37269
2.33527
2.29801
2.25914
2.21844
2.17704
2.13605
2.09733
2.06235
2.02908
1.99329
1.95376
1.91274
1.87388
1.83741
1.80136
1.76545
1.73153
1.70069
1.67093
1.63985
1.60652
1.56911
1.52931
1.49848
1.47588
1.45535
1.43346
1.41116
1.39045
1.36758
1.33888
1.30788
1.28474
1.2674
1.2489
1.2278
1.20619
1.18676
1.16945
1.15179
1.13068
1.10475
1.08141
1.06743
1.05723
1.04783
1.03779
1.0263
1.01265
0.99532
0.972472
0.946942
0.926438
0.912253
0.901276
0.891835
0.883181
0.874221
0.863502
0.85094
0.83683
0.821929
2.49271
2.45536
2.41834
2.38217
2.34766
2.31333
2.2764
2.23712
2.19686
2.15704
2.11946
2.08469
2.05048
2.01308
1.97381
1.93579
1.89954
1.86339
1.82641
1.78975
1.75616
1.72621
1.69769
1.66734
1.63337
1.5959
1.55963
1.52986
1.50444
1.48164
1.45976
1.43602
1.41113
1.38787
1.36447
1.33774
1.31036
1.28827
1.27088
1.25355
1.23471
1.21525
1.19588
1.17572
1.15242
1.12415
1.0991
1.08475
1.07358
1.06281
1.0518
1.03971
1.02576
1.00958
0.991205
0.971178
0.951858
0.935218
0.920342
0.905881
0.892005
0.880684
0.872017
0.86278
0.851552
0.838765
2.49873
2.46249
2.42722
2.39364
2.36185
2.32899
2.29275
2.25426
2.215
2.17646
2.13982
2.10466
2.06855
2.03111
1.99456
1.95905
1.92368
1.88678
1.84834
1.81144
1.77915
1.75034
1.72249
1.69353
1.66116
1.62434
1.58805
1.55971
1.535
1.50993
1.48495
1.4602
1.43424
1.40802
1.3843
1.36175
1.33674
1.3112
1.29064
1.2746
1.25935
1.24268
1.22453
1.20358
1.1756
1.14118
1.11651
1.10272
1.09073
1.07861
1.06617
1.05319
1.03924
1.02419
1.00806
0.990734
0.972858
0.956024
0.940516
0.925094
0.908743
0.892031
0.877498
0.868026
0.860852
0.852331
2.50528
2.47084
2.43785
2.4067
2.37624
2.34328
2.30707
2.26926
2.23107
2.19352
2.15693
2.12041
2.08455
2.05049
2.01637
1.98179
1.94576
1.90761
1.86862
1.83221
1.80089
1.77304
1.74567
1.7172
1.68682
1.65301
1.61771
1.58749
1.56254
1.53813
1.51196
1.48488
1.45785
1.43094
1.40468
1.38019
1.35695
1.33319
1.31253
1.2958
1.28106
1.26618
1.24928
1.22873
1.20014
1.16347
1.13613
1.12077
1.10762
1.09426
1.08046
1.06648
1.05254
1.0385
1.0239
1.00817
0.990954
0.973221
0.956678
0.941237
0.925428
0.908609
0.892248
0.877966
0.866643
0.858632
2.51361
2.48118
2.45016
2.42024
2.38944
2.35549
2.31917
2.28203
2.24459
2.20708
2.1698
2.13456
2.10229
2.07051
2.03762
2.00272
1.96548
1.92661
1.88801
1.8532
1.82259
1.79473
1.76774
1.73926
1.70905
1.67752
1.6454
1.61536
1.58823
1.56303
1.53764
1.51071
1.48311
1.45574
1.42832
1.39995
1.37204
1.34976
1.33245
1.31677
1.3014
1.28589
1.26901
1.24868
1.2219
1.18901
1.15979
1.14051
1.1255
1.11101
1.09609
1.08063
1.06525
1.05109
1.0379
1.02384
1.00789
0.990423
0.972441
0.95547
0.94024
0.925939
0.91116
0.895163
0.879122
0.864201
2.52309
2.49253
2.46277
2.43277
2.40056
2.36554
2.32934
2.29256
2.25484
2.21738
2.18288
2.15137
2.12084
2.08956
2.05656
2.02156
1.98413
1.94491
1.90756
1.8744
1.84457
1.81673
1.78908
1.76021
1.72952
1.69772
1.66744
1.63968
1.61282
1.58622
1.56036
1.53491
1.50905
1.48249
1.45419
1.42224
1.38974
1.36621
1.34975
1.33515
1.31949
1.30228
1.28347
1.26275
1.23918
1.21261
1.18671
1.16426
1.14502
1.12786
1.1119
1.09635
1.08052
1.06406
1.04777
1.03332
1.01963
1.00455
0.98806
0.971856
0.957125
0.943465
0.929415
0.913084
0.893289
0.873145
2.53241
2.5035
2.47434
2.44339
2.40954
2.37387
2.33783
2.30121
2.26453
2.23039
2.19899
2.16877
2.13819
2.1065
2.07311
2.03765
2.00036
1.96292
1.92779
1.8961
1.86676
1.83866
1.81047
1.78076
1.74862
1.71519
1.68446
1.65792
1.63323
1.60808
1.58254
1.55763
1.53332
1.50813
1.47989
1.44632
1.41134
1.38608
1.36776
1.35156
1.33556
1.31806
1.29814
1.27552
1.25228
1.23048
1.20974
1.18971
1.16972
1.14922
1.12892
1.11041
1.09382
1.07755
1.06039
1.04318
1.0275
1.01355
1.0003
0.987255
0.974488
0.96173
0.948048
0.931632
0.910381
0.886574
2.54056
2.51294
2.4838
2.4516
2.41676
2.3813
2.34625
2.31131
2.27739
2.24559
2.21522
2.18467
2.15337
2.12057
2.08615
2.05084
2.01549
1.98048
1.94792
1.91789
1.88914
1.86035
1.83062
1.79943
1.76677
1.73368
1.70198
1.67289
1.64747
1.62519
1.60324
1.58011
1.55604
1.53075
1.50254
1.46981
1.43626
1.40988
1.38911
1.3696
1.34998
1.33029
1.31021
1.28858
1.26592
1.24527
1.22729
1.21006
1.19219
1.1728
1.15167
1.12955
1.10771
1.08738
1.06913
1.05225
1.03654
1.0228
1.01108
1.00025
0.989411
0.978033
0.965227
0.949013
0.926673
0.900677
2.54686
2.51983
2.49037
2.45787
2.42375
2.38987
2.3566
2.32354
2.29152
2.26086
2.23001
2.19819
2.16555
2.13184
2.09736
2.06311
2.02949
1.99735
1.96726
1.9388
1.91054
1.88098
1.8496
1.81663
1.78341
1.75152
1.72086
1.69118
1.66331
1.63885
1.61873
1.59928
1.57648
1.55064
1.52191
1.49076
1.46066
1.43467
1.4115
1.38918
1.36697
1.34435
1.32111
1.29865
1.27802
1.2596
1.24299
1.22676
1.20996
1.19198
1.17209
1.1497
1.12576
1.10269
1.08119
1.06091
1.04359
1.03053
1.02009
1.01074
1.00134
0.991211
0.979697
0.964773
0.943035
0.915014
2.55187
2.52456
2.49481
2.46315
2.43103
2.39938
2.3678
2.33604
2.30512
2.27475
2.24273
2.20885
2.17537
2.14244
2.1087
2.07527
2.04344
2.01388
1.98552
1.95769
1.92922
1.89903
1.86703
1.83383
1.80078
1.76942
1.73989
1.71096
1.68262
1.65639
1.63312
1.6129
1.59222
1.5675
1.53904
1.50955
1.48238
1.45789
1.43433
1.4104
1.38558
1.3599
1.33377
1.30877
1.28826
1.272
1.25692
1.24148
1.2251
1.2075
1.18841
1.16755
1.1447
1.11988
1.09439
1.07132
1.05371
1.04091
1.03002
1.01972
1.00964
0.99946
0.988626
0.975815
0.957898
0.932483
2.55528
2.52789
2.49902
2.46916
2.43903
2.40882
2.37803
2.34704
2.31667
2.28551
2.25254
2.22019
2.18817
2.1547
2.12096
2.08812
2.05809
2.03021
2.00239
1.97302
1.94322
1.91363
1.88318
1.8519
1.82015
1.78863
1.75874
1.73083
1.70382
1.67707
1.65074
1.62548
1.60249
1.57966
1.55407
1.52699
1.50167
1.47824
1.45508
1.43091
1.40509
1.37766
1.34973
1.32343
1.30052
1.28106
1.26446
1.24965
1.23497
1.21915
1.20187
1.1833
1.16306
1.13929
1.11099
1.08408
1.0657
1.05265
1.04101
1.02981
1.01885
1.00796
0.996849
0.984605
0.968859
0.946865
2.55874
2.53206
2.50442
2.47579
2.44646
2.4163
2.38539
2.35478
2.32456
2.29316
2.26211
2.23278
2.20193
2.16854
2.13439
2.10271
2.07377
2.0454
2.01583
1.98507
1.95448
1.92572
1.8984
1.87039
1.84071
1.80935
1.77842
1.75031
1.7239
1.69719
1.66941
1.6409
1.61249
1.58652
1.5634
1.54093
1.51816
1.49544
1.47251
1.44868
1.42339
1.3963
1.3675
1.33862
1.31336
1.29293
1.27455
1.25687
1.24041
1.2254
1.21097
1.19582
1.17867
1.15692
1.1277
1.09846
1.07982
1.06657
1.05437
1.04242
1.03039
1.01789
1.0042
0.98843
0.97036
0.951814
2.56303
2.53714
2.51011
2.48153
2.45182
2.42098
2.38958
2.35889
2.32871
2.29963
2.27288
2.24596
2.21567
2.183
2.15051
2.11951
2.08876
2.05804
2.02731
1.99632
1.96631
1.93842
1.91317
1.88772
1.85984
1.82957
1.79892
1.77025
1.743
1.7156
1.687
1.65664
1.62532
1.59609
1.57167
1.55083
1.53043
1.50879
1.48624
1.46303
1.43892
1.41371
1.38714
1.3588
1.32996
1.30442
1.28293
1.26368
1.24659
1.2319
1.21888
1.20573
1.19047
1.17026
1.14239
1.11316
1.09373
1.07994
1.06706
1.05409
1.04075
1.02663
1.01124
0.994533
0.977352
0.960121
2.56801
2.54252
2.51535
2.48621
2.45554
2.42408
2.3933
2.364
2.33604
2.30975
2.28466
2.25811
2.22835
2.1972
2.16679
2.13669
2.10481
2.07084
2.03776
2.00781
1.97928
1.95277
1.92791
1.90295
1.87574
1.84657
1.81764
1.78948
1.76145
1.73295
1.70338
1.67232
1.64033
1.60978
1.58306
1.56006
1.53888
1.51759
1.4956
1.47355
1.45149
1.42897
1.40533
1.37866
1.34704
1.3162
1.29308
1.27449
1.25751
1.24138
1.22586
1.21085
1.19568
1.17813
1.15503
1.12873
1.1076
1.09227
1.07875
1.06533
1.05154
1.03701
1.02086
1.00186
0.980387
0.961221
2.57306
2.5478
2.52024
2.49049
2.45952
2.42841
2.39895
2.37139
2.34525
2.32026
2.29557
2.26892
2.23994
2.21006
2.17991
2.14927
2.11714
2.08367
2.05214
2.02278
1.99545
1.96875
1.94139
1.91298
1.88493
1.85855
1.83256
1.80566
1.77777
1.7489
1.71905
1.68826
1.65705
1.62626
1.59681
1.56971
1.54601
1.5248
1.50427
1.48402
1.46416
1.4436
1.42134
1.39577
1.36387
1.32938
1.30411
1.28593
1.26946
1.25322
1.2367
1.21916
1.20014
1.18079
1.16206
1.14232
1.12198
1.10371
1.08858
1.07535
1.06214
1.04709
1.02928
1.00887
0.987385
0.968236
2.5789
2.55353
2.5255
2.49526
2.46429
2.43466
2.40698
2.38067
2.35501
2.33002
2.30504
2.27814
2.24944
2.22008
2.18977
2.15755
2.12476
2.09501
2.06776
2.04097
2.01307
1.9841
1.95396
1.92297
1.89289
1.86578
1.84215
1.81853
1.7918
1.7637
1.73483
1.70517
1.67445
1.64257
1.61057
1.58103
1.55565
1.53381
1.51385
1.49385
1.47381
1.45406
1.43332
1.40889
1.37855
1.34674
1.32048
1.29994
1.28218
1.26521
1.2477
1.22865
1.20788
1.18692
1.1681
1.15154
1.13513
1.11766
1.09952
1.08187
1.06508
1.0484
1.03095
1.01258
0.994229
0.977754
2.58442
2.55839
2.5299
2.50001
2.47036
2.44248
2.41618
2.39042
2.36481
2.33958
2.31377
2.28589
2.25678
2.22699
2.19565
2.16366
2.13416
2.10828
2.08529
2.05921
2.02968
1.99834
1.96526
1.9322
1.90118
1.87241
1.84642
1.82436
1.80325
1.77789
1.75065
1.72233
1.69176
1.65842
1.62492
1.59422
1.56699
1.54346
1.52358
1.50551
1.48629
1.46498
1.44049
1.4134
1.38691
1.36254
1.33971
1.31756
1.29643
1.27678
1.25766
1.23773
1.21667
1.19574
1.17722
1.16133
1.14614
1.12964
1.11042
1.08928
1.06913
1.0511
1.03364
1.01657
1.00062
0.986369
2.5897
2.56266
2.53352
2.50401
2.47577
2.44911
2.42375
2.39869
2.37352
2.34806
2.32118
2.29198
2.26153
2.23052
2.19935
2.16986
2.14375
2.12192
2.10081
2.07354
2.04283
2.00992
1.97506
1.94134
1.9101
1.88093
1.85375
1.82948
1.80934
1.79017
1.76559
1.73701
1.7055
1.6716
1.63868
1.6094
1.58296
1.55862
1.53615
1.51513
1.49448
1.47138
1.44556
1.41952
1.39651
1.37616
1.35608
1.33474
1.31151
1.28797
1.26637
1.2462
1.22661
1.20783
1.18963
1.17197
1.15508
1.13828
1.12001
1.09894
1.07618
1.05519
1.037
1.02
1.00506
0.992358
2.59352
2.56487
2.53545
2.50697
2.48027
2.45509
2.43079
2.40683
2.38242
2.35661
2.32833
2.29743
2.26503
2.23274
2.20214
2.17446
2.15067
2.13107
2.11147
2.08454
2.05408
2.02087
1.98503
1.9512
1.92007
1.8905
1.86341
1.83879
1.81632
1.79575
1.77407
1.74779
1.71668
1.68333
1.65242
1.62563
1.60095
1.57646
1.55115
1.52583
1.5013
1.47665
1.45168
1.42843
1.40808
1.38888
1.36948
1.34894
1.32591
1.29995
1.27496
1.25537
1.23845
1.22096
1.20215
1.18301
1.16483
1.14769
1.1301
1.10973
1.08477
1.05914
1.04111
1.02922
1.0175
1.0048
2.59338
2.56335
2.53435
2.50743
2.48261
2.45953
2.43746
2.41527
2.3915
2.36511
2.3357
2.30387
2.27095
2.23844
2.20777
2.18013
2.15683
2.13789
2.11838
2.09309
2.06299
2.02977
1.99515
1.96404
1.93478
1.90594
1.87717
1.84927
1.82256
1.79785
1.77481
1.75083
1.72371
1.69465
1.66757
1.64309
1.61915
1.59425
1.56695
1.53621
1.50434
1.47828
1.45848
1.44049
1.42157
1.4022
1.38244
1.36185
1.33949
1.3143
1.2876
1.26338
1.24286
1.22438
1.20691
1.18974
1.17276
1.15607
1.13905
1.12002
1.0973
1.07187
1.04823
1.02895
1.0142
1.0011
2.59021
2.55996
2.53189
2.50685
2.48396
2.46268
2.4427
2.42254
2.39962
2.37272
2.34223
2.30961
2.2766
2.24473
2.21528
2.18905
2.16663
2.14643
2.1229
2.09438
2.06426
2.03359
2.00382
1.97714
1.95041
1.92092
1.89117
1.8611
1.83106
1.80126
1.77302
1.74871
1.72869
1.70823
1.68435
1.65971
1.63509
1.6091
1.58025
1.54663
1.51125
1.48288
1.46206
1.44493
1.42882
1.41109
1.3922
1.37269
1.35233
1.32908
1.30048
1.27013
1.24679
1.22937
1.21383
1.19867
1.18278
1.16573
1.14793
1.1293
1.10906
1.08558
1.05869
1.03476
1.01735
1.00335
2.58626
2.55673
2.52947
2.50551
2.48506
2.46672
2.44944
2.42992
2.40562
2.37713
2.34615
2.31429
2.28265
2.25213
2.2238
2.19884
2.17667
2.15325
2.12448
2.09326
2.06283
2.03437
2.00864
1.98614
1.96422
1.93573
1.90519
1.87355
1.84082
1.80803
1.77751
1.7513
1.72897
1.71121
1.69444
1.67215
1.64771
1.62179
1.59275
1.55851
1.52096
1.48936
1.46804
1.45121
1.4375
1.42335
1.40681
1.389
1.36923
1.34515
1.31348
1.27862
1.25056
1.2311
1.21453
1.19844
1.18281
1.16737
1.15164
1.13555
1.11878
1.09853
1.07187
1.04385
1.02256
1.00653
2.58204
2.55284
2.5259
2.5019
2.48446
2.47279
2.45766
2.43467
2.40639
2.376
2.34559
2.31621
2.28805
2.26117
2.2358
2.21201
2.18766
2.15847
2.12547
2.09286
2.06262
2.03535
2.0112
1.99055
1.97108
1.94532
1.91454
1.88228
1.84927
1.81685
1.78611
1.75758
1.73192
1.71025
1.69347
1.67582
1.65194
1.62624
1.59875
1.56892
1.53571
1.50459
1.48
1.45988
1.44216
1.42592
1.40857
1.39007
1.37036
1.3482
1.3214
1.28807
1.2573
1.23426
1.21654
1.19999
1.18472
1.17148
1.15933
1.14679
1.13167
1.11154
1.08375
1.05347
1.0295
1.01237
2.57794
2.54917
2.52324
2.50538
2.49642
2.48549
2.46346
2.43351
2.40207
2.37143
2.3427
2.31658
2.29292
2.27045
2.24831
2.22466
2.19574
2.16161
2.12679
2.09365
2.06336
2.03681
2.01417
1.9949
1.97629
1.95203
1.92192
1.8899
1.8577
1.82652
1.79596
1.7659
1.73758
1.71151
1.68922
1.67197
1.65351
1.6298
1.60408
1.57674
1.54948
1.52144
1.49269
1.46825
1.44881
1.43097
1.41227
1.39233
1.37117
1.34841
1.3244
1.29962
1.27127
1.24391
1.22147
1.20468
1.18951
1.17439
1.15901
1.14321
1.12664
1.10845
1.0881
1.06331
1.03986
1.02041
2.57388
2.54681
2.52639
2.51752
2.5132
2.49484
2.46382
2.43029
2.3977
2.36746
2.33979
2.31558
2.29487
2.27697
2.25917
2.23427
2.20101
2.1657
2.13095
2.09816
2.06806
2.04171
2.0188
1.99801
1.97614
1.95047
1.92315
1.89549
1.86596
1.83573
1.80521
1.7743
1.74436
1.71644
1.69076
1.66902
1.65148
1.63247
1.60912
1.58463
1.55954
1.53346
1.50572
1.47763
1.45345
1.43337
1.41353
1.39252
1.37036
1.34738
1.32466
1.3032
1.28279
1.25831
1.23237
1.21098
1.1943
1.17844
1.16186
1.14409
1.12499
1.10492
1.08587
1.07016
1.05357
1.03561
2.5712
2.54805
2.53629
2.53553
2.52697
2.49925
2.46572
2.42846
2.39454
2.3641
2.33651
2.31239
2.29306
2.27959
2.26513
2.23818
2.20597
2.17172
2.1379
2.10571
2.07562
2.04836
2.02358
1.99937
1.97351
1.94712
1.92245
1.89944
1.87412
1.84529
1.81525
1.78363
1.75219
1.72348
1.69668
1.67234
1.65142
1.63247
1.61236
1.58941
1.56563
1.5411
1.51535
1.48782
1.45949
1.43463
1.41311
1.39169
1.36988
1.34825
1.32761
1.30808
1.28846
1.26807
1.24453
1.21967
1.19838
1.18031
1.16261
1.14396
1.1242
1.10425
1.08545
1.0681
1.05232
1.03727
2.57017
2.55343
2.55054
2.55138
2.53332
2.50226
2.46762
2.42922
2.39304
2.36114
2.33225
2.30797
2.29256
2.28462
2.26724
2.23915
2.20894
2.178
2.14612
2.1132
2.08144
2.05145
2.02374
1.99761
1.97217
1.94724
1.92352
1.90174
1.87899
1.85187
1.82225
1.79073
1.75963
1.73098
1.70422
1.67893
1.65541
1.63351
1.61328
1.59219
1.56881
1.5449
1.52028
1.4942
1.46576
1.43665
1.41189
1.39044
1.36996
1.35022
1.33124
1.31274
1.29435
1.27506
1.25329
1.22834
1.20345
1.18218
1.16302
1.14401
1.1248
1.10608
1.08855
1.07226
1.05664
1.04071
2.57126
2.56083
2.56301
2.55877
2.53474
2.50321
2.46818
2.42974
2.39211
2.35915
2.32914
2.30701
2.29771
2.28961
2.26686
2.23782
2.20825
2.17845
2.14852
2.11831
2.08707
2.05522
2.02571
2.00119
1.97796
1.95248
1.92721
1.90357
1.87978
1.8535
1.82468
1.79517
1.7672
1.74041
1.7135
1.68666
1.66123
1.63699
1.61436
1.59349
1.5708
1.54696
1.52248
1.49717
1.47031
1.44117
1.41358
1.39147
1.37189
1.35305
1.33457
1.31626
1.29787
1.27878
1.25792
1.23392
1.20781
1.18371
1.16329
1.1448
1.12712
1.11009
1.09363
1.07719
1.05998
1.04175
2.57481
2.56722
2.56857
2.5598
2.53258
2.50078
2.46546
2.42744
2.39131
2.3595
2.33129
2.31373
2.30797
2.29409
2.266
2.2355
2.20463
2.17489
2.14635
2.11839
2.09008
2.06215
2.03676
2.01292
1.98681
1.9591
1.93139
1.90419
1.8771
1.85092
1.82641
1.80167
1.7763
1.75076
1.72447
1.69743
1.66943
1.64204
1.61719
1.59423
1.57111
1.54703
1.52282
1.49842
1.47324
1.44599
1.41779
1.39386
1.37408
1.3554
1.33692
1.31835
1.29943
1.27974
1.25871
1.23561
1.21053
1.18608
1.16522
1.14761
1.13147
1.11557
1.09901
1.08128
1.06245
1.04278
2.57841
2.5704
2.56964
2.55595
2.52671
2.49402
2.4577
2.42168
2.39044
2.36138
2.33848
2.32754
2.32031
2.29691
2.26649
2.23336
2.19925
2.16829
2.14042
2.11476
2.09154
2.07129
2.05097
2.02516
1.9957
1.96439
1.93256
1.90145
1.87332
1.84884
1.82812
1.80767
1.78424
1.75948
1.73349
1.70531
1.67371
1.64242
1.61532
1.59168
1.56973
1.54707
1.52425
1.5011
1.477
1.45108
1.4235
1.39781
1.37634
1.3569
1.33778
1.3184
1.29856
1.27823
1.25742
1.23583
1.21308
1.1901
1.16912
1.1509
1.13431
1.11799
1.10105
1.08345
1.06548
1.04714
2.58127
2.57147
2.56766
2.5494
2.51888
2.48445
2.44809
2.4165
2.38901
2.36646
2.35201
2.34565
2.32988
2.30007
2.26767
2.23113
2.19321
2.16057
2.13287
2.11073
2.09602
2.08492
2.06513
2.03652
2.00454
1.96779
1.92992
1.89725
1.87057
1.84807
1.83057
1.81407
1.79242
1.76749
1.74041
1.70835
1.67156
1.63896
1.61382
1.59124
1.57089
1.55019
1.52838
1.50617
1.48266
1.45697
1.42898
1.40118
1.37727
1.35642
1.33645
1.31652
1.29657
1.27675
1.25703
1.23691
1.21558
1.19296
1.17113
1.15176
1.13421
1.1179
1.10242
1.08699
1.07094
1.05454
2.58349
2.57156
2.56283
2.54022
2.50869
2.47343
2.43999
2.41138
2.38642
2.37004
2.3659
2.36113
2.3367
2.30401
2.2675
2.2261
2.18506
2.1523
2.12563
2.10774
2.10254
2.09754
2.07455
2.04497
2.01038
1.96865
1.92589
1.89431
1.86856
1.8474
1.83406
1.82156
1.79922
1.77371
1.74435
1.70727
1.66784
1.6379
1.61428
1.59227
1.57265
1.55368
1.53283
1.51164
1.48909
1.46312
1.43238
1.40164
1.37628
1.35477
1.3346
1.31488
1.29548
1.27646
1.25758
1.23816
1.21707
1.19375
1.1708
1.15135
1.1343
1.11839
1.10394
1.09078
1.07865
1.06624
2.5855
2.56928
2.5541
2.53052
2.50032
2.46957
2.4405
2.4129
2.38912
2.37582
2.37567
2.36946
2.34174
2.30801
2.26688
2.21854
2.17773
2.14821
2.12283
2.10881
2.11205
2.10654
2.08032
2.04976
2.01335
1.96686
1.92296
1.89282
1.86744
1.84791
1.83964
1.82756
1.80322
1.7766
1.74511
1.70533
1.66549
1.63746
1.61458
1.59334
1.57569
1.55757
1.53689
1.51567
1.49215
1.46426
1.4321
1.40076
1.37512
1.35348
1.33339
1.31401
1.29518
1.27676
1.25827
1.23891
1.21765
1.19382
1.16953
1.14923
1.13354
1.12014
1.10755
1.09497
1.08175
1.06729
)
;

boundaryField
{
    inlet
    {
        type            fixedValue;
        value           uniform 1;
    }
    outlet
    {
        type            zeroGradient;
    }
    bottom
    {
        type            symmetryPlane;
    }
    top
    {
        type            symmetryPlane;
    }
    obstacle
    {
        type            zeroGradient;
    }
    defaultFaces
    {
        type            empty;
    }
    procBoundary2to0
    {
        type            processor;
        value           nonuniform List<scalar> 
115
(
1
1
1.0188
2.3232
3.24662
3.29303
3.28308
3.27191
3.2538
3.23852
3.22535
3.21665
3.21318
3.21187
3.20926
3.20285
3.19239
3.17961
3.16411
3.14957
3.13819
3.12855
3.11976
3.10998
3.09784
3.08294
3.06574
3.04707
3.02845
3.01039
2.99334
2.97677
2.96001
2.9424
2.92169
2.89739
2.86858
2.83744
2.80483
2.77334
2.74279
2.71391
2.68436
2.65263
2.61718
2.57848
2.53781
2.49685
1.48859
1.45702
1.41863
1.38225
1.36014
1.34357
1.32307
1.30076
1.27876
1.25441
1.22295
1.18898
1.16773
1.15559
1.14502
1.12952
1.11079
1.09504
1.08194
1.06647
1.04728
1.02617
1.00902
0.99585
0.982423
0.967995
0.953099
0.938153
0.923697
0.909219
0.891922
0.871011
0.856917
0.848332
0.840517
0.83405
0.826207
0.817219
0.807704
0.804593
0.795676
0.811283
2.45691
2.41842
2.38068
2.34255
2.30166
2.25618
2.2081
2.16032
2.11355
2.06821
2.02617
1.98885
1.95486
1.91944
1.87931
1.8344
1.78782
1.74711
1.71222
1.67928
1.64683
1.61586
1.58512
1.5527
1.5527
)
;
    }
    procBoundary2to1
    {
        type            processor;
        value           nonuniform List<scalar> 4(0.784139 0.784308 0.798505 0.808554);
    }
    procBoundary2to3
    {
        type            processor;
        value           nonuniform List<scalar> 
32
(
0.824252
0.840781
0.850688
0.852278
0.858786
0.868809
0.881319
0.892753
0.906184
0.923014
0.934074
0.94276
0.947521
0.95354
0.964211
0.973731
0.980484
0.991312
0.988288
0.990427
0.992214
0.998458
1.00412
1.01788
1.02159
1.02356
1.02305
1.02333
1.02854
1.03791
1.05117
1.0504
)
;
    }
}


// ************************************************************************* //
