/*--------------------------------*- C++ -*----------------------------------*\
  =========                 |
  \\      /  F ield         | OpenFOAM: The Open Source CFD Toolbox
   \\    /   O peration     | Website:  https://openfoam.org
    \\  /    A nd           | Version:  7
     \\/     M anipulation  |
\*---------------------------------------------------------------------------*/
FoamFile
{
    version     2.0;
    format      ascii;
    class       volScalarField;
    location    "2.6";
    object      T;
}
// * * * * * * * * * * * * * * * * * * * * * * * * * * * * * * * * * * * * * //

dimensions      [0 0 0 1 0 0 0];

internalField   nonuniform List<scalar> 
4032
(
1
1
1
1
1
1
1
1
1
1
1
1
1
1
3.35245
5.72968
5.91046
5.94171
5.97244
5.99659
6.01644
6.03144
6.04239
6.05051
1
1
1
1
1
1
1
1
1
1
1
1
1
1
3.28601
5.70279
5.90622
5.93904
5.96866
5.99143
6.00984
6.02364
6.03338
6.04101
1
1
1
1
1
1
1
1
1
1
1
1
1
1
3.02431
5.61204
5.88444
5.92464
5.9583
5.98198
5.99975
6.01279
6.02125
6.02882
1
1
1
1
1
1
1
1
1
1
1
1
1
1
2.69032
5.48429
5.85475
5.90518
5.94526
5.96981
5.98655
5.99773
6.00263
6.00718
1
1
1
1
1
1
1
1
1
1
1
1
1
1
2.14432
5.2566
5.817
5.87439
5.92083
5.94716
5.96386
5.97296
5.97397
5.9785
1
1
1
1
1
1
1
1
1
1
1
1
1
1
1.28525
4.95818
5.82503
5.82399
5.86669
5.90457
5.92958
5.9423
5.93906
5.92547
1
1
1
1
1
1
1
1
1
1
1
1
1
1
1.00448
4.66219
5.7479
5.76318
5.80068
5.83964
5.86805
5.87558
5.86445
5.84954
1
1
1
1
1
1
1
1
1
1
1
1
1
1
0.999998
4.18358
5.67071
5.72293
5.74914
5.77554
5.79379
5.80389
5.80403
5.83402
1
1
1
1
1
1
1
1
1
1
1
1
1
1
0.999999
3.4335
5.46008
5.67299
5.70633
5.71536
5.71047
5.68937
5.5955
5.38226
1
1
1
1
1
1
1
1
1
1
1
1
1
1
1
2.162
4.99554
5.59453
5.6363
5.6467
5.62537
5.56191
5.43639
5.10216
1
1
1
1
1
1
1
1
1
1
1
1
1
1
1
1.10095
4.50167
5.48315
5.55433
5.5605
5.5326
5.45266
5.30332
4.93611
1
1
1
1
1
1
1
1
1
1
1
1
1
1
1
1.00032
3.69653
5.22328
5.46264
5.454
5.42785
5.35568
5.17863
4.86379
1
1
1
1
1
1
1
1
1
1
1
1
1
1
1
0.999976
1.95214
4.68328
5.36423
5.33947
5.31329
5.24841
5.09335
4.85891
1
1
1
1
1
1
1
1
1
1
1
1
1
1
1
0.999996
1.06091
4.22989
5.1919
5.15803
5.16503
5.12534
5.01505
4.83762
1
1
1
1
1
1
1
1
1
1
1
1
1
1
1
1
1.00003
2.81405
4.73051
5.0743
5.05219
5.0073
4.92298
4.79439
1
1
1
1
1
1
1
1
1
1
1
1
1
1
1
1
0.999981
1.25864
4.14643
4.98505
4.94901
4.90625
4.83492
4.73664
1
1
1
1
1
1
1
1
1
1
1
1
1
1
1
1
0.999997
1.00291
2.67951
4.4803
4.85261
4.79507
4.72924
4.65037
1
1
1
1
1
1
1
1
1
1
1
1
1
1
1
1
1
1
1.23984
3.84204
4.76472
4.69434
4.64491
4.57737
1
1
1
1
1
1
1
1
1
1
1
1
1
1
1
1
1
1
1.00231
2.23524
4.10119
4.59036
4.53537
4.48478
1
1
1
1
1
1
1
1
1
1
1
1
1
1
1
1
1
1
1
1.11704
3.20481
4.42167
4.42951
4.40676
1
1
1
1
1
1
1
1
1
1
1
1
1
1
1
1
1
1
1
1.00053
1.62966
3.6934
4.34173
4.30087
1
1
1
1
1
1
1
1
1
1
1
1
1
1
1
1
1
1
1
1
1.02025
2.27931
3.78141
4.21406
1
1
1
1
1
1
1
1
1
1
1
1
1
1
1
1
1
1
1
1
1.00004
1.1349
2.8037
3.85033
1
1
1
1
1
1
1
1
1
1
1
1
1
1
1
1
1
1
1
1
1
1.0009
1.41517
3.05163
1
1
1
1
1
1
1
1
1
1
1
1
1
1
1
1
1
1
1
1
1
1
1.0083
1.68457
1
1
1
1
1
1
1
1
1
1
1
1
1
1
1
1
1
1
1
1
1
1
1.00002
1.0274
1
1
1
1
1
1
1
1
1
1
1
1
1
1
1
1
1
1
1
1
1
1
1
1.00009
1
1
1
1
1
1
1
1
1
1
1
1
1
1
1
1
1
1
1
1
1
1
1
1
1
1
1
1
1
1
1
1
1
1
1
1
1
1
1
1
1
1
1
1
1
1
1
1
1
1
1
1
1
1
1
1
1
1
1
1
1
1
1
1
1
1
1
1
1
1
1
1
1
1
1
1
1
1
1
1
1
1
1
1
1
1
1
1
1
1
1
1
1
1
1
1
1
1
1
1
1
1
1
1
1
1
1
1
1
1
1
1
1
1
1
1
1
1
1
1
1
1
1
1
1
1
1
1
1
1
1
1
1
1
1
1
1
1
1
1
1
1
1
1
1
1
1
1
1
1
1
1
1
1
1
1
1
1
1
1
1
1
1
1
1
1
1
1
1
1
1
1
1
1
1
1
1
1
1
1
1
1
1
1
1
1
1
1
1
1
1
1
1
1
1
1
1
1
1
1
1
1
1
1
1
1
1
1
1
1
1
1
1
1
1
1
1
1
1
1
1
1
1
1
1
1
1
1
1
1
1
1
1
1
1
1
1
1
1
1
1
1
1
1
1
1
1
1
1
1
1
1
1
1
1
1
1
1
1
1
1
1
1
1
1
1
1
1
1
1
1
1
1
1
1
1
1
1
1
1
1
1
1
1
1
1
1
1
1
1
1
1
1
1
1
1
1
1
1
1
1
1
1
1
1
1
1
1
1
1
1
1
3.6358
2.56935
2.16536
2.21875
2.26211
2.4723
2.74199
3.01355
3.25127
3.31944
3.31563
3.28289
3.27788
3.37966
3.53929
3.56085
3.53883
3.49693
3.449
3.4437
3.43991
3.42969
3.40756
3.39393
3.38922
3.38911
3.38114
3.37715
3.37664
3.37123
3.36125
3.34427
3.32252
3.31464
3.31464
3.31426
3.31349
3.30998
3.3001
3.28464
3.27043
3.26207
3.26097
3.2611
3.26078
3.25865
3.25059
3.23726
3.22643
3.21233
3.21049
4.85444
5.99156
5.95272
5.90453
5.85374
5.78301
5.70788
5.6322
5.56312
5.50946
5.46894
5.4331
5.3889
5.3276
5.26067
5.19755
5.14542
5.1056
5.0855
5.08461
5.0764
5.0424
5.0027
4.95072
4.88889
4.83838
4.80826
4.78768
4.78427
4.79518
4.79572
4.77428
4.74622
4.69634
4.62834
4.58006
4.55353
4.53447
4.53217
4.54053
4.53659
4.5092
4.47649
4.42721
4.35074
4.12254
3.44437
3.17345
2.96279
2.6683
2.6236
2.66018
2.71569
2.72695
2.74034
2.77382
2.82537
2.90993
3.04189
3.16428
3.22473
3.26113
3.26471
3.26424
3.27494
3.30324
3.32104
3.31464
3.30959
3.30608
3.30524
3.29988
3.30247
3.30969
3.30879
3.30384
3.29076
3.27463
3.2681
3.2663
3.26707
3.26718
3.26487
3.25724
3.24494
3.23548
3.23056
3.22818
3.22743
3.22645
3.22353
3.21595
3.20567
3.1962
3.18561
3.20845
4.53702
5.83945
5.80201
5.72768
5.68063
5.63366
5.58184
5.51659
5.45037
5.39559
5.35444
5.32529
5.30138
5.2687
5.21969
5.16605
5.10818
5.05706
5.01965
4.99765
4.98788
4.97469
4.95343
4.92568
4.89006
4.84207
4.79401
4.76368
4.74573
4.7388
4.73002
4.71856
4.7003
4.67287
4.63943
4.59522
4.55385
4.52832
4.512
4.5012
4.48575
4.46821
4.44492
4.41377
4.36453
4.34053
3.87826
3.54964
3.31501
3.05822
2.86577
2.79398
2.70065
2.61705
2.56398
2.56515
2.61035
2.689
2.75968
2.8031
2.84341
2.9069
2.97189
3.00798
3.04863
3.09522
3.14323
3.16983
3.17885
3.17777
3.1739
3.1662
3.16694
3.17097
3.16948
3.16666
3.15932
3.15435
3.15406
3.15531
3.16145
3.16385
3.16225
3.15673
3.14875
3.14545
3.14601
3.14586
3.14457
3.14125
3.13561
3.12702
3.11882
3.11126
3.13683
3.33437
4.04803
5.29647
5.49624
5.40953
5.35243
5.33227
5.31966
5.28753
5.25205
5.20853
5.1658
5.13178
5.10686
5.08962
5.06882
5.03932
5.00668
4.96325
4.90557
4.85759
4.83109
4.81484
4.80829
4.80768
4.79936
4.78062
4.75598
4.71693
4.66615
4.63266
4.61661
4.60066
4.58743
4.58527
4.58118
4.56509
4.54133
4.50193
4.45615
4.42709
4.40701
4.38508
4.36374
4.35361
4.33312
4.45384
4.10168
3.82697
3.56325
3.35175
3.18111
3.04876
2.91695
2.80207
2.74388
2.69151
2.64382
2.62264
2.60745
2.61228
2.62411
2.66042
2.72697
2.80104
2.85027
2.88436
2.92856
2.97085
2.99812
3.02583
3.04442
3.04962
3.05605
3.06487
3.0625
3.05244
3.04173
3.03641
3.03558
3.03616
3.03955
3.04284
3.04291
3.04054
3.03769
3.03807
3.04017
3.04073
3.03998
3.03664
3.02825
3.01853
3.01689
3.03539
3.23523
3.78414
3.97006
4.48006
4.96145
5.0509
5.09873
5.0745
5.05322
5.02367
5.00141
4.978
4.9408
4.90975
4.89041
4.874
4.86214
4.84885
4.82943
4.80568
4.77013
4.72185
4.68431
4.66611
4.65444
4.65023
4.65021
4.64692
4.63513
4.61509
4.5765
4.5233
4.48656
4.47109
4.46414
4.46597
4.47611
4.47708
4.46617
4.44398
4.40113
4.34298
4.30167
4.2799
4.26763
4.26821
4.2696
4.55155
4.25053
4.01528
3.79959
3.57254
3.41325
3.26419
3.12284
3.01031
2.91232
2.83012
2.75756
2.70215
2.65465
2.60885
2.604
2.61024
2.61934
2.64348
2.68452
2.72452
2.77203
2.82999
2.87064
2.90613
2.93367
2.94336
2.95104
2.967
2.98018
2.97917
2.98027
2.9811
2.98033
2.97783
2.97265
2.96621
2.95962
2.95241
2.95054
2.952
2.95571
2.95925
2.95974
2.95749
2.94844
2.94211
2.95977
3.14002
3.64093
4.06648
4.05463
4.07768
4.34358
4.65687
4.84034
4.89468
4.91651
4.89484
4.86786
4.84325
4.8095
4.76614
4.74085
4.72588
4.71645
4.71218
4.70032
4.68312
4.66106
4.62485
4.57559
4.54175
4.52841
4.5196
4.51716
4.51626
4.50743
4.49253
4.4658
4.42187
4.37836
4.36064
4.3557
4.35528
4.36341
4.36734
4.36244
4.34997
4.31909
4.26521
4.21715
4.19638
4.18636
4.18624
4.18982
4.61273
4.37299
4.14152
3.94946
3.75276
3.58276
3.44867
3.29947
3.17661
3.08066
2.99107
2.92076
2.85552
2.79219
2.72593
2.6903
2.66307
2.63349
2.62661
2.62626
2.6301
2.63981
2.67485
2.72847
2.7802
2.82766
2.85532
2.87762
2.89798
2.91603
2.92372
2.93079
2.94366
2.9496
2.94796
2.94363
2.93546
2.92439
2.91212
2.9073
2.90727
2.90801
2.90897
2.90913
2.90787
2.90553
2.9172
3.10112
3.62608
3.98143
4.07903
4.06959
4.04081
4.0499
4.202
4.50041
4.71267
4.79127
4.83049
4.82058
4.78969
4.75464
4.70674
4.66539
4.64561
4.63856
4.63542
4.62481
4.60826
4.59036
4.56698
4.53074
4.48493
4.45267
4.44017
4.43395
4.42765
4.41682
4.40022
4.38058
4.3579
4.32964
4.29942
4.282
4.2763
4.27616
4.27323
4.26323
4.24677
4.22109
4.19082
4.16171
4.13824
4.12563
4.12125
4.11637
4.62346
4.44397
4.25035
4.06893
3.89692
3.7289
3.58916
3.45777
3.33599
3.23535
3.1355
3.05789
2.9962
2.9291
2.85006
2.78693
2.73386
2.68558
2.63998
2.62931
2.6242
2.62278
2.62704
2.63951
2.66017
2.69009
2.732
2.77493
2.80918
2.8453
2.87383
2.89408
2.91409
2.92147
2.92202
2.92088
2.91541
2.90783
2.89793
2.89404
2.89321
2.89307
2.89124
2.88883
2.8869
2.89862
3.08285
3.59931
3.99287
4.08513
4.08568
4.07261
4.04362
3.99966
3.98867
4.07907
4.34698
4.60138
4.73855
4.77859
4.76447
4.72901
4.69221
4.65247
4.61774
4.59141
4.57115
4.55782
4.55328
4.54691
4.52938
4.50968
4.48043
4.437
4.39306
4.3662
4.35099
4.34008
4.33592
4.32889
4.31812
4.30629
4.28743
4.2559
4.2202
4.19618
4.18084
4.16796
4.15581
4.14651
4.13923
4.13242
4.12073
4.0992
4.07465
4.05168
4.60264
4.45863
4.30614
4.14058
3.99328
3.85241
3.70953
3.5814
3.46942
3.36167
3.267
3.18497
3.11684
3.04345
2.96935
2.91095
2.85431
2.7957
2.72996
2.70435
2.68173
2.65423
2.63651
2.63848
2.62806
2.61582
2.61965
2.63976
2.68051
2.73236
2.78547
2.82388
2.85602
2.88652
2.8957
2.89704
2.89748
2.89579
2.88955
2.88687
2.88707
2.88674
2.88245
2.87672
2.8875
3.07404
3.624
3.97417
4.08574
4.09792
4.08219
4.05326
4.02207
3.98712
3.9563
3.93169
3.97207
4.17987
4.47124
4.65191
4.70231
4.70247
4.68031
4.65311
4.62029
4.57732
4.53684
4.51296
4.4971
4.48748
4.49081
4.4816
4.46214
4.43484
4.38807
4.33657
4.30954
4.2967
4.28706
4.28664
4.29071
4.28001
4.26446
4.2422
4.20143
4.154
4.12641
4.11155
4.10219
4.09834
4.10317
4.10409
4.09524
4.07981
4.04963
3.99759
4.55379
4.44166
4.31285
4.18828
4.06624
3.93184
3.79745
3.69215
3.58588
3.47365
3.371
3.30222
3.22592
3.1459
3.06955
3.01521
2.95616
2.89594
2.83862
2.79946
2.75885
2.71258
2.66677
2.64932
2.63158
2.61019
2.61002
2.61392
2.619
2.62969
2.65433
2.69941
2.74659
2.7969
2.82156
2.8402
2.85923
2.8736
2.87442
2.87664
2.88191
2.88065
2.87587
2.88559
3.07586
3.63909
4.01965
4.11339
4.10718
4.07803
4.04499
4.01305
3.98467
3.96435
3.94594
3.92229
3.87456
3.88175
4.00689
4.27527
4.48965
4.59718
4.63709
4.62867
4.60611
4.57123
4.51544
4.46752
4.44595
4.4331
4.42629
4.43096
4.42454
4.40703
4.38159
4.34059
4.29066
4.26011
4.24694
4.23876
4.23513
4.23905
4.23105
4.21313
4.18632
4.14455
4.09937
4.07862
4.07096
4.0684
4.07782
4.07751
4.0663
4.05108
4.02635
3.96583
4.50044
4.41107
4.30267
4.19663
4.09246
3.9784
3.86222
3.76505
3.66411
3.55829
3.46376
3.38753
3.30882
3.22629
3.1592
3.10308
3.0441
2.97783
2.92432
2.88894
2.84507
2.80017
2.75161
2.72008
2.69113
2.6556
2.62978
2.62635
2.61749
2.60131
2.5975
2.60359
2.62095
2.65132
2.69688
2.74077
2.77784
2.80916
2.82715
2.84487
2.85943
2.85903
2.87508
3.08059
3.6432
4.06603
4.14784
4.12887
4.08398
4.03115
3.9941
3.97033
3.95114
3.93991
3.92727
3.894
3.8499
3.78135
3.74429
3.80756
4.03444
4.29895
4.46818
4.53847
4.55142
4.52875
4.48875
4.43429
4.38806
4.36725
4.35679
4.35153
4.35168
4.34962
4.33816
4.3195
4.28878
4.2438
4.20507
4.18597
4.17728
4.16966
4.16508
4.16032
4.14881
4.13002
4.10063
4.06329
4.04019
4.03155
4.0242
4.02009
4.01549
4.00534
3.98887
3.94745
4.42289
4.35166
4.27442
4.1902
4.09363
3.9888
3.89967
3.81155
3.71825
3.61394
3.53045
3.45441
3.37753
3.29624
3.23234
3.17593
3.11819
3.05532
3.00671
2.96616
2.92109
2.86897
2.82572
2.79252
2.75544
2.7159
2.67383
2.65109
2.62757
2.60144
2.58891
2.5907
2.59291
2.59037
2.59417
2.61106
2.64744
2.69673
2.73977
2.77267
2.79241
2.81458
3.05448
3.64123
4.06309
4.17818
4.16233
4.11352
4.04649
3.98411
3.94738
3.92455
3.91299
3.9117
3.88983
3.84672
3.80094
3.73744
3.67705
3.63524
3.64965
3.81474
4.09356
4.29669
4.39513
4.4271
4.41934
4.38675
4.34715
4.30733
4.2798
4.26739
4.26203
4.26149
4.26239
4.25647
4.24439
4.22262
4.18568
4.14043
4.11083
4.09979
4.09311
4.08922
4.08975
4.08583
4.07419
4.05405
4.01956
3.98493
3.96973
3.96249
3.95533
3.94643
3.93452
3.9154
4.36379
4.30342
4.23872
4.16788
4.08622
3.9947
3.90964
3.82315
3.74154
3.65409
3.58307
3.50601
3.42927
3.35026
3.29651
3.23852
3.18114
3.12039
3.07737
3.0323
2.98344
2.93374
2.89145
2.85596
2.81534
2.77432
2.73513
2.70643
2.67649
2.6417
2.60693
2.6022
2.59515
2.57955
2.5684
2.56544
2.56994
2.58059
2.60647
2.64772
2.68443
2.92834
3.57876
3.9893
4.14115
4.14095
4.11417
4.0603
3.99614
3.93801
3.89929
3.87472
3.87034
3.86465
3.82125
3.77616
3.73601
3.69186
3.64239
3.59895
3.56152
3.54593
3.63226
3.85316
4.0684
4.2157
4.2714
4.29327
4.2794
4.25826
4.22415
4.19209
4.17054
4.16271
4.16024
4.16159
4.15978
4.15278
4.13789
4.11015
4.06667
4.02977
4.01758
4.01416
4.01406
4.01802
4.01633
4.00932
3.99228
3.95538
3.91511
3.89776
3.8886
3.88227
3.881
3.87412
4.26274
4.22423
4.17494
4.11366
4.04403
3.97935
3.90352
3.82523
3.74284
3.67669
3.60936
3.537
3.46472
3.39785
3.34608
3.28731
3.22708
3.16981
3.12966
3.08197
3.03369
2.98029
2.94595
2.90755
2.86579
2.82227
2.78613
2.75796
2.72297
2.68533
2.64465
2.62744
2.60804
2.58234
2.56066
2.55468
2.55474
2.54999
2.55057
2.56146
2.74574
3.43661
3.84575
3.99093
4.0353
4.02857
3.99729
3.95392
3.90876
3.8713
3.83222
3.80244
3.79035
3.7708
3.73159
3.69333
3.65876
3.62755
3.60062
3.57533
3.53825
3.48943
3.43143
3.4509
3.58163
3.79955
3.99111
4.09989
4.16625
4.18037
4.16359
4.13728
4.09578
4.0635
4.05376
4.05074
4.05157
4.05148
4.0482
4.04016
4.02038
3.98087
3.94585
3.93707
3.93431
3.93481
3.93671
3.93464
3.92818
3.90944
3.86912
3.83227
3.8222
3.81989
3.82222
3.81713
4.15746
4.11988
4.08971
4.04626
3.99875
3.94882
3.88674
3.81826
3.75114
3.69965
3.62982
3.56435
3.4907
3.43942
3.3833
3.32515
3.26565
3.21488
3.17089
3.12027
3.07061
3.02332
2.99021
2.94981
2.90891
2.86261
2.83284
2.80506
2.77025
2.7337
2.69601
2.67533
2.65019
2.61952
2.58382
2.57161
2.56078
2.54432
2.54733
2.66124
3.2931
3.7633
3.86897
3.86622
3.85228
3.8276
3.81449
3.80375
3.7861
3.76683
3.73962
3.70858
3.68533
3.66452
3.64088
3.60541
3.57741
3.56492
3.56373
3.54071
3.49572
3.44905
3.3932
3.32403
3.29815
3.34649
3.52511
3.75253
3.92339
4.01438
4.05666
4.05211
4.02539
3.9826
3.9513
3.94317
3.9393
3.94117
3.94312
3.94302
3.93966
3.92096
3.8801
3.85129
3.8466
3.84539
3.84558
3.84441
3.84146
3.83379
3.81086
3.76969
3.74859
3.74711
3.74867
3.74475
4.10288
4.05731
4.01563
3.97723
3.9469
3.90682
3.86123
3.79944
3.75062
3.69481
3.63194
3.56982
3.51041
3.46378
3.40112
3.34341
3.28218
3.24397
3.19896
3.15018
3.09831
3.05516
3.02158
2.97854
2.93928
2.89686
2.87172
2.84236
2.80717
2.76826
2.73671
2.71669
2.68962
2.65599
2.61996
2.59136
2.5702
2.54794
2.63593
3.22013
3.79081
3.84688
3.81463
3.75855
3.70572
3.66911
3.64546
3.63392
3.61447
3.61814
3.61677
3.59465
3.55075
3.52613
3.50274
3.4864
3.48018
3.47616
3.47629
3.46272
3.42578
3.38706
3.34266
3.28314
3.22392
3.1903
3.19926
3.29749
3.49824
3.70938
3.82378
3.87201
3.9104
3.89664
3.86187
3.84075
3.82857
3.82676
3.83072
3.83707
3.84037
3.83634
3.81119
3.76913
3.74692
3.74424
3.74417
3.74527
3.74539
3.74444
3.738
3.71515
3.67685
3.66033
3.65998
3.65703
3.84769
4.00429
3.95864
3.91073
3.88446
3.85293
3.81142
3.76454
3.72861
3.67284
3.62164
3.55851
3.51648
3.46423
3.40558
3.34936
3.29777
3.26542
3.21778
3.17082
3.11692
3.0852
3.05034
3.00845
2.96389
2.92559
2.9066
2.87465
2.83953
2.7991
2.77331
2.75369
2.72335
2.69033
2.65581
2.62613
2.60841
2.68003
3.21238
3.83401
3.8921
3.841
3.75974
3.69091
3.64259
3.60547
3.57569
3.55657
3.54202
3.5017
3.46669
3.42739
3.37438
3.34548
3.33895
3.33421
3.33028
3.32485
3.32693
3.33162
3.31814
3.2891
3.26239
3.22796
3.1818
3.13387
3.10727
3.08349
3.10996
3.23035
3.40877
3.56338
3.6703
3.72928
3.74227
3.73603
3.72763
3.71297
3.71389
3.71906
3.72564
3.72715
3.71841
3.69087
3.65567
3.63558
3.63379
3.63494
3.63937
3.64367
3.64518
3.6409
3.61806
3.57874
3.56367
3.55981
3.14166
3.78179
3.88548
3.84483
3.81679
3.79068
3.74683
3.71944
3.68414
3.64029
3.59032
3.54262
3.51255
3.45814
3.40756
3.34742
3.31399
3.28001
3.23056
3.18264
3.13216
3.10591
3.0692
3.02963
2.98199
2.95108
2.93096
2.89771
2.86145
2.81856
2.80095
2.77958
2.74987
2.71502
2.67859
2.65458
2.71079
3.21874
3.89758
3.97028
3.90974
3.82336
3.73935
3.66523
3.60937
3.56079
3.51908
3.48409
3.45287
3.42382
3.3955
3.36781
3.33024
3.27197
3.20578
3.15673
3.14482
3.14363
3.14216
3.14133
3.13964
3.14015
3.13641
3.11854
3.0902
3.06453
3.03338
2.99293
2.95387
2.94793
2.98921
3.10413
3.27189
3.44223
3.50792
3.56451
3.59866
3.59124
3.59624
3.59771
3.59536
3.59244
3.59227
3.58673
3.56661
3.53609
3.52085
3.52098
3.52473
3.53148
3.53689
3.53881
3.53487
3.51226
3.47743
3.46127
1.88135
3.16488
3.67843
3.76807
3.74865
3.72066
3.68312
3.66517
3.63395
3.60171
3.54825
3.52465
3.49433
3.44553
3.3977
3.34336
3.32268
3.2828
3.23616
3.18268
3.14426
3.12236
3.08355
3.04304
2.99226
2.96981
2.95016
2.91707
2.87935
2.83867
2.82322
2.80097
2.76897
2.73466
2.70358
2.74322
3.21674
3.9183
4.04067
3.98576
3.8966
3.81612
3.74128
3.66077
3.58439
3.52241
3.47495
3.43173
3.38957
3.3504
3.3174
3.28349
3.24673
3.2146
3.17666
3.11814
3.04102
2.98957
2.9551
2.94043
2.94144
2.94406
2.95542
2.95971
2.95294
2.9349
2.90465
2.86723
2.83885
2.82213
2.80858
2.81794
2.86968
3.0115
3.16158
3.28022
3.36753
3.40382
3.43336
3.45423
3.46717
3.46165
3.46251
3.462
3.45394
3.43636
3.41348
3.40412
3.40541
3.41009
3.41583
3.42077
3.42374
3.42103
3.40068
3.36825
1.05743
2.01906
3.12985
3.5727
3.67371
3.64537
3.60941
3.59933
3.58193
3.55194
3.5064
3.49542
3.46245
3.42414
3.37054
3.33553
3.31906
3.27799
3.23457
3.17818
3.15329
3.13031
3.09063
3.04738
2.99888
2.9846
2.96397
2.93092
2.88772
2.85277
2.83965
2.81515
2.7841
2.74707
2.771
3.20749
3.93069
4.09064
4.04415
3.9572
3.87375
3.80728
3.73834
3.66055
3.57712
3.50066
3.4388
3.388
3.34142
3.2953
3.25126
3.21188
3.17626
3.14149
3.10517
3.06278
3.00326
2.93549
2.88996
2.8524
2.81376
2.78263
2.77589
2.78073
2.78177
2.7693
2.74567
2.71983
2.69593
2.68873
2.67848
2.66493
2.66513
2.68776
2.76538
2.87611
3.01903
3.14147
3.19536
3.23476
3.27534
3.32545
3.34447
3.34202
3.33594
3.3255
3.31139
3.28926
3.2789
3.28136
3.28785
3.29426
3.30213
3.30855
3.30523
3.28066
1.00028
1.09324
2.07362
3.07496
3.48612
3.56701
3.53213
3.52111
3.51751
3.49026
3.46352
3.45374
3.42433
3.39145
3.33351
3.32178
3.30669
3.26778
3.223
3.16744
3.1535
3.13064
3.09305
3.04723
3.00482
2.99446
2.97196
2.93763
2.89199
2.86309
2.84964
2.82544
2.79155
2.81122
3.22157
3.96124
4.13667
4.08748
3.99968
3.90782
3.83886
3.78026
3.72017
3.65398
3.5784
3.4951
3.41347
3.34498
3.29173
3.24397
3.19608
3.1506
3.10803
3.06716
3.03017
2.99411
2.95301
2.8951
2.82801
2.77606
2.74086
2.71322
2.68959
2.66424
2.64012
2.62576
2.60667
2.5724
2.53254
2.51657
2.51757
2.5152
2.50909
2.50818
2.5156
2.54504
2.60656
2.72452
2.83985
2.94951
3.03642
3.1036
3.15542
3.2081
3.23173
3.2268
3.2132
3.18645
3.15557
3.15203
3.15633
3.16471
3.1768
3.19053
3.19434
3.18502
1
1.00064
1.11916
2.08921
3.01986
3.37585
3.46216
3.44639
3.43966
3.41036
3.40413
3.39878
3.38062
3.34826
3.29756
3.29782
3.28162
3.24676
3.19789
3.15359
3.14926
3.12663
3.09013
3.04057
3.00677
2.99964
2.97561
2.94001
2.89205
2.86957
2.85513
2.82865
2.85002
3.25953
4.02505
4.19573
4.134
4.03254
3.93019
3.84779
3.78178
3.72579
3.66969
3.61101
3.54769
3.47733
3.4002
3.32037
3.24884
3.19175
3.14205
3.09318
3.04537
3.00253
2.96305
2.92535
2.88754
2.84338
2.78166
2.71721
2.67575
2.64331
2.61364
2.58396
2.55702
2.5365
2.51695
2.49507
2.46041
2.40837
2.37916
2.36648
2.36101
2.35771
2.3555
2.3582
2.36444
2.38117
2.42717
2.52456
2.68018
2.80522
2.91117
2.99964
3.04732
3.08766
3.1056
3.09273
3.05965
3.03456
3.03351
3.04146
3.05532
3.0682
3.07892
3.08004
1
1
1.00099
1.13544
2.0719
2.9294
3.26328
3.3837
3.37055
3.32711
3.32728
3.32809
3.32186
3.29148
3.25868
3.26282
3.24785
3.21871
3.1606
3.1336
3.13514
3.116
3.08317
3.02732
3.00361
2.99825
2.97338
2.93735
2.8936
2.87334
2.85485
2.883
3.3088
4.09054
4.26792
4.19335
4.07882
3.96039
3.85863
3.77843
3.70866
3.6475
3.59152
3.53716
3.48165
3.42267
3.36005
3.29004
3.21136
3.13518
3.08007
3.03339
2.98541
2.93875
2.89689
2.85858
2.82318
2.7882
2.74367
2.67627
2.60915
2.57128
2.54355
2.51639
2.49128
2.47198
2.45417
2.43215
2.40225
2.35622
2.3065
2.2806
2.26733
2.25613
2.24812
2.24624
2.24296
2.23052
2.20935
2.21318
2.25449
2.37496
2.52031
2.69541
2.80425
2.88302
2.9392
2.9693
2.967
2.94801
2.9453
2.94833
2.95032
2.95387
2.9623
2.96997
1
1
1
1.00129
1.13651
1.9999
2.82012
3.17122
3.31048
3.27797
3.24
3.24614
3.24861
3.22893
3.21477
3.21598
3.19994
3.17319
3.125
3.11009
3.11201
3.09725
3.06547
3.00671
2.99348
2.99039
2.96794
2.92985
2.89077
2.87093
2.90469
3.34433
4.13017
4.3166
4.23747
4.11509
3.9976
3.89263
3.78836
3.69853
3.62275
3.55618
3.49694
3.44286
3.3909
3.33721
3.2812
3.22404
3.16037
3.08222
3.00745
2.95854
2.9153
2.87083
2.82868
2.78963
2.75388
2.7212
2.68705
2.64006
2.57471
2.52243
2.48871
2.45861
2.43322
2.41225
2.39291
2.37363
2.35133
2.31611
2.26202
2.21997
2.20511
2.19575
2.18668
2.18048
2.17401
2.1616
2.14669
2.12171
2.08965
2.09172
2.12885
2.24453
2.42546
2.57744
2.70676
2.80604
2.84
2.84338
2.85759
2.86459
2.87304
2.87619
2.87504
2.87302
1
1
1
1
1.00134
1.11771
1.90378
2.72523
3.07765
3.22196
3.19568
3.17846
3.17131
3.14187
3.14598
3.15185
3.14245
3.1253
3.08314
3.08171
3.08437
3.06557
3.03193
2.98154
2.97323
2.97343
2.95336
2.91668
2.88627
2.92904
3.39803
4.13766
4.33727
4.26056
4.1354
4.00887
3.9071
3.81537
3.71979
3.62167
3.5329
3.46067
3.39926
3.34354
3.29166
3.24017
3.18747
3.13517
3.08183
3.02
2.94532
2.88018
2.83368
2.79232
2.75354
2.71757
2.68439
2.65351
2.62323
2.58746
2.53478
2.47585
2.4396
2.41348
2.38977
2.36888
2.34916
2.32884
2.30631
2.2762
2.23024
2.18733
2.16752
2.15603
2.1445
2.13306
2.12309
2.11435
2.10485
2.08854
2.05544
2.02448
2.01918
2.02404
2.06124
2.16369
2.30622
2.49851
2.62386
2.68785
2.73969
2.77152
2.77014
2.77342
2.7917
2.78987
1
1
1
1
1
1.00106
1.0941
1.81111
2.59502
2.96149
3.13751
3.12865
3.11562
3.07681
3.0707
3.07786
3.07718
3.07042
3.04147
3.0474
3.04351
3.0167
2.98722
2.95013
2.95253
2.94822
2.92582
2.90477
2.97721
3.51647
4.1954
4.30988
4.22344
4.09947
3.97348
3.868
3.78358
3.70351
3.62167
3.53526
3.44393
3.35921
3.29113
3.23462
3.1832
3.13381
3.08487
3.03533
2.98513
2.93402
2.87628
2.80954
2.75251
2.71176
2.67804
2.64658
2.61667
2.58806
2.56023
2.53139
2.49328
2.43781
2.39127
2.36561
2.34575
2.32805
2.31248
2.29813
2.28216
2.26043
2.22328
2.17013
2.13638
2.12306
2.11351
2.10455
2.09655
2.09015
2.08423
2.07164
2.04128
2.00877
1.9911
1.98437
1.98031
1.98383
2.00501
2.08109
2.2527
2.38848
2.49538
2.62819
2.67031
2.68925
2.71033
2.72838
1
1
1
1
1
1
1.00077
1.06967
1.6804
2.44902
2.86227
3.05428
3.07068
3.04475
3.0075
3.01317
3.01777
2.99837
2.97608
2.99066
2.98716
2.97288
2.94895
2.9169
2.91847
2.90602
2.91466
3.07522
3.68768
4.27007
4.31375
4.21455
4.07169
3.93712
3.81902
3.72566
3.6474
3.57435
3.50274
3.42911
3.3479
3.26061
3.18253
3.1212
3.07074
3.02598
2.98322
2.93924
2.89346
2.84796
2.8008
2.74468
2.68363
2.63793
2.60795
2.5828
2.5585
2.5343
2.5098
2.48421
2.45268
2.40591
2.35673
2.32958
2.31093
2.29511
2.28065
2.26604
2.25229
2.23747
2.21517
2.17462
2.13454
2.11833
2.1081
2.09685
2.08507
2.07342
2.06252
2.05237
2.03693
2.00432
1.97747
1.9665
1.96143
1.958
1.95628
1.95498
1.96902
2.02402
2.11012
2.27165
2.44724
2.53683
2.60895
2.65948
1
1
1
1
1
1
1
1.00048
1.04496
1.51753
2.28855
2.76621
2.96112
3.01048
2.97501
2.95144
2.94829
2.92632
2.91511
2.9277
2.92321
2.91553
2.89473
2.88655
2.8779
2.91226
3.22125
3.87496
4.31478
4.27328
4.13952
3.99086
3.86037
3.7473
3.64816
3.56569
3.49372
3.42782
3.3645
3.30077
3.23212
3.15553
3.07774
3.01169
2.96126
2.92128
2.88559
2.84952
2.81126
2.77223
2.7321
2.68602
2.6299
2.57832
2.54735
2.52777
2.50976
2.4912
2.47143
2.45036
2.42523
2.38629
2.33118
2.29767
2.28686
2.27918
2.26908
2.25391
2.23937
2.22368
2.20042
2.16583
2.13971
2.1256
2.10995
2.09536
2.08475
2.07422
2.06199
2.04796
2.02781
1.99651
1.96961
1.95898
1.95388
1.94921
1.94605
1.94414
1.94304
1.93639
1.92299
1.94197
2.05805
2.20559
2.34422
2.52814
1
1
1
1
1
1
1
1
1.00027
1.0214
1.36873
2.14627
2.65602
2.86548
2.93915
2.91395
2.89065
2.85305
2.84854
2.86484
2.87806
2.87304
2.83677
2.84438
2.95071
3.43263
4.02054
4.28966
4.25563
4.13299
3.96188
3.80421
3.67838
3.57147
3.48031
3.40346
3.33776
3.28104
3.2289
3.17801
3.12433
3.06266
2.99273
2.92519
2.8725
2.83472
2.80457
2.77615
2.74665
2.71606
2.68355
2.64558
2.59738
2.54519
2.51033
2.49061
2.47403
2.45814
2.44372
2.42935
2.40888
2.37384
2.33011
2.29303
2.26953
2.26059
2.25923
2.26018
2.25194
2.23591
2.21245
2.17596
2.13258
2.11296
2.11289
2.11326
2.10603
2.09513
2.08186
2.06487
2.03918
2.00978
1.98934
1.97751
1.96964
1.96358
1.95915
1.95532
1.95027
1.9382
1.91181
1.87952
1.88016
1.90804
1.97724
2.25488
1
1
1
1
1
1
1
1
1
1.00008
1.0106
1.285
1.96916
2.50645
2.75557
2.87387
2.87199
2.85066
2.82542
2.7835
2.79463
2.80034
2.8336
3.10693
3.65789
4.11263
4.09498
4.04065
3.94192
3.8248
3.70842
3.61378
3.5238
3.432
3.34522
3.27209
3.21229
3.16304
3.12063
3.08139
3.04065
2.99269
2.93444
2.87289
2.82368
2.7892
2.76163
2.73587
2.70963
2.68264
2.65443
2.62362
2.58971
2.5516
2.51345
2.48438
2.46254
2.44415
2.42838
2.41378
2.39837
2.38023
2.34966
2.30554
2.27483
2.26164
2.25306
2.2437
2.23274
2.21803
2.19629
2.16915
2.14056
2.11872
2.10569
2.09679
2.08847
2.07858
2.06707
2.05309
2.03606
2.01247
1.98349
1.96695
1.95883
1.95247
1.94678
1.94097
1.93457
1.92397
1.90339
1.87423
1.85426
1.85214
1.85396
1.93595
1
1
1
1
1
1
1
1
1
1
1.00003
1.0065
1.16608
1.71516
2.35703
2.68611
2.80988
2.81801
2.80234
2.7953
2.81538
2.9367
3.32825
3.87328
4.16339
4.13284
4.04371
3.87721
3.72277
3.6004
3.51727
3.45761
3.3967
3.32802
3.25529
3.1869
3.1296
3.08411
3.04716
3.01523
2.98386
2.9481
2.90399
2.85048
2.79639
2.75696
2.73106
2.70934
2.68759
2.6648
2.64023
2.61259
2.57884
2.53555
2.49528
2.4704
2.45279
2.43663
2.42251
2.4114
2.40009
2.38061
2.34262
2.29457
2.2673
2.25594
2.24681
2.23762
2.22797
2.21598
2.19901
2.1727
2.13784
2.11357
2.10074
2.09232
2.08443
2.07533
2.06572
2.05563
2.04104
2.01428
1.98282
1.96598
1.95816
1.95199
1.94578
1.93899
1.93152
1.92104
1.90117
1.8716
1.85203
1.84571
1.84561
1.85093
1
1
1
1
1
1
1
1
1
1
1
1.00001
1.00232
1.06236
1.53761
2.26258
2.59249
2.6874
2.81751
2.99324
3.25737
3.55806
3.85181
3.86745
3.8749
3.83502
3.74568
3.68085
3.61364
3.54696
3.4897
3.43552
3.37957
3.32161
3.25932
3.1959
3.14204
3.1008
3.06902
3.04242
3.01574
2.98346
2.93995
2.88161
2.81852
2.77367
2.74802
2.72937
2.71197
2.6933
2.67117
2.64321
2.60492
2.55362
2.50875
2.48585
2.47021
2.4558
2.44382
2.43384
2.42188
2.3997
2.35743
2.30687
2.27952
2.26847
2.26192
2.25648
2.24996
2.24032
2.22425
2.19446
2.15098
2.12189
2.11309
2.10765
2.10165
2.09482
2.08686
2.07632
2.05901
2.02986
1.99753
1.98248
1.97651
1.97067
1.96354
1.95578
1.94817
1.93884
1.92069
1.88938
1.86455
1.85645
1.85383
1.84558
1
1
1
1
1
1
1
1
1
1
1
1
1
1.00049
1.03245
1.50313
2.20312
2.71791
3.17685
3.66117
4.06272
4.3514
4.34747
4.19598
3.94433
3.70865
3.56745
3.51403
3.47855
3.44063
3.40214
3.35891
3.31071
3.25876
3.2003
3.14052
3.09092
3.0527
3.02397
3.00087
2.97736
2.94716
2.90371
2.84325
2.77842
2.7342
2.70918
2.6914
2.67604
2.65981
2.63962
2.61268
2.57421
2.52052
2.47504
2.45464
2.44028
2.42627
2.41434
2.40444
2.3928
2.37137
2.32936
2.27881
2.25179
2.24211
2.23649
2.23158
2.2257
2.21658
2.20035
2.1705
2.12735
2.09864
2.089
2.0828
2.07789
2.0729
2.06582
2.05536
2.03906
2.01087
1.97523
1.96109
1.9567
1.95145
1.94446
1.93734
1.93059
1.92171
1.90353
1.87022
1.84401
1.83823
1.83558
1.82675
)
;

boundaryField
{
    inlet
    {
        type            fixedValue;
        value           uniform 1;
    }
    outlet
    {
        type            inletOutlet;
        inletValue      uniform 1;
        value           nonuniform List<scalar> 
32
(
4.34552
4.36109
4.33419
4.27435
4.19461
4.11963
4.05132
3.99311
3.95888
3.94313
3.91596
3.87653
3.81946
3.74683
3.65885
3.56127
3.46168
3.36537
3.27596
3.18185
3.07896
2.97018
2.87376
2.7898
2.72913
2.66065
2.53106
2.25761
1.93742
1.8523
1.84704
1.82795
)
;
    }
    bottom
    {
        type            symmetryPlane;
    }
    top
    {
        type            symmetryPlane;
    }
    obstacle
    {
        type            zeroGradient;
    }
    defaultFaces
    {
        type            empty;
    }
}


// ************************************************************************* //
