/*--------------------------------*- C++ -*----------------------------------*\
  =========                 |
  \\      /  F ield         | OpenFOAM: The Open Source CFD Toolbox
   \\    /   O peration     | Website:  https://openfoam.org
    \\  /    A nd           | Version:  7
     \\/     M anipulation  |
\*---------------------------------------------------------------------------*/
FoamFile
{
    version     2.0;
    format      ascii;
    class       volScalarField;
    location    "3.2";
    object      rho;
}
// * * * * * * * * * * * * * * * * * * * * * * * * * * * * * * * * * * * * * //

dimensions      [1 -3 0 0 0 0 0];

internalField   nonuniform List<scalar> 
4608
(
1.40001
1.40001
1.40001
1.40001
1.40001
1.40001
1.40001
1.40001
1.40001
1.40001
1.40001
1.40001
1.40001
1.40001
1.40001
1.40001
1.40001
1.40001
1.40001
1.40001
1.40001
1.40001
1.40001
1.40001
1.40001
1.40001
1.40001
1.40001
1.40001
1.40001
1.40001
1.40001
1.40001
1.40001
1.40001
1.40001
1.40001
1.40001
1.40001
1.40001
1.40001
1.40001
1.40001
1.40001
1.40001
1.40001
1.40001
1.40001
1.40001
1.40001
1.40001
1.40001
1.40001
1.40001
1.40001
1.40001
1.40001
1.40001
1.40001
2.90879
6.63824
7.03307
7.03398
7.05902
7.08646
7.11755
7.15027
7.18406
7.21824
7.25164
7.28178
7.30561
7.32149
7.33139
7.34076
7.35515
7.37571
7.39878
7.42091
7.44007
7.45389
7.46299
7.47094
7.48087
7.49301
7.50567
7.51716
7.52665
7.53452
7.54187
7.54944
7.55695
7.56346
7.56811
7.57098
7.57269
1.40001
1.40001
1.40001
1.40001
1.40001
1.40001
1.40001
1.40001
1.40001
1.40001
1.40001
1.40001
1.40001
1.40001
1.40001
1.40001
1.40001
1.40001
1.40001
1.40001
1.40001
1.40001
1.40001
1.40001
1.40001
1.40001
1.40001
1.40001
1.40001
1.40001
1.40001
1.40001
1.40001
1.40001
1.40001
1.40001
1.40001
1.40001
1.40001
1.40001
1.40001
1.40001
1.40001
1.40001
1.40001
1.40001
1.40001
1.40001
1.40001
1.40001
1.40001
1.40001
1.40001
1.40001
1.40001
1.40001
1.40001
1.40001
1.40001
2.88166
6.61181
7.02957
7.03411
7.0599
7.08739
7.11834
7.15093
7.18455
7.21858
7.25186
7.28193
7.30569
7.32148
7.33132
7.34071
7.35519
7.37582
7.39881
7.42075
7.43968
7.45328
7.46225
7.4702
7.48016
7.49223
7.50473
7.51601
7.52531
7.53304
7.54032
7.54784
7.55529
7.56175
7.56637
7.56923
7.57096
1.40001
1.40001
1.40001
1.40001
1.40001
1.40001
1.40001
1.40001
1.40001
1.40001
1.40001
1.40001
1.40001
1.40001
1.40001
1.40001
1.40001
1.40001
1.40001
1.40001
1.40001
1.40001
1.40001
1.40001
1.40001
1.40001
1.40001
1.40001
1.40001
1.40001
1.40001
1.40001
1.40001
1.40001
1.40001
1.40001
1.40001
1.40001
1.40001
1.40001
1.40001
1.40001
1.40001
1.40001
1.40001
1.40001
1.40001
1.40001
1.40001
1.40001
1.40001
1.40001
1.40001
1.40001
1.40001
1.40001
1.40001
1.40001
1.40001
2.82391
6.57972
7.02601
7.03238
7.05916
7.08683
7.11774
7.15024
7.18374
7.21753
7.25055
7.28039
7.30395
7.31959
7.32937
7.33889
7.35368
7.37456
7.39757
7.41938
7.43806
7.4514
7.46033
7.46848
7.47866
7.49079
7.50313
7.51414
7.52316
7.5307
7.53786
7.5453
7.55264
7.55896
7.56345
7.56624
7.56793
1.40001
1.40001
1.40001
1.40001
1.40001
1.40001
1.40001
1.40001
1.40001
1.40001
1.40001
1.40001
1.40001
1.40001
1.40001
1.40001
1.40001
1.40001
1.40001
1.40001
1.40001
1.40001
1.40001
1.40001
1.40001
1.40001
1.40001
1.40001
1.40001
1.40001
1.40001
1.40001
1.40001
1.40001
1.40001
1.40001
1.40001
1.40001
1.40001
1.40001
1.40001
1.40001
1.40001
1.40001
1.40001
1.40001
1.40001
1.40001
1.40001
1.40001
1.40001
1.40001
1.40001
1.40001
1.40001
1.40001
1.40001
1.40001
1.40001
2.7382
6.54432
7.02991
7.03438
7.06037
7.08735
7.11796
7.15031
7.18371
7.21726
7.24995
7.2795
7.30284
7.31833
7.32809
7.33775
7.35277
7.37375
7.39659
7.41806
7.43629
7.44917
7.4579
7.46615
7.47647
7.48853
7.50057
7.51117
7.51984
7.52716
7.53424
7.54161
7.54882
7.55497
7.55931
7.562
7.56363
1.40001
1.40001
1.40001
1.40001
1.40001
1.40001
1.40001
1.40001
1.40001
1.40001
1.40001
1.40001
1.40001
1.40001
1.40001
1.40001
1.40001
1.40001
1.40001
1.40001
1.40001
1.40001
1.40001
1.40001
1.40001
1.40001
1.40001
1.40001
1.40001
1.40001
1.40001
1.40001
1.40001
1.40001
1.40001
1.40001
1.40001
1.40001
1.40001
1.40001
1.40001
1.40001
1.40001
1.40001
1.40001
1.40001
1.40001
1.40001
1.40001
1.40001
1.40001
1.40001
1.40001
1.40001
1.40001
1.40001
1.40001
1.40001
1.40001
2.6219
6.49881
7.04055
7.03955
7.06291
7.08784
7.11757
7.14952
7.18273
7.21601
7.24835
7.27763
7.30086
7.31641
7.32632
7.33608
7.35111
7.37201
7.3947
7.41593
7.43384
7.44643
7.45511
7.46352
7.47394
7.48584
7.49745
7.50749
7.51567
7.52269
7.52962
7.53687
7.54388
7.54979
7.55394
7.55651
7.55811
1.40001
1.40001
1.40001
1.40001
1.40001
1.40001
1.40001
1.40001
1.40001
1.40001
1.40001
1.40001
1.40001
1.40001
1.40001
1.40001
1.40001
1.40001
1.40001
1.40001
1.40001
1.40001
1.40001
1.40001
1.40001
1.40001
1.40001
1.40001
1.40001
1.40001
1.40001
1.40001
1.40001
1.40001
1.40001
1.40001
1.40001
1.40001
1.40001
1.40001
1.40001
1.40001
1.40001
1.40001
1.40001
1.40001
1.40001
1.40001
1.40001
1.40001
1.40001
1.40001
1.40001
1.40001
1.40001
1.40001
1.40001
1.40001
1.40001
2.47944
6.42682
7.04904
7.04451
7.06553
7.08809
7.11665
7.14814
7.18117
7.21423
7.24621
7.27519
7.29843
7.3143
7.32459
7.33441
7.34908
7.36957
7.39204
7.41304
7.43073
7.44319
7.45189
7.46037
7.47077
7.48242
7.4936
7.50314
7.51088
7.51759
7.52429
7.53129
7.53797
7.54352
7.54743
7.54987
7.55144
1.40001
1.40001
1.40001
1.40001
1.40001
1.40001
1.40001
1.40001
1.40001
1.40001
1.40001
1.40001
1.40001
1.40001
1.40001
1.40001
1.40001
1.40001
1.40001
1.40001
1.40001
1.40001
1.40001
1.40001
1.40001
1.40001
1.40001
1.40001
1.40001
1.40001
1.40001
1.40001
1.40001
1.40001
1.40001
1.40001
1.40001
1.40001
1.40001
1.40001
1.40001
1.40001
1.40001
1.40001
1.40001
1.40001
1.40001
1.40001
1.40001
1.40001
1.40001
1.40001
1.40001
1.40001
1.40001
1.40001
1.40001
1.40001
1.40001
2.3249
6.33121
7.05472
7.04763
7.06869
7.0901
7.11713
7.14725
7.17914
7.21124
7.24248
7.27129
7.29505
7.31189
7.32301
7.33295
7.34695
7.36661
7.38855
7.40924
7.42683
7.43939
7.44823
7.45672
7.46693
7.47821
7.48894
7.49804
7.50545
7.51193
7.51839
7.52504
7.53125
7.53633
7.53991
7.54218
7.54371
1.40001
1.40001
1.40001
1.40001
1.40001
1.40001
1.40001
1.40001
1.40001
1.40001
1.40001
1.40001
1.40001
1.40001
1.40001
1.40001
1.40001
1.40001
1.40001
1.40001
1.40001
1.40001
1.40001
1.40001
1.40001
1.40001
1.40001
1.40001
1.40001
1.40001
1.40001
1.40001
1.40001
1.40001
1.40001
1.40001
1.40001
1.40001
1.40001
1.40001
1.40001
1.40001
1.40001
1.40001
1.40001
1.40001
1.40001
1.40001
1.40001
1.40001
1.40001
1.40001
1.40001
1.40001
1.40001
1.40001
1.40001
1.40001
1.40001
2.15561
6.20342
7.05776
7.04931
7.0698
7.0909
7.11683
7.14525
7.17545
7.20656
7.23759
7.26682
7.29143
7.30928
7.32111
7.33097
7.34402
7.36251
7.38377
7.40425
7.42189
7.43478
7.44389
7.45233
7.46219
7.47301
7.4833
7.49208
7.49927
7.50558
7.51181
7.51806
7.52374
7.52829
7.53152
7.53358
7.53504
1.40001
1.40001
1.40001
1.40001
1.40001
1.40001
1.40001
1.40001
1.40001
1.40001
1.40001
1.40001
1.40001
1.40001
1.40001
1.40001
1.40001
1.40001
1.40001
1.40001
1.40001
1.40001
1.40001
1.40001
1.40001
1.40001
1.40001
1.40001
1.40001
1.40001
1.40001
1.40001
1.40001
1.40001
1.40001
1.40001
1.40001
1.40001
1.40001
1.40001
1.40001
1.40001
1.40001
1.40001
1.40001
1.40001
1.40001
1.40001
1.40001
1.40001
1.40001
1.40001
1.40001
1.40001
1.40001
1.40001
1.40001
1.40001
1.40001
1.99106
6.03811
7.04859
7.04554
7.06833
7.09012
7.11531
7.14248
7.1717
7.20204
7.23229
7.26094
7.28564
7.30431
7.31708
7.3274
7.3402
7.35798
7.37865
7.39875
7.41617
7.42922
7.43851
7.44681
7.45626
7.46664
7.47661
7.48519
7.49227
7.49846
7.50441
7.51022
7.51535
7.51936
7.52226
7.52409
7.5255
1.40001
1.40001
1.40001
1.40001
1.40001
1.40001
1.40001
1.40001
1.40001
1.40001
1.40001
1.40001
1.40001
1.40001
1.40001
1.40001
1.40001
1.40001
1.40001
1.40001
1.40001
1.40001
1.40001
1.40001
1.40001
1.40001
1.40001
1.40001
1.40001
1.40001
1.40001
1.40001
1.40001
1.40001
1.40001
1.40001
1.40001
1.40001
1.40001
1.40001
1.40001
1.40001
1.40001
1.40001
1.40001
1.40001
1.40001
1.40001
1.40001
1.40001
1.40001
1.40001
1.40001
1.40001
1.40001
1.40001
1.40001
1.40001
1.40001
1.83234
5.84063
7.03923
7.04158
7.06703
7.08959
7.11516
7.14109
7.1682
7.19634
7.22499
7.25298
7.27788
7.29779
7.31242
7.32408
7.33681
7.35332
7.37259
7.39174
7.40877
7.42207
7.43183
7.44028
7.44945
7.45939
7.46899
7.47734
7.48429
7.49034
7.49599
7.50132
7.50595
7.50948
7.51209
7.51371
7.51506
1.40001
1.40001
1.40001
1.40001
1.40001
1.40001
1.40001
1.40001
1.40001
1.40001
1.40001
1.40001
1.40001
1.40001
1.40001
1.40001
1.40001
1.40001
1.40001
1.40001
1.40001
1.40001
1.40001
1.40001
1.40001
1.40001
1.40001
1.40001
1.40001
1.40001
1.40001
1.40001
1.40001
1.40001
1.40001
1.40001
1.40001
1.40001
1.40001
1.40001
1.40001
1.40001
1.40001
1.40001
1.40001
1.40001
1.40001
1.40001
1.40001
1.40001
1.40001
1.40001
1.40001
1.40001
1.40001
1.40001
1.40001
1.40001
1.40001
1.67876
5.63046
7.04244
7.0341
7.06445
7.08706
7.11291
7.13782
7.16299
7.18917
7.21624
7.24356
7.26901
7.29058
7.307
7.31967
7.33214
7.3474
7.36536
7.38379
7.4007
7.4144
7.42455
7.43288
7.44147
7.45076
7.45994
7.46814
7.47507
7.48104
7.48642
7.49132
7.49551
7.49862
7.50097
7.5024
7.50371
1.40001
1.40001
1.40001
1.40001
1.40001
1.40001
1.40001
1.40001
1.40001
1.40001
1.40001
1.40001
1.40001
1.40001
1.40001
1.40001
1.40001
1.40001
1.40001
1.40001
1.40001
1.40001
1.40001
1.40001
1.40001
1.40001
1.40001
1.40001
1.40001
1.40001
1.40001
1.40001
1.40001
1.40001
1.40001
1.40001
1.40001
1.40001
1.40001
1.40001
1.40001
1.40001
1.40001
1.40001
1.40001
1.40001
1.40001
1.40001
1.40001
1.40001
1.40001
1.40001
1.40001
1.40001
1.40001
1.40001
1.40001
1.40001
1.40001
1.52539
5.38831
7.0381
7.02626
7.05473
7.07866
7.10534
7.13057
7.15547
7.18076
7.20671
7.23321
7.2587
7.28125
7.29916
7.31311
7.32591
7.34053
7.3576
7.37545
7.39201
7.40561
7.41576
7.42389
7.43203
7.44087
7.4498
7.45795
7.46484
7.47064
7.47568
7.48013
7.48389
7.48661
7.48873
7.48998
7.49125
1.40001
1.40001
1.40001
1.40001
1.40001
1.40001
1.40001
1.40001
1.40001
1.40001
1.40001
1.40001
1.40001
1.40001
1.40001
1.40001
1.40001
1.40001
1.40001
1.40001
1.40001
1.40001
1.40001
1.40001
1.40001
1.40001
1.40001
1.40001
1.40001
1.40001
1.40001
1.40001
1.40001
1.40001
1.40001
1.40001
1.40001
1.40001
1.40001
1.40001
1.40001
1.40001
1.40001
1.40001
1.40001
1.40001
1.40001
1.40001
1.40001
1.40001
1.40001
1.40001
1.40001
1.40001
1.40001
1.40001
1.40001
1.40001
1.40001
1.40465
5.10404
6.97696
6.99968
7.03275
7.06178
7.0908
7.11823
7.1439
7.16909
7.19464
7.22066
7.24625
7.26971
7.28917
7.30474
7.31844
7.33288
7.34915
7.36617
7.38212
7.39547
7.40563
7.4137
7.42152
7.42995
7.43852
7.44642
7.4531
7.45866
7.46338
7.46748
7.47095
7.47339
7.47532
7.47642
7.47767
1.40001
1.40001
1.40001
1.40001
1.40001
1.40001
1.40001
1.40001
1.40001
1.40001
1.40001
1.40001
1.40001
1.40001
1.40001
1.40001
1.40001
1.40001
1.40001
1.40001
1.40001
1.40001
1.40001
1.40001
1.40001
1.40001
1.40001
1.40001
1.40001
1.40001
1.40001
1.40001
1.40001
1.40001
1.40001
1.40001
1.40001
1.40001
1.40001
1.40001
1.40001
1.40001
1.40001
1.40001
1.40001
1.40001
1.40001
1.40001
1.40001
1.40001
1.40001
1.40001
1.40001
1.40001
1.40001
1.40001
1.40001
1.40001
1.40001
1.40002
4.75445
6.89716
6.96769
7.00595
7.04022
7.07105
7.10083
7.12887
7.15576
7.18135
7.20655
7.2318
7.25584
7.27664
7.29387
7.3087
7.32332
7.3391
7.3555
7.37096
7.38411
7.39431
7.40236
7.40989
7.41785
7.42598
7.43353
7.43995
7.44526
7.44969
7.45347
7.45665
7.45878
7.4605
7.4614
7.4626
1.40001
1.40001
1.40001
1.40001
1.40001
1.40001
1.40001
1.40001
1.40001
1.40001
1.40001
1.40001
1.40001
1.40001
1.40001
1.40001
1.40001
1.40001
1.40001
1.40001
1.40001
1.40001
1.40001
1.40001
1.40001
1.40001
1.40001
1.40001
1.40001
1.40001
1.40001
1.40001
1.40001
1.40001
1.40001
1.40001
1.40001
1.40001
1.40001
1.40001
1.40001
1.40001
1.40001
1.40001
1.40001
1.40001
1.40001
1.40001
1.40001
1.40001
1.40001
1.40001
1.40001
1.40001
1.40001
1.40001
1.40001
1.40001
1.40001
1.40001
4.34188
6.82609
6.9348
6.9773
7.01836
7.05308
7.08344
7.11112
7.13784
7.16387
7.18957
7.21464
7.23885
7.26083
7.27977
7.29606
7.31144
7.32723
7.34328
7.35836
7.37129
7.38148
7.3895
7.39679
7.40432
7.41196
7.41906
7.42509
7.43009
7.43424
7.43777
7.44074
7.44262
7.4442
7.44495
7.44613
1.40001
1.40001
1.40001
1.40001
1.40001
1.40001
1.40001
1.40001
1.40001
1.40001
1.40001
1.40001
1.40001
1.40001
1.40001
1.40001
1.40001
1.40001
1.40001
1.40001
1.40001
1.40001
1.40001
1.40001
1.40001
1.40001
1.40001
1.40001
1.40001
1.40001
1.40001
1.40001
1.40001
1.40001
1.40001
1.40001
1.40001
1.40001
1.40001
1.40001
1.40001
1.40001
1.40001
1.40001
1.40001
1.40001
1.40001
1.40001
1.40001
1.40001
1.40001
1.40001
1.40001
1.40001
1.40001
1.40001
1.40001
1.40001
1.40001
1.40001
3.89928
6.77098
6.91504
6.96085
6.99882
7.03381
7.0662
7.09513
7.12189
7.14686
7.17109
7.19525
7.21954
7.24211
7.26248
7.28035
7.2969
7.31312
7.32909
7.34394
7.35672
7.36694
7.37506
7.38225
7.38944
7.39658
7.40314
7.40868
7.41329
7.41713
7.42039
7.4231
7.42467
7.42605
7.42655
7.42765
1.40001
1.40001
1.40001
1.40001
1.40001
1.40001
1.40001
1.40001
1.40001
1.40001
1.40001
1.40001
1.40001
1.40001
1.40001
1.40001
1.40001
1.40001
1.40001
1.40001
1.40001
1.40001
1.40001
1.40001
1.40001
1.40001
1.40001
1.40001
1.40001
1.40001
1.40001
1.40001
1.40001
1.40001
1.40001
1.40001
1.40001
1.40001
1.40001
1.40001
1.40001
1.40001
1.40001
1.40001
1.40001
1.40001
1.40001
1.40001
1.40001
1.40001
1.40001
1.40001
1.40001
1.40001
1.40001
1.40001
1.40001
1.40001
1.40001
1.40001
3.42287
6.69509
6.91852
6.95408
6.99031
7.02354
7.05179
7.07826
7.10491
7.13017
7.15378
7.17661
7.19967
7.22209
7.24278
7.26172
7.2794
7.29626
7.31241
7.32722
7.33998
7.35037
7.35871
7.36592
7.3728
7.37939
7.38531
7.39025
7.39441
7.39791
7.40093
7.40343
7.40477
7.40603
7.40633
7.40737
1.40001
1.40001
1.40001
1.40001
1.40001
1.40001
1.40001
1.40001
1.40001
1.40001
1.40001
1.40001
1.40001
1.40001
1.40001
1.40001
1.40001
1.40001
1.40001
1.40001
1.40001
1.40001
1.40001
1.40001
1.40001
1.40001
1.40001
1.40001
1.40001
1.40001
1.40001
1.40001
1.40001
1.40001
1.40001
1.40001
1.40001
1.40001
1.40001
1.40001
1.40001
1.40001
1.40001
1.40001
1.40001
1.40001
1.40001
1.40001
1.40001
1.40001
1.40001
1.40001
1.40001
1.40001
1.40001
1.40001
1.40001
1.40001
1.40001
1.40001
2.93561
6.53508
6.96964
6.97571
7.0018
7.0259
7.04922
7.07154
7.09235
7.11341
7.13535
7.15757
7.1798
7.20171
7.22213
7.24086
7.25911
7.27655
7.29296
7.30794
7.3209
7.33163
7.34033
7.34767
7.35433
7.36042
7.3657
7.37004
7.37368
7.37676
7.37943
7.38158
7.38253
7.38356
7.38355
7.3844
1.40001
1.40001
1.40001
1.40001
1.40001
1.40001
1.40001
1.40001
1.40001
1.40001
1.40001
1.40001
1.40001
1.40001
1.40001
1.40001
1.40001
1.40001
1.40001
1.40001
1.40001
1.40001
1.40001
1.40001
1.40001
1.40001
1.40001
1.40001
1.40001
1.40001
1.40001
1.40001
1.40001
1.40001
1.40001
1.40001
1.40001
1.40001
1.40001
1.40001
1.40001
1.40001
1.40001
1.40001
1.40001
1.40001
1.40001
1.40001
1.40001
1.40001
1.40001
1.40001
1.40001
1.40001
1.40001
1.40001
1.40001
1.40001
1.40001
1.40001
2.44539
6.28334
7.03376
7.02165
7.03679
7.04428
7.05722
7.07187
7.08808
7.10529
7.12241
7.13998
7.15942
7.18057
7.20071
7.21945
7.23703
7.25428
7.27087
7.28601
7.29927
7.31044
7.31957
7.32709
7.33355
7.33912
7.34372
7.34737
7.3504
7.35299
7.35526
7.35706
7.35768
7.35861
7.35847
7.35926
1.40001
1.40001
1.40001
1.40001
1.40001
1.40001
1.40001
1.40001
1.40001
1.40001
1.40001
1.40001
1.40001
1.40001
1.40001
1.40001
1.40001
1.40001
1.40001
1.40001
1.40001
1.40001
1.40001
1.40001
1.40001
1.40001
1.40001
1.40001
1.40001
1.40001
1.40001
1.40001
1.40001
1.40001
1.40001
1.40001
1.40001
1.40001
1.40001
1.40001
1.40001
1.40001
1.40001
1.40001
1.40001
1.40001
1.40001
1.40001
1.40001
1.40001
1.40001
1.40001
1.40001
1.40001
1.40001
1.40001
1.40001
1.40001
1.40001
1.40001
1.91732
6.03552
7.1394
7.06256
7.07815
7.07652
7.07851
7.08349
7.09127
7.10144
7.11436
7.12905
7.14431
7.16078
7.17883
7.19656
7.21385
7.23048
7.2463
7.26153
7.27507
7.28671
7.2963
7.30404
7.31037
7.31551
7.31954
7.32257
7.32496
7.32691
7.32854
7.3297
7.32976
7.33035
7.32993
7.33054
1.40001
1.40001
1.40001
1.40001
1.40001
1.40001
1.40001
1.40001
1.40001
1.40001
1.40001
1.40001
1.40001
1.40001
1.40001
1.40001
1.40001
1.40001
1.40001
1.40001
1.40001
1.40001
1.40001
1.40001
1.40001
1.40001
1.40001
1.40001
1.40001
1.40001
1.40001
1.40001
1.40001
1.40001
1.40001
1.40001
1.40001
1.40001
1.40001
1.40001
1.40001
1.40001
1.40001
1.40001
1.40001
1.40001
1.40001
1.40001
1.40001
1.40001
1.40001
1.40001
1.40001
1.40001
1.40001
1.40001
1.40001
1.40001
1.40001
1.40001
1.45617
5.52823
7.1567
7.08069
7.07834
7.08539
7.09449
7.09822
7.10091
7.10637
7.11365
7.12247
7.13345
7.14634
7.15999
7.17413
7.18893
7.20462
7.22009
7.23462
7.24827
7.26025
7.27024
7.27817
7.28434
7.28904
7.29244
7.29474
7.29627
7.29736
7.29821
7.29874
7.29843
7.29885
7.29835
7.29893
1.40001
1.40001
1.40001
1.40001
1.40001
1.40001
1.40001
1.40001
1.40001
1.40001
1.40001
1.40001
1.40001
1.40001
1.40001
1.40001
1.40001
1.40001
1.40001
1.40001
1.40001
1.40001
1.40001
1.40001
1.40001
1.40001
1.40001
1.40001
1.40001
1.40001
1.40001
1.40001
1.40001
1.40001
1.40001
1.40001
1.40001
1.40001
1.40001
1.40001
1.40001
1.40001
1.40001
1.40001
1.40001
1.40001
1.40001
1.40001
1.40001
1.40001
1.40001
1.40001
1.40001
1.40001
1.40001
1.40001
1.40001
1.40001
1.40001
1.40001
1.39987
4.9298
6.97289
6.96365
7.02173
7.06065
7.08504
7.10161
7.111
7.11451
7.11818
7.12246
7.12783
7.13509
7.14436
7.15481
7.16588
7.17803
7.19179
7.20589
7.21905
7.23101
7.24121
7.24929
7.25536
7.2597
7.26258
7.2642
7.26487
7.26496
7.26469
7.26418
7.26305
7.26279
7.26189
7.2622
1.40001
1.40001
1.40001
1.40001
1.40001
1.40001
1.40001
1.40001
1.40001
1.40001
1.40001
1.40001
1.40001
1.40001
1.40001
1.40001
1.40001
1.40001
1.40001
1.40001
1.40001
1.40001
1.40001
1.40001
1.40001
1.40001
1.40001
1.40001
1.40001
1.40001
1.40001
1.40001
1.40001
1.40001
1.40001
1.40001
1.40001
1.40001
1.40001
1.40001
1.40001
1.40001
1.40001
1.40001
1.40001
1.40001
1.40001
1.40001
1.40001
1.40001
1.40001
1.40001
1.40001
1.40001
1.40001
1.40001
1.40001
1.40001
1.40001
1.40001
1.39998
4.25112
6.76938
6.91237
6.98271
7.02863
7.06605
7.09231
7.10737
7.11894
7.12364
7.12594
7.12716
7.12896
7.13231
7.13775
7.145
7.15363
7.16392
7.17563
7.18802
7.19928
7.20915
7.21712
7.223
7.22692
7.22911
7.22975
7.22924
7.22793
7.22631
7.22468
7.22288
7.22218
7.2211
7.22138
1.40001
1.40001
1.40001
1.40001
1.40001
1.40001
1.40001
1.40001
1.40001
1.40001
1.40001
1.40001
1.40001
1.40001
1.40001
1.40001
1.40001
1.40001
1.40001
1.40001
1.40001
1.40001
1.40001
1.40001
1.40001
1.40001
1.40001
1.40001
1.40001
1.40001
1.40001
1.40001
1.40001
1.40001
1.40001
1.40001
1.40001
1.40001
1.40001
1.40001
1.40001
1.40001
1.40001
1.40001
1.40001
1.40001
1.40001
1.40001
1.40001
1.40001
1.40001
1.40001
1.40001
1.40001
1.40001
1.40001
1.40001
1.40001
1.40001
1.40001
1.4
3.60423
6.57605
6.83869
6.93168
6.9983
7.04031
7.07051
7.09683
7.11122
7.12262
7.12764
7.12793
7.12613
7.12428
7.12421
7.12633
7.13075
7.13725
7.14583
7.1556
7.16562
7.1745
7.18187
7.18734
7.19069
7.19209
7.19183
7.19006
7.18731
7.18399
7.18063
7.17727
7.17516
7.17308
7.17267
1.40001
1.40001
1.40001
1.40001
1.40001
1.40001
1.40001
1.40001
1.40001
1.40001
1.40001
1.40001
1.40001
1.40001
1.40001
1.40001
1.40001
1.40001
1.40001
1.40001
1.40001
1.40001
1.40001
1.40001
1.40001
1.40001
1.40001
1.40001
1.40001
1.40001
1.40001
1.40001
1.40001
1.40001
1.40001
1.40001
1.40001
1.40001
1.40001
1.40001
1.40001
1.40001
1.40001
1.40001
1.40001
1.40001
1.40001
1.40001
1.40001
1.40001
1.40001
1.40001
1.40001
1.40001
1.40001
1.40001
1.40001
1.40001
1.40001
1.40001
1.40001
2.95164
6.34499
6.86202
6.9367
6.98213
7.01676
7.04606
7.07225
7.09397
7.11052
7.121
7.12481
7.12264
7.11837
7.11366
7.11077
7.11009
7.11181
7.11634
7.12299
7.13004
7.13758
7.14366
7.14809
7.15056
7.15095
7.14916
7.14546
7.14041
7.13469
7.12926
7.12443
7.12122
7.11846
7.1179
1.40001
1.40001
1.40001
1.40001
1.40001
1.40001
1.40001
1.40001
1.40001
1.40001
1.40001
1.40001
1.40001
1.40001
1.40001
1.40001
1.40001
1.40001
1.40001
1.40001
1.40001
1.40001
1.40001
1.40001
1.40001
1.40001
1.40001
1.40001
1.40001
1.40001
1.40001
1.40001
1.40001
1.40001
1.40001
1.40001
1.40001
1.40001
1.40001
1.40001
1.40001
1.40001
1.40001
1.40001
1.40001
1.40001
1.40001
1.40001
1.40001
1.40001
1.40001
1.40001
1.40001
1.40001
1.40001
1.40001
1.40001
1.40001
1.40001
1.40001
1.40001
2.21578
6.07916
6.99234
6.96485
6.97957
6.99978
7.02552
7.04902
7.07062
7.0896
7.10579
7.11472
7.11628
7.11234
7.10564
7.09835
7.09238
7.08859
7.08804
7.09011
7.09376
7.0986
7.10295
7.10589
7.10686
7.1055
7.10186
7.0961
7.08878
7.08049
7.07208
7.06403
7.05762
7.05245
7.05012
1.40001
1.40001
1.40001
1.40001
1.40001
1.40001
1.40001
1.40001
1.40001
1.40001
1.40001
1.40001
1.40001
1.40001
1.40001
1.40001
1.40001
1.40001
1.40001
1.40001
1.40001
1.40001
1.40001
1.40001
1.40001
1.40001
1.40001
1.40001
1.40001
1.40001
1.40001
1.40001
1.40001
1.40001
1.40001
1.40001
1.40001
1.40001
1.40001
1.40001
1.40001
1.40001
1.40001
1.40001
1.40001
1.40001
1.40001
1.40001
1.40001
1.40001
1.40001
1.40001
1.40001
1.40001
1.40001
1.40001
1.40001
1.40001
1.40001
1.40001
1.40001
1.52737
5.58997
7.14094
7.02222
6.99018
6.99181
7.00633
7.02614
7.04762
7.06669
7.082
7.09524
7.10143
7.10081
7.0951
7.08623
7.0763
7.06693
7.0607
7.05745
7.05685
7.05786
7.05956
7.06033
7.05905
7.0554
7.04912
7.04019
7.02894
7.01602
7.00306
6.99118
6.98192
6.97507
6.97237
1.40001
1.40001
1.40001
1.40001
1.40001
1.40001
1.40001
1.40001
1.40001
1.40001
1.40001
1.40001
1.40001
1.40001
1.40001
1.40001
1.40001
1.40001
1.40001
1.40001
1.40001
1.40001
1.40001
1.40001
1.40001
1.40001
1.40001
1.40001
1.40001
1.40001
1.40001
1.40001
1.40001
1.40001
1.40001
1.40001
1.40001
1.40001
1.40001
1.40001
1.40001
1.40001
1.40001
1.40001
1.40001
1.40001
1.40001
1.40001
1.40001
1.40001
1.40001
1.40001
1.40001
1.40001
1.40001
1.40001
1.40001
1.40001
1.40001
1.40001
1.40001
1.40002
4.84009
6.91051
6.92186
6.96979
6.98341
7.00004
7.01388
7.02822
7.04403
7.05905
7.07119
7.08058
7.08404
7.08138
7.07378
7.06178
7.04779
7.03511
7.02586
7.01983
7.01593
7.0137
7.01161
7.00755
7.00089
6.99096
6.97791
6.96228
6.94471
6.92653
6.90825
6.89135
6.87757
6.86939
1.40001
1.40001
1.40001
1.40001
1.40001
1.40001
1.40001
1.40001
1.40001
1.40001
1.40001
1.40001
1.40001
1.40001
1.40001
1.40001
1.40001
1.40001
1.40001
1.40001
1.40001
1.40001
1.40001
1.40001
1.40001
1.40001
1.40001
1.40001
1.40001
1.40001
1.40001
1.40001
1.40001
1.40001
1.40001
1.40001
1.40001
1.40001
1.40001
1.40001
1.40001
1.40001
1.40001
1.40001
1.40001
1.40001
1.40001
1.40001
1.40001
1.40001
1.40001
1.40001
1.40001
1.40001
1.40001
1.40001
1.40001
1.40001
1.40001
1.40001
1.40001
1.4
3.92229
6.65304
6.87055
6.94631
6.98269
7.00442
7.01329
7.01781
7.02529
7.03521
7.04573
7.055
7.06059
7.06101
7.05567
7.04472
7.02883
7.01128
6.99538
6.98335
6.9739
6.96607
6.95953
6.95164
6.94103
6.92682
6.90859
6.88614
6.8596
6.83068
6.8015
6.77561
6.7557
6.74559
1.40001
1.40001
1.40001
1.40001
1.40001
1.40001
1.40001
1.40001
1.40001
1.40001
1.40001
1.40001
1.40001
1.40001
1.40001
1.40001
1.40001
1.40001
1.40001
1.40001
1.40001
1.40001
1.40001
1.40001
1.40001
1.40001
1.40001
1.40001
1.40001
1.40001
1.40001
1.40001
1.40001
1.40001
1.40001
1.40001
1.40001
1.40001
1.40001
1.40001
1.40001
1.40001
1.40001
1.40001
1.40001
1.40001
1.40001
1.40001
1.40001
1.40001
1.40001
1.40001
1.40001
1.40001
1.40001
1.40001
1.40001
1.40001
1.40001
1.40001
1.40001
1.4
3.05302
6.38011
6.87136
6.94062
6.98312
7.00147
7.00779
7.01071
7.01201
7.01531
7.02136
7.02826
7.0341
7.0366
7.03402
7.02495
7.00892
6.98773
6.96548
6.94677
6.93104
6.91703
6.90473
6.8925
6.87723
6.85716
6.83141
6.80011
6.76386
6.72415
6.68138
6.63784
6.59715
6.56882
1.40001
1.40001
1.40001
1.40001
1.40001
1.40001
1.40001
1.40001
1.40001
1.40001
1.40001
1.40001
1.40001
1.40001
1.40001
1.40001
1.40001
1.40001
1.40001
1.40001
1.40001
1.40001
1.40001
1.40001
1.40001
1.40001
1.40001
1.40001
1.40001
1.40001
1.40001
1.40001
1.40001
1.40001
1.40001
1.40001
1.40001
1.40001
1.40001
1.40001
1.40001
1.40001
1.40001
1.40001
1.40001
1.40001
1.40001
1.40001
1.40001
1.40001
1.40001
1.40001
1.40001
1.40001
1.40001
1.40001
1.40001
1.40001
1.40001
1.40001
1.40001
1.4
2.13208
5.94046
6.95949
6.94831
6.973
6.98968
7.00134
7.00494
7.0036
7.00122
7.00053
7.00209
7.00464
7.00594
7.00443
6.99745
6.98399
6.96332
6.9379
6.91269
6.89001
6.86913
6.84851
6.82886
6.80699
6.78027
6.7467
6.70494
6.65359
6.59151
6.51873
6.44073
6.37112
6.32051
1.40001
1.40001
1.40001
1.40001
1.40001
1.40001
1.40001
1.40001
1.40001
1.40001
1.40001
1.40001
1.40001
1.40001
1.40001
1.40001
1.40001
1.40001
1.40001
1.40001
1.40001
1.40001
1.40001
1.40001
1.40001
1.40001
1.40001
1.40001
1.40001
1.40001
1.40001
1.40001
1.40001
1.40001
1.40001
1.40001
1.40001
1.40001
1.40001
1.40001
1.40001
1.40001
1.40001
1.40001
1.40001
1.40001
1.40001
1.40001
1.40001
1.40001
1.40001
1.40001
1.40001
1.40001
1.40001
1.40001
1.40001
1.40001
1.40001
1.40001
1.40001
1.40001
1.49376
4.86195
7.02783
6.91853
6.94771
6.96691
6.98069
6.98955
6.99122
6.9879
6.9828
6.97892
6.97743
6.97673
6.97335
6.96556
6.95289
6.93335
6.90744
6.87828
6.84936
6.82152
6.79289
6.76436
6.73424
6.69917
6.65519
6.60064
6.53417
6.4536
6.35716
6.24447
6.12028
6.06339
1.40001
1.40001
1.40001
1.40001
1.40001
1.40001
1.40001
1.40001
1.40001
1.40001
1.40001
1.40001
1.40001
1.40001
1.40001
1.40001
1.40001
1.40001
1.40001
1.40001
1.40001
1.40001
1.40001
1.40001
1.40001
1.40001
1.40001
1.40001
1.40001
1.40001
1.40001
1.40001
1.40001
1.40001
1.40001
1.40001
1.40001
1.40001
1.40001
1.40001
1.40001
1.40001
1.40001
1.40001
1.40001
1.40001
1.40001
1.40001
1.40001
1.40001
1.40001
1.40001
1.40001
1.40001
1.40001
1.40001
1.40001
1.40001
1.40001
1.40001
1.40001
1.40001
1.40072
2.14668
6.06328
6.95262
6.93986
6.93704
6.93921
6.93906
6.93958
6.93522
6.9284
6.91895
6.90826
6.89802
6.887
6.87509
6.86039
6.8408
6.81476
6.78192
6.74366
6.7013
6.65453
6.60535
6.55178
6.49361
6.42462
6.34262
6.23559
6.09926
5.90747
5.64314
5.15645
4.16101
1.40001
1.40001
1.40001
1.40001
1.40001
1.40001
1.40001
1.40001
1.40001
1.40001
1.40001
1.40001
1.40001
1.40001
1.40001
1.40001
1.40001
1.40001
1.40001
1.40001
1.40001
1.40001
1.40001
1.40001
1.40001
1.40001
1.40001
1.40001
1.40001
1.40001
1.40001
1.40001
1.40001
1.40001
1.40001
1.40001
1.40001
1.40001
1.40001
1.40001
1.40001
1.40001
1.40001
1.40001
1.40001
1.40001
1.40001
1.40001
1.40001
1.40001
1.40001
1.40001
1.40001
1.40001
1.40001
1.40001
1.40001
1.40001
1.40001
1.40001
1.40001
1.40001
1.40001
1.40709
2.36005
6.18896
6.94452
6.90042
6.8693
6.85376
6.83995
6.82766
6.81551
6.80087
6.78389
6.76457
6.74335
6.71916
6.69372
6.66437
6.63127
6.59175
6.54503
6.48971
6.42465
6.35003
6.26387
6.16655
6.05391
5.92135
5.76159
5.56181
5.31568
4.95513
4.47546
3.83636
1.40001
1.40001
1.40001
1.40001
1.40001
1.40001
1.40001
1.40001
1.40001
1.40001
1.40001
1.40001
1.40001
1.40001
1.40001
1.40001
1.40001
1.40001
1.40001
1.40001
1.40001
1.40001
1.40001
1.40001
1.40001
1.40001
1.40001
1.40001
1.40001
1.40001
1.40001
1.40001
1.40001
1.40001
1.40001
1.40001
1.40001
1.40001
1.40001
1.40001
1.40001
1.40001
1.40001
1.40001
1.40001
1.40001
1.40001
1.40001
1.40001
1.40001
1.40001
1.40001
1.40001
1.40001
1.40001
1.40001
1.40001
1.40001
1.40001
1.40001
1.40001
1.40001
1.40001
1.40001
1.41538
2.03689
5.78476
6.84082
6.81396
6.76626
6.75671
6.73492
6.71353
6.69004
6.66517
6.63687
6.60543
6.57066
6.53164
6.49111
6.44436
6.39536
6.33796
6.27432
6.19953
6.11383
6.01414
5.89928
5.76776
5.61513
5.443
5.23198
4.98785
4.69242
4.34383
3.96753
1.40001
1.40001
1.40001
1.40001
1.40001
1.40001
1.40001
1.40001
1.40001
1.40001
1.40001
1.40001
1.40001
1.40001
1.40001
1.40001
1.40001
1.40001
1.40001
1.40001
1.40001
1.40001
1.40001
1.40001
1.40001
1.40001
1.40001
1.40001
1.40001
1.40001
1.40001
1.40001
1.40001
1.40001
1.40001
1.40001
1.40001
1.40001
1.40001
1.40001
1.40001
1.40001
1.40001
1.40001
1.40001
1.40001
1.40001
1.40001
1.40001
1.40001
1.40001
1.40001
1.40001
1.40001
1.40001
1.40001
1.40001
1.40001
1.40001
1.40001
1.40001
1.40001
1.40001
1.40001
1.40002
1.40619
1.77425
4.71309
6.64774
6.70506
6.66494
6.64999
6.62117
6.58887
6.55454
6.51696
6.47723
6.4326
6.38428
6.33284
6.2757
6.2142
6.14743
6.07322
5.99304
5.9009
5.80203
5.68627
5.55632
5.40907
5.24345
5.05582
4.85507
4.62534
4.37182
4.12749
1.40001
1.40001
1.40001
1.40001
1.40001
1.40001
1.40001
1.40001
1.40001
1.40001
1.40001
1.40001
1.40001
1.40001
1.40001
1.40001
1.40001
1.40001
1.40001
1.40001
1.40001
1.40001
1.40001
1.40001
1.40001
1.40001
1.40001
1.40001
1.40001
1.40001
1.40001
1.40001
1.40001
1.40001
1.40001
1.40001
1.40001
1.40001
1.40001
1.40001
1.40001
1.40001
1.40001
1.40001
1.40001
1.40001
1.40001
1.40001
1.40001
1.40001
1.40001
1.40001
1.40001
1.40001
1.40001
1.40001
1.40001
1.40001
1.40001
1.40001
1.40001
1.40001
1.40001
1.40001
1.40001
1.40001
1.40191
1.60935
3.11177
6.28793
6.69731
6.65869
6.58136
6.5519
6.50081
6.45035
6.3982
6.34428
6.28581
6.22428
6.15799
6.08727
6.01158
5.92987
5.84252
5.74766
5.645
5.53252
5.41118
5.27875
5.13277
4.97901
4.81664
4.63244
4.44114
4.26034
1.40001
1.40001
1.40001
1.40001
1.40001
1.40001
1.40001
1.40001
1.40001
1.40001
1.40001
1.40001
1.40001
1.40001
1.40001
1.40001
1.40001
1.40001
1.40001
1.40001
1.40001
1.40001
1.40001
1.40001
1.40001
1.40001
1.40001
1.40001
1.40001
1.40001
1.40001
1.40001
1.40001
1.40001
1.40001
1.40001
1.40001
1.40001
1.40001
1.40001
1.40001
1.40001
1.40001
1.40001
1.40001
1.40001
1.40001
1.40001
1.40001
1.40001
1.40001
1.40001
1.40001
1.40001
1.40001
1.40001
1.40001
1.40001
1.40001
1.40001
1.40001
1.40001
1.40001
1.40001
1.40001
1.40001
1.40001
1.40074
1.45679
2.038
4.6823
6.53214
6.58028
6.52811
6.46033
6.41953
6.35759
6.29385
6.22668
6.15549
6.08151
6.00414
5.92281
5.83709
5.74676
5.65118
5.54983
5.44247
5.33015
5.21074
5.08332
4.95227
4.81258
4.65958
4.50928
4.36316
1.40001
1.40001
1.40001
1.40001
1.40001
1.40001
1.40001
1.40001
1.40001
1.40001
1.40001
1.40001
1.40001
1.40001
1.40001
1.40001
1.40001
1.40001
1.40001
1.40001
1.40001
1.40001
1.40001
1.40001
1.40001
1.40001
1.40001
1.40001
1.40001
1.40001
1.40001
1.40001
1.40001
1.40001
1.40001
1.40001
1.40001
1.40001
1.40001
1.40001
1.40001
1.40001
1.40001
1.40001
1.40001
1.40001
1.40001
1.40001
1.40001
1.40001
1.40001
1.40001
1.40001
1.40001
1.40001
1.40001
1.40001
1.40001
1.40001
1.40001
1.40001
1.40001
1.40001
1.40001
1.40001
1.40001
1.40001
1.40001
1.40011
1.40606
1.63797
2.49548
5.30553
6.50978
6.50651
6.43475
6.34539
6.28358
6.20587
6.12875
6.04877
5.96494
5.87893
5.78991
5.69803
5.60276
5.50384
5.4013
5.29592
5.18552
5.07045
4.95058
4.8226
4.6953
4.5697
4.44381
1.40001
1.40001
1.40001
1.40001
1.40001
1.40001
1.40001
1.40001
1.40001
1.40001
1.40001
1.40001
1.40001
1.40001
1.40001
1.40001
1.40001
1.40001
1.40001
1.40001
1.40001
1.40001
1.40001
1.40001
1.40001
1.40001
1.40001
1.40001
1.40001
1.40001
1.40001
1.40001
1.40001
1.40001
1.40001
1.40001
1.40001
1.40001
1.40001
1.40001
1.40001
1.40001
1.40001
1.40001
1.40001
1.40001
1.40001
1.40001
1.40001
1.40001
1.40001
1.40001
1.40001
1.40001
1.40001
1.40001
1.40001
1.40001
1.40001
1.40001
1.40001
1.40001
1.40001
1.40001
1.40001
1.40001
1.40001
1.40001
1.40001
1.40001
1.40108
1.42118
1.79461
2.82141
5.51199
6.46483
6.4485
6.36545
6.24254
6.17077
6.08747
5.9992
5.90777
5.81279
5.71533
5.61781
5.51855
5.41713
5.31205
5.20258
5.08973
4.97471
4.85944
4.74803
4.6374
4.52402
2.18535
1.44154
1.06605
0.86883
0.744127
0.605541
0.439576
0.380312
0.361838
0.332686
0.265343
0.227262
0.229771
0.231327
0.22067
0.214769
0.215393
0.225175
0.245713
0.266553
0.272378
0.278192
0.290451
0.309658
0.341904
0.371911
0.397868
0.420367
0.454658
0.48761
0.509947
0.533238
0.566252
0.608908
0.652005
0.69145
0.731184
0.767937
0.793587
0.814898
0.836819
0.861672
0.888069
0.91531
0.946607
0.968243
0.982825
0.995439
1.01003
1.02646
1.0371
1.04835
1.06559
1.0871
1.09655
1.09734
1.09618
1.10202
1.11253
1.12439
1.14244
1.15521
1.15764
1.16223
1.16838
1.16979
1.16937
1.17265
1.18126
1.19032
1.19356
1.19306
1.19048
1.18511
1.18169
1.18029
1.17923
1.18155
1.18521
1.18414
1.18156
1.17575
1.1672
1.16409
1.16294
1.16265
1.16488
1.16526
1.1637
1.16115
1.15644
1.15254
1.15146
1.15083
1.15097
1.1531
3.0242
2.44828
2.0272
1.80562
1.63779
1.45233
1.2541
1.18636
1.14087
1.07188
0.958621
0.886411
0.875757
0.846938
0.794312
0.738947
0.732489
0.734484
0.720301
0.68248
0.666883
0.670265
0.670431
0.663599
0.649598
0.647297
0.65298
0.655402
0.652575
0.642967
0.641854
0.644997
0.648808
0.650614
0.651634
0.657298
0.661104
0.663521
0.664439
0.668448
0.679345
0.701409
0.714674
0.724943
0.740631
0.764719
0.773133
0.774017
0.780513
0.796623
0.822492
0.841326
0.855279
0.870412
0.891128
0.911832
0.926232
0.939914
0.95598
0.975387
1.00403
1.02958
1.03889
1.0475
1.05807
1.07196
1.07929
1.08511
1.09761
1.11615
1.13456
1.14029
1.14055
1.14099
1.14456
1.14667
1.14983
1.15695
1.16467
1.16645
1.16552
1.16308
1.15899
1.15712
1.1574
1.15912
1.16396
1.16966
1.1712
1.17166
1.17207
1.17196
1.17219
1.17302
1.17554
1.18104
3.56812
3.18251
2.89458
2.6689
2.42446
2.20213
2.0839
1.98623
1.86213
1.68801
1.58464
1.53968
1.4859
1.40068
1.29487
1.2627
1.24175
1.20947
1.14544
1.06133
1.04257
1.02935
1.01373
0.985884
0.94328
0.926028
0.908914
0.8935
0.871176
0.83971
0.82887
0.818071
0.808031
0.795571
0.784497
0.775672
0.764152
0.744322
0.72923
0.7287
0.7301
0.731643
0.733971
0.737661
0.740656
0.743221
0.747662
0.751996
0.757612
0.768958
0.786862
0.808629
0.8261
0.839132
0.848994
0.859918
0.871382
0.88045
0.888173
0.897906
0.915799
0.942193
0.955415
0.961373
0.967342
0.977995
0.993653
1.00346
1.01348
1.02814
1.05291
1.07261
1.07666
1.07652
1.08241
1.09709
1.11658
1.1315
1.13766
1.14524
1.15937
1.16685
1.16835
1.16995
1.17658
1.18626
1.19851
1.2122
1.21697
1.21865
1.22119
1.22406
1.22543
1.22705
1.23072
1.2385
3.87264
3.6086
3.40532
3.20105
2.99058
2.84073
2.69897
2.52226
2.37123
2.28044
2.19006
2.06658
1.93749
1.8776
1.83197
1.77531
1.68028
1.58515
1.54317
1.50388
1.46411
1.39639
1.34311
1.32666
1.30429
1.27478
1.22473
1.16385
1.14827
1.13684
1.12122
1.09479
1.05796
1.04701
1.03867
1.02539
1.00543
0.96741
0.943157
0.942187
0.943078
0.93733
0.92414
0.90546
0.891973
0.882091
0.874755
0.866037
0.855433
0.852184
0.85206
0.854961
0.85563
0.849775
0.836816
0.831705
0.832102
0.834219
0.836911
0.838612
0.841005
0.843564
0.843219
0.840826
0.840951
0.843279
0.850631
0.864127
0.879378
0.892272
0.904652
0.918985
0.932872
0.943258
0.955147
0.97182
0.994738
1.02256
1.04538
1.06327
1.08075
1.09931
1.11266
1.12111
1.13053
1.14199
1.15939
1.18105
1.18834
1.18916
1.18869
1.19316
1.19754
1.19849
1.20174
1.21095
4.07627
3.88865
3.70498
3.53665
3.39458
3.24
3.07508
2.94874
2.83562
2.69988
2.56555
2.48203
2.41136
2.32434
2.20194
2.11482
2.06366
2.00594
1.93236
1.83577
1.78639
1.75575
1.71846
1.66549
1.58702
1.54858
1.52003
1.48701
1.44481
1.38572
1.36412
1.35334
1.33352
1.30619
1.25497
1.21907
1.20722
1.19054
1.17372
1.14519
1.11995
1.11203
1.10187
1.08586
1.06048
1.02167
1.00334
1.0023
0.997688
0.987527
0.97351
0.956185
0.941396
0.923756
0.908904
0.897314
0.883605
0.880047
0.881442
0.882607
0.87931
0.872307
0.863516
0.857576
0.857292
0.858425
0.862039
0.869027
0.874888
0.875923
0.87611
0.874515
0.872704
0.873003
0.874708
0.878585
0.886473
0.899841
0.910111
0.915492
0.920443
0.928439
0.939831
0.95183
0.964883
0.98132
1.00063
1.02064
1.04178
1.05073
1.05687
1.06692
1.08212
1.09255
1.1034
1.1209
4.21872
4.06743
3.91404
3.77216
3.63537
3.50489
3.38449
3.25503
3.11595
3.01095
2.92618
2.82457
2.70511
2.61831
2.54872
2.47017
2.36734
2.27732
2.23116
2.18458
2.12683
2.04129
1.9734
1.93775
1.89603
1.84465
1.77069
1.72653
1.70471
1.67624
1.64121
1.58297
1.5429
1.52279
1.49582
1.46406
1.41597
1.38614
1.37908
1.36563
1.34411
1.31019
1.269
1.25582
1.24441
1.22691
1.20351
1.17456
1.16486
1.16085
1.15032
1.13052
1.09883
1.07139
1.06848
1.06577
1.05566
1.03654
1.02319
1.01771
1.01014
0.997654
0.976618
0.959027
0.955797
0.955558
0.953966
0.948778
0.940829
0.931262
0.920493
0.913752
0.910827
0.906489
0.903453
0.903064
0.903648
0.903529
0.901429
0.895483
0.889692
0.888728
0.889129
0.890953
0.892029
0.893515
0.894288
0.89414
0.895654
0.899363
0.904779
0.91297
0.924272
0.936017
0.947038
0.959776
4.32202
4.19794
4.06905
3.93936
3.82027
3.70609
3.58704
3.47448
3.37191
3.26366
3.15114
3.06222
2.98602
2.89877
2.78932
2.69884
2.64037
2.57849
2.49859
2.41478
2.36359
2.31459
2.25642
2.17631
2.10464
2.07283
2.03942
1.99792
1.93648
1.88307
1.85441
1.82116
1.78099
1.7215
1.68065
1.66527
1.64396
1.61779
1.57547
1.53529
1.51681
1.49534
1.47001
1.43328
1.39957
1.39081
1.38092
1.36427
1.3404
1.30321
1.28368
1.27211
1.25642
1.2392
1.21376
1.19886
1.19286
1.18294
1.16825
1.14383
1.11271
1.10385
1.09763
1.08859
1.07818
1.06274
1.05189
1.04177
1.02904
1.01414
0.992304
0.97922
0.977701
0.976664
0.972106
0.964827
0.954714
0.939759
0.926959
0.920461
0.914908
0.911731
0.91091
0.911248
0.911098
0.909696
0.904981
0.898741
0.897749
0.897936
0.899274
0.902669
0.907801
0.910225
0.910303
0.909173
4.41221
4.30076
4.18954
4.07994
3.97068
3.86123
3.76031
3.661
3.55332
3.45285
3.36722
3.276
3.17625
3.09435
3.02372
2.94582
2.85193
2.77156
2.71919
2.66481
2.59558
2.50837
2.44989
2.40571
2.35563
2.29094
2.22872
2.19484
2.15993
2.11624
2.05285
1.98952
1.96329
1.93675
1.90451
1.85792
1.81624
1.7938
1.76737
1.73456
1.6853
1.64207
1.62984
1.61486
1.59417
1.56427
1.52822
1.50958
1.49154
1.46915
1.43922
1.40419
1.39355
1.38814
1.37541
1.35726
1.32791
1.30384
1.29253
1.27841
1.26214
1.23966
1.22348
1.21897
1.21276
1.20058
1.18123
1.15221
1.13689
1.1327
1.12495
1.11389
1.09888
1.09062
1.08453
1.07549
1.06246
1.04129
1.02236
1.01837
1.01693
1.01386
1.00811
1.00004
0.989899
0.978603
0.967575
0.960887
0.954265
0.949623
0.948011
0.94631
0.944187
0.941259
0.934746
0.924104
)
;

boundaryField
{
    inlet
    {
        type            calculated;
        value           uniform 1.40001;
    }
    outlet
    {
        type            calculated;
        value           nonuniform 0();
    }
    bottom
    {
        type            symmetryPlane;
    }
    top
    {
        type            symmetryPlane;
    }
    obstacle
    {
        type            calculated;
        value           nonuniform List<scalar> 
128
(
7.57269
7.57096
7.56793
7.56363
7.55811
7.55144
7.54371
7.53504
7.5255
7.51506
7.50371
7.49125
7.47767
7.4626
7.44613
7.42765
7.40737
7.3844
7.35926
7.33054
7.29893
7.2622
7.22138
7.17267
7.1179
7.05012
6.97237
6.86939
6.74559
6.56882
6.32051
6.06339
2.18535
1.44154
1.06605
0.86883
0.744127
0.605541
0.439576
0.380312
0.361838
0.332686
0.265343
0.227262
0.229771
0.231327
0.22067
0.214769
0.215393
0.225175
0.245713
0.266553
0.272378
0.278192
0.290451
0.309658
0.341904
0.371911
0.397868
0.420367
0.454658
0.48761
0.509947
0.533238
0.566252
0.608908
0.652005
0.69145
0.731184
0.767937
0.793587
0.814898
0.836819
0.861672
0.888069
0.91531
0.946607
0.968243
0.982825
0.995439
1.01003
1.02646
1.0371
1.04835
1.06559
1.0871
1.09655
1.09734
1.09618
1.10202
1.11253
1.12439
1.14244
1.15521
1.15764
1.16223
1.16838
1.16979
1.16937
1.17265
1.18126
1.19032
1.19356
1.19306
1.19048
1.18511
1.18169
1.18029
1.17923
1.18155
1.18521
1.18414
1.18156
1.17575
1.1672
1.16409
1.16294
1.16265
1.16488
1.16526
1.1637
1.16115
1.15644
1.15254
1.15146
1.15083
1.15097
1.1531
)
;
    }
    defaultFaces
    {
        type            empty;
    }
    procBoundary0to1
    {
        type            processor;
        value           nonuniform List<scalar> 8(1.15383 1.18527 1.24326 1.22003 1.14559 0.974195 0.908013 0.920271);
    }
    procBoundary0to2
    {
        type            processor;
        value           nonuniform List<scalar> 
192
(
1.40001
1.40001
1.40001
1.40001
1.40001
1.40001
1.40001
1.40001
1.40001
1.40001
1.40001
1.40001
1.40001
1.40001
1.40001
1.40001
1.40001
1.40001
1.40001
1.40001
1.40001
1.40001
1.40001
1.40001
1.40001
1.40001
1.40001
1.40001
1.40001
1.40001
1.40001
1.40001
1.40001
1.40001
1.40001
1.40001
1.40001
1.40001
1.40001
1.40001
1.40001
1.40001
1.40001
1.40001
1.40001
1.40001
1.40001
1.40001
1.40001
1.40001
1.40001
1.40001
1.40001
1.40001
1.40001
1.40001
1.40001
1.40001
1.40001
1.40001
1.40001
1.40001
1.40001
1.40001
1.40001
1.40001
1.40001
1.40001
1.40001
1.40001
1.40001
1.40002
1.4026
1.43816
1.877
2.96866
5.30631
6.36462
6.37808
6.3349
6.15601
6.04452
5.95783
5.86795
5.77603
5.67771
5.57482
5.46582
5.3561
5.24772
5.14093
5.03465
4.9287
4.82328
4.71827
4.61254
4.50707
4.40204
4.29984
4.19849
4.09822
4.00172
3.90581
3.80994
3.71973
3.63068
3.53462
3.44435
3.3686
3.28922
3.19822
3.11851
3.05467
2.9871
2.90521
2.82983
2.77843
2.72561
2.66221
2.58246
2.5254
2.48858
2.44609
2.38941
2.32178
2.28061
2.24426
2.20206
2.14707
2.09454
2.07018
2.04551
2.01281
1.96441
1.90868
1.88308
1.85921
1.83173
1.79398
1.75863
1.74214
1.72348
1.69792
1.65966
1.6123
1.5969
1.58588
1.56892
1.54726
1.51823
1.50037
1.48518
1.4657
1.44074
1.40537
1.38852
1.38509
1.37678
1.36386
1.34439
1.31917
1.30335
1.28867
1.27383
1.25677
1.23756
1.23066
1.22612
1.2179
1.20573
1.18473
1.15667
1.14682
1.14025
1.13258
1.12427
1.11301
1.10502
1.09673
1.08543
1.06963
1.04706
1.03402
1.03129
1.02923
1.02545
1.02005
1.01242
0.998843
0.981357
0.969312
0.963849
)
;
    }
}


// ************************************************************************* //
