/*--------------------------------*- C++ -*----------------------------------*\
  =========                 |
  \\      /  F ield         | OpenFOAM: The Open Source CFD Toolbox
   \\    /   O peration     | Website:  https://openfoam.org
    \\  /    A nd           | Version:  7
     \\/     M anipulation  |
\*---------------------------------------------------------------------------*/
FoamFile
{
    version     2.0;
    format      ascii;
    class       volVectorField;
    location    "0.2";
    object      U;
}
// * * * * * * * * * * * * * * * * * * * * * * * * * * * * * * * * * * * * * //

dimensions      [0 1 -1 0 0 0 0];

internalField   nonuniform List<vector> 
4032
(
(5 1.82452e-17 0)
(5 -8.17175e-17 0)
(5 1.49969e-16 0)
(5 6.59006e-16 0)
(5 5.8039e-17 0)
(5 -6.19219e-16 0)
(5 -1.29056e-15 0)
(5 -8.00262e-16 0)
(5 -1.42865e-16 0)
(5 1.96483e-16 0)
(5 1.37481e-16 0)
(5 1.36005e-17 0)
(5 1.35511e-16 0)
(5 -8.1024e-16 0)
(5 -1.84924e-15 0)
(5 -2.18676e-15 0)
(5 -7.66051e-16 0)
(5 -5.78046e-16 0)
(5 -1.21342e-15 0)
(5 -1.80823e-15 0)
(5 -3.02269e-15 0)
(5 -1.2412e-15 0)
(5 -2.19381e-16 0)
(5 6.36588e-16 0)
(5 1.87161e-15 0)
(5 3.81192e-15 0)
(5 3.36564e-15 0)
(5 3.45717e-15 0)
(5 5.18741e-15 0)
(5 4.94005e-15 0)
(5 2.40706e-15 0)
(5 -1.78948e-15 0)
(5 -3.59692e-15 0)
(5 -2.55523e-15 0)
(4.98056 0.000316794 0)
(1.38641 0.0204405 0)
(0.795951 0.0212152 0)
(0.725695 0.0302028 0)
(0.652266 0.0356344 0)
(0.564186 0.0399471 0)
(0.507485 0.0418829 0)
(0.45089 0.0394872 0)
(0.385179 0.0344124 0)
(0.267267 0.0313735 0)
(0.146955 0.0289395 0)
(0.0366257 0.0289211 0)
(-0.00906725 0.0288866 0)
(0.0134685 0.0294786 0)
(5 -6.46339e-16 0)
(5 -1.16666e-15 0)
(5 -1.12036e-15 0)
(5 -4.44182e-16 0)
(5 -2.23358e-15 0)
(5 -2.99527e-15 0)
(5 -4.89924e-15 0)
(5 -5.52205e-15 0)
(5 -5.17419e-15 0)
(5 -3.01931e-15 0)
(5 -1.43052e-15 0)
(5 2.13137e-16 0)
(5 -1.01127e-15 0)
(5 -3.47311e-15 0)
(5 -4.73447e-15 0)
(5 -3.31493e-15 0)
(5 -4.55466e-16 0)
(5 4.65311e-16 0)
(5 -1.47511e-15 0)
(5 -1.49966e-15 0)
(5 -8.83227e-16 0)
(5 -2.70821e-16 0)
(5 2.66126e-15 0)
(5 3.65269e-15 0)
(5 4.4815e-15 0)
(5 7.71687e-15 0)
(5 8.00361e-15 0)
(5 7.58486e-15 0)
(5 7.90108e-15 0)
(5 9.30622e-15 0)
(5 1.04551e-14 0)
(5 4.2107e-15 0)
(5 2.23748e-16 0)
(5 5.01883e-16 0)
(4.99583 0.000354935 0)
(1.40777 0.0884126 0)
(0.785118 0.0799248 0)
(0.701619 0.0977863 0)
(0.61764 0.0951733 0)
(0.531695 0.109277 0)
(0.475005 0.113946 0)
(0.422338 0.108464 0)
(0.36273 0.0944722 0)
(0.250709 0.0889001 0)
(0.137804 0.0849967 0)
(0.0326256 0.0851725 0)
(-0.0100143 0.0855841 0)
(0.0132019 0.0873618 0)
(5 -3.28429e-16 0)
(5 -1.23416e-15 0)
(5 -8.41813e-16 0)
(5 -3.22786e-16 0)
(5 -2.12854e-15 0)
(5 -4.00369e-15 0)
(5 -3.54435e-15 0)
(5 -3.91934e-15 0)
(5 -4.81805e-15 0)
(5 -3.50285e-15 0)
(5 -1.01081e-15 0)
(5 8.45529e-16 0)
(5 8.67414e-16 0)
(5 1.00597e-16 0)
(5 -1.19106e-16 0)
(5 -1.18676e-16 0)
(5 4.12417e-17 0)
(5 -7.81537e-16 0)
(5 -1.61895e-15 0)
(5 -2.951e-15 0)
(5 -3.10907e-15 0)
(5 -3.1483e-15 0)
(5 -2.09879e-15 0)
(5 -5.4716e-16 0)
(5 2.26718e-15 0)
(5 6.23734e-15 0)
(5 1.01682e-14 0)
(5 1.12009e-14 0)
(5 1.10922e-14 0)
(5 1.07829e-14 0)
(5 9.0809e-15 0)
(5 7.19905e-15 0)
(5 3.23149e-15 0)
(5 1.00327e-15 0)
(5 1.06232e-07 0)
(1.4755 0.158637 0)
(0.792674 0.144258 0)
(0.698534 0.175252 0)
(0.606762 0.171955 0)
(0.515281 0.184467 0)
(0.457432 0.188394 0)
(0.407289 0.17726 0)
(0.351182 0.15386 0)
(0.240884 0.142738 0)
(0.135043 0.136747 0)
(0.0337128 0.139135 0)
(-0.00773319 0.140926 0)
(0.0150357 0.14396 0)
(5 8.10751e-16 0)
(5 1.20948e-15 0)
(5 1.20586e-15 0)
(5 6.48886e-16 0)
(5 3.43643e-16 0)
(5 1.44745e-15 0)
(5 1.97894e-15 0)
(5 1.76146e-15 0)
(5 1.03503e-15 0)
(5 7.14287e-16 0)
(5 -1.50721e-15 0)
(5 -1.80962e-15 0)
(5 -2.35059e-15 0)
(5 -2.84491e-15 0)
(5 -1.38199e-15 0)
(5 2.27182e-15 0)
(5 1.60127e-15 0)
(5 9.95368e-16 0)
(5 1.40769e-15 0)
(5 9.4258e-16 0)
(5 1.96742e-16 0)
(5 -1.4665e-16 0)
(5 1.10243e-15 0)
(5 1.87304e-15 0)
(5 1.75432e-15 0)
(5 1.48169e-15 0)
(5 1.72565e-15 0)
(5 2.11197e-15 0)
(5 2.56452e-15 0)
(5 3.3556e-15 0)
(5 5.16684e-15 0)
(5 3.56701e-15 0)
(5 -3.0857e-15 0)
(5 -5.33699e-15 0)
(5 -4.12593e-15 0)
(1.58502 0.228253 0)
(0.803697 0.215214 0)
(0.701812 0.255569 0)
(0.61157 0.246797 0)
(0.5218 0.257584 0)
(0.466203 0.259612 0)
(0.416578 0.246619 0)
(0.36053 0.21351 0)
(0.248402 0.195886 0)
(0.146275 0.186553 0)
(0.0457528 0.193077 0)
(0.000804764 0.196872 0)
(0.0203733 0.202108 0)
(5 -2.03281e-16 0)
(5 9.45663e-16 0)
(5 5.96045e-16 0)
(5 6.55605e-16 0)
(5 1.26303e-15 0)
(5 3.54568e-15 0)
(5 4.17093e-15 0)
(5 3.06134e-15 0)
(5 -5.31711e-16 0)
(5 -1.49921e-15 0)
(5 -1.3862e-15 0)
(5 -1.03369e-15 0)
(5 -1.73879e-15 0)
(5 -2.95114e-15 0)
(5 -3.22965e-15 0)
(5 1.31738e-15 0)
(5 2.39454e-15 0)
(5 2.45048e-15 0)
(5 2.9735e-15 0)
(5 3.29842e-15 0)
(5 4.14434e-15 0)
(5 5.87036e-15 0)
(5 8.63536e-15 0)
(5 9.19479e-15 0)
(5 3.06141e-15 0)
(5 -2.98719e-15 0)
(5 -4.20279e-15 0)
(5 -5.13649e-15 0)
(5 -4.85412e-15 0)
(5 -1.29957e-15 0)
(5 3.05119e-15 0)
(5 4.22801e-15 0)
(5 2.83437e-15 0)
(5 9.44978e-16 0)
(5 -8.95169e-16 0)
(1.73902 0.301948 0)
(0.814959 0.295312 0)
(0.705781 0.331416 0)
(0.625548 0.314856 0)
(0.538077 0.324034 0)
(0.485324 0.330382 0)
(0.43504 0.316009 0)
(0.373992 0.279629 0)
(0.259598 0.253918 0)
(0.159098 0.239649 0)
(0.0589662 0.250408 0)
(0.00965769 0.25484 0)
(0.02534 0.263172 0)
(5 1.24837e-18 0)
(5 2.02102e-17 0)
(5 3.65345e-16 0)
(5 1.51492e-15 0)
(5 1.20605e-15 0)
(5 4.59596e-16 0)
(5 -2.06672e-16 0)
(5 -1.20884e-16 0)
(5 -8.45664e-16 0)
(5 -1.65772e-17 0)
(5 1.63136e-15 0)
(5 1.97579e-15 0)
(5 5.06571e-15 0)
(5 6.81545e-15 0)
(5 5.17489e-15 0)
(5 2.65524e-15 0)
(5 1.66067e-15 0)
(5 2.71351e-15 0)
(5 3.56598e-15 0)
(5 5.3424e-15 0)
(5 6.09708e-15 0)
(5 4.58025e-15 0)
(5 3.05086e-15 0)
(5 1.24142e-15 0)
(5 2.56871e-16 0)
(5 -2.30424e-15 0)
(5 -2.73958e-15 0)
(5 -1.54695e-15 0)
(5 -3.72937e-16 0)
(5 3.88656e-16 0)
(5 3.51728e-15 0)
(5 5.68901e-15 0)
(5 1.52479e-15 0)
(5 2.41561e-16 0)
(5 -3.30859e-16 0)
(1.95001 0.382114 0)
(0.82835 0.385772 0)
(0.708709 0.397298 0)
(0.647805 0.372468 0)
(0.559998 0.38574 0)
(0.508 0.399506 0)
(0.451835 0.389836 0)
(0.38583 0.351934 0)
(0.273577 0.318678 0)
(0.176005 0.297316 0)
(0.0766056 0.310032 0)
(0.0211137 0.313715 0)
(0.0311748 0.327309 0)
(5 -1.07321e-16 0)
(5 -1.98291e-16 0)
(5 3.73164e-16 0)
(5 3.07815e-16 0)
(5 4.23031e-16 0)
(5 1.53164e-16 0)
(5 -4.96142e-17 0)
(5 -1.9345e-16 0)
(5 2.3448e-15 0)
(5 3.63545e-15 0)
(5 1.89542e-15 0)
(5 4.62197e-16 0)
(5 4.9567e-16 0)
(5 2.73923e-15 0)
(5 3.90351e-15 0)
(5 1.61041e-15 0)
(5 7.9079e-16 0)
(5 1.6505e-15 0)
(5 1.81974e-15 0)
(5 5.74144e-16 0)
(5 3.90159e-16 0)
(5 9.67332e-17 0)
(5 -1.8352e-15 0)
(5 -1.99817e-15 0)
(5 -1.8544e-15 0)
(5 -2.6547e-15 0)
(5 -2.61179e-15 0)
(5 -2.06692e-15 0)
(5 -9.69795e-16 0)
(5 -4.92079e-16 0)
(5 6.5306e-16 0)
(5 -1.75876e-16 0)
(5 -2.61235e-15 0)
(5 -3.4196e-15 0)
(5 -2.80478e-15 0)
(2.23355 0.47882 0)
(0.848368 0.485052 0)
(0.724267 0.451007 0)
(0.678682 0.421893 0)
(0.590229 0.445887 0)
(0.531703 0.472927 0)
(0.467017 0.468289 0)
(0.398365 0.429134 0)
(0.293164 0.388961 0)
(0.200141 0.359167 0)
(0.101779 0.371492 0)
(0.0354197 0.373992 0)
(0.036118 0.397852 0)
(5 -7.52985e-16 0)
(5 -1.4326e-15 0)
(5 -1.07307e-15 0)
(5 -8.84463e-16 0)
(5 -6.69195e-16 0)
(5 7.10053e-16 0)
(5 7.28178e-16 0)
(5 -6.41747e-16 0)
(5 -5.7891e-16 0)
(5 -1.59512e-16 0)
(5 5.27782e-16 0)
(5 -4.11818e-16 0)
(5 -2.88256e-15 0)
(5 -3.19437e-15 0)
(5 -3.16284e-15 0)
(5 -2.55775e-15 0)
(5 -2.47891e-15 0)
(5 -2.68179e-15 0)
(5 -1.51219e-15 0)
(5 1.67502e-15 0)
(5 1.57386e-15 0)
(5 -7.22648e-16 0)
(5 -2.91757e-15 0)
(5 -3.02957e-15 0)
(5 -2.38673e-15 0)
(5 -2.14016e-15 0)
(5 -2.75944e-15 0)
(5 -2.17301e-15 0)
(5 -2.28801e-15 0)
(5 -2.61066e-15 0)
(5 -4.25872e-15 0)
(5 -5.65505e-15 0)
(5 -6.49712e-15 0)
(5 -6.35038e-15 0)
(5 -3.17953e-15 0)
(2.64668 0.587884 0)
(0.884771 0.584077 0)
(0.758829 0.496131 0)
(0.718007 0.471219 0)
(0.626163 0.511844 0)
(0.552166 0.551417 0)
(0.478408 0.550065 0)
(0.410207 0.51015 0)
(0.314786 0.465388 0)
(0.226437 0.42861 0)
(0.130183 0.437009 0)
(0.053594 0.440272 0)
(0.0385614 0.471532 0)
(5 1.37532e-16 0)
(5 -7.74416e-18 0)
(5 -2.47954e-16 0)
(5 2.34348e-17 0)
(5 -2.00876e-16 0)
(5 9.31302e-17 0)
(5 -5.75004e-16 0)
(5 -3.79627e-16 0)
(5 -1.37878e-15 0)
(5 -2.29406e-15 0)
(5 -1.00884e-15 0)
(5 7.09391e-16 0)
(5 2.20371e-15 0)
(5 1.40272e-15 0)
(5 6.99526e-17 0)
(5 1.8009e-16 0)
(5 -3.72468e-16 0)
(5 -2.72501e-15 0)
(5 -2.82695e-15 0)
(5 -2.13459e-16 0)
(5 -2.52243e-17 0)
(5 -3.85918e-15 0)
(5 -4.91072e-15 0)
(5 -5.1634e-15 0)
(5 -4.77127e-15 0)
(5 -3.10898e-15 0)
(5 -2.11865e-15 0)
(5 -9.19173e-16 0)
(5 -7.66962e-16 0)
(5 -3.23216e-15 0)
(5 -6.37081e-15 0)
(5 -6.213e-15 0)
(5 -3.89329e-15 0)
(5 -2.78775e-15 0)
(5 -2.78761e-15 0)
(3.30119 0.645526 0)
(0.974529 0.672215 0)
(0.797529 0.547506 0)
(0.760228 0.531073 0)
(0.660891 0.589754 0)
(0.567868 0.634405 0)
(0.490921 0.631202 0)
(0.428388 0.59265 0)
(0.344228 0.547552 0)
(0.259348 0.505682 0)
(0.163855 0.507199 0)
(0.0774722 0.513858 0)
(0.0431754 0.545762 0)
(5 5.56986e-16 0)
(5 9.12226e-16 0)
(5 7.40569e-16 0)
(5 1.791e-16 0)
(5 -2.66577e-16 0)
(5 -1.29087e-15 0)
(5 -9.24518e-16 0)
(5 -1.54846e-15 0)
(5 -4.90187e-16 0)
(5 3.77704e-16 0)
(5 1.24932e-15 0)
(5 3.17973e-15 0)
(5 4.55194e-15 0)
(5 3.63991e-15 0)
(5 2.55507e-15 0)
(5 2.53936e-15 0)
(5 2.17384e-15 0)
(5 1.07081e-15 0)
(5 -7.00778e-16 0)
(5 -2.25869e-15 0)
(5 -4.26721e-15 0)
(5 -5.19865e-15 0)
(5 -4.5343e-15 0)
(5 -3.4124e-15 0)
(5 -2.51658e-15 0)
(5 -4.42763e-16 0)
(5 5.55509e-17 0)
(5 3.20598e-17 0)
(5 5.1639e-16 0)
(5 -6.98002e-16 0)
(5 -3.37318e-15 0)
(5 -3.73917e-15 0)
(5 -3.15865e-15 0)
(5 -1.43178e-15 0)
(5 -1.07015e-15 0)
(4.23042 0.546963 0)
(1.15373 0.735162 0)
(0.835726 0.598922 0)
(0.791349 0.610131 0)
(0.683834 0.679613 0)
(0.582313 0.715226 0)
(0.510013 0.708673 0)
(0.453933 0.676374 0)
(0.378505 0.637027 0)
(0.292377 0.594697 0)
(0.197494 0.58702 0)
(0.102091 0.595735 0)
(0.0485859 0.624413 0)
(5 -2.78587e-17 0)
(5 3.91077e-16 0)
(5 1.06544e-16 0)
(5 -6.96586e-16 0)
(5 -2.30893e-15 0)
(5 -3.30562e-15 0)
(5 -2.8454e-15 0)
(5 -2.25698e-15 0)
(5 -1.05217e-15 0)
(5 9.18646e-16 0)
(5 1.50967e-15 0)
(5 1.75246e-15 0)
(5 1.9394e-15 0)
(5 1.92812e-15 0)
(5 1.37522e-15 0)
(5 6.17457e-16 0)
(5 2.53278e-16 0)
(5 -3.25146e-16 0)
(5 -1.75159e-15 0)
(5 -2.74197e-15 0)
(5 -4.18001e-15 0)
(5 -4.3377e-15 0)
(5 -4.22018e-15 0)
(5 -3.78714e-15 0)
(5 -2.9462e-15 0)
(5 -1.43155e-15 0)
(5 -5.78761e-16 0)
(5 -1.14538e-15 0)
(5 -1.22954e-15 0)
(5 7.89664e-16 0)
(5 2.63168e-16 0)
(5 -1.72678e-17 0)
(5 -9.42126e-16 0)
(5 -2.13621e-15 0)
(5 -3.87704e-15 0)
(4.95447 0.153547 0)
(1.38634 0.757554 0)
(0.857132 0.654892 0)
(0.799726 0.703659 0)
(0.695802 0.765754 0)
(0.60778 0.785193 0)
(0.540919 0.78232 0)
(0.491487 0.762006 0)
(0.424243 0.732446 0)
(0.335254 0.692291 0)
(0.242354 0.675359 0)
(0.132441 0.684164 0)
(0.0575582 0.710894 0)
(5 1.40016e-16 0)
(5 2.50751e-16 0)
(5 2.73359e-17 0)
(5 9.93393e-17 0)
(5 -4.39097e-16 0)
(5 2.89096e-16 0)
(5 5.15595e-16 0)
(5 2.9464e-15 0)
(5 4.57325e-15 0)
(5 5.39005e-15 0)
(5 3.74849e-15 0)
(5 2.53045e-15 0)
(5 2.32742e-15 0)
(5 3.66862e-15 0)
(5 4.19682e-15 0)
(5 2.59544e-15 0)
(5 -1.44382e-15 0)
(5 -2.58554e-15 0)
(5 -2.57019e-15 0)
(5 -2.72985e-15 0)
(5 -3.09085e-15 0)
(5 -4.01507e-15 0)
(5 -3.87514e-15 0)
(5 -5.32648e-15 0)
(5 -5.57498e-15 0)
(5 -7.21399e-15 0)
(5 -3.25921e-15 0)
(5 -2.40447e-15 0)
(5 -1.06511e-15 0)
(5 -5.79067e-16 0)
(5 -1.33878e-16 0)
(5 -1.60727e-15 0)
(5 -2.29143e-15 0)
(5 -4.37355e-15 0)
(5 -6.4288e-15 0)
(5.00884 0.00423009 0)
(1.76191 0.755022 0)
(0.885063 0.725418 0)
(0.797537 0.793383 0)
(0.726136 0.830957 0)
(0.65807 0.837408 0)
(0.588311 0.853998 0)
(0.537298 0.854259 0)
(0.474724 0.836835 0)
(0.38249 0.801861 0)
(0.279041 0.78373 0)
(0.158333 0.785331 0)
(0.0642684 0.810863 0)
(5 3.42023e-16 0)
(5 -3.7697e-16 0)
(5 -8.74037e-16 0)
(5 -5.07276e-16 0)
(5 1.21284e-15 0)
(5 2.6441e-15 0)
(5 2.38689e-15 0)
(5 2.22659e-15 0)
(5 1.34794e-15 0)
(5 1.70295e-15 0)
(5 2.62081e-15 0)
(5 3.6732e-15 0)
(5 4.23946e-15 0)
(5 5.26837e-15 0)
(5 5.4344e-15 0)
(5 1.9501e-15 0)
(5 9.12071e-16 0)
(5 5.91191e-16 0)
(5 1.4853e-15 0)
(5 1.35517e-15 0)
(5 -6.1548e-16 0)
(5 -2.08835e-15 0)
(5 -2.81521e-15 0)
(5 -3.48786e-15 0)
(5 -4.26583e-15 0)
(5 -4.90332e-15 0)
(5 -4.95434e-15 0)
(5 -4.25963e-15 0)
(5 -6.09488e-15 0)
(5 -7.22532e-15 0)
(5 -7.13993e-15 0)
(5 -9.07891e-15 0)
(5 -9.85838e-15 0)
(5 -1.06656e-14 0)
(5 -9.22432e-15 0)
(5.00002 2.40259e-06 0)
(2.45042 0.81034 0)
(0.97795 0.808717 0)
(0.833124 0.874819 0)
(0.787668 0.873289 0)
(0.728152 0.888195 0)
(0.652379 0.928975 0)
(0.589475 0.955696 0)
(0.530395 0.950482 0)
(0.445272 0.922825 0)
(0.333521 0.899856 0)
(0.205564 0.894157 0)
(0.083803 0.93176 0)
(5 8.49933e-17 0)
(5 -5.11545e-16 0)
(5 -5.77936e-16 0)
(5 -5.39628e-16 0)
(5 1.59984e-16 0)
(5 5.45411e-16 0)
(5 2.81707e-16 0)
(5 -9.59261e-16 0)
(5 -3.53169e-15 0)
(5 -3.30571e-15 0)
(5 -1.90073e-15 0)
(5 -3.0468e-16 0)
(5 2.91936e-15 0)
(5 2.83062e-15 0)
(5 2.23643e-15 0)
(5 2.04745e-15 0)
(5 2.3179e-15 0)
(5 1.73265e-15 0)
(5 1.66918e-15 0)
(5 1.43994e-15 0)
(5 7.88788e-16 0)
(5 1.73467e-15 0)
(5 1.19464e-15 0)
(5 -9.43762e-16 0)
(5 -1.35503e-15 0)
(5 -9.5336e-16 0)
(5 -2.42057e-15 0)
(5 -6.72966e-15 0)
(5 -8.96546e-15 0)
(5 -8.45629e-15 0)
(5 -7.35819e-15 0)
(5 -3.09742e-15 0)
(5 -2.5507e-15 0)
(5 -7.74509e-15 0)
(5 -8.4493e-15 0)
(5 6.11581e-11 0)
(3.51273 0.753903 0)
(1.14945 0.912252 0)
(0.914137 0.932315 0)
(0.868831 0.918674 0)
(0.803725 0.949667 0)
(0.719763 1.01465 0)
(0.639929 1.06523 0)
(0.585677 1.0682 0)
(0.512723 1.04915 0)
(0.388936 1.0377 0)
(0.244173 1.04442 0)
(0.0869192 1.09139 0)
(5 -3.85974e-17 0)
(5 6.89617e-16 0)
(5 6.92396e-16 0)
(5 4.22438e-16 0)
(5 4.28269e-16 0)
(5 7.05934e-16 0)
(5 9.49585e-16 0)
(5 1.39063e-16 0)
(5 -1.27868e-15 0)
(5 -2.16779e-15 0)
(5 -2.31972e-15 0)
(5 -2.54234e-15 0)
(5 -2.40435e-15 0)
(5 -4.90758e-15 0)
(5 -4.31605e-15 0)
(5 -3.49453e-15 0)
(5 -3.42055e-15 0)
(5 -2.7585e-15 0)
(5 -1.68757e-15 0)
(5 -1.25542e-15 0)
(5 -9.22211e-16 0)
(5 -7.19256e-16 0)
(5 -5.93263e-16 0)
(5 3.49749e-16 0)
(5 5.14015e-16 0)
(5 -1.46094e-15 0)
(5 -3.57648e-15 0)
(5 -5.85287e-15 0)
(5 -1.01983e-14 0)
(5 -1.16156e-14 0)
(5 -1.11477e-14 0)
(5 -9.53954e-15 0)
(5 -6.24924e-15 0)
(5 -4.11638e-15 0)
(5 -3.49219e-15 0)
(5 -4.3431e-15 0)
(4.7378 0.371214 0)
(1.42986 0.989271 0)
(0.991688 1.0182 0)
(0.932009 0.989006 0)
(0.848465 1.03902 0)
(0.767625 1.1194 0)
(0.696571 1.16893 0)
(0.653352 1.18245 0)
(0.601666 1.18078 0)
(0.497879 1.1823 0)
(0.349321 1.20843 0)
(0.148972 1.28983 0)
(5 -3.69025e-16 0)
(5 -1.24581e-16 0)
(5 -3.89722e-16 0)
(5 -3.83008e-16 0)
(5 3.778e-16 0)
(5 8.31589e-16 0)
(5 1.28064e-15 0)
(5 1.19194e-15 0)
(5 7.76485e-16 0)
(5 -1.34128e-15 0)
(5 -1.75883e-15 0)
(5 -4.02922e-15 0)
(5 -6.84825e-15 0)
(5 -8.67975e-15 0)
(5 -1.12721e-14 0)
(5 -8.10075e-15 0)
(5 -3.70567e-15 0)
(5 -3.29501e-15 0)
(5 -3.9683e-15 0)
(5 -3.1207e-15 0)
(5 -1.24651e-15 0)
(5 -7.69486e-16 0)
(5 -2.678e-15 0)
(5 -2.80612e-15 0)
(5 -2.31296e-15 0)
(5 -2.12962e-15 0)
(5 -2.27158e-15 0)
(5 -3.35404e-15 0)
(5 -9.48184e-15 0)
(5 -1.28017e-14 0)
(5 -1.03338e-14 0)
(5 -9.59281e-15 0)
(5 -8.66155e-15 0)
(5 -7.82031e-15 0)
(5 -5.11286e-15 0)
(5 -5.20889e-15 0)
(5.08043 0.0212127 0)
(1.75379 1.04499 0)
(0.987883 1.11877 0)
(0.951414 1.09556 0)
(0.905381 1.13383 0)
(0.852716 1.19307 0)
(0.78981 1.24447 0)
(0.744973 1.28022 0)
(0.715409 1.29679 0)
(0.624895 1.33913 0)
(0.432245 1.46744 0)
(0.230863 1.68023 0)
(5 -3.20054e-17 0)
(5 -1.81437e-16 0)
(5 2.84555e-16 0)
(5 3.44902e-16 0)
(5 -6.15546e-16 0)
(5 -1.33029e-15 0)
(5 -1.40082e-15 0)
(5 -1.03941e-15 0)
(5 -1.08213e-15 0)
(5 -2.78287e-15 0)
(5 -5.72642e-15 0)
(5 -7.01476e-15 0)
(5 -6.78627e-15 0)
(5 -3.41383e-15 0)
(5 -3.3781e-18 0)
(5 1.34249e-15 0)
(5 -1.66083e-17 0)
(5 -1.94586e-15 0)
(5 -1.9827e-15 0)
(5 -8.70555e-16 0)
(5 1.61964e-15 0)
(5 3.18182e-16 0)
(5 -4.07676e-15 0)
(5 -5.3813e-15 0)
(5 -5.38902e-15 0)
(5 -3.84085e-15 0)
(5 -1.85281e-15 0)
(5 -2.09812e-15 0)
(5 -4.65081e-15 0)
(5 -6.40196e-15 0)
(5 -6.15598e-15 0)
(5 -6.07954e-15 0)
(5 -5.79642e-15 0)
(5 -5.96622e-15 0)
(5 -7.72199e-15 0)
(5 -8.08392e-15 0)
(5.00098 -4.0683e-05 0)
(2.65851 1.12926 0)
(1.11824 1.21721 0)
(1.02606 1.17409 0)
(1.00092 1.19098 0)
(0.963504 1.2485 0)
(0.899059 1.31447 0)
(0.845315 1.37263 0)
(0.830672 1.41917 0)
(0.796848 1.52335 0)
(0.757281 1.77486 0)
(0.874772 2.17976 0)
(5 2.07469e-16 0)
(5 2.83443e-16 0)
(5 5.8438e-16 0)
(5 -9.56579e-17 0)
(5 -9.22261e-16 0)
(5 -1.37161e-15 0)
(5 -1.31261e-15 0)
(5 -9.83013e-16 0)
(5 -1.02623e-15 0)
(5 -1.81925e-15 0)
(5 -2.5578e-15 0)
(5 -1.98767e-15 0)
(5 -9.05486e-17 0)
(5 9.96903e-16 0)
(5 2.31742e-15 0)
(5 2.77457e-15 0)
(5 3.40043e-15 0)
(5 3.23749e-16 0)
(5 -1.79423e-15 0)
(5 -2.77912e-15 0)
(5 -1.69891e-15 0)
(5 1.19652e-15 0)
(5 1.9842e-15 0)
(5 1.09784e-15 0)
(5 9.53977e-17 0)
(5 8.28429e-16 0)
(5 1.92333e-15 0)
(5 2.51661e-15 0)
(5 2.77157e-15 0)
(5 -2.87941e-16 0)
(5 -5.61831e-15 0)
(5 -6.91102e-15 0)
(5 -8.17712e-15 0)
(5 -4.43209e-15 0)
(5 -1.58593e-15 0)
(5 -2.05657e-15 0)
(5 -1.15656e-08 0)
(4.47324 0.66023 0)
(1.48903 1.2652 0)
(1.15811 1.25928 0)
(1.10879 1.26204 0)
(1.05198 1.32761 0)
(0.994704 1.40894 0)
(0.953633 1.47542 0)
(0.963647 1.54552 0)
(1.01728 1.65345 0)
(1.10086 1.85739 0)
(1.54086 2.16914 0)
(5 5.62155e-17 0)
(5 -1.66354e-16 0)
(5 -1.10943e-16 0)
(5 3.01243e-16 0)
(5 7.23094e-16 0)
(5 7.01749e-16 0)
(5 2.41198e-16 0)
(5 -1.39554e-16 0)
(5 -2.77379e-17 0)
(5 7.06432e-18 0)
(5 -6.28951e-16 0)
(5 2.98345e-16 0)
(5 4.85358e-16 0)
(5 -9.08598e-17 0)
(5 5.77515e-17 0)
(5 5.76825e-16 0)
(5 2.56406e-15 0)
(5 3.34104e-15 0)
(5 1.35961e-15 0)
(5 1.28342e-15 0)
(5 1.31982e-15 0)
(5 1.4543e-15 0)
(5 5.36481e-15 0)
(5 6.49872e-15 0)
(5 5.78313e-15 0)
(5 5.04099e-15 0)
(5 6.33824e-15 0)
(5 7.61879e-15 0)
(5 8.12203e-15 0)
(5 2.62445e-15 0)
(5 -3.77876e-15 0)
(5 -5.04648e-15 0)
(5 -5.22341e-15 0)
(5 -4.17786e-15 0)
(5 -1.14417e-15 0)
(5 -1.08518e-16 0)
(5 -2.64186e-10 0)
(5.14709 0.039709 0)
(1.92991 1.27023 0)
(1.16879 1.38783 0)
(1.14277 1.38517 0)
(1.12788 1.41425 0)
(1.11885 1.44963 0)
(1.09796 1.52846 0)
(1.11074 1.62665 0)
(1.2083 1.7379 0)
(1.39108 1.89573 0)
(1.88222 2.07993 0)
(5 -5.18639e-17 0)
(5 2.11991e-17 0)
(5 3.70454e-16 0)
(5 7.71187e-16 0)
(5 1.19081e-15 0)
(5 6.44294e-16 0)
(5 -5.86357e-16 0)
(5 -1.47045e-15 0)
(5 -1.71018e-15 0)
(5 -7.79436e-16 0)
(5 1.01946e-15 0)
(5 1.01804e-15 0)
(5 1.17478e-15 0)
(5 1.65764e-15 0)
(5 2.01183e-15 0)
(5 1.13258e-15 0)
(5 1.95303e-15 0)
(5 3.71897e-15 0)
(5 8.57064e-15 0)
(5 9.07462e-15 0)
(5 7.52071e-15 0)
(5 5.16632e-15 0)
(5 4.68279e-15 0)
(5 3.70253e-15 0)
(5 2.85196e-15 0)
(5 1.98886e-15 0)
(5 4.92261e-15 0)
(5 9.16711e-15 0)
(5 9.78818e-15 0)
(5 6.17274e-15 0)
(5 4.95059e-15 0)
(5 3.55378e-15 0)
(5 3.00694e-15 0)
(5 2.91734e-15 0)
(5 3.78905e-15 0)
(5 3.82657e-15 0)
(5 -2.26097e-11 0)
(5.00224 -3.44419e-05 0)
(3.20618 1.18803 0)
(1.33523 1.45268 0)
(1.2242 1.45442 0)
(1.24604 1.44879 0)
(1.25533 1.48964 0)
(1.24299 1.58618 0)
(1.26147 1.68526 0)
(1.37276 1.78657 0)
(1.60017 1.89865 0)
(2.04484 1.99206 0)
(5 -1.22e-16 0)
(5 -3.76846e-16 0)
(5 -4.45713e-16 0)
(5 -6.62014e-16 0)
(5 -7.1191e-16 0)
(5 -8.47473e-16 0)
(5 -4.77857e-16 0)
(5 -7.32375e-16 0)
(5 -1.00749e-15 0)
(5 4.42452e-16 0)
(5 3.86128e-16 0)
(5 -1.42899e-16 0)
(5 2.08421e-15 0)
(5 3.66782e-15 0)
(5 3.22205e-15 0)
(5 2.80549e-15 0)
(5 2.39838e-15 0)
(5 3.08656e-15 0)
(5 2.57112e-15 0)
(5 3.46142e-16 0)
(5 1.03486e-15 0)
(5 2.56862e-15 0)
(5 2.90058e-15 0)
(5 2.39376e-15 0)
(5 4.37026e-16 0)
(5 -8.10578e-16 0)
(5 2.785e-15 0)
(5 5.70042e-15 0)
(5 5.61874e-15 0)
(5 7.50402e-15 0)
(5 1.10575e-14 0)
(5 6.36822e-15 0)
(5 4.65727e-15 0)
(5 1.45099e-15 0)
(5 4.95722e-16 0)
(5 -7.6105e-16 0)
(5 -1.10686e-12 0)
(5 3.49101e-09 0)
(5.17053 0.272412 0)
(1.87406 1.45495 0)
(1.34638 1.52026 0)
(1.33854 1.5349 0)
(1.33256 1.59249 0)
(1.36651 1.63892 0)
(1.42251 1.69208 0)
(1.52318 1.77221 0)
(1.74595 1.86504 0)
(2.12449 1.93031 0)
(5 -2.41585e-16 0)
(5 -4.69462e-16 0)
(5 -3.87918e-16 0)
(5 -6.24163e-16 0)
(5 -1.942e-15 0)
(5 -2.5887e-15 0)
(5 -2.33146e-15 0)
(5 -1.99913e-15 0)
(5 -1.82261e-15 0)
(5 -2.6305e-15 0)
(5 -3.13605e-15 0)
(5 -2.1826e-15 0)
(5 -2.27863e-15 0)
(5 -2.10105e-15 0)
(5 -4.08064e-16 0)
(5 1.11073e-15 0)
(5 1.48613e-15 0)
(5 2.03699e-15 0)
(5 -1.1386e-15 0)
(5 -4.81731e-15 0)
(5 -4.50708e-15 0)
(5 -2.84301e-15 0)
(5 -3.79612e-16 0)
(5 1.42808e-15 0)
(5 1.43494e-15 0)
(5 -3.69514e-16 0)
(5 -2.00902e-15 0)
(5 -2.01335e-15 0)
(5 -7.6043e-16 0)
(5 1.32116e-15 0)
(5 3.98972e-15 0)
(5 6.67875e-15 0)
(5 7.07219e-15 0)
(5 5.878e-15 0)
(5 4.48397e-15 0)
(5 2.96329e-15 0)
(5 -5.00579e-15 0)
(5 -2.38843e-09 0)
(5.02993 -6.46918e-05 0)
(2.83803 1.41196 0)
(1.44158 1.61692 0)
(1.43658 1.60826 0)
(1.44704 1.62229 0)
(1.4965 1.65396 0)
(1.55825 1.71135 0)
(1.66619 1.77922 0)
(1.85688 1.8386 0)
(2.16421 1.85996 0)
(5 -7.39864e-17 0)
(5 -4.2606e-17 0)
(5 -1.5046e-16 0)
(5 -5.8453e-16 0)
(5 -1.92586e-15 0)
(5 -3.21537e-15 0)
(5 -4.72482e-15 0)
(5 -4.27537e-15 0)
(5 -3.53549e-15 0)
(5 -3.12898e-15 0)
(5 -3.17093e-16 0)
(5 -3.74402e-16 0)
(5 -1.06698e-15 0)
(5 -2.93202e-15 0)
(5 -2.22446e-15 0)
(5 -1.54116e-15 0)
(5 -8.3079e-16 0)
(5 -1.59163e-15 0)
(5 -3.17949e-15 0)
(5 -4.20123e-15 0)
(5 -4.42771e-15 0)
(5 -3.8482e-15 0)
(5 -3.20135e-15 0)
(5 -2.16439e-15 0)
(5 -1.12376e-15 0)
(5 -1.99767e-15 0)
(5 -5.22713e-15 0)
(5 -5.90464e-15 0)
(5 6.22674e-16 0)
(5 1.63041e-15 0)
(5 1.13903e-15 0)
(5 3.4524e-15 0)
(5 3.76003e-15 0)
(5 2.99906e-15 0)
(5 1.06938e-15 0)
(5 -1.26774e-15 0)
(5 -1.89095e-15 0)
(5 -2.99332e-10 0)
(5.00006 1.72172e-06 0)
(5.01856 0.455122 0)
(1.97078 1.59838 0)
(1.54925 1.66646 0)
(1.56346 1.68626 0)
(1.57609 1.73265 0)
(1.65879 1.75226 0)
(1.78122 1.76946 0)
(1.95786 1.79153 0)
(2.20021 1.80742 0)
(5 3.68549e-16 0)
(5 4.0048e-16 0)
(5 -5.96482e-16 0)
(5 -3.69238e-16 0)
(5 -4.52656e-16 0)
(5 -5.1892e-16 0)
(5 -2.33375e-15 0)
(5 -1.90736e-15 0)
(5 -5.68361e-16 0)
(5 6.46423e-16 0)
(5 6.84963e-16 0)
(5 1.36781e-16 0)
(5 -3.27028e-17 0)
(5 -1.55645e-15 0)
(5 -2.26747e-15 0)
(5 -4.78477e-15 0)
(5 -3.8472e-15 0)
(5 -1.75744e-15 0)
(5 -1.85918e-15 0)
(5 -1.25689e-15 0)
(5 -1.18057e-15 0)
(5 -2.2634e-15 0)
(5 -2.70671e-15 0)
(5 -2.10964e-15 0)
(5 -1.05124e-15 0)
(5 -1.16222e-15 0)
(5 -2.13796e-15 0)
(5 -1.68728e-15 0)
(5 -2.30152e-16 0)
(5 9.04751e-16 0)
(5 1.13908e-15 0)
(5 3.14827e-15 0)
(5 4.99594e-15 0)
(5 2.92428e-15 0)
(5 -2.45363e-15 0)
(5 -2.96475e-15 0)
(5 -2.07804e-15 0)
(5 -1.26666e-12 0)
(5 -1.18738e-07 0)
(5.05141 0.0027883 0)
(3.08567 1.47389 0)
(1.66785 1.77166 0)
(1.67746 1.75154 0)
(1.71345 1.73655 0)
(1.77385 1.76069 0)
(1.87338 1.79737 0)
(2.02076 1.81625 0)
(2.22483 1.80502 0)
(5 4.78614e-16 0)
(5 9.16371e-16 0)
(5 5.29584e-16 0)
(5 -1.26991e-16 0)
(5 4.75321e-16 0)
(5 9.01511e-16 0)
(5 3.95274e-16 0)
(5 7.99088e-16 0)
(5 1.50158e-15 0)
(5 9.49639e-16 0)
(5 -6.02135e-16 0)
(5 -8.73921e-16 0)
(5 -1.26944e-15 0)
(5 -2.562e-15 0)
(5 -3.11285e-15 0)
(5 -2.424e-15 0)
(5 -2.21112e-15 0)
(5 -1.89239e-15 0)
(5 -1.55073e-15 0)
(5 -4.34607e-16 0)
(5 -5.19198e-16 0)
(5 -1.65236e-15 0)
(5 -2.29316e-15 0)
(5 3.30007e-17 0)
(5 1.18098e-15 0)
(5 7.18418e-16 0)
(5 -4.95807e-16 0)
(5 -2.89064e-15 0)
(5 -1.05691e-15 0)
(5 4.42485e-15 0)
(5 5.27035e-15 0)
(5 6.72854e-15 0)
(5 6.47251e-15 0)
(5 4.11623e-15 0)
(5 1.97544e-15 0)
(5 1.6477e-15 0)
(5 1.96962e-15 0)
(5 8.10099e-16 0)
(5 -6.65389e-09 0)
(5.00017 2.4314e-05 0)
(5.06297 0.370355 0)
(2.29439 1.69657 0)
(1.76144 1.83152 0)
(1.81843 1.83266 0)
(1.85915 1.84184 0)
(1.96361 1.82216 0)
(2.1004 1.81036 0)
(2.27146 1.80227 0)
(5 -1.88525e-17 0)
(5 -1.78987e-16 0)
(5 1.69078e-16 0)
(5 1.10241e-16 0)
(5 5.80857e-16 0)
(5 9.03929e-16 0)
(5 2.09873e-15 0)
(5 1.99288e-15 0)
(5 1.59064e-15 0)
(5 7.46052e-16 0)
(5 6.34966e-16 0)
(5 7.49422e-16 0)
(5 2.64449e-16 0)
(5 -2.96535e-16 0)
(5 -8.23759e-17 0)
(5 -3.91455e-17 0)
(5 -6.86061e-16 0)
(5 -2.99505e-15 0)
(5 -4.32838e-15 0)
(5 -3.7738e-15 0)
(5 -4.08352e-15 0)
(5 -4.70555e-15 0)
(5 -4.59779e-15 0)
(5 -4.53479e-15 0)
(5 -4.24046e-15 0)
(5 -3.63963e-15 0)
(5 -5.19065e-15 0)
(5 -8.59956e-15 0)
(5 -2.91832e-15 0)
(5 4.29036e-15 0)
(5 8.80141e-15 0)
(5 8.86703e-15 0)
(5 3.96518e-15 0)
(5 -1.14956e-15 0)
(5 -2.25728e-15 0)
(5 -3.30845e-15 0)
(5 -3.19321e-15 0)
(5 1.64449e-16 0)
(5 -5.31365e-11 0)
(5 1.39252e-09 0)
(5.02588 0.00554044 0)
(3.92864 1.22103 0)
(2.01974 1.86128 0)
(1.9254 1.87333 0)
(2.00266 1.85494 0)
(2.04431 1.88781 0)
(2.16366 1.87059 0)
(2.32636 1.83007 0)
(5 -3.32217e-16 0)
(5 -5.2224e-16 0)
(5 -4.73715e-16 0)
(5 1.02455e-15 0)
(5 2.18779e-15 0)
(5 2.91943e-15 0)
(5 1.4872e-15 0)
(5 5.96674e-16 0)
(5 2.43156e-16 0)
(5 -3.23715e-16 0)
(5 -6.52233e-16 0)
(5 -8.4197e-16 0)
(5 -1.67263e-16 0)
(5 5.66898e-16 0)
(5 2.82587e-16 0)
(5 -1.95761e-15 0)
(5 -1.07547e-15 0)
(5 -8.53498e-16 0)
(5 -2.09095e-15 0)
(5 -3.09342e-15 0)
(5 -4.30573e-15 0)
(5 -6.19858e-15 0)
(5 -7.62354e-15 0)
(5 -7.93182e-15 0)
(5 -7.33652e-15 0)
(5 -6.11881e-15 0)
(5 -4.72187e-15 0)
(5 -1.36111e-15 0)
(5 4.79896e-15 0)
(5 6.16064e-15 0)
(5 8.72362e-15 0)
(5 1.10537e-14 0)
(5 6.74316e-15 0)
(5 1.81795e-15 0)
(5 8.27677e-16 0)
(5 1.06693e-15 0)
(5 -2.54712e-15 0)
(5 1.22691e-15 0)
(5 -4.92548e-14 0)
(5 -2.05135e-14 0)
(5.00005 2.21122e-05 0)
(5.12202 0.103371 0)
(2.94145 1.67899 0)
(2.02802 1.96814 0)
(2.06236 1.93516 0)
(2.18753 1.88319 0)
(2.24894 1.90019 0)
(2.37587 1.88999 0)
(5 -5.82924e-17 0)
(5 -3.67916e-17 0)
(5 -6.46464e-17 0)
(5 2.0532e-16 0)
(5 1.79505e-16 0)
(5 -5.52593e-16 0)
(5 -3.12281e-16 0)
(5 -8.21913e-16 0)
(5 -9.10896e-16 0)
(5 -6.07611e-16 0)
(5 -1.65479e-15 0)
(5 -1.59759e-15 0)
(5 8.6292e-16 0)
(5 1.7113e-15 0)
(5 9.52651e-16 0)
(5 9.45722e-16 0)
(5 1.7619e-15 0)
(5 2.91044e-15 0)
(5 3.10452e-15 0)
(5 2.32928e-15 0)
(5 1.61843e-15 0)
(5 -2.5309e-16 0)
(5 -8.09039e-16 0)
(5 -4.58285e-17 0)
(5 2.68847e-16 0)
(5 6.84558e-16 0)
(5 1.40897e-15 0)
(5 4.07398e-15 0)
(5 3.91919e-15 0)
(5 2.88929e-15 0)
(5 4.1752e-15 0)
(5 6.75601e-15 0)
(5 1.75753e-15 0)
(5 -2.23667e-15 0)
(5 -2.69714e-15 0)
(5 -2.58905e-15 0)
(5 -2.2302e-17 0)
(5 3.53761e-15 0)
(5 3.46251e-15 0)
(5 -8.34233e-15 0)
(5 1.25441e-09 0)
(5.00366 0.00155859 0)
(4.78219 0.605924 0)
(2.62301 1.84764 0)
(2.14488 2.01544 0)
(2.21433 1.98703 0)
(2.3539 1.93481 0)
(2.45425 1.9066 0)
(5 2.41853e-16 0)
(5 5.61465e-17 0)
(5 1.20191e-16 0)
(5 -3.32678e-16 0)
(5 -2.20595e-15 0)
(5 -4.30704e-15 0)
(5 -3.58705e-15 0)
(5 -1.48663e-15 0)
(5 5.22345e-16 0)
(5 2.153e-15 0)
(5 2.82849e-15 0)
(5 2.83818e-15 0)
(5 1.53309e-15 0)
(5 1.14555e-15 0)
(5 1.51502e-15 0)
(5 2.55535e-15 0)
(5 2.42878e-15 0)
(5 2.71324e-15 0)
(5 3.8263e-15 0)
(5 3.52421e-15 0)
(5 3.34748e-15 0)
(5 3.22223e-15 0)
(5 3.36473e-15 0)
(5 1.42751e-15 0)
(5 7.56043e-16 0)
(5 1.61653e-15 0)
(5 3.39269e-15 0)
(5 3.46579e-15 0)
(5 6.29674e-16 0)
(5 -6.78372e-16 0)
(5 3.16828e-16 0)
(5 1.6099e-15 0)
(5 -6.92146e-16 0)
(5 -2.55864e-15 0)
(5 -2.82057e-15 0)
(5 -3.27112e-15 0)
(5 -3.84696e-15 0)
(5 -1.88586e-15 0)
(5 -8.60988e-16 0)
(5 -1.46572e-15 0)
(5 3.46647e-14 0)
(5 1.07086e-06 0)
(5.02546 0.021891 0)
(4.14701 1.1135 0)
(2.55281 1.93448 0)
(2.28518 2.05989 0)
(2.37765 2.02734 0)
(2.51429 1.96877 0)
(5 1.00196e-16 0)
(5 -1.47081e-16 0)
(5 -4.0778e-16 0)
(5 -6.16779e-16 0)
(5 -3.96597e-16 0)
(5 -7.76505e-17 0)
(5 5.40538e-16 0)
(5 9.49782e-16 0)
(5 2.48589e-15 0)
(5 3.07797e-15 0)
(5 2.67854e-15 0)
(5 2.29493e-15 0)
(5 1.24038e-15 0)
(5 6.186e-16 0)
(5 1.549e-15 0)
(5 1.67647e-15 0)
(5 7.20077e-16 0)
(5 3.20268e-16 0)
(5 1.38082e-15 0)
(5 1.17476e-15 0)
(5 1.99701e-15 0)
(5 2.04704e-15 0)
(5 7.3932e-16 0)
(5 -5.27369e-16 0)
(5 -1.13695e-15 0)
(5 2.91278e-16 0)
(5 2.02654e-15 0)
(5 3.84916e-15 0)
(5 4.65108e-15 0)
(5 2.66418e-15 0)
(5 9.87932e-16 0)
(5 6.03124e-17 0)
(5 2.94742e-16 0)
(5 -8.19013e-16 0)
(5 -1.87322e-15 0)
(5 -4.13246e-15 0)
(5 -6.31835e-15 0)
(5 -5.63177e-15 0)
(5 -4.79371e-15 0)
(5 -2.62675e-15 0)
(5 1.46381e-15 0)
(5 3.5365e-11 0)
(5.00009 9.61448e-05 0)
(5.03174 0.0904943 0)
(3.69992 1.432 0)
(2.61267 1.99524 0)
(2.44704 2.09365 0)
(2.53516 2.05362 0)
(5 -4.35773e-16 0)
(5 3.38945e-16 0)
(5 6.80915e-16 0)
(5 2.98362e-16 0)
(5 5.95893e-16 0)
(5 2.27613e-15 0)
(5 4.0274e-15 0)
(5 2.66623e-15 0)
(5 1.66593e-15 0)
(5 1.52526e-15 0)
(5 2.16084e-15 0)
(5 2.5617e-15 0)
(5 2.79879e-15 0)
(5 2.68254e-15 0)
(5 2.67516e-15 0)
(5 1.17061e-15 0)
(5 3.44453e-16 0)
(5 -1.14323e-15 0)
(5 -1.4116e-15 0)
(5 -2.84917e-16 0)
(5 5.11676e-16 0)
(5 1.67141e-15 0)
(5 2.02923e-15 0)
(5 1.24844e-15 0)
(5 8.70142e-16 0)
(5 1.87975e-15 0)
(5 2.61222e-15 0)
(5 3.44681e-15 0)
(5 3.67555e-15 0)
(5 2.87176e-15 0)
(5 9.74967e-16 0)
(5 -2.21685e-15 0)
(5 -2.94754e-15 0)
(5 -4.31608e-15 0)
(5 -4.56777e-15 0)
(5 -5.54113e-15 0)
(5 -7.67671e-15 0)
(5 -7.29977e-15 0)
(5 -5.02018e-15 0)
(5 1.41049e-16 0)
(5 5.28303e-15 0)
(5 9.25792e-15 0)
(5 1.25357e-08 0)
(5.00078 0.00102115 0)
(4.9617 0.226799 0)
(3.53608 1.5783 0)
(2.7366 2.03038 0)
(2.61413 2.12316 0)
(5 -2.5993e-16 0)
(5 -4.33095e-16 0)
(5 1.02178e-16 0)
(5 3.7749e-16 0)
(5 4.65495e-16 0)
(5 4.54654e-16 0)
(5 9.07124e-16 0)
(5 7.91446e-16 0)
(5 -3.15393e-16 0)
(5 -4.21005e-16 0)
(5 4.34811e-16 0)
(5 1.61011e-15 0)
(5 1.68256e-15 0)
(5 6.34488e-16 0)
(5 4.45371e-17 0)
(5 -1.74884e-15 0)
(5 -1.27756e-15 0)
(5 -1.08964e-15 0)
(5 -1.71203e-15 0)
(5 -2.61616e-15 0)
(5 -3.48008e-15 0)
(5 -3.93471e-15 0)
(5 -2.23763e-15 0)
(5 -6.26083e-16 0)
(5 1.27637e-15 0)
(5 1.47729e-15 0)
(5 8.37491e-17 0)
(5 -1.14816e-15 0)
(5 2.592e-16 0)
(5 2.84573e-15 0)
(5 1.51144e-15 0)
(5 -3.44974e-15 0)
(5 -4.23432e-15 0)
(5 -4.91381e-15 0)
(5 -4.32841e-15 0)
(5 -3.41364e-15 0)
(5 -7.88978e-15 0)
(5 -1.10397e-14 0)
(5 -4.9925e-15 0)
(5 2.01018e-15 0)
(5 2.99398e-15 0)
(5 4.97881e-15 0)
(5 3.66992e-13 0)
(5 4.08201e-07 0)
(5.002 0.00436033 0)
(4.86909 0.348685 0)
(3.54173 1.62003 0)
(2.8927 2.03942 0)
(5 3.07218e-16 0)
(5 -4.15132e-16 0)
(5 -7.5249e-16 0)
(5 -7.57548e-16 0)
(5 -7.30018e-16 0)
(5 -9.63064e-16 0)
(5 -1.48903e-15 0)
(5 -1.69135e-15 0)
(5 -1.86089e-15 0)
(5 -2.14295e-15 0)
(5 -2.27162e-15 0)
(5 -1.64927e-15 0)
(5 -2.02984e-16 0)
(5 1.06171e-15 0)
(5 1.5802e-15 0)
(5 2.7567e-15 0)
(5 2.39425e-15 0)
(5 8.50335e-16 0)
(5 4.8087e-18 0)
(5 2.16412e-16 0)
(5 1.80017e-15 0)
(5 1.54003e-15 0)
(5 1.38479e-15 0)
(5 1.75791e-15 0)
(5 1.57128e-15 0)
(5 1.44557e-15 0)
(5 1.51295e-15 0)
(5 -7.55303e-17 0)
(5 -2.29085e-16 0)
(5 1.4628e-15 0)
(5 -1.40997e-15 0)
(5 -5.61842e-15 0)
(5 -6.33653e-15 0)
(5 -5.99588e-15 0)
(5 -5.79719e-15 0)
(5 -5.8522e-15 0)
(5 -4.64167e-15 0)
(5 -4.3089e-15 0)
(5 -1.73806e-15 0)
(5 3.12846e-15 0)
(5 4.74765e-15 0)
(5 4.85574e-15 0)
(5 -6.77196e-16 0)
(5 1.31941e-11 0)
(5 3.79261e-06 0)
(5.00215 0.00878823 0)
(4.81639 0.403221 0)
(3.65717 1.58738 0)
(5 2.0395e-16 0)
(5 1.38809e-16 0)
(5 1.08086e-16 0)
(5 3.73432e-17 0)
(5 -2.75451e-16 0)
(5 -8.10337e-16 0)
(5 -1.78973e-15 0)
(5 -1.92087e-15 0)
(5 -1.23344e-15 0)
(5 -1.9001e-16 0)
(5 -8.0595e-16 0)
(5 -2.19267e-15 0)
(5 -1.98871e-15 0)
(5 -1.15351e-15 0)
(5 -6.86912e-16 0)
(5 -2.59603e-16 0)
(5 -5.21735e-16 0)
(5 -1.16179e-15 0)
(5 -3.38905e-16 0)
(5 2.29476e-15 0)
(5 4.36154e-15 0)
(5 5.02952e-15 0)
(5 5.2452e-15 0)
(5 4.34485e-15 0)
(5 1.64501e-15 0)
(5 1.27992e-15 0)
(5 3.17943e-15 0)
(5 1.52128e-15 0)
(5 -3.74871e-16 0)
(5 -1.05144e-15 0)
(5 -3.3479e-15 0)
(5 -6.78388e-15 0)
(5 -7.6409e-15 0)
(5 -6.34936e-15 0)
(5 -4.29621e-15 0)
(5 -4.83112e-15 0)
(5 -5.48078e-15 0)
(5 -5.90629e-15 0)
(5 -2.42718e-15 0)
(5 -1.4322e-15 0)
(5 -4.11127e-16 0)
(5 -1.35308e-15 0)
(5 -1.57761e-15 0)
(5 -1.90742e-15 0)
(5 2.10524e-10 0)
(5 1.14859e-05 0)
(5.00112 0.0111417 0)
(4.82789 0.377254 0)
(5 -1.45749e-16 0)
(5 -2.24478e-16 0)
(5 -5.09682e-16 0)
(5 -3.27448e-16 0)
(5 -1.17028e-16 0)
(5 -9.71435e-16 0)
(5 -2.02236e-15 0)
(5 -2.62158e-15 0)
(5 -2.40737e-15 0)
(5 -7.53482e-16 0)
(5 -4.21914e-16 0)
(5 -4.44932e-16 0)
(5 5.19428e-16 0)
(5 3.62271e-16 0)
(5 -1.50822e-15 0)
(5 -1.97873e-15 0)
(5 -1.53805e-15 0)
(5 -7.87607e-16 0)
(5 -1.33299e-15 0)
(5 -1.29959e-15 0)
(5 3.05745e-15 0)
(5 3.73202e-15 0)
(5 2.9996e-15 0)
(5 3.84319e-15 0)
(5 4.13002e-15 0)
(5 4.15657e-15 0)
(5 3.40632e-15 0)
(5 2.93121e-15 0)
(5 -2.37688e-16 0)
(5 -3.15813e-15 0)
(5 -5.183e-15 0)
(5 -5.01763e-15 0)
(5 -3.81159e-15 0)
(5 -2.22637e-15 0)
(5 -3.16471e-16 0)
(5 4.96815e-16 0)
(5 7.14754e-16 0)
(5 7.57807e-16 0)
(5 9.40013e-16 0)
(5 1.64467e-15 0)
(5 -2.54398e-15 0)
(5 -1.88557e-15 0)
(5 -1.99611e-15 0)
(5 -1.01658e-15 0)
(5 5.3421e-15 0)
(5 9.43764e-10 0)
(5 1.63678e-05 0)
(5.00037 0.00949157 0)
(5 -3.75899e-17 0)
(5 1.14908e-16 0)
(5 1.33328e-16 0)
(5 -3.25293e-16 0)
(5 -1.09178e-15 0)
(5 -1.68679e-15 0)
(5 -1.18037e-15 0)
(5 -1.41902e-15 0)
(5 -1.84582e-15 0)
(5 -3.33564e-15 0)
(5 -3.74941e-15 0)
(5 -2.45763e-15 0)
(5 -8.31307e-16 0)
(5 -1.03867e-15 0)
(5 -1.77634e-15 0)
(5 -1.60064e-15 0)
(5 -1.47407e-16 0)
(5 7.22803e-16 0)
(5 7.43211e-16 0)
(5 5.49341e-16 0)
(5 6.483e-16 0)
(5 1.61916e-15 0)
(5 3.10685e-15 0)
(5 4.04148e-15 0)
(5 5.00235e-15 0)
(5 4.746e-15 0)
(5 2.08814e-15 0)
(5 -1.45583e-16 0)
(5 -2.04863e-15 0)
(5 -4.16948e-15 0)
(5 -3.51497e-15 0)
(5 -3.39993e-15 0)
(5 -2.59978e-15 0)
(5 -1.68393e-15 0)
(5 8.75251e-16 0)
(5 2.89946e-15 0)
(5 5.38197e-15 0)
(5 5.05819e-15 0)
(5 1.26826e-15 0)
(5 -1.69853e-15 0)
(5 -1.64831e-15 0)
(5 -1.52669e-15 0)
(5 -1.54943e-15 0)
(5 -5.98107e-16 0)
(5 -2.15535e-15 0)
(5 2.10271e-14 0)
(5 1.53374e-09 0)
(5 1.2158e-05 0)
(5 2.33649e-16 0)
(5 1.11119e-15 0)
(5 1.88442e-15 0)
(5 1.37752e-15 0)
(5 3.37087e-19 0)
(5 -1.16662e-15 0)
(5 -1.31558e-15 0)
(5 -1.33988e-15 0)
(5 -1.58271e-15 0)
(5 -2.44538e-15 0)
(5 -4.01436e-15 0)
(5 -4.39948e-15 0)
(5 -5.76455e-15 0)
(5 -5.83862e-15 0)
(5 -4.57691e-15 0)
(5 -2.73862e-15 0)
(5 -1.31682e-15 0)
(5 -8.37785e-16 0)
(5 -1.49207e-16 0)
(5 -8.12173e-16 0)
(5 -2.54554e-15 0)
(5 -2.84055e-15 0)
(5 -6.01216e-16 0)
(5 -1.56583e-16 0)
(5 3.22668e-18 0)
(5 -7.13562e-17 0)
(5 -4.96891e-16 0)
(5 -1.5716e-15 0)
(5 -2.41774e-15 0)
(5 -2.46175e-15 0)
(5 -9.57588e-16 0)
(5 1.30229e-15 0)
(5 3.72334e-15 0)
(5 3.83196e-15 0)
(5 4.00938e-15 0)
(5 4.68725e-15 0)
(5 5.93546e-15 0)
(5 5.39743e-15 0)
(5 2.19125e-15 0)
(5 -7.57506e-16 0)
(5 3.50243e-16 0)
(5 2.76248e-15 0)
(5 4.95741e-15 0)
(5 5.24446e-15 0)
(5 -1.45867e-16 0)
(5 3.02814e-15 0)
(5 4.37031e-14 0)
(5 9.28623e-10 0)
(5 -3.79352e-16 0)
(5 -3.67163e-16 0)
(5 -5.05267e-16 0)
(5 -5.42776e-16 0)
(5 -2.58583e-16 0)
(5 -2.41053e-16 0)
(5 -9.83899e-16 0)
(5 -8.60421e-16 0)
(5 -3.14957e-16 0)
(5 9.11272e-16 0)
(5 1.63186e-15 0)
(5 1.22676e-15 0)
(5 1.23394e-15 0)
(5 1.49828e-15 0)
(5 6.79119e-17 0)
(5 9.50062e-16 0)
(5 9.6133e-16 0)
(5 1.96587e-15 0)
(5 1.66995e-15 0)
(5 1.62041e-15 0)
(5 1.41189e-15 0)
(5 9.41696e-16 0)
(5 1.97201e-15 0)
(5 1.78854e-15 0)
(5 4.43385e-16 0)
(5 3.07867e-16 0)
(5 -1.52823e-16 0)
(5 -5.60103e-16 0)
(5 -1.33658e-15 0)
(5 -1.12149e-15 0)
(5 6.51851e-17 0)
(5 2.89726e-15 0)
(5 5.99619e-15 0)
(5 5.41702e-15 0)
(5 3.73327e-15 0)
(5 2.41151e-15 0)
(5 4.09507e-15 0)
(5 4.13055e-15 0)
(5 4.16385e-15 0)
(5 3.11794e-15 0)
(5 2.39755e-15 0)
(5 4.94253e-15 0)
(5 5.22382e-15 0)
(5 5.15266e-15 0)
(5 4.70003e-15 0)
(5 3.9209e-15 0)
(5 6.14094e-15 0)
(5 2.97396e-14 0)
(5 -3.12879e-16 0)
(5 -2.3373e-16 0)
(5 -5.53797e-16 0)
(5 -9.87937e-16 0)
(5 3.1528e-16 0)
(5 1.76753e-15 0)
(5 2.43188e-15 0)
(5 3.27928e-15 0)
(5 3.32418e-15 0)
(5 5.49175e-15 0)
(5 5.61255e-15 0)
(5 4.92944e-15 0)
(5 3.25003e-15 0)
(5 3.21201e-15 0)
(5 2.59908e-15 0)
(5 2.3543e-15 0)
(5 2.74371e-15 0)
(5 3.65261e-15 0)
(5 4.91313e-15 0)
(5 7.38687e-15 0)
(5 9.86582e-15 0)
(5 8.00543e-15 0)
(5 4.12414e-15 0)
(5 2.04681e-15 0)
(5 3.15329e-15 0)
(5 3.00158e-15 0)
(5 1.21441e-15 0)
(5 1.49622e-15 0)
(5 4.71381e-16 0)
(5 -6.92172e-16 0)
(5 -1.10842e-15 0)
(5 -7.64129e-16 0)
(5 -5.94734e-17 0)
(5 -3.04159e-16 0)
(5 -7.02609e-16 0)
(5 -1.2516e-15 0)
(5 3.70433e-15 0)
(5 4.12709e-15 0)
(5 3.56611e-15 0)
(5 1.85819e-15 0)
(5 1.93575e-15 0)
(5 4.0257e-15 0)
(5 5.4325e-15 0)
(5 7.72915e-15 0)
(5 8.52051e-15 0)
(5 9.03005e-15 0)
(5 1.10371e-14 0)
(5 1.20985e-14 0)
(5 1.32385e-16 0)
(5 3.56534e-16 0)
(5 5.33345e-16 0)
(5 7.88262e-16 0)
(5 1.31689e-15 0)
(5 4.02079e-15 0)
(5 7.16272e-15 0)
(5 8.58715e-15 0)
(5 7.54107e-15 0)
(5 6.0595e-15 0)
(5 2.98879e-15 0)
(5 2.52194e-15 0)
(5 4.75597e-17 0)
(5 -5.29118e-16 0)
(5 2.70372e-16 0)
(5 6.77923e-16 0)
(5 1.70295e-15 0)
(5 4.23893e-15 0)
(5 5.81253e-15 0)
(5 6.64836e-15 0)
(5 5.96932e-15 0)
(5 4.81666e-15 0)
(5 3.41754e-15 0)
(5 2.68832e-15 0)
(5 1.69244e-15 0)
(5 7.11589e-16 0)
(5 3.39721e-15 0)
(5 4.39573e-15 0)
(5 3.05093e-15 0)
(5 2.51151e-15 0)
(5 1.54166e-15 0)
(5 -1.05408e-16 0)
(5 -1.4408e-15 0)
(5 3.52112e-17 0)
(5 4.32676e-16 0)
(5 2.10865e-15 0)
(5 4.31208e-15 0)
(5 4.76805e-15 0)
(5 4.29448e-15 0)
(5 3.62839e-15 0)
(5 4.16885e-15 0)
(5 6.96073e-15 0)
(5 8.12833e-15 0)
(5 1.1479e-14 0)
(5 1.5233e-14 0)
(5 1.52058e-14 0)
(5 1.542e-14 0)
(5 1.29254e-14 0)
(5 1.53769e-16 0)
(5 4.63034e-16 0)
(5 1.14521e-15 0)
(5 2.25987e-15 0)
(5 2.81096e-15 0)
(5 3.75035e-15 0)
(5 3.19725e-15 0)
(5 1.43007e-15 0)
(5 2.66218e-16 0)
(5 3.21362e-16 0)
(5 2.94378e-16 0)
(5 2.33972e-15 0)
(5 4.89877e-15 0)
(5 3.96833e-15 0)
(5 3.58663e-15 0)
(5 3.76083e-15 0)
(5 3.78407e-15 0)
(5 6.01978e-15 0)
(5 7.86169e-15 0)
(5 9.03281e-15 0)
(5 4.52227e-15 0)
(5 7.13075e-16 0)
(5 -9.40805e-16 0)
(5 -2.06408e-15 0)
(5 -5.33798e-15 0)
(5 -1.91822e-15 0)
(5 3.71532e-15 0)
(5 4.2489e-15 0)
(5 5.15771e-15 0)
(5 5.40295e-15 0)
(5 2.66893e-15 0)
(5 1.81358e-15 0)
(5 2.68223e-17 0)
(5 8.64881e-16 0)
(5 2.05941e-15 0)
(5 4.30994e-15 0)
(5 3.81277e-15 0)
(5 2.8988e-15 0)
(5 2.21656e-15 0)
(5 2.21971e-15 0)
(5 3.70077e-15 0)
(5 8.85761e-15 0)
(5 9.68493e-15 0)
(5 1.03463e-14 0)
(5 9.25327e-15 0)
(5 7.13609e-15 0)
(5 9.00411e-15 0)
(5 9.92346e-15 0)
(5 2.29864e-16 0)
(5 5.22047e-16 0)
(5 1.30858e-15 0)
(5 1.96132e-15 0)
(5 2.79196e-15 0)
(5 2.91467e-15 0)
(5 1.692e-15 0)
(5 3.89826e-16 0)
(5 -1.11324e-15 0)
(5 -3.69999e-16 0)
(5 6.83261e-16 0)
(5 1.04418e-15 0)
(5 1.73951e-15 0)
(5 2.88193e-15 0)
(5 3.20199e-15 0)
(5 3.07801e-15 0)
(5 2.41663e-15 0)
(5 2.19751e-15 0)
(5 1.24082e-15 0)
(5 1.08805e-17 0)
(5 -8.33574e-16 0)
(5 -1.23368e-15 0)
(5 -1.74372e-15 0)
(5 -1.93799e-15 0)
(5 -6.84995e-16 0)
(5 8.9646e-16 0)
(5 6.89109e-16 0)
(5 1.1626e-15 0)
(5 2.98911e-15 0)
(5 2.57115e-15 0)
(5 1.62488e-15 0)
(5 7.07112e-16 0)
(5 -2.74523e-16 0)
(5 -1.51065e-16 0)
(5 1.74904e-15 0)
(5 9.9304e-16 0)
(5 1.85722e-16 0)
(5 -1.39489e-16 0)
(5 -7.28367e-16 0)
(5 -3.43812e-16 0)
(5 3.55935e-15 0)
(5 4.34809e-15 0)
(5 4.32398e-15 0)
(5 2.01937e-15 0)
(5 6.70043e-16 0)
(5 2.00848e-15 0)
(5 4.44152e-15 0)
(5 5.48384e-15 0)
(5 -1.02325e-16 0)
(5 -9.25175e-16 0)
(5 -9.77723e-16 0)
(5 -4.25874e-16 0)
(5 6.6748e-16 0)
(5 2.21021e-15 0)
(5 3.05459e-15 0)
(5 3.61722e-15 0)
(5 2.9953e-15 0)
(5 1.92847e-15 0)
(5 1.0988e-15 0)
(5 1.54983e-16 0)
(5 -4.7483e-16 0)
(5 -8.89731e-16 0)
(5 -9.59766e-16 0)
(5 -8.8649e-16 0)
(5 -1.33305e-15 0)
(5 -2.18639e-15 0)
(5 -3.66018e-15 0)
(5 -6.09251e-15 0)
(5 -7.11926e-15 0)
(5 -6.85106e-15 0)
(5 -4.59813e-15 0)
(5 -2.22623e-15 0)
(5 6.55101e-16 0)
(5 8.46187e-16 0)
(5 -1.20621e-15 0)
(5 -2.586e-15 0)
(5 -2.94623e-15 0)
(5 1.32445e-16 0)
(5 3.91094e-16 0)
(5 -9.37195e-16 0)
(5 -2.09082e-15 0)
(5 -1.287e-15 0)
(5 -1.67965e-15 0)
(5 -2.94797e-15 0)
(5 -2.94674e-15 0)
(5 -6.53867e-16 0)
(5 4.92217e-16 0)
(5 1.01931e-15 0)
(5 2.05232e-15 0)
(5 1.28665e-15 0)
(5 -2.7945e-15 0)
(5 -4.3507e-15 0)
(5 1.40051e-15 0)
(5 5.60885e-15 0)
(5 6.44434e-15 0)
(5 4.17261e-15 0)
(5 -1.231e-16 0)
(5 -5.17067e-16 0)
(5 -9.84387e-16 0)
(5 -7.93105e-16 0)
(5 -9.0674e-16 0)
(5 3.2283e-17 0)
(5 2.11416e-15 0)
(5 3.00417e-15 0)
(5 1.91677e-15 0)
(5 -7.04226e-16 0)
(5 -1.77055e-15 0)
(5 -1.29244e-15 0)
(5 1.79891e-17 0)
(5 1.08616e-15 0)
(5 1.41752e-15 0)
(5 1.36571e-15 0)
(5 -1.27306e-16 0)
(5 -2.01398e-15 0)
(5 -5.90433e-15 0)
(5 -5.67002e-15 0)
(5 -2.97234e-15 0)
(5 -1.32274e-15 0)
(5 -5.84403e-16 0)
(5 -3.88113e-16 0)
(5 -6.77219e-16 0)
(5 -2.7949e-15 0)
(5 -3.39281e-15 0)
(5 -3.3042e-15 0)
(5 -2.67477e-15 0)
(5 -1.27335e-15 0)
(5 -1.26279e-15 0)
(5 -1.01073e-15 0)
(5 -8.62609e-16 0)
(5 -1.11204e-15 0)
(5 -2.63108e-15 0)
(5 -1.36158e-15 0)
(5 -8.29357e-16 0)
(5 -9.69444e-17 0)
(5 4.53989e-15 0)
(5 6.80274e-15 0)
(5 5.06436e-15 0)
(5 3.13431e-15 0)
(5 1.07159e-15 0)
(5 3.42566e-15 0)
(5 3.99275e-15 0)
(5 2.37234e-15 0)
(5 2.08059e-15 0)
(5 -2.73015e-15 0)
(5 -4.93551e-16 0)
(5 -4.69064e-16 0)
(5 -1.92595e-16 0)
(5 -1.76744e-16 0)
(5 -8.93588e-16 0)
(5 -8.55684e-16 0)
(5 -1.47238e-15 0)
(5 -1.82587e-15 0)
(5 -2.6956e-15 0)
(5 -4.08679e-15 0)
(5 -3.00527e-15 0)
(5 -1.24319e-15 0)
(5 -1.80773e-15 0)
(5 -2.06713e-15 0)
(5 1.40276e-15 0)
(5 3.15619e-15 0)
(5 2.51598e-15 0)
(5 1.28029e-15 0)
(5 -1.72545e-15 0)
(5 -4.91436e-15 0)
(5 -5.41275e-15 0)
(5 -2.58064e-15 0)
(5 -1.84184e-15 0)
(5 -2.22029e-15 0)
(5 -2.62128e-15 0)
(5 -3.55677e-15 0)
(5 -2.13873e-15 0)
(5 -4.35476e-16 0)
(5 5.22613e-16 0)
(5 -9.77059e-16 0)
(5 -1.6348e-15 0)
(5 -1.3591e-15 0)
(5 -6.75282e-16 0)
(5 -3.75562e-15 0)
(5 -7.82942e-16 0)
(5 1.21995e-15 0)
(5 1.92974e-15 0)
(5 1.54662e-15 0)
(5 4.11905e-15 0)
(5 7.49959e-15 0)
(5 5.9697e-15 0)
(5 1.15184e-15 0)
(5 -8.09111e-16 0)
(5 6.95377e-16 0)
(5 -5.08514e-16 0)
(5 -5.07775e-15 0)
(5 -8.49268e-15 0)
(5 -8.30029e-15 0)
(2.40918 2.24366 0)
(2.98594 2.25212 0)
(3.07942 2.61167 0)
(3.89556 1.61441 0)
(4.15567 0.898064 0)
(4.24596 0.0145802 0)
(4.32433 -0.588683 0)
(4.41349 -0.822699 0)
(4.35112 -0.707443 0)
(4.22333 -0.584503 0)
(4.31513 -0.496737 0)
(4.37785 -0.481282 0)
(4.37039 -0.434773 0)
(4.32041 -0.33957 0)
(4.28642 -0.246012 0)
(4.27708 -0.19347 0)
(4.25443 -0.157023 0)
(4.19172 -0.0838297 0)
(4.16038 -0.0780897 0)
(4.17709 -0.0579499 0)
(4.23108 -0.00946175 0)
(4.26963 0.0139965 0)
(4.2584 0.0100409 0)
(4.25881 0.00758116 0)
(4.26838 0.00579417 0)
(4.27925 0.0135166 0)
(4.27297 0.0269677 0)
(4.28739 0.0169942 0)
(4.33177 0.00391005 0)
(4.38613 0.00105184 0)
(4.4386 0.00245559 0)
(4.47922 0.00386184 0)
(4.51529 0.00338235 0)
(4.53817 0.0024503 0)
(4.52821 0.0067661 0)
(4.54806 0.0117352 0)
(4.58047 0.0125466 0)
(4.60759 0.0137753 0)
(4.65308 0.0138094 0)
(4.71282 0.00571141 0)
(4.73166 0.00138818 0)
(4.76535 -0.00663405 0)
(4.7931 -0.0139627 0)
(4.78271 -0.0106563 0)
(4.77857 0.00175007 0)
(4.81182 0.00875531 0)
(4.84002 0.0115505 0)
(4.86463 0.0146472 0)
(4.88671 0.0172912 0)
(4.92542 0.0204375 0)
(4.98498 0.0194099 0)
(5.05545 0.00541831 0)
(5.08134 -0.0103943 0)
(5.07885 -0.0155525 0)
(5.07753 -0.0201319 0)
(5.07899 -0.0124803 0)
(5.06311 0.000460311 0)
(5.04341 0.00876006 0)
(5.03899 0.0125548 0)
(5.03878 0.0131392 0)
(5.03397 0.0113481 0)
(5.02384 0.0115666 0)
(5.01069 0.0122177 0)
(4.9962 0.00364414 0)
(4.98933 -0.00641005 0)
(4.98722 0.00100866 0)
(2.97563 2.11841 0)
(3.83609 1.6669 0)
(4.36119 1.02495 0)
(4.70961 0.360082 0)
(4.60959 -0.283064 0)
(4.71218 -0.740288 0)
(4.83357 -0.908689 0)
(4.87014 -1.13196 0)
(4.82256 -1.18049 0)
(4.72722 -1.08057 0)
(4.65594 -0.877374 0)
(4.66375 -0.664214 0)
(4.64154 -0.479147 0)
(4.55945 -0.325841 0)
(4.48448 -0.239522 0)
(4.43957 -0.196236 0)
(4.34227 -0.122871 0)
(4.29772 -0.0275816 0)
(4.27936 -0.0162119 0)
(4.30677 -0.0153926 0)
(4.34233 0.0647015 0)
(4.37554 0.0928528 0)
(4.33425 0.0714824 0)
(4.32125 0.0611355 0)
(4.31956 0.0628462 0)
(4.31802 0.0797016 0)
(4.30639 0.074134 0)
(4.32494 0.0431601 0)
(4.36219 0.0160974 0)
(4.40736 -0.0180267 0)
(4.4611 -0.0214871 0)
(4.51953 -0.0212566 0)
(4.57446 -0.0244331 0)
(4.61749 -0.0236302 0)
(4.61462 0.0106189 0)
(4.59008 0.0587453 0)
(4.61422 0.0677561 0)
(4.63405 0.0675716 0)
(4.67144 0.0623539 0)
(4.73282 0.0352209 0)
(4.75906 0.0126468 0)
(4.79709 -0.0238907 0)
(4.83351 -0.0630449 0)
(4.84582 -0.0680653 0)
(4.82921 -0.0433196 0)
(4.83928 -0.0200194 0)
(4.86824 -0.00988969 0)
(4.89454 -0.00124518 0)
(4.91926 0.0103132 0)
(4.95308 0.0269481 0)
(5.00725 0.0469213 0)
(5.0649 0.033468 0)
(5.0855 0.00301906 0)
(5.08218 -0.00417158 0)
(5.07577 -0.0207416 0)
(5.08271 -0.0262176 0)
(5.08549 -0.0128769 0)
(5.07724 0.000180386 0)
(5.06836 0.0186994 0)
(5.05527 0.0361185 0)
(5.04764 0.0400097 0)
(5.03071 0.0437403 0)
(5.01114 0.0441382 0)
(4.99564 0.0325703 0)
(4.98775 0.0227368 0)
(4.98383 0.0283631 0)
(2.7516 2.0933 0)
(3.60888 1.6367 0)
(4.17959 1.09865 0)
(4.26575 1.10847 0)
(4.38384 0.785986 0)
(4.69255 0.0323497 0)
(4.8441 -0.353789 0)
(4.93545 -0.3782 0)
(4.84257 -0.387581 0)
(4.84823 -0.462691 0)
(4.89186 -0.596681 0)
(4.9499 -0.700605 0)
(4.9723 -0.714011 0)
(4.922 -0.683304 0)
(4.81832 -0.64599 0)
(4.74084 -0.608679 0)
(4.65025 -0.467604 0)
(4.5815 -0.262986 0)
(4.56337 -0.162163 0)
(4.52556 -0.139702 0)
(4.50765 -0.040332 0)
(4.53231 0.0627997 0)
(4.49772 0.0758151 0)
(4.48695 0.0704404 0)
(4.46302 0.0618193 0)
(4.43447 0.059016 0)
(4.39762 0.0522489 0)
(4.40942 0.0427539 0)
(4.45208 0.0335136 0)
(4.49091 0.0175442 0)
(4.54269 0.00932914 0)
(4.60094 0.00941985 0)
(4.6515 0.00663233 0)
(4.68969 0.00224497 0)
(4.70092 0.0079569 0)
(4.6755 0.0392588 0)
(4.68585 0.0619037 0)
(4.71581 0.0658864 0)
(4.74788 0.0677378 0)
(4.78847 0.0539277 0)
(4.81101 0.0430483 0)
(4.84663 0.0126109 0)
(4.87317 -0.0194398 0)
(4.89154 -0.034084 0)
(4.90088 -0.0290624 0)
(4.9035 -0.0060128 0)
(4.92969 0.00355132 0)
(4.95206 0.0069233 0)
(4.97305 0.014201 0)
(5.00834 0.0161286 0)
(5.05785 0.0323582 0)
(5.10408 0.0238493 0)
(5.11018 -0.00111835 0)
(5.10466 -0.00481273 0)
(5.08962 -0.0094371 0)
(5.09489 -0.0150985 0)
(5.09952 -0.0125369 0)
(5.10021 -0.00153173 0)
(5.10002 0.00947123 0)
(5.08702 0.0151879 0)
(5.074 0.0266003 0)
(5.05615 0.029745 0)
(5.0316 0.0299238 0)
(5.02027 0.0293075 0)
(5.01689 0.0387135 0)
(5.01052 0.0590069 0)
(2.70859 1.91661 0)
(3.27982 1.6697 0)
(3.5916 1.57588 0)
(3.92148 1.34217 0)
(4.35016 0.763883 0)
(4.49506 0.334937 0)
(4.57003 0.285175 0)
(4.66041 0.22214 0)
(4.78561 -0.0965399 0)
(4.86301 -0.39893 0)
(4.82408 -0.633118 0)
(4.86455 -0.648156 0)
(4.97645 -0.637921 0)
(5.01495 -0.70163 0)
(4.90517 -0.749615 0)
(4.86541 -0.760884 0)
(4.81417 -0.717604 0)
(4.76072 -0.551454 0)
(4.76811 -0.41564 0)
(4.73937 -0.342801 0)
(4.71288 -0.272702 0)
(4.69809 -0.125545 0)
(4.69598 -0.0346741 0)
(4.66577 0.00585123 0)
(4.57661 0.0345222 0)
(4.53976 0.0809133 0)
(4.49588 0.117202 0)
(4.50384 0.107426 0)
(4.54272 0.0936829 0)
(4.58497 0.0760423 0)
(4.63398 0.0565792 0)
(4.68505 0.0443716 0)
(4.72834 0.0350622 0)
(4.76137 0.0222926 0)
(4.77826 0.00258357 0)
(4.76674 0.00343006 0)
(4.77138 0.0338903 0)
(4.79797 0.0476638 0)
(4.82983 0.0490324 0)
(4.86513 0.0442378 0)
(4.89569 0.0268126 0)
(4.91999 0.0123958 0)
(4.93886 0.00458373 0)
(4.9551 -0.00313732 0)
(4.96793 -0.00775143 0)
(4.97469 0.00736461 0)
(4.99527 0.0336541 0)
(5.02217 0.0414028 0)
(5.04408 0.0480079 0)
(5.07232 0.0440459 0)
(5.10401 0.0231606 0)
(5.1212 -0.00971627 0)
(5.13517 -0.0337791 0)
(5.1362 -0.0417083 0)
(5.12836 -0.0443275 0)
(5.12681 -0.0367831 0)
(5.12731 -0.0135307 0)
(5.12366 0.0107807 0)
(5.12004 0.017207 0)
(5.11001 0.0108599 0)
(5.10133 0.00512223 0)
(5.07939 0.000797158 0)
(5.05134 -0.016803 0)
(5.04236 -0.0430554 0)
(5.05005 -0.0468454 0)
(5.05454 -0.016595 0)
(2.59928 1.89532 0)
(3.02359 1.75227 0)
(3.40854 1.52416 0)
(3.70621 1.35631 0)
(3.89206 1.20806 0)
(4.18246 0.818762 0)
(4.39074 0.423775 0)
(4.5141 0.296778 0)
(4.56214 0.338279 0)
(4.64582 0.191038 0)
(4.71718 -0.0982189 0)
(4.73221 -0.327972 0)
(4.80836 -0.371258 0)
(4.85405 -0.326454 0)
(4.82941 -0.418434 0)
(4.80601 -0.505811 0)
(4.81992 -0.558311 0)
(4.84195 -0.550765 0)
(4.86536 -0.50388 0)
(4.86533 -0.46789 0)
(4.8351 -0.439862 0)
(4.81384 -0.342327 0)
(4.81614 -0.209961 0)
(4.8236 -0.151143 0)
(4.726 -0.0627938 0)
(4.64409 -0.00341702 0)
(4.60795 0.0618416 0)
(4.59114 0.095033 0)
(4.62282 0.122875 0)
(4.65384 0.123207 0)
(4.68783 0.119761 0)
(4.73125 0.113273 0)
(4.78448 0.08227 0)
(4.82251 0.0427867 0)
(4.8372 0.0212845 0)
(4.83625 0.0175922 0)
(4.84638 0.030444 0)
(4.86966 0.0486463 0)
(4.89211 0.0633857 0)
(4.9172 0.0639349 0)
(4.95123 0.0541575 0)
(4.97358 0.0386261 0)
(4.98908 0.0258628 0)
(5.00286 0.0183464 0)
(5.01587 0.0148503 0)
(5.03305 0.0210759 0)
(5.05414 0.0342862 0)
(5.07482 0.0468843 0)
(5.09629 0.0526486 0)
(5.12045 0.043763 0)
(5.14055 0.0252297 0)
(5.14801 0.00606448 0)
(5.1501 -0.00429766 0)
(5.15289 -0.0186295 0)
(5.15775 -0.015986 0)
(5.15657 0.00935949 0)
(5.15333 0.0217925 0)
(5.15213 0.0235828 0)
(5.14854 0.0253108 0)
(5.13627 0.0374986 0)
(5.12845 0.0460059 0)
(5.11054 0.0474498 0)
(5.08783 0.02117 0)
(5.08284 -0.0160531 0)
(5.08879 -0.0150938 0)
(5.09314 0.0275001 0)
(2.53676 1.81994 0)
(2.86419 1.75585 0)
(3.18301 1.64077 0)
(3.52237 1.42801 0)
(3.79514 1.15721 0)
(3.95632 0.983288 0)
(4.05267 0.87519 0)
(4.21183 0.732555 0)
(4.42724 0.510097 0)
(4.5987 0.267684 0)
(4.6326 0.108163 0)
(4.6143 -0.00496723 0)
(4.6413 -0.0930311 0)
(4.72047 -0.161971 0)
(4.80693 -0.293853 0)
(4.82025 -0.453988 0)
(4.79861 -0.554034 0)
(4.80983 -0.562653 0)
(4.86656 -0.53925 0)
(4.89835 -0.475996 0)
(4.89088 -0.467408 0)
(4.88647 -0.458003 0)
(4.86667 -0.400039 0)
(4.86132 -0.329251 0)
(4.82661 -0.240638 0)
(4.75461 -0.137908 0)
(4.71206 -0.0488909 0)
(4.6847 0.00922967 0)
(4.67348 0.0580047 0)
(4.70223 0.129736 0)
(4.71605 0.157486 0)
(4.74512 0.156137 0)
(4.78358 0.146747 0)
(4.82088 0.12156 0)
(4.84815 0.0828443 0)
(4.86422 0.0563075 0)
(4.88266 0.0508941 0)
(4.90768 0.0544282 0)
(4.93514 0.0608869 0)
(4.95535 0.067829 0)
(4.97646 0.0623076 0)
(5.00096 0.0539254 0)
(5.01923 0.0484634 0)
(5.0328 0.0459709 0)
(5.04812 0.0461953 0)
(5.06542 0.0492283 0)
(5.08569 0.0514848 0)
(5.10513 0.0455851 0)
(5.11339 0.0262651 0)
(5.12538 0.00934892 0)
(5.1478 0.00320338 0)
(5.16061 -0.000284258 0)
(5.16386 -0.00239076 0)
(5.16905 -0.00271365 0)
(5.17805 -0.000916366 0)
(5.17895 0.00124546 0)
(5.17055 -0.000903931 0)
(5.16383 -0.00658739 0)
(5.16184 -0.00964676 0)
(5.1587 -0.00610909 0)
(5.15273 -0.000704007 0)
(5.14075 -0.00106175 0)
(5.12969 -0.0177673 0)
(5.12698 -0.0262054 0)
(5.12532 0.00807688 0)
(5.12808 0.0700015 0)
(2.47555 1.80563 0)
(2.78171 1.72904 0)
(3.09007 1.58775 0)
(3.32524 1.49732 0)
(3.52677 1.39128 0)
(3.7605 1.17929 0)
(3.95836 0.926435 0)
(4.09685 0.752201 0)
(4.23926 0.713433 0)
(4.33802 0.706126 0)
(4.38714 0.537419 0)
(4.4987 0.260024 0)
(4.53562 0.0445348 0)
(4.58656 -0.069238 0)
(4.68886 -0.0350835 0)
(4.71482 -0.0241079 0)
(4.72808 -0.174062 0)
(4.71424 -0.284907 0)
(4.75787 -0.256522 0)
(4.81499 -0.249315 0)
(4.83409 -0.277809 0)
(4.83685 -0.366604 0)
(4.84531 -0.392816 0)
(4.85486 -0.371729 0)
(4.85539 -0.340405 0)
(4.8303 -0.280177 0)
(4.7928 -0.188154 0)
(4.75454 -0.0817876 0)
(4.72701 -0.0221106 0)
(4.72722 0.0528853 0)
(4.7549 0.122896 0)
(4.75971 0.151832 0)
(4.77561 0.160017 0)
(4.79968 0.15339 0)
(4.82375 0.14526 0)
(4.84531 0.142373 0)
(4.87662 0.120969 0)
(4.91223 0.086997 0)
(4.94035 0.0647599 0)
(4.96255 0.0541962 0)
(4.98511 0.0557076 0)
(5.01625 0.0611524 0)
(5.03584 0.0630435 0)
(5.05151 0.064537 0)
(5.06615 0.0669245 0)
(5.08084 0.0690074 0)
(5.09589 0.0661502 0)
(5.10179 0.0477779 0)
(5.10424 0.0243917 0)
(5.1196 0.0181634 0)
(5.13322 0.0173722 0)
(5.14661 0.0194931 0)
(5.16372 0.0247046 0)
(5.17995 0.03351 0)
(5.18254 0.0450679 0)
(5.17767 0.051478 0)
(5.16917 0.0444159 0)
(5.16471 0.0164649 0)
(5.17247 -0.000631146 0)
(5.17668 0.0080641 0)
(5.17422 0.0202105 0)
(5.16632 0.022337 0)
(5.16214 0.0108125 0)
(5.16169 0.00771947 0)
(5.15587 0.0340885 0)
(5.1476 0.065061 0)
(2.47276 1.75958 0)
(2.7083 1.71251 0)
(2.94635 1.64323 0)
(3.22407 1.49714 0)
(3.45096 1.36294 0)
(3.57031 1.31433 0)
(3.69461 1.19143 0)
(3.91778 0.976386 0)
(4.11735 0.760785 0)
(4.25603 0.63227 0)
(4.29289 0.622787 0)
(4.25091 0.599735 0)
(4.32955 0.406796 0)
(4.44775 0.170237 0)
(4.55163 0.0646095 0)
(4.64097 0.0374738 0)
(4.67551 -0.0381383 0)
(4.67218 -0.124976 0)
(4.69985 -0.135989 0)
(4.75254 -0.118139 0)
(4.83127 -0.22726 0)
(4.83075 -0.374146 0)
(4.80563 -0.435421 0)
(4.85915 -0.394442 0)
(4.86885 -0.345833 0)
(4.86451 -0.301154 0)
(4.83992 -0.253518 0)
(4.80985 -0.193382 0)
(4.77605 -0.0913859 0)
(4.75562 -0.0304868 0)
(4.75498 0.0166566 0)
(4.78468 0.0964991 0)
(4.78521 0.13223 0)
(4.78914 0.156058 0)
(4.79988 0.173502 0)
(4.81873 0.181842 0)
(4.84651 0.178269 0)
(4.87996 0.156223 0)
(4.91429 0.121833 0)
(4.94496 0.0914003 0)
(4.97922 0.0738359 0)
(5.01724 0.0766312 0)
(5.04323 0.0820038 0)
(5.0615 0.088791 0)
(5.07343 0.094607 0)
(5.08014 0.0910936 0)
(5.08006 0.0684949 0)
(5.08141 0.0402317 0)
(5.09014 0.0298958 0)
(5.09732 0.0240248 0)
(5.11471 0.0150402 0)
(5.14238 0.0147441 0)
(5.16877 0.0233835 0)
(5.17984 0.0295895 0)
(5.17998 0.0334254 0)
(5.17589 0.0347459 0)
(5.16473 0.0150512 0)
(5.16477 -0.0280122 0)
(5.18012 -0.0450606 0)
(5.18964 -0.027202 0)
(5.18853 -0.00191829 0)
(5.18086 0.0177063 0)
(5.1783 0.0213556 0)
(5.17411 0.0101696 0)
(5.15748 -0.00443038 0)
(5.1294 -0.014498 0)
(2.46407 1.78303 0)
(2.6642 1.73182 0)
(2.91207 1.62316 0)
(3.12414 1.51852 0)
(3.27603 1.49312 0)
(3.43104 1.41881 0)
(3.66797 1.20922 0)
(3.83122 1.03504 0)
(3.91201 0.966444 0)
(4.00136 0.929109 0)
(4.13091 0.805628 0)
(4.22811 0.606044 0)
(4.29833 0.435455 0)
(4.32394 0.342826 0)
(4.35997 0.358158 0)
(4.40875 0.355109 0)
(4.54518 0.240874 0)
(4.61383 0.0694866 0)
(4.65119 -0.0121057 0)
(4.70663 0.00102163 0)
(4.73906 -0.010536 0)
(4.74958 -0.123722 0)
(4.73506 -0.201847 0)
(4.77943 -0.171842 0)
(4.81285 -0.153744 0)
(4.80485 -0.183399 0)
(4.80098 -0.199771 0)
(4.79936 -0.187566 0)
(4.80153 -0.156685 0)
(4.79436 -0.113613 0)
(4.77732 -0.0552265 0)
(4.77313 0.00152649 0)
(4.7926 0.0896017 0)
(4.79577 0.122922 0)
(4.79825 0.144921 0)
(4.80607 0.169936 0)
(4.82382 0.180029 0)
(4.84931 0.174535 0)
(4.88631 0.154804 0)
(4.92331 0.13235 0)
(4.95733 0.116625 0)
(5.00004 0.116223 0)
(5.03193 0.120196 0)
(5.05759 0.125143 0)
(5.07292 0.123276 0)
(5.0651 0.102482 0)
(5.04916 0.0740357 0)
(5.05694 0.0653118 0)
(5.06526 0.0622555 0)
(5.07605 0.0530681 0)
(5.1025 0.0415061 0)
(5.14117 0.0391489 0)
(5.16537 0.0533849 0)
(5.17051 0.0600361 0)
(5.17124 0.0645759 0)
(5.16877 0.0710124 0)
(5.16033 0.0515821 0)
(5.16682 -0.00680018 0)
(5.19103 -0.0371667 0)
(5.20351 -0.00546914 0)
(5.20297 0.0305009 0)
(5.18608 0.0205176 0)
(5.16762 -0.00877559 0)
(5.1542 -0.0256435 0)
(5.13871 -0.0264956 0)
(5.11787 -0.0144943 0)
(2.49572 1.78526 0)
(2.67115 1.73699 0)
(2.83367 1.68911 0)
(3.0157 1.61197 0)
(3.22449 1.48538 0)
(3.39604 1.37769 0)
(3.49431 1.35027 0)
(3.60275 1.24904 0)
(3.79381 1.08634 0)
(3.92053 0.919527 0)
(4.03404 0.818075 0)
(4.0927 0.810712 0)
(4.08157 0.73428 0)
(4.21013 0.568602 0)
(4.29018 0.452843 0)
(4.35415 0.410439 0)
(4.45729 0.319477 0)
(4.51229 0.243308 0)
(4.5531 0.243667 0)
(4.57751 0.26966 0)
(4.62192 0.178124 0)
(4.67867 0.00900322 0)
(4.67749 -0.0991073 0)
(4.70617 -0.121223 0)
(4.75253 -0.091219 0)
(4.78942 -0.133324 0)
(4.79363 -0.201666 0)
(4.79605 -0.21685 0)
(4.82372 -0.171792 0)
(4.82298 -0.128877 0)
(4.81439 -0.0949668 0)
(4.79262 -0.0477131 0)
(4.78831 0.0195832 0)
(4.79817 0.08517 0)
(4.80174 0.103676 0)
(4.80225 0.123357 0)
(4.80825 0.128042 0)
(4.82753 0.134612 0)
(4.8665 0.143158 0)
(4.9074 0.153569 0)
(4.93386 0.159334 0)
(4.97039 0.159579 0)
(5.00526 0.154263 0)
(5.0337 0.143787 0)
(5.04438 0.124037 0)
(5.02841 0.0970696 0)
(5.02955 0.0827169 0)
(5.04399 0.0819977 0)
(5.05582 0.07948 0)
(5.06923 0.0746423 0)
(5.097 0.0605297 0)
(5.13409 0.0482742 0)
(5.15724 0.0473205 0)
(5.16248 0.0507579 0)
(5.16508 0.0561411 0)
(5.16605 0.0551481 0)
(5.15887 0.00577899 0)
(5.1743 -0.0711816 0)
(5.20131 -0.101904 0)
(5.2087 -0.0585086 0)
(5.19656 -0.0129053 0)
(5.16959 -0.0133235 0)
(5.14712 -0.0213364 0)
(5.1348 -0.0185479 0)
(5.13194 -0.00675794 0)
(5.13515 0.0197085 0)
(2.5294 1.8376 0)
(2.67577 1.78004 0)
(2.82251 1.71911 0)
(2.98872 1.64444 0)
(3.14318 1.55895 0)
(3.29512 1.46366 0)
(3.4309 1.36734 0)
(3.53438 1.30844 0)
(3.61159 1.23594 0)
(3.75851 1.08736 0)
(3.89813 0.928424 0)
(4.00061 0.841076 0)
(4.05544 0.75631 0)
(4.07812 0.73322 0)
(4.08793 0.717119 0)
(4.19992 0.641474 0)
(4.35055 0.520564 0)
(4.43356 0.355855 0)
(4.47833 0.288345 0)
(4.52847 0.287024 0)
(4.51109 0.31798 0)
(4.50721 0.242815 0)
(4.54099 0.142294 0)
(4.57785 0.128455 0)
(4.65992 0.0780766 0)
(4.75209 -0.00225202 0)
(4.76146 -0.0806926 0)
(4.7648 -0.100253 0)
(4.80832 -0.0798042 0)
(4.83759 -0.0467668 0)
(4.81023 -0.0261596 0)
(4.79159 -0.0216588 0)
(4.78514 0.00122064 0)
(4.79404 0.0332973 0)
(4.79958 0.0563491 0)
(4.80755 0.0652181 0)
(4.82118 0.0715123 0)
(4.83907 0.0893153 0)
(4.87414 0.119894 0)
(4.90612 0.156063 0)
(4.92794 0.168653 0)
(4.95661 0.177384 0)
(4.97577 0.169595 0)
(4.98679 0.159731 0)
(4.98804 0.146622 0)
(4.99418 0.133183 0)
(5.01542 0.132216 0)
(5.0347 0.130992 0)
(5.05202 0.125104 0)
(5.07033 0.115121 0)
(5.09353 0.0980673 0)
(5.11306 0.098544 0)
(5.12917 0.114106 0)
(5.13705 0.121618 0)
(5.14726 0.12915 0)
(5.15894 0.126024 0)
(5.16391 0.0761524 0)
(5.17596 0.0149486 0)
(5.18473 -0.00949528 0)
(5.17954 0.0219352 0)
(5.16413 0.0321605 0)
(5.14443 0.00482807 0)
(5.13865 -0.017344 0)
(5.15283 -0.00523386 0)
(5.17575 0.0270334 0)
(5.18942 0.0554831 0)
(2.56557 1.88789 0)
(2.69494 1.83587 0)
(2.83257 1.76184 0)
(2.95994 1.70444 0)
(3.09441 1.6265 0)
(3.25037 1.50622 0)
(3.38962 1.39492 0)
(3.4791 1.36775 0)
(3.53335 1.31699 0)
(3.67274 1.18397 0)
(3.81823 1.02479 0)
(3.91329 0.964348 0)
(3.95557 0.928174 0)
(4.02276 0.814256 0)
(4.07887 0.759327 0)
(4.15394 0.73701 0)
(4.27753 0.662079 0)
(4.33674 0.545971 0)
(4.36709 0.48361 0)
(4.41468 0.484123 0)
(4.45122 0.409623 0)
(4.47281 0.241065 0)
(4.48842 0.18285 0)
(4.53282 0.203921 0)
(4.59407 0.232487 0)
(4.67095 0.192803 0)
(4.713 0.127091 0)
(4.72863 0.0233295 0)
(4.76322 -0.0112605 0)
(4.82678 0.0180607 0)
(4.83309 0.00469574 0)
(4.79676 -0.029027 0)
(4.77738 -0.0244974 0)
(4.79181 -0.00116248 0)
(4.81292 0.0181176 0)
(4.82558 0.0332847 0)
(4.84069 0.0366158 0)
(4.85582 0.0509765 0)
(4.88232 0.095275 0)
(4.90669 0.122645 0)
(4.92948 0.138036 0)
(4.95221 0.1599 0)
(4.95237 0.164096 0)
(4.94955 0.153844 0)
(4.95933 0.144274 0)
(4.97806 0.141152 0)
(4.99601 0.135963 0)
(5.01832 0.128233 0)
(5.05442 0.125704 0)
(5.08406 0.120362 0)
(5.09918 0.0990396 0)
(5.10349 0.0874719 0)
(5.10818 0.106974 0)
(5.12282 0.12652 0)
(5.14661 0.134326 0)
(5.16603 0.106525 0)
(5.17727 0.0578258 0)
(5.1783 0.0101754 0)
(5.1644 -0.0246196 0)
(5.13826 -0.0107574 0)
(5.12362 0.0160038 0)
(5.12906 0.000325886 0)
(5.15652 -0.0186882 0)
(5.18926 0.00943631 0)
(5.21263 0.0316302 0)
(5.2103 0.0149946 0)
(2.63109 1.91246 0)
(2.72833 1.87534 0)
(2.85549 1.81073 0)
(2.96891 1.74716 0)
(3.06489 1.68912 0)
(3.21035 1.57067 0)
(3.33247 1.46601 0)
(3.41151 1.44908 0)
(3.51557 1.35186 0)
(3.64386 1.18617 0)
(3.71771 1.14114 0)
(3.76862 1.15792 0)
(3.90405 1.05495 0)
(4.00504 0.872767 0)
(4.06309 0.819577 0)
(4.11697 0.8609 0)
(4.19326 0.817551 0)
(4.27786 0.689243 0)
(4.32169 0.592142 0)
(4.38594 0.548858 0)
(4.40152 0.531638 0)
(4.39096 0.449649 0)
(4.44345 0.348628 0)
(4.49275 0.305335 0)
(4.55837 0.312483 0)
(4.62437 0.283579 0)
(4.66554 0.234881 0)
(4.68487 0.199843 0)
(4.72675 0.176376 0)
(4.78342 0.15232 0)
(4.78879 0.121622 0)
(4.77254 0.0586245 0)
(4.76223 0.0137458 0)
(4.76733 0.00989149 0)
(4.82587 0.0354203 0)
(4.84555 0.0523255 0)
(4.85247 0.0669011 0)
(4.85372 0.0846673 0)
(4.87661 0.106838 0)
(4.90179 0.116889 0)
(4.92475 0.122793 0)
(4.94368 0.131061 0)
(4.93334 0.135491 0)
(4.93183 0.14085 0)
(4.94793 0.14451 0)
(4.96398 0.146472 0)
(4.98277 0.145386 0)
(5.02037 0.143505 0)
(5.06076 0.152092 0)
(5.08934 0.151873 0)
(5.09912 0.128157 0)
(5.10126 0.104936 0)
(5.1038 0.117594 0)
(5.12225 0.136291 0)
(5.14939 0.134447 0)
(5.17294 0.112812 0)
(5.17935 0.0709557 0)
(5.16856 0.0171359 0)
(5.14501 -0.00889938 0)
(5.1181 -0.0050175 0)
(5.11157 0.0114888 0)
(5.14207 0.0252299 0)
(5.18264 -0.00764937 0)
(5.19647 -0.0248749 0)
(5.20428 -0.0210923 0)
(5.19768 -0.0540975 0)
(2.65548 1.99205 0)
(2.78785 1.90813 0)
(2.89439 1.84375 0)
(2.98237 1.8069 0)
(3.06994 1.74697 0)
(3.18725 1.63428 0)
(3.30205 1.52723 0)
(3.39565 1.48375 0)
(3.45924 1.4434 0)
(3.57021 1.31564 0)
(3.67443 1.19932 0)
(3.75399 1.18588 0)
(3.82374 1.16502 0)
(3.93095 1.03734 0)
(4.0073 0.949114 0)
(4.07891 0.949393 0)
(4.16321 0.87991 0)
(4.21711 0.762414 0)
(4.24666 0.722161 0)
(4.28083 0.744932 0)
(4.32956 0.669839 0)
(4.3929 0.496013 0)
(4.40277 0.420288 0)
(4.44189 0.445305 0)
(4.49409 0.47094 0)
(4.591 0.430596 0)
(4.64257 0.338904 0)
(4.65051 0.25283 0)
(4.68967 0.24574 0)
(4.73127 0.272999 0)
(4.72434 0.242595 0)
(4.72598 0.170586 0)
(4.74414 0.101411 0)
(4.74073 0.0518549 0)
(4.79903 0.0613073 0)
(4.84966 0.0747467 0)
(4.86472 0.0917295 0)
(4.87002 0.0935064 0)
(4.87938 0.0997803 0)
(4.89043 0.106625 0)
(4.90863 0.110261 0)
(4.91076 0.098067 0)
(4.91186 0.0907406 0)
(4.92107 0.0886423 0)
(4.93607 0.0840026 0)
(4.96198 0.0850218 0)
(5.00069 0.0869394 0)
(5.03582 0.0896889 0)
(5.06008 0.10046 0)
(5.07466 0.106444 0)
(5.07943 0.0977658 0)
(5.07877 0.0748288 0)
(5.07978 0.0524845 0)
(5.09961 0.0579161 0)
(5.13289 0.0626635 0)
(5.15462 0.0498308 0)
(5.1505 0.00921677 0)
(5.13438 -0.0407144 0)
(5.11671 -0.0795476 0)
(5.1078 -0.0888168 0)
(5.12253 -0.0658743 0)
(5.16165 -0.0324613 0)
(5.18999 -0.0346387 0)
(5.19339 -0.0484144 0)
(5.18266 -0.0689825 0)
(5.16346 -0.0977972 0)
(2.67309 2.08326 0)
(2.80058 1.99651 0)
(2.93232 1.89791 0)
(3.02817 1.84324 0)
(3.08731 1.80301 0)
(3.17943 1.70951 0)
(3.29495 1.60195 0)
(3.37583 1.56225 0)
(3.44298 1.50302 0)
(3.55851 1.37178 0)
(3.63655 1.31204 0)
(3.68981 1.3198 0)
(3.79853 1.23911 0)
(3.9042 1.09086 0)
(3.96571 1.0459 0)
(4.01234 1.08741 0)
(4.08034 1.02684 0)
(4.15567 0.870316 0)
(4.19248 0.784161 0)
(4.25014 0.771235 0)
(4.28544 0.748738 0)
(4.32724 0.664784 0)
(4.36371 0.571679 0)
(4.40262 0.535175 0)
(4.46721 0.564208 0)
(4.5317 0.556179 0)
(4.58587 0.499271 0)
(4.60451 0.407706 0)
(4.63404 0.359521 0)
(4.68026 0.32798 0)
(4.68839 0.276514 0)
(4.69002 0.239328 0)
(4.70898 0.219527 0)
(4.72323 0.185382 0)
(4.75018 0.153233 0)
(4.84019 0.139798 0)
(4.85708 0.1446 0)
(4.86234 0.166088 0)
(4.86267 0.177256 0)
(4.86452 0.183911 0)
(4.8699 0.155753 0)
(4.88425 0.135175 0)
(4.89401 0.129176 0)
(4.91044 0.118427 0)
(4.94185 0.112457 0)
(4.98054 0.117515 0)
(5.0157 0.127943 0)
(5.03031 0.131488 0)
(5.04462 0.129949 0)
(5.05256 0.122866 0)
(5.05065 0.106259 0)
(5.05488 0.0861721 0)
(5.06944 0.0540357 0)
(5.09786 0.0510443 0)
(5.12649 0.0683855 0)
(5.1335 0.0664764 0)
(5.12082 0.0475605 0)
(5.10458 0.026386 0)
(5.09714 0.00401592 0)
(5.11243 -0.0194472 0)
(5.1464 -0.0351732 0)
(5.16991 -0.0452359 0)
(5.17072 -0.0584921 0)
(5.16193 -0.0717002 0)
(5.14834 -0.0875239 0)
(5.13489 -0.105927 0)
(2.78109 2.1535 0)
(2.80426 2.11688 0)
(2.94591 1.99313 0)
(3.04125 1.92695 0)
(3.12965 1.85636 0)
(3.22155 1.74519 0)
(3.2963 1.68886 0)
(3.34375 1.68115 0)
(3.44813 1.58666 0)
(3.56158 1.43524 0)
(3.62019 1.40906 0)
(3.65974 1.4277 0)
(3.77901 1.34339 0)
(3.8765 1.18737 0)
(3.92707 1.13953 0)
(3.97183 1.17599 0)
(4.03809 1.11431 0)
(4.10628 0.953449 0)
(4.13298 0.883851 0)
(4.18268 0.894799 0)
(4.2415 0.852533 0)
(4.31448 0.74707 0)
(4.32983 0.659814 0)
(4.36263 0.666536 0)
(4.40395 0.714418 0)
(4.50553 0.675126 0)
(4.56828 0.564045 0)
(4.56954 0.467692 0)
(4.58426 0.447135 0)
(4.61524 0.447783 0)
(4.63869 0.389048 0)
(4.66325 0.348016 0)
(4.68562 0.31904 0)
(4.69842 0.268935 0)
(4.73088 0.264183 0)
(4.79145 0.264467 0)
(4.8405 0.261043 0)
(4.85623 0.22207 0)
(4.85176 0.186394 0)
(4.84014 0.161955 0)
(4.85603 0.142766 0)
(4.88328 0.14189 0)
(4.89435 0.140652 0)
(4.91572 0.135089 0)
(4.95405 0.127414 0)
(4.9916 0.116224 0)
(5.00904 0.108473 0)
(5.01478 0.0997276 0)
(5.02347 0.0765013 0)
(5.0265 0.0610458 0)
(5.03104 0.0458982 0)
(5.04638 0.00654365 0)
(5.08048 -0.0251966 0)
(5.1068 -0.00214404 0)
(5.11704 0.0343748 0)
(5.11285 0.0416067 0)
(5.10101 0.0257912 0)
(5.09658 0.00464132 0)
(5.11222 -0.0152566 0)
(5.14291 -0.0385022 0)
(5.16171 -0.0608719 0)
(5.15987 -0.0777479 0)
(5.15051 -0.0925933 0)
(5.13864 -0.11158 0)
(5.12657 -0.138191 0)
(5.11617 -0.163563 0)
(3.06441 2.01762 0)
(2.9456 2.17695 0)
(2.95059 2.15137 0)
(3.05219 2.04024 0)
(3.15067 1.95384 0)
(3.27724 1.81538 0)
(3.32465 1.77228 0)
(3.36709 1.75869 0)
(3.46222 1.67122 0)
(3.54946 1.55716 0)
(3.6147 1.51678 0)
(3.67417 1.5097 0)
(3.76504 1.42644 0)
(3.84394 1.29045 0)
(3.89423 1.2287 0)
(3.94564 1.24375 0)
(3.99118 1.19824 0)
(4.06516 1.05252 0)
(4.10385 0.961514 0)
(4.15951 0.958545 0)
(4.21124 0.942956 0)
(4.27518 0.873426 0)
(4.30308 0.787084 0)
(4.33382 0.763582 0)
(4.39051 0.801458 0)
(4.46542 0.787092 0)
(4.52554 0.680732 0)
(4.52647 0.568262 0)
(4.53318 0.513291 0)
(4.57177 0.500112 0)
(4.60843 0.473728 0)
(4.64236 0.450167 0)
(4.66238 0.435137 0)
(4.68936 0.3852 0)
(4.7117 0.346468 0)
(4.77034 0.338045 0)
(4.82704 0.323834 0)
(4.83909 0.310517 0)
(4.82224 0.299938 0)
(4.79286 0.254198 0)
(4.8473 0.211401 0)
(4.87178 0.205421 0)
(4.89082 0.189368 0)
(4.92889 0.172263 0)
(4.96519 0.17118 0)
(4.9798 0.177359 0)
(4.98465 0.177276 0)
(4.99012 0.172758 0)
(4.99515 0.164767 0)
(5.0014 0.159866 0)
(5.01489 0.139131 0)
(5.04938 0.0880693 0)
(5.08594 0.0546391 0)
(5.0994 0.0663735 0)
(5.09823 0.0848406 0)
(5.09169 0.0878613 0)
(5.08767 0.0792112 0)
(5.1006 0.0695192 0)
(5.13186 0.0546427 0)
(5.15079 0.03513 0)
(5.15037 0.0181979 0)
(5.14422 0.00523575 0)
(5.13608 -0.00106726 0)
(5.13342 -0.0114756 0)
(5.11267 -0.0186919 0)
(5.10342 -0.0192325 0)
(3.84029 1.47811 0)
(3.24436 1.99254 0)
(3.11763 2.17587 0)
(3.11859 2.16451 0)
(3.18826 2.08637 0)
(3.27678 1.97517 0)
(3.35755 1.8642 0)
(3.38563 1.84353 0)
(3.49187 1.76101 0)
(3.597 1.62891 0)
(3.6505 1.59428 0)
(3.67458 1.61225 0)
(3.74742 1.53337 0)
(3.8329 1.3783 0)
(3.87959 1.31582 0)
(3.91392 1.34075 0)
(3.97792 1.26997 0)
(4.05551 1.11383 0)
(4.08357 1.04727 0)
(4.12892 1.07045 0)
(4.18911 1.05483 0)
(4.2637 0.980427 0)
(4.29202 0.881635 0)
(4.31557 0.860307 0)
(4.3677 0.902379 0)
(4.43597 0.884371 0)
(4.49832 0.751804 0)
(4.49472 0.632832 0)
(4.49629 0.586258 0)
(4.53594 0.585337 0)
(4.5894 0.569469 0)
(4.62998 0.542521 0)
(4.64659 0.527314 0)
(4.67736 0.479122 0)
(4.69811 0.447467 0)
(4.75228 0.438457 0)
(4.80679 0.425245 0)
(4.8186 0.37597 0)
(4.79816 0.344198 0)
(4.76977 0.314345 0)
(4.82727 0.289386 0)
(4.86907 0.288411 0)
(4.89172 0.276597 0)
(4.93247 0.25156 0)
(4.95878 0.225395 0)
(4.96362 0.220628 0)
(4.96813 0.20608 0)
(4.97374 0.183173 0)
(4.98502 0.177874 0)
(4.99667 0.173904 0)
(5.02744 0.142603 0)
(5.06654 0.0920095 0)
(5.09152 0.0738552 0)
(5.09049 0.0962293 0)
(5.08354 0.125208 0)
(5.07983 0.142504 0)
(5.08832 0.14299 0)
(5.11485 0.118937 0)
(5.13901 0.0862362 0)
(5.14692 0.0638132 0)
(5.14725 0.0492856 0)
(5.14409 0.0392114 0)
(5.1415 0.028219 0)
(5.13895 0.00272753 0)
(5.12833 -0.0259715 0)
(5.12199 -0.0397214 0)
(4.88394 0.281486 0)
(4.05231 1.31211 0)
(3.52044 1.89201 0)
(3.31175 2.11126 0)
(3.30078 2.16017 0)
(3.28176 2.15406 0)
(3.33003 2.06907 0)
(3.43087 1.94718 0)
(3.58482 1.78206 0)
(3.64229 1.71208 0)
(3.6502 1.73399 0)
(3.6776 1.71485 0)
(3.79129 1.5739 0)
(3.84968 1.43494 0)
(3.87733 1.40681 0)
(3.90498 1.43224 0)
(3.96598 1.37474 0)
(4.05102 1.22699 0)
(4.08346 1.13123 0)
(4.13007 1.13778 0)
(4.1789 1.15399 0)
(4.25642 1.09423 0)
(4.29341 0.993815 0)
(4.31304 0.955893 0)
(4.35724 0.974152 0)
(4.41564 0.941317 0)
(4.46599 0.81791 0)
(4.46944 0.713072 0)
(4.47422 0.676014 0)
(4.51198 0.677389 0)
(4.57029 0.674494 0)
(4.61953 0.646641 0)
(4.63733 0.631746 0)
(4.67476 0.577722 0)
(4.69686 0.522623 0)
(4.74114 0.502751 0)
(4.78872 0.481872 0)
(4.78702 0.443157 0)
(4.77633 0.412514 0)
(4.77135 0.405488 0)
(4.8066 0.376424 0)
(4.86947 0.3704 0)
(4.89727 0.353673 0)
(4.93511 0.317104 0)
(4.94472 0.295105 0)
(4.94743 0.288659 0)
(4.9522 0.26831 0)
(4.96117 0.258442 0)
(4.97112 0.255676 0)
(5.00321 0.244921 0)
(5.04294 0.208888 0)
(5.06834 0.173143 0)
(5.0783 0.163813 0)
(5.07529 0.17716 0)
(5.07193 0.198046 0)
(5.07869 0.211296 0)
(5.10228 0.198037 0)
(5.12524 0.166202 0)
(5.13486 0.144757 0)
(5.13914 0.128904 0)
(5.14122 0.114674 0)
(5.14208 0.105509 0)
(5.14318 0.0967666 0)
(5.13682 0.0876149 0)
(5.12872 0.0813492 0)
(5.12473 0.0775713 0)
(5.00033 0.0049769 0)
(4.92271 0.180473 0)
(4.44737 0.968348 0)
(3.77025 1.74752 0)
(3.41757 2.10188 0)
(3.43704 2.15567 0)
(3.44678 2.1383 0)
(3.49884 2.07364 0)
(3.57714 1.97833 0)
(3.64254 1.87833 0)
(3.67692 1.8229 0)
(3.76333 1.72021 0)
(3.81389 1.64434 0)
(3.86403 1.54106 0)
(3.89469 1.49345 0)
(3.92721 1.49474 0)
(3.97758 1.45697 0)
(4.0619 1.33099 0)
(4.09461 1.2366 0)
(4.13369 1.24029 0)
(4.18455 1.25353 0)
(4.27537 1.17472 0)
(4.3043 1.07113 0)
(4.31435 1.04556 0)
(4.32784 1.07371 0)
(4.39251 1.00854 0)
(4.44985 0.88752 0)
(4.46614 0.804382 0)
(4.4812 0.756613 0)
(4.50925 0.750321 0)
(4.55695 0.752344 0)
(4.62287 0.723771 0)
(4.64794 0.711998 0)
(4.68004 0.663336 0)
(4.69517 0.618829 0)
(4.72693 0.594173 0)
(4.75929 0.549919 0)
(4.76676 0.510202 0)
(4.77372 0.497754 0)
(4.78052 0.487212 0)
(4.79692 0.469972 0)
(4.86973 0.450094 0)
(4.90198 0.434177 0)
(4.93359 0.390889 0)
(4.93424 0.368097 0)
(4.93499 0.347667 0)
(4.94725 0.330696 0)
(4.95584 0.321392 0)
(4.98082 0.31085 0)
(5.02349 0.301684 0)
(5.05076 0.273292 0)
(5.06387 0.246474 0)
(5.06966 0.242456 0)
(5.06998 0.257039 0)
(5.07505 0.280676 0)
(5.09251 0.286566 0)
(5.11209 0.250794 0)
(5.12246 0.214512 0)
(5.13007 0.193721 0)
(5.13654 0.176992 0)
(5.14028 0.164567 0)
(5.14273 0.154168 0)
(5.14332 0.138981 0)
(5.14201 0.12556 0)
(5.14143 0.117795 0)
(5.14183 0.112915 0)
(5 4.43718e-06 0)
(4.99994 0.00189143 0)
(4.98668 0.0738746 0)
(4.62056 0.706993 0)
(4.10258 1.43435 0)
(3.69254 1.92817 0)
(3.6359 2.03625 0)
(3.61791 2.10028 0)
(3.61561 2.09896 0)
(3.63694 2.05524 0)
(3.69192 1.97372 0)
(3.76999 1.87036 0)
(3.86394 1.71112 0)
(3.89403 1.6257 0)
(3.93525 1.567 0)
(3.96647 1.56447 0)
(4.00905 1.53119 0)
(4.09084 1.41112 0)
(4.11836 1.32839 0)
(4.14976 1.33158 0)
(4.19258 1.36308 0)
(4.28309 1.28651 0)
(4.31244 1.16381 0)
(4.31205 1.13768 0)
(4.321 1.13823 0)
(4.41128 1.02956 0)
(4.45772 0.935661 0)
(4.4653 0.921066 0)
(4.48886 0.88743 0)
(4.51837 0.851367 0)
(4.54751 0.853154 0)
(4.60774 0.824655 0)
(4.66482 0.796795 0)
(4.6976 0.738773 0)
(4.7047 0.690712 0)
(4.71799 0.657108 0)
(4.74096 0.607703 0)
(4.76668 0.589604 0)
(4.77787 0.587223 0)
(4.7959 0.568039 0)
(4.80739 0.557865 0)
(4.85839 0.535316 0)
(4.90781 0.5169 0)
(4.93246 0.474308 0)
(4.92961 0.438245 0)
(4.93809 0.417604 0)
(4.94682 0.40967 0)
(4.96463 0.394051 0)
(5.00043 0.386702 0)
(5.03479 0.381196 0)
(5.04468 0.35193 0)
(5.05521 0.32965 0)
(5.06453 0.328366 0)
(5.07365 0.342981 0)
(5.09216 0.361095 0)
(5.1103 0.343197 0)
(5.11507 0.292049 0)
(5.12219 0.260961 0)
(5.12951 0.240801 0)
(5.13484 0.225402 0)
(5.13784 0.215309 0)
(5.14027 0.206599 0)
(5.14305 0.2002 0)
(5.14617 0.195338 0)
(5.14975 0.1918 0)
(5.15378 0.18985 0)
(5 2.13944e-10 0)
(5 1.05883e-06 0)
(5.00004 0.000404206 0)
(4.99372 0.0265377 0)
(4.86346 0.33387 0)
(4.51638 0.960279 0)
(3.96621 1.69536 0)
(3.85674 1.88322 0)
(3.7467 2.0314 0)
(3.75376 2.04888 0)
(3.77194 2.05911 0)
(3.79387 2.01297 0)
(3.84876 1.90011 0)
(3.90052 1.78885 0)
(3.95921 1.70465 0)
(4.01971 1.64157 0)
(4.03776 1.6132 0)
(4.11852 1.50528 0)
(4.17061 1.38861 0)
(4.19673 1.38827 0)
(4.22913 1.42963 0)
(4.30894 1.36306 0)
(4.33189 1.23156 0)
(4.32456 1.19375 0)
(4.33506 1.19402 0)
(4.41078 1.13108 0)
(4.46475 1.03967 0)
(4.47654 1.01295 0)
(4.48247 1.01915 0)
(4.53665 0.969999 0)
(4.57563 0.920362 0)
(4.60448 0.917936 0)
(4.67441 0.879881 0)
(4.7156 0.81521 0)
(4.71685 0.769621 0)
(4.71497 0.734888 0)
(4.73984 0.687338 0)
(4.77597 0.678174 0)
(4.78671 0.673453 0)
(4.80754 0.658048 0)
(4.83249 0.632438 0)
(4.85649 0.62579 0)
(4.91345 0.5968 0)
(4.93809 0.551141 0)
(4.9395 0.51189 0)
(4.94229 0.49927 0)
(4.95288 0.492674 0)
(4.97944 0.473162 0)
(5.01295 0.464949 0)
(5.0384 0.455564 0)
(5.03996 0.433523 0)
(5.04954 0.411501 0)
(5.06546 0.400381 0)
(5.08242 0.40434 0)
(5.10942 0.412676 0)
(5.12256 0.383317 0)
(5.12155 0.337935 0)
(5.12602 0.310755 0)
(5.13052 0.291506 0)
(5.13335 0.275999 0)
(5.13598 0.266719 0)
(5.14089 0.263401 0)
(5.14832 0.260901 0)
(5.15673 0.259586 0)
(5.16471 0.260016 0)
(5.17178 0.263101 0)
(5 1.33658e-14 0)
(5 3.34315e-11 0)
(5 1.04441e-07 0)
(5 6.41765e-05 0)
(4.99942 0.00481051 0)
(4.97954 0.0893717 0)
(4.78348 0.485255 0)
(4.3273 1.26439 0)
(4.16882 1.59966 0)
(3.85858 1.93168 0)
(3.8562 2.01237 0)
(3.89496 1.99983 0)
(3.90914 1.97864 0)
(3.94473 1.94035 0)
(3.98412 1.89301 0)
(4.01691 1.83055 0)
(4.05375 1.73637 0)
(4.14735 1.59455 0)
(4.20453 1.49264 0)
(4.23792 1.46789 0)
(4.25945 1.50461 0)
(4.28818 1.47399 0)
(4.34998 1.30849 0)
(4.35514 1.23267 0)
(4.36702 1.2295 0)
(4.44618 1.18563 0)
(4.48531 1.12371 0)
(4.49104 1.08748 0)
(4.50613 1.08611 0)
(4.55105 1.06368 0)
(4.60868 1.0211 0)
(4.63358 0.980624 0)
(4.66079 0.970814 0)
(4.71642 0.905121 0)
(4.72751 0.846029 0)
(4.72138 0.818242 0)
(4.74342 0.774894 0)
(4.79019 0.767725 0)
(4.80106 0.762084 0)
(4.82345 0.744739 0)
(4.85471 0.707969 0)
(4.87571 0.699525 0)
(4.92168 0.670241 0)
(4.94641 0.618317 0)
(4.94641 0.585033 0)
(4.94832 0.577432 0)
(4.9634 0.564632 0)
(4.98967 0.5437 0)
(5.01554 0.533684 0)
(5.0358 0.520543 0)
(5.03728 0.506048 0)
(5.05398 0.475387 0)
(5.07614 0.451625 0)
(5.09303 0.448958 0)
(5.11681 0.450663 0)
(5.12874 0.426252 0)
(5.12908 0.390743 0)
(5.13162 0.365589 0)
(5.13432 0.343819 0)
(5.13602 0.332259 0)
(5.13965 0.329785 0)
(5.14843 0.332757 0)
(5.16108 0.337596 0)
(5.1738 0.343246 0)
(5.18418 0.352661 0)
(5.19407 0.365215 0)
(5 7.02357e-15 0)
(5 5.07974e-15 0)
(5 2.52538e-12 0)
(5 7.96406e-09 0)
(5 3.76705e-06 0)
(4.99999 0.000409101 0)
(4.99764 0.0145679 0)
(4.94232 0.154565 0)
(4.72759 0.690085 0)
(4.43202 1.22403 0)
(4.0799 1.75325 0)
(4.10289 1.77419 0)
(4.04863 1.86552 0)
(4.03576 1.91307 0)
(4.04587 1.95695 0)
(4.04676 1.9628 0)
(4.08298 1.90342 0)
(4.14138 1.79013 0)
(4.20366 1.68133 0)
(4.25285 1.62308 0)
(4.27715 1.61315 0)
(4.31569 1.53347 0)
(4.36353 1.37819 0)
(4.38874 1.28075 0)
(4.40233 1.2864 0)
(4.43786 1.27978 0)
(4.50257 1.21235 0)
(4.51871 1.1464 0)
(4.53302 1.14596 0)
(4.58115 1.13142 0)
(4.64085 1.08914 0)
(4.66525 1.03724 0)
(4.67626 1.01179 0)
(4.69915 0.982003 0)
(4.73361 0.903824 0)
(4.73813 0.881098 0)
(4.7503 0.854101 0)
(4.80754 0.835368 0)
(4.82193 0.830267 0)
(4.84629 0.81041 0)
(4.87514 0.766271 0)
(4.89447 0.754404 0)
(4.93008 0.724828 0)
(4.94838 0.673359 0)
(4.95102 0.649707 0)
(4.95454 0.64339 0)
(4.97474 0.62327 0)
(4.99952 0.598129 0)
(5.00682 0.593327 0)
(5.03072 0.578984 0)
(5.04917 0.550154 0)
(5.07001 0.514437 0)
(5.08735 0.49921 0)
(5.10025 0.499857 0)
(5.12087 0.499459 0)
(5.13076 0.477501 0)
(5.13436 0.450444 0)
(5.13923 0.427647 0)
(5.1431 0.412421 0)
(5.14629 0.40834 0)
(5.15415 0.413816 0)
(5.16814 0.426248 0)
(5.18455 0.442072 0)
(5.19992 0.461424 0)
(5.21457 0.482576 0)
(5.22948 0.509567 0)
(5 9.29201e-15 0)
(5 6.01334e-15 0)
(5 7.90959e-15 0)
(5 1.92395e-13 0)
(5 1.28679e-10 0)
(5 9.69298e-08 0)
(5 2.20472e-05 0)
(4.99985 0.00135669 0)
(4.99413 0.027468 0)
(4.93378 0.223765 0)
(4.69544 0.71221 0)
(4.53407 1.12854 0)
(4.30757 1.51342 0)
(4.17487 1.7086 0)
(4.13287 1.90659 0)
(4.1484 1.90437 0)
(4.18741 1.86222 0)
(4.23209 1.82422 0)
(4.25505 1.79787 0)
(4.26965 1.7974 0)
(4.26904 1.78498 0)
(4.30535 1.68735 0)
(4.37213 1.52186 0)
(4.40418 1.4289 0)
(4.4269 1.39999 0)
(4.45874 1.37692 0)
(4.5012 1.32633 0)
(4.55394 1.22439 0)
(4.57007 1.20237 0)
(4.58975 1.21329 0)
(4.66074 1.15293 0)
(4.68681 1.10166 0)
(4.69635 1.04216 0)
(4.69686 1.02968 0)
(4.73436 0.964363 0)
(4.75849 0.926655 0)
(4.76767 0.925028 0)
(4.81334 0.900722 0)
(4.84236 0.891869 0)
(4.86929 0.865841 0)
(4.89402 0.811007 0)
(4.90841 0.794849 0)
(4.93226 0.761571 0)
(4.94768 0.724789 0)
(4.95336 0.713766 0)
(4.96165 0.705399 0)
(4.98768 0.679734 0)
(5.00879 0.651533 0)
(5.01394 0.647247 0)
(5.03973 0.629553 0)
(5.06323 0.598844 0)
(5.0792 0.571118 0)
(5.09301 0.563746 0)
(5.10668 0.56625 0)
(5.12096 0.565122 0)
(5.13226 0.549476 0)
(5.14243 0.531045 0)
(5.15297 0.516559 0)
(5.16142 0.511376 0)
(5.16968 0.520502 0)
(5.18293 0.541067 0)
(5.20133 0.566698 0)
(5.22085 0.592544 0)
(5.2387 0.615363 0)
(5.25394 0.631504 0)
(5.26492 0.637033 0)
(5 5.09768e-15 0)
(5 5.02436e-15 0)
(5 5.22532e-15 0)
(5 7.98837e-15 0)
(5 9.06391e-15 0)
(5 2.22799e-12 0)
(5 1.70431e-09 0)
(5 6.09317e-07 0)
(5 6.0791e-05 0)
(4.99968 0.00256304 0)
(4.99201 0.0328564 0)
(4.95543 0.163432 0)
(4.79752 0.547183 0)
(4.54729 1.05011 0)
(4.40239 1.45997 0)
(4.30481 1.71514 0)
(4.37459 1.63205 0)
(4.31047 1.7098 0)
(4.29921 1.74834 0)
(4.28726 1.80052 0)
(4.34109 1.78212 0)
(4.36223 1.75355 0)
(4.38921 1.69269 0)
(4.4203 1.63003 0)
(4.43496 1.61704 0)
(4.46817 1.58166 0)
(4.52982 1.48699 0)
(4.56691 1.39652 0)
(4.59175 1.33198 0)
(4.61242 1.30839 0)
(4.62766 1.28854 0)
(4.70235 1.20482 0)
(4.72118 1.11201 0)
(4.71455 1.09302 0)
(4.71979 1.06899 0)
(4.77553 1.00308 0)
(4.79508 0.993495 0)
(4.81261 0.988833 0)
(4.86318 0.969158 0)
(4.8955 0.934014 0)
(4.91087 0.872298 0)
(4.912 0.851115 0)
(4.92826 0.818647 0)
(4.95172 0.804107 0)
(4.95703 0.798625 0)
(4.9743 0.785243 0)
(5.00753 0.752222 0)
(5.02755 0.725092 0)
(5.03288 0.719559 0)
(5.05515 0.701759 0)
(5.07084 0.677774 0)
(5.0879 0.661299 0)
(5.10046 0.658384 0)
(5.10866 0.670891 0)
(5.1242 0.675721 0)
(5.1416 0.668721 0)
(5.16026 0.658358 0)
(5.17903 0.653082 0)
(5.1931 0.660511 0)
(5.206 0.680727 0)
(5.22236 0.702231 0)
(5.23917 0.714232 0)
(5.25038 0.714675 0)
(5.25717 0.708023 0)
(5.2636 0.686649 0)
(5.26273 0.658761 0)
(5 -2.12936e-15 0)
(5 -3.68406e-15 0)
(5 -1.99349e-15 0)
(5 -4.57789e-16 0)
(5 1.94737e-16 0)
(5 2.21538e-15 0)
(5 4.00789e-14 0)
(5 1.46623e-11 0)
(5 6.52105e-09 0)
(5 1.50458e-06 0)
(5 7.75819e-05 0)
(4.99982 0.00140771 0)
(4.99567 0.018976 0)
(4.95891 0.130338 0)
(4.8383 0.473865 0)
(4.7118 0.859214 0)
(4.65524 1.10189 0)
(4.53095 1.32068 0)
(4.3764 1.53374 0)
(4.35311 1.71614 0)
(4.38954 1.70355 0)
(4.45388 1.63803 0)
(4.47411 1.65683 0)
(4.47427 1.67804 0)
(4.48258 1.69048 0)
(4.52573 1.66836 0)
(4.56486 1.60729 0)
(4.58238 1.54942 0)
(4.59741 1.51717 0)
(4.62013 1.49067 0)
(4.64983 1.44847 0)
(4.68716 1.38166 0)
(4.72683 1.28391 0)
(4.7359 1.22306 0)
(4.73317 1.2072 0)
(4.76148 1.16645 0)
(4.81685 1.12123 0)
(4.83731 1.11657 0)
(4.86248 1.10314 0)
(4.91036 1.05057 0)
(4.92623 0.978166 0)
(4.91723 0.954261 0)
(4.92362 0.934273 0)
(4.96226 0.931015 0)
(4.97208 0.921349 0)
(4.99897 0.899016 0)
(5.03397 0.86548 0)
(5.04421 0.849745 0)
(5.05042 0.846581 0)
(5.06691 0.834688 0)
(5.08328 0.815337 0)
(5.10753 0.804307 0)
(5.11181 0.820635 0)
(5.12107 0.826942 0)
(5.13808 0.825425 0)
(5.16204 0.815158 0)
(5.19058 0.803615 0)
(5.21032 0.793762 0)
(5.21956 0.786593 0)
(5.22672 0.781242 0)
(5.23262 0.774347 0)
(5.24217 0.755684 0)
(5.24932 0.730316 0)
(5.25168 0.702135 0)
(5.24544 0.665789 0)
(5.2271 0.610302 0)
(5 -8.94781e-15 0)
(5 -9.26873e-15 0)
(5 -8.043e-15 0)
(5 -7.35531e-15 0)
(5 -4.94424e-15 0)
(5 -1.87893e-15 0)
(5 2.29492e-16 0)
(5 2.34755e-16 0)
(5 1.39911e-13 0)
(5 4.08243e-11 0)
(5 7.92599e-09 0)
(5 5.88488e-07 0)
(5 3.67767e-05 0)
(4.99984 0.001043 0)
(4.99742 0.0126314 0)
(4.98635 0.0623635 0)
(4.95893 0.177494 0)
(4.86603 0.440442 0)
(4.68635 0.826254 0)
(4.57413 1.18285 0)
(4.56523 1.3327 0)
(4.58941 1.38759 0)
(4.55218 1.48535 0)
(4.51348 1.61877 0)
(4.52578 1.6256 0)
(4.58077 1.5948 0)
(4.61292 1.54719 0)
(4.62105 1.54366 0)
(4.62803 1.54709 0)
(4.64702 1.54196 0)
(4.68066 1.51627 0)
(4.70871 1.47311 0)
(4.73971 1.42496 0)
(4.7544 1.39067 0)
(4.76241 1.3648 0)
(4.78368 1.33392 0)
(4.81717 1.31268 0)
(4.85533 1.29014 0)
(4.88299 1.26374 0)
(4.91258 1.19574 0)
(4.9276 1.1363 0)
(4.94113 1.11457 0)
(4.94591 1.11047 0)
(4.9578 1.11259 0)
(5.00892 1.08579 0)
(5.03851 1.04494 0)
(5.05136 1.01148 0)
(5.04965 1.01067 0)
(5.05259 1.00425 0)
(5.08996 0.986493 0)
(5.11409 0.958208 0)
(5.12658 0.936152 0)
(5.12818 0.934536 0)
(5.13322 0.929971 0)
(5.14475 0.897702 0)
(5.17781 0.854685 0)
(5.19568 0.832803 0)
(5.20504 0.817777 0)
(5.21376 0.802222 0)
(5.22182 0.784473 0)
(5.22813 0.762882 0)
(5.23001 0.72964 0)
(5.22206 0.677282 0)
(5.19775 0.59379 0)
(5.15484 0.469486 0)
(5.09905 0.311894 0)
(5 -6.46682e-15 0)
(5 -5.10426e-15 0)
(5 -6.0664e-15 0)
(5 -6.4704e-15 0)
(5 -6.04206e-15 0)
(5 -3.92126e-15 0)
(5 -2.84132e-15 0)
(5 -4.94781e-16 0)
(5 3.46049e-15 0)
(5 -3.8286e-15 0)
(5 1.41996e-13 0)
(5 1.37316e-11 0)
(5 3.75323e-09 0)
(5 4.30566e-07 0)
(5 1.62512e-05 0)
(4.99998 0.00021236 0)
(4.99976 0.00160245 0)
(4.99723 0.0125521 0)
(4.97894 0.0719774 0)
(4.92377 0.249965 0)
(4.87728 0.466396 0)
(4.82808 0.688932 0)
(4.72288 0.964542 0)
(4.64507 1.22171 0)
)
;

boundaryField
{
    inlet
    {
        type            fixedValue;
        value           uniform (5 0 0);
    }
    outlet
    {
        type            inletOutlet;
        inletValue      nonuniform 0();
        value           nonuniform 0();
    }
    bottom
    {
        type            symmetryPlane;
    }
    top
    {
        type            symmetryPlane;
    }
    obstacle
    {
        type            slip;
    }
    defaultFaces
    {
        type            empty;
    }
    procBoundary0to1
    {
        type            processor;
        value           nonuniform List<vector> 
28
(
(4.97655 0.012676 0)
(4.97586 0.0276659 0)
(4.99807 0.0731444 0)
(5.05316 0.0213375 0)
(5.09897 0.0679579 0)
(5.13689 0.100085 0)
(5.13414 0.0556313 0)
(5.10081 -0.0163352 0)
(5.09732 0.00508849 0)
(5.14114 0.0629028 0)
(5.18991 0.0636981 0)
(5.1854 -0.0196191 0)
(5.16073 -0.103382 0)
(5.14912 -0.128548 0)
(5.12209 -0.125247 0)
(5.10761 -0.181328 0)
(5.09547 -0.0231424 0)
(5.11939 -0.0452914 0)
(5.12348 0.0735514 0)
(5.14357 0.110547 0)
(5.15842 0.190437 0)
(5.1785 0.271112 0)
(5.20571 0.385772 0)
(5.24741 0.538784 0)
(5.26977 0.633433 0)
(5.25896 0.63143 0)
(5.19398 0.522869 0)
(5.04572 0.154476 0)
)
;
    }
    procBoundary0to2
    {
        type            processor;
        value           nonuniform List<vector> 
115
(
(5 1.66609e-17 0)
(5 -6.35322e-16 0)
(5 -6.12631e-17 0)
(5 3.58246e-16 0)
(5 1.41683e-16 0)
(5 -5.68534e-16 0)
(5 -1.1297e-15 0)
(5 -1.90573e-15 0)
(5 -1.2219e-15 0)
(5 4.55634e-16 0)
(5 3.13074e-15 0)
(5 3.07431e-15 0)
(5 -3.12063e-16 0)
(5 -3.04931e-15 0)
(5 -2.78522e-15 0)
(5 -1.90119e-15 0)
(5 -6.29543e-16 0)
(5 -1.04014e-15 0)
(5 -7.715e-16 0)
(5 -2.60733e-15 0)
(5 -3.10112e-15 0)
(5 -2.28863e-15 0)
(5 -2.51873e-15 0)
(5 -3.05867e-15 0)
(5 -3.04604e-15 0)
(5 -2.44021e-15 0)
(5 -1.96438e-15 0)
(5 -1.90349e-15 0)
(5 -2.50428e-15 0)
(5 -3.21591e-15 0)
(5 -3.98263e-15 0)
(5 -3.60566e-15 0)
(5 -4.38581e-15 0)
(5 -4.48399e-15 0)
(5 -1.53423e-15 0)
(5 -1.66797e-15 0)
(5 -1.28606e-15 0)
(5 -6.23248e-17 0)
(5 9.14798e-16 0)
(5 1.88955e-15 0)
(5 8.13301e-16 0)
(5 -3.74777e-16 0)
(5 -2.19045e-15 0)
(5 -2.64454e-15 0)
(5 -5.03004e-15 0)
(5 -7.62183e-15 0)
(5 -6.02824e-15 0)
(5 -6.22853e-16 0)
(4.63932 1.35091 0)
(4.67004 1.37839 0)
(4.68258 1.39122 0)
(4.65171 1.43211 0)
(4.65738 1.47934 0)
(4.67662 1.47069 0)
(4.71159 1.44351 0)
(4.73707 1.41693 0)
(4.76145 1.40608 0)
(4.77978 1.39503 0)
(4.79209 1.38302 0)
(4.81529 1.36362 0)
(4.84264 1.3477 0)
(4.86749 1.33197 0)
(4.90459 1.28618 0)
(4.93174 1.24443 0)
(4.95122 1.22108 0)
(4.96619 1.1925 0)
(4.97169 1.18478 0)
(4.98267 1.17999 0)
(5.01556 1.13988 0)
(5.04703 1.08505 0)
(5.05142 1.062 0)
(5.05333 1.05564 0)
(5.06585 1.04184 0)
(5.09624 1.01243 0)
(5.11694 0.980658 0)
(5.12532 0.956529 0)
(5.13036 0.936268 0)
(5.13637 0.911294 0)
(5.14767 0.874286 0)
(5.16555 0.838973 0)
(5.17783 0.812846 0)
(5.18634 0.787254 0)
(5.19179 0.75378 0)
(5.19111 0.703809 0)
(5.17921 0.62599 0)
(5.15077 0.51107 0)
(5.1052 0.359668 0)
(5.05446 0.198368 0)
(5.01847 0.076983 0)
(5.00375 0.0192489 0)
(5 1.94934e-15 0)
(5 2.8585e-15 0)
(5 1.61386e-15 0)
(5 -3.75275e-16 0)
(5 -1.94454e-15 0)
(5 -1.49095e-16 0)
(5 3.05403e-15 0)
(5 3.41527e-15 0)
(5 1.75864e-15 0)
(5 -4.24132e-15 0)
(5 -8.31591e-15 0)
(5 -7.92254e-15 0)
(5 8.0732e-14 0)
(5 1.00115e-11 0)
(5 7.90419e-10 0)
(5 2.73198e-08 0)
(5 6.62205e-07 0)
(5 1.91711e-05 0)
(4.99994 0.000391962 0)
(4.99934 0.00366641 0)
(4.99739 0.015336 0)
(4.99016 0.0494312 0)
(4.96249 0.147904 0)
(4.63932 1.35091 0)
(4.90931 0.345939 0)
)
;
    }
}


// ************************************************************************* //
