/*--------------------------------*- C++ -*----------------------------------*\
  =========                 |
  \\      /  F ield         | OpenFOAM: The Open Source CFD Toolbox
   \\    /   O peration     | Website:  https://openfoam.org
    \\  /    A nd           | Version:  7
     \\/     M anipulation  |
\*---------------------------------------------------------------------------*/
FoamFile
{
    version     2.0;
    format      ascii;
    class       volScalarField;
    location    "0.7";
    object      rho;
}
// * * * * * * * * * * * * * * * * * * * * * * * * * * * * * * * * * * * * * //

dimensions      [1 -3 0 0 0 0 0];

internalField   nonuniform List<scalar> 
4608
(
1.04859
1.05017
1.05358
1.0591
1.06305
1.06522
1.06733
1.06961
1.07183
1.07385
1.07627
1.08127
1.09018
1.09688
1.09875
1.09971
1.10068
1.10192
1.10358
1.10588
1.10904
1.11348
1.12021
1.13047
1.14077
1.14454
1.14524
1.14552
1.14576
1.1462
1.14676
1.14778
1.14989
1.15468
1.16389
1.17365
1.17733
1.17808
1.17831
1.17854
1.17921
1.18027
1.18249
1.18858
1.20122
1.21423
1.21869
1.21933
1.22028
1.22389
1.23058
1.2392
1.24859
1.2614
1.28123
1.29476
1.29715
1.2972
1.29742
1.29933
1.30522
1.31761
1.33711
1.36348
1.3994
1.42813
1.43114
1.42764
1.41976
1.40802
1.39956
1.39605
1.39336
1.39135
1.39388
1.40994
1.42519
1.42634
1.42496
1.42356
1.42168
1.41723
1.40819
1.40279
1.40176
1.40162
1.40582
1.41785
1.42634
1.42663
1.42575
1.42313
1.41549
1.40695
1.40503
1.40466
1.40584
1.41293
1.42302
1.42544
1.42515
1.42425
1.421
1.41417
1.41033
1.40989
1.40978
1.4106
1.41473
1.42105
1.42293
1.4228
1.42241
1.42128
1.41956
1.41893
1.41882
1.41879
1.41894
1.41897
1.41887
1.4186
1.4177
1.41643
1.41607
1.41603
1.41622
1.4175
1.42082
1.42336
1.42364
1.4236
1.42332
1.42213
1.41971
1.41832
1.41815
1.41811
1.4181
1.41819
1.41844
1.41862
1.41866
1.41867
1.41871
1.41888
1.4195
1.42068
1.42126
1.42129
1.42126
1.42094
1.4197
1.41773
1.41703
1.41703
1.4171
1.41744
1.41833
1.41911
1.41922
1.41922
1.41899
1.41778
1.41418
1.40972
1.40836
1.40826
1.40822
1.40813
1.40798
1.40795
1.40797
1.40803
1.4083
1.40918
1.41039
1.41077
1.4108
1.41078
1.41044
1.40883
1.40464
1.40073
1.40002
1.40001
1.40001
1.40001
1.40001
1.40001
1.40001
1.40001
1.40001
1.40001
1.40001
1.40001
1.40001
1.40001
1.40001
1.40001
1.40001
1.40001
1.40001
1.40001
1.40001
1.40001
1.40001
1.40001
1.40001
1.40001
1.40001
1.40001
1.40001
1.40001
1.40001
1.40001
1.40001
1.40001
1.40001
1.40001
1.40001
1.40001
1.40001
1.40001
1.40001
1.40001
1.40001
1.40001
1.40001
1.40001
1.40001
1.40001
1.40001
1.40001
1.40001
1.40001
1.40001
1.40001
1.40001
1.40001
1.40001
1.40001
1.40001
1.40001
1.40001
1.40001
1.40001
1.40001
1.40001
1.40001
1.40001
1.40001
1.40001
1.40001
1.40001
1.40001
1.40001
1.40001
1.40001
1.40001
1.40001
1.40001
1.40001
1.40001
1.40001
1.40001
1.40001
1.40001
1.40001
1.40001
1.40001
1.40001
1.40001
1.40001
1.40001
1.40001
1.40001
1.40001
1.40001
1.40001
1.40001
1.40001
1.40001
1.40001
1.40001
1.40001
1.40001
1.40001
1.06259
1.06371
1.06607
1.07023
1.07345
1.07514
1.07683
1.07884
1.08108
1.08343
1.08616
1.09038
1.09715
1.10423
1.10803
1.10959
1.11074
1.11193
1.11327
1.11492
1.11705
1.12002
1.12486
1.13396
1.14599
1.15196
1.15314
1.15363
1.15369
1.15424
1.15494
1.1559
1.15811
1.16417
1.17506
1.18298
1.18467
1.18505
1.18396
1.1827
1.18311
1.18414
1.18654
1.19326
1.2073
1.22166
1.22682
1.22809
1.22834
1.22955
1.23416
1.24077
1.24833
1.25798
1.27397
1.29274
1.29971
1.29964
1.2987
1.30117
1.30744
1.31863
1.33493
1.35707
1.38829
1.41293
1.41545
1.41223
1.40348
1.39368
1.39008
1.38827
1.3879
1.39278
1.40651
1.41854
1.41979
1.41862
1.41717
1.41559
1.41369
1.41105
1.40844
1.40692
1.4062
1.40637
1.40861
1.41478
1.4209
1.4217
1.42095
1.41908
1.41434
1.40956
1.40839
1.40824
1.40955
1.41489
1.42194
1.42363
1.4233
1.42254
1.4201
1.41421
1.40964
1.40899
1.40886
1.40949
1.41307
1.41938
1.4218
1.42175
1.42147
1.42057
1.41897
1.4183
1.4182
1.41818
1.41846
1.41876
1.41868
1.41847
1.41795
1.41707
1.41668
1.41661
1.41676
1.41797
1.42101
1.42307
1.42324
1.42318
1.42276
1.42124
1.41901
1.41824
1.41821
1.41825
1.41849
1.41894
1.41911
1.41909
1.41897
1.41889
1.4189
1.41898
1.41937
1.42034
1.42113
1.42123
1.42121
1.42099
1.42007
1.41826
1.41733
1.41729
1.41734
1.41761
1.41835
1.41895
1.41903
1.41903
1.41882
1.41777
1.41452
1.41008
1.40844
1.40829
1.40825
1.40818
1.4081
1.40809
1.40811
1.40817
1.40844
1.40931
1.41044
1.41073
1.41074
1.41067
1.41022
1.40833
1.4039
1.40049
1.40001
1.40001
1.40001
1.40001
1.40001
1.40001
1.40001
1.40001
1.40001
1.40001
1.40001
1.40001
1.40001
1.40001
1.40001
1.40001
1.40001
1.40001
1.40001
1.40001
1.40001
1.40001
1.40001
1.40001
1.40001
1.40001
1.40001
1.40001
1.40001
1.40001
1.40001
1.40001
1.40001
1.40001
1.40001
1.40001
1.40001
1.40001
1.40001
1.40001
1.40001
1.40001
1.40001
1.40001
1.40001
1.40001
1.40001
1.40001
1.40001
1.40001
1.40001
1.40001
1.40001
1.40001
1.40001
1.40001
1.40001
1.40001
1.40001
1.40001
1.40001
1.40001
1.40001
1.40001
1.40001
1.40001
1.40001
1.40001
1.40001
1.40001
1.40001
1.40001
1.40001
1.40001
1.40001
1.40001
1.40001
1.40001
1.40001
1.40001
1.40001
1.40001
1.40001
1.40001
1.40001
1.40001
1.40001
1.40001
1.40001
1.40001
1.40001
1.40001
1.40001
1.40001
1.40001
1.40001
1.40001
1.40001
1.40001
1.40001
1.40001
1.40001
1.40001
1.40001
1.09915
1.10068
1.10337
1.10631
1.1076
1.1083
1.10862
1.10974
1.11182
1.11487
1.11909
1.12418
1.12921
1.13332
1.13622
1.13862
1.1413
1.14434
1.14665
1.14811
1.14948
1.15118
1.15375
1.15895
1.16888
1.1781
1.18086
1.18194
1.18212
1.18178
1.18245
1.18346
1.18526
1.19113
1.20337
1.21284
1.21488
1.21544
1.21417
1.21001
1.20864
1.20949
1.21144
1.21695
1.23026
1.24668
1.25391
1.25565
1.25612
1.25453
1.25529
1.25859
1.26345
1.2696
1.27922
1.29673
1.31235
1.31521
1.31404
1.31392
1.3173
1.32416
1.33484
1.34999
1.37316
1.39812
1.40501
1.40561
1.40248
1.39549
1.39269
1.39202
1.3942
1.40517
1.42059
1.42352
1.42126
1.41576
1.40832
1.40569
1.40512
1.40585
1.41033
1.41437
1.41497
1.4148
1.41459
1.41418
1.41383
1.414
1.41504
1.41509
1.41471
1.41405
1.41379
1.41413
1.41572
1.41912
1.42125
1.42111
1.42071
1.41996
1.4179
1.41394
1.41165
1.41126
1.41114
1.41198
1.41579
1.42113
1.42255
1.42241
1.422
1.42092
1.41939
1.41883
1.41871
1.41868
1.4188
1.41878
1.41868
1.41843
1.41783
1.41734
1.41725
1.41729
1.41793
1.42009
1.42271
1.42333
1.42328
1.42296
1.42176
1.41937
1.41798
1.41787
1.41789
1.41818
1.41905
1.41976
1.41984
1.41977
1.41947
1.41912
1.41907
1.4191
1.41936
1.42019
1.42099
1.42111
1.4211
1.42091
1.42013
1.41856
1.4177
1.41765
1.41771
1.41795
1.41849
1.41878
1.41882
1.41882
1.4186
1.41752
1.41439
1.41022
1.4085
1.40823
1.40812
1.40802
1.40799
1.40801
1.40805
1.40818
1.40866
1.40978
1.4107
1.41085
1.41086
1.41076
1.40998
1.4072
1.4024
1.40016
1.40001
1.40001
1.40001
1.40001
1.40001
1.40001
1.40001
1.40001
1.40001
1.40001
1.40001
1.40001
1.40001
1.40001
1.40001
1.40001
1.40001
1.40001
1.40001
1.40001
1.40001
1.40001
1.40001
1.40001
1.40001
1.40001
1.40001
1.40001
1.40001
1.40001
1.40001
1.40001
1.40001
1.40001
1.40001
1.40001
1.40001
1.40001
1.40001
1.40001
1.40001
1.40001
1.40001
1.40001
1.40001
1.40001
1.40001
1.40001
1.40001
1.40001
1.40001
1.40001
1.40001
1.40001
1.40001
1.40001
1.40001
1.40001
1.40001
1.40001
1.40001
1.40001
1.40001
1.40001
1.40001
1.40001
1.40001
1.40001
1.40001
1.40001
1.40001
1.40001
1.40001
1.40001
1.40001
1.40001
1.40001
1.40001
1.40001
1.40001
1.40001
1.40001
1.40001
1.40001
1.40001
1.40001
1.40001
1.40001
1.40001
1.40001
1.40001
1.40001
1.40001
1.40001
1.40001
1.40001
1.40001
1.40001
1.40001
1.40001
1.40001
1.40001
1.40001
1.40001
1.14747
1.15031
1.15395
1.15547
1.15583
1.15543
1.1533
1.1529
1.15407
1.15729
1.16389
1.17017
1.17328
1.17523
1.17694
1.17866
1.18093
1.18485
1.18978
1.19212
1.19315
1.19424
1.19559
1.19784
1.20278
1.21153
1.21772
1.21965
1.22077
1.22072
1.22062
1.22164
1.2229
1.22617
1.23563
1.24768
1.25207
1.25298
1.25314
1.24957
1.24479
1.24492
1.24644
1.25
1.25996
1.27726
1.28897
1.29182
1.29303
1.29273
1.29008
1.28945
1.2901
1.29235
1.2975
1.31021
1.32899
1.33691
1.33838
1.3371
1.33771
1.34058
1.3454
1.35341
1.36762
1.38689
1.39467
1.39647
1.39644
1.39414
1.39365
1.39442
1.39811
1.40842
1.41942
1.42104
1.41985
1.41577
1.40901
1.40614
1.40558
1.40639
1.41149
1.41714
1.41784
1.41717
1.41522
1.41172
1.40999
1.40978
1.41047
1.41351
1.41695
1.41782
1.41797
1.41824
1.41836
1.41815
1.41771
1.41736
1.41691
1.41601
1.41423
1.41266
1.41224
1.41217
1.41257
1.41464
1.41926
1.42246
1.42269
1.42249
1.42175
1.42014
1.41913
1.41899
1.41899
1.41899
1.41886
1.41863
1.41816
1.41754
1.41731
1.41728
1.41739
1.41805
1.42006
1.42278
1.42363
1.4236
1.42339
1.42253
1.42016
1.41784
1.41742
1.41743
1.41763
1.41852
1.41997
1.42049
1.4205
1.42036
1.41982
1.4193
1.41922
1.41925
1.41948
1.42025
1.42103
1.42117
1.42116
1.42101
1.42028
1.41885
1.41813
1.41811
1.41818
1.41841
1.41867
1.41872
1.41873
1.41867
1.4182
1.41658
1.41331
1.41028
1.40911
1.40868
1.40834
1.40812
1.4081
1.40812
1.40817
1.40836
1.40905
1.41028
1.41084
1.41088
1.41088
1.41057
1.40904
1.40489
1.40083
1.40002
1.40001
1.40001
1.40001
1.40001
1.40001
1.40001
1.40001
1.40001
1.40001
1.40001
1.40001
1.40001
1.40001
1.40001
1.40001
1.40001
1.40001
1.40001
1.40001
1.40001
1.40001
1.40001
1.40001
1.40001
1.40001
1.40001
1.40001
1.40001
1.40001
1.40001
1.40001
1.40001
1.40001
1.40001
1.40001
1.40001
1.40001
1.40001
1.40001
1.40001
1.40001
1.40001
1.40001
1.40001
1.40001
1.40001
1.40001
1.40001
1.40001
1.40001
1.40001
1.40001
1.40001
1.40001
1.40001
1.40001
1.40001
1.40001
1.40001
1.40001
1.40001
1.40001
1.40001
1.40001
1.40001
1.40001
1.40001
1.40001
1.40001
1.40001
1.40001
1.40001
1.40001
1.40001
1.40001
1.40001
1.40001
1.40001
1.40001
1.40001
1.40001
1.40001
1.40001
1.40001
1.40001
1.40001
1.40001
1.40001
1.40001
1.40001
1.40001
1.40001
1.40001
1.40001
1.40001
1.40001
1.40001
1.40001
1.40001
1.40001
1.40001
1.40001
1.40001
1.40001
1.18869
1.19394
1.19827
1.19924
1.19938
1.19752
1.19437
1.19406
1.19517
1.19998
1.20845
1.21312
1.21463
1.21526
1.21465
1.2158
1.21786
1.22178
1.22893
1.23342
1.23468
1.23564
1.23671
1.23813
1.24084
1.24702
1.25446
1.25762
1.2592
1.26
1.26018
1.26124
1.26249
1.2648
1.27241
1.28505
1.29126
1.29243
1.29303
1.29066
1.28495
1.2841
1.28531
1.28786
1.29586
1.31222
1.32518
1.3285
1.32977
1.32982
1.32579
1.3222
1.32201
1.32271
1.32657
1.33846
1.35511
1.36235
1.36421
1.36381
1.36095
1.36168
1.36348
1.36687
1.37513
1.38621
1.39128
1.39353
1.3947
1.39487
1.39593
1.39744
1.40083
1.40875
1.41586
1.41706
1.41677
1.41416
1.4092
1.40705
1.40694
1.40835
1.41289
1.41671
1.41708
1.41663
1.4147
1.41168
1.41057
1.41041
1.41118
1.41444
1.41793
1.41847
1.41825
1.41786
1.41742
1.41696
1.41645
1.41583
1.41503
1.41409
1.41337
1.41309
1.41311
1.41355
1.41513
1.4188
1.42231
1.42293
1.42283
1.42226
1.42077
1.41934
1.41908
1.41909
1.4193
1.41936
1.41924
1.41887
1.41814
1.41767
1.41761
1.4177
1.41829
1.42008
1.42269
1.42362
1.42364
1.42353
1.42297
1.42109
1.41836
1.41748
1.41744
1.41753
1.41815
1.41976
1.42096
1.42109
1.42104
1.42063
1.41976
1.41936
1.41936
1.41944
1.41985
1.42083
1.42151
1.4216
1.42159
1.42132
1.42034
1.41902
1.41867
1.4187
1.41881
1.41892
1.41894
1.41893
1.41882
1.41828
1.41665
1.41352
1.41087
1.41019
1.41008
1.40995
1.4096
1.40904
1.40875
1.40874
1.40881
1.4091
1.40988
1.41076
1.41095
1.41098
1.41082
1.40979
1.4065
1.40181
1.40009
1.40001
1.40001
1.40001
1.40001
1.40001
1.40001
1.40001
1.40001
1.40001
1.40001
1.40001
1.40001
1.40001
1.40001
1.40001
1.40001
1.40001
1.40001
1.40001
1.40001
1.40001
1.40001
1.40001
1.40001
1.40001
1.40001
1.40001
1.40001
1.40001
1.40001
1.40001
1.40001
1.40001
1.40001
1.40001
1.40001
1.40001
1.40001
1.40001
1.40001
1.40001
1.40001
1.40001
1.40001
1.40001
1.40001
1.40001
1.40001
1.40001
1.40001
1.40001
1.40001
1.40001
1.40001
1.40001
1.40001
1.40001
1.40001
1.40001
1.40001
1.40001
1.40001
1.40001
1.40001
1.40001
1.40001
1.40001
1.40001
1.40001
1.40001
1.40001
1.40001
1.40001
1.40001
1.40001
1.40001
1.40001
1.40001
1.40001
1.40001
1.40001
1.40001
1.40001
1.40001
1.40001
1.40001
1.40001
1.40001
1.40001
1.40001
1.40001
1.40001
1.40001
1.40001
1.40001
1.40001
1.40001
1.40001
1.40001
1.40001
1.40001
1.40001
1.40001
1.40001
1.40001
1.21436
1.22207
1.22562
1.22649
1.22654
1.22407
1.22306
1.22378
1.22699
1.23555
1.24327
1.24512
1.24582
1.24451
1.2412
1.24166
1.24386
1.24928
1.25841
1.26316
1.26436
1.26507
1.26579
1.26695
1.26888
1.27357
1.28032
1.28353
1.285
1.28577
1.2863
1.28769
1.28919
1.2921
1.30073
1.31347
1.31887
1.31994
1.3204
1.31744
1.3124
1.31229
1.31366
1.31708
1.32723
1.34431
1.3547
1.35702
1.35804
1.35668
1.35039
1.34756
1.34814
1.35023
1.35739
1.37161
1.38234
1.38492
1.38578
1.38347
1.37878
1.37875
1.38
1.38315
1.38927
1.39318
1.39458
1.39575
1.39646
1.39745
1.39882
1.40042
1.40373
1.40959
1.41293
1.4136
1.41372
1.41211
1.40922
1.40848
1.40899
1.41099
1.4144
1.4158
1.41578
1.41486
1.41253
1.41085
1.41074
1.41129
1.41323
1.41635
1.41769
1.41774
1.41762
1.41736
1.41701
1.41654
1.41591
1.4151
1.41431
1.41394
1.41389
1.41406
1.41459
1.41598
1.41906
1.42233
1.4231
1.42307
1.42265
1.4213
1.41948
1.41894
1.41892
1.41915
1.41972
1.41991
1.41983
1.41934
1.41859
1.4184
1.41847
1.41887
1.42013
1.4223
1.42335
1.42341
1.42336
1.42301
1.42163
1.41896
1.41754
1.41746
1.41753
1.41808
1.4197
1.42141
1.42174
1.42173
1.42144
1.42049
1.4195
1.41936
1.4194
1.41964
1.42048
1.42171
1.42212
1.42216
1.42213
1.42166
1.42041
1.4195
1.41944
1.41951
1.41962
1.41965
1.41963
1.41945
1.41875
1.41662
1.41274
1.41034
1.4101
1.41016
1.41038
1.4105
1.41048
1.41027
1.41011
1.41014
1.41034
1.41078
1.41114
1.41119
1.41118
1.41091
1.40984
1.40681
1.40222
1.40015
1.40001
1.40001
1.40001
1.40001
1.40001
1.40001
1.40001
1.40001
1.40001
1.40001
1.40001
1.40001
1.40001
1.40001
1.40001
1.40001
1.40001
1.40001
1.40001
1.40001
1.40001
1.40001
1.40001
1.40001
1.40001
1.40001
1.40001
1.40001
1.40001
1.40001
1.40001
1.40001
1.40001
1.40001
1.40001
1.40001
1.40001
1.40001
1.40001
1.40001
1.40001
1.40001
1.40001
1.40001
1.40001
1.40001
1.40001
1.40001
1.40001
1.40001
1.40001
1.40001
1.40001
1.40001
1.40001
1.40001
1.40001
1.40001
1.40001
1.40001
1.40001
1.40001
1.40001
1.40001
1.40001
1.40001
1.40001
1.40001
1.40001
1.40001
1.40001
1.40001
1.40001
1.40001
1.40001
1.40001
1.40001
1.40001
1.40001
1.40001
1.40001
1.40001
1.40001
1.40001
1.40001
1.40001
1.40001
1.40001
1.40001
1.40001
1.40001
1.40001
1.40001
1.40001
1.40001
1.40001
1.40001
1.40001
1.40001
1.40001
1.40001
1.40001
1.40001
1.40001
1.40001
1.40001
1.22959
1.23708
1.23933
1.24018
1.23929
1.23809
1.23913
1.24186
1.24957
1.26027
1.26402
1.2648
1.26458
1.26039
1.25795
1.25913
1.26244
1.271
1.2812
1.28452
1.28556
1.28594
1.28634
1.28732
1.28874
1.29244
1.29843
1.30131
1.30248
1.3031
1.30403
1.3055
1.30737
1.31163
1.32194
1.33259
1.33567
1.33658
1.33637
1.33244
1.33006
1.33089
1.33284
1.33863
1.35207
1.36576
1.36983
1.37071
1.37002
1.36447
1.35953
1.35983
1.36156
1.36695
1.37874
1.38903
1.39142
1.39204
1.39036
1.3853
1.38417
1.38532
1.38773
1.39314
1.39823
1.39947
1.39996
1.39979
1.39913
1.39985
1.40101
1.40294
1.4067
1.40981
1.41069
1.41122
1.41116
1.40975
1.40905
1.40952
1.41068
1.41299
1.41485
1.41518
1.41486
1.41323
1.41153
1.41143
1.41201
1.41354
1.41592
1.41717
1.41741
1.4175
1.4175
1.41737
1.41706
1.41652
1.41576
1.41515
1.41499
1.41506
1.41532
1.41586
1.41708
1.41964
1.42246
1.42324
1.42325
1.42293
1.42171
1.41949
1.41834
1.4183
1.41844
1.41915
1.4204
1.42081
1.42079
1.42032
1.4197
1.41965
1.41983
1.4204
1.42169
1.42282
1.42301
1.42299
1.42282
1.422
1.41988
1.4179
1.41758
1.41765
1.4181
1.41963
1.42178
1.42248
1.42253
1.42243
1.42173
1.42039
1.41977
1.41978
1.41992
1.42044
1.42161
1.42248
1.4226
1.42261
1.42235
1.42144
1.42036
1.42015
1.4202
1.42026
1.42028
1.42025
1.42009
1.41939
1.41715
1.41274
1.40982
1.40951
1.40954
1.40967
1.41005
1.41077
1.41143
1.41171
1.41191
1.41219
1.41243
1.4125
1.41243
1.41214
1.41139
1.40957
1.40587
1.4016
1.40009
1.40001
1.40001
1.40001
1.40001
1.40001
1.40001
1.40001
1.40001
1.40001
1.40001
1.40001
1.40001
1.40001
1.40001
1.40001
1.40001
1.40001
1.40001
1.40001
1.40001
1.40001
1.40001
1.40001
1.40001
1.40001
1.40001
1.40001
1.40001
1.40001
1.40001
1.40001
1.40001
1.40001
1.40001
1.40001
1.40001
1.40001
1.40001
1.40001
1.40001
1.40001
1.40001
1.40001
1.40001
1.40001
1.40001
1.40001
1.40001
1.40001
1.40001
1.40001
1.40001
1.40001
1.40001
1.40001
1.40001
1.40001
1.40001
1.40001
1.40001
1.40001
1.40001
1.40001
1.40001
1.40001
1.40001
1.40001
1.40001
1.40001
1.40001
1.40001
1.40001
1.40001
1.40001
1.40001
1.40001
1.40001
1.40001
1.40001
1.40001
1.40001
1.40001
1.40001
1.40001
1.40001
1.40001
1.40001
1.40001
1.40001
1.40001
1.40001
1.40001
1.40001
1.40001
1.40001
1.40001
1.40001
1.40001
1.40001
1.40001
1.40001
1.40001
1.40001
1.40001
1.40001
1.40001
1.40001
1.2423
1.24774
1.24881
1.2489
1.24719
1.2475
1.24933
1.25477
1.26561
1.27249
1.27378
1.27433
1.27166
1.26733
1.26792
1.27009
1.27598
1.28825
1.29715
1.29916
1.30018
1.30018
1.30037
1.30133
1.30252
1.30573
1.31174
1.31499
1.31604
1.31678
1.31773
1.31912
1.32152
1.32764
1.33822
1.3445
1.34589
1.34649
1.34471
1.3417
1.34198
1.34319
1.34639
1.35523
1.36757
1.37286
1.37371
1.37355
1.36905
1.36278
1.36241
1.36377
1.36797
1.37788
1.38828
1.39119
1.39197
1.39174
1.38778
1.38505
1.38587
1.38768
1.3919
1.39849
1.40135
1.40207
1.40253
1.40239
1.40209
1.40262
1.4036
1.40564
1.40885
1.41029
1.41088
1.41111
1.41006
1.40914
1.40965
1.41056
1.41224
1.41422
1.41493
1.41502
1.41415
1.41239
1.41212
1.41262
1.41373
1.41564
1.41707
1.41756
1.41784
1.41801
1.418
1.41777
1.41734
1.41679
1.41645
1.41642
1.41656
1.41684
1.41737
1.41845
1.42055
1.42281
1.42348
1.42352
1.42331
1.42237
1.4202
1.41814
1.41775
1.41781
1.4182
1.41956
1.42138
1.4219
1.42193
1.4216
1.42091
1.42076
1.42087
1.42125
1.42199
1.42245
1.42249
1.42248
1.42222
1.42116
1.41923
1.4184
1.41844
1.41877
1.41988
1.42189
1.42292
1.42301
1.42301
1.42275
1.42185
1.42095
1.42086
1.42097
1.42136
1.42209
1.4225
1.42254
1.42254
1.42237
1.42183
1.42103
1.42079
1.42084
1.4209
1.42092
1.42088
1.4207
1.41994
1.41763
1.4131
1.4099
1.40947
1.40948
1.40952
1.40965
1.4101
1.41131
1.41292
1.41377
1.41403
1.41413
1.41412
1.41393
1.41337
1.41196
1.40897
1.40421
1.4007
1.40002
1.40001
1.40001
1.40001
1.40001
1.40001
1.40001
1.40001
1.40001
1.40001
1.40001
1.40001
1.40001
1.40001
1.40001
1.40001
1.40001
1.40001
1.40001
1.40001
1.40001
1.40001
1.40001
1.40001
1.40001
1.40001
1.40001
1.40001
1.40001
1.40001
1.40001
1.40001
1.40001
1.40001
1.40001
1.40001
1.40001
1.40001
1.40001
1.40001
1.40001
1.40001
1.40001
1.40001
1.40001
1.40001
1.40001
1.40001
1.40001
1.40001
1.40001
1.40001
1.40001
1.40001
1.40001
1.40001
1.40001
1.40001
1.40001
1.40001
1.40001
1.40001
1.40001
1.40001
1.40001
1.40001
1.40001
1.40001
1.40001
1.40001
1.40001
1.40001
1.40001
1.40001
1.40001
1.40001
1.40001
1.40001
1.40001
1.40001
1.40001
1.40001
1.40001
1.40001
1.40001
1.40001
1.40001
1.40001
1.40001
1.40001
1.40001
1.40001
1.40001
1.40001
1.40001
1.40001
1.40001
1.40001
1.40001
1.40001
1.40001
1.40001
1.40001
1.40001
1.40001
1.40001
1.40001
1.40001
1.40001
1.25483
1.25851
1.2589
1.2585
1.25767
1.25833
1.26073
1.26767
1.27641
1.27911
1.27985
1.27909
1.27442
1.2733
1.27506
1.27865
1.28796
1.30177
1.30782
1.30938
1.31034
1.30994
1.3103
1.31147
1.31294
1.31685
1.32383
1.32784
1.32906
1.33006
1.3311
1.3325
1.33584
1.34355
1.35105
1.35325
1.35405
1.35356
1.35122
1.35115
1.35213
1.35411
1.35984
1.36959
1.3751
1.37603
1.37613
1.3729
1.36688
1.36579
1.36683
1.37
1.378
1.38813
1.39163
1.3924
1.39261
1.39001
1.38668
1.38716
1.38865
1.39194
1.39833
1.40289
1.40393
1.40459
1.40493
1.40489
1.40514
1.40576
1.4068
1.40891
1.41088
1.41153
1.41192
1.4117
1.41034
1.41027
1.411
1.41221
1.41388
1.4148
1.41508
1.41487
1.41353
1.41285
1.41324
1.41402
1.41537
1.41682
1.41762
1.41806
1.41837
1.41853
1.41851
1.41823
1.41783
1.41766
1.41773
1.41792
1.41823
1.41878
1.41979
1.42157
1.42325
1.4237
1.42378
1.42365
1.42293
1.42111
1.41883
1.41805
1.41805
1.41828
1.41921
1.42121
1.42268
1.42292
1.42294
1.42262
1.42173
1.42119
1.42121
1.42136
1.42169
1.42203
1.42212
1.42213
1.42188
1.42092
1.42009
1.4201
1.42037
1.42108
1.42214
1.42259
1.42265
1.42268
1.42268
1.42242
1.42206
1.42207
1.42225
1.42266
1.42307
1.42318
1.42318
1.42303
1.42258
1.42191
1.42138
1.42131
1.42138
1.42146
1.42149
1.42148
1.42135
1.42063
1.41823
1.41329
1.40985
1.40945
1.40948
1.40955
1.40971
1.41017
1.41146
1.41377
1.4154
1.41572
1.41577
1.4157
1.41538
1.41439
1.41204
1.40754
1.40232
1.40019
1.40001
1.40001
1.40001
1.40001
1.40001
1.40001
1.40001
1.40001
1.40001
1.40001
1.40001
1.40001
1.40001
1.40001
1.40001
1.40001
1.40001
1.40001
1.40001
1.40001
1.40001
1.40001
1.40001
1.40001
1.40001
1.40001
1.40001
1.40001
1.40001
1.40001
1.40001
1.40001
1.40001
1.40001
1.40001
1.40001
1.40001
1.40001
1.40001
1.40001
1.40001
1.40001
1.40001
1.40001
1.40001
1.40001
1.40001
1.40001
1.40001
1.40001
1.40001
1.40001
1.40001
1.40001
1.40001
1.40001
1.40001
1.40001
1.40001
1.40001
1.40001
1.40001
1.40001
1.40001
1.40001
1.40001
1.40001
1.40001
1.40001
1.40001
1.40001
1.40001
1.40001
1.40001
1.40001
1.40001
1.40001
1.40001
1.40001
1.40001
1.40001
1.40001
1.40001
1.40001
1.40001
1.40001
1.40001
1.40001
1.40001
1.40001
1.40001
1.40001
1.40001
1.40001
1.40001
1.40001
1.40001
1.40001
1.40001
1.40001
1.40001
1.40001
1.40001
1.40001
1.40001
1.40001
1.40001
1.40001
1.40001
1.40001
1.26173
1.26762
1.26888
1.26971
1.2707
1.27203
1.27495
1.28156
1.28613
1.287
1.28727
1.28505
1.28147
1.2819
1.28389
1.28923
1.30118
1.31243
1.31552
1.31681
1.31707
1.31595
1.31672
1.31812
1.32051
1.32618
1.3335
1.33699
1.33838
1.33959
1.34086
1.34289
1.34756
1.35419
1.35721
1.35821
1.3586
1.35788
1.35817
1.35921
1.36079
1.36497
1.37262
1.37739
1.37834
1.37866
1.37653
1.3719
1.37105
1.37213
1.37502
1.38205
1.39086
1.39385
1.39448
1.39469
1.39267
1.38999
1.39045
1.39183
1.39459
1.40022
1.4051
1.40625
1.40686
1.40717
1.40717
1.40756
1.40819
1.409
1.4104
1.41218
1.41299
1.41338
1.41343
1.4124
1.41191
1.41255
1.4136
1.41484
1.41561
1.41597
1.41587
1.41463
1.41382
1.41417
1.41487
1.41604
1.41725
1.4179
1.41826
1.41852
1.41866
1.41867
1.4185
1.41835
1.41838
1.41853
1.41876
1.41913
1.41971
1.42073
1.4223
1.42346
1.42374
1.42382
1.4237
1.42294
1.42125
1.41929
1.41864
1.41871
1.41907
1.42009
1.42203
1.42363
1.42399
1.42405
1.42396
1.42341
1.42222
1.42136
1.42129
1.42136
1.42148
1.42167
1.42188
1.42201
1.42209
1.42224
1.42252
1.42274
1.42287
1.42293
1.42291
1.42282
1.42273
1.4227
1.42272
1.4228
1.42303
1.4235
1.42393
1.42407
1.4241
1.424
1.42357
1.42283
1.42209
1.42175
1.42176
1.42188
1.422
1.42204
1.42205
1.42192
1.42123
1.41897
1.41412
1.41014
1.40943
1.40942
1.40946
1.40962
1.41023
1.41202
1.41504
1.4169
1.41717
1.4172
1.41709
1.41652
1.41485
1.41113
1.4052
1.40088
1.40003
1.40001
1.40001
1.40001
1.40001
1.40001
1.40001
1.40001
1.40001
1.40001
1.40001
1.40001
1.40001
1.40001
1.40001
1.40001
1.40001
1.40001
1.40001
1.40001
1.40001
1.40001
1.40001
1.40001
1.40001
1.40001
1.40001
1.40001
1.40001
1.40001
1.40001
1.40001
1.40001
1.40001
1.40001
1.40001
1.40001
1.40001
1.40001
1.40001
1.40001
1.40001
1.40001
1.40001
1.40001
1.40001
1.40001
1.40001
1.40001
1.40001
1.40001
1.40001
1.40001
1.40001
1.40001
1.40001
1.40001
1.40001
1.40001
1.40001
1.40001
1.40001
1.40001
1.40001
1.40001
1.40001
1.40001
1.40001
1.40001
1.40001
1.40001
1.40001
1.40001
1.40001
1.40001
1.40001
1.40001
1.40001
1.40001
1.40001
1.40001
1.40001
1.40001
1.40001
1.40001
1.40001
1.40001
1.40001
1.40001
1.40001
1.40001
1.40001
1.40001
1.40001
1.40001
1.40001
1.40001
1.40001
1.40001
1.40001
1.40001
1.40001
1.40001
1.40001
1.40001
1.40001
1.40001
1.40001
1.40001
1.40001
1.40001
1.40001
1.26191
1.27104
1.27336
1.27523
1.27758
1.28018
1.28456
1.29144
1.29485
1.2958
1.29627
1.2949
1.29356
1.29429
1.297
1.3048
1.31631
1.32139
1.32264
1.32313
1.32158
1.32134
1.32263
1.32475
1.32945
1.33676
1.3417
1.34353
1.34479
1.34601
1.34744
1.3501
1.35506
1.35884
1.36017
1.36106
1.36132
1.36185
1.36294
1.36448
1.368
1.3743
1.37843
1.37944
1.37996
1.37895
1.37571
1.37546
1.37671
1.3796
1.38628
1.39437
1.39692
1.39752
1.39777
1.39614
1.39395
1.39446
1.39567
1.39797
1.40287
1.40751
1.40866
1.40921
1.40953
1.40921
1.40923
1.40986
1.41059
1.41164
1.413
1.41376
1.41419
1.41432
1.41362
1.41343
1.41409
1.41502
1.41586
1.41637
1.4167
1.41672
1.41575
1.41479
1.41505
1.41569
1.41681
1.41814
1.41893
1.41939
1.4197
1.41981
1.41967
1.41931
1.41916
1.41928
1.41945
1.41969
1.42006
1.42064
1.42163
1.42291
1.42359
1.42377
1.42382
1.42365
1.42287
1.42122
1.41938
1.41887
1.41904
1.41954
1.42082
1.42303
1.42447
1.42473
1.42479
1.42467
1.42408
1.42301
1.42203
1.4217
1.4217
1.42178
1.42192
1.4222
1.42278
1.42366
1.42443
1.42478
1.42486
1.42471
1.42412
1.4234
1.42318
1.4232
1.42327
1.4234
1.42371
1.4243
1.42489
1.42512
1.42517
1.42511
1.42464
1.42375
1.42286
1.42234
1.42225
1.42232
1.42247
1.42259
1.42263
1.42265
1.4225
1.42176
1.41944
1.41469
1.41062
1.40976
1.40975
1.40983
1.41008
1.41091
1.41308
1.4164
1.41812
1.41832
1.41834
1.41812
1.4171
1.41436
1.40886
1.40262
1.4002
1.40001
1.40001
1.40001
1.40001
1.40001
1.40001
1.40001
1.40001
1.40001
1.40001
1.40001
1.40001
1.40001
1.40001
1.40001
1.40001
1.40001
1.40001
1.40001
1.40001
1.40001
1.40001
1.40001
1.40001
1.40001
1.40001
1.40001
1.40001
1.40001
1.40001
1.40001
1.40001
1.40001
1.40001
1.40001
1.40001
1.40001
1.40001
1.40001
1.40001
1.40001
1.40001
1.40001
1.40001
1.40001
1.40001
1.40001
1.40001
1.40001
1.40001
1.40001
1.40001
1.40001
1.40001
1.40001
1.40001
1.40001
1.40001
1.40001
1.40001
1.40001
1.40001
1.40001
1.40001
1.40001
1.40001
1.40001
1.40001
1.40001
1.40001
1.40001
1.40001
1.40001
1.40001
1.40001
1.40001
1.40001
1.40001
1.40001
1.40001
1.40001
1.40001
1.40001
1.40001
1.40001
1.40001
1.40001
1.40001
1.40001
1.40001
1.40001
1.40001
1.40001
1.40001
1.40001
1.40001
1.40001
1.40001
1.40001
1.40001
1.40001
1.40001
1.40001
1.40001
1.40001
1.40001
1.40001
1.40001
1.40001
1.40001
1.40001
1.40001
1.40001
1.25302
1.26397
1.26788
1.27084
1.27462
1.27912
1.28615
1.29511
1.29838
1.29968
1.3003
1.30091
1.30218
1.30464
1.31156
1.32229
1.32714
1.32815
1.32849
1.32668
1.32519
1.32598
1.32801
1.33273
1.33996
1.34421
1.34564
1.34674
1.34784
1.34897
1.35053
1.35358
1.35735
1.35916
1.36025
1.36121
1.3622
1.36339
1.36514
1.36874
1.37419
1.37724
1.37824
1.37894
1.37876
1.37767
1.37824
1.37962
1.38243
1.3885
1.39553
1.39769
1.39837
1.39883
1.39823
1.39698
1.39754
1.39861
1.40048
1.4045
1.40867
1.40983
1.4104
1.41081
1.4106
1.41021
1.41071
1.41139
1.4123
1.41329
1.41392
1.41436
1.41442
1.41388
1.41411
1.4148
1.41567
1.41641
1.41686
1.41718
1.41721
1.41626
1.41531
1.41563
1.41627
1.4173
1.41842
1.41922
1.41983
1.42036
1.42074
1.42097
1.42106
1.42093
1.42076
1.42083
1.42106
1.4214
1.42191
1.42269
1.42358
1.42404
1.42423
1.42433
1.42429
1.42367
1.42209
1.4202
1.41975
1.41996
1.42056
1.42191
1.42394
1.42499
1.42516
1.42519
1.42501
1.42431
1.42309
1.4221
1.422
1.42213
1.42233
1.42267
1.42329
1.42438
1.42583
1.42673
1.42696
1.427
1.42667
1.42543
1.42394
1.42354
1.4236
1.42373
1.42404
1.42475
1.42569
1.42616
1.42626
1.42627
1.426
1.4251
1.42387
1.423
1.42274
1.42278
1.42292
1.42309
1.42317
1.42321
1.42321
1.42293
1.42197
1.4195
1.41504
1.41138
1.41055
1.41057
1.41074
1.41121
1.41245
1.415
1.41794
1.41894
1.41897
1.41884
1.41823
1.41646
1.41228
1.40558
1.40089
1.40003
1.40001
1.40001
1.40001
1.40001
1.40001
1.40001
1.40001
1.40001
1.40001
1.40001
1.40001
1.40001
1.40001
1.40001
1.40001
1.40001
1.40001
1.40001
1.40001
1.40001
1.40001
1.40001
1.40001
1.40001
1.40001
1.40001
1.40001
1.40001
1.40001
1.40001
1.40001
1.40001
1.40001
1.40001
1.40001
1.40001
1.40001
1.40001
1.40001
1.40001
1.40001
1.40001
1.40001
1.40001
1.40001
1.40001
1.40001
1.40001
1.40001
1.40001
1.40001
1.40001
1.40001
1.40001
1.40001
1.40001
1.40001
1.40001
1.40001
1.40001
1.40001
1.40001
1.40001
1.40001
1.40001
1.40001
1.40001
1.40001
1.40001
1.40001
1.40001
1.40001
1.40001
1.40001
1.40001
1.40001
1.40001
1.40001
1.40001
1.40001
1.40001
1.40001
1.40001
1.40001
1.40001
1.40001
1.40001
1.40001
1.40001
1.40001
1.40001
1.40001
1.40001
1.40001
1.40001
1.40001
1.40001
1.40001
1.40001
1.40001
1.40001
1.40001
1.40001
1.40001
1.40001
1.40001
1.40001
1.40001
1.40001
1.40001
1.40001
1.40001
1.40001
1.40001
1.2327
1.24186
1.24823
1.25374
1.25976
1.26821
1.28223
1.29199
1.2948
1.29599
1.29766
1.3003
1.30433
1.3127
1.32445
1.32903
1.3302
1.3309
1.33045
1.32923
1.32989
1.33145
1.33531
1.34254
1.34722
1.34849
1.34918
1.3496
1.35051
1.35162
1.35361
1.35684
1.35888
1.35991
1.36092
1.36198
1.36322
1.36511
1.36892
1.37423
1.37664
1.37758
1.37817
1.37801
1.37822
1.37927
1.38079
1.38395
1.39053
1.3967
1.39827
1.39894
1.3992
1.39848
1.39829
1.39912
1.40012
1.40194
1.40574
1.40912
1.41005
1.41059
1.4108
1.4103
1.41028
1.41085
1.41154
1.41245
1.41327
1.41384
1.41423
1.41416
1.41385
1.41431
1.41501
1.41584
1.41654
1.41698
1.41727
1.41729
1.41652
1.41589
1.41626
1.417
1.41824
1.41915
1.4195
1.41986
1.42032
1.42082
1.42131
1.42169
1.42195
1.42206
1.42209
1.42228
1.42265
1.42316
1.42378
1.42432
1.42466
1.42485
1.42497
1.42487
1.42419
1.42281
1.42143
1.42131
1.42166
1.42252
1.42413
1.42564
1.42611
1.42623
1.42621
1.42591
1.42508
1.42389
1.42328
1.42335
1.42358
1.42394
1.42443
1.42523
1.42657
1.42797
1.42849
1.4286
1.42862
1.42803
1.42638
1.4247
1.42432
1.42441
1.42462
1.42512
1.42608
1.42699
1.42726
1.42732
1.42726
1.42664
1.42529
1.42394
1.42336
1.42333
1.42344
1.42363
1.42373
1.42378
1.42382
1.42368
1.4231
1.42186
1.41937
1.41558
1.41263
1.41197
1.41205
1.41234
1.41303
1.41451
1.41692
1.41859
1.41881
1.41879
1.41857
1.41755
1.41459
1.40868
1.40238
1.40017
1.40001
1.40001
1.40001
1.40001
1.40001
1.40001
1.40001
1.40001
1.40001
1.40001
1.40001
1.40001
1.40001
1.40001
1.40001
1.40001
1.40001
1.40001
1.40001
1.40001
1.40001
1.40001
1.40001
1.40001
1.40001
1.40001
1.40001
1.40001
1.40001
1.40001
1.40001
1.40001
1.40001
1.40001
1.40001
1.40001
1.40001
1.40001
1.40001
1.40001
1.40001
1.40001
1.40001
1.40001
1.40001
1.40001
1.40001
1.40001
1.40001
1.40001
1.40001
1.40001
1.40001
1.40001
1.40001
1.40001
1.40001
1.40001
1.40001
1.40001
1.40001
1.40001
1.40001
1.40001
1.40001
1.40001
1.40001
1.40001
1.40001
1.40001
1.40001
1.40001
1.40001
1.40001
1.40001
1.40001
1.40001
1.40001
1.40001
1.40001
1.40001
1.40001
1.40001
1.40001
1.40001
1.40001
1.40001
1.40001
1.40001
1.40001
1.40001
1.40001
1.40001
1.40001
1.40001
1.40001
1.40001
1.40001
1.40001
1.40001
1.40001
1.40001
1.40001
1.40001
1.40001
1.40001
1.40001
1.40001
1.40001
1.40001
1.40001
1.40001
1.40001
1.40001
1.40001
1.40001
1.20653
1.21544
1.22368
1.23212
1.24241
1.25791
1.27349
1.27966
1.28369
1.28745
1.29168
1.29732
1.30747
1.32075
1.32598
1.32797
1.32891
1.32854
1.32899
1.3304
1.33253
1.33741
1.34472
1.34839
1.34969
1.35056
1.35117
1.35203
1.35303
1.35486
1.35802
1.36034
1.3614
1.36237
1.3634
1.36463
1.36642
1.36966
1.37452
1.37715
1.37816
1.37901
1.37945
1.38003
1.38111
1.38263
1.38544
1.39117
1.39687
1.39846
1.3992
1.39963
1.39924
1.39916
1.40003
1.4011
1.40283
1.40622
1.40933
1.41031
1.41093
1.41122
1.41068
1.41068
1.41142
1.41228
1.41325
1.41399
1.41451
1.4148
1.41469
1.41482
1.41545
1.41623
1.41705
1.41771
1.41814
1.41839
1.41829
1.41775
1.41779
1.41832
1.41912
1.42037
1.42133
1.42172
1.42188
1.42183
1.42196
1.42227
1.42258
1.42284
1.42301
1.42319
1.42349
1.42388
1.42426
1.42456
1.42478
1.42492
1.425
1.42496
1.42463
1.42393
1.42288
1.42222
1.42238
1.42287
1.424
1.4259
1.42714
1.42743
1.42755
1.42746
1.4268
1.42566
1.42507
1.42514
1.42546
1.42605
1.42675
1.42748
1.4283
1.42916
1.42967
1.42982
1.42985
1.42961
1.42859
1.42687
1.42534
1.42501
1.42515
1.42545
1.42619
1.42742
1.4282
1.42835
1.42839
1.42826
1.4274
1.42573
1.42429
1.42392
1.424
1.42423
1.42448
1.42457
1.42461
1.42458
1.42408
1.42307
1.42165
1.4198
1.41719
1.41462
1.41397
1.41412
1.41444
1.41505
1.41624
1.41774
1.41832
1.41835
1.41827
1.41762
1.41553
1.41089
1.40437
1.40058
1.40002
1.40001
1.40001
1.40001
1.40001
1.40001
1.40001
1.40001
1.40001
1.40001
1.40001
1.40001
1.40001
1.40001
1.40001
1.40001
1.40001
1.40001
1.40001
1.40001
1.40001
1.40001
1.40001
1.40001
1.40001
1.40001
1.40001
1.40001
1.40001
1.40001
1.40001
1.40001
1.40001
1.40001
1.40001
1.40001
1.40001
1.40001
1.40001
1.40001
1.40001
1.40001
1.40001
1.40001
1.40001
1.40001
1.40001
1.40001
1.40001
1.40001
1.40001
1.40001
1.40001
1.40001
1.40001
1.40001
1.40001
1.40001
1.40001
1.40001
1.40001
1.40001
1.40001
1.40001
1.40001
1.40001
1.40001
1.40001
1.40001
1.40001
1.40001
1.40001
1.40001
1.40001
1.40001
1.40001
1.40001
1.40001
1.40001
1.40001
1.40001
1.40001
1.40001
1.40001
1.40001
1.40001
1.40001
1.40001
1.40001
1.40001
1.40001
1.40001
1.40001
1.40001
1.40001
1.40001
1.40001
1.40001
1.40001
1.40001
1.40001
1.40001
1.40001
1.40001
1.40001
1.40001
1.40001
1.40001
1.40001
1.40001
1.40001
1.40001
1.40001
1.40001
1.40001
1.40001
1.40001
1.40001
1.19557
1.20368
1.21248
1.22345
1.23937
1.2558
1.26357
1.26911
1.2745
1.28006
1.28679
1.2976
1.31162
1.31835
1.32141
1.32339
1.32422
1.32572
1.32789
1.33108
1.33781
1.34651
1.34987
1.35145
1.35245
1.35283
1.35379
1.35501
1.3573
1.36147
1.36398
1.36506
1.36613
1.36725
1.3685
1.37038
1.37403
1.37822
1.37973
1.38049
1.38104
1.38151
1.38246
1.38359
1.38526
1.38884
1.39493
1.39864
1.39961
1.40019
1.40011
1.39968
1.40025
1.40116
1.40228
1.40434
1.40781
1.41008
1.41084
1.41139
1.41145
1.41093
1.41124
1.41199
1.4128
1.41386
1.41483
1.41546
1.41593
1.41606
1.41618
1.41679
1.41754
1.41844
1.41918
1.41969
1.42002
1.42001
1.41966
1.41989
1.42044
1.42116
1.42228
1.4234
1.42393
1.42425
1.42433
1.42411
1.4242
1.42454
1.42489
1.42518
1.42536
1.42537
1.42544
1.42566
1.42592
1.42614
1.42631
1.42643
1.42644
1.42607
1.42506
1.42398
1.42385
1.42419
1.42486
1.4261
1.42764
1.42834
1.42851
1.42857
1.42835
1.42759
1.42678
1.42669
1.42696
1.42749
1.42836
1.42944
1.43032
1.43094
1.43136
1.43158
1.43167
1.43159
1.43103
1.42966
1.42774
1.42638
1.42622
1.4264
1.42679
1.42762
1.4287
1.42916
1.42925
1.42929
1.42909
1.42811
1.42637
1.42507
1.42489
1.42505
1.42542
1.42573
1.42582
1.42586
1.42567
1.42467
1.42283
1.4211
1.42013
1.41926
1.41787
1.41651
1.41634
1.41641
1.41652
1.41679
1.41725
1.4175
1.41748
1.41707
1.41556
1.41194
1.40602
1.40126
1.40007
1.40001
1.40001
1.40001
1.40001
1.40001
1.40001
1.40001
1.40001
1.40001
1.40001
1.40001
1.40001
1.40001
1.40001
1.40001
1.40001
1.40001
1.40001
1.40001
1.40001
1.40001
1.40001
1.40001
1.40001
1.40001
1.40001
1.40001
1.40001
1.40001
1.40001
1.40001
1.40001
1.40001
1.40001
1.40001
1.40001
1.40001
1.40001
1.40001
1.40001
1.40001
1.40001
1.40001
1.40001
1.40001
1.40001
1.40001
1.40001
1.40001
1.40001
1.40001
1.40001
1.40001
1.40001
1.40001
1.40001
1.40001
1.40001
1.40001
1.40001
1.40001
1.40001
1.40001
1.40001
1.40001
1.40001
1.40001
1.40001
1.40001
1.40001
1.40001
1.40001
1.40001
1.40001
1.40001
1.40001
1.40001
1.40001
1.40001
1.40001
1.40001
1.40001
1.40001
1.40001
1.40001
1.40001
1.40001
1.40001
1.40001
1.40001
1.40001
1.40001
1.40001
1.40001
1.40001
1.40001
1.40001
1.40001
1.40001
1.40001
1.40001
1.40001
1.40001
1.40001
1.40001
1.40001
1.40001
1.40001
1.40001
1.40001
1.40001
1.40001
1.40001
1.40001
1.40001
1.40001
1.40001
1.40001
1.40001
1.20483
1.21282
1.22331
1.23679
1.24816
1.25491
1.26045
1.26572
1.27118
1.27783
1.28818
1.30249
1.31018
1.3139
1.31674
1.3184
1.32066
1.32361
1.32762
1.33472
1.34441
1.34903
1.35113
1.35279
1.35386
1.35525
1.35688
1.35937
1.36417
1.36816
1.36977
1.37125
1.37273
1.37421
1.37601
1.37913
1.38349
1.38531
1.38605
1.38651
1.38683
1.38772
1.38886
1.39059
1.39404
1.39952
1.40252
1.40341
1.40401
1.40389
1.40318
1.40372
1.40461
1.40565
1.40737
1.41032
1.41233
1.41307
1.41363
1.41372
1.413
1.41329
1.41411
1.41499
1.41603
1.41687
1.41747
1.41784
1.41788
1.4181
1.41872
1.41945
1.42029
1.421
1.4215
1.42182
1.42178
1.42151
1.42184
1.42238
1.42304
1.42391
1.42462
1.42504
1.42531
1.4253
1.42493
1.4251
1.42552
1.42599
1.42655
1.42707
1.42745
1.42775
1.42788
1.42761
1.42723
1.42736
1.42761
1.42785
1.428
1.4278
1.42729
1.42742
1.42788
1.42857
1.42958
1.43053
1.4309
1.43102
1.431
1.43056
1.42977
1.42947
1.42968
1.43009
1.4307
1.43134
1.43177
1.43198
1.43208
1.4321
1.432
1.43178
1.43152
1.43113
1.4303
1.42887
1.42776
1.42775
1.428
1.42851
1.42943
1.43025
1.43048
1.43056
1.43056
1.4302
1.429
1.42721
1.42615
1.42616
1.42643
1.42697
1.42731
1.4274
1.42742
1.42685
1.4252
1.42288
1.42123
1.42054
1.42021
1.42002
1.41976
1.41888
1.41698
1.41605
1.41606
1.41615
1.41608
1.41567
1.41451
1.41183
1.40701
1.40203
1.40018
1.40001
1.40001
1.40001
1.40001
1.40001
1.40001
1.40001
1.40001
1.40001
1.40001
1.40001
1.40001
1.40001
1.40001
1.40001
1.40001
1.40001
1.40001
1.40001
1.40001
1.40001
1.40001
1.40001
1.40001
1.40001
1.40001
1.40001
1.40001
1.40001
1.40001
1.40001
1.40001
1.40001
1.40001
1.40001
1.40001
1.40001
1.40001
1.40001
1.40001
1.40001
1.40001
1.40001
1.40001
1.40001
1.40001
1.40001
1.40001
1.40001
1.40001
1.40001
1.40001
1.40001
1.40001
1.40001
1.40001
1.40001
1.40001
1.40001
1.40001
1.40001
1.40001
1.40001
1.40001
1.40001
1.40001
1.40001
1.40001
1.40001
1.40001
1.40001
1.40001
1.40001
1.40001
1.40001
1.40001
1.40001
1.40001
1.40001
1.40001
1.40001
1.40001
1.40001
1.40001
1.40001
1.40001
1.40001
1.40001
1.40001
1.40001
1.40001
1.40001
1.40001
1.40001
1.40001
1.40001
1.40001
1.40001
1.40001
1.40001
1.40001
1.40001
1.40001
1.40001
1.40001
1.40001
1.40001
1.40001
1.40001
1.40001
1.40001
1.40001
1.40001
1.40001
1.40001
1.40001
1.40001
1.40001
1.40001
1.40001
1.40001
)
;

boundaryField
{
    inlet
    {
        type            calculated;
        value           nonuniform 0();
    }
    outlet
    {
        type            calculated;
        value           nonuniform List<scalar> 
16
(
1.40001
1.40001
1.40001
1.40001
1.40001
1.40001
1.40001
1.40001
1.40001
1.40001
1.40001
1.40001
1.40001
1.40001
1.40001
1.40001
)
;
    }
    bottom
    {
        type            symmetryPlane;
    }
    top
    {
        type            symmetryPlane;
    }
    obstacle
    {
        type            calculated;
        value           nonuniform List<scalar> 
288
(
1.04859
1.05017
1.05358
1.0591
1.06305
1.06522
1.06733
1.06961
1.07183
1.07385
1.07627
1.08127
1.09018
1.09688
1.09875
1.09971
1.10068
1.10192
1.10358
1.10588
1.10904
1.11348
1.12021
1.13047
1.14077
1.14454
1.14524
1.14552
1.14576
1.1462
1.14676
1.14778
1.14989
1.15468
1.16389
1.17365
1.17733
1.17808
1.17831
1.17854
1.17921
1.18027
1.18249
1.18858
1.20122
1.21423
1.21869
1.21933
1.22028
1.22389
1.23058
1.2392
1.24859
1.2614
1.28123
1.29476
1.29715
1.2972
1.29742
1.29933
1.30522
1.31761
1.33711
1.36348
1.3994
1.42813
1.43114
1.42764
1.41976
1.40802
1.39956
1.39605
1.39336
1.39135
1.39388
1.40994
1.42519
1.42634
1.42496
1.42356
1.42168
1.41723
1.40819
1.40279
1.40176
1.40162
1.40582
1.41785
1.42634
1.42663
1.42575
1.42313
1.41549
1.40695
1.40503
1.40466
1.40584
1.41293
1.42302
1.42544
1.42515
1.42425
1.421
1.41417
1.41033
1.40989
1.40978
1.4106
1.41473
1.42105
1.42293
1.4228
1.42241
1.42128
1.41956
1.41893
1.41882
1.41879
1.41894
1.41897
1.41887
1.4186
1.4177
1.41643
1.41607
1.41603
1.41622
1.4175
1.42082
1.42336
1.42364
1.4236
1.42332
1.42213
1.41971
1.41832
1.41815
1.41811
1.4181
1.41819
1.41844
1.41862
1.41866
1.41867
1.41871
1.41888
1.4195
1.42068
1.42126
1.42129
1.42126
1.42094
1.4197
1.41773
1.41703
1.41703
1.4171
1.41744
1.41833
1.41911
1.41922
1.41922
1.41899
1.41778
1.41418
1.40972
1.40836
1.40826
1.40822
1.40813
1.40798
1.40795
1.40797
1.40803
1.4083
1.40918
1.41039
1.41077
1.4108
1.41078
1.41044
1.40883
1.40464
1.40073
1.40002
1.40001
1.40001
1.40001
1.40001
1.40001
1.40001
1.40001
1.40001
1.40001
1.40001
1.40001
1.40001
1.40001
1.40001
1.40001
1.40001
1.40001
1.40001
1.40001
1.40001
1.40001
1.40001
1.40001
1.40001
1.40001
1.40001
1.40001
1.40001
1.40001
1.40001
1.40001
1.40001
1.40001
1.40001
1.40001
1.40001
1.40001
1.40001
1.40001
1.40001
1.40001
1.40001
1.40001
1.40001
1.40001
1.40001
1.40001
1.40001
1.40001
1.40001
1.40001
1.40001
1.40001
1.40001
1.40001
1.40001
1.40001
1.40001
1.40001
1.40001
1.40001
1.40001
1.40001
1.40001
1.40001
1.40001
1.40001
1.40001
1.40001
1.40001
1.40001
1.40001
1.40001
1.40001
1.40001
1.40001
1.40001
1.40001
1.40001
1.40001
1.40001
1.40001
1.40001
1.40001
1.40001
1.40001
1.40001
1.40001
1.40001
1.40001
1.40001
1.40001
1.40001
1.40001
1.40001
1.40001
1.40001
1.40001
1.40001
1.40001
1.40001
1.40001
1.40001
)
;
    }
    defaultFaces
    {
        type            empty;
    }
    procBoundary1to0
    {
        type            processor;
        value           nonuniform List<scalar> 8(1.04762 1.0621 1.09804 1.14604 1.18594 1.209 1.22264 1.23552);
    }
    procBoundary1to2
    {
        type            processor;
        value           nonuniform List<scalar> 8(1.24832 1.25315 1.24773 1.22989 1.21068 1.19549 1.18718 1.19839);
    }
    procBoundary1to3
    {
        type            processor;
        value           nonuniform List<scalar> 
288
(
1.23706
1.24619
1.25363
1.25739
1.25948
1.2604
1.2649
1.27026
1.27694
1.28752
1.29924
1.30503
1.30894
1.31182
1.31344
1.31627
1.31992
1.32514
1.33437
1.3444
1.34858
1.35103
1.35268
1.35398
1.35589
1.35823
1.36216
1.36837
1.37259
1.37452
1.37621
1.37785
1.37951
1.38176
1.38576
1.38973
1.39103
1.39174
1.39227
1.39303
1.39405
1.39554
1.39841
1.40327
1.40699
1.40824
1.40897
1.40915
1.40835
1.40836
1.40917
1.41002
1.41112
1.4131
1.41555
1.41671
1.41734
1.41762
1.41689
1.41644
1.41707
1.41783
1.4187
1.41994
1.42096
1.42159
1.42206
1.42215
1.42211
1.4226
1.42324
1.42399
1.42482
1.42543
1.42591
1.42626
1.42623
1.42567
1.42582
1.42632
1.42688
1.42745
1.42786
1.42819
1.42841
1.42836
1.42771
1.42733
1.42759
1.42794
1.42835
1.4289
1.42941
1.42975
1.42999
1.43009
1.42981
1.42926
1.42912
1.42929
1.42954
1.42988
1.43038
1.43111
1.43193
1.43264
1.4331
1.43335
1.4335
1.43355
1.4332
1.43246
1.43237
1.43265
1.43309
1.43367
1.43412
1.43436
1.43448
1.43448
1.43421
1.43368
1.43309
1.43261
1.43215
1.43144
1.43021
1.42934
1.42943
1.4297
1.43022
1.4311
1.43174
1.43189
1.43197
1.43197
1.43159
1.43029
1.42844
1.42765
1.42778
1.42822
1.42889
1.42916
1.42925
1.42901
1.4276
1.42485
1.42231
1.42155
1.4215
1.42158
1.42162
1.42155
1.42093
1.41884
1.41559
1.4139
1.41349
1.41309
1.41227
1.41049
1.40707
1.4027
1.40035
1.40002
1.40001
1.40001
1.40001
1.40001
1.40001
1.40001
1.40001
1.40001
1.40001
1.40001
1.40001
1.40001
1.40001
1.40001
1.40001
1.40001
1.40001
1.40001
1.40001
1.40001
1.40001
1.40001
1.40001
1.40001
1.40001
1.40001
1.40001
1.40001
1.40001
1.40001
1.40001
1.40001
1.40001
1.40001
1.40001
1.40001
1.40001
1.40001
1.40001
1.40001
1.40001
1.40001
1.40001
1.40001
1.40001
1.40001
1.40001
1.40001
1.40001
1.40001
1.40001
1.40001
1.40001
1.40001
1.40001
1.40001
1.40001
1.40001
1.40001
1.40001
1.40001
1.40001
1.40001
1.40001
1.40001
1.40001
1.40001
1.40001
1.40001
1.40001
1.40001
1.40001
1.40001
1.40001
1.40001
1.40001
1.40001
1.40001
1.40001
1.40001
1.40001
1.40001
1.40001
1.40001
1.40001
1.40001
1.40001
1.40001
1.40001
1.40001
1.40001
1.40001
1.40001
1.40001
1.40001
1.40001
1.40001
1.40001
1.40001
1.40001
1.40001
1.40001
1.40001
1.40001
1.40001
1.40001
1.40001
1.40001
1.40001
1.40001
1.40001
1.40001
1.40001
1.40001
1.40001
1.40001
1.40001
1.40001
1.40001
1.40001
1.40001
1.40001
)
;
    }
}


// ************************************************************************* //
