/*--------------------------------*- C++ -*----------------------------------*\
  =========                 |
  \\      /  F ield         | OpenFOAM: The Open Source CFD Toolbox
   \\    /   O peration     | Website:  https://openfoam.org
    \\  /    A nd           | Version:  7
     \\/     M anipulation  |
\*---------------------------------------------------------------------------*/
FoamFile
{
    version     2.0;
    format      ascii;
    class       volScalarField;
    location    "2";
    object      T;
}
// * * * * * * * * * * * * * * * * * * * * * * * * * * * * * * * * * * * * * //

dimensions      [0 0 0 1 0 0 0];

internalField   nonuniform List<scalar> 
4608
(
1
1
1
1
1
1
1
1
1
1
1
1
1
1
1
1
1
1
1
1
1
1
1
1
1
1
1
1
1
1
1
1
1
1
1
1
1
1
1
1
1
1.00075
1.06115
1.39556
1.63136
1.66197
1.66515
1.66586
1.66885
1.67081
1.67054
1.67092
1.67096
1.6703
1.66886
1.66666
1.66361
1.66093
1.65979
1.66006
1.66182
1.6646
1.66666
1.66724
1.66676
1.66451
1.66051
1.65689
1.65397
1.65185
1.65108
1.65003
1.648
1.64533
1.64136
1.63769
1.63478
1.63191
1.6291
1.62598
1.62155
1.61605
1.61057
1.60497
1.59962
1.59414
1.58882
1.5827
1.57543
1.56704
1.55811
1.54894
1.53993
1.53142
1.52359
1.51554
1
1
1
1
1
1
1
1
1
1
1
1
1
1
1
1
1
1
1
1
1
1
1
1
1
1
1
1
1
1
1
1
1
1
1
1
1
1
1
1
1
1
1.00044
1.03452
1.28167
1.59888
1.64976
1.66111
1.66074
1.6627
1.66167
1.65907
1.65789
1.65745
1.65711
1.65684
1.65587
1.65337
1.65071
1.64957
1.6503
1.6526
1.65555
1.65713
1.6573
1.65628
1.65278
1.64785
1.64353
1.63987
1.63749
1.63667
1.63524
1.63328
1.63041
1.62643
1.62346
1.62076
1.61799
1.6154
1.61254
1.60787
1.60192
1.59564
1.58951
1.58345
1.57783
1.57271
1.56806
1.56224
1.55507
1.54735
1.53947
1.53145
1.52325
1.51527
1
1
1
1
1
1
1
1
1
1
1
1
1
1
1
1
1
1
1
1
1
1
1
1
1
1
1
1
1
1
1
1
1
1
1
1
1
1
1
1
1
1
1
1.00018
1.01349
1.14965
1.51786
1.63338
1.65344
1.65235
1.65065
1.64736
1.64573
1.64601
1.64731
1.6484
1.64812
1.64662
1.64421
1.6417
1.64106
1.6417
1.64361
1.64585
1.64651
1.64621
1.64435
1.64011
1.63469
1.62992
1.62623
1.62428
1.62345
1.62181
1.61996
1.61707
1.61364
1.61124
1.60873
1.60621
1.60375
1.60062
1.5955
1.5887
1.58182
1.57514
1.56895
1.56349
1.55906
1.55554
1.55114
1.5452
1.53824
1.5307
1.52294
1.5152
1
1
1
1
1
1
1
1
1
1
1
1
1
1
1
1
1
1
1
1
1
1
1
1
1
1
1
1
1
1
1
1
1
1
1
1
1
1
1
1
1
1
1
1
1.00004
1.00276
1.08647
1.3724
1.6025
1.64036
1.64197
1.63814
1.63578
1.63574
1.63666
1.63828
1.63925
1.63877
1.63741
1.63508
1.63257
1.63185
1.63214
1.63337
1.63463
1.63469
1.63391
1.63125
1.62654
1.62155
1.61739
1.6143
1.61285
1.61133
1.6095
1.60752
1.60474
1.60217
1.60013
1.59788
1.59559
1.59311
1.58917
1.58293
1.57592
1.56886
1.56213
1.55629
1.5515
1.5481
1.5454
1.54144
1.53611
1.52959
1.52225
1.51493
1
1
1
1
1
1
1
1
1
1
1
1
1
1
1
1
1
1
1
1
1
1
1
1
1
1
1
1
1
1
1
1
1
1
1
1
1
1
1
1
1
1
1
1
1
1
1.00088
1.03058
1.18857
1.51934
1.61738
1.63139
1.62807
1.62793
1.62893
1.63075
1.63144
1.63095
1.62929
1.62599
1.62325
1.62228
1.62208
1.62274
1.62334
1.62323
1.62223
1.6196
1.61595
1.61277
1.60971
1.60717
1.60531
1.60269
1.6001
1.5977
1.59501
1.59286
1.59125
1.58958
1.58794
1.58599
1.58229
1.57657
1.57005
1.56332
1.5568
1.55083
1.5458
1.54212
1.53944
1.53631
1.53234
1.5274
1.52131
1.51459
1
1
1
1
1
1
1
1
1
1
1
1
1
1
1
1
1
1
1
1
1
1
1
1
1
1
1
1
1
1
1
1
1
1
1
1
1
1
1
1
1
1
1
1
1
1
1
1.00016
1.00492
1.09836
1.34323
1.58192
1.61114
1.6178
1.61961
1.62229
1.62364
1.62331
1.62179
1.61746
1.61422
1.61297
1.61269
1.61382
1.61409
1.61335
1.61158
1.60805
1.60506
1.60312
1.60153
1.60086
1.59947
1.59628
1.59289
1.58905
1.58548
1.58343
1.58186
1.58086
1.58019
1.57821
1.57443
1.56948
1.56372
1.55775
1.55182
1.54644
1.54212
1.53827
1.53417
1.53029
1.52663
1.52289
1.51863
1.51357
1
1
1
1
1
1
1
1
1
1
1
1
1
1
1
1
1
1
1
1
1
1
1
1
1
1
1
1
1
1
1
1
1
1
1
1
1
1
1
1
1
1
1
1
1
1
1
1
1.00001
1.0012
1.02526
1.16772
1.44593
1.58449
1.60663
1.61417
1.6142
1.61383
1.61302
1.60945
1.60563
1.60392
1.60328
1.60421
1.6048
1.60388
1.60237
1.59912
1.59564
1.59391
1.59274
1.59261
1.59222
1.58984
1.58661
1.5825
1.57812
1.57529
1.57317
1.57196
1.57137
1.56942
1.56625
1.56206
1.5569
1.5518
1.54674
1.54213
1.53863
1.53485
1.53039
1.52574
1.52131
1.51765
1.5145
1.51116
1
1
1
1
1
1
1
1
1
1
1
1
1
1
1
1
1
1
1
1
1
1
1
1
1
1
1
1
1
1
1
1
1
1
1
1
1
1
1
1
1
1
1
1
1
1
1
1
1
1
1.00012
1.00362
1.06388
1.22486
1.50175
1.5807
1.60075
1.60484
1.60316
1.60206
1.60008
1.59775
1.59614
1.59493
1.59419
1.59378
1.59282
1.59141
1.58906
1.58651
1.58503
1.58381
1.58285
1.58168
1.57942
1.57652
1.57282
1.56914
1.56624
1.5638
1.56217
1.5605
1.55787
1.55457
1.55036
1.54596
1.54178
1.5378
1.53451
1.53134
1.52719
1.52254
1.51759
1.51326
1.50988
1.50709
1
1
1
1
1
1
1
1
1
1
1
1
1
1
1
1
1
1
1
1
1
1
1
1
1
1
1
1
1
1
1
1
1
1
1
1
1
1
1
1
1
1
1
1
1
1
1
1
1
1
1
1.00001
1.00058
1.00859
1.10356
1.28143
1.52701
1.57528
1.58833
1.59108
1.59204
1.59224
1.59135
1.589
1.58573
1.58384
1.58261
1.58242
1.58198
1.58057
1.57845
1.57563
1.57371
1.57221
1.57097
1.56964
1.56714
1.56402
1.56033
1.55691
1.55405
1.55174
1.54981
1.54726
1.54416
1.54042
1.53664
1.53315
1.52994
1.52716
1.52385
1.51973
1.515
1.51017
1.50621
1.50299
1
1
1
1
1
1
1
1
1
1
1
1
1
1
1
1
1
1
1
1
1
1
1
1
1
1
1
1
1
1
1
1
1
1
1
1
1
1
1
1
1
1
1
1
1
1
1
1
1
1
1
1
1
1.00002
1.00142
1.01633
1.13279
1.31915
1.52884
1.56231
1.5793
1.58525
1.58397
1.58332
1.58045
1.57597
1.5742
1.57334
1.57391
1.57361
1.57201
1.56933
1.56576
1.5637
1.56228
1.56156
1.56067
1.55819
1.55496
1.55093
1.54739
1.54464
1.54253
1.54088
1.53848
1.53551
1.53188
1.52821
1.5251
1.52246
1.51999
1.51668
1.51257
1.50783
1.50328
1.49954
1
1
1
1
1
1
1
1
1
1
1
1
1
1
1
1
1
1
1
1
1
1
1
1
1
1
1
1
1
1
1
1
1
1
1
1
1
1
1
1
1
1
1
1
1
1
1
1
1
1
1
1
1
1
1
1.00006
1.00239
1.02515
1.14698
1.33055
1.5161
1.55469
1.57503
1.57753
1.57471
1.57032
1.56668
1.56513
1.56523
1.56656
1.56555
1.56354
1.55983
1.5563
1.55444
1.5534
1.55319
1.55169
1.54906
1.54543
1.54153
1.53874
1.53646
1.53499
1.53317
1.5305
1.52718
1.52325
1.52004
1.51749
1.51537
1.51291
1.50951
1.50533
1.50061
1.49647
1
1
1
1
1
1
1
1
1
1
1
1
1
1
1
1
1
1
1
1
1
1
1
1
1
1
1
1
1
1
1
1
1
1
1
1
1
1
1
1
1
1
1
1
1
1
1
1
1
1
1
1
1
1
1
1
1
1.00013
1.00317
1.02944
1.15051
1.32025
1.50001
1.55291
1.56731
1.56501
1.55897
1.55672
1.55701
1.55931
1.55931
1.55782
1.55415
1.54953
1.5473
1.54598
1.54604
1.5451
1.54293
1.53958
1.53566
1.53311
1.53101
1.52976
1.52815
1.52557
1.52228
1.5182
1.51511
1.51275
1.51088
1.50883
1.50585
1.50203
1.4974
1.49331
1
1
1
1
1
1
1
1
1
1
1
1
1
1
1
1
1
1
1
1
1
1
1
1
1
1
1
1
1
1
1
1
1
1
1
1
1
1
1
1
1
1
1
1
1
1
1
1
1
1
1
1
1
1
1
1
1
1
1.00001
1.00017
1.00359
1.02785
1.14488
1.30134
1.48814
1.54157
1.54573
1.54885
1.55007
1.55295
1.55347
1.55209
1.54759
1.54249
1.54045
1.53956
1.54026
1.53931
1.53725
1.53347
1.52948
1.5273
1.52581
1.52528
1.52368
1.52103
1.51735
1.5131
1.51024
1.50801
1.50646
1.50443
1.50149
1.49761
1.49308
1.4896
1
1
1
1
1
1
1
1
1
1
1
1
1
1
1
1
1
1
1
1
1
1
1
1
1
1
1
1
1
1
1
1
1
1
1
1
1
1
1
1
1
1
1
1
1
1
1
1
1
1
1
1
1
1
1
1
1
1
1
1
1.00001
1.00016
1.00341
1.02472
1.12869
1.28075
1.44884
1.51477
1.53347
1.54762
1.54869
1.5461
1.54053
1.53548
1.53361
1.5335
1.53529
1.53428
1.53208
1.52763
1.52346
1.52145
1.52044
1.52055
1.51916
1.51656
1.51246
1.50805
1.50528
1.50311
1.50185
1.49986
1.49702
1.49323
1.48921
1.4869
1
1
1
1
1
1
1
1
1
1
1
1
1
1
1
1
1
1
1
1
1
1
1
1
1
1
1
1
1
1
1
1
1
1
1
1
1
1
1
1
1
1
1
1
1
1
1
1
1
1
1
1
1
1
1
1
1
1
1
1
1
1
1.00001
1.00015
1.00262
1.02046
1.09952
1.24555
1.39175
1.50127
1.53123
1.53852
1.53478
1.52931
1.52713
1.52711
1.52955
1.52895
1.52697
1.52268
1.51796
1.51591
1.51481
1.51509
1.51407
1.51174
1.50783
1.50331
1.50063
1.49867
1.49797
1.49709
1.49539
1.49509
1.49575
1.50105
1
1
1
1
1
1
1
1
1
1
1
1
1
1
1
1
1
1
1
1
1
1
1
1
1
1
1
1
1
1
1
1
1
1
1
1
1
1
1
1
1
1
1
1
1
1
1
1
1
1
1
1
1
1
1
1
1
1
1
1
1
1
1
1
1
1.00011
1.00164
1.01442
1.06777
1.20307
1.34121
1.47221
1.51678
1.52113
1.52068
1.52068
1.52156
1.52303
1.52185
1.51915
1.51407
1.51068
1.50886
1.50865
1.50853
1.50694
1.50435
1.50086
1.50011
1.50121
1.50661
1.51673
1.53077
1.54952
1.57203
1.59711
1
1
1
1
1
1
1
1
1
1
1
1
1
1
1
1
1
1
1
1
1
1
1
1
1
1
1
1
1
1
1
1
1
1
1
1
1
1
1
1
1
1
1
1
1
1
1
1
1
1
1
1
1
1
1
1
1
1
1
1
1
1
1
1
1
1
1
1.00006
1.00088
1.00867
1.04388
1.15343
1.28702
1.42647
1.49357
1.50307
1.51073
1.51696
1.51816
1.51558
1.51105
1.50535
1.50325
1.50355
1.50677
1.51021
1.51507
1.52443
1.54122
1.56538
1.59454
1.62361
1.6487
1.66796
1.68172
1.69263
1
1
1
1
1
1
1
1
1
1
1
1
1
1
1
1
1
1
1
1
1
1
1
1
1
1
1
1
1
1
1
1
1
1
1
1
1
1
1
1
1
1
1
1
1
1
1
1
1
1
1
1
1
1
1
1
1
1
1
1
1
1
1
1
1
1
1
1
1
1.00003
1.00043
1.0046
1.02639
1.10253
1.23054
1.36144
1.44537
1.49326
1.50864
1.51092
1.50558
1.50416
1.51193
1.52686
1.55113
1.57857
1.60719
1.63513
1.66153
1.68473
1.70183
1.70933
1.71068
1.71208
1.71444
1.71475
1
1
1
1
1
1
1
1
1
1
1
1
1
1
1
1
1
1
1
1
1
1
1
1
1
1
1
1
1
1
1
1
1
1
1
1
1
1
1
1
1
1
1
1
1
1
1
1
1
1
1
1
1
1
1
1
1
1
1
1
1
1
1
1
1
1
1
1
1
1
1
1.00001
1.00019
1.00202
1.01375
1.05881
1.16069
1.28209
1.40983
1.47096
1.50894
1.58676
1.62611
1.65599
1.68451
1.7033
1.71347
1.72252
1.73119
1.73805
1.73655
1.73142
1.72611
1.72196
1.72074
1.71947
1
1
1
1
1
1
1
1
1
1
1
1
1
1
1
1
1
1
1
1
1
1
1
1
1
1
1
1
1
1
1
1
1
1
1
1
1
1
1
1
1
1
1
1
1
1
1
1
1
1
1
1
1
1
1
1
1
1
1
1
1
1
1
1
1
1
1
1
1
1
1
1
1
1
1.00006
1.00073
1.006
1.02874
1.10037
1.27348
1.66571
1.78914
1.79547
1.79695
1.79719
1.79311
1.78636
1.78023
1.77645
1.77307
1.76609
1.75811
1.75064
1.74481
1.74226
1.73942
1
1
1
1
1
1
1
1
1
1
1
1
1
1
1
1
1
1
1
1
1
1
1
1
1
1
1
1
1
1
1
1
1
1
1
1
1
1
1
1
1
1
1
1
1
1
1
1
1
1
1
1
1
1
1
1
1
1
1
1
1
1
1
1
1
1
1
1
1
1
1
1
1
1
1
1
1.00002
1.00022
1.00229
1.38888
1.83105
1.88702
1.88228
1.87595
1.86703
1.85703
1.84745
1.8373
1.82612
1.81521
1.8054
1.79663
1.78918
1.78348
1.77911
1.77423
1
1
1
1
1
1
1
1
1
1
1
1
1
1
1
1
1
1
1
1
1
1
1
1
1
1
1
1
1
1
1
1
1
1
1
1
1
1
1
1
1
1
1
1
1
1
1
1
1
1
1
1
1
1
1
1
1
1
1
1
1
1
1
1
1
1
1
1
1
1
1
1
1
1
1
1
1
1
1.00001
1.49541
1.89898
1.90321
1.89769
1.89317
1.88923
1.88603
1.88399
1.88077
1.874
1.86511
1.85605
1.84765
1.84063
1.83524
1.83095
1.82699
1
1
1
1
1
1
1
1
1
1
1
1
1
1
1
1
1
1
1
1
1
1
1
1
1
1
1
1
1
1
1
1
1
1
1
1
1
1
1
1
1
1
1
1
1
1
1
1
1
1
1
1
1
1
1
1
1
1
1
1
1
1
1
1
1
1
1
1
1
1
1
1
1
1
1
1
1
1
1
1.49962
1.89664
1.90132
1.89556
1.89387
1.89252
1.89363
1.89669
1.89765
1.89361
1.88642
1.87902
1.87235
1.86708
1.86435
1.8641
1.86436
1
1
1
1
1
1
1
1
1
1
1
1
1
1
1
1
1
1
1
1
1
1
1
1
1
1
1
1
1
1
1
1
1
1
1
1
1
1
1
1
1
1
1
1
1
1
1
1
1
1
1
1
1
1
1
1
1
1
1
1
1
1
1
1
1
1
1
1
1
1
1
1
1
1
1
1
1
1
1
1.4977
1.8962
1.89856
1.89282
1.89211
1.8912
1.89336
1.89766
1.89842
1.89532
1.88967
1.88194
1.87704
1.87383
1.87313
1.87515
1.87788
1.5066
1.49623
1.4848
1.47332
1.46117
1.44938
1.43911
1.42876
1.41917
1.40944
1.39775
1.38672
1.37664
1.3648
1.35269
1.34212
1.33089
1.31922
1.3102
1.30322
1.29506
1.28426
1.2729
1.26392
1.25485
1.24421
1.23228
1.22488
1.21893
1.21184
1.20227
1.1952
1.19087
1.18497
1.17706
1.16678
1.15827
1.15138
1.1455
1.13811
1.12912
1.12422
1.11914
1.1125
1.10375
1.09769
1.09503
1.09247
1.08929
1.08456
1.07729
1.07062
1.06474
1.05874
1.05354
1.05109
1.04931
1.04717
1.04442
1.04008
1.03092
1.02239
1.01831
1.01461
1.0118
1.01001
1.00857
1.00646
1.00371
0.999502
0.990484
0.980581
0.97821
0.977363
0.975746
0.974861
0.975484
0.975549
0.975275
0.975626
0.974883
0.977928
0.986661
0.998869
1.01952
1.03959
1.06621
1.09226
1.10499
1.1253
1.14272
1.14591
1.1541
1.16462
1.17178
1.17873
1.5081
1.50042
1.49144
1.48159
1.47099
1.46034
1.4501
1.44033
1.4315
1.4234
1.41547
1.40678
1.3971
1.38682
1.3759
1.36367
1.3518
1.34452
1.33812
1.32929
1.3206
1.3127
1.30352
1.29203
1.28013
1.2727
1.26632
1.25868
1.24875
1.24146
1.23626
1.22973
1.22133
1.21382
1.20801
1.20162
1.19429
1.18356
1.1758
1.1706
1.16431
1.15668
1.14856
1.14351
1.13996
1.13656
1.13231
1.12685
1.12204
1.11629
1.1089
1.10047
1.0958
1.09343
1.09128
1.0886
1.08538
1.08001
1.07233
1.06338
1.05475
1.05073
1.04879
1.0472
1.04634
1.04444
1.0419
1.03886
1.03322
1.02438
1.01643
1.0158
1.01634
1.01841
1.02204
1.02946
1.0407
1.04874
1.06104
1.07416
1.08842
1.10945
1.12581
1.1478
1.17401
1.18483
1.19835
1.21101
1.21292
1.21143
1.20729
1.20772
1.20983
1.21236
1.21626
1.21732
1.50791
1.50152
1.49479
1.48674
1.47785
1.4684
1.45847
1.4488
1.4403
1.43302
1.42654
1.41995
1.41254
1.4039
1.39366
1.38247
1.37214
1.36291
1.35554
1.34972
1.34319
1.33483
1.32478
1.31513
1.30727
1.29925
1.28923
1.28156
1.27601
1.26897
1.26107
1.25493
1.24999
1.24468
1.23809
1.22835
1.21864
1.21106
1.20342
1.1955
1.18978
1.18598
1.18289
1.17892
1.17382
1.16878
1.16347
1.15627
1.14641
1.13777
1.13368
1.13115
1.12907
1.12607
1.12262
1.11887
1.11371
1.10428
1.09109
1.08395
1.08122
1.08
1.07986
1.07887
1.07827
1.07789
1.07644
1.0731
1.06708
1.06517
1.06896
1.07678
1.09115
1.10822
1.12963
1.1547
1.16729
1.18432
1.20168
1.20691
1.21732
1.23008
1.24048
1.25347
1.26308
1.26521
1.2651
1.26095
1.25088
1.24142
1.23771
1.23557
1.23516
1.2384
1.23788
1.23497
1.50786
1.50127
1.49549
1.48934
1.4819
1.47361
1.46458
1.45519
1.44666
1.43956
1.43351
1.42803
1.42226
1.41557
1.40771
1.39842
1.38772
1.37807
1.37093
1.36443
1.35799
1.35145
1.34436
1.33633
1.32753
1.3189
1.31046
1.3021
1.29445
1.28829
1.28382
1.27968
1.2743
1.26831
1.26178
1.25322
1.24182
1.23077
1.22381
1.21999
1.21795
1.21487
1.21099
1.20732
1.20299
1.19707
1.18749
1.1739
1.1653
1.16197
1.16026
1.1581
1.15508
1.15195
1.1485
1.1439
1.13562
1.12175
1.11512
1.11438
1.11426
1.11567
1.11895
1.12385
1.13061
1.13943
1.14476
1.14809
1.16064
1.17549
1.18891
1.20923
1.23386
1.25186
1.27142
1.28465
1.28866
1.29003
1.28659
1.28243
1.28373
1.28658
1.29219
1.29799
1.29751
1.29433
1.28865
1.27807
1.26405
1.25781
1.25512
1.25326
1.25392
1.25569
1.25411
1.25213
1.50803
1.50171
1.49585
1.49037
1.48405
1.47663
1.46848
1.45981
1.45138
1.44418
1.43817
1.43299
1.42821
1.42308
1.41704
1.40974
1.40089
1.39137
1.38302
1.3762
1.37043
1.36492
1.3589
1.35229
1.34501
1.33669
1.32687
1.31747
1.3114
1.30683
1.30234
1.29787
1.29341
1.2883
1.28187
1.27264
1.26006
1.25128
1.24673
1.24309
1.23995
1.23732
1.23417
1.2299
1.2245
1.21639
1.20384
1.19313
1.18762
1.18418
1.1819
1.18086
1.17973
1.17754
1.17541
1.17232
1.16645
1.16337
1.16601
1.17179
1.18165
1.19532
1.21509
1.23813
1.24914
1.26501
1.27822
1.28572
1.29633
1.30217
1.30731
1.31643
1.32834
1.33865
1.34215
1.34188
1.33829
1.33012
1.31951
1.31421
1.31192
1.31012
1.31119
1.311
1.30784
1.30438
1.2992
1.28936
1.2789
1.2751
1.27307
1.27182
1.27173
1.27107
1.26986
1.26847
1.50789
1.50205
1.49622
1.49039
1.48444
1.47792
1.47073
1.46305
1.45524
1.44799
1.44179
1.43654
1.43196
1.42764
1.42296
1.41737
1.41051
1.40232
1.39393
1.38688
1.38092
1.37574
1.37091
1.36525
1.35847
1.35055
1.34133
1.33258
1.32581
1.32039
1.31632
1.31264
1.30818
1.30304
1.29684
1.28869
1.27902
1.27081
1.26511
1.26117
1.25881
1.25544
1.25105
1.24668
1.2416
1.23492
1.22521
1.21648
1.21424
1.21367
1.21406
1.21675
1.22373
1.23086
1.24068
1.25027
1.25868
1.27467
1.28718
1.30014
1.31776
1.33001
1.3465
1.35955
1.36504
1.37126
1.37248
1.37118
1.36582
1.36278
1.36242
1.36291
1.36593
1.36685
1.36427
1.36059
1.35561
1.34869
1.33921
1.33119
1.32758
1.3249
1.3224
1.3206
1.31843
1.31549
1.31222
1.30821
1.30187
1.2948
1.29155
1.28945
1.28786
1.28688
1.28587
1.28447
1.50698
1.50188
1.49616
1.49025
1.48422
1.47818
1.47204
1.46551
1.45865
1.45177
1.4453
1.43968
1.43492
1.43077
1.42682
1.4225
1.41732
1.41093
1.40345
1.39621
1.39024
1.38515
1.38046
1.37534
1.36926
1.3622
1.35384
1.34452
1.33739
1.33208
1.32702
1.3224
1.31835
1.31421
1.30923
1.30274
1.29493
1.28849
1.28358
1.27939
1.27587
1.27369
1.27298
1.27214
1.27066
1.27067
1.27078
1.27391
1.28257
1.29127
1.30522
1.32323
1.3373
1.35594
1.37228
1.37928
1.39016
1.39897
1.40004
1.40339
1.40719
1.4097
1.41251
1.41286
1.41289
1.41046
1.40546
1.3985
1.38997
1.38434
1.3814
1.37866
1.37572
1.37342
1.37102
1.36819
1.36513
1.36167
1.35681
1.34887
1.34126
1.33768
1.33493
1.33266
1.33182
1.33079
1.32826
1.32542
1.32184
1.31579
1.30743
1.30328
1.30177
1.3012
1.3012
1.30023
1.50409
1.50014
1.49527
1.48958
1.48363
1.47781
1.47229
1.46707
1.4615
1.45543
1.44917
1.44305
1.43771
1.43336
1.4297
1.42617
1.42213
1.41715
1.41089
1.40382
1.39764
1.39249
1.38783
1.38312
1.37747
1.37084
1.36323
1.35473
1.34665
1.34045
1.33597
1.33227
1.32879
1.32576
1.32359
1.32123
1.31788
1.31395
1.31432
1.31575
1.31918
1.32735
1.33836
1.35385
1.36792
1.37631
1.38769
1.39993
1.40705
1.41564
1.42703
1.43622
1.44453
1.45289
1.45734
1.45682
1.45425
1.44922
1.44489
1.44346
1.4422
1.44231
1.43989
1.43551
1.43053
1.42449
1.4175
1.41006
1.40295
1.39688
1.39245
1.38931
1.38672
1.38457
1.38266
1.38069
1.37839
1.37545
1.37098
1.3635
1.35616
1.35266
1.34995
1.34775
1.34677
1.34541
1.34275
1.33979
1.33601
1.32954
1.32134
1.31776
1.31621
1.31539
1.31508
1.31378
1.50029
1.49719
1.4932
1.48832
1.48267
1.47714
1.47207
1.46754
1.46324
1.45829
1.45266
1.44653
1.44048
1.43566
1.43197
1.42878
1.42529
1.42107
1.41573
1.40907
1.4026
1.39757
1.39313
1.38892
1.38433
1.37892
1.37266
1.36517
1.35831
1.35472
1.35242
1.353
1.35512
1.35994
1.36885
1.37702
1.38714
1.39909
1.41061
1.42422
1.43789
1.44971
1.46196
1.47472
1.48257
1.48599
1.48598
1.48346
1.47967
1.47903
1.47991
1.4836
1.48677
1.48563
1.48317
1.47754
1.46803
1.46174
1.45851
1.45598
1.45487
1.45285
1.44853
1.44356
1.43766
1.43077
1.42368
1.41768
1.41386
1.4108
1.40787
1.40517
1.40275
1.40048
1.39817
1.39565
1.39261
1.38857
1.38269
1.37584
1.37131
1.36817
1.36525
1.36286
1.36064
1.35784
1.35483
1.35139
1.3465
1.33903
1.33349
1.33137
1.32973
1.32847
1.32701
1.32485
1.49644
1.49366
1.49025
1.48613
1.48119
1.4759
1.47127
1.46714
1.4635
1.45958
1.45479
1.44918
1.4429
1.43748
1.43353
1.43034
1.42717
1.42347
1.41903
1.41336
1.40765
1.40368
1.40066
1.39858
1.39763
1.39697
1.3968
1.39795
1.40256
1.41082
1.42311
1.43903
1.4532
1.46962
1.48322
1.49335
1.50493
1.51187
1.51882
1.52588
1.52862
1.53075
1.53154
1.531
1.52975
1.52671
1.52191
1.51621
1.51112
1.50818
1.50643
1.50537
1.50296
1.49926
1.49394
1.48541
1.47497
1.46983
1.46659
1.46441
1.46347
1.46062
1.4564
1.45113
1.44396
1.43679
1.43208
1.4288
1.42645
1.42456
1.42248
1.4202
1.4178
1.41499
1.41146
1.40686
1.40111
1.39604
1.39252
1.38941
1.3862
1.38279
1.37906
1.3751
1.37143
1.36807
1.36473
1.36107
1.35646
1.35063
1.34624
1.34384
1.34168
1.33942
1.33691
1.33409
1.49303
1.49015
1.48712
1.48344
1.47908
1.47402
1.46947
1.46578
1.46259
1.45937
1.4554
1.45065
1.44496
1.43959
1.43591
1.43334
1.43154
1.43018
1.42798
1.42763
1.42824
1.43236
1.44054
1.45236
1.46643
1.47956
1.49295
1.5054
1.51617
1.52763
1.54098
1.55122
1.55759
1.56332
1.56323
1.55974
1.55757
1.55707
1.55802
1.55786
1.55527
1.55133
1.54606
1.54058
1.53639
1.53335
1.53062
1.5267
1.52229
1.51796
1.51464
1.51186
1.5087
1.5048
1.4997
1.4928
1.48685
1.48312
1.47987
1.47679
1.47334
1.46947
1.46514
1.46014
1.45406
1.44775
1.44353
1.44062
1.43825
1.43628
1.43428
1.43173
1.42871
1.42504
1.41979
1.41276
1.40785
1.40491
1.40271
1.40056
1.39752
1.39415
1.38994
1.38406
1.37875
1.37536
1.37239
1.36936
1.36617
1.36275
1.35887
1.35441
1.3504
1.34725
1.34428
1.34114
1.48996
1.4871
1.48415
1.48061
1.47647
1.47166
1.46747
1.46434
1.46187
1.45979
1.45738
1.45465
1.45114
1.45072
1.45208
1.45753
1.46723
1.47932
1.4925
1.5071
1.52163
1.53664
1.55097
1.5662
1.57944
1.58629
1.58959
1.59078
1.59164
1.59338
1.59634
1.59874
1.59737
1.59403
1.58917
1.58358
1.57946
1.57678
1.57521
1.57201
1.5671
1.56077
1.55271
1.54482
1.53994
1.53667
1.53484
1.53231
1.52861
1.5238
1.51859
1.51515
1.51245
1.50955
1.50605
1.50202
1.4975
1.49323
1.48966
1.48641
1.48311
1.47952
1.47563
1.47134
1.46632
1.4602
1.45481
1.45139
1.44882
1.44662
1.4439
1.44071
1.43702
1.43211
1.4251
1.4192
1.41599
1.41341
1.41144
1.40897
1.40596
1.40253
1.39797
1.39116
1.38511
1.38202
1.37951
1.37706
1.37441
1.37147
1.36798
1.36336
1.35783
1.35346
1.35019
1.34706
1.48684
1.48447
1.48176
1.47856
1.47484
1.47155
1.46977
1.47004
1.4719
1.47684
1.48459
1.49511
1.50848
1.52499
1.54211
1.55975
1.57705
1.59159
1.60385
1.61182
1.61708
1.6218
1.62496
1.62824
1.62807
1.62519
1.62104
1.61632
1.61178
1.60855
1.60668
1.60546
1.60254
1.59827
1.59279
1.58746
1.58365
1.58068
1.57909
1.57705
1.57303
1.56772
1.56059
1.55387
1.54938
1.54618
1.54401
1.54079
1.53634
1.5305
1.52391
1.51968
1.51693
1.51492
1.51229
1.50887
1.50453
1.49922
1.49508
1.49212
1.48975
1.48706
1.48369
1.47978
1.47482
1.46851
1.46357
1.46035
1.4576
1.45481
1.45159
1.44792
1.44353
1.43755
1.43104
1.42724
1.42431
1.42163
1.41877
1.41562
1.4122
1.40812
1.4024
1.39576
1.39195
1.3893
1.3867
1.38394
1.38096
1.37765
1.37365
1.36841
1.36276
1.35882
1.35581
1.35288
1.48571
1.48576
1.48631
1.48757
1.49194
1.50042
1.51378
1.53149
1.55147
1.5715
1.59038
1.60724
1.62204
1.6336
1.64186
1.6485
1.652
1.65047
1.64798
1.64693
1.64732
1.64656
1.64301
1.63838
1.63438
1.6316
1.62973
1.62631
1.62118
1.61537
1.61067
1.6075
1.6046
1.60024
1.59479
1.58914
1.5852
1.58224
1.58063
1.57893
1.57568
1.57148
1.56591
1.56108
1.55763
1.55507
1.553
1.54944
1.54459
1.53829
1.53155
1.52706
1.5239
1.52155
1.51852
1.51466
1.5097
1.50373
1.49959
1.49674
1.49456
1.49198
1.48858
1.48444
1.47881
1.47294
1.46927
1.46641
1.46383
1.46075
1.45718
1.45292
1.44725
1.44112
1.43726
1.43427
1.43138
1.42833
1.42507
1.42149
1.41726
1.41151
1.40495
1.40106
1.39837
1.39585
1.39309
1.39003
1.38669
1.38273
1.37732
1.3711
1.36694
1.36396
1.36116
1.35833
1.51173
1.52803
1.54797
1.56868
1.58969
1.60997
1.62885
1.64521
1.65844
1.66725
1.67105
1.67203
1.67329
1.67512
1.676
1.67333
1.66824
1.66231
1.65791
1.65513
1.65414
1.65138
1.64717
1.64167
1.63744
1.63478
1.63344
1.63084
1.62621
1.62055
1.61553
1.61159
1.60846
1.60434
1.59901
1.59307
1.58837
1.5851
1.58311
1.58121
1.57812
1.57416
1.5691
1.56493
1.56188
1.55965
1.55766
1.55414
1.54952
1.54361
1.53789
1.53388
1.5308
1.52802
1.52444
1.52012
1.51451
1.50866
1.50482
1.50184
1.49919
1.49592
1.49199
1.48702
1.48087
1.47632
1.47315
1.47042
1.46746
1.46403
1.46006
1.45486
1.44895
1.44507
1.44198
1.43888
1.43568
1.43236
1.4288
1.42478
1.41956
1.41344
1.40931
1.40642
1.40359
1.40073
1.39768
1.39441
1.39077
1.38627
1.38023
1.37477
1.37144
1.36853
1.36567
1.36278
1.62294
1.64647
1.66512
1.67693
1.68205
1.68531
1.68896
1.69254
1.6916
1.68746
1.68261
1.67927
1.6771
1.67671
1.67511
1.67117
1.66579
1.66084
1.65685
1.65434
1.65264
1.64907
1.64433
1.64
1.63705
1.63513
1.63346
1.63043
1.62642
1.62222
1.61829
1.61475
1.61154
1.60768
1.60292
1.59761
1.59281
1.58904
1.58629
1.58382
1.58039
1.57609
1.57102
1.56684
1.56363
1.56118
1.55869
1.55501
1.55048
1.54499
1.54031
1.53684
1.53412
1.53128
1.52763
1.5232
1.51761
1.51265
1.50904
1.50588
1.5025
1.4986
1.49406
1.4883
1.48289
1.4793
1.47622
1.47308
1.46962
1.46572
1.46079
1.45497
1.45095
1.44792
1.44492
1.44169
1.43827
1.43451
1.42993
1.42434
1.41954
1.41625
1.41335
1.41036
1.40723
1.40389
1.4003
1.39658
1.3926
1.38801
1.38271
1.37805
1.37468
1.37166
1.36868
1.36566
1.70184
1.70702
1.70622
1.70424
1.70242
1.7004
1.69848
1.69534
1.69121
1.687
1.68305
1.67992
1.67777
1.67578
1.67266
1.6686
1.66452
1.66093
1.65765
1.65457
1.65058
1.64596
1.64185
1.63877
1.63646
1.63369
1.63039
1.62725
1.62457
1.6218
1.61842
1.61471
1.61108
1.60796
1.60486
1.6009
1.59647
1.59218
1.58855
1.58545
1.58192
1.57758
1.57264
1.56813
1.56447
1.56145
1.55828
1.55431
1.54962
1.54433
1.54014
1.53694
1.53434
1.53135
1.52768
1.52319
1.51802
1.514
1.51067
1.50744
1.50378
1.49965
1.49471
1.48908
1.48494
1.48164
1.4784
1.47491
1.47113
1.46673
1.46108
1.45607
1.45279
1.44981
1.44667
1.44323
1.43957
1.43529
1.42969
1.42454
1.42138
1.41852
1.41552
1.41235
1.409
1.40536
1.40128
1.39695
1.39278
1.38879
1.38489
1.38096
1.37702
1.37333
1.37002
1.36687
1.71129
1.70608
1.70176
1.69921
1.6987
1.6979
1.69476
1.69039
1.686
1.68237
1.68023
1.67888
1.67593
1.67211
1.6683
1.66534
1.66328
1.66175
1.65881
1.65443
1.64942
1.64495
1.64153
1.63921
1.6361
1.6319
1.62764
1.62441
1.62222
1.62003
1.61663
1.61265
1.60903
1.60612
1.60392
1.601
1.59707
1.59271
1.58879
1.5855
1.58229
1.57829
1.57359
1.56883
1.56478
1.56134
1.55784
1.55369
1.54892
1.54374
1.53963
1.53638
1.5335
1.5302
1.52637
1.52179
1.51717
1.51359
1.51032
1.50692
1.50318
1.49898
1.49392
1.48911
1.48562
1.48248
1.47926
1.47574
1.47185
1.46723
1.46165
1.4573
1.45407
1.45096
1.44766
1.44406
1.44014
1.43555
1.43028
1.42604
1.42281
1.41969
1.41655
1.41334
1.40989
1.40584
1.40096
1.39633
1.39269
1.3894
1.38608
1.38247
1.37826
1.37377
1.3701
1.36704
1.71539
1.70978
1.70471
1.70113
1.69965
1.69872
1.69524
1.69036
1.68547
1.68159
1.6793
1.67783
1.67455
1.67047
1.66667
1.66387
1.66214
1.66135
1.65888
1.6549
1.65025
1.64623
1.64314
1.64088
1.63737
1.6328
1.62847
1.62505
1.62264
1.62
1.61616
1.61165
1.60757
1.60445
1.60235
1.59978
1.59604
1.59188
1.58821
1.58505
1.58185
1.57792
1.57332
1.56864
1.56461
1.56115
1.55786
1.5539
1.54936
1.54424
1.53986
1.53634
1.533
1.5293
1.52505
1.52053
1.51671
1.51325
1.50977
1.50609
1.50218
1.49769
1.4925
1.48832
1.48506
1.48218
1.47922
1.47595
1.47246
1.46845
1.46336
1.45791
1.45403
1.45085
1.4478
1.4445
1.44092
1.43706
1.43308
1.4293
1.42571
1.4221
1.41808
1.41321
1.40811
1.40408
1.4007
1.39754
1.39451
1.39149
1.38833
1.38482
1.38043
1.3749
1.37008
1.36683
1.73339
1.72684
1.72085
1.71602
1.7131
1.71157
1.70728
1.70174
1.69638
1.6918
1.68871
1.68647
1.6825
1.67789
1.67372
1.67057
1.66859
1.66789
1.66564
1.66183
1.65743
1.6536
1.65055
1.64824
1.64483
1.64041
1.63608
1.63243
1.62965
1.62652
1.62231
1.61746
1.61285
1.60912
1.60631
1.60351
1.59964
1.59568
1.59221
1.5891
1.58571
1.58175
1.57734
1.57314
1.56948
1.56638
1.56368
1.56014
1.55593
1.55116
1.54694
1.54333
1.53967
1.53566
1.53142
1.52758
1.52413
1.52072
1.51711
1.51335
1.50927
1.50457
1.4993
1.49503
1.49163
1.48868
1.48588
1.4826
1.47901
1.47496
1.46984
1.4641
1.46005
1.45687
1.45377
1.45064
1.44742
1.44402
1.44036
1.43646
1.43243
1.42811
1.42296
1.41737
1.41348
1.41051
1.40767
1.40477
1.40168
1.39844
1.39492
1.39062
1.38481
1.37876
1.37507
1.3724
1.76794
1.76093
1.75392
1.74772
1.74302
1.73922
1.73491
1.72999
1.72503
1.72066
1.7174
1.71398
1.7089
1.70331
1.69814
1.69381
1.69078
1.68972
1.68801
1.68372
1.67891
1.67443
1.67049
1.66699
1.66339
1.65946
1.65543
1.65181
1.64903
1.64558
1.64091
1.63558
1.62996
1.62507
1.62077
1.61712
1.61399
1.61078
1.6071
1.60311
1.59889
1.59438
1.58969
1.58542
1.58162
1.57833
1.57585
1.57296
1.5689
1.56444
1.55974
1.55507
1.55045
1.54584
1.54158
1.53782
1.53455
1.53171
1.52823
1.52428
1.52007
1.51528
1.50962
1.50429
1.50037
1.49695
1.49407
1.49146
1.48815
1.48446
1.48052
1.47596
1.47037
1.46453
1.46017
1.45673
1.45355
1.45074
1.44821
1.44517
1.44182
1.43825
1.43409
1.42863
1.42207
1.41704
1.41359
1.41042
1.40747
1.40473
1.40182
1.39874
1.39543
1.39159
1.38644
1.37995
1.82268
1.817
1.81055
1.80376
1.79701
1.79073
1.78542
1.78127
1.77803
1.77493
1.77064
1.76451
1.75709
1.74949
1.74237
1.73625
1.73162
1.72861
1.7267
1.72334
1.71754
1.71139
1.70523
1.69925
1.69368
1.68872
1.68469
1.68201
1.68066
1.67713
1.67151
1.66532
1.65849
1.65213
1.64655
1.64174
1.63813
1.63624
1.63406
1.62936
1.6242
1.61862
1.61258
1.60691
1.60192
1.59749
1.59401
1.592
1.58949
1.58494
1.58009
1.57482
1.56894
1.56287
1.55766
1.55317
1.54929
1.5465
1.54448
1.54085
1.5365
1.53182
1.52629
1.51977
1.51409
1.50981
1.50599
1.50287
1.50045
1.4971
1.4931
1.48891
1.48427
1.47866
1.47226
1.46734
1.46361
1.46017
1.45727
1.45469
1.45135
1.44775
1.44401
1.43988
1.43464
1.42812
1.423
1.41947
1.41616
1.41288
1.40953
1.40614
1.40272
1.39926
1.39552
1.39097
1.86369
1.85876
1.85118
1.84339
1.83591
1.82962
1.82556
1.82409
1.82333
1.82182
1.81616
1.80717
1.79777
1.78868
1.78058
1.77419
1.76993
1.76803
1.76715
1.76452
1.75678
1.74823
1.73936
1.73114
1.72382
1.7179
1.71427
1.71408
1.71469
1.71071
1.70281
1.69471
1.68617
1.67834
1.67138
1.66526
1.66093
1.66045
1.66088
1.65635
1.64955
1.6425
1.63454
1.62681
1.62037
1.61459
1.60983
1.60801
1.60826
1.60435
1.59849
1.59249
1.58546
1.5778
1.57157
1.56642
1.56174
1.55842
1.55776
1.5558
1.55101
1.54613
1.54046
1.53317
1.52596
1.52086
1.51647
1.51264
1.51013
1.5081
1.50427
1.49996
1.4954
1.48991
1.48295
1.47669
1.47243
1.46863
1.46515
1.46248
1.45983
1.45621
1.45246
1.44842
1.44343
1.43677
1.43055
1.42646
1.42287
1.41938
1.41609
1.41273
1.4093
1.40582
1.40209
1.39763
1.87754
1.87239
1.86546
1.8583
1.85198
1.847
1.84522
1.84564
1.84675
1.84583
1.83835
1.82836
1.8185
1.80914
1.80114
1.79542
1.79291
1.79248
1.79278
1.78873
1.77871
1.76853
1.75878
1.74979
1.74225
1.73714
1.73604
1.73697
1.73765
1.7311
1.7217
1.71203
1.70268
1.69446
1.68695
1.68069
1.67756
1.67855
1.67952
1.674
1.66606
1.65757
1.64808
1.63955
1.63252
1.62608
1.6211
1.62027
1.6212
1.61715
1.6105
1.60367
1.59548
1.58669
1.57992
1.57428
1.56911
1.56554
1.56536
1.56383
1.5585
1.55325
1.54729
1.53956
1.53172
1.52624
1.52156
1.5174
1.51465
1.51291
1.50926
1.50482
1.50014
1.49455
1.48729
1.48062
1.47622
1.4723
1.46862
1.46581
1.46354
1.46006
1.45623
1.45221
1.44728
1.44044
1.43364
1.4293
1.42563
1.42203
1.4187
1.41555
1.41206
1.40854
1.40485
1.40053
)
;

boundaryField
{
    inlet
    {
        type            fixedValue;
        value           uniform 1;
    }
    outlet
    {
        type            inletOutlet;
        inletValue      nonuniform 0();
        value           nonuniform 0();
    }
    bottom
    {
        type            symmetryPlane;
    }
    top
    {
        type            symmetryPlane;
    }
    obstacle
    {
        type            zeroGradient;
    }
    defaultFaces
    {
        type            empty;
    }
    procBoundary2to0
    {
        type            processor;
        value           nonuniform List<scalar> 
192
(
1
1
1
1
1
1
1
1
1
1
1
1
1
1
1
1
1
1
1
1
1
1
1
1
1
1
1
1
1
1
1
1
1
1
1
1
1
1
1
1
1.00097
1.08427
1.48052
1.65205
1.67057
1.67007
1.67172
1.67422
1.67702
1.67853
1.68019
1.68205
1.68212
1.68145
1.67912
1.67536
1.67218
1.67116
1.67161
1.67331
1.6757
1.67756
1.6781
1.67771
1.67599
1.67284
1.66976
1.66738
1.66573
1.66513
1.66495
1.66353
1.6611
1.65754
1.6537
1.65053
1.64756
1.64463
1.64145
1.63729
1.63216
1.62682
1.62141
1.61604
1.61097
1.60551
1.59933
1.59075
1.58116
1.57093
1.56054
1.55017
1.54014
1.53138
1.52304
1.51249
1.50057
1.48755
1.47398
1.46149
1.44884
1.43561
1.42418
1.41298
1.40085
1.38856
1.37493
1.36081
1.3492
1.33863
1.32646
1.31158
1.29992
1.29111
1.28059
1.26807
1.25824
1.25067
1.24198
1.23041
1.2175
1.20805
1.19897
1.18932
1.17748
1.16928
1.1656
1.16107
1.15379
1.14595
1.14019
1.13301
1.12348
1.11039
1.09997
1.09629
1.09308
1.08914
1.08249
1.07537
1.07114
1.06572
1.05895
1.05071
1.04653
1.0442
1.04089
1.03655
1.03013
1.02094
1.01718
1.01492
1.01131
1.00783
1.00605
1.00427
1.00136
0.996724
0.988804
0.978936
0.975366
0.973642
0.972027
0.970624
0.968987
0.966221
0.962122
0.956916
0.949869
0.943995
0.942455
0.942045
0.941336
0.93978
0.938349
0.936583
0.931635
0.924805
0.923957
0.924751
0.927723
0.933468
0.944016
0.960213
0.974025
0.991527
1.00806
1.02689
1.05246
1.06714
1.08338
1.11007
)
;
    }
    procBoundary2to1
    {
        type            processor;
        value           nonuniform List<scalar> 8(1.18538 1.21496 1.23234 1.25 1.26646 1.28265 1.29843 1.31165);
    }
    procBoundary2to3
    {
        type            processor;
        value           nonuniform List<scalar> 
16
(
1.32219
1.33079
1.33762
1.3438
1.34991
1.35546
1.35981
1.36255
1.36371
1.36406
1.36403
1.36977
1.37515
1.38543
1.39177
1.39471
)
;
    }
}


// ************************************************************************* //
