/*--------------------------------*- C++ -*----------------------------------*\
  =========                 |
  \\      /  F ield         | OpenFOAM: The Open Source CFD Toolbox
   \\    /   O peration     | Website:  https://openfoam.org
    \\  /    A nd           | Version:  7
     \\/     M anipulation  |
\*---------------------------------------------------------------------------*/
FoamFile
{
    version     2.0;
    format      ascii;
    class       volScalarField;
    location    "1.8";
    object      rho;
}
// * * * * * * * * * * * * * * * * * * * * * * * * * * * * * * * * * * * * * //

dimensions      [1 -3 0 0 0 0 0];

internalField   nonuniform List<scalar> 
1008
(
1.21526
1.18641
1.15377
1.1211
1.09298
1.06967
1.04841
1.02796
1.00951
0.993521
0.979196
0.977364
1.01405
1.14127
1.30595
1.38405
1.38707
1.36176
1.32992
1.31554
1.30929
1.30996
1.31475
1.31067
1.30118
1.28383
1.26342
1.25016
1.24129
1.23395
1.22627
1.22205
1.22147
1.22356
1.2275
1.23115
1.23907
1.25468
1.27671
1.30142
1.3267
1.35102
1.37018
1.38397
1.39502
1.40537
1.41523
1.42413
1.43184
1.44031
1.45313
1.47001
1.47949
1.48173
1.48234
1.48041
1.47471
1.46785
1.46229
1.46052
1.4602
1.4593
1.44804
1.24788
1.21864
1.18463
1.15032
1.1214
1.09821
1.07785
1.05796
1.0361
1.01234
0.990779
0.972781
0.970612
0.99446
1.09551
1.26269
1.34263
1.33838
1.32292
1.30911
1.29959
1.29331
1.29137
1.28651
1.27917
1.26866
1.25683
1.24692
1.2382
1.22764
1.21338
1.20319
1.20153
1.20185
1.20621
1.21487
1.21903
1.22247
1.22926
1.23829
1.2492
1.26257
1.27923
1.2941
1.30472
1.31472
1.32373
1.33016
1.33494
1.34022
1.35032
1.36802
1.38311
1.38847
1.38991
1.3886
1.38352
1.37828
1.37565
1.37516
1.3768
1.38236
1.38525
1.27224
1.24658
1.21629
1.18174
1.14775
1.11999
1.09779
1.07877
1.05983
1.03758
1.01168
0.985746
0.967333
0.96535
0.977083
1.0606
1.20038
1.29471
1.31737
1.31047
1.29728
1.28486
1.27125
1.2607
1.25245
1.24774
1.24584
1.24253
1.23483
1.22336
1.20754
1.19414
1.19179
1.19278
1.19805
1.20779
1.21395
1.21846
1.22428
1.23117
1.23807
1.2462
1.25659
1.269
1.27744
1.28037
1.28214
1.28464
1.28793
1.29249
1.30138
1.31623
1.32919
1.33672
1.34075
1.3425
1.34242
1.343
1.34495
1.34744
1.35117
1.35763
1.36921
1.28698
1.2629
1.23899
1.21172
1.18024
1.14812
1.11969
1.09595
1.07537
1.05586
1.03486
1.0092
0.982603
0.964245
0.961414
0.967827
1.02796
1.15056
1.25861
1.29877
1.29669
1.2816
1.25491
1.23379
1.22844
1.22574
1.22692
1.22687
1.22226
1.21538
1.20241
1.18817
1.18479
1.18657
1.1961
1.20761
1.21491
1.22105
1.2275
1.23405
1.24023
1.24706
1.2552
1.26522
1.27478
1.2814
1.28502
1.2877
1.29055
1.29487
1.30291
1.31169
1.31766
1.32307
1.33044
1.33752
1.34147
1.34396
1.34568
1.34752
1.35041
1.35413
1.36246
1.30278
1.27722
1.25442
1.23189
1.20592
1.17535
1.14247
1.11247
1.08868
1.06854
1.04999
1.03049
1.00689
0.980296
0.96186
0.952922
0.956957
1.00687
1.11656
1.23613
1.27599
1.27239
1.24871
1.21771
1.20974
1.20716
1.20885
1.21049
1.20699
1.20252
1.19511
1.18264
1.17632
1.17749
1.18514
1.19996
1.21539
1.2273
1.23641
1.24305
1.24871
1.25368
1.25848
1.26369
1.27107
1.28166
1.2901
1.29452
1.29827
1.30367
1.31031
1.31414
1.31659
1.31936
1.32415
1.33293
1.34202
1.34667
1.34932
1.3512
1.35303
1.35544
1.36148
1.32452
1.296
1.26907
1.24476
1.22214
1.19746
1.16749
1.13429
1.1038
1.07958
1.06061
1.0448
1.02793
1.00438
0.973483
0.949499
0.938547
0.943071
0.986681
1.08851
1.20503
1.24384
1.2378
1.21014
1.19592
1.19135
1.18934
1.18856
1.18709
1.18519
1.18185
1.17384
1.16683
1.16882
1.17907
1.19739
1.21776
1.2356
1.24629
1.25213
1.25626
1.25875
1.26075
1.26428
1.26958
1.27943
1.29444
1.306
1.31114
1.31437
1.31631
1.31676
1.31727
1.31976
1.32313
1.32906
1.34062
1.35038
1.35406
1.35627
1.35789
1.35899
1.36296
1.34423
1.31618
1.28887
1.26214
1.23557
1.2093
1.18236
1.15268
1.12227
1.09562
1.0732
1.05526
1.04106
1.02535
1.00057
0.96779
0.940558
0.92855
0.931896
0.968092
1.06008
1.16905
1.20925
1.20258
1.18673
1.1749
1.16785
1.16455
1.16403
1.16443
1.16422
1.16103
1.15793
1.16278
1.17746
1.19814
1.21928
1.24075
1.25496
1.2598
1.26218
1.26265
1.26316
1.26587
1.27066
1.27877
1.29627
1.31305
1.31864
1.32052
1.32183
1.32141
1.3198
1.3214
1.32429
1.32837
1.33549
1.34682
1.35569
1.35937
1.36197
1.36376
1.36559
1.36193
1.33337
1.30667
1.2803
1.25283
1.22316
1.19125
1.1608
1.13502
1.11277
1.09181
1.07105
1.04965
1.03013
1.01284
0.989459
0.960507
0.933468
0.921927
0.924476
0.952969
1.03482
1.14013
1.18219
1.17722
1.16184
1.14969
1.14267
1.1409
1.14292
1.14496
1.14518
1.14907
1.16032
1.17909
1.20075
1.22271
1.24403
1.25997
1.26613
1.268
1.26785
1.26784
1.27038
1.27398
1.28002
1.29173
1.31008
1.3208
1.32357
1.32517
1.3261
1.32527
1.32413
1.32597
1.3284
1.3319
1.33957
1.35225
1.36123
1.36494
1.36697
1.36797
1.3826
1.35285
1.32446
1.29619
1.26642
1.23434
1.20195
1.17245
1.14717
1.12528
1.10474
1.08393
1.06233
1.04141
1.01814
0.991978
0.966348
0.943941
0.92254
0.913334
0.91642
0.943399
1.01805
1.11625
1.15053
1.14724
1.13879
1.12723
1.12137
1.12334
1.12618
1.13136
1.14309
1.16194
1.1854
1.21029
1.23109
1.24745
1.2616
1.2701
1.27269
1.27377
1.27444
1.27642
1.27937
1.28306
1.2896
1.30198
1.31825
1.32526
1.32754
1.32953
1.33072
1.3287
1.32601
1.32746
1.33009
1.33495
1.34734
1.36205
1.36673
1.36844
1.36919
1.40225
1.37025
1.33899
1.30774
1.27599
1.24435
1.21479
1.18826
1.16358
1.13934
1.11474
1.09023
1.06699
1.04512
1.02356
1.00391
0.982124
0.957458
0.93347
0.916811
0.90889
0.910309
0.930528
0.997492
1.07431
1.12031
1.12359
1.11383
1.10278
1.10338
1.10964
1.12149
1.1419
1.16926
1.20081
1.22563
1.24035
1.24999
1.2596
1.27046
1.27692
1.27945
1.28141
1.28245
1.28423
1.28666
1.28973
1.29638
1.3108
1.32582
1.33054
1.33257
1.33405
1.33329
1.32812
1.32785
1.3304
1.33403
1.34237
1.35754
1.36666
1.36875
1.36981
1.42109
1.38624
1.35029
1.31414
1.28016
1.25065
1.22547
1.2019
1.17785
1.15294
1.12789
1.10272
1.07611
1.04857
1.0235
1.00433
0.989935
0.976202
0.95996
0.936044
0.91332
0.899534
0.898235
0.916489
0.970346
1.04064
1.09261
1.09759
1.08895
1.08864
1.09712
1.11655
1.14616
1.18589
1.2224
1.24042
1.24687
1.2511
1.25697
1.26752
1.27858
1.28297
1.28534
1.28718
1.28841
1.29025
1.29252
1.29683
1.30575
1.32057
1.3309
1.33378
1.33535
1.33574
1.33292
1.33051
1.33214
1.33544
1.34139
1.35145
1.3617
1.36593
1.36806
1.43459
1.39683
1.35765
1.32043
1.28759
1.25915
1.23392
1.21029
1.18651
1.16137
1.13539
1.11002
1.08432
1.05692
1.03174
1.01243
0.995195
0.977832
0.959939
0.940071
0.914439
0.894876
0.884969
0.885386
0.901101
0.946429
1.02394
1.07665
1.07505
1.07669
1.0912
1.11967
1.16361
1.21103
1.23914
1.24753
1.24987
1.25135
1.25552
1.26374
1.27704
1.28641
1.28933
1.29145
1.29296
1.29462
1.29671
1.29954
1.30507
1.31424
1.32466
1.3319
1.33506
1.33656
1.33665
1.33588
1.33677
1.33939
1.34356
1.34914
1.3555
1.36061
1.36454
1.44263
1.40475
1.36524
1.32742
1.29435
1.2661
1.24088
1.21717
1.19414
1.171
1.14606
1.11698
1.08789
1.06662
1.05019
1.03103
1.01024
0.988725
0.967229
0.947304
0.924285
0.900234
0.884539
0.873656
0.871996
0.884724
0.933422
1.01414
1.05003
1.06649
1.09482
1.14034
1.19443
1.23356
1.24574
1.24894
1.24817
1.24957
1.25381
1.26184
1.27576
1.28754
1.29192
1.29415
1.29608
1.2981
1.30055
1.30387
1.30877
1.31458
1.31943
1.32449
1.33052
1.33547
1.33798
1.33977
1.34172
1.34469
1.34805
1.35055
1.35262
1.35486
1.36012
1.44453
1.4099
1.37397
1.33785
1.30335
1.27173
1.24365
1.21902
1.1965
1.17415
1.15014
1.12435
1.09915
1.07379
1.04633
1.01999
0.99703
0.976309
0.957025
0.942773
0.932823
0.917461
0.897981
0.877976
0.859203
0.853406
0.867988
0.92043
0.994001
1.05352
1.11801
1.18317
1.22855
1.24497
1.24761
1.24559
1.2445
1.24813
1.25419
1.26315
1.27521
1.28663
1.29334
1.29685
1.29945
1.30206
1.30498
1.30845
1.31223
1.31475
1.31707
1.31986
1.32401
1.33039
1.33779
1.34357
1.3476
1.35055
1.35195
1.35161
1.35061
1.35157
1.35604
1.44459
1.41233
1.37981
1.34631
1.31177
1.27816
1.24815
1.22189
1.19703
1.17257
1.14881
1.12699
1.10529
1.07984
1.05053
1.02043
0.993212
0.971593
0.956708
0.944761
0.930581
0.913549
0.895312
0.873873
0.850655
0.838422
0.842668
0.867703
0.932722
1.03035
1.14313
1.23165
1.2471
1.24781
1.2437
1.23874
1.24036
1.24544
1.25367
1.26414
1.27551
1.2863
1.29348
1.29791
1.30184
1.30565
1.30907
1.3116
1.3134
1.31485
1.31608
1.31782
1.32064
1.32619
1.33631
1.34652
1.35236
1.35502
1.35614
1.35421
1.34951
1.34835
1.35249
1.44207
1.41193
1.38247
1.35237
1.32068
1.28753
1.25377
1.22117
1.19135
1.16603
1.1454
1.12679
1.10761
1.08571
1.05787
1.02353
0.991702
0.970189
0.954993
0.941444
0.928114
0.915594
0.900194
0.878855
0.851264
0.828347
0.825708
0.837747
0.886643
1.00298
1.15718
1.25638
1.26588
1.26147
1.25098
1.24342
1.24421
1.24816
1.25576
1.26593
1.27681
1.28667
1.29376
1.29932
1.3047
1.30904
1.31167
1.31376
1.31499
1.31404
1.31303
1.31534
1.31862
1.32401
1.33607
1.35077
1.35606
1.35794
1.3588
1.35484
1.3463
1.34492
1.35015
)
;

boundaryField
{
    inlet
    {
        type            calculated;
        value           nonuniform 0();
    }
    outlet
    {
        type            calculated;
        value           nonuniform List<scalar> 
16
(
1.45133
1.38631
1.36886
1.36211
1.36136
1.36296
1.36576
1.36821
1.36943
1.37001
1.36811
1.3645
1.35999
1.35602
1.35253
1.3502
)
;
    }
    bottom
    {
        type            symmetryPlane;
    }
    top
    {
        type            symmetryPlane;
    }
    obstacle
    {
        type            calculated;
        value           nonuniform 0();
    }
    defaultFaces
    {
        type            empty;
    }
    procBoundary3to1
    {
        type            processor;
        value           nonuniform List<scalar> 
63
(
1.18287
1.14965
1.11263
1.08269
1.06061
1.04272
1.02687
1.011
0.997188
0.983323
0.985955
1.04958
1.19712
1.35244
1.4141
1.41395
1.39487
1.36656
1.34236
1.33281
1.3269
1.32361
1.31784
1.31035
1.30012
1.28449
1.26943
1.25974
1.25276
1.24939
1.25166
1.25877
1.26888
1.27888
1.29007
1.3062
1.32817
1.35458
1.38285
1.41324
1.44248
1.46113
1.4695
1.47373
1.47644
1.4796
1.48319
1.48871
1.49689
1.50835
1.52305
1.53503
1.53957
1.54143
1.54225
1.54143
1.53869
1.53578
1.53566
1.54013
1.54137
1.53944
1.52722
)
;
    }
    procBoundary3to2
    {
        type            processor;
        value           nonuniform List<scalar> 
16
(
1.2409
1.27251
1.29489
1.31253
1.3309
1.35393
1.37358
1.39343
1.41484
1.43532
1.45499
1.46958
1.47792
1.47854
1.47751
1.47414
)
;
    }
}


// ************************************************************************* //
