/*--------------------------------*- C++ -*----------------------------------*\
  =========                 |
  \\      /  F ield         | OpenFOAM: The Open Source CFD Toolbox
   \\    /   O peration     | Website:  https://openfoam.org
    \\  /    A nd           | Version:  7
     \\/     M anipulation  |
\*---------------------------------------------------------------------------*/
FoamFile
{
    version     2.0;
    format      ascii;
    class       volScalarField;
    location    "1.6";
    object      p;
}
// * * * * * * * * * * * * * * * * * * * * * * * * * * * * * * * * * * * * * //

dimensions      [1 -1 -2 0 0 0 0];

internalField   nonuniform List<scalar> 
1008
(
2.31283
2.25779
2.19295
2.11136
2.22347
3.43953
5.96375
6.87742
6.60744
6.36409
6.03205
5.757
5.60944
5.50785
5.43218
5.33327
5.20455
5.07866
4.94216
4.71567
4.51163
4.39308
4.31561
4.31611
4.39004
4.47522
4.56175
4.61746
4.65183
4.64916
4.60674
4.52396
4.43597
4.36104
4.31225
4.255
4.22603
4.20165
4.12509
4.06163
4.02224
3.96534
3.88754
3.81139
3.7157
3.58654
3.48324
3.43782
3.41162
3.3966
3.41541
3.49295
3.71762
4.09655
4.64926
5.10799
5.56675
5.83886
6.00282
6.16929
6.25755
6.39964
6.36792
2.46024
2.39553
2.3239
2.43706
3.76738
6.72932
7.75328
7.37296
6.87642
6.47612
6.13117
5.93843
5.78299
5.62644
5.46831
5.31939
5.17782
5.04286
4.90729
4.7521
4.58604
4.4197
4.24255
4.09914
4.01527
3.96916
3.96789
3.99392
4.01943
4.06422
4.1074
4.14281
4.1321
4.08063
4.04954
4.02299
3.97136
3.92571
3.89974
3.91703
3.93721
3.89753
3.82847
3.75299
3.66992
3.55394
3.43815
3.37888
3.34378
3.3167
3.29109
3.27501
3.25143
3.23489
3.3199
3.5188
3.87034
4.39647
4.89094
5.344
5.62554
5.87174
5.99794
2.59903
2.53742
2.6577
3.99534
7.30527
8.52041
8.18775
7.58043
7.02761
6.64021
6.38786
6.17157
5.96101
5.74046
5.51784
5.34893
5.20497
5.0782
4.97122
4.85844
4.73153
4.58059
4.37285
4.10106
3.92753
3.84869
3.78905
3.72781
3.67327
3.65958
3.70274
3.73869
3.70948
3.64919
3.62201
3.57771
3.55405
3.56528
3.58504
3.61139
3.64095
3.66389
3.63608
3.60752
3.5737
3.48835
3.38079
3.32232
3.28543
3.25527
3.21667
3.19362
3.16704
3.13837
3.09857
3.02687
2.99061
3.07589
3.31737
3.77561
4.29941
4.79584
5.3418
2.74824
2.87827
4.35686
7.79272
9.28271
8.95393
8.34321
7.74029
7.34809
7.02513
6.70457
6.42372
6.17139
5.91849
5.66257
5.47356
5.32563
5.19072
5.07553
4.95708
4.81705
4.67433
4.52008
4.31833
4.07714
3.87916
3.75333
3.66368
3.58624
3.53737
3.50529
3.47754
3.45207
3.43625
3.38342
3.26857
3.16983
3.14951
3.15021
3.16908
3.21176
3.26966
3.33994
3.37236
3.338
3.26794
3.19049
3.1223
3.0961
3.08838
3.10263
3.14305
3.14036
3.10201
3.05144
2.98138
2.88883
2.77919
2.75401
2.79471
2.95652
3.22101
3.93999
3.14708
4.83889
8.48083
10.0993
9.72547
9.05966
8.3453
7.88452
7.64846
7.37156
7.06245
6.7528
6.44699
6.1427
5.82789
5.57226
5.40761
5.26362
5.13002
5.01715
4.89247
4.76315
4.63662
4.49074
4.27995
4.01911
3.84257
3.74556
3.66786
3.58634
3.48486
3.40782
3.34774
3.29119
3.2393
3.14165
3.00663
2.93697
2.91407
2.90297
2.90008
2.90966
2.93292
2.94649
2.95391
2.95169
2.89913
2.84089
2.83582
2.84276
2.86828
2.90835
2.95684
2.98717
2.97519
2.93982
2.86212
2.74928
2.6557
2.61091
2.59049
2.59232
2.7721
5.5064
9.53121
10.9878
10.5053
9.77379
9.04635
8.41634
8.07045
7.82097
7.57516
7.31141
7.04229
6.75525
6.44443
6.10541
5.77617
5.55382
5.39078
5.24314
5.10458
4.96009
4.81956
4.69093
4.5719
4.43457
4.21917
3.95889
3.79707
3.7098
3.63376
3.55337
3.47686
3.40986
3.3451
3.26834
3.1623
2.99083
2.83256
2.77224
2.75085
2.7366
2.72399
2.71267
2.71493
2.70532
2.67492
2.61485
2.52545
2.48324
2.48759
2.51186
2.56435
2.65822
2.74751
2.77121
2.76645
2.73042
2.64685
2.54188
2.49544
2.48125
2.46259
2.47147
10.8596
12.0935
11.4422
10.5278
9.78597
9.11711
8.63358
8.29115
7.99304
7.70707
7.43274
7.17865
6.93599
6.6809
6.39553
6.06741
5.73342
5.52048
5.37147
5.2255
5.07356
4.91978
4.77205
4.63599
4.51089
4.35815
4.11548
3.88578
3.76946
3.68896
3.61511
3.54473
3.47684
3.41318
3.34897
3.26983
3.14139
2.93593
2.76294
2.6988
2.66613
2.64025
2.62283
2.6141
2.59649
2.56084
2.52598
2.43861
2.30839
2.27633
2.27278
2.28034
2.31765
2.39877
2.46718
2.48159
2.46838
2.4131
2.34385
2.33633
2.34624
2.35742
2.35602
13.37
12.5623
11.4623
10.5639
9.937
9.34806
8.86272
8.4876
8.14586
7.83625
7.54248
7.28099
7.05181
6.82096
6.57743
6.3053
5.97527
5.65628
5.4569
5.31054
5.16908
5.02595
4.88927
4.75824
4.62499
4.4754
4.26238
3.98929
3.80485
3.71902
3.65508
3.58869
3.52516
3.4702
3.40826
3.33156
3.22508
3.05584
2.86735
2.77344
2.72633
2.68052
2.63689
2.5993
2.55734
2.51265
2.46284
2.38002
2.25003
2.18833
2.1822
2.17761
2.17454
2.18459
2.20091
2.19963
2.18446
2.1531
2.10038
2.0782
2.08453
2.11243
2.17815
13.6723
12.5007
11.4407
10.7221
10.1709
9.63587
9.13658
8.69732
8.29393
7.94902
7.65521
7.39544
7.16522
6.93686
6.69811
6.44335
6.14802
5.80976
5.52817
5.3561
5.22012
5.08565
4.96021
4.84073
4.70949
4.56229
4.37735
4.12053
3.88613
3.76813
3.69605
3.62896
3.56589
3.51353
3.45888
3.38742
3.28305
3.12456
2.93016
2.81745
2.77163
2.73124
2.69322
2.6561
2.61081
2.55607
2.4881
2.38688
2.23915
2.1458
2.12953
2.12359
2.11938
2.11339
2.10153
2.08809
2.06594
2.02138
1.94434
1.89345
1.89211
1.90024
1.94984
13.678
12.5657
11.66
11.017
10.4547
9.92169
9.42906
8.97789
8.53256
8.12167
7.79719
7.52841
7.29414
7.06903
6.83291
6.57671
6.2839
5.95054
5.62956
5.40448
5.25835
5.13242
5.02051
4.91908
4.80641
4.66653
4.4877
4.24685
3.96253
3.79413
3.7343
3.68154
3.61944
3.56324
3.50833
3.43742
3.3372
3.18643
2.97717
2.84451
2.80092
2.76279
2.71032
2.67432
2.64701
2.60772
2.54281
2.43805
2.29463
2.16872
2.12607
2.11462
2.10154
2.08499
2.0707
2.05689
2.03696
1.99388
1.89448
1.80841
1.79368
1.78749
1.78821
13.3697
12.4602
11.7238
11.1593
10.6356
10.1382
9.66164
9.21131
8.76465
8.3208
7.94608
7.64544
7.38266
7.14527
6.91647
6.67469
6.39898
6.08329
5.75056
5.46903
5.2871
5.16033
5.05542
4.9596
4.85698
4.72925
4.55881
4.32981
4.05534
3.82593
3.71766
3.66417
3.61305
3.57035
3.52966
3.47267
3.38286
3.2508
3.06182
2.88388
2.82738
2.79552
2.75617
2.71742
2.68589
2.64857
2.59126
2.49161
2.32191
2.18185
2.15088
2.1344
2.11478
2.09531
2.07911
2.06624
2.04955
2.00423
1.89
1.79369
1.7733
1.76509
1.75724
13.3902
12.5073
11.8341
11.3068
10.8092
10.3419
9.8862
9.4284
8.96005
8.49958
8.09878
7.76747
7.48324
7.23334
6.99843
6.76173
6.50356
6.20513
5.87541
5.56424
5.33185
5.17638
5.06856
4.98217
4.89603
4.7882
4.62182
4.38264
4.10489
3.87494
3.75997
3.70893
3.67265
3.63045
3.5753
3.50592
3.4081
3.25556
3.08525
2.96739
2.92221
2.89794
2.86636
2.82606
2.79021
2.75731
2.71123
2.60837
2.40726
2.28902
2.26447
2.24231
2.21701
2.19355
2.17101
2.14703
2.11001
2.03021
1.90065
1.81472
1.79155
1.78153
1.75962
13.552
12.7486
12.1156
11.5877
11.0563
10.5464
10.0578
9.56645
9.06955
8.59833
8.20462
7.89075
7.62686
7.38572
7.14032
6.87975
6.6039
6.3147
6.02279
5.74183
5.48992
5.28169
5.12276
5.00015
4.89672
4.80711
4.7174
4.57025
4.30514
4.02311
3.85102
3.77161
3.73874
3.71631
3.68463
3.62612
3.52635
3.37809
3.15493
2.91683
2.84507
2.82512
2.80018
2.76684
2.73161
2.69735
2.65262
2.55776
2.37429
2.25286
2.2218
2.1977
2.1741
2.15103
2.12689
2.10117
2.06845
2.01118
1.90701
1.80394
1.75441
1.73851
1.71451
13.5357
12.8348
12.2377
11.6981
11.1557
10.626
10.1223
9.63089
9.13331
8.64583
8.22861
7.90376
7.64537
7.41654
7.18487
6.93733
6.67627
6.39776
6.08131
5.74088
5.46071
5.27441
5.14547
5.04348
4.94926
4.84809
4.72047
4.53367
4.27029
4.02443
3.88686
3.80497
3.75173
3.70858
3.65898
3.5923
3.49968
3.36137
3.14517
2.91789
2.85391
2.83391
2.81098
2.78249
2.75015
2.71466
2.66668
2.5708
2.38938
2.26238
2.22884
2.20545
2.18407
2.16106
2.13499
2.10747
2.07556
2.02685
1.93652
1.82276
1.75906
1.73942
1.7123
14.3
13.5871
12.9914
12.4237
11.8453
11.287
10.7572
10.223
9.65453
9.0828
8.59555
8.23448
7.96692
7.73862
7.51118
7.27264
7.01925
6.72552
6.35565
5.94196
5.61007
5.42005
5.31134
5.21597
5.10809
4.98481
4.84229
4.65162
4.37864
4.1374
4.00845
3.92237
3.85575
3.80221
3.7496
3.68574
3.59591
3.44482
3.19408
2.99821
2.95427
2.93396
2.91355
2.88861
2.85814
2.82152
2.76789
2.65957
2.46123
2.32425
2.29308
2.27656
2.2584
2.236
2.20961
2.18446
2.159
2.11864
2.03093
1.90015
1.81766
1.79198
1.75968
13.6611
12.9387
12.4137
11.9302
11.4064
10.8647
10.3396
9.81987
9.27556
8.72025
8.23156
7.86915
7.6152
7.41034
7.20637
6.98356
6.73998
6.46175
6.11274
5.70568
5.36402
5.19011
5.09686
5.00333
4.89224
4.7712
4.64137
4.46337
4.20074
3.98057
3.86858
3.78801
3.71701
3.65889
3.60994
3.55322
3.46629
3.30714
3.04939
2.87752
2.84837
2.83283
2.81736
2.79557
2.76659
2.73128
2.67734
2.56483
2.35998
2.23082
2.21101
2.19918
2.1849
2.166
2.14027
2.11714
2.09423
2.05589
1.96964
1.83751
1.75867
1.73292
1.69918
)
;

boundaryField
{
    inlet
    {
        type            fixedValue;
        value           nonuniform 0();
    }
    outlet
    {
        type            zeroGradient;
    }
    bottom
    {
        type            symmetryPlane;
    }
    top
    {
        type            symmetryPlane;
    }
    obstacle
    {
        type            zeroGradient;
    }
    defaultFaces
    {
        type            empty;
    }
    procBoundary3to1
    {
        type            processor;
        value           nonuniform List<scalar> 
63
(
2.18802
2.12175
2.05198
1.9662
1.90589
2.01501
3.01757
5.36446
6.30789
6.28855
6.10148
5.81772
5.5719
5.45909
5.4486
5.43525
5.31247
5.09544
4.9719
4.92177
4.85287
4.82546
4.86165
4.93574
5.02838
5.12139
5.18602
5.15015
5.06485
5.00111
4.90552
4.72939
4.5354
4.42153
4.35925
4.31387
4.31499
4.33118
4.26972
4.18651
4.11129
4.02953
3.91595
3.80765
3.724
3.62638
3.5831
3.56074
3.58168
3.73168
4.13162
4.71156
5.3293
5.87858
6.17524
6.30279
6.44504
6.47431
6.53564
6.63293
6.59155
6.5081
6.30158
)
;
    }
    procBoundary3to2
    {
        type            processor;
        value           nonuniform List<scalar> 
16
(
2.41854
2.56679
2.69885
2.85497
3.01971
3.52545
6.42286
12.3331
14.6551
14.9224
14.4226
14.4735
14.4746
14.3121
15.208
14.6543
)
;
    }
}


// ************************************************************************* //
