/*--------------------------------*- C++ -*----------------------------------*\
  =========                 |
  \\      /  F ield         | OpenFOAM: The Open Source CFD Toolbox
   \\    /   O peration     | Website:  https://openfoam.org
    \\  /    A nd           | Version:  7
     \\/     M anipulation  |
\*---------------------------------------------------------------------------*/
FoamFile
{
    version     2.0;
    format      ascii;
    class       volScalarField;
    location    "2.6";
    object      p;
}
// * * * * * * * * * * * * * * * * * * * * * * * * * * * * * * * * * * * * * //

dimensions      [1 -1 -2 0 0 0 0];

internalField   nonuniform List<scalar> 
1008
(
1
1
1
1
1
1
1
1
1
1
1
1
1
1
7.02732
27.0764
29.644
30.1203
30.6311
31.0493
31.4068
31.6884
31.9014
32.0597
1
1
1
1
1
1
1
1
1
1
1
1
1
1
6.68643
26.6684
29.6029
30.0858
30.5683
30.9578
31.2883
31.5476
31.7376
31.8859
1
1
1
1
1
1
1
1
1
1
1
1
1
1
5.69646
25.7919
29.4511
29.9264
30.416
30.7977
31.1089
31.3518
31.5154
31.6602
1
1
1
1
1
1
1
1
1
1
1
1
1
1
4.50863
24.4573
29.4279
29.7978
30.2671
30.6144
30.8833
31.0835
31.1805
31.2695
1
1
1
1
1
1
1
1
1
1
1
1
1
1
3.03801
22.3208
29.3193
29.5945
30.0456
30.3303
30.5247
30.6586
30.6936
30.7947
1
1
1
1
1
1
1
1
1
1
1
1
1
1
1.43381
19.6521
29.5852
29.2054
29.6095
29.8685
30.0397
30.1663
30.1508
30.0017
1
1
1
1
1
1
1
1
1
1
1
1
1
1
1.00698
16.2743
28.1932
28.3482
28.8007
29.0678
29.183
29.1185
28.8988
28.7372
1
1
1
1
1
1
1
1
1
1
1
1
1
1
0.999983
12.1166
26.8961
27.6776
28.0233
28.2119
28.1888
28.0252
27.6502
27.631
1
1
1
1
1
1
1
1
1
1
1
1
1
1
0.999997
7.78178
24.816
27.1804
27.4356
27.3945
27.082
26.3914
24.2895
19.1662
1
1
1
1
1
1
1
1
1
1
1
1
1
1
1
3.37987
21.4681
26.9556
26.8234
26.5713
25.9218
24.5999
22.2099
16.7139
1
1
1
1
1
1
1
1
1
1
1
1
1
1
1
1.18205
16.2627
26.1647
26.108
25.6141
24.7161
23.1374
20.6439
15.6802
1
1
1
1
1
1
1
1
1
1
1
1
1
1
1
0.99959
9.91639
23.8537
25.1637
24.5483
23.5859
22.047
19.2537
15.3123
1
1
1
1
1
1
1
1
1
1
1
1
1
1
1
0.99986
2.997
20.4551
25.1605
24.0064
22.7206
21.0606
18.5004
15.4421
1
1
1
1
1
1
1
1
1
1
1
1
1
1
1
0.99999
1.10763
14.8401
23.7272
22.5723
21.6359
20.1316
18.0197
15.5126
1
1
1
1
1
1
1
1
1
1
1
1
1
1
1
1
0.999436
5.98157
20.3273
22.1959
21.2505
19.7202
17.773
15.6087
1
1
1
1
1
1
1
1
1
1
1
1
1
1
1
1
0.999888
1.48201
14.8691
22.11
20.9673
19.5042
17.6999
15.7808
1
1
1
1
1
1
1
1
1
1
1
1
1
1
1
1
0.999992
1.0042
5.71709
18.9211
20.5305
19.1407
17.4697
15.7452
1
1
1
1
1
1
1
1
1
1
1
1
1
1
1
1
1
0.999992
1.45397
13.1502
20.8316
19.0913
17.5345
15.9028
1
1
1
1
1
1
1
1
1
1
1
1
1
1
1
1
1
0.999999
1.00359
4.16246
16.0368
18.7842
17.3828
15.9256
1
1
1
1
1
1
1
1
1
1
1
1
1
1
1
1
1
1
1
1.21609
9.01775
18.3996
17.6181
16.3022
1
1
1
1
1
1
1
1
1
1
1
1
1
1
1
1
1
1
1
1.00084
2.35547
12.8314
17.8195
16.5229
1
1
1
1
1
1
1
1
1
1
1
1
1
1
1
1
1
1
1
1
1.0384
4.52331
14.0556
16.6471
1
1
1
1
1
1
1
1
1
1
1
1
1
1
1
1
1
1
4.26581
1.21514
0.48005
0.369943
0.398988
0.550062
0.81626
1.15318
1.56788
1.8475
2.12152
2.16547
2.15369
2.26794
2.47737
2.65501
2.79537
2.80123
2.73986
2.69269
2.63271
2.583
2.56085
2.56951
2.61767
2.65461
2.64436
2.62571
2.60643
2.58813
2.57947
2.56911
2.55729
7.24568
3.68539
2.44118
1.79083
1.30378
1.24877
1.2711
1.25242
1.2246
1.26877
1.41581
1.57989
1.72209
1.89242
2.06832
2.24246
2.45067
2.54787
2.54272
2.5346
2.55458
2.57914
2.57295
2.5859
2.61692
2.63387
2.62334
2.61264
2.60457
2.58947
2.58354
2.57435
2.56522
9.58991
6.13089
4.25553
3.24737
2.48976
1.99939
1.80211
1.55082
1.34715
1.32152
1.34376
1.45496
1.62369
1.75669
1.82777
1.90755
2.07083
2.2629
2.3468
2.42236
2.50959
2.60991
2.64059
2.65944
2.66825
2.66689
2.64841
2.62575
2.60048
2.56708
2.55536
2.55097
2.55239
11.0692
8.0769
6.13324
4.67735
3.74057
3.08906
2.64686
2.28464
1.98527
1.85371
1.74129
1.64969
1.62443
1.59125
1.59551
1.61525
1.69637
1.85876
2.04634
2.17645
2.26668
2.37776
2.45714
2.50547
2.57858
2.64917
2.65693
2.65507
2.64678
2.61869
2.58127
2.56055
2.54894
12.1763
9.48013
7.64927
6.20682
4.9543
4.17638
3.5495
3.03354
2.66571
2.37311
2.15402
1.97901
1.84844
1.73586
1.63605
1.63036
1.64464
1.66429
1.72398
1.82973
1.93754
2.06667
2.22034
2.32662
2.42545
2.51349
2.53393
2.54255
2.57048
2.59417
2.5897
2.59425
2.59225
12.9372
10.63
8.71371
7.33019
6.09491
5.13331
4.4584
3.81056
3.33301
2.98601
2.6879
2.47518
2.28777
2.12257
1.96192
1.87843
1.81133
1.73525
1.71716
1.7181
1.72988
1.75766
1.84572
1.98251
2.12141
2.25758
2.33856
2.40314
2.46392
2.51416
2.53023
2.54633
2.57925
13.4262
11.4747
9.69589
8.26269
7.05856
6.00876
5.23895
4.59078
4.03209
3.61157
3.23769
2.96441
2.75348
2.54007
2.31434
2.14545
2.0086
1.88622
1.77171
1.74687
1.73577
1.7378
1.75003
1.77885
1.83003
1.90356
2.00809
2.12333
2.2255
2.33511
2.41816
2.47461
2.53074
13.786
12.0448
10.4565
8.99241
7.83991
6.85974
5.97827
5.26962
4.69699
4.20059
3.79886
3.46573
3.2033
2.94735
2.70933
2.52746
2.35803
2.19329
2.0197
1.95522
1.89999
1.83296
1.79003
1.7947
1.7703
1.74195
1.75084
1.79863
1.89888
2.03162
2.17398
2.28037
2.37317
14.0399
12.4488
10.9578
9.67855
8.58583
7.54327
6.62571
5.96191
5.35218
4.76985
4.28999
3.97849
3.65677
3.34548
3.07231
2.8844
2.69137
2.50509
2.33588
2.22314
2.1121
1.9926
1.88042
1.84005
1.79651
1.74496
1.74535
1.7566
1.77084
1.79904
1.85753
1.9652
2.08557
14.3672
12.8846
11.4298
10.2285
9.17537
8.16348
7.2561
6.56202
5.91728
5.30854
4.81052
4.43018
4.06684
3.71781
3.4512
3.23613
3.02241
2.79803
2.62671
2.51501
2.3835
2.25564
2.12389
2.04078
1.96695
1.87651
1.81436
1.80837
1.78925
1.75002
1.74535
1.76038
1.80245
14.475
13.0951
11.8528
10.7367
9.66099
8.63235
7.81989
7.10781
6.44161
5.77942
5.28151
4.85932
4.46893
4.0913
3.80908
3.57079
3.34276
3.11034
2.93761
2.79746
2.64985
2.48996
2.36296
2.26687
2.16343
2.05642
1.94848
1.89361
1.83861
1.77356
1.74645
1.7525
1.75929
14.8976
13.5217
12.3229
11.226
10.16
9.14741
8.31556
7.56129
6.89575
6.25608
5.76693
5.29505
4.86694
4.46349
4.19401
3.92326
3.67252
3.42561
3.256
3.08659
2.91361
2.74652
2.6095
2.49734
2.3752
2.25764
2.14977
2.07223
1.99488
1.90623
1.81977
1.80971
1.79412
15.0735
13.8025
12.6151
11.4636
10.4038
9.55645
8.7335
7.97058
7.2458
6.69214
6.18532
5.69807
5.24856
4.85865
4.56464
4.26155
3.97561
3.72282
3.54854
3.35314
3.16345
2.96793
2.84622
2.71659
2.58184
2.44687
2.33868
2.25561
2.15731
2.05549
1.95044
1.90849
1.86223
15.2929
13.9925
12.8653
11.7447
10.7866
9.96521
9.14346
8.35621
7.68406
7.19126
6.62896
6.13111
5.62546
5.27561
4.93032
4.6038
4.29518
4.04567
3.8362
3.61067
3.40004
3.2113
3.08335
2.93619
2.79263
2.63785
2.5402
2.45171
2.34624
2.23991
2.13551
2.07955
2.01335
)
;

boundaryField
{
    inlet
    {
        type            fixedValue;
        value           uniform 1;
    }
    outlet
    {
        type            zeroGradient;
    }
    bottom
    {
        type            symmetryPlane;
    }
    top
    {
        type            symmetryPlane;
    }
    obstacle
    {
        type            zeroGradient;
    }
    defaultFaces
    {
        type            empty;
    }
    procBoundary0to1
    {
        type            processor;
        value           nonuniform List<scalar> 
14
(
2.55612
2.56077
2.55149
2.53898
2.584
2.59201
2.5527
2.46218
2.22215
1.87482
1.75758
1.75639
1.79868
1.93437
)
;
    }
    procBoundary0to2
    {
        type            processor;
        value           nonuniform List<scalar> 
58
(
1
1
1.0001
1.25676
7.13576
14.7945
1
1
1
1
1
1
1
1
1
1
1
1
1
1
1
1
1
1
1
15.6809
14.5198
13.2828
12.1547
11.2724
10.4243
9.61168
8.76816
8.17182
7.59853
7.03273
6.49999
6.02129
5.66474
5.25963
4.90921
4.56488
4.34451
4.10641
3.86679
3.62913
3.44318
3.303
3.13449
2.98392
2.82811
2.73646
2.63609
2.52257
2.40236
2.3077
2.24757
2.16949
)
;
    }
}


// ************************************************************************* //
