/*--------------------------------*- C++ -*----------------------------------*\
  =========                 |
  \\      /  F ield         | OpenFOAM: The Open Source CFD Toolbox
   \\    /   O peration     | Website:  https://openfoam.org
    \\  /    A nd           | Version:  7
     \\/     M anipulation  |
\*---------------------------------------------------------------------------*/
FoamFile
{
    version     2.0;
    format      ascii;
    class       volScalarField;
    location    "1.5";
    object      p;
}
// * * * * * * * * * * * * * * * * * * * * * * * * * * * * * * * * * * * * * //

dimensions      [1 -1 -2 0 0 0 0];

internalField   nonuniform List<scalar> 
4608
(
1
1
1
1
1
1
1
1
1
1
1
1
1
1
1
1
1
1
1
1
1
1
1
1
1
1
1
1
1
1
1
1
1
1
1
1
1
1
1
1
1
1
1
1
1
1
1
1
1
1
1
1
1
1
1
1
1
1
1
1
1
1
1
1
1
1
1
1
1.00001
1.00405
1.06611
2.21066
5.09321
12.6832
14.3537
14.6846
14.5481
14.2725
14.1466
13.9808
13.7922
13.6015
13.4005
13.185
12.9643
12.736
12.4992
12.2518
11.9956
11.7315
11.4585
11.1806
10.9053
10.6325
10.3595
10.0847
1
1
1
1
1
1
1
1
1
1
1
1
1
1
1
1
1
1
1
1
1
1
1
1
1
1
1
1
1
1
1
1
1
1
1
1
1
1
1
1
1
1
1
1
1
1
1
1
1
1
1
1
1
1
1
1
1
1
1
1
1
1
1
1
1
1
1
1
1
1
1.00006
1.00805
1.11256
2.38816
5.22549
11.9252
13.8272
14.0771
14.0687
13.7479
13.568
13.414
13.209
13.008
12.8032
12.5903
12.3678
12.1402
11.9059
11.664
11.4163
11.1667
10.9206
10.6784
10.4344
10.1848
1
1
1
1
1
1
1
1
1
1
1
1
1
1
1
1
1
1
1
1
1
1
1
1
1
1
1
1
1
1
1
1
1
1
1
1
1
1
1
1
1
1
1
1
1
1
1
1
1
1
1
1
1
1
1
1
1
1
1
1
1
1
1
1
1
1
1
1
1
1
1
1
1.00015
1.01065
1.12611
2.29937
4.87853
10.2106
13.3099
13.4072
13.512
13.3149
13.0206
12.8698
12.6994
12.4975
12.2924
12.0824
11.864
11.638
11.409
11.1814
10.9574
10.7367
10.5136
10.2856
1
1
1
1
1
1
1
1
1
1
1
1
1
1
1
1
1
1
1
1
1
1
1
1
1
1
1
1
1
1
1
1
1
1
1
1
1
1
1
1
1
1
1
1
1
1
1
1
1
1
1
1
1
1
1
1
1
1
1
1
1
1
1
1
1
1
1
1
1
1
1
1
1
1
1.00019
1.00976
1.10666
1.94436
4.17006
7.80312
12.0953
12.8659
13.0113
13.0189
12.677
12.4071
12.2184
12.0257
11.8366
11.6492
11.4548
11.2438
11.0204
10.7971
10.5814
10.3724
1
1
1
1
1
1
1
1
1
1
1
1
1
1
1
1
1
1
1
1
1
1
1
1
1
1
1
1
1
1
1
1
1
1
1
1
1
1
1
1
1
1
1
1
1
1
1
1
1
1
1
1
1
1
1
1
1
1
1
1
1
1
1
1
1
1
1
1
1
1
1
1
1
1
1
1
1.00016
1.00581
1.07041
1.49366
3.11888
5.98306
9.92616
12.089
12.4102
12.5047
12.5383
12.1718
11.844
11.6144
11.4251
11.2536
11.0802
10.8963
10.6956
10.4819
1
1
1
1
1
1
1
1
1
1
1
1
1
1
1
1
1
1
1
1
1
1
1
1
1
1
1
1
1
1
1
1
1
1
1
1
1
1
1
1
1
1
1
1
1
1
1
1
1
1
1
1
1
1
1
1
1
1
1
1
1
1
1
1
1
1
1
1
1
1
1
1
1
1
1
1
1
1
1.00009
1.00204
1.03035
1.23926
2.14839
4.25398
7.33231
10.282
11.9151
12.1278
12.0379
11.883
11.5496
11.2809
11.1136
10.9545
10.7831
10.588
1
1
1
1
1
1
1
1
1
1
1
1
1
1
1
1
1
1
1
1
1
1
1
1
1
1
1
1
1
1
1
1
1
1
1
1
1
1
1
1
1
1
1
1
1
1
1
1
1
1
1
1
1
1
1
1
1
1
1
1
1
1
1
1
1
1
1
1
1
1
1
1
1
1
1
1
1
1
1
1
1.00002
1.00066
1.00968
1.08772
1.48942
2.71852
5.01545
8.03544
10.2967
11.3475
11.5804
11.5559
11.4899
11.2139
10.9001
10.6497
1
1
1
1
1
1
1
1
1
1
1
1
1
1
1
1
1
1
1
1
1
1
1
1
1
1
1
1
1
1
1
1
1
1
1
1
1
1
1
1
1
1
1
1
1
1
1
1
1
1
1
1
1
1
1
1
1
1
1
1
1
1
1
1
1
1
1
1
1
1
1
1
1
1
1
1
1
1
1
1
1
1
1
1.00013
1.00224
1.02379
1.16054
1.73548
3.04087
5.47223
7.98329
9.75347
10.92
11.2556
11.2223
11.0468
1
1
1
1
1
1
1
1
1
1
1
1
1
1
1
1
1
1
1
1
1
1
1
1
1
1
1
1
1
1
1
1
1
1
1
1
1
1
1
1
1
1
1
1
1
1
1
1
1
1
1
1
1
1
1
1
1
1
1
1
1
1
1
1
1
1
1
1
1
1
1
1
1
1
1
1
1
1
1
1
1
1
1
1
1
1.00002
1.00035
1.00497
1.0371
1.23143
1.8268
3.21908
5.18596
7.50659
9.77439
10.3538
1
1
1
1
1
1
1
1
1
1
1
1
1
1
1
1
1
1
1
1
1
1
1
1
1
1
1
1
1
1
1
1
1
1
1
1
1
1
1
1
1
1
1
1
1
1
1
1
1
1
1
1
1
1
1
1
1
1
1
1
1
1
1
1
1
1
1
1
1
1
1
1
1
1
1
1
1
1
1
1
1
1
1
1
1
1
1
1
1.00003
1.00074
1.00636
1.04785
1.22887
1.80134
3.15962
4.72852
1
1
1
1
1
1
1
1
1
1
1
1
1
1
1
1
1
1
1
1
1
1
1
1
1
1
1
1
1
1
1
1
1
1
1
1
1
1
1
1
1
1
1
1
1
1
1
1
1
1
1
1
1
1
1
1
1
1
1
1
1
1
1
1
1
1
1
1
1
1
1
1
1
1
1
1
1
1
1
1
1
1
1
1
1
1
1
1
1
1
1
1.00005
1.00076
1.0066
1.04742
1.19746
1
1
1
1
1
1
1
1
1
1
1
1
1
1
1
1
1
1
1
1
1
1
1
1
1
1
1
1
1
1
1
1
1
1
1
1
1
1
1
1
1
1
1
1
1
1
1
1
1
1
1
1
1
1
1
1
1
1
1
1
1
1
1
1
1
1
1
1
1
1
1
1
1
1
1
1
1
1
1
1
1
1
1
1
1
1
1
1
1
1
1
1
1
1
1.00005
1.00064
1
1
1
1
1
1
1
1
1
1
1
1
1
1
1
1
1
1
1
1
1
1
1
1
1
1
1
1
1
1
1
1
1
1
1
1
1
1
1
1
1
1
1
1
1
1
1
1
1
1
1
1
1
1
1
1
1
1
1
1
1
1
1
1
1
1
1
1
1
1
1
1
1
1
1
1
1
1
1
1
1
1
1
1
1
1
1
1
1
1
1
1
1
1
1
1
1
1
1
1
1
1
1
1
1
1
1
1
1
1
1
1
1
1
1
1
1
1
1
1
1
1
1
1
1
1
1
1
1
1
1
1
1
1
1
1
1
1
1
1
1
1
1
1
1
1
1
1
1
1
1
1
1
1
1
1
1
1
1
1
1
1
1
1
1
1
1
1
1
1
1
1
1
1
1
1
1
1
1
1
1
1
1
1
1
1
1
1
1
1
1
1
1
1
1
1
1
1
1
1
1
1
1
1
1
1
1
1
1
1
1
1
1
1
1
1
1
1
1
1
1
1
1
1
1
1
1
1
1
1
1
1
1
1
1
1
1
1
1
1
1
1
1
1
1
1
1
1
1
1
1
1
1
1
1
1
1
1
1
1
1
1
1
1
1
1
1
1
1
1
1
1
1
1
1
1
1
1
1
1
1
1
1
1
1
1
1
1
1
1
1
1
1
1
1
1
1
1
1
1
1
1
1
1
1
1
1
1
1
1
1
1
1
1
1
1
1
1
1
1
1
1
1
1
1
1
1
1
1
1
1
1
1
1
1
1
1
1
1
1
1
1
1
1
1
1
1
1
1
1
1
1
1
1
1
1
1
1
1
1
1
1
1
1
1
1
1
1
1
1
1
1
1
1
1
1
1
1
1
1
1
1
1
1
1
1
1
1
1
1
1
1
1
1
1
1
1
1
1
1
1
1
1
1
1
1
1
1
1
1
1
1
1
1
1
1
1
1
1
1
1
1
1
1
1
1
1
1
1
1
1
1
1
1
1
1
1
1
1
1
1
1
1
1
1
1
1
1
1
1
1
1
1
1
1
1
1
1
1
1
1
1
1
1
1
1
1
1
1
1
1
1
1
1
1
1
1
1
1
1
1
1
1
1
1
1
1
1
1
1
1
1
1
1
1
1
1
1
1
1
1
1
1
1
1
1
1
1
1
1
1
1
1
1
1
1
1
1
1
1
1
1
1
1
1
1
1
1
1
1
1
1
1
1
1
1
1
1
1
1
1
1
1
1
1
1
1
1
1
1
1
1
1
1
1
1
1
1
1
1
1
1
1
1
1
1
1
1
1
1
1
1
1
1
1
1
1
1
1
1
1
1
1
1
1
1
1
1
1
1
1
1
1
1
1
1
1
1
1
1
1
1
1
1
1
1
1
1
1
1
1
1
1
1
1
1
1
1
1
1
1
1
1
1
1
1
1
1
1
1
1
1
1
1
1
1
1
1
1
1
1
1
1
1
1
1
1
1
1
1
1
1
1
1
1
1
1
1
1
1
1
1
1
1
1
1
1
1
1
1
1
1
1
1
1
1
1
1
1
1
1
1
1
1
1
1
1
1
1
1
1
1
1
1
1
1
1
1
1
1
1
1
1
1
1
1
1
1
1
1
1
1
1
1
1
1
1
1
1
1
1
1
1
1
1
1
1
1
1
1
1
1
1
1
1
1
1
1
1
1
1
1
1
1
1
1
1
1
1
1
1
1
1
1
1
1
1
1
1
1
1
1
1
1
1
1
1
1
1
1
1
1
1
1
1
1
1
1
1
1
1
1
1
1
1
1
1
1
1
1
1
1
1
1
1
1
1
1
1
1
1
1
1
1
1
1
1
1
1
1
1
1
1
1
1
1
1
1
1
1
1
1
1
1
1
1
1
1
1
1
1
1
1
1
1
1
1
1
1
1
1
1
1
1
1
1
1
1
1
1
1
1
1
1
1
1
1
1
1
1
1
1
1
1
1
1
1
1
1
1
1
1
1
1
1
1
1
1
1
1
1
1
1
1
1
1
1
1
1
1
1
1
1
1
1
1
1
1
1
1
1
1
1
1
1
1
1
1
1
1
1
1
1
1
1
1
1
1
1
1
1
1
1
1
1
1
1
1
1
1
1
1
1
1
1
1
1
1
1
1
1
1
1
1
1
1
1
1
1
1
1
1
1
1
1
1
1
1
1
1
1
1
1
1
1
1
1
1
1
1
1
1
1
1
1
1
1
1
1
1
1
1
1
1
1
1
1
1
1
1
1
1
1
1
1
1
1
1
1
1
1
1
1
1
1
1
1
1
1
1
1
1
1
1
1
1
1
1
1
1
1
1
1
1
1
1
1
1
1
1
1
1
1
1
1
1
1
1
1
1
1
1
1
1
1
1
1
1
1
1
1
1
1
1
1
1
1
1
1
1
1
1
1
1
1
1
1
1
1
1
1
1
1
1
1
1
1
1
1
1
1
1
1
1
1
1
1
1
1
1
1
1
1
1
1
1
1
1
1
1
1
1
1
1
1
1
1
1
1
1
1
1
1
1
1
1
1
1
1
1
1
1
1
1
1
1
1
1
1
1
1
1
1
1
1
1
1
1
1
1
1
1
1
1
1
1
1
1
1
1
1
1
9.80743
9.52556
9.24403
8.97282
8.7085
8.44629
8.18942
7.93151
7.67585
7.44242
7.21373
6.96141
6.71916
6.52927
6.34037
6.11467
5.89717
5.73773
5.58009
5.39425
5.19045
5.05371
4.9387
4.80248
4.62443
4.44822
4.35419
4.26454
4.15409
4.00723
3.8948
3.81831
3.72794
3.61619
3.47336
3.39755
3.35301
3.29174
3.20941
3.09997
3.03032
2.97509
2.90986
2.82706
2.73531
2.69976
2.67323
2.63134
2.57248
2.48688
2.43442
2.39821
2.35596
2.30653
2.24603
2.21794
2.20036
2.17237
2.13343
2.06848
2.00851
1.9911
1.96964
1.94483
1.91237
1.87745
1.8588
1.83714
1.80839
1.76985
1.71436
1.68837
1.68304
1.67197
1.65609
1.63354
1.60077
1.57385
1.54796
1.52424
1.49888
1.47189
1.46259
1.45814
1.44906
1.43446
1.40688
1.36828
1.34282
1.32759
1.31745
1.30588
1.29795
1.29152
1.2823
1.26508
9.93437
9.68246
9.42776
9.17598
8.93291
8.6925
8.44935
8.21542
7.9939
7.76949
7.54277
7.33472
7.13124
6.90685
6.69253
6.52115
6.34997
6.14638
5.94331
5.79682
5.65831
5.49293
5.3013
5.16491
5.05362
4.92639
4.76673
4.61289
4.52402
4.43638
4.32725
4.17553
4.05212
3.98166
3.90287
3.80625
3.68673
3.6117
3.55486
3.4832
3.38702
3.26167
3.20136
3.16082
3.10865
3.03989
2.95616
2.90646
2.86162
2.80599
2.73158
2.641
2.60764
2.58817
2.55516
2.51236
2.44624
2.39541
2.36106
2.32042
2.27723
2.21876
2.18369
2.17428
2.15747
2.12797
2.08632
2.02262
1.98724
1.97133
1.94731
1.92233
1.88854
1.86709
1.85563
1.83608
1.80355
1.75548
1.71222
1.7026
1.69896
1.68447
1.66422
1.64113
1.62188
1.60242
1.57611
1.54248
1.50849
1.49786
1.49496
1.48817
1.47449
1.45622
1.42939
1.39638
10.0543
9.82063
9.58851
9.35884
9.13019
8.9081
8.69039
8.46663
8.2431
8.03652
7.83893
7.63313
7.42921
7.24473
7.06328
6.86437
6.67042
6.511
6.35374
6.16942
5.98484
5.84915
5.72051
5.56858
5.38911
5.25781
5.1559
5.04026
4.89262
4.74588
4.65692
4.56787
4.46036
4.319
4.20877
4.14581
4.07332
3.97987
3.85292
3.76599
3.70446
3.63369
3.54666
3.44367
3.38996
3.34818
3.29222
3.21549
3.10831
3.05149
3.01308
2.96656
2.90956
2.83704
2.79773
2.76705
2.72284
2.66277
2.575
2.52816
2.51444
2.48753
2.45323
2.40427
2.35849
2.33025
2.29611
2.25368
2.19727
2.15353
2.1456
2.13762
2.11189
2.07858
2.03443
1.99677
1.9737
1.94722
1.91767
1.88497
1.87061
1.86451
1.85046
1.82355
1.78466
1.73661
1.7168
1.70939
1.69457
1.67766
1.65929
1.64248
1.62381
1.59984
1.57014
1.53535
10.1662
9.95672
9.74229
9.52529
9.30839
9.09369
8.88662
8.68678
8.48606
8.28071
8.07957
7.89456
7.71372
7.52107
7.33086
7.16778
7.00651
6.82263
6.64239
6.49867
6.35603
6.18968
6.02156
5.89344
5.77168
5.6316
5.46423
5.33791
5.241
5.13291
4.99625
4.85761
4.76955
4.68401
4.58458
4.45204
4.34437
4.27848
4.20366
4.11285
3.99019
3.90418
3.8498
3.78809
3.70993
3.60562
3.54037
3.48942
3.42886
3.35369
3.25869
3.21213
3.17967
3.13429
3.07266
2.98644
2.93572
2.89803
2.85249
2.79937
2.73375
2.70227
2.68148
2.64578
2.59561
2.52187
2.4765
2.45913
2.42983
2.39041
2.34663
2.32392
2.30546
2.27462
2.22873
2.16951
2.13743
2.1308
2.11618
2.09009
2.05809
2.03124
2.01114
1.98407
1.94924
1.90453
1.8771
1.87165
1.86601
1.84986
1.82636
1.79874
1.75873
1.73396
1.72237
1.70787
10.2737
10.0768
9.88057
9.67818
9.4713
9.26546
9.06715
8.87515
8.68875
8.50849
8.32444
8.1328
7.94877
7.77547
7.60297
7.42986
7.26243
7.10693
6.95669
6.79296
6.61622
6.47483
6.35439
6.21549
6.05366
5.92078
5.80812
5.68448
5.53393
5.40441
5.31126
5.21363
5.09439
4.95734
4.86383
4.77894
4.68606
4.56711
4.45518
4.38812
4.31661
4.23754
4.12945
4.03602
3.97645
3.91114
3.83854
3.73886
3.66933
3.6195
3.56296
3.49867
3.41475
3.35985
3.31107
3.25625
3.19209
3.11848
3.08165
3.04199
2.99441
2.94105
2.88395
2.84758
2.80625
2.75513
2.69675
2.65164
2.63427
2.60968
2.57081
2.51728
2.47415
2.44803
2.41786
2.38039
2.33271
2.30221
2.29063
2.27453
2.24686
2.20785
2.15799
2.12826
2.11158
2.09103
2.06582
2.03619
2.01843
2.00186
1.97587
1.93649
1.90318
1.88528
1.87482
1.8646
10.3835
10.1912
10.0119
9.83558
9.65319
9.4576
9.24948
9.04742
8.86791
8.70134
8.53726
8.3696
8.19388
8.01472
7.83695
7.66452
7.51355
7.37225
7.21695
7.05978
6.91806
6.77172
6.60052
6.44969
6.34427
6.23342
6.0934
5.93866
5.82434
5.72402
5.60589
5.46344
5.35404
5.27124
5.17843
5.05956
4.93324
4.84792
4.77018
4.68241
4.56746
4.47696
4.41215
4.33907
4.25752
4.14813
4.06956
4.01613
3.95462
3.88389
3.79292
3.73155
3.67904
3.61898
3.55415
3.4706
3.41316
3.37455
3.32725
3.27756
3.21322
3.15487
3.11008
3.06093
3.01238
2.97346
2.93146
2.87633
2.83083
2.79934
2.76642
2.72827
2.67889
2.62096
2.59202
2.57271
2.54649
2.51213
2.46366
2.42897
2.40405
2.37507
2.33903
2.30015
2.2737
2.2568
2.23964
2.21618
2.17819
2.13814
2.10769
2.07733
2.06024
2.04876
2.03259
2.0168
10.4604
10.2971
10.1473
9.99476
9.82498
9.63507
9.43674
9.24361
9.06179
8.89625
8.74344
8.58869
8.42004
8.23703
8.05753
7.89456
7.73705
7.59244
7.47236
7.34613
7.18775
7.01201
6.86741
6.73473
6.58386
6.44695
6.35326
6.25638
6.13408
5.97023
5.83118
5.74357
5.64961
5.52931
5.40167
5.31638
5.23859
5.14851
5.03103
4.90451
4.82817
4.76243
4.68479
4.58116
4.48404
4.42037
4.35549
4.28317
4.1846
4.09729
4.04681
3.99261
3.92944
3.84382
3.76542
3.71884
3.67041
3.61891
3.55255
3.47296
3.42671
3.38631
3.34053
3.29112
3.21842
3.16428
3.13625
3.09986
3.05963
3.00468
2.93587
2.90326
2.87399
2.84121
2.80228
2.75139
2.71987
2.69016
2.65563
2.61689
2.55781
2.51915
2.5036
2.48312
2.46272
2.43292
2.39701
2.36703
2.33216
2.29596
2.2541
2.2257
2.21374
2.20084
2.18397
2.16757
10.7332
10.4805
10.2898
10.1252
9.96074
9.78698
9.59385
9.4042
9.24739
9.10565
8.95787
8.80299
8.64113
8.46286
8.26948
8.09701
7.9608
7.83221
7.69494
7.56267
7.4388
7.29918
7.11997
6.93673
6.82805
6.72939
6.60477
6.48096
6.38462
6.27619
6.14789
5.97914
5.82881
5.76029
5.69411
5.60597
5.48516
5.37264
5.28971
5.19923
5.09956
4.97319
4.88144
4.83028
4.77119
4.70008
4.59965
4.49458
4.42806
4.36543
4.29484
4.20039
4.1322
4.0873
4.03331
3.97542
3.8933
3.80737
3.76142
3.71473
3.66536
3.60224
3.5283
3.48983
3.44991
3.4037
3.35392
3.27621
3.22713
3.19581
3.15544
3.11642
3.05862
3.01141
2.98521
2.95128
2.91671
2.86796
2.80695
2.77658
2.74377
2.71446
2.68266
2.63752
2.61553
2.59549
2.56502
2.53392
2.48976
2.43097
2.40908
2.39454
2.3769
2.35913
2.32858
2.30754
10.5275
10.6019
10.6414
10.5854
10.3702
10.0736
9.73254
9.49504
9.37452
9.27358
9.166
9.03586
8.85988
8.6522
8.47842
8.33217
8.18846
8.06559
7.95444
7.8207
7.64851
7.48346
7.34999
7.2168
7.07172
6.9374
6.8485
6.76287
6.6532
6.50279
6.36163
6.24567
6.13136
6.00773
5.88595
5.81869
5.75684
5.67291
5.56913
5.41397
5.2892
5.22578
5.15868
5.07624
4.97506
4.91202
4.85477
4.77679
4.68865
4.56656
4.47167
4.43108
4.38712
4.33203
4.25347
4.17793
4.12265
4.05811
3.99207
3.90786
3.83577
3.80242
3.76493
3.71901
3.66651
3.58662
3.52921
3.48627
3.44092
3.39448
3.32926
3.28801
3.26057
3.22168
3.18102
3.1208
3.06608
3.03764
3.00148
2.96663
2.92785
2.87285
2.84324
2.8187
2.78902
2.75667
2.70454
2.67207
2.64952
2.61673
2.59196
2.56049
2.51348
2.49162
2.47465
2.45042
7.15435
8.96954
9.62061
10.0723
10.3541
10.3629
10.2759
10.052
9.72944
9.48312
9.30882
9.16168
9.02127
8.86272
8.68501
8.53258
8.42622
8.32153
8.19262
8.03795
7.8863
7.73882
7.57739
7.41461
7.31248
7.22716
7.11652
6.97066
6.84347
6.74578
6.63116
6.49831
6.34152
6.23027
6.16732
6.09254
5.9917
5.87573
5.79143
5.69277
5.57869
5.45107
5.33589
5.28013
5.23662
5.17604
5.10291
4.99134
4.87935
4.80285
4.73299
4.65928
4.57089
4.52159
4.48635
4.42946
4.36192
4.27682
4.1599
4.09771
4.0654
4.02385
3.97243
3.90388
3.857
3.81158
3.75152
3.68738
3.60595
3.55505
3.53028
3.49655
3.45736
3.40767
3.34106
3.29853
3.2605
3.22235
3.17629
3.12155
3.09469
3.06685
3.03033
2.98973
2.93104
2.88954
2.8698
2.84734
2.82268
2.78521
2.74195
2.71319
2.68015
2.64723
2.60797
2.56086
1.70433
2.84443
4.26189
6.05255
8.31302
9.17966
9.5627
9.83034
9.9369
9.91998
9.8486
9.65475
9.39473
9.12927
8.85701
8.69893
8.60543
8.50148
8.39166
8.27734
8.13483
7.95685
7.78192
7.67869
7.59574
7.48787
7.35241
7.21785
7.09916
6.96961
6.82171
6.69038
6.61318
6.5339
6.4308
6.29747
6.19657
6.12955
6.03878
5.92694
5.78565
5.66136
5.60571
5.54677
5.47063
5.37312
5.30662
5.24091
5.14609
5.03547
4.91021
4.8371
4.80447
4.76698
4.71216
4.64607
4.55087
4.46579
4.39273
4.32904
4.26135
4.18868
4.15417
4.12796
4.08074
4.02229
3.94716
3.84325
3.79244
3.76383
3.72689
3.68011
3.62428
3.59009
3.55193
3.50103
3.4394
3.36587
3.33233
3.31209
3.28073
3.24314
3.1896
3.13803
3.10731
3.07697
3.03676
2.98633
2.96404
2.94682
2.92118
2.88899
2.83964
2.76489
2.72839
2.7178
1.00543
1.0359
1.15101
1.49034
2.34075
3.80526
5.21491
6.8754
8.64735
9.19378
9.3668
9.50221
9.54777
9.52015
9.4387
9.26821
9.04454
8.80347
8.58707
8.42366
8.27502
8.12912
8.02162
7.93674
7.83988
7.72723
7.60267
7.47424
7.33903
7.19108
7.04201
6.9564
6.88497
6.78583
6.65569
6.53037
6.44439
6.34997
6.24203
6.11948
6.02216
5.95313
5.86956
5.76405
5.65809
5.60664
5.55249
5.4658
5.3564
5.21519
5.127
5.09249
5.04326
4.97853
4.90217
4.84852
4.78659
4.69741
4.59753
4.49079
4.43228
4.41003
4.38264
4.3353
4.28164
4.20076
4.11841
4.05423
4.00099
3.94615
3.8836
3.85214
3.83177
3.79434
3.74466
3.67832
3.58845
3.54541
3.51811
3.4813
3.44089
3.40896
3.37627
3.33155
3.27605
3.22302
3.18782
3.16174
3.13831
3.10091
3.05843
3.03129
2.99279
2.94351
2.90422
2.8619
1
1.00004
1.00037
1.00327
1.02001
1.10141
1.33749
1.8684
2.99945
4.59829
5.77278
7.34789
8.66307
8.94379
9.08353
9.18908
9.239
9.20303
9.11972
8.94656
8.72241
8.49851
8.26855
8.11398
8.01215
7.90456
7.8024
7.70164
7.57729
7.41969
7.29183
7.21974
7.14104
7.04077
6.91869
6.80026
6.68723
6.56701
6.43337
6.33809
6.28508
6.21041
6.10861
5.97682
5.89599
5.84045
5.76003
5.66817
5.55208
5.44944
5.39118
5.3273
5.24645
5.16977
5.13045
5.0805
4.99779
4.88928
4.75729
4.69245
4.67109
4.6349
4.58626
4.5239
4.47001
4.41194
4.33076
4.24376
4.15524
4.1072
4.08722
4.06538
4.02697
3.98445
3.91655
3.83357
3.77749
3.73279
3.69251
3.64405
3.60016
3.58027
3.55851
3.51461
3.46447
3.40701
3.33004
3.29097
3.2814
3.26412
3.23467
3.20347
3.15994
3.08711
3.03894
3.02167
1
1
1
1
1.00002
1.00021
1.00166
1.01002
1.05012
1.20764
1.55383
2.22722
3.51329
5.06035
6.05863
7.41973
8.51655
8.75039
8.81479
8.89761
8.91272
8.88194
8.81574
8.68386
8.4939
8.25795
8.0386
7.89404
7.75947
7.61656
7.53117
7.46187
7.36843
7.25019
7.14739
7.05504
6.94527
6.80989
6.67294
6.61025
6.54611
6.45374
6.32767
6.21357
6.1431
6.06006
5.96726
5.85727
5.77408
5.71171
5.63446
5.53936
5.44191
5.4029
5.36046
5.28573
5.19064
5.05727
4.97156
4.93963
4.89533
4.83297
4.77223
4.73803
4.6902
4.61062
4.5036
4.38831
4.34437
4.32921
4.29962
4.26067
4.20694
4.16055
4.1078
4.03235
3.95347
3.87595
3.83877
3.81915
3.80225
3.77373
3.74054
3.68704
3.59843
3.54579
3.51109
3.4791
3.44987
3.40158
3.36557
3.35008
3.32009
3.27547
3.22732
3.16224
1
1
1
1
1
1
1
1.00001
1.00008
1.0007
1.0044
1.02092
1.09048
1.32476
1.75321
2.46765
3.88931
5.20849
6.10017
7.43632
8.27312
8.42977
8.52979
8.61816
8.65832
8.63838
8.58513
8.45217
8.24921
8.01128
7.81958
7.70123
7.57637
7.44619
7.36029
7.27016
7.14595
7.00173
6.93045
6.87705
6.79795
6.69151
6.57644
6.49123
6.39719
6.2878
6.15756
6.08227
6.0327
5.95724
5.85642
5.73252
5.67888
5.63662
5.56662
5.48085
5.36149
5.27588
5.22447
5.16725
5.08961
5.02731
5.00033
4.95725
4.88333
4.77629
4.64683
4.6028
4.57848
4.53964
4.48276
4.43968
4.41205
4.36381
4.28936
4.1883
4.08599
4.05568
4.04448
4.01896
3.98403
3.9355
3.90331
3.86286
3.79511
3.72491
3.6498
3.60621
3.5909
3.57529
3.5496
3.52269
3.48247
3.41009
3.35785
3.32232
1
1
1
1
1
1
1
1
1
1
1
1.00002
1.0002
1.00159
1.00864
1.03262
1.13243
1.41687
1.86825
2.62561
4.03263
5.13594
6.01588
7.32528
7.98104
8.11577
8.2481
8.35804
8.41886
8.40084
8.35646
8.24253
8.06397
7.84984
7.66834
7.53677
7.38245
7.23855
7.17182
7.09832
6.99012
6.8703
6.79988
6.72654
6.63347
6.5097
6.41827
6.36677
6.2925
6.18947
6.05296
5.9805
5.93136
5.85887
5.76669
5.65516
5.58691
5.52411
5.45197
5.35816
5.292
5.26735
5.22405
5.15438
5.05216
4.92713
4.87685
4.83923
4.78947
4.72074
4.684
4.66084
4.61303
4.53886
4.42522
4.32957
4.30419
4.27718
4.23862
4.18357
4.15253
4.13121
4.08922
4.0305
3.94833
3.84982
3.81758
3.79875
3.77289
3.73404
3.68783
3.66986
3.64492
3.59534
3.53611
3.45694
1
1
1
1
1
1
1
1
1
1
1
1
1
1
1
1.00004
1.00038
1.00268
1.01233
1.04261
1.16319
1.45142
1.90728
2.66009
3.92816
5.02901
5.80446
6.97842
7.69431
7.86006
7.9978
8.10462
8.16844
8.17124
8.12938
8.05593
7.90705
7.70212
7.53169
7.39423
7.23017
7.1171
7.04641
6.95171
6.79782
6.69164
6.65461
6.5961
6.5106
6.39969
6.32701
6.26646
6.18233
6.07049
5.95836
5.9063
5.84642
5.76399
5.64869
5.56581
5.53877
5.49134
5.42013
5.31804
5.21597
5.16245
5.10991
5.04757
4.9687
4.93419
4.91245
4.8627
4.78755
4.66911
4.58798
4.55795
4.52031
4.47129
4.40835
4.37961
4.35685
4.31062
4.24859
4.15955
4.09515
4.0544
4.01479
3.96666
3.90815
3.8833
3.86732
3.83837
3.79986
3.74051
3.66344
3.63168
1
1
1
1
1
1
1
1
1
1
1
1
1
1
1
1
1
1
1.00001
1.00007
1.00059
1.00327
1.01408
1.04773
1.16335
1.44562
1.86815
2.55429
3.76439
4.74361
5.47991
6.67113
7.38222
7.54465
7.7247
7.8412
7.94674
7.96922
7.93772
7.86785
7.74267
7.58971
7.41261
7.26893
7.13166
7.00187
6.90606
6.80525
6.671
6.58421
6.5373
6.47153
6.38013
6.27831
6.22622
6.17018
6.0878
5.97134
5.87805
5.84306
5.79035
5.71145
5.59892
5.50639
5.45549
5.39431
5.32005
5.22819
5.19154
5.16955
5.11708
5.03943
4.92191
4.85056
4.81707
4.77278
4.71595
4.64772
4.61929
4.59103
4.53842
4.46459
4.37144
4.32715
4.28966
4.24324
4.18106
4.10773
4.09088
4.09258
4.07389
4.06554
4.11044
4.18805
4.37902
4.72731
1
1
1
1
1
1
1
1
1
1
1
1
1
1
1
1
1
1
1
1
1
1
1.00001
1.00008
1.00061
1.00335
1.01384
1.04407
1.15044
1.39852
1.77146
2.38901
3.45644
4.43139
5.09886
6.19964
7.04404
7.22925
7.45699
7.60119
7.7249
7.7685
7.73068
7.67689
7.60277
7.4691
7.31145
7.19091
7.05221
6.90743
6.80897
6.70609
6.5521
6.45869
6.42266
6.36483
6.27463
6.17366
6.13097
6.08469
6.01207
5.91183
5.82129
5.76895
5.70367
5.61677
5.50947
5.46723
5.44366
5.3875
5.30488
5.18316
5.11195
5.0754
5.02477
4.9591
4.88897
4.86195
4.82876
4.77108
4.68403
4.57765
4.55011
4.53038
4.49532
4.46054
4.46782
4.52926
4.68715
4.99353
5.5046
6.25015
7.10468
8.23515
9.40362
10.2973
1
1
1
1
1
1
1
1
1
1
1
1
1
1
1
1
1
1
1
1
1
1
1
1
1
1
1.00001
1.00008
1.00056
1.00287
1.01164
1.03676
1.11986
1.33201
1.63992
2.15189
3.12118
3.98214
4.63337
5.79105
6.63499
6.81192
7.11437
7.37374
7.52333
7.56803
7.52639
7.45692
7.42442
7.36683
7.26784
7.15145
6.9971
6.82611
6.714
6.61589
6.47852
6.38823
6.35159
6.28989
6.18744
6.07652
6.0358
5.99307
5.92846
5.82969
5.76027
5.73032
5.67701
5.59856
5.48025
5.39962
5.35866
5.30528
5.22998
5.13391
5.10785
5.08824
5.03586
4.96574
4.92872
4.96253
5.07653
5.31605
5.78909
6.43844
7.37997
8.56795
9.59762
10.8542
12.1843
12.8832
13.6247
14.3648
14.5261
14.61
1
1
1
1
1
1
1
1
1
1
1
1
1
1
1
1
1
1
1
1
1
1
1
1
1
1
1
1
1
1
1.00001
1.00006
1.00039
1.00215
1.0087
1.02604
1.08786
1.25159
1.4833
1.92215
2.74705
3.43968
4.14803
5.38829
5.97357
6.32221
6.88904
7.19097
7.23238
7.23368
7.27125
7.30076
7.3025
7.27596
7.20468
7.08378
6.9368
6.76519
6.66095
6.57598
6.43888
6.31532
6.26045
6.19965
6.09137
5.98019
5.94531
5.90587
5.83831
5.72262
5.65429
5.62366
5.58297
5.52
5.49322
5.52725
5.59896
5.75631
6.15985
6.75573
7.6387
8.95152
10.1751
11.7285
13.3624
14.2119
15.1681
15.8221
15.8739
15.8622
15.8183
15.6345
15.4046
15.1065
14.7699
14.4709
1
1
1
1
1
1
1
1
1
1
1
1
1
1
1
1
1
1
1
1
1
1
1
1
1
1
1
1
1
1
1
1
1
1
1.00001
1.00004
1.00023
1.00142
1.00548
1.01664
1.06026
1.16705
1.33512
1.70384
2.31184
2.88197
3.70034
4.8033
5.29783
5.82766
6.59726
6.83824
6.92497
7.02972
7.09207
7.14471
7.15764
7.1184
7.06843
6.9787
6.84527
6.74215
6.64556
6.5191
6.45392
6.4185
6.35691
6.29636
6.28932
6.3182
6.38075
6.53921
6.91272
7.43697
8.16584
9.31538
10.537
12.1197
13.8129
15.0421
16.5772
17.7668
18.3023
18.8277
19.0396
19.0244
18.9091
18.6627
18.3213
17.9077
17.362
16.7587
16.0744
15.4263
14.8561
14.3399
1
1
1
1
1
1
1
1
1
1
1
1
1
1
1
1
1
1
1
1
1
1
1
1
1
1
1
1
1
1
1
1
1
1
1
1
1
1
1
1.00002
1.00013
1.00074
1.00291
1.00976
1.0357
1.09608
1.21363
1.49006
1.91703
2.38271
3.16233
4.11461
4.62666
5.20155
6.11173
6.45435
6.51767
6.67164
6.84366
7.03713
7.20927
7.41422
7.60382
7.7771
8.04282
8.55109
9.15625
9.67907
10.5361
11.6707
12.4662
13.6318
15.1306
15.9099
17.0994
17.9288
18.3776
18.9311
19.069
19.1236
19.0867
18.9016
18.6374
18.3677
18.0438
17.8488
17.5239
17.1532
16.8557
16.4178
16.1413
15.9047
15.613
15.363
15.0892
14.7874
1
1
1
1
1
1
1
1
1
1
1
1
1
1
1
1
1
1
1
1
1
1
1
1
1
1
1
1
1
1
1
1
1
1
1
1
1
1
1
1
1
1
1
1.00001
1.00006
1.00032
1.00131
1.00499
1.01924
1.04991
1.12345
1.32391
1.61796
2.03808
2.75265
3.6216
4.62407
5.82221
7.18408
8.56663
10.0267
11.7086
13.5057
15.3291
17.1722
19.0538
20.873
22.6689
24.6895
26.2608
27.2139
28.3493
29.0028
29.0354
28.947
28.3036
27.3579
26.2753
25.0421
23.6749
22.2403
20.8784
19.6226
18.5118
17.5764
16.8024
16.1532
15.667
15.3174
15.0482
14.8359
14.6505
14.5285
14.4024
14.2773
14.1508
)
;

boundaryField
{
    inlet
    {
        type            fixedValue;
        value           uniform 1;
    }
    outlet
    {
        type            zeroGradient;
    }
    bottom
    {
        type            symmetryPlane;
    }
    top
    {
        type            symmetryPlane;
    }
    obstacle
    {
        type            zeroGradient;
    }
    defaultFaces
    {
        type            empty;
    }
    procBoundary2to0
    {
        type            processor;
        value           nonuniform List<scalar> 
192
(
1
1
1
1
1
1
1
1
1
1
1
1
1
1
1
1
1
1
1
1
1
1
1
1
1
1
1
1
1
1
1
1
1
1
1
1
1
1
1
1
1
1
1
1
1
1
1
1
1
1
1
1
1
1
1
1
1
1
1
1
1
1
1
1
1
1
1
1.00109
1.02792
1.81623
4.23509
12.4906
14.8031
15.183
15.0092
14.8346
14.7214
14.5527
14.3855
14.2093
14.0199
13.8219
13.6142
13.396
13.1662
12.9259
12.6733
12.4061
12.1252
11.8318
11.5246
11.2096
10.8935
10.577
10.2655
9.95823
9.64457
9.32835
9.02197
8.7171
8.42069
8.12515
7.82341
7.55401
7.30308
7.02147
6.74299
6.5231
6.30594
6.05251
5.82509
5.65517
5.4793
5.26709
5.03099
4.88291
4.77044
4.63497
4.45047
4.27755
4.17144
4.05993
3.92929
3.76403
3.66024
3.59985
3.52229
3.42072
3.27304
3.17829
3.11987
3.04866
2.96123
2.85468
2.80375
2.76746
2.7136
2.63989
2.53143
2.47415
2.44306
2.39882
2.34484
2.27585
2.23985
2.21695
2.18113
2.12996
2.05157
2.00288
1.99057
1.96753
1.93544
1.89081
1.85593
1.83612
1.81061
1.77655
1.72628
1.67673
1.6666
1.66164
1.64511
1.61966
1.58376
1.55864
1.53813
1.51413
1.48551
1.45047
1.43596
1.43058
1.42283
1.4092
1.38774
1.35596
1.32853
1.3139
1.30487
1.2924
1.27977
1.27343
1.26685
1.25848
1.2447
1.21982
1.19908
1.19542
1.19487
1.19359
1.19096
1.18806
)
;
    }
    procBoundary2to1
    {
        type            processor;
        value           nonuniform List<scalar> 8(1.23761 1.38168 1.52072 1.6891 1.8505 2.00352 2.15102 2.28788);
    }
    procBoundary2to3
    {
        type            processor;
        value           nonuniform List<scalar> 
16
(
2.42308
2.54404
2.70473
2.8323
3.00286
3.12057
3.29198
3.39844
3.62906
5.31709
11.4178
14.5795
14.1304
13.8695
14.4804
14.0315
)
;
    }
}


// ************************************************************************* //
