/*--------------------------------*- C++ -*----------------------------------*\
  =========                 |
  \\      /  F ield         | OpenFOAM: The Open Source CFD Toolbox
   \\    /   O peration     | Website:  https://openfoam.org
    \\  /    A nd           | Version:  7
     \\/     M anipulation  |
\*---------------------------------------------------------------------------*/
FoamFile
{
    version     2.0;
    format      ascii;
    class       volVectorField;
    location    "0.9";
    object      U;
}
// * * * * * * * * * * * * * * * * * * * * * * * * * * * * * * * * * * * * * //

dimensions      [0 1 -1 0 0 0 0];

internalField   nonuniform List<vector> 
4032
(
(4.13482 0.114006 0)
(4.14795 0.111659 0)
(4.1665 0.106551 0)
(4.18782 0.103277 0)
(4.20149 0.0905013 0)
(4.21254 0.079187 0)
(4.22777 0.0703908 0)
(4.24111 0.0617206 0)
(4.24837 0.0510446 0)
(4.24882 0.0367355 0)
(4.23812 0.00761378 0)
(4.22092 -0.0285297 0)
(4.22334 -0.0409135 0)
(4.23596 -0.0406031 0)
(4.2577 -0.0443215 0)
(4.2746 -0.0464549 0)
(4.28683 -0.0576533 0)
(4.29683 -0.0674966 0)
(4.3119 -0.0716708 0)
(4.32556 -0.0734262 0)
(4.33396 -0.0795601 0)
(4.33804 -0.0928126 0)
(4.33421 -0.117412 0)
(4.31454 -0.154614 0)
(4.31628 -0.18201 0)
(4.32925 -0.184042 0)
(4.34651 -0.188763 0)
(4.35374 -0.196463 0)
(4.35504 -0.245781 0)
(4.25345 -0.44933 0)
(4.03537 -0.868434 0)
(3.73112 -1.35095 0)
(3.72624 -1.38459 0)
(3.65113 -1.45187 0)
(3.5981 -1.53069 0)
(3.57593 -1.54873 0)
(3.60244 -1.5367 0)
(3.64414 -1.49746 0)
(3.69943 -1.44953 0)
(3.7215 -1.4309 0)
(3.73848 -1.43084 0)
(3.73191 -1.42332 0)
(3.71885 -1.40474 0)
(3.72485 -1.3939 0)
(3.73373 -1.38566 0)
(3.75039 -1.36468 0)
(3.77455 -1.32039 0)
(3.80355 -1.27204 0)
(3.84224 -1.22752 0)
(3.88173 -1.18544 0)
(3.90039 -1.15491 0)
(3.90242 -1.13251 0)
(3.8876 -1.09497 0)
(3.87067 -1.05716 0)
(3.86975 -1.02751 0)
(3.87316 -1.00739 0)
(3.87993 -0.997694 0)
(3.89326 -0.982663 0)
(3.92791 -0.959903 0)
(3.97344 -0.944649 0)
(3.98763 -0.942371 0)
(4.00191 -0.947523 0)
(4.01589 -0.954146 0)
(4.03336 -0.952579 0)
(4.03667 -0.941152 0)
(4.03106 -0.922001 0)
(4.04566 -0.909754 0)
(4.0663 -0.902459 0)
(4.08522 -0.894617 0)
(4.12074 -0.883633 0)
(4.14992 -0.875489 0)
(4.16411 -0.876833 0)
(4.17636 -0.879043 0)
(4.19526 -0.879255 0)
(4.20817 -0.876695 0)
(4.20888 -0.868726 0)
(4.20257 -0.853339 0)
(4.20429 -0.84633 0)
(4.21071 -0.846341 0)
(4.21625 -0.846135 0)
(4.2402 -0.839489 0)
(4.28118 -0.820604 0)
(4.29944 -0.812161 0)
(4.31567 -0.810888 0)
(4.33373 -0.812607 0)
(4.34063 -0.820144 0)
(4.32887 -0.829267 0)
(4.32059 -0.834136 0)
(4.32597 -0.834886 0)
(4.33182 -0.830689 0)
(4.34577 -0.819116 0)
(4.37843 -0.794629 0)
(4.4046 -0.772334 0)
(4.41567 -0.770132 0)
(4.43699 -0.766831 0)
(4.45555 -0.761414 0)
(4.45787 -0.756067 0)
(4.44162 -0.753437 0)
(4.43505 -0.755461 0)
(4.43755 -0.756856 0)
(4.44189 -0.757007 0)
(4.4541 -0.750976 0)
(4.4805 -0.731371 0)
(4.50523 -0.70947 0)
(4.51469 -0.705766 0)
(4.53074 -0.702779 0)
(4.54426 -0.702368 0)
(4.55047 -0.70653 0)
(4.54483 -0.718869 0)
(4.53668 -0.730806 0)
(4.53867 -0.731388 0)
(4.54476 -0.724151 0)
(4.55614 -0.707666 0)
(4.57191 -0.693571 0)
(4.58851 -0.685262 0)
(4.60726 -0.675668 0)
(4.61583 -0.673253 0)
(4.63276 -0.669505 0)
(4.64824 -0.6641 0)
(4.65724 -0.654439 0)
(4.65487 -0.640538 0)
(4.64723 -0.634462 0)
(4.64451 -0.636904 0)
(4.64793 -0.636513 0)
(4.65597 -0.637239 0)
(4.66066 -0.635938 0)
(4.12909 0.161086 0)
(4.14331 0.161349 0)
(4.16011 0.161072 0)
(4.18448 0.150233 0)
(4.2013 0.129629 0)
(4.20996 0.111948 0)
(4.22294 0.0993158 0)
(4.23484 0.0924607 0)
(4.23667 0.0882155 0)
(4.2265 0.0749338 0)
(4.20883 0.0434853 0)
(4.20692 0.007297 0)
(4.21912 -0.00229102 0)
(4.23702 -0.000231914 0)
(4.25505 -0.00260759 0)
(4.27547 -0.00686516 0)
(4.28772 -0.0172364 0)
(4.29619 -0.0293661 0)
(4.30716 -0.0346085 0)
(4.31831 -0.034851 0)
(4.32514 -0.0427258 0)
(4.32387 -0.0585392 0)
(4.3062 -0.0881566 0)
(4.29558 -0.121193 0)
(4.31506 -0.129831 0)
(4.32141 -0.134066 0)
(4.32935 -0.157004 0)
(4.26607 -0.318641 0)
(4.19415 -0.594247 0)
(3.83755 -1.08057 0)
(3.71757 -1.27965 0)
(3.61223 -1.40341 0)
(3.58014 -1.44751 0)
(3.56992 -1.48688 0)
(3.59216 -1.48336 0)
(3.60733 -1.47268 0)
(3.64836 -1.45589 0)
(3.6871 -1.42623 0)
(3.71773 -1.41978 0)
(3.7453 -1.42949 0)
(3.75986 -1.43517 0)
(3.75194 -1.42772 0)
(3.7362 -1.41303 0)
(3.74126 -1.40369 0)
(3.75814 -1.40004 0)
(3.77725 -1.39357 0)
(3.80972 -1.37864 0)
(3.85181 -1.34965 0)
(3.88891 -1.32758 0)
(3.91723 -1.32207 0)
(3.92858 -1.32102 0)
(3.93409 -1.31673 0)
(3.94009 -1.28991 0)
(3.93764 -1.24323 0)
(3.9409 -1.19579 0)
(3.94082 -1.14615 0)
(3.93632 -1.10282 0)
(3.94844 -1.052 0)
(3.98147 -1.006 0)
(4.02292 -0.983687 0)
(4.04512 -0.975768 0)
(4.05424 -0.978426 0)
(4.06196 -0.983673 0)
(4.065 -0.978964 0)
(4.06269 -0.955417 0)
(4.0689 -0.919612 0)
(4.09523 -0.897527 0)
(4.11217 -0.87406 0)
(4.12446 -0.852749 0)
(4.14081 -0.840965 0)
(4.15993 -0.845312 0)
(4.16887 -0.857873 0)
(4.18202 -0.869452 0)
(4.20145 -0.87251 0)
(4.21922 -0.868172 0)
(4.23189 -0.863857 0)
(4.2451 -0.850684 0)
(4.2527 -0.830359 0)
(4.25612 -0.812488 0)
(4.2589 -0.80543 0)
(4.26932 -0.80096 0)
(4.29106 -0.799674 0)
(4.30423 -0.801237 0)
(4.32268 -0.807042 0)
(4.33553 -0.814108 0)
(4.34253 -0.815593 0)
(4.34518 -0.809081 0)
(4.35278 -0.801208 0)
(4.35935 -0.798901 0)
(4.36263 -0.79787 0)
(4.37478 -0.790651 0)
(4.40341 -0.76955 0)
(4.42125 -0.75824 0)
(4.4289 -0.759712 0)
(4.43948 -0.7637 0)
(4.45042 -0.762146 0)
(4.46082 -0.754538 0)
(4.46352 -0.74493 0)
(4.46231 -0.738958 0)
(4.46406 -0.738024 0)
(4.46616 -0.736501 0)
(4.47599 -0.728858 0)
(4.50024 -0.706488 0)
(4.52131 -0.686655 0)
(4.52911 -0.682632 0)
(4.54195 -0.68276 0)
(4.55272 -0.687704 0)
(4.55778 -0.694216 0)
(4.55097 -0.704271 0)
(4.54832 -0.712741 0)
(4.55329 -0.714848 0)
(4.5596 -0.713524 0)
(4.57057 -0.704699 0)
(4.58902 -0.689836 0)
(4.61398 -0.664483 0)
(4.62209 -0.653554 0)
(4.6351 -0.650734 0)
(4.64876 -0.646283 0)
(4.65772 -0.642585 0)
(4.66429 -0.640346 0)
(4.66585 -0.638474 0)
(4.66486 -0.633238 0)
(4.66328 -0.628588 0)
(4.66689 -0.62181 0)
(4.67503 -0.612813 0)
(4.681 -0.606447 0)
(4.12933 0.207355 0)
(4.14111 0.199643 0)
(4.15816 0.201431 0)
(4.17579 0.197026 0)
(4.19387 0.17586 0)
(4.20304 0.15171 0)
(4.21239 0.136332 0)
(4.22328 0.126035 0)
(4.22388 0.116845 0)
(4.20863 0.0963882 0)
(4.19443 0.0690513 0)
(4.20051 0.0535453 0)
(4.21453 0.0439904 0)
(4.23544 0.0402958 0)
(4.25374 0.0396084 0)
(4.27409 0.0313054 0)
(4.28619 0.0181532 0)
(4.29265 0.00878151 0)
(4.30137 0.0021492 0)
(4.30939 0.00271127 0)
(4.31047 -0.00723262 0)
(4.30304 -0.0353647 0)
(4.27795 -0.0635656 0)
(4.29999 -0.087831 0)
(4.30397 -0.0955883 0)
(4.27971 -0.175398 0)
(4.2175 -0.411743 0)
(3.90674 -0.941086 0)
(3.83296 -1.12044 0)
(3.65674 -1.28434 0)
(3.54966 -1.43562 0)
(3.51635 -1.43919 0)
(3.53727 -1.42893 0)
(3.5803 -1.40452 0)
(3.61959 -1.39304 0)
(3.64422 -1.38821 0)
(3.66781 -1.37926 0)
(3.69604 -1.37822 0)
(3.72376 -1.38918 0)
(3.74639 -1.40423 0)
(3.766 -1.4157 0)
(3.77927 -1.42031 0)
(3.78512 -1.41214 0)
(3.79059 -1.39204 0)
(3.80807 -1.36372 0)
(3.82802 -1.34493 0)
(3.84185 -1.33861 0)
(3.86657 -1.33952 0)
(3.90213 -1.34528 0)
(3.92865 -1.3528 0)
(3.94953 -1.35588 0)
(3.96689 -1.35513 0)
(3.97804 -1.354 0)
(3.99493 -1.34049 0)
(3.99769 -1.31111 0)
(3.99556 -1.26253 0)
(4.00526 -1.22358 0)
(4.01598 -1.19462 0)
(4.02639 -1.14966 0)
(4.04271 -1.11275 0)
(4.05944 -1.0909 0)
(4.07641 -1.07631 0)
(4.09083 -1.0754 0)
(4.11251 -1.05583 0)
(4.13403 -1.01035 0)
(4.13252 -0.967679 0)
(4.14647 -0.931557 0)
(4.16129 -0.890432 0)
(4.16142 -0.845997 0)
(4.18094 -0.819499 0)
(4.19319 -0.81878 0)
(4.19749 -0.829006 0)
(4.20559 -0.859596 0)
(4.20827 -0.869498 0)
(4.22597 -0.864697 0)
(4.25586 -0.858568 0)
(4.28267 -0.83403 0)
(4.29087 -0.811934 0)
(4.29657 -0.789323 0)
(4.29737 -0.770111 0)
(4.29968 -0.768979 0)
(4.3055 -0.778699 0)
(4.31226 -0.794273 0)
(4.32522 -0.800809 0)
(4.33865 -0.802065 0)
(4.35071 -0.80245 0)
(4.37104 -0.800052 0)
(4.38624 -0.790777 0)
(4.39635 -0.77449 0)
(4.40144 -0.765148 0)
(4.40762 -0.760583 0)
(4.4226 -0.750827 0)
(4.42977 -0.747713 0)
(4.43973 -0.74746 0)
(4.4432 -0.753175 0)
(4.44673 -0.757797 0)
(4.45886 -0.752863 0)
(4.47692 -0.738072 0)
(4.49089 -0.719096 0)
(4.49609 -0.712533 0)
(4.49792 -0.711415 0)
(4.50642 -0.70496 0)
(4.52547 -0.689168 0)
(4.53607 -0.678347 0)
(4.54192 -0.674081 0)
(4.5494 -0.675985 0)
(4.55334 -0.68332 0)
(4.55588 -0.689001 0)
(4.55782 -0.698413 0)
(4.56832 -0.704411 0)
(4.57551 -0.705515 0)
(4.58383 -0.703586 0)
(4.59683 -0.69576 0)
(4.62041 -0.67071 0)
(4.63512 -0.642122 0)
(4.64159 -0.635864 0)
(4.65138 -0.625693 0)
(4.65986 -0.618968 0)
(4.66042 -0.616639 0)
(4.6654 -0.618173 0)
(4.67494 -0.621203 0)
(4.68321 -0.623352 0)
(4.69095 -0.620988 0)
(4.69937 -0.615861 0)
(4.70878 -0.59866 0)
(4.71488 -0.583137 0)
(4.12835 0.254919 0)
(4.13865 0.244121 0)
(4.1508 0.244336 0)
(4.16851 0.237084 0)
(4.18822 0.209654 0)
(4.19615 0.182061 0)
(4.20208 0.166345 0)
(4.20968 0.15892 0)
(4.20698 0.145085 0)
(4.1889 0.120983 0)
(4.19073 0.103568 0)
(4.20018 0.0915904 0)
(4.2143 0.0784561 0)
(4.23639 0.0745343 0)
(4.25441 0.0786688 0)
(4.26908 0.0724747 0)
(4.2826 0.0578952 0)
(4.28892 0.0423393 0)
(4.29709 0.0326807 0)
(4.30459 0.0252113 0)
(4.30046 0.00801439 0)
(4.27434 -0.0132629 0)
(4.28078 -0.0402406 0)
(4.27528 -0.0694099 0)
(4.22471 -0.219607 0)
(3.9748 -0.68616 0)
(3.91946 -0.971762 0)
(3.63194 -1.33463 0)
(3.55459 -1.37548 0)
(3.55465 -1.3503 0)
(3.56131 -1.34023 0)
(3.56776 -1.35073 0)
(3.57435 -1.37296 0)
(3.58808 -1.36498 0)
(3.61912 -1.33736 0)
(3.64873 -1.31811 0)
(3.67782 -1.32006 0)
(3.71126 -1.33756 0)
(3.73396 -1.35785 0)
(3.75884 -1.37446 0)
(3.78541 -1.38775 0)
(3.80915 -1.39389 0)
(3.83031 -1.38748 0)
(3.84439 -1.36976 0)
(3.84894 -1.33842 0)
(3.862 -1.30878 0)
(3.88104 -1.29727 0)
(3.90094 -1.29865 0)
(3.91883 -1.3067 0)
(3.9375 -1.31868 0)
(3.96004 -1.32905 0)
(3.98601 -1.33383 0)
(4.01472 -1.33896 0)
(4.03974 -1.33578 0)
(4.05891 -1.32486 0)
(4.07461 -1.30918 0)
(4.06356 -1.27912 0)
(4.05395 -1.25421 0)
(4.06166 -1.24792 0)
(4.06895 -1.23819 0)
(4.08157 -1.22956 0)
(4.10209 -1.21827 0)
(4.13044 -1.19205 0)
(4.15601 -1.15939 0)
(4.17574 -1.12202 0)
(4.20418 -1.07702 0)
(4.21807 -1.03385 0)
(4.22001 -0.99674 0)
(4.21391 -0.963954 0)
(4.21303 -0.940993 0)
(4.22011 -0.920886 0)
(4.22806 -0.903845 0)
(4.22964 -0.900777 0)
(4.2359 -0.905716 0)
(4.26006 -0.895888 0)
(4.28518 -0.873493 0)
(4.30178 -0.840029 0)
(4.31109 -0.809203 0)
(4.31515 -0.791286 0)
(4.32364 -0.774956 0)
(4.32897 -0.769132 0)
(4.33418 -0.772531 0)
(4.33521 -0.785008 0)
(4.33635 -0.790498 0)
(4.35188 -0.790306 0)
(4.36891 -0.786309 0)
(4.39505 -0.774764 0)
(4.41776 -0.756222 0)
(4.42724 -0.748273 0)
(4.4388 -0.733598 0)
(4.44156 -0.727091 0)
(4.43877 -0.73479 0)
(4.43824 -0.740018 0)
(4.44385 -0.736494 0)
(4.44975 -0.728881 0)
(4.46102 -0.726855 0)
(4.47788 -0.728005 0)
(4.49917 -0.7229 0)
(4.51891 -0.701072 0)
(4.52604 -0.68087 0)
(4.52755 -0.6783 0)
(4.53064 -0.680037 0)
(4.5427 -0.680563 0)
(4.5483 -0.679639 0)
(4.55262 -0.676511 0)
(4.55561 -0.675884 0)
(4.5531 -0.681397 0)
(4.55819 -0.671482 0)
(4.57684 -0.670348 0)
(4.58619 -0.671463 0)
(4.59516 -0.672909 0)
(4.60669 -0.672751 0)
(4.62614 -0.666177 0)
(4.64676 -0.639635 0)
(4.65815 -0.621579 0)
(4.66398 -0.616403 0)
(4.66672 -0.607305 0)
(4.65862 -0.598015 0)
(4.66143 -0.595094 0)
(4.67499 -0.597363 0)
(4.68426 -0.597772 0)
(4.69453 -0.598426 0)
(4.71235 -0.597434 0)
(4.72977 -0.586267 0)
(4.73883 -0.570945 0)
(4.75231 -0.568678 0)
(4.12421 0.301062 0)
(4.13495 0.288141 0)
(4.14359 0.284536 0)
(4.15904 0.276512 0)
(4.17756 0.247846 0)
(4.18528 0.216583 0)
(4.18874 0.198197 0)
(4.19336 0.187779 0)
(4.18726 0.172238 0)
(4.17993 0.154683 0)
(4.18665 0.150113 0)
(4.19644 0.137601 0)
(4.2127 0.119785 0)
(4.23577 0.11288 0)
(4.25307 0.118727 0)
(4.26381 0.115293 0)
(4.27714 0.0977054 0)
(4.28435 0.077438 0)
(4.29186 0.0630314 0)
(4.29376 0.0513333 0)
(4.2806 0.0287487 0)
(4.26348 -0.0076732 0)
(4.24717 -0.0651219 0)
(4.08605 -0.358949 0)
(3.90833 -0.745831 0)
(3.60728 -1.23759 0)
(3.58935 -1.32787 0)
(3.56036 -1.32066 0)
(3.5604 -1.30344 0)
(3.5657 -1.29602 0)
(3.5688 -1.32649 0)
(3.575 -1.34243 0)
(3.60588 -1.32471 0)
(3.62332 -1.30941 0)
(3.64859 -1.29302 0)
(3.68648 -1.27828 0)
(3.70802 -1.2775 0)
(3.73135 -1.29193 0)
(3.75218 -1.31872 0)
(3.77466 -1.3341 0)
(3.80621 -1.34139 0)
(3.83703 -1.34005 0)
(3.86557 -1.32737 0)
(3.88751 -1.30975 0)
(3.90242 -1.29056 0)
(3.89954 -1.26432 0)
(3.90001 -1.25487 0)
(3.919 -1.26291 0)
(3.93782 -1.27001 0)
(3.95515 -1.27492 0)
(3.97476 -1.27882 0)
(4.00394 -1.28438 0)
(4.03258 -1.29029 0)
(4.06202 -1.29749 0)
(4.0853 -1.29979 0)
(4.10675 -1.29822 0)
(4.11642 -1.28084 0)
(4.0904 -1.24389 0)
(4.0784 -1.22958 0)
(4.08444 -1.23115 0)
(4.09601 -1.23202 0)
(4.11381 -1.22909 0)
(4.1474 -1.21903 0)
(4.18967 -1.19791 0)
(4.22223 -1.17842 0)
(4.23967 -1.16365 0)
(4.24926 -1.15979 0)
(4.25733 -1.15121 0)
(4.25472 -1.12277 0)
(4.24693 -1.08774 0)
(4.2481 -1.06179 0)
(4.25463 -1.04495 0)
(4.26259 -1.01829 0)
(4.26913 -0.987608 0)
(4.28289 -0.962193 0)
(4.31019 -0.93901 0)
(4.34764 -0.908532 0)
(4.37201 -0.884124 0)
(4.38085 -0.874525 0)
(4.38698 -0.858511 0)
(4.38294 -0.839651 0)
(4.37662 -0.809719 0)
(4.36822 -0.793767 0)
(4.36715 -0.79477 0)
(4.36909 -0.795135 0)
(4.38033 -0.783445 0)
(4.40708 -0.76178 0)
(4.4356 -0.739175 0)
(4.44611 -0.733691 0)
(4.46271 -0.726702 0)
(4.47112 -0.717814 0)
(4.46081 -0.721752 0)
(4.45072 -0.725896 0)
(4.45152 -0.722466 0)
(4.4681 -0.716748 0)
(4.48548 -0.713429 0)
(4.51421 -0.70525 0)
(4.52692 -0.694867 0)
(4.54042 -0.678845 0)
(4.55223 -0.661382 0)
(4.55733 -0.657111 0)
(4.5532 -0.662631 0)
(4.55408 -0.670045 0)
(4.55824 -0.675346 0)
(4.56198 -0.677908 0)
(4.56397 -0.676508 0)
(4.56481 -0.666585 0)
(4.58357 -0.655157 0)
(4.59806 -0.645883 0)
(4.60892 -0.643271 0)
(4.61798 -0.644978 0)
(4.63021 -0.644714 0)
(4.65236 -0.633462 0)
(4.66948 -0.618561 0)
(4.67601 -0.610951 0)
(4.67958 -0.605997 0)
(4.67371 -0.597042 0)
(4.66149 -0.583058 0)
(4.67274 -0.577672 0)
(4.68475 -0.575763 0)
(4.69503 -0.573727 0)
(4.7055 -0.570919 0)
(4.72654 -0.566342 0)
(4.74967 -0.559488 0)
(4.75949 -0.557563 0)
(4.77723 -0.560166 0)
(4.1159 0.350021 0)
(4.12912 0.331792 0)
(4.1393 0.314534 0)
(4.15337 0.302392 0)
(4.16895 0.276729 0)
(4.17312 0.250412 0)
(4.1727 0.233523 0)
(4.17201 0.21991 0)
(4.17019 0.200501 0)
(4.17887 0.191925 0)
(4.18831 0.185335 0)
(4.19937 0.167743 0)
(4.21552 0.149171 0)
(4.23797 0.145609 0)
(4.2518 0.154598 0)
(4.25947 0.152844 0)
(4.2711 0.134328 0)
(4.27908 0.112206 0)
(4.28256 0.0976599 0)
(4.27605 0.0725406 0)
(4.25142 0.00700243 0)
(4.15154 -0.172351 0)
(4.03057 -0.458503 0)
(3.68453 -1.00048 0)
(3.53368 -1.24572 0)
(3.53907 -1.24813 0)
(3.53368 -1.28523 0)
(3.54036 -1.29098 0)
(3.55354 -1.29735 0)
(3.57665 -1.29218 0)
(3.6013 -1.29207 0)
(3.62551 -1.29218 0)
(3.64991 -1.28849 0)
(3.67238 -1.26151 0)
(3.6862 -1.2317 0)
(3.7051 -1.22624 0)
(3.72888 -1.24034 0)
(3.75049 -1.26339 0)
(3.77512 -1.28208 0)
(3.7951 -1.28898 0)
(3.82262 -1.28896 0)
(3.86155 -1.28605 0)
(3.89517 -1.27823 0)
(3.91553 -1.27303 0)
(3.93669 -1.26969 0)
(3.94846 -1.25713 0)
(3.93324 -1.22719 0)
(3.9291 -1.21024 0)
(3.9487 -1.21248 0)
(3.96677 -1.21728 0)
(3.98542 -1.22362 0)
(4.01902 -1.23371 0)
(4.05643 -1.23823 0)
(4.08016 -1.23995 0)
(4.10286 -1.24637 0)
(4.12123 -1.25285 0)
(4.1382 -1.25758 0)
(4.13429 -1.24567 0)
(4.11018 -1.21409 0)
(4.119 -1.202 0)
(4.13513 -1.20297 0)
(4.14816 -1.19625 0)
(4.17142 -1.18229 0)
(4.20338 -1.17494 0)
(4.23774 -1.1785 0)
(4.25565 -1.18202 0)
(4.26741 -1.18491 0)
(4.28414 -1.18489 0)
(4.29511 -1.1788 0)
(4.28399 -1.1551 0)
(4.27221 -1.12156 0)
(4.27871 -1.10242 0)
(4.28749 -1.09146 0)
(4.30888 -1.08012 0)
(4.33323 -1.05642 0)
(4.35388 -1.02338 0)
(4.37798 -1.00884 0)
(4.39345 -1.00107 0)
(4.40381 -0.988971 0)
(4.40582 -0.969849 0)
(4.4053 -0.93636 0)
(4.40514 -0.903849 0)
(4.40449 -0.881517 0)
(4.40065 -0.852068 0)
(4.40325 -0.836013 0)
(4.42462 -0.815483 0)
(4.46569 -0.781742 0)
(4.49316 -0.760841 0)
(4.49758 -0.757887 0)
(4.50097 -0.753965 0)
(4.49979 -0.739211 0)
(4.49034 -0.713658 0)
(4.48466 -0.706617 0)
(4.48566 -0.708351 0)
(4.48889 -0.710716 0)
(4.50245 -0.708265 0)
(4.53237 -0.695109 0)
(4.54932 -0.678588 0)
(4.55559 -0.669599 0)
(4.56513 -0.656538 0)
(4.57329 -0.644261 0)
(4.56855 -0.641518 0)
(4.56866 -0.652541 0)
(4.57058 -0.657567 0)
(4.57734 -0.665582 0)
(4.58172 -0.66521 0)
(4.58832 -0.659572 0)
(4.60829 -0.6413 0)
(4.6195 -0.624476 0)
(4.63118 -0.617942 0)
(4.64132 -0.612154 0)
(4.65124 -0.610686 0)
(4.66238 -0.60821 0)
(4.68004 -0.603418 0)
(4.69524 -0.595643 0)
(4.69661 -0.595394 0)
(4.68744 -0.596323 0)
(4.67986 -0.584152 0)
(4.68484 -0.563001 0)
(4.70004 -0.553253 0)
(4.71229 -0.550702 0)
(4.7212 -0.546727 0)
(4.73818 -0.539878 0)
(4.7584 -0.535183 0)
(4.76626 -0.539109 0)
(4.78661 -0.546509 0)
(4.10732 0.394938 0)
(4.1198 0.372768 0)
(4.13444 0.340095 0)
(4.14681 0.32566 0)
(4.156 0.312404 0)
(4.15836 0.287904 0)
(4.15554 0.269696 0)
(4.15071 0.251244 0)
(4.16027 0.23452 0)
(4.17815 0.232345 0)
(4.19 0.223225 0)
(4.20069 0.204887 0)
(4.2162 0.187724 0)
(4.23627 0.186447 0)
(4.24605 0.197159 0)
(4.25338 0.192935 0)
(4.26918 0.162938 0)
(4.26937 0.150623 0)
(4.26377 0.0976984 0)
(4.2159 -0.00588396 0)
(4.10524 -0.248948 0)
(3.77102 -0.790322 0)
(3.54908 -1.14003 0)
(3.57098 -1.12717 0)
(3.51727 -1.21951 0)
(3.50087 -1.25114 0)
(3.50389 -1.26818 0)
(3.54677 -1.26757 0)
(3.58908 -1.24966 0)
(3.62749 -1.23425 0)
(3.65441 -1.2407 0)
(3.67233 -1.24415 0)
(3.68461 -1.24051 0)
(3.70054 -1.23537 0)
(3.7201 -1.23184 0)
(3.74281 -1.2213 0)
(3.75925 -1.21336 0)
(3.77583 -1.2174 0)
(3.79996 -1.22513 0)
(3.81862 -1.23049 0)
(3.83918 -1.2378 0)
(3.87554 -1.24481 0)
(3.91632 -1.23514 0)
(3.93419 -1.22445 0)
(3.95592 -1.22105 0)
(3.97687 -1.2191 0)
(3.979 -1.20365 0)
(3.9476 -1.16963 0)
(3.94423 -1.15119 0)
(3.96617 -1.15015 0)
(3.98711 -1.15239 0)
(4.01778 -1.15891 0)
(4.06938 -1.17775 0)
(4.10025 -1.19187 0)
(4.11857 -1.1977 0)
(4.13803 -1.2027 0)
(4.15627 -1.20574 0)
(4.16761 -1.20323 0)
(4.15418 -1.18347 0)
(4.14142 -1.15523 0)
(4.15741 -1.146 0)
(4.17003 -1.14621 0)
(4.19472 -1.14775 0)
(4.2198 -1.1407 0)
(4.23642 -1.13837 0)
(4.26196 -1.14319 0)
(4.28248 -1.15124 0)
(4.30162 -1.15975 0)
(4.32157 -1.16761 0)
(4.33256 -1.16261 0)
(4.33002 -1.12881 0)
(4.33108 -1.09179 0)
(4.3394 -1.07642 0)
(4.34534 -1.07412 0)
(4.36429 -1.07316 0)
(4.38017 -1.07021 0)
(4.39814 -1.07369 0)
(4.41011 -1.07448 0)
(4.42236 -1.06728 0)
(4.43186 -1.05893 0)
(4.43826 -1.04451 0)
(4.43902 -1.01316 0)
(4.44733 -0.980275 0)
(4.45902 -0.958808 0)
(4.46689 -0.924868 0)
(4.4745 -0.886555 0)
(4.492 -0.855457 0)
(4.51261 -0.834555 0)
(4.51702 -0.826154 0)
(4.5136 -0.821906 0)
(4.5054 -0.80931 0)
(4.50567 -0.791231 0)
(4.51312 -0.771607 0)
(4.52075 -0.758858 0)
(4.53117 -0.748736 0)
(4.55433 -0.733093 0)
(4.58528 -0.704634 0)
(4.59562 -0.68453 0)
(4.59659 -0.679656 0)
(4.59836 -0.668444 0)
(4.60123 -0.637359 0)
(4.59823 -0.629094 0)
(4.59609 -0.634977 0)
(4.59552 -0.641156 0)
(4.59656 -0.65157 0)
(4.5985 -0.649604 0)
(4.61288 -0.632415 0)
(4.64171 -0.603737 0)
(4.65554 -0.585454 0)
(4.66323 -0.576897 0)
(4.6688 -0.574147 0)
(4.66765 -0.573925 0)
(4.66995 -0.576067 0)
(4.68167 -0.584819 0)
(4.69615 -0.584792 0)
(4.71124 -0.580138 0)
(4.71662 -0.57661 0)
(4.71833 -0.574895 0)
(4.71975 -0.571337 0)
(4.72698 -0.553393 0)
(4.73299 -0.534265 0)
(4.7353 -0.519404 0)
(4.74953 -0.511871 0)
(4.76246 -0.510911 0)
(4.77303 -0.51703 0)
(4.78703 -0.525363 0)
(4.09989 0.431763 0)
(4.11439 0.398207 0)
(4.12833 0.366559 0)
(4.13933 0.351627 0)
(4.14172 0.350042 0)
(4.1431 0.325854 0)
(4.14045 0.300125 0)
(4.13736 0.284414 0)
(4.15508 0.26854 0)
(4.18016 0.267695 0)
(4.19408 0.256254 0)
(4.20365 0.236569 0)
(4.21768 0.219829 0)
(4.2341 0.222093 0)
(4.24198 0.232265 0)
(4.25313 0.217916 0)
(4.25685 0.200188 0)
(4.23057 0.128794 0)
(4.1602 -0.0635317 0)
(3.91233 -0.529416 0)
(3.67965 -0.92197 0)
(3.54255 -1.13699 0)
(3.47017 -1.22527 0)
(3.48138 -1.22361 0)
(3.51514 -1.20623 0)
(3.54413 -1.19537 0)
(3.57012 -1.19441 0)
(3.5999 -1.20417 0)
(3.62808 -1.20749 0)
(3.65692 -1.20564 0)
(3.6826 -1.20868 0)
(3.69834 -1.21853 0)
(3.7145 -1.22571 0)
(3.73507 -1.22247 0)
(3.76225 -1.20273 0)
(3.78102 -1.17863 0)
(3.78192 -1.16238 0)
(3.79158 -1.16101 0)
(3.81177 -1.16613 0)
(3.82915 -1.16933 0)
(3.84831 -1.17462 0)
(3.88455 -1.18394 0)
(3.92932 -1.18525 0)
(3.95052 -1.18344 0)
(3.97238 -1.18616 0)
(3.99444 -1.19055 0)
(4.01087 -1.19127 0)
(4.00481 -1.17518 0)
(3.98645 -1.144 0)
(4.00067 -1.12677 0)
(4.0234 -1.11839 0)
(4.046 -1.11217 0)
(4.07138 -1.11336 0)
(4.1075 -1.12396 0)
(4.12728 -1.13347 0)
(4.14796 -1.14379 0)
(4.16453 -1.15236 0)
(4.18086 -1.15722 0)
(4.19139 -1.15101 0)
(4.18139 -1.1246 0)
(4.18042 -1.10179 0)
(4.1956 -1.09517 0)
(4.21241 -1.0893 0)
(4.22896 -1.08829 0)
(4.25092 -1.09144 0)
(4.27197 -1.09419 0)
(4.2906 -1.09903 0)
(4.30821 -1.1047 0)
(4.32588 -1.10757 0)
(4.34247 -1.10871 0)
(4.35748 -1.10502 0)
(4.36699 -1.09337 0)
(4.37328 -1.07436 0)
(4.37752 -1.04827 0)
(4.38224 -1.0395 0)
(4.394 -1.04422 0)
(4.40646 -1.04733 0)
(4.41832 -1.05155 0)
(4.4311 -1.05543 0)
(4.44816 -1.05853 0)
(4.46412 -1.05308 0)
(4.47939 -1.03235 0)
(4.48807 -1.01955 0)
(4.49732 -0.999527 0)
(4.50892 -0.980028 0)
(4.51524 -0.970209 0)
(4.52094 -0.965701 0)
(4.52935 -0.960586 0)
(4.53899 -0.950941 0)
(4.54095 -0.939424 0)
(4.5428 -0.922601 0)
(4.53977 -0.893544 0)
(4.54456 -0.856894 0)
(4.56153 -0.832905 0)
(4.57416 -0.804388 0)
(4.58882 -0.784985 0)
(4.61133 -0.762798 0)
(4.62528 -0.731854 0)
(4.62713 -0.720119 0)
(4.6234 -0.700969 0)
(4.61872 -0.682072 0)
(4.61982 -0.670974 0)
(4.62105 -0.661474 0)
(4.62469 -0.6469 0)
(4.62905 -0.638507 0)
(4.63541 -0.635091 0)
(4.65058 -0.624171 0)
(4.67504 -0.59806 0)
(4.68551 -0.582264 0)
(4.6884 -0.57172 0)
(4.69103 -0.559106 0)
(4.68786 -0.553598 0)
(4.68091 -0.554522 0)
(4.69346 -0.560318 0)
(4.7035 -0.564542 0)
(4.71359 -0.565601 0)
(4.73271 -0.559831 0)
(4.75185 -0.546533 0)
(4.7562 -0.540187 0)
(4.7595 -0.536232 0)
(4.76325 -0.523647 0)
(4.75794 -0.509459 0)
(4.75317 -0.500805 0)
(4.76613 -0.502523 0)
(4.77756 -0.507186 0)
(4.78909 -0.514262 0)
(4.09463 0.458306 0)
(4.10969 0.418203 0)
(4.12253 0.394637 0)
(4.13077 0.38751 0)
(4.12892 0.387066 0)
(4.12692 0.362461 0)
(4.12819 0.325265 0)
(4.13568 0.314812 0)
(4.15224 0.310188 0)
(4.18154 0.305368 0)
(4.19455 0.294921 0)
(4.20152 0.273427 0)
(4.21291 0.269219 0)
(4.22993 0.256078 0)
(4.23803 0.258717 0)
(4.23142 0.232283 0)
(4.17715 0.0938598 0)
(4.03241 -0.243081 0)
(3.73742 -0.815042 0)
(3.6153 -1.02346 0)
(3.52458 -1.1148 0)
(3.48707 -1.20035 0)
(3.47941 -1.23247 0)
(3.51331 -1.21635 0)
(3.54704 -1.15579 0)
(3.57873 -1.11763 0)
(3.60595 -1.12764 0)
(3.62939 -1.14219 0)
(3.64299 -1.17299 0)
(3.66172 -1.1959 0)
(3.68445 -1.19923 0)
(3.71791 -1.18602 0)
(3.75561 -1.16496 0)
(3.77514 -1.16323 0)
(3.80084 -1.16803 0)
(3.81556 -1.15823 0)
(3.80314 -1.12965 0)
(3.81116 -1.11706 0)
(3.83385 -1.12042 0)
(3.8537 -1.12484 0)
(3.87576 -1.13114 0)
(3.91702 -1.13781 0)
(3.94979 -1.13752 0)
(3.96407 -1.13898 0)
(3.98856 -1.1399 0)
(4.01053 -1.142 0)
(4.031 -1.14649 0)
(4.04408 -1.14495 0)
(4.03622 -1.12231 0)
(4.03345 -1.09348 0)
(4.0529 -1.08084 0)
(4.07221 -1.07265 0)
(4.09284 -1.06763 0)
(4.11283 -1.07156 0)
(4.13654 -1.08176 0)
(4.16036 -1.09218 0)
(4.17811 -1.10013 0)
(4.19306 -1.10519 0)
(4.20776 -1.10819 0)
(4.21848 -1.10349 0)
(4.22203 -1.07746 0)
(4.22441 -1.05385 0)
(4.23339 -1.04837 0)
(4.24954 -1.04741 0)
(4.26844 -1.0464 0)
(4.28424 -1.04648 0)
(4.2995 -1.05075 0)
(4.31783 -1.05585 0)
(4.33338 -1.05918 0)
(4.35129 -1.06063 0)
(4.37019 -1.05953 0)
(4.39008 -1.0523 0)
(4.40348 -1.04121 0)
(4.40668 -1.02963 0)
(4.40449 -1.0195 0)
(4.40592 -1.01612 0)
(4.42208 -1.00703 0)
(4.43429 -1.00076 0)
(4.44608 -1.00363 0)
(4.46199 -1.00848 0)
(4.47455 -1.01172 0)
(4.49196 -1.01211 0)
(4.51218 -1.0089 0)
(4.53047 -0.996621 0)
(4.53438 -0.97945 0)
(4.52638 -0.967883 0)
(4.53444 -0.966035 0)
(4.54525 -0.968204 0)
(4.55406 -0.969946 0)
(4.56535 -0.966964 0)
(4.57447 -0.945836 0)
(4.57865 -0.928529 0)
(4.57648 -0.917692 0)
(4.59966 -0.899866 0)
(4.6124 -0.890008 0)
(4.62467 -0.885701 0)
(4.63865 -0.882637 0)
(4.65147 -0.872921 0)
(4.65486 -0.850653 0)
(4.65251 -0.830865 0)
(4.64852 -0.804775 0)
(4.64836 -0.753776 0)
(4.64982 -0.726025 0)
(4.65116 -0.712928 0)
(4.65396 -0.685119 0)
(4.66616 -0.656117 0)
(4.68681 -0.635454 0)
(4.7108 -0.61653 0)
(4.71802 -0.610939 0)
(4.71651 -0.612181 0)
(4.71774 -0.611245 0)
(4.71913 -0.600762 0)
(4.71355 -0.575242 0)
(4.71161 -0.54834 0)
(4.71866 -0.54095 0)
(4.72268 -0.539943 0)
(4.73747 -0.535604 0)
(4.76133 -0.526171 0)
(4.77166 -0.52392 0)
(4.77602 -0.523141 0)
(4.7814 -0.516626 0)
(4.78222 -0.507555 0)
(4.7771 -0.499669 0)
(4.77679 -0.492595 0)
(4.78413 -0.49331 0)
(4.79232 -0.488156 0)
(4.09328 0.474337 0)
(4.10516 0.440906 0)
(4.1159 0.431007 0)
(4.12071 0.430719 0)
(4.11472 0.424126 0)
(4.1179 0.385535 0)
(4.12337 0.352471 0)
(4.13715 0.346804 0)
(4.15757 0.353873 0)
(4.17903 0.346607 0)
(4.1934 0.331197 0)
(4.19972 0.30674 0)
(4.20737 0.301752 0)
(4.22635 0.283595 0)
(4.21094 0.239956 0)
(4.11905 0.0381556 0)
(3.84079 -0.493905 0)
(3.55574 -1.00355 0)
(3.56222 -1.02932 0)
(3.49671 -1.11249 0)
(3.47708 -1.16223 0)
(3.49671 -1.19065 0)
(3.53488 -1.18267 0)
(3.56696 -1.14126 0)
(3.59246 -1.09455 0)
(3.61455 -1.06756 0)
(3.62889 -1.08927 0)
(3.63732 -1.13429 0)
(3.64931 -1.14316 0)
(3.66903 -1.14136 0)
(3.69695 -1.13263 0)
(3.74596 -1.1238 0)
(3.788 -1.11892 0)
(3.81126 -1.12599 0)
(3.83362 -1.14189 0)
(3.84166 -1.15224 0)
(3.84029 -1.13399 0)
(3.84219 -1.09421 0)
(3.86198 -1.07332 0)
(3.8859 -1.06783 0)
(3.90881 -1.06548 0)
(3.93249 -1.07088 0)
(3.9652 -1.08596 0)
(3.98117 -1.09237 0)
(3.99998 -1.09701 0)
(4.02392 -1.0993 0)
(4.04691 -1.1018 0)
(4.06932 -1.10539 0)
(4.08313 -1.09803 0)
(4.07768 -1.07749 0)
(4.08421 -1.05874 0)
(4.10013 -1.04823 0)
(4.11496 -1.04196 0)
(4.13107 -1.03766 0)
(4.14809 -1.03374 0)
(4.16898 -1.03457 0)
(4.1875 -1.03929 0)
(4.20359 -1.04547 0)
(4.22207 -1.049 0)
(4.23733 -1.04672 0)
(4.25242 -1.04043 0)
(4.26234 -1.02754 0)
(4.26307 -1.01867 0)
(4.26842 -1.01575 0)
(4.28147 -1.01026 0)
(4.29549 -1.00162 0)
(4.31037 -0.996192 0)
(4.32444 -0.993961 0)
(4.3417 -0.992303 0)
(4.36083 -0.992853 0)
(4.38145 -0.995914 0)
(4.40027 -0.999684 0)
(4.41487 -1.00215 0)
(4.42856 -0.997051 0)
(4.4318 -0.980432 0)
(4.42165 -0.963021 0)
(4.42033 -0.952497 0)
(4.44579 -0.959135 0)
(4.46435 -0.96346 0)
(4.47908 -0.965088 0)
(4.49149 -0.963862 0)
(4.50279 -0.962204 0)
(4.51641 -0.963088 0)
(4.53353 -0.963958 0)
(4.55063 -0.959407 0)
(4.55689 -0.943959 0)
(4.55419 -0.930283 0)
(4.56527 -0.931278 0)
(4.57139 -0.933675 0)
(4.57897 -0.935208 0)
(4.58922 -0.925833 0)
(4.59491 -0.916713 0)
(4.60512 -0.904551 0)
(4.61352 -0.900288 0)
(4.62129 -0.895951 0)
(4.64674 -0.896452 0)
(4.65906 -0.898565 0)
(4.66913 -0.897801 0)
(4.6819 -0.892671 0)
(4.68261 -0.88423 0)
(4.67662 -0.876057 0)
(4.6718 -0.845018 0)
(4.6796 -0.804839 0)
(4.68411 -0.788812 0)
(4.68984 -0.777874 0)
(4.70124 -0.753285 0)
(4.72128 -0.732585 0)
(4.73952 -0.727277 0)
(4.75382 -0.719917 0)
(4.74774 -0.700235 0)
(4.73871 -0.689778 0)
(4.73172 -0.66751 0)
(4.73886 -0.655416 0)
(4.73406 -0.623498 0)
(4.72865 -0.57388 0)
(4.7444 -0.538201 0)
(4.76546 -0.517125 0)
(4.79118 -0.51173 0)
(4.8077 -0.516711 0)
(4.81056 -0.518917 0)
(4.81478 -0.519491 0)
(4.8108 -0.518089 0)
(4.79562 -0.513356 0)
(4.78578 -0.49974 0)
(4.78711 -0.486992 0)
(4.79555 -0.469384 0)
(4.09011 0.494411 0)
(4.09968 0.472336 0)
(4.10896 0.473325 0)
(4.11167 0.472618 0)
(4.10451 0.452133 0)
(4.11593 0.411169 0)
(4.12429 0.386151 0)
(4.14122 0.381777 0)
(4.16315 0.392646 0)
(4.17404 0.39261 0)
(4.19022 0.364388 0)
(4.19052 0.348066 0)
(4.18691 0.311116 0)
(4.15691 0.197412 0)
(3.97989 -0.191719 0)
(3.7112 -0.607305 0)
(3.58906 -0.886134 0)
(3.43703 -1.14366 0)
(3.39667 -1.17333 0)
(3.44099 -1.14942 0)
(3.50333 -1.09681 0)
(3.55207 -1.07905 0)
(3.58958 -1.07226 0)
(3.61786 -1.07264 0)
(3.6381 -1.06113 0)
(3.63754 -1.07184 0)
(3.63698 -1.08781 0)
(3.64964 -1.09179 0)
(3.66517 -1.09517 0)
(3.69543 -1.09214 0)
(3.74413 -1.07169 0)
(3.77295 -1.06373 0)
(3.80914 -1.07416 0)
(3.83718 -1.09038 0)
(3.85392 -1.10759 0)
(3.86563 -1.11652 0)
(3.88164 -1.10883 0)
(3.89493 -1.08072 0)
(3.8996 -1.04149 0)
(3.91572 -1.02402 0)
(3.93818 -1.02278 0)
(3.95857 -1.02452 0)
(3.97385 -1.02913 0)
(3.99911 -1.04163 0)
(4.01911 -1.04832 0)
(4.03931 -1.05271 0)
(4.06431 -1.05808 0)
(4.08837 -1.06451 0)
(4.10891 -1.06658 0)
(4.12037 -1.05207 0)
(4.12233 -1.02379 0)
(4.12284 -1.00303 0)
(4.13297 -1.00135 0)
(4.14696 -1.00496 0)
(4.16315 -1.00431 0)
(4.17919 -0.993583 0)
(4.1994 -0.985644 0)
(4.21654 -0.986432 0)
(4.23169 -0.987722 0)
(4.25606 -0.990864 0)
(4.27223 -0.991789 0)
(4.29236 -0.991029 0)
(4.30047 -0.984616 0)
(4.29336 -0.977237 0)
(4.28988 -0.967483 0)
(4.31023 -0.960932 0)
(4.32968 -0.958665 0)
(4.34337 -0.957348 0)
(4.35978 -0.953721 0)
(4.3813 -0.951567 0)
(4.40143 -0.950635 0)
(4.41926 -0.948835 0)
(4.432 -0.949019 0)
(4.4414 -0.950244 0)
(4.44655 -0.949592 0)
(4.44764 -0.947797 0)
(4.45479 -0.940887 0)
(4.46836 -0.924279 0)
(4.47944 -0.908053 0)
(4.48916 -0.900545 0)
(4.49888 -0.89936 0)
(4.50939 -0.902203 0)
(4.52091 -0.906461 0)
(4.53483 -0.909351 0)
(4.55095 -0.912109 0)
(4.56696 -0.914823 0)
(4.5743 -0.909551 0)
(4.58503 -0.903483 0)
(4.59845 -0.904672 0)
(4.60689 -0.90206 0)
(4.61298 -0.897221 0)
(4.61889 -0.894765 0)
(4.62957 -0.890011 0)
(4.64099 -0.880584 0)
(4.63982 -0.871336 0)
(4.65489 -0.872169 0)
(4.66997 -0.875303 0)
(4.67862 -0.877686 0)
(4.69216 -0.877449 0)
(4.70448 -0.869234 0)
(4.70967 -0.858391 0)
(4.71054 -0.851482 0)
(4.70744 -0.831118 0)
(4.70311 -0.808407 0)
(4.71372 -0.799468 0)
(4.72371 -0.795022 0)
(4.74393 -0.793633 0)
(4.75721 -0.79411 0)
(4.77057 -0.797656 0)
(4.78173 -0.803123 0)
(4.78125 -0.798306 0)
(4.76561 -0.78108 0)
(4.76098 -0.748048 0)
(4.77005 -0.719872 0)
(4.77168 -0.679119 0)
(4.77606 -0.626881 0)
(4.79497 -0.58379 0)
(4.8196 -0.552607 0)
(4.83897 -0.531599 0)
(4.84051 -0.525424 0)
(4.83491 -0.525353 0)
(4.8272 -0.527175 0)
(4.81408 -0.531271 0)
(4.8036 -0.529898 0)
(4.79202 -0.508391 0)
(4.80766 -0.467992 0)
(4.08524 0.522067 0)
(4.09407 0.509894 0)
(4.10354 0.515901 0)
(4.10574 0.508647 0)
(4.10316 0.476895 0)
(4.11804 0.445953 0)
(4.12627 0.424252 0)
(4.14715 0.417892 0)
(4.16528 0.433832 0)
(4.17505 0.429957 0)
(4.17526 0.389077 0)
(4.15691 0.312602 0)
(4.05199 0.0507834 0)
(3.78569 -0.450235 0)
(3.67147 -0.724326 0)
(3.42137 -0.968961 0)
(3.38919 -1.1255 0)
(3.41278 -1.13127 0)
(3.44008 -1.09833 0)
(3.505 -1.05005 0)
(3.54834 -1.00661 0)
(3.59307 -1.01344 0)
(3.63161 -1.03146 0)
(3.65354 -1.04939 0)
(3.64818 -1.07885 0)
(3.64809 -1.07725 0)
(3.65948 -1.05739 0)
(3.68112 -1.04667 0)
(3.7108 -1.03482 0)
(3.73991 -1.01776 0)
(3.76849 -1.01962 0)
(3.79916 -1.02743 0)
(3.8231 -1.03617 0)
(3.8483 -1.04465 0)
(3.87018 -1.04917 0)
(3.89296 -1.055 0)
(3.91268 -1.0621 0)
(3.93661 -1.06521 0)
(3.95414 -1.04856 0)
(3.95526 -1.0139 0)
(3.96251 -0.990998 0)
(3.98184 -0.985428 0)
(4.00009 -0.985594 0)
(4.01636 -0.98747 0)
(4.03329 -0.994626 0)
(4.05474 -1.00474 0)
(4.07814 -1.01149 0)
(4.10155 -1.01319 0)
(4.12437 -1.0084 0)
(4.14391 -1.00137 0)
(4.16167 -0.996051 0)
(4.16633 -0.985246 0)
(4.16163 -0.975713 0)
(4.16989 -0.977484 0)
(4.18142 -0.979992 0)
(4.19788 -0.974564 0)
(4.22002 -0.957605 0)
(4.24491 -0.951469 0)
(4.26381 -0.946035 0)
(4.28186 -0.945658 0)
(4.30137 -0.947741 0)
(4.31863 -0.94795 0)
(4.32717 -0.946217 0)
(4.32166 -0.94702 0)
(4.31515 -0.941635 0)
(4.33663 -0.931773 0)
(4.35377 -0.921385 0)
(4.36607 -0.915632 0)
(4.38173 -0.90894 0)
(4.39971 -0.899286 0)
(4.41738 -0.893713 0)
(4.43285 -0.892149 0)
(4.44422 -0.892632 0)
(4.452 -0.894752 0)
(4.45761 -0.898133 0)
(4.46256 -0.904586 0)
(4.47048 -0.912637 0)
(4.48787 -0.912798 0)
(4.50964 -0.903348 0)
(4.52613 -0.887325 0)
(4.53428 -0.869045 0)
(4.53548 -0.854437 0)
(4.53796 -0.849915 0)
(4.54693 -0.853205 0)
(4.55875 -0.857955 0)
(4.5723 -0.860363 0)
(4.58422 -0.857604 0)
(4.59614 -0.849536 0)
(4.61528 -0.849837 0)
(4.62526 -0.851373 0)
(4.63274 -0.85216 0)
(4.6394 -0.850289 0)
(4.64589 -0.841814 0)
(4.65331 -0.832604 0)
(4.65785 -0.827584 0)
(4.66162 -0.830334 0)
(4.68501 -0.837041 0)
(4.69592 -0.83945 0)
(4.70428 -0.84167 0)
(4.71985 -0.842844 0)
(4.73167 -0.83655 0)
(4.73702 -0.832016 0)
(4.74715 -0.819038 0)
(4.74423 -0.794929 0)
(4.72984 -0.77764 0)
(4.72905 -0.777698 0)
(4.74036 -0.778742 0)
(4.76947 -0.781588 0)
(4.7817 -0.785552 0)
(4.79084 -0.788455 0)
(4.79993 -0.788963 0)
(4.79799 -0.790007 0)
(4.79294 -0.787562 0)
(4.79177 -0.765295 0)
(4.8032 -0.738498 0)
(4.80728 -0.700506 0)
(4.81497 -0.671367 0)
(4.83314 -0.658211 0)
(4.84953 -0.653682 0)
(4.8684 -0.65032 0)
(4.86469 -0.635857 0)
(4.85625 -0.617835 0)
(4.85206 -0.60419 0)
(4.83896 -0.582209 0)
(4.82368 -0.574933 0)
(4.82262 -0.524093 0)
(4.08073 0.554829 0)
(4.08901 0.548464 0)
(4.10026 0.55458 0)
(4.10307 0.53812 0)
(4.10754 0.510835 0)
(4.12078 0.48435 0)
(4.12972 0.4584 0)
(4.14975 0.466488 0)
(4.16886 0.459026 0)
(4.15936 0.423613 0)
(4.08546 0.243159 0)
(3.85772 -0.214219 0)
(3.73205 -0.581336 0)
(3.44327 -1.01846 0)
(3.36612 -1.06091 0)
(3.41816 -1.01659 0)
(3.43913 -1.00413 0)
(3.47173 -1.00645 0)
(3.50766 -1.00187 0)
(3.54261 -0.979999 0)
(3.56675 -0.966274 0)
(3.61123 -0.98556 0)
(3.63897 -1.02521 0)
(3.65124 -1.05602 0)
(3.66794 -1.05862 0)
(3.68963 -1.04153 0)
(3.71111 -1.01281 0)
(3.72988 -0.990446 0)
(3.74826 -0.968513 0)
(3.76231 -0.957461 0)
(3.7873 -0.970363 0)
(3.81508 -0.982354 0)
(3.8393 -0.990314 0)
(3.86517 -0.994952 0)
(3.89983 -1.00022 0)
(3.91812 -1.00306 0)
(3.94211 -1.01181 0)
(3.96529 -1.02189 0)
(3.98678 -1.02693 0)
(4.00118 -1.0124 0)
(4.00373 -0.974781 0)
(4.00312 -0.940363 0)
(4.01127 -0.931185 0)
(4.0281 -0.93664 0)
(4.04953 -0.945766 0)
(4.07 -0.954754 0)
(4.08979 -0.960771 0)
(4.11939 -0.961648 0)
(4.14611 -0.956201 0)
(4.16689 -0.956088 0)
(4.19413 -0.955483 0)
(4.20932 -0.950171 0)
(4.1967 -0.938578 0)
(4.19574 -0.930678 0)
(4.20422 -0.930657 0)
(4.2172 -0.928753 0)
(4.24219 -0.918491 0)
(4.26742 -0.905268 0)
(4.28997 -0.898834 0)
(4.31062 -0.897521 0)
(4.32768 -0.897404 0)
(4.34071 -0.893028 0)
(4.34543 -0.892273 0)
(4.33965 -0.891175 0)
(4.34266 -0.887421 0)
(4.36222 -0.89167 0)
(4.37735 -0.891118 0)
(4.3904 -0.887393 0)
(4.40579 -0.88395 0)
(4.42538 -0.878192 0)
(4.44551 -0.872035 0)
(4.46026 -0.863885 0)
(4.46402 -0.852236 0)
(4.45856 -0.841481 0)
(4.4616 -0.841708 0)
(4.47361 -0.8482 0)
(4.48683 -0.854671 0)
(4.50584 -0.856992 0)
(4.52876 -0.856766 0)
(4.54881 -0.85132 0)
(4.56463 -0.842548 0)
(4.57435 -0.82997 0)
(4.57357 -0.815994 0)
(4.57042 -0.809935 0)
(4.57668 -0.810147 0)
(4.58428 -0.810918 0)
(4.59201 -0.81258 0)
(4.60501 -0.811198 0)
(4.62645 -0.807895 0)
(4.64225 -0.805414 0)
(4.65113 -0.804412 0)
(4.65571 -0.802179 0)
(4.65848 -0.800105 0)
(4.66329 -0.793197 0)
(4.66953 -0.786581 0)
(4.67956 -0.794771 0)
(4.70075 -0.804373 0)
(4.71041 -0.806385 0)
(4.71897 -0.803196 0)
(4.73019 -0.79681 0)
(4.74364 -0.795728 0)
(4.74761 -0.797198 0)
(4.75871 -0.79705 0)
(4.77045 -0.786698 0)
(4.76693 -0.764718 0)
(4.75594 -0.75106 0)
(4.75457 -0.749567 0)
(4.77862 -0.749352 0)
(4.79927 -0.750504 0)
(4.80497 -0.751475 0)
(4.81072 -0.755184 0)
(4.81367 -0.757656 0)
(4.81701 -0.756727 0)
(4.81829 -0.748834 0)
(4.81963 -0.738464 0)
(4.82044 -0.723523 0)
(4.82343 -0.711476 0)
(4.83619 -0.698108 0)
(4.85682 -0.687067 0)
(4.87227 -0.682594 0)
(4.88188 -0.680937 0)
(4.88635 -0.67656 0)
(4.88657 -0.6705 0)
(4.88257 -0.657459 0)
(4.87058 -0.640185 0)
(4.86177 -0.586246 0)
(4.07896 0.588745 0)
(4.08695 0.582452 0)
(4.09956 0.586569 0)
(4.10416 0.56622 0)
(4.11416 0.549404 0)
(4.12301 0.517627 0)
(4.12697 0.513444 0)
(4.15294 0.486378 0)
(4.12965 0.407587 0)
(3.94304 0.0823515 0)
(3.74566 -0.380619 0)
(3.44806 -0.921249 0)
(3.42344 -0.993 0)
(3.43318 -0.974847 0)
(3.44363 -0.9562 0)
(3.47037 -0.947792 0)
(3.49904 -0.950123 0)
(3.50068 -0.96057 0)
(3.52444 -0.948595 0)
(3.55967 -0.941031 0)
(3.59274 -0.949122 0)
(3.62236 -0.979918 0)
(3.65181 -0.999959 0)
(3.67656 -0.994039 0)
(3.69696 -0.990441 0)
(3.72757 -0.993318 0)
(3.75866 -0.994352 0)
(3.78187 -0.981853 0)
(3.78735 -0.951984 0)
(3.78677 -0.927284 0)
(3.81306 -0.926485 0)
(3.83709 -0.929865 0)
(3.86049 -0.932641 0)
(3.88966 -0.936924 0)
(3.91797 -0.943045 0)
(3.94104 -0.951783 0)
(3.96557 -0.961478 0)
(3.98771 -0.970238 0)
(4.00997 -0.975353 0)
(4.03338 -0.972024 0)
(4.04975 -0.95316 0)
(4.0434 -0.923199 0)
(4.03778 -0.908203 0)
(4.05621 -0.909756 0)
(4.0781 -0.912086 0)
(4.0991 -0.914896 0)
(4.11766 -0.9153 0)
(4.14597 -0.913789 0)
(4.16989 -0.910488 0)
(4.19043 -0.911174 0)
(4.21643 -0.911925 0)
(4.23698 -0.910624 0)
(4.23464 -0.897225 0)
(4.22193 -0.880109 0)
(4.22832 -0.875493 0)
(4.24095 -0.873505 0)
(4.26353 -0.876468 0)
(4.28971 -0.875705 0)
(4.31412 -0.871259 0)
(4.33702 -0.866026 0)
(4.35698 -0.862685 0)
(4.37016 -0.856496 0)
(4.37074 -0.85243 0)
(4.36401 -0.852238 0)
(4.36932 -0.845609 0)
(4.38773 -0.846119 0)
(4.40218 -0.843654 0)
(4.41479 -0.839677 0)
(4.42815 -0.837698 0)
(4.44463 -0.835326 0)
(4.46332 -0.833436 0)
(4.48149 -0.829388 0)
(4.48722 -0.819823 0)
(4.48022 -0.80853 0)
(4.48407 -0.804562 0)
(4.49424 -0.806426 0)
(4.50561 -0.808599 0)
(4.52645 -0.813405 0)
(4.54533 -0.817143 0)
(4.56393 -0.816632 0)
(4.57981 -0.808965 0)
(4.59325 -0.8021 0)
(4.60616 -0.789514 0)
(4.59834 -0.769739 0)
(4.58242 -0.755864 0)
(4.59084 -0.756622 0)
(4.60488 -0.759177 0)
(4.62155 -0.764183 0)
(4.63909 -0.769563 0)
(4.65426 -0.772908 0)
(4.67294 -0.774871 0)
(4.67916 -0.770276 0)
(4.68029 -0.765053 0)
(4.6803 -0.756238 0)
(4.67599 -0.743791 0)
(4.67968 -0.73238 0)
(4.69793 -0.733388 0)
(4.70634 -0.736113 0)
(4.71458 -0.739275 0)
(4.73265 -0.741399 0)
(4.75382 -0.742716 0)
(4.76252 -0.743458 0)
(4.76906 -0.743427 0)
(4.78033 -0.740242 0)
(4.78435 -0.732422 0)
(4.7783 -0.727638 0)
(4.77525 -0.727433 0)
(4.77938 -0.723219 0)
(4.80155 -0.712319 0)
(4.82182 -0.70636 0)
(4.82623 -0.704942 0)
(4.82474 -0.704978 0)
(4.82406 -0.707123 0)
(4.82803 -0.710591 0)
(4.83436 -0.711311 0)
(4.839 -0.707132 0)
(4.8437 -0.695885 0)
(4.84787 -0.685853 0)
(4.85563 -0.679211 0)
(4.86846 -0.671409 0)
(4.88664 -0.663796 0)
(4.89576 -0.66131 0)
(4.90051 -0.661366 0)
(4.905 -0.660358 0)
(4.90381 -0.654422 0)
(4.90472 -0.645036 0)
(4.08 0.619843 0)
(4.08796 0.611347 0)
(4.09865 0.621521 0)
(4.10487 0.606192 0)
(4.12147 0.586497 0)
(4.1258 0.555351 0)
(4.12055 0.508502 0)
(4.03945 0.313618 0)
(3.86381 -0.113117 0)
(3.4545 -0.698111 0)
(3.43874 -0.80021 0)
(3.42553 -0.90664 0)
(3.41305 -0.974128 0)
(3.4135 -0.986724 0)
(3.4684 -0.960765 0)
(3.51578 -0.921742 0)
(3.54387 -0.906322 0)
(3.55567 -0.915559 0)
(3.56312 -0.921305 0)
(3.57612 -0.918614 0)
(3.60942 -0.909256 0)
(3.65197 -0.91668 0)
(3.68067 -0.940414 0)
(3.69994 -0.950157 0)
(3.72935 -0.959136 0)
(3.76358 -0.960016 0)
(3.79379 -0.953885 0)
(3.81917 -0.95021 0)
(3.83471 -0.938381 0)
(3.8315 -0.903726 0)
(3.83596 -0.877539 0)
(3.86148 -0.87762 0)
(3.88495 -0.879435 0)
(3.9084 -0.882271 0)
(3.93169 -0.886937 0)
(3.95671 -0.891382 0)
(3.98513 -0.898042 0)
(4.01361 -0.906965 0)
(4.0369 -0.914176 0)
(4.05962 -0.919927 0)
(4.08163 -0.923069 0)
(4.08602 -0.909465 0)
(4.07219 -0.879652 0)
(4.08367 -0.865949 0)
(4.10557 -0.862422 0)
(4.12931 -0.861745 0)
(4.15148 -0.860258 0)
(4.17737 -0.860171 0)
(4.19445 -0.863804 0)
(4.2145 -0.86983 0)
(4.23567 -0.874708 0)
(4.25541 -0.87571 0)
(4.26399 -0.866658 0)
(4.25601 -0.844038 0)
(4.25959 -0.831711 0)
(4.26997 -0.828711 0)
(4.29035 -0.829668 0)
(4.31254 -0.832504 0)
(4.33525 -0.830132 0)
(4.35666 -0.826795 0)
(4.37932 -0.82352 0)
(4.39678 -0.81931 0)
(4.39863 -0.813616 0)
(4.38529 -0.801915 0)
(4.39793 -0.805112 0)
(4.41335 -0.808768 0)
(4.42708 -0.810439 0)
(4.44256 -0.80585 0)
(4.45481 -0.798839 0)
(4.46907 -0.799351 0)
(4.4861 -0.803378 0)
(4.5041 -0.802833 0)
(4.51228 -0.789516 0)
(4.49999 -0.764427 0)
(4.49071 -0.749628 0)
(4.49536 -0.748688 0)
(4.50553 -0.750431 0)
(4.53199 -0.755737 0)
(4.55147 -0.759419 0)
(4.56869 -0.76021 0)
(4.59426 -0.759922 0)
(4.60457 -0.759882 0)
(4.62007 -0.760864 0)
(4.63037 -0.753835 0)
(4.61693 -0.734436 0)
(4.59286 -0.715273 0)
(4.60044 -0.708173 0)
(4.62557 -0.709948 0)
(4.64121 -0.712305 0)
(4.65421 -0.713565 0)
(4.67976 -0.716953 0)
(4.70074 -0.723962 0)
(4.70383 -0.730243 0)
(4.70337 -0.733423 0)
(4.70356 -0.734253 0)
(4.70301 -0.717902 0)
(4.70745 -0.698667 0)
(4.7164 -0.693874 0)
(4.72252 -0.690986 0)
(4.72978 -0.688116 0)
(4.74032 -0.685747 0)
(4.75368 -0.681543 0)
(4.7609 -0.680871 0)
(4.77742 -0.679801 0)
(4.79298 -0.681258 0)
(4.79724 -0.684578 0)
(4.79148 -0.691322 0)
(4.78793 -0.69142 0)
(4.81552 -0.691858 0)
(4.83301 -0.687509 0)
(4.84198 -0.676521 0)
(4.84435 -0.664834 0)
(4.84153 -0.657602 0)
(4.84327 -0.661886 0)
(4.84674 -0.669174 0)
(4.85189 -0.67723 0)
(4.85965 -0.681268 0)
(4.86663 -0.672982 0)
(4.86686 -0.654047 0)
(4.87236 -0.642752 0)
(4.88235 -0.641355 0)
(4.8958 -0.637988 0)
(4.90517 -0.638148 0)
(4.91137 -0.636399 0)
(4.91901 -0.633508 0)
(4.91925 -0.630125 0)
(4.08209 0.649938 0)
(4.08916 0.648512 0)
(4.10424 0.65139 0)
(4.11656 0.633056 0)
(4.11075 0.603998 0)
(4.06754 0.463701 0)
(3.9145 0.0848227 0)
(3.61466 -0.429137 0)
(3.54351 -0.629931 0)
(3.37397 -0.826983 0)
(3.33459 -0.9457 0)
(3.3693 -0.944894 0)
(3.42862 -0.915823 0)
(3.47369 -0.892608 0)
(3.53098 -0.876012 0)
(3.57762 -0.86751 0)
(3.60333 -0.874532 0)
(3.60935 -0.875742 0)
(3.60606 -0.864256 0)
(3.61252 -0.863367 0)
(3.63671 -0.879245 0)
(3.67007 -0.886902 0)
(3.69956 -0.886498 0)
(3.72861 -0.884118 0)
(3.75996 -0.889768 0)
(3.79342 -0.901093 0)
(3.82438 -0.908575 0)
(3.85034 -0.911338 0)
(3.87672 -0.907314 0)
(3.89075 -0.892596 0)
(3.88399 -0.863554 0)
(3.89264 -0.849291 0)
(3.91824 -0.85276 0)
(3.94079 -0.857063 0)
(3.96416 -0.857598 0)
(3.98876 -0.852513 0)
(4.01658 -0.854158 0)
(4.04391 -0.860176 0)
(4.06746 -0.866959 0)
(4.08932 -0.872726 0)
(4.10799 -0.877989 0)
(4.11684 -0.877644 0)
(4.11321 -0.858471 0)
(4.12071 -0.836062 0)
(4.13691 -0.826118 0)
(4.16175 -0.819709 0)
(4.18913 -0.817672 0)
(4.21063 -0.816714 0)
(4.2288 -0.817632 0)
(4.24406 -0.819631 0)
(4.25781 -0.821576 0)
(4.27106 -0.823177 0)
(4.28184 -0.820086 0)
(4.28387 -0.800266 0)
(4.28981 -0.787688 0)
(4.30246 -0.789677 0)
(4.31862 -0.790506 0)
(4.33915 -0.789982 0)
(4.35837 -0.788766 0)
(4.37839 -0.78646 0)
(4.39854 -0.783395 0)
(4.41533 -0.777037 0)
(4.41901 -0.765119 0)
(4.40753 -0.752771 0)
(4.41707 -0.750195 0)
(4.43479 -0.753184 0)
(4.44781 -0.754831 0)
(4.4628 -0.752406 0)
(4.47622 -0.751556 0)
(4.49474 -0.754524 0)
(4.51214 -0.760291 0)
(4.52716 -0.762641 0)
(4.53301 -0.756371 0)
(4.52392 -0.741362 0)
(4.51913 -0.730964 0)
(4.52504 -0.730558 0)
(4.53371 -0.728226 0)
(4.55752 -0.728392 0)
(4.57865 -0.73114 0)
(4.59612 -0.72819 0)
(4.6131 -0.716714 0)
(4.62266 -0.711887 0)
(4.63535 -0.710703 0)
(4.64431 -0.709543 0)
(4.63805 -0.706418 0)
(4.6211 -0.701329 0)
(4.61647 -0.686638 0)
(4.63893 -0.673425 0)
(4.65967 -0.67178 0)
(4.67288 -0.669572 0)
(4.68385 -0.667567 0)
(4.70249 -0.667015 0)
(4.71627 -0.671339 0)
(4.71741 -0.679874 0)
(4.71766 -0.686881 0)
(4.71444 -0.690057 0)
(4.71757 -0.678655 0)
(4.73031 -0.67183 0)
(4.73845 -0.668021 0)
(4.74649 -0.664578 0)
(4.75513 -0.657563 0)
(4.76267 -0.647654 0)
(4.76766 -0.644948 0)
(4.78084 -0.632818 0)
(4.79313 -0.623751 0)
(4.79611 -0.6257 0)
(4.78588 -0.625768 0)
(4.79235 -0.628915 0)
(4.81645 -0.633075 0)
(4.82804 -0.63191 0)
(4.8398 -0.625504 0)
(4.84528 -0.62369 0)
(4.85264 -0.618094 0)
(4.85403 -0.610219 0)
(4.85576 -0.615205 0)
(4.86399 -0.623813 0)
(4.8693 -0.629765 0)
(4.87507 -0.635239 0)
(4.8765 -0.637566 0)
(4.87965 -0.622488 0)
(4.88378 -0.602587 0)
(4.88731 -0.597498 0)
(4.90271 -0.600067 0)
(4.9126 -0.601485 0)
(4.91904 -0.604603 0)
(4.92444 -0.605516 0)
(4.08715 0.679071 0)
(4.08364 0.69148 0)
(4.11127 0.665567 0)
(4.089 0.590272 0)
(3.94646 0.276423 0)
(3.69864 -0.25675 0)
(3.59665 -0.565687 0)
(3.37156 -0.868933 0)
(3.33567 -0.900927 0)
(3.38378 -0.879446 0)
(3.41509 -0.855516 0)
(3.45258 -0.83432 0)
(3.50233 -0.823122 0)
(3.54838 -0.818616 0)
(3.58797 -0.818476 0)
(3.61995 -0.814533 0)
(3.6502 -0.824203 0)
(3.66321 -0.857261 0)
(3.66216 -0.877979 0)
(3.66726 -0.872899 0)
(3.67685 -0.849027 0)
(3.70377 -0.830148 0)
(3.73261 -0.828613 0)
(3.7639 -0.828763 0)
(3.79959 -0.836996 0)
(3.83213 -0.847858 0)
(3.85907 -0.857385 0)
(3.88174 -0.864426 0)
(3.90658 -0.871515 0)
(3.93035 -0.871997 0)
(3.94393 -0.855293 0)
(3.9413 -0.822468 0)
(3.95062 -0.801095 0)
(3.97245 -0.797883 0)
(3.99454 -0.79612 0)
(4.01796 -0.797327 0)
(4.04518 -0.802392 0)
(4.07155 -0.8066 0)
(4.09504 -0.812057 0)
(4.11545 -0.820268 0)
(4.13277 -0.827626 0)
(4.14878 -0.828656 0)
(4.16012 -0.816613 0)
(4.16297 -0.796431 0)
(4.16933 -0.785566 0)
(4.19014 -0.778299 0)
(4.21831 -0.776868 0)
(4.24138 -0.774553 0)
(4.26034 -0.7719 0)
(4.27545 -0.772306 0)
(4.28857 -0.775146 0)
(4.30039 -0.778501 0)
(4.30855 -0.776536 0)
(4.31101 -0.761738 0)
(4.31837 -0.749963 0)
(4.33214 -0.749346 0)
(4.35002 -0.751065 0)
(4.3664 -0.752839 0)
(4.38297 -0.753291 0)
(4.4006 -0.751274 0)
(4.41931 -0.747633 0)
(4.43658 -0.740883 0)
(4.44327 -0.733637 0)
(4.4363 -0.720877 0)
(4.43941 -0.709169 0)
(4.46084 -0.710067 0)
(4.47399 -0.711783 0)
(4.4869 -0.711881 0)
(4.49757 -0.711503 0)
(4.51312 -0.712506 0)
(4.53009 -0.714777 0)
(4.5441 -0.7151 0)
(4.54825 -0.708073 0)
(4.53902 -0.68934 0)
(4.53459 -0.672448 0)
(4.53937 -0.666717 0)
(4.54737 -0.667598 0)
(4.57183 -0.673255 0)
(4.59274 -0.677466 0)
(4.60915 -0.678783 0)
(4.62608 -0.672319 0)
(4.63578 -0.668823 0)
(4.64738 -0.665065 0)
(4.6521 -0.659039 0)
(4.64588 -0.65481 0)
(4.63915 -0.662244 0)
(4.63818 -0.665134 0)
(4.65467 -0.652797 0)
(4.67941 -0.646071 0)
(4.69631 -0.641386 0)
(4.71078 -0.636642 0)
(4.71978 -0.628845 0)
(4.72281 -0.622228 0)
(4.7227 -0.623642 0)
(4.71816 -0.631758 0)
(4.70932 -0.634542 0)
(4.70801 -0.623259 0)
(4.72854 -0.62016 0)
(4.73863 -0.619838 0)
(4.74733 -0.618402 0)
(4.76069 -0.61782 0)
(4.7717 -0.616565 0)
(4.7754 -0.617274 0)
(4.7851 -0.611426 0)
(4.79526 -0.59813 0)
(4.79788 -0.597243 0)
(4.79222 -0.604072 0)
(4.80018 -0.602394 0)
(4.82451 -0.604307 0)
(4.83554 -0.599687 0)
(4.84549 -0.585207 0)
(4.84697 -0.574826 0)
(4.85257 -0.566497 0)
(4.85855 -0.56145 0)
(4.86204 -0.556991 0)
(4.8629 -0.560481 0)
(4.86494 -0.57577 0)
(4.86785 -0.586603 0)
(4.87004 -0.592193 0)
(4.87324 -0.592417 0)
(4.88232 -0.582998 0)
(4.89382 -0.567669 0)
(4.8975 -0.55781 0)
(4.89459 -0.555165 0)
(4.90118 -0.559319 0)
(4.91157 -0.562628 0)
(4.09068 0.718291 0)
(4.08025 0.679061 0)
(3.9792 0.457857 0)
(3.77213 0.013743 0)
(3.55876 -0.470368 0)
(3.38236 -0.87438 0)
(3.37271 -0.868354 0)
(3.4152 -0.819475 0)
(3.44156 -0.787293 0)
(3.48708 -0.761192 0)
(3.51797 -0.743849 0)
(3.5119 -0.722525 0)
(3.54272 -0.7328 0)
(3.57858 -0.746283 0)
(3.61103 -0.776684 0)
(3.64304 -0.826319 0)
(3.67003 -0.840139 0)
(3.70622 -0.844454 0)
(3.73242 -0.834729 0)
(3.74759 -0.820317 0)
(3.7475 -0.805546 0)
(3.75193 -0.783493 0)
(3.77998 -0.774769 0)
(3.80717 -0.771575 0)
(3.83571 -0.775506 0)
(3.86526 -0.788056 0)
(3.88963 -0.800716 0)
(3.91259 -0.808078 0)
(3.93606 -0.812318 0)
(3.96108 -0.814759 0)
(3.98793 -0.814097 0)
(4.00574 -0.800567 0)
(4.0035 -0.771464 0)
(4.01136 -0.755332 0)
(4.03321 -0.757703 0)
(4.05588 -0.764123 0)
(4.07918 -0.770893 0)
(4.10262 -0.775772 0)
(4.12527 -0.776395 0)
(4.14504 -0.77433 0)
(4.16289 -0.773276 0)
(4.18043 -0.771875 0)
(4.19694 -0.767439 0)
(4.20645 -0.757108 0)
(4.20495 -0.741742 0)
(4.2146 -0.73151 0)
(4.24273 -0.730558 0)
(4.26753 -0.731027 0)
(4.28968 -0.728763 0)
(4.30786 -0.727809 0)
(4.32191 -0.730672 0)
(4.33448 -0.7339 0)
(4.34352 -0.732068 0)
(4.34477 -0.715425 0)
(4.34216 -0.69428 0)
(4.3559 -0.692383 0)
(4.37422 -0.695413 0)
(4.39047 -0.69889 0)
(4.40698 -0.704897 0)
(4.42156 -0.710621 0)
(4.43828 -0.714688 0)
(4.45576 -0.713216 0)
(4.46906 -0.700529 0)
(4.47046 -0.680074 0)
(4.45993 -0.65616 0)
(4.46754 -0.645554 0)
(4.48562 -0.647015 0)
(4.50042 -0.650537 0)
(4.51888 -0.659567 0)
(4.53083 -0.669523 0)
(4.54598 -0.679904 0)
(4.55947 -0.688102 0)
(4.56728 -0.689524 0)
(4.56792 -0.673095 0)
(4.56413 -0.644031 0)
(4.55931 -0.625484 0)
(4.56613 -0.629541 0)
(4.59322 -0.63553 0)
(4.61226 -0.638391 0)
(4.6248 -0.639495 0)
(4.63816 -0.636901 0)
(4.64633 -0.632694 0)
(4.65527 -0.629819 0)
(4.66188 -0.62309 0)
(4.65512 -0.608089 0)
(4.6453 -0.601795 0)
(4.64858 -0.600906 0)
(4.66284 -0.597422 0)
(4.69107 -0.599973 0)
(4.70839 -0.603163 0)
(4.72502 -0.605231 0)
(4.73744 -0.600026 0)
(4.74063 -0.595492 0)
(4.74273 -0.590624 0)
(4.741 -0.597228 0)
(4.72812 -0.601886 0)
(4.7201 -0.592186 0)
(4.74062 -0.589133 0)
(4.74857 -0.587611 0)
(4.76107 -0.579575 0)
(4.76727 -0.566779 0)
(4.76881 -0.562702 0)
(4.77156 -0.561142 0)
(4.77556 -0.558112 0)
(4.78043 -0.552835 0)
(4.78564 -0.554756 0)
(4.78279 -0.55657 0)
(4.79893 -0.560125 0)
(4.82065 -0.562648 0)
(4.83324 -0.560788 0)
(4.84536 -0.550506 0)
(4.84848 -0.54351 0)
(4.85549 -0.534543 0)
(4.8628 -0.529325 0)
(4.8673 -0.527567 0)
(4.87015 -0.530007 0)
(4.87196 -0.535576 0)
(4.87125 -0.545326 0)
(4.87113 -0.550294 0)
(4.87272 -0.552121 0)
(4.8811 -0.54761 0)
(4.89325 -0.53543 0)
(4.90049 -0.531452 0)
(4.9017 -0.525634 0)
(4.90453 -0.529964 0)
(4.91066 -0.533319 0)
(4.02182 0.617734 0)
(3.88276 0.286985 0)
(3.56808 -0.304012 0)
(3.35259 -0.715429 0)
(3.37986 -0.717608 0)
(3.40521 -0.785196 0)
(3.42142 -0.791876 0)
(3.45892 -0.791169 0)
(3.5143 -0.766193 0)
(3.55026 -0.714449 0)
(3.55875 -0.675756 0)
(3.57719 -0.691461 0)
(3.59811 -0.718831 0)
(3.61759 -0.756925 0)
(3.64559 -0.773044 0)
(3.68393 -0.767925 0)
(3.70982 -0.761557 0)
(3.74761 -0.769194 0)
(3.78584 -0.780502 0)
(3.8175 -0.78291 0)
(3.83314 -0.76451 0)
(3.82261 -0.735856 0)
(3.82411 -0.724271 0)
(3.85139 -0.731065 0)
(3.87684 -0.74229 0)
(3.90504 -0.752409 0)
(3.92895 -0.755015 0)
(3.95174 -0.754101 0)
(3.97444 -0.750499 0)
(3.999 -0.752511 0)
(4.02753 -0.758231 0)
(4.05382 -0.761905 0)
(4.06392 -0.752422 0)
(4.06004 -0.7293 0)
(4.07195 -0.718723 0)
(4.09124 -0.719784 0)
(4.11135 -0.723136 0)
(4.13214 -0.725289 0)
(4.15356 -0.723676 0)
(4.17452 -0.71954 0)
(4.19482 -0.716741 0)
(4.21415 -0.717367 0)
(4.23079 -0.7184 0)
(4.24145 -0.717466 0)
(4.2424 -0.712438 0)
(4.24697 -0.702021 0)
(4.26611 -0.690594 0)
(4.29029 -0.680806 0)
(4.3121 -0.671554 0)
(4.33121 -0.667992 0)
(4.34987 -0.672044 0)
(4.36246 -0.678818 0)
(4.37301 -0.685666 0)
(4.38126 -0.684176 0)
(4.37946 -0.666738 0)
(4.38262 -0.648612 0)
(4.3946 -0.64449 0)
(4.41234 -0.64737 0)
(4.43112 -0.651157 0)
(4.44661 -0.657277 0)
(4.46005 -0.663945 0)
(4.47247 -0.667944 0)
(4.4848 -0.667436 0)
(4.49661 -0.661733 0)
(4.50447 -0.645743 0)
(4.50067 -0.619545 0)
(4.49863 -0.602846 0)
(4.51389 -0.602326 0)
(4.53303 -0.605682 0)
(4.54993 -0.611938 0)
(4.56269 -0.622082 0)
(4.57229 -0.630761 0)
(4.57691 -0.636717 0)
(4.58162 -0.637683 0)
(4.58762 -0.627235 0)
(4.59465 -0.612834 0)
(4.59914 -0.600475 0)
(4.60585 -0.590858 0)
(4.6229 -0.589375 0)
(4.6349 -0.589308 0)
(4.64327 -0.58909 0)
(4.65693 -0.592604 0)
(4.66193 -0.595316 0)
(4.66727 -0.598671 0)
(4.67045 -0.595869 0)
(4.66819 -0.58183 0)
(4.66758 -0.574284 0)
(4.67467 -0.56405 0)
(4.69708 -0.55238 0)
(4.71566 -0.552993 0)
(4.72778 -0.551977 0)
(4.74064 -0.545393 0)
(4.74498 -0.539838 0)
(4.75057 -0.537662 0)
(4.75318 -0.532987 0)
(4.74382 -0.532246 0)
(4.73961 -0.545897 0)
(4.75481 -0.55154 0)
(4.76033 -0.55101 0)
(4.77019 -0.548417 0)
(4.78555 -0.5494 0)
(4.78946 -0.550031 0)
(4.79193 -0.549181 0)
(4.79507 -0.545569 0)
(4.79467 -0.537545 0)
(4.78931 -0.523639 0)
(4.78889 -0.51668 0)
(4.79519 -0.511113 0)
(4.81084 -0.510433 0)
(4.82324 -0.50768 0)
(4.83108 -0.50244 0)
(4.83719 -0.497081 0)
(4.84438 -0.489759 0)
(4.85293 -0.48531 0)
(4.86057 -0.484792 0)
(4.86171 -0.489529 0)
(4.86929 -0.505475 0)
(4.87504 -0.515055 0)
(4.87652 -0.517719 0)
(4.87686 -0.51927 0)
(4.8821 -0.512505 0)
(4.89084 -0.494828 0)
(4.89897 -0.485254 0)
(4.90375 -0.480846 0)
(4.90508 -0.482661 0)
(4.90759 -0.482559 0)
(3.61689 -0.199962 0)
(3.4739 -0.43604 0)
(3.42256 -0.567145 0)
(3.38277 -0.723341 0)
(3.35252 -0.757445 0)
(3.3976 -0.748672 0)
(3.45206 -0.719527 0)
(3.50541 -0.700218 0)
(3.56689 -0.693164 0)
(3.61112 -0.698784 0)
(3.63379 -0.705676 0)
(3.63271 -0.696959 0)
(3.64278 -0.691051 0)
(3.66429 -0.693111 0)
(3.69072 -0.6994 0)
(3.7256 -0.706274 0)
(3.756 -0.712781 0)
(3.79472 -0.724089 0)
(3.83151 -0.728629 0)
(3.8613 -0.727198 0)
(3.88573 -0.728393 0)
(3.89984 -0.724131 0)
(3.89359 -0.7039 0)
(3.89994 -0.691397 0)
(3.92433 -0.69259 0)
(3.9452 -0.695112 0)
(3.9686 -0.694944 0)
(3.9905 -0.693325 0)
(4.01393 -0.69372 0)
(4.03808 -0.696391 0)
(4.06309 -0.700423 0)
(4.08809 -0.703715 0)
(4.10779 -0.701758 0)
(4.11125 -0.689178 0)
(4.1117 -0.6791 0)
(4.12846 -0.681013 0)
(4.14744 -0.684735 0)
(4.16744 -0.686952 0)
(4.18838 -0.685582 0)
(4.21 -0.680648 0)
(4.23159 -0.671864 0)
(4.24985 -0.661519 0)
(4.26255 -0.65432 0)
(4.26898 -0.651877 0)
(4.26687 -0.650199 0)
(4.27005 -0.648011 0)
(4.29275 -0.648989 0)
(4.31305 -0.649462 0)
(4.33682 -0.646635 0)
(4.36061 -0.639187 0)
(4.37985 -0.632533 0)
(4.39381 -0.631897 0)
(4.40408 -0.634177 0)
(4.41225 -0.634002 0)
(4.41398 -0.624146 0)
(4.40635 -0.606375 0)
(4.41173 -0.597477 0)
(4.42765 -0.595323 0)
(4.44444 -0.595209 0)
(4.45873 -0.596866 0)
(4.4705 -0.600109 0)
(4.48615 -0.603349 0)
(4.49946 -0.605292 0)
(4.51278 -0.606056 0)
(4.52646 -0.604594 0)
(4.53459 -0.597044 0)
(4.53301 -0.579683 0)
(4.5279 -0.563106 0)
(4.52972 -0.558767 0)
(4.54506 -0.560624 0)
(4.56005 -0.563103 0)
(4.56999 -0.565505 0)
(4.57952 -0.570818 0)
(4.59493 -0.578909 0)
(4.60095 -0.580792 0)
(4.61206 -0.579746 0)
(4.6245 -0.574761 0)
(4.63274 -0.559644 0)
(4.62666 -0.542569 0)
(4.62395 -0.533344 0)
(4.6387 -0.533736 0)
(4.64751 -0.535489 0)
(4.65523 -0.538533 0)
(4.66201 -0.542433 0)
(4.67029 -0.546806 0)
(4.67784 -0.549936 0)
(4.67704 -0.538261 0)
(4.68446 -0.525647 0)
(4.71368 -0.526992 0)
(4.72661 -0.52789 0)
(4.73695 -0.527845 0)
(4.75234 -0.52315 0)
(4.75968 -0.515479 0)
(4.7641 -0.51117 0)
(4.76828 -0.503044 0)
(4.75895 -0.493801 0)
(4.74075 -0.496211 0)
(4.75237 -0.502484 0)
(4.76159 -0.504129 0)
(4.76882 -0.504955 0)
(4.78504 -0.504088 0)
(4.79854 -0.503958 0)
(4.80042 -0.503323 0)
(4.80308 -0.501504 0)
(4.80437 -0.499659 0)
(4.79513 -0.49531 0)
(4.79596 -0.484979 0)
(4.81077 -0.483506 0)
(4.82146 -0.483623 0)
(4.83225 -0.48533 0)
(4.83966 -0.488511 0)
(4.84766 -0.489559 0)
(4.8559 -0.484511 0)
(4.8655 -0.474113 0)
(4.87016 -0.465271 0)
(4.86226 -0.460652 0)
(4.85476 -0.460178 0)
(4.85881 -0.463924 0)
(4.86049 -0.465485 0)
(4.86022 -0.466032 0)
(4.86566 -0.462422 0)
(4.88137 -0.457642 0)
(4.89709 -0.452438 0)
(4.91006 -0.446066 0)
(4.9135 -0.443693 0)
(4.89953 -0.444741 0)
(3.42126 -0.591621 0)
(3.31707 -0.737232 0)
(3.32113 -0.737641 0)
(3.39387 -0.707487 0)
(3.42776 -0.683353 0)
(3.467 -0.64649 0)
(3.51715 -0.639686 0)
(3.57055 -0.643558 0)
(3.61528 -0.64648 0)
(3.64965 -0.648901 0)
(3.68279 -0.648359 0)
(3.69092 -0.649436 0)
(3.69166 -0.657175 0)
(3.71087 -0.657188 0)
(3.73989 -0.651157 0)
(3.76871 -0.643737 0)
(3.79766 -0.646962 0)
(3.83302 -0.659762 0)
(3.86496 -0.675459 0)
(3.89473 -0.682958 0)
(3.92564 -0.684339 0)
(3.95462 -0.678886 0)
(3.96938 -0.665517 0)
(3.95828 -0.646687 0)
(3.96795 -0.642479 0)
(3.98907 -0.643472 0)
(4.0095 -0.641185 0)
(4.0303 -0.637702 0)
(4.05116 -0.634856 0)
(4.07226 -0.637391 0)
(4.09512 -0.646143 0)
(4.11876 -0.655068 0)
(4.14183 -0.659315 0)
(4.15662 -0.653057 0)
(4.15637 -0.636408 0)
(4.1641 -0.628223 0)
(4.18105 -0.62838 0)
(4.19933 -0.628549 0)
(4.21827 -0.629042 0)
(4.23835 -0.629111 0)
(4.25996 -0.626653 0)
(4.28158 -0.620875 0)
(4.29863 -0.607693 0)
(4.30279 -0.592012 0)
(4.28968 -0.585529 0)
(4.29212 -0.590846 0)
(4.31427 -0.594594 0)
(4.33339 -0.597593 0)
(4.35395 -0.600084 0)
(4.37669 -0.597114 0)
(4.39667 -0.594474 0)
(4.41653 -0.592043 0)
(4.43291 -0.591656 0)
(4.44514 -0.592586 0)
(4.44978 -0.591275 0)
(4.43956 -0.582009 0)
(4.43138 -0.568369 0)
(4.44309 -0.562019 0)
(4.46042 -0.558307 0)
(4.47701 -0.557185 0)
(4.4916 -0.554699 0)
(4.50414 -0.549308 0)
(4.51552 -0.544724 0)
(4.52748 -0.542171 0)
(4.53982 -0.542797 0)
(4.55118 -0.545045 0)
(4.55562 -0.546352 0)
(4.55147 -0.546197 0)
(4.54584 -0.540112 0)
(4.54706 -0.524611 0)
(4.56207 -0.514664 0)
(4.57734 -0.513531 0)
(4.58847 -0.514814 0)
(4.5993 -0.519712 0)
(4.61337 -0.528782 0)
(4.62013 -0.531697 0)
(4.63228 -0.533124 0)
(4.64289 -0.53289 0)
(4.64758 -0.529059 0)
(4.64848 -0.516948 0)
(4.65609 -0.50767 0)
(4.66301 -0.505823 0)
(4.6671 -0.505077 0)
(4.6707 -0.503195 0)
(4.67275 -0.498216 0)
(4.6743 -0.495154 0)
(4.67938 -0.495389 0)
(4.68826 -0.484816 0)
(4.70546 -0.469231 0)
(4.72661 -0.466813 0)
(4.73549 -0.467405 0)
(4.74771 -0.47088 0)
(4.76187 -0.475208 0)
(4.76482 -0.475778 0)
(4.76819 -0.475481 0)
(4.7614 -0.47219 0)
(4.74832 -0.469122 0)
(4.76177 -0.469555 0)
(4.77007 -0.469296 0)
(4.77479 -0.463953 0)
(4.7799 -0.457202 0)
(4.78685 -0.455809 0)
(4.79392 -0.457682 0)
(4.79904 -0.458412 0)
(4.80466 -0.457963 0)
(4.79628 -0.451142 0)
(4.78328 -0.43479 0)
(4.80109 -0.427527 0)
(4.81688 -0.426339 0)
(4.82787 -0.42698 0)
(4.83499 -0.428665 0)
(4.84951 -0.431186 0)
(4.85682 -0.431547 0)
(4.86815 -0.427945 0)
(4.87455 -0.42371 0)
(4.86936 -0.423797 0)
(4.86369 -0.427138 0)
(4.86777 -0.42922 0)
(4.87066 -0.430316 0)
(4.87298 -0.430967 0)
(4.87623 -0.429606 0)
(4.88237 -0.424863 0)
(4.89095 -0.420925 0)
(4.90184 -0.417979 0)
(4.90898 -0.410676 0)
(4.90027 -0.405086 0)
(3.33535 -0.710469 0)
(3.38433 -0.660762 0)
(3.43209 -0.634505 0)
(3.48508 -0.594993 0)
(3.51977 -0.581348 0)
(3.54475 -0.56115 0)
(3.58094 -0.561295 0)
(3.61701 -0.566198 0)
(3.65244 -0.590747 0)
(3.68108 -0.622959 0)
(3.70816 -0.647785 0)
(3.73415 -0.657951 0)
(3.75518 -0.640661 0)
(3.76631 -0.60533 0)
(3.77924 -0.58555 0)
(3.80715 -0.591722 0)
(3.84451 -0.604154 0)
(3.87585 -0.612708 0)
(3.90496 -0.616689 0)
(3.93303 -0.615099 0)
(3.96127 -0.611301 0)
(3.99381 -0.617196 0)
(4.02111 -0.62534 0)
(4.02048 -0.618533 0)
(4.01309 -0.605544 0)
(4.03273 -0.603469 0)
(4.05123 -0.601317 0)
(4.07161 -0.599965 0)
(4.09359 -0.598331 0)
(4.11485 -0.595127 0)
(4.13389 -0.592154 0)
(4.15247 -0.591735 0)
(4.1715 -0.591677 0)
(4.18598 -0.589116 0)
(4.18881 -0.583559 0)
(4.19617 -0.579246 0)
(4.21301 -0.578356 0)
(4.23056 -0.578854 0)
(4.24947 -0.579998 0)
(4.26842 -0.582202 0)
(4.28706 -0.583328 0)
(4.30775 -0.578714 0)
(4.32852 -0.569506 0)
(4.34187 -0.56204 0)
(4.33149 -0.55398 0)
(4.31608 -0.543103 0)
(4.32857 -0.539248 0)
(4.34539 -0.538061 0)
(4.36309 -0.53695 0)
(4.38256 -0.534386 0)
(4.40126 -0.528143 0)
(4.42331 -0.529212 0)
(4.4459 -0.533217 0)
(4.46576 -0.538207 0)
(4.4774 -0.54253 0)
(4.46929 -0.541415 0)
(4.44699 -0.532348 0)
(4.4514 -0.525215 0)
(4.47027 -0.522009 0)
(4.48784 -0.519683 0)
(4.50512 -0.514607 0)
(4.5199 -0.507923 0)
(4.53257 -0.501089 0)
(4.54485 -0.492484 0)
(4.55567 -0.48316 0)
(4.56383 -0.478969 0)
(4.5685 -0.485812 0)
(4.56585 -0.500016 0)
(4.55839 -0.510641 0)
(4.55812 -0.505117 0)
(4.56668 -0.487844 0)
(4.58154 -0.474308 0)
(4.59617 -0.471247 0)
(4.60648 -0.471323 0)
(4.61411 -0.472806 0)
(4.62059 -0.473366 0)
(4.62678 -0.470306 0)
(4.63462 -0.46929 0)
(4.64604 -0.471813 0)
(4.65781 -0.46829 0)
(4.66127 -0.457886 0)
(4.65769 -0.452689 0)
(4.65882 -0.452779 0)
(4.66264 -0.452785 0)
(4.66867 -0.451318 0)
(4.67378 -0.450934 0)
(4.67775 -0.461153 0)
(4.6873 -0.458746 0)
(4.70422 -0.445376 0)
(4.7251 -0.439557 0)
(4.74084 -0.437708 0)
(4.74803 -0.435295 0)
(4.74863 -0.433074 0)
(4.74747 -0.431054 0)
(4.74806 -0.428037 0)
(4.74626 -0.424708 0)
(4.74504 -0.431687 0)
(4.76614 -0.43822 0)
(4.77517 -0.438857 0)
(4.78454 -0.437435 0)
(4.79308 -0.427542 0)
(4.79267 -0.41977 0)
(4.79127 -0.414417 0)
(4.79412 -0.41054 0)
(4.80001 -0.413 0)
(4.79711 -0.416731 0)
(4.79164 -0.41022 0)
(4.81237 -0.404553 0)
(4.82903 -0.401936 0)
(4.84296 -0.393673 0)
(4.84951 -0.388514 0)
(4.85567 -0.386529 0)
(4.86148 -0.386559 0)
(4.86469 -0.388801 0)
(4.86127 -0.385986 0)
(4.85784 -0.38413 0)
(4.86594 -0.387324 0)
(4.87203 -0.388853 0)
(4.87732 -0.391833 0)
(4.8818 -0.393478 0)
(4.88578 -0.395354 0)
(4.89136 -0.396173 0)
(4.89684 -0.39537 0)
(4.89604 -0.391339 0)
(4.89397 -0.38047 0)
(4.88924 -0.368669 0)
(3.42997 -0.614303 0)
(3.48723 -0.593294 0)
(3.5383 -0.565733 0)
(3.56333 -0.520251 0)
(3.56097 -0.491916 0)
(3.594 -0.503777 0)
(3.63123 -0.530704 0)
(3.66117 -0.569827 0)
(3.69454 -0.578737 0)
(3.72355 -0.578412 0)
(3.75146 -0.582657 0)
(3.78312 -0.591812 0)
(3.81414 -0.59828 0)
(3.83418 -0.591554 0)
(3.84368 -0.567964 0)
(3.85831 -0.547346 0)
(3.885 -0.542152 0)
(3.91535 -0.546931 0)
(3.94378 -0.551144 0)
(3.97349 -0.554052 0)
(4.00418 -0.556995 0)
(4.03254 -0.56055 0)
(4.05438 -0.562822 0)
(4.06009 -0.560124 0)
(4.05435 -0.552722 0)
(4.07054 -0.552506 0)
(4.08885 -0.553861 0)
(4.10903 -0.55427 0)
(4.13134 -0.551187 0)
(4.15371 -0.546749 0)
(4.17487 -0.544816 0)
(4.19265 -0.544205 0)
(4.20699 -0.542396 0)
(4.21454 -0.537938 0)
(4.21241 -0.529291 0)
(4.22145 -0.521959 0)
(4.23776 -0.520624 0)
(4.25489 -0.521143 0)
(4.274 -0.520825 0)
(4.29268 -0.519006 0)
(4.31061 -0.517942 0)
(4.33042 -0.52045 0)
(4.35268 -0.524071 0)
(4.37 -0.522469 0)
(4.3604 -0.510751 0)
(4.33794 -0.500659 0)
(4.34969 -0.500895 0)
(4.36383 -0.501352 0)
(4.37962 -0.497585 0)
(4.39586 -0.486467 0)
(4.41291 -0.478304 0)
(4.43461 -0.475049 0)
(4.45748 -0.477822 0)
(4.47687 -0.483453 0)
(4.48825 -0.488671 0)
(4.48426 -0.490807 0)
(4.46037 -0.485904 0)
(4.4565 -0.478074 0)
(4.47331 -0.473717 0)
(4.48993 -0.469444 0)
(4.50723 -0.46207 0)
(4.52253 -0.4552 0)
(4.53673 -0.451321 0)
(4.55194 -0.447802 0)
(4.56603 -0.442048 0)
(4.57699 -0.431962 0)
(4.57797 -0.423041 0)
(4.56641 -0.429816 0)
(4.56293 -0.450457 0)
(4.56645 -0.460985 0)
(4.57589 -0.461122 0)
(4.59129 -0.454186 0)
(4.60797 -0.447942 0)
(4.62218 -0.445748 0)
(4.63145 -0.444821 0)
(4.63694 -0.44162 0)
(4.63979 -0.4341 0)
(4.64103 -0.424693 0)
(4.64679 -0.42266 0)
(4.65665 -0.429947 0)
(4.66056 -0.426791 0)
(4.66208 -0.419958 0)
(4.66384 -0.414823 0)
(4.66502 -0.409989 0)
(4.66451 -0.405651 0)
(4.66293 -0.408021 0)
(4.6649 -0.41218 0)
(4.66943 -0.411771 0)
(4.68294 -0.40355 0)
(4.71244 -0.401131 0)
(4.72876 -0.401883 0)
(4.74031 -0.399618 0)
(4.74293 -0.396326 0)
(4.74162 -0.391595 0)
(4.73498 -0.388912 0)
(4.7252 -0.387519 0)
(4.72767 -0.381289 0)
(4.7493 -0.380858 0)
(4.7609 -0.381162 0)
(4.77322 -0.380646 0)
(4.79339 -0.379576 0)
(4.79782 -0.377565 0)
(4.79961 -0.376437 0)
(4.80262 -0.372775 0)
(4.79842 -0.369289 0)
(4.78853 -0.367588 0)
(4.79034 -0.365762 0)
(4.80745 -0.363999 0)
(4.82706 -0.361794 0)
(4.8446 -0.360035 0)
(4.85797 -0.357807 0)
(4.86525 -0.355027 0)
(4.86873 -0.354182 0)
(4.86923 -0.353913 0)
(4.8604 -0.351968 0)
(4.84797 -0.352133 0)
(4.85695 -0.353292 0)
(4.8642 -0.353777 0)
(4.86945 -0.354864 0)
(4.87303 -0.355855 0)
(4.87762 -0.356958 0)
(4.884 -0.356789 0)
(4.89063 -0.356381 0)
(4.89507 -0.358519 0)
(4.89419 -0.350482 0)
(4.88676 -0.331254 0)
(3.52711 -0.504625 0)
(3.56942 -0.504363 0)
(3.60957 -0.503615 0)
(3.63436 -0.514834 0)
(3.64044 -0.525866 0)
(3.65712 -0.530647 0)
(3.68463 -0.525415 0)
(3.71129 -0.517403 0)
(3.73874 -0.509667 0)
(3.77297 -0.511747 0)
(3.81002 -0.521266 0)
(3.84401 -0.539293 0)
(3.8721 -0.55052 0)
(3.89214 -0.54186 0)
(3.90246 -0.516701 0)
(3.91265 -0.500532 0)
(3.93293 -0.498158 0)
(3.9583 -0.500241 0)
(3.984 -0.501083 0)
(4.01072 -0.498937 0)
(4.03764 -0.496525 0)
(4.06293 -0.503264 0)
(4.08326 -0.517214 0)
(4.09747 -0.520955 0)
(4.104 -0.506826 0)
(4.10949 -0.491981 0)
(4.1244 -0.491207 0)
(4.14199 -0.493404 0)
(4.16233 -0.495331 0)
(4.18491 -0.496795 0)
(4.20734 -0.496597 0)
(4.22545 -0.495336 0)
(4.23869 -0.493477 0)
(4.24662 -0.489751 0)
(4.24432 -0.478133 0)
(4.24078 -0.465002 0)
(4.25352 -0.463074 0)
(4.27073 -0.463784 0)
(4.29171 -0.464192 0)
(4.31198 -0.464505 0)
(4.33272 -0.466455 0)
(4.35441 -0.470273 0)
(4.37528 -0.474459 0)
(4.39063 -0.47532 0)
(4.3869 -0.468526 0)
(4.36195 -0.454773 0)
(4.36551 -0.450697 0)
(4.37801 -0.45176 0)
(4.3915 -0.451286 0)
(4.40788 -0.446989 0)
(4.42573 -0.443309 0)
(4.4463 -0.436184 0)
(4.46574 -0.42706 0)
(4.47995 -0.420932 0)
(4.48772 -0.422729 0)
(4.48687 -0.430168 0)
(4.47309 -0.43872 0)
(4.47205 -0.442314 0)
(4.48622 -0.441766 0)
(4.49937 -0.439526 0)
(4.51385 -0.433275 0)
(4.52864 -0.423457 0)
(4.54192 -0.409498 0)
(4.55367 -0.397338 0)
(4.56608 -0.392956 0)
(4.57797 -0.391078 0)
(4.58639 -0.388599 0)
(4.58224 -0.383442 0)
(4.56367 -0.38581 0)
(4.56324 -0.400828 0)
(4.57865 -0.40854 0)
(4.59498 -0.411535 0)
(4.61205 -0.410275 0)
(4.62795 -0.404056 0)
(4.63832 -0.396787 0)
(4.64224 -0.388959 0)
(4.64029 -0.381492 0)
(4.63434 -0.381469 0)
(4.62657 -0.381505 0)
(4.63661 -0.370385 0)
(4.64943 -0.36828 0)
(4.65929 -0.367656 0)
(4.66826 -0.369897 0)
(4.67404 -0.373162 0)
(4.67614 -0.373135 0)
(4.67107 -0.368226 0)
(4.66451 -0.369066 0)
(4.6598 -0.364089 0)
(4.68749 -0.361462 0)
(4.70516 -0.361924 0)
(4.71897 -0.359995 0)
(4.73376 -0.354496 0)
(4.73651 -0.351134 0)
(4.74002 -0.349858 0)
(4.73795 -0.351382 0)
(4.7179 -0.347228 0)
(4.72865 -0.340421 0)
(4.74938 -0.338617 0)
(4.76367 -0.338152 0)
(4.77712 -0.337864 0)
(4.79517 -0.336021 0)
(4.79909 -0.334829 0)
(4.80391 -0.334647 0)
(4.81096 -0.334655 0)
(4.80945 -0.336567 0)
(4.78535 -0.334896 0)
(4.77625 -0.333115 0)
(4.79616 -0.334067 0)
(4.81078 -0.33368 0)
(4.82314 -0.328106 0)
(4.82947 -0.322667 0)
(4.83671 -0.316273 0)
(4.84524 -0.312039 0)
(4.85222 -0.310675 0)
(4.8514 -0.310076 0)
(4.84163 -0.3085 0)
(4.84971 -0.308038 0)
(4.85835 -0.308351 0)
(4.86587 -0.308505 0)
(4.87151 -0.308713 0)
(4.87499 -0.308631 0)
(4.88242 -0.305538 0)
(4.888 -0.302486 0)
(4.88989 -0.304945 0)
(4.89185 -0.305432 0)
(4.89172 -0.297411 0)
(3.59857 -0.430841 0)
(3.64153 -0.463887 0)
(3.67362 -0.487459 0)
(3.70328 -0.49898 0)
(3.72617 -0.496493 0)
(3.73817 -0.479815 0)
(3.748 -0.465052 0)
(3.7697 -0.461047 0)
(3.79996 -0.457089 0)
(3.83184 -0.449651 0)
(3.86246 -0.450629 0)
(3.89175 -0.460803 0)
(3.9167 -0.47631 0)
(3.93763 -0.489889 0)
(3.95614 -0.492117 0)
(3.97037 -0.476613 0)
(3.98052 -0.451659 0)
(3.99594 -0.440301 0)
(4.01787 -0.443536 0)
(4.042 -0.451926 0)
(4.06702 -0.459873 0)
(4.09137 -0.461344 0)
(4.11413 -0.456975 0)
(4.13566 -0.450524 0)
(4.15322 -0.440557 0)
(4.15895 -0.426964 0)
(4.15603 -0.422939 0)
(4.1659 -0.42996 0)
(4.18226 -0.437417 0)
(4.20242 -0.444238 0)
(4.22431 -0.449275 0)
(4.24525 -0.451143 0)
(4.26479 -0.450346 0)
(4.28078 -0.446236 0)
(4.28674 -0.434528 0)
(4.27493 -0.412494 0)
(4.26498 -0.403482 0)
(4.27721 -0.404496 0)
(4.29721 -0.404096 0)
(4.31932 -0.405304 0)
(4.34191 -0.409729 0)
(4.36386 -0.415899 0)
(4.38362 -0.42115 0)
(4.39994 -0.421815 0)
(4.40619 -0.414048 0)
(4.38732 -0.396007 0)
(4.369 -0.383831 0)
(4.38128 -0.385616 0)
(4.39326 -0.390094 0)
(4.41116 -0.394731 0)
(4.43204 -0.393584 0)
(4.44812 -0.393272 0)
(4.46895 -0.391465 0)
(4.48748 -0.385773 0)
(4.49765 -0.377917 0)
(4.49141 -0.374875 0)
(4.47536 -0.38074 0)
(4.48104 -0.383907 0)
(4.49378 -0.383598 0)
(4.50507 -0.382688 0)
(4.51652 -0.382153 0)
(4.52822 -0.380016 0)
(4.54016 -0.370645 0)
(4.55519 -0.355831 0)
(4.56933 -0.344321 0)
(4.57872 -0.338505 0)
(4.58481 -0.33888 0)
(4.58533 -0.346464 0)
(4.579 -0.352574 0)
(4.56997 -0.351044 0)
(4.56564 -0.352245 0)
(4.5852 -0.355158 0)
(4.60863 -0.356659 0)
(4.62697 -0.355228 0)
(4.63745 -0.352952 0)
(4.64279 -0.347203 0)
(4.63916 -0.338314 0)
(4.63115 -0.33556 0)
(4.62787 -0.331808 0)
(4.6336 -0.323746 0)
(4.64168 -0.324013 0)
(4.64967 -0.326645 0)
(4.65532 -0.330907 0)
(4.65886 -0.332767 0)
(4.66101 -0.329645 0)
(4.6639 -0.326289 0)
(4.66904 -0.320073 0)
(4.6707 -0.312605 0)
(4.66958 -0.31323 0)
(4.69006 -0.3182 0)
(4.69909 -0.318629 0)
(4.70768 -0.315302 0)
(4.71219 -0.313331 0)
(4.72025 -0.310439 0)
(4.73016 -0.307686 0)
(4.73523 -0.30501 0)
(4.72687 -0.29687 0)
(4.73498 -0.295683 0)
(4.75224 -0.29653 0)
(4.76101 -0.297686 0)
(4.77325 -0.300964 0)
(4.77611 -0.302731 0)
(4.78223 -0.30434 0)
(4.78945 -0.303552 0)
(4.79003 -0.299862 0)
(4.77472 -0.293974 0)
(4.77815 -0.29338 0)
(4.79508 -0.294665 0)
(4.80431 -0.294836 0)
(4.81599 -0.293563 0)
(4.82809 -0.285924 0)
(4.83137 -0.282546 0)
(4.83984 -0.278461 0)
(4.8497 -0.273952 0)
(4.85166 -0.271589 0)
(4.84197 -0.272832 0)
(4.85101 -0.274684 0)
(4.86025 -0.275064 0)
(4.86756 -0.275163 0)
(4.87716 -0.275294 0)
(4.88035 -0.275143 0)
(4.89029 -0.272784 0)
(4.9019 -0.268892 0)
(4.90884 -0.265921 0)
(4.90815 -0.263808 0)
(4.89111 -0.26064 0)
(3.67124 -0.400112 0)
(3.69525 -0.400562 0)
(3.7193 -0.395777 0)
(3.75643 -0.398543 0)
(3.7969 -0.413732 0)
(3.82209 -0.430742 0)
(3.82571 -0.427941 0)
(3.82921 -0.40275 0)
(3.84485 -0.380839 0)
(3.8706 -0.381931 0)
(3.90576 -0.403105 0)
(3.93461 -0.424756 0)
(3.95861 -0.437023 0)
(3.98275 -0.435767 0)
(4.00452 -0.42379 0)
(4.01987 -0.405077 0)
(4.0256 -0.38522 0)
(4.02961 -0.378443 0)
(4.04547 -0.386075 0)
(4.06417 -0.394068 0)
(4.08327 -0.403307 0)
(4.1099 -0.411125 0)
(4.14206 -0.413218 0)
(4.1717 -0.407964 0)
(4.19449 -0.394027 0)
(4.20425 -0.374123 0)
(4.18776 -0.353603 0)
(4.16703 -0.351995 0)
(4.17128 -0.366667 0)
(4.19515 -0.382648 0)
(4.22716 -0.390643 0)
(4.25649 -0.393318 0)
(4.2828 -0.392931 0)
(4.30471 -0.388081 0)
(4.31769 -0.379268 0)
(4.31088 -0.365956 0)
(4.29184 -0.358183 0)
(4.28994 -0.359178 0)
(4.30465 -0.36007 0)
(4.32824 -0.360157 0)
(4.35042 -0.362002 0)
(4.36774 -0.363688 0)
(4.38194 -0.364297 0)
(4.39574 -0.364852 0)
(4.40956 -0.360997 0)
(4.40518 -0.348571 0)
(4.38386 -0.332875 0)
(4.38956 -0.332535 0)
(4.40271 -0.339778 0)
(4.4145 -0.342016 0)
(4.42412 -0.338098 0)
(4.43886 -0.335778 0)
(4.45734 -0.33638 0)
(4.47927 -0.337314 0)
(4.49776 -0.337916 0)
(4.49841 -0.335795 0)
(4.47463 -0.330044 0)
(4.47095 -0.327508 0)
(4.4818 -0.326126 0)
(4.49418 -0.324091 0)
(4.50853 -0.322203 0)
(4.52344 -0.319841 0)
(4.54116 -0.314446 0)
(4.55383 -0.310937 0)
(4.57464 -0.305314 0)
(4.58838 -0.300437 0)
(4.57597 -0.301935 0)
(4.56062 -0.299847 0)
(4.56441 -0.299767 0)
(4.57146 -0.305435 0)
(4.5827 -0.312489 0)
(4.59301 -0.312734 0)
(4.59677 -0.304365 0)
(4.61258 -0.298867 0)
(4.62051 -0.295483 0)
(4.6269 -0.289899 0)
(4.62903 -0.288827 0)
(4.63375 -0.293882 0)
(4.63893 -0.29555 0)
(4.64819 -0.289873 0)
(4.65723 -0.285744 0)
(4.65943 -0.284403 0)
(4.65993 -0.284805 0)
(4.66187 -0.286554 0)
(4.66532 -0.287004 0)
(4.66786 -0.28343 0)
(4.67122 -0.275534 0)
(4.67945 -0.270338 0)
(4.68382 -0.269985 0)
(4.68462 -0.272368 0)
(4.69119 -0.272718 0)
(4.69634 -0.271932 0)
(4.70394 -0.271407 0)
(4.71506 -0.269795 0)
(4.72719 -0.265391 0)
(4.73769 -0.261758 0)
(4.73958 -0.258963 0)
(4.73789 -0.254107 0)
(4.75341 -0.254041 0)
(4.76036 -0.255147 0)
(4.76534 -0.257392 0)
(4.7682 -0.258212 0)
(4.77176 -0.259023 0)
(4.77387 -0.259491 0)
(4.77082 -0.257164 0)
(4.76082 -0.252367 0)
(4.76982 -0.2494 0)
(4.78536 -0.249358 0)
(4.79397 -0.247215 0)
(4.80477 -0.244387 0)
(4.81188 -0.242564 0)
(4.82164 -0.242521 0)
(4.83257 -0.24102 0)
(4.83739 -0.240066 0)
(4.83053 -0.239071 0)
(4.82112 -0.239723 0)
(4.8344 -0.240826 0)
(4.84423 -0.240864 0)
(4.85288 -0.240457 0)
(4.86343 -0.240929 0)
(4.86733 -0.241266 0)
(4.87905 -0.239085 0)
(4.89288 -0.23522 0)
(4.90222 -0.232305 0)
(4.90418 -0.226943 0)
(4.89374 -0.222274 0)
(3.72427 -0.330074 0)
(3.74921 -0.33483 0)
(3.78148 -0.345465 0)
(3.81889 -0.35877 0)
(3.85191 -0.367687 0)
(3.87119 -0.366241 0)
(3.87543 -0.35411 0)
(3.87514 -0.345081 0)
(3.88656 -0.350135 0)
(3.91169 -0.356507 0)
(3.94014 -0.3578 0)
(3.96506 -0.359587 0)
(3.98923 -0.364397 0)
(4.01413 -0.367696 0)
(4.03929 -0.370092 0)
(4.06008 -0.365036 0)
(4.06553 -0.343488 0)
(4.05529 -0.317765 0)
(4.04786 -0.311136 0)
(4.07003 -0.324007 0)
(4.09958 -0.334438 0)
(4.12625 -0.342287 0)
(4.15429 -0.345006 0)
(4.18552 -0.342919 0)
(4.21396 -0.336632 0)
(4.22942 -0.33055 0)
(4.21644 -0.319078 0)
(4.18977 -0.316876 0)
(4.19644 -0.331184 0)
(4.21245 -0.339916 0)
(4.23096 -0.341103 0)
(4.2627 -0.336661 0)
(4.29179 -0.330361 0)
(4.31194 -0.32293 0)
(4.32512 -0.316092 0)
(4.32213 -0.307482 0)
(4.30163 -0.300495 0)
(4.30129 -0.303037 0)
(4.31064 -0.307517 0)
(4.31928 -0.305129 0)
(4.3475 -0.30514 0)
(4.36883 -0.307164 0)
(4.38466 -0.309103 0)
(4.39869 -0.30832 0)
(4.40935 -0.304848 0)
(4.4169 -0.293324 0)
(4.39147 -0.281189 0)
(4.3749 -0.279421 0)
(4.38628 -0.280091 0)
(4.39524 -0.281384 0)
(4.41223 -0.283792 0)
(4.44067 -0.282326 0)
(4.45441 -0.281397 0)
(4.47702 -0.28159 0)
(4.49677 -0.285645 0)
(4.49531 -0.285452 0)
(4.46486 -0.276227 0)
(4.46545 -0.272207 0)
(4.48033 -0.272326 0)
(4.49216 -0.269412 0)
(4.50422 -0.261194 0)
(4.5147 -0.255318 0)
(4.53233 -0.255972 0)
(4.55051 -0.262046 0)
(4.56156 -0.268408 0)
(4.56076 -0.265521 0)
(4.54653 -0.256184 0)
(4.5403 -0.251073 0)
(4.54413 -0.249876 0)
(4.55523 -0.252303 0)
(4.56961 -0.255426 0)
(4.58371 -0.258942 0)
(4.60059 -0.258044 0)
(4.61225 -0.247249 0)
(4.6152 -0.236279 0)
(4.61701 -0.236354 0)
(4.61802 -0.243061 0)
(4.61589 -0.252587 0)
(4.61533 -0.260815 0)
(4.62518 -0.25317 0)
(4.63953 -0.245757 0)
(4.65286 -0.243064 0)
(4.66242 -0.239367 0)
(4.66494 -0.232415 0)
(4.6625 -0.226959 0)
(4.66028 -0.226327 0)
(4.66004 -0.228943 0)
(4.65807 -0.229649 0)
(4.65648 -0.227044 0)
(4.66935 -0.227238 0)
(4.68 -0.227786 0)
(4.68835 -0.22747 0)
(4.69749 -0.227953 0)
(4.70763 -0.227388 0)
(4.71662 -0.223477 0)
(4.72292 -0.217657 0)
(4.72087 -0.2121 0)
(4.72604 -0.210902 0)
(4.74477 -0.211971 0)
(4.75359 -0.2126 0)
(4.75943 -0.212688 0)
(4.76321 -0.212075 0)
(4.76661 -0.2111 0)
(4.76891 -0.214856 0)
(4.76823 -0.221713 0)
(4.76076 -0.21889 0)
(4.76761 -0.21251 0)
(4.78395 -0.212048 0)
(4.79594 -0.210122 0)
(4.80761 -0.209218 0)
(4.81882 -0.210113 0)
(4.82889 -0.208868 0)
(4.83614 -0.204994 0)
(4.83672 -0.200893 0)
(4.81988 -0.199409 0)
(4.80886 -0.200736 0)
(4.82197 -0.201688 0)
(4.83183 -0.201682 0)
(4.84176 -0.20115 0)
(4.85342 -0.200029 0)
(4.85809 -0.199749 0)
(4.87128 -0.197063 0)
(4.88656 -0.193053 0)
(4.8974 -0.1905 0)
(4.90125 -0.186958 0)
(4.89285 -0.185328 0)
(3.76992 -0.278212 0)
(3.79129 -0.275949 0)
(3.81701 -0.276506 0)
(3.84467 -0.291455 0)
(3.86969 -0.312363 0)
(3.89045 -0.324162 0)
(3.90807 -0.322615 0)
(3.91967 -0.306512 0)
(3.92005 -0.285463 0)
(3.93286 -0.278646 0)
(3.96338 -0.281554 0)
(3.99029 -0.284978 0)
(4.01581 -0.289951 0)
(4.03921 -0.295684 0)
(4.0607 -0.299349 0)
(4.07787 -0.298817 0)
(4.08063 -0.299304 0)
(4.06972 -0.302907 0)
(4.073 -0.295367 0)
(4.09263 -0.279914 0)
(4.1147 -0.272788 0)
(4.13884 -0.275314 0)
(4.16388 -0.277893 0)
(4.18906 -0.278797 0)
(4.21787 -0.273928 0)
(4.23419 -0.272386 0)
(4.21906 -0.271266 0)
(4.18614 -0.257228 0)
(4.19336 -0.259157 0)
(4.21855 -0.268043 0)
(4.24086 -0.277755 0)
(4.26689 -0.278012 0)
(4.29429 -0.272605 0)
(4.31611 -0.263589 0)
(4.32663 -0.259638 0)
(4.31925 -0.256052 0)
(4.28936 -0.243712 0)
(4.27687 -0.240909 0)
(4.30239 -0.24619 0)
(4.32248 -0.252196 0)
(4.34409 -0.249782 0)
(4.36473 -0.244553 0)
(4.3852 -0.24223 0)
(4.40389 -0.244711 0)
(4.41064 -0.252039 0)
(4.40236 -0.250592 0)
(4.38596 -0.236097 0)
(4.38069 -0.22468 0)
(4.3927 -0.223529 0)
(4.40048 -0.223343 0)
(4.41075 -0.225993 0)
(4.4224 -0.229093 0)
(4.43946 -0.231566 0)
(4.458 -0.232266 0)
(4.47189 -0.230397 0)
(4.47466 -0.227635 0)
(4.4626 -0.225514 0)
(4.47094 -0.223344 0)
(4.48743 -0.223212 0)
(4.5012 -0.219506 0)
(4.51565 -0.216647 0)
(4.53239 -0.216998 0)
(4.54874 -0.219572 0)
(4.56165 -0.223534 0)
(4.56528 -0.224568 0)
(4.55215 -0.219009 0)
(4.53856 -0.212812 0)
(4.54085 -0.211757 0)
(4.55178 -0.213602 0)
(4.56242 -0.21096 0)
(4.57872 -0.208056 0)
(4.58897 -0.207138 0)
(4.59841 -0.202881 0)
(4.61218 -0.197375 0)
(4.6249 -0.189651 0)
(4.63083 -0.191836 0)
(4.62671 -0.196616 0)
(4.61236 -0.195146 0)
(4.60788 -0.205162 0)
(4.62611 -0.211019 0)
(4.63763 -0.210061 0)
(4.65095 -0.203416 0)
(4.6605 -0.192015 0)
(4.66642 -0.185122 0)
(4.67278 -0.184282 0)
(4.67437 -0.185839 0)
(4.66676 -0.17998 0)
(4.64861 -0.176356 0)
(4.65657 -0.187494 0)
(4.67088 -0.188645 0)
(4.68051 -0.188733 0)
(4.69237 -0.189129 0)
(4.69832 -0.189456 0)
(4.70731 -0.188613 0)
(4.71648 -0.185966 0)
(4.72524 -0.183292 0)
(4.72635 -0.180171 0)
(4.72852 -0.176116 0)
(4.74464 -0.175893 0)
(4.75373 -0.175875 0)
(4.76087 -0.175307 0)
(4.76725 -0.174779 0)
(4.77384 -0.173952 0)
(4.77936 -0.174434 0)
(4.77574 -0.179281 0)
(4.75076 -0.181175 0)
(4.74706 -0.176688 0)
(4.76504 -0.176187 0)
(4.77733 -0.176291 0)
(4.78787 -0.177414 0)
(4.79691 -0.178278 0)
(4.80652 -0.177393 0)
(4.81526 -0.174113 0)
(4.81873 -0.169353 0)
(4.81046 -0.167689 0)
(4.80907 -0.16975 0)
(4.82045 -0.170181 0)
(4.8293 -0.170165 0)
(4.83866 -0.169832 0)
(4.85275 -0.168061 0)
(4.85789 -0.167252 0)
(4.87167 -0.164474 0)
(4.88837 -0.161174 0)
(4.89993 -0.160076 0)
(4.90246 -0.157009 0)
(4.89136 -0.154163 0)
(3.78606 -0.214609 0)
(3.80271 -0.225679 0)
(3.82947 -0.24607 0)
(3.85661 -0.264281 0)
(3.8818 -0.271838 0)
(3.90705 -0.267539 0)
(3.92935 -0.255764 0)
(3.94322 -0.240998 0)
(3.94614 -0.227872 0)
(3.95301 -0.217425 0)
(3.97276 -0.215004 0)
(3.99974 -0.218047 0)
(4.02703 -0.220503 0)
(4.05127 -0.224487 0)
(4.07216 -0.23446 0)
(4.08508 -0.24859 0)
(4.07928 -0.253913 0)
(4.07159 -0.238 0)
(4.08067 -0.21581 0)
(4.09472 -0.203778 0)
(4.11885 -0.200677 0)
(4.14738 -0.20389 0)
(4.176 -0.211032 0)
(4.19803 -0.219073 0)
(4.20276 -0.221413 0)
(4.19612 -0.214663 0)
(4.18856 -0.208033 0)
(4.18882 -0.20228 0)
(4.20087 -0.198754 0)
(4.22536 -0.203559 0)
(4.25056 -0.211704 0)
(4.26286 -0.221324 0)
(4.27351 -0.217071 0)
(4.28556 -0.206879 0)
(4.29203 -0.197389 0)
(4.29491 -0.19192 0)
(4.29327 -0.193652 0)
(4.2944 -0.192499 0)
(4.3104 -0.186538 0)
(4.32301 -0.18875 0)
(4.33096 -0.193884 0)
(4.34637 -0.19618 0)
(4.36253 -0.199654 0)
(4.37657 -0.203563 0)
(4.38659 -0.205741 0)
(4.39413 -0.204408 0)
(4.39168 -0.191316 0)
(4.38797 -0.17627 0)
(4.40016 -0.171625 0)
(4.41483 -0.172868 0)
(4.42529 -0.175351 0)
(4.43342 -0.178357 0)
(4.44143 -0.179302 0)
(4.45242 -0.177469 0)
(4.46336 -0.17606 0)
(4.46387 -0.178254 0)
(4.44771 -0.180028 0)
(4.45278 -0.180167 0)
(4.47015 -0.180461 0)
(4.4843 -0.178713 0)
(4.49891 -0.17793 0)
(4.51344 -0.178467 0)
(4.52671 -0.180073 0)
(4.53779 -0.180883 0)
(4.5426 -0.179845 0)
(4.53375 -0.179733 0)
(4.51817 -0.178354 0)
(4.52153 -0.174541 0)
(4.53447 -0.167532 0)
(4.5486 -0.1595 0)
(4.56358 -0.152482 0)
(4.57773 -0.15123 0)
(4.58883 -0.154564 0)
(4.5989 -0.151086 0)
(4.60678 -0.145322 0)
(4.60869 -0.149226 0)
(4.59987 -0.160665 0)
(4.58137 -0.164491 0)
(4.57985 -0.166415 0)
(4.60671 -0.168458 0)
(4.61916 -0.167082 0)
(4.63253 -0.159839 0)
(4.64198 -0.149285 0)
(4.64982 -0.143483 0)
(4.65755 -0.141852 0)
(4.65814 -0.143565 0)
(4.64545 -0.144448 0)
(4.62231 -0.14513 0)
(4.63697 -0.147892 0)
(4.65427 -0.148368 0)
(4.66408 -0.148058 0)
(4.67669 -0.148299 0)
(4.68597 -0.14901 0)
(4.6922 -0.148903 0)
(4.70262 -0.147656 0)
(4.71353 -0.145928 0)
(4.71724 -0.143378 0)
(4.71417 -0.140044 0)
(4.72713 -0.139156 0)
(4.73639 -0.139083 0)
(4.74407 -0.138859 0)
(4.75096 -0.138479 0)
(4.75752 -0.138202 0)
(4.76258 -0.139431 0)
(4.76165 -0.139718 0)
(4.74833 -0.136307 0)
(4.7427 -0.13145 0)
(4.76105 -0.131025 0)
(4.77291 -0.131817 0)
(4.78236 -0.133353 0)
(4.79053 -0.134139 0)
(4.79955 -0.134877 0)
(4.80802 -0.13544 0)
(4.81077 -0.136493 0)
(4.79915 -0.137993 0)
(4.79428 -0.137461 0)
(4.80434 -0.137172 0)
(4.81235 -0.136947 0)
(4.82132 -0.136313 0)
(4.83493 -0.13447 0)
(4.84012 -0.133754 0)
(4.85447 -0.131985 0)
(4.87142 -0.1307 0)
(4.88238 -0.13099 0)
(4.88366 -0.127695 0)
(4.87316 -0.123133 0)
(3.76844 -0.166003 0)
(3.77891 -0.1725 0)
(3.80614 -0.178251 0)
(3.83648 -0.182566 0)
(3.86816 -0.183189 0)
(3.90109 -0.178032 0)
(3.93143 -0.166762 0)
(3.95229 -0.153189 0)
(3.95322 -0.146158 0)
(3.94008 -0.15284 0)
(3.94555 -0.161841 0)
(3.9656 -0.163082 0)
(3.99085 -0.162166 0)
(4.01822 -0.163085 0)
(4.04436 -0.166405 0)
(4.06292 -0.169143 0)
(4.0689 -0.165389 0)
(4.06486 -0.152492 0)
(4.06331 -0.144157 0)
(4.07539 -0.142599 0)
(4.0972 -0.143646 0)
(4.12509 -0.149744 0)
(4.15223 -0.156449 0)
(4.17287 -0.158809 0)
(4.18439 -0.155101 0)
(4.18463 -0.146087 0)
(4.17569 -0.134893 0)
(4.16896 -0.131841 0)
(4.17914 -0.13958 0)
(4.2003 -0.14931 0)
(4.22071 -0.155604 0)
(4.23868 -0.156001 0)
(4.25665 -0.147291 0)
(4.27203 -0.138469 0)
(4.28254 -0.132231 0)
(4.28795 -0.129473 0)
(4.28528 -0.133341 0)
(4.27729 -0.13469 0)
(4.28339 -0.131282 0)
(4.29911 -0.131162 0)
(4.31769 -0.133247 0)
(4.3371 -0.135431 0)
(4.35469 -0.138351 0)
(4.36909 -0.140838 0)
(4.37945 -0.139869 0)
(4.38222 -0.133955 0)
(4.37273 -0.129725 0)
(4.35725 -0.122995 0)
(4.37204 -0.118845 0)
(4.391 -0.119399 0)
(4.40579 -0.120966 0)
(4.41966 -0.122315 0)
(4.43358 -0.12324 0)
(4.44906 -0.12264 0)
(4.46407 -0.121837 0)
(4.46673 -0.122575 0)
(4.44599 -0.123493 0)
(4.44471 -0.124088 0)
(4.46134 -0.124409 0)
(4.47406 -0.123846 0)
(4.48637 -0.123247 0)
(4.49792 -0.123019 0)
(4.50913 -0.12395 0)
(4.51936 -0.125868 0)
(4.52522 -0.127701 0)
(4.51738 -0.126911 0)
(4.50049 -0.122315 0)
(4.50518 -0.118913 0)
(4.5159 -0.114711 0)
(4.52517 -0.109029 0)
(4.54071 -0.103658 0)
(4.56252 -0.100638 0)
(4.58136 -0.100122 0)
(4.5942 -0.098572 0)
(4.602 -0.0941765 0)
(4.6024 -0.0959368 0)
(4.59435 -0.109311 0)
(4.57973 -0.115664 0)
(4.58078 -0.114145 0)
(4.60329 -0.114227 0)
(4.61467 -0.112831 0)
(4.62792 -0.106248 0)
(4.63744 -0.0971039 0)
(4.64627 -0.092399 0)
(4.655 -0.0898296 0)
(4.65751 -0.091314 0)
(4.64661 -0.097533 0)
(4.62256 -0.0996955 0)
(4.63503 -0.0971772 0)
(4.65494 -0.0968428 0)
(4.66669 -0.096122 0)
(4.68046 -0.0965377 0)
(4.69129 -0.0980642 0)
(4.69532 -0.0984859 0)
(4.70343 -0.0984101 0)
(4.71311 -0.0978045 0)
(4.71615 -0.0959579 0)
(4.70958 -0.0927375 0)
(4.72056 -0.0916808 0)
(4.73031 -0.0913606 0)
(4.73861 -0.0910897 0)
(4.74671 -0.0905723 0)
(4.75525 -0.0907371 0)
(4.76336 -0.0931574 0)
(4.76647 -0.0952025 0)
(4.75648 -0.0936899 0)
(4.75213 -0.0892889 0)
(4.77349 -0.0884992 0)
(4.78666 -0.0891359 0)
(4.79671 -0.0906353 0)
(4.80478 -0.0915433 0)
(4.8131 -0.0929379 0)
(4.81941 -0.0938509 0)
(4.81806 -0.0939214 0)
(4.80138 -0.0929936 0)
(4.79132 -0.0917997 0)
(4.79886 -0.0916911 0)
(4.80543 -0.0916294 0)
(4.81339 -0.0910657 0)
(4.82591 -0.0885539 0)
(4.83154 -0.0875464 0)
(4.84725 -0.0859019 0)
(4.865 -0.0847744 0)
(4.87598 -0.084924 0)
(4.87697 -0.0830774 0)
(4.86757 -0.0803156 0)
(3.77856 -0.110092 0)
(3.78118 -0.108778 0)
(3.81272 -0.103847 0)
(3.84319 -0.100388 0)
(3.87513 -0.0965047 0)
(3.90899 -0.0905606 0)
(3.94318 -0.0830199 0)
(3.96929 -0.077347 0)
(3.96708 -0.080244 0)
(3.94452 -0.0933518 0)
(3.94877 -0.102147 0)
(3.96944 -0.103659 0)
(3.9957 -0.103458 0)
(4.02529 -0.104781 0)
(4.05448 -0.105672 0)
(4.07865 -0.102848 0)
(4.09378 -0.0971406 0)
(4.09264 -0.0917587 0)
(4.07956 -0.0872113 0)
(4.08133 -0.0835524 0)
(4.10111 -0.0846999 0)
(4.12978 -0.0914825 0)
(4.15675 -0.0983379 0)
(4.17622 -0.0986744 0)
(4.1884 -0.0930831 0)
(4.19391 -0.086291 0)
(4.18983 -0.0801429 0)
(4.18013 -0.07814 0)
(4.18401 -0.0837258 0)
(4.20315 -0.093847 0)
(4.22191 -0.099644 0)
(4.24163 -0.0956986 0)
(4.26161 -0.088643 0)
(4.27874 -0.0832896 0)
(4.29438 -0.080111 0)
(4.30248 -0.0807088 0)
(4.29475 -0.0806657 0)
(4.27716 -0.0753189 0)
(4.27849 -0.076784 0)
(4.30321 -0.0818535 0)
(4.32371 -0.0846575 0)
(4.34376 -0.0861719 0)
(4.36209 -0.0876762 0)
(4.37658 -0.0880236 0)
(4.38886 -0.0854598 0)
(4.39538 -0.0794195 0)
(4.38028 -0.0738095 0)
(4.3587 -0.0731822 0)
(4.37756 -0.0733939 0)
(4.39395 -0.0737421 0)
(4.41041 -0.0749446 0)
(4.42323 -0.0758959 0)
(4.4382 -0.0762008 0)
(4.45609 -0.0758984 0)
(4.47301 -0.0751197 0)
(4.47707 -0.0756153 0)
(4.45643 -0.0776547 0)
(4.45202 -0.0788393 0)
(4.46759 -0.0790997 0)
(4.47951 -0.0785586 0)
(4.49024 -0.0774108 0)
(4.50033 -0.076807 0)
(4.51072 -0.0767831 0)
(4.52081 -0.0777467 0)
(4.52702 -0.0798622 0)
(4.51847 -0.081475 0)
(4.50183 -0.0775883 0)
(4.50472 -0.0709538 0)
(4.51275 -0.0671301 0)
(4.52539 -0.0643759 0)
(4.54396 -0.0626564 0)
(4.56618 -0.0608529 0)
(4.58673 -0.0605767 0)
(4.60228 -0.0601531 0)
(4.61177 -0.0570426 0)
(4.61225 -0.0585265 0)
(4.60307 -0.0704658 0)
(4.58901 -0.0762955 0)
(4.59128 -0.0731653 0)
(4.61101 -0.0727096 0)
(4.62211 -0.0716429 0)
(4.63501 -0.0659504 0)
(4.64402 -0.0596362 0)
(4.65496 -0.0565026 0)
(4.66577 -0.0549288 0)
(4.67081 -0.0559062 0)
(4.66097 -0.063308 0)
(4.63383 -0.0660403 0)
(4.64132 -0.0617729 0)
(4.66621 -0.0613958 0)
(4.67926 -0.0611983 0)
(4.69271 -0.0616264 0)
(4.70533 -0.0626625 0)
(4.7073 -0.0628964 0)
(4.71226 -0.0625923 0)
(4.72031 -0.061798 0)
(4.72426 -0.0602137 0)
(4.71799 -0.0581344 0)
(4.72738 -0.0574082 0)
(4.73742 -0.0573802 0)
(4.74609 -0.0574135 0)
(4.75478 -0.0573063 0)
(4.76401 -0.058485 0)
(4.77209 -0.0607809 0)
(4.77358 -0.060224 0)
(4.76239 -0.0577083 0)
(4.7611 -0.0559288 0)
(4.78544 -0.0559288 0)
(4.79901 -0.0565043 0)
(4.80941 -0.0579553 0)
(4.81713 -0.0586368 0)
(4.82533 -0.0597264 0)
(4.83147 -0.0605735 0)
(4.83003 -0.0608097 0)
(4.81303 -0.059939 0)
(4.79998 -0.0587072 0)
(4.8054 -0.0583862 0)
(4.8108 -0.0582385 0)
(4.8185 -0.0575963 0)
(4.82988 -0.055687 0)
(4.83646 -0.0550701 0)
(4.85402 -0.0541005 0)
(4.87226 -0.0537169 0)
(4.88288 -0.0540128 0)
(4.88332 -0.0529245 0)
(4.87353 -0.051151 0)
(3.75625 -0.0511385 0)
(3.75251 -0.0487939 0)
(3.78422 -0.0456381 0)
(3.81635 -0.044759 0)
(3.8503 -0.0442493 0)
(3.88586 -0.0433272 0)
(3.92235 -0.0428066 0)
(3.94965 -0.0440828 0)
(3.94207 -0.0475915 0)
(3.9122 -0.0514182 0)
(3.91753 -0.0523937 0)
(3.93948 -0.051899 0)
(3.96684 -0.0505757 0)
(3.99784 -0.0502242 0)
(4.02887 -0.0501986 0)
(4.05634 -0.0502997 0)
(4.07498 -0.0509388 0)
(4.07137 -0.0502157 0)
(4.05162 -0.0466681 0)
(4.05279 -0.0442863 0)
(4.07431 -0.045814 0)
(4.10267 -0.0505593 0)
(4.1275 -0.0548802 0)
(4.14562 -0.0544482 0)
(4.15926 -0.0506199 0)
(4.16732 -0.0466676 0)
(4.1648 -0.0427645 0)
(4.15606 -0.0422863 0)
(4.15919 -0.0465453 0)
(4.17484 -0.0538795 0)
(4.18902 -0.056743 0)
(4.21273 -0.0516513 0)
(4.23375 -0.0482447 0)
(4.25342 -0.0459817 0)
(4.27125 -0.0450626 0)
(4.27871 -0.0462654 0)
(4.26847 -0.0463892 0)
(4.24643 -0.0447722 0)
(4.25166 -0.0462823 0)
(4.27753 -0.0472514 0)
(4.29639 -0.0475045 0)
(4.31616 -0.0477687 0)
(4.33618 -0.0480583 0)
(4.35058 -0.0478716 0)
(4.36397 -0.0466404 0)
(4.37187 -0.0440178 0)
(4.35622 -0.0422952 0)
(4.33571 -0.0428647 0)
(4.35555 -0.0434018 0)
(4.37183 -0.0436941 0)
(4.38785 -0.0444899 0)
(4.40036 -0.0450924 0)
(4.41541 -0.0453239 0)
(4.43296 -0.0449993 0)
(4.44964 -0.0442973 0)
(4.45372 -0.0448045 0)
(4.43236 -0.0454437 0)
(4.42805 -0.0454073 0)
(4.44321 -0.0454578 0)
(4.45525 -0.045115 0)
(4.46647 -0.0440919 0)
(4.47721 -0.0438042 0)
(4.4889 -0.0441261 0)
(4.50005 -0.0455579 0)
(4.50551 -0.0473213 0)
(4.49333 -0.0468871 0)
(4.47687 -0.0431707 0)
(4.48241 -0.040548 0)
(4.49288 -0.0391755 0)
(4.50791 -0.0378337 0)
(4.52748 -0.0371365 0)
(4.5496 -0.0359039 0)
(4.5706 -0.0370445 0)
(4.58679 -0.037423 0)
(4.59601 -0.0348441 0)
(4.59484 -0.0369435 0)
(4.58157 -0.0449741 0)
(4.56221 -0.0453762 0)
(4.57293 -0.0433392 0)
(4.59016 -0.0434602 0)
(4.60006 -0.0423721 0)
(4.61489 -0.0378604 0)
(4.62457 -0.0342407 0)
(4.63753 -0.0334717 0)
(4.65162 -0.0337909 0)
(4.65769 -0.0353267 0)
(4.64524 -0.0383434 0)
(4.6155 -0.0390024 0)
(4.62165 -0.0371262 0)
(4.64851 -0.0370325 0)
(4.66222 -0.0373049 0)
(4.67512 -0.0377564 0)
(4.68773 -0.0377645 0)
(4.6895 -0.0375263 0)
(4.69377 -0.0370371 0)
(4.70228 -0.0362886 0)
(4.70824 -0.0356134 0)
(4.70358 -0.0353535 0)
(4.71194 -0.0355619 0)
(4.72166 -0.0357078 0)
(4.72987 -0.035836 0)
(4.73788 -0.0358091 0)
(4.74606 -0.0364951 0)
(4.75285 -0.0375295 0)
(4.75394 -0.0361219 0)
(4.74437 -0.0347277 0)
(4.74515 -0.0344246 0)
(4.7696 -0.0345722 0)
(4.78347 -0.0351129 0)
(4.79341 -0.0359402 0)
(4.80136 -0.036405 0)
(4.8091 -0.0370247 0)
(4.8147 -0.0373215 0)
(4.81307 -0.0372408 0)
(4.79661 -0.036738 0)
(4.78411 -0.0361576 0)
(4.78934 -0.0359629 0)
(4.79447 -0.0358084 0)
(4.80253 -0.0352809 0)
(4.81452 -0.0341042 0)
(4.82137 -0.0338128 0)
(4.83926 -0.0333569 0)
(4.85749 -0.0330896 0)
(4.86797 -0.0331406 0)
(4.86856 -0.0320522 0)
(4.85974 -0.0308851 0)
)
;

boundaryField
{
    inlet
    {
        type            fixedValue;
        value           nonuniform 0();
    }
    outlet
    {
        type            inletOutlet;
        inletValue      uniform (5 0 0);
        value           nonuniform List<vector> 
32
(
(4.66066 -0.635938 0)
(4.681 -0.606447 0)
(4.71488 -0.583137 0)
(4.75231 -0.568678 0)
(4.77723 -0.560166 0)
(4.78661 -0.546509 0)
(4.78703 -0.525363 0)
(4.78909 -0.514262 0)
(4.79232 -0.488156 0)
(4.79555 -0.469384 0)
(4.80766 -0.467992 0)
(4.82262 -0.524093 0)
(4.86177 -0.586246 0)
(4.90472 -0.645036 0)
(4.91925 -0.630125 0)
(4.92444 -0.605516 0)
(4.91157 -0.562628 0)
(4.91066 -0.533319 0)
(4.90759 -0.482559 0)
(4.89953 -0.444741 0)
(4.90027 -0.405086 0)
(4.88924 -0.368669 0)
(4.88676 -0.331254 0)
(4.89172 -0.297411 0)
(4.89111 -0.26064 0)
(4.89374 -0.222274 0)
(4.89285 -0.185328 0)
(4.89136 -0.154163 0)
(4.87316 -0.123133 0)
(4.86757 -0.0803156 0)
(4.87353 -0.051151 0)
(4.85974 -0.0308851 0)
)
;
    }
    bottom
    {
        type            symmetryPlane;
    }
    top
    {
        type            symmetryPlane;
    }
    obstacle
    {
        type            slip;
    }
    defaultFaces
    {
        type            empty;
    }
    procBoundary3to1
    {
        type            processor;
        value           nonuniform List<vector> 
126
(
(4.14675 0.0831474 0)
(4.14617 0.0762411 0)
(4.16858 0.0696764 0)
(4.1863 0.0677242 0)
(4.20197 0.0532646 0)
(4.21332 0.0392049 0)
(4.23159 0.025902 0)
(4.24919 0.0148951 0)
(4.25941 0.010745 0)
(4.26305 0.00362748 0)
(4.25606 -0.0158079 0)
(4.24113 -0.0435586 0)
(4.22599 -0.0676044 0)
(4.23623 -0.0782452 0)
(4.25804 -0.0787822 0)
(4.27208 -0.0839116 0)
(4.28415 -0.096532 0)
(4.29792 -0.104166 0)
(4.31717 -0.111452 0)
(4.33268 -0.118398 0)
(4.34138 -0.125193 0)
(4.34709 -0.132246 0)
(4.35079 -0.144414 0)
(4.33889 -0.167813 0)
(4.32152 -0.202654 0)
(4.33129 -0.224427 0)
(4.34077 -0.230414 0)
(4.36964 -0.233077 0)
(4.37931 -0.232231 0)
(4.38626 -0.248441 0)
(4.34516 -0.361453 0)
(4.13519 -0.741126 0)
(4.05037 -1.04363 0)
(3.73268 -1.40594 0)
(3.61022 -1.59094 0)
(3.58369 -1.54284 0)
(3.62706 -1.49503 0)
(3.6594 -1.46532 0)
(3.68104 -1.44284 0)
(3.69458 -1.40818 0)
(3.69686 -1.34966 0)
(3.68523 -1.2921 0)
(3.68163 -1.25588 0)
(3.68913 -1.2447 0)
(3.6977 -1.2362 0)
(3.70826 -1.23375 0)
(3.72878 -1.22613 0)
(3.75914 -1.17927 0)
(3.78814 -1.11686 0)
(3.81971 -1.06478 0)
(3.83815 -1.02619 0)
(3.84038 -0.99957 0)
(3.83349 -0.979011 0)
(3.81753 -0.970318 0)
(3.81729 -0.965158 0)
(3.82967 -0.969087 0)
(3.84197 -0.973171 0)
(3.86579 -0.973916 0)
(3.90384 -0.972761 0)
(3.94788 -0.959141 0)
(3.97119 -0.949194 0)
(3.98412 -0.948904 0)
(4.00108 -0.948299 0)
(4.0111 -0.941936 0)
(4.00094 -0.923375 0)
(3.99309 -0.905268 0)
(4.01238 -0.903852 0)
(4.03032 -0.907288 0)
(4.04606 -0.914995 0)
(4.08007 -0.923679 0)
(4.11893 -0.914885 0)
(4.14755 -0.900958 0)
(4.16056 -0.891318 0)
(4.17768 -0.879658 0)
(4.18831 -0.870248 0)
(4.17672 -0.862638 0)
(4.15821 -0.862438 0)
(4.16273 -0.868382 0)
(4.17182 -0.874193 0)
(4.18538 -0.877843 0)
(4.21773 -0.871626 0)
(4.26442 -0.845318 0)
(4.28831 -0.828692 0)
(4.30434 -0.824807 0)
(4.32235 -0.823807 0)
(4.32624 -0.828991 0)
(4.30882 -0.836481 0)
(4.29382 -0.83972 0)
(4.30018 -0.836736 0)
(4.31051 -0.830384 0)
(4.3235 -0.821578 0)
(4.35176 -0.811007 0)
(4.38338 -0.794614 0)
(4.39788 -0.789779 0)
(4.42085 -0.780157 0)
(4.43416 -0.774381 0)
(4.4296 -0.774352 0)
(4.41691 -0.778554 0)
(4.41719 -0.781378 0)
(4.42215 -0.780815 0)
(4.42979 -0.774479 0)
(4.44364 -0.760702 0)
(4.46396 -0.748723 0)
(4.4877 -0.72965 0)
(4.49654 -0.723395 0)
(4.51039 -0.719323 0)
(4.52342 -0.723009 0)
(4.53137 -0.728063 0)
(4.53576 -0.732444 0)
(4.5362 -0.734932 0)
(4.53299 -0.7297 0)
(4.53334 -0.719522 0)
(4.54941 -0.716201 0)
(4.56263 -0.716749 0)
(4.57494 -0.714782 0)
(4.58591 -0.708806 0)
(4.59907 -0.701768 0)
(4.6178 -0.68935 0)
(4.63129 -0.675435 0)
(4.63824 -0.663996 0)
(4.63849 -0.652848 0)
(4.63785 -0.647827 0)
(4.63769 -0.65048 0)
(4.64056 -0.658282 0)
(4.64977 -0.665383 0)
(4.65745 -0.667196 0)
)
;
    }
    procBoundary3to2
    {
        type            processor;
        value           nonuniform List<vector> 
32
(
(4.12809 0.147665 0)
(4.11778 0.178213 0)
(4.11082 0.221081 0)
(4.10382 0.266124 0)
(4.10559 0.307413 0)
(4.10385 0.353194 0)
(4.09758 0.403428 0)
(4.08639 0.45325 0)
(4.07511 0.496779 0)
(4.07116 0.5263 0)
(4.07398 0.545365 0)
(4.07599 0.566276 0)
(4.07671 0.593253 0)
(4.07697 0.627534 0)
(4.08004 0.659094 0)
(4.08179 0.695948 0)
(4.08796 0.724246 0)
(4.09397 0.751418 0)
(4.07809 0.767608 0)
(3.92118 0.382244 0)
(3.52657 -0.384883 0)
(3.27713 -0.751916 0)
(3.38448 -0.638735 0)
(3.49274 -0.497801 0)
(3.54269 -0.412652 0)
(3.63973 -0.39096 0)
(3.70433 -0.335099 0)
(3.75241 -0.26874 0)
(3.78222 -0.215939 0)
(3.78178 -0.162587 0)
(3.80169 -0.100616 0)
(3.78721 -0.0443585 0)
)
;
    }
}


// ************************************************************************* //
