/*--------------------------------*- C++ -*----------------------------------*\
  =========                 |
  \\      /  F ield         | OpenFOAM: The Open Source CFD Toolbox
   \\    /   O peration     | Website:  https://openfoam.org
    \\  /    A nd           | Version:  7
     \\/     M anipulation  |
\*---------------------------------------------------------------------------*/
FoamFile
{
    version     2.0;
    format      ascii;
    class       volScalarField;
    location    "1.2";
    object      p;
}
// * * * * * * * * * * * * * * * * * * * * * * * * * * * * * * * * * * * * * //

dimensions      [1 -1 -2 0 0 0 0];

internalField   nonuniform List<scalar> 
1008
(
1
1
1.00002
1.09894
5.03721
13.3648
1
1
1
1
1
1
1
1
1
1
1
1
1
1
1
1
1
1
1
1
1
1.00046
1.34156
6.73748
1
1
1
1
1
1
1
1
1
1
1
1
1
1
1
1
1
1
1
1
1
1
1.00349
1.76739
1
1
1
1
1
1
1
1
1
1
1
1
1
1
1
1
1
1
1
1
1
1
1
1.01484
1
1
1
1
1
1
1
1
1
1
1
1
1
1
1
1
1
1
1
1
1
1
1
1.00004
1
1
1
1
1
1
1
1
1
1
1
1
1
1
1
1
1
1
1
1
1
1
1
1
1
1
1
1
1
1
1
1
1
1
1
1
1
1
1
1
1
1
1
1
1
1
1
1
1
1
1
1
1
1
1
1
1
1
1
1
1
1
1
1
1
1
1
1
1
1
1
1
1
1
1
1
1
1
1
1
1
1
1
1
1
1
1
1
1
1
1
1
1
1
1
1
1
1
1
1
1
1
1
1
1
1
1
1
1
1
1
1
1
1
1
1
1
1
1
1
1
1
1
1
1
1
1
1
1
1
1
1
1
1
1
1
1
1
1
1
1
1
1
1
1
1
1
1
1
1
1
1
1
1
1
1
1
1
1
1
1
1
1
1
1
1
1
1
1
1
1
1
1
1
1
1
1
1
1
1
1
1
1
1
1
1
1
1
1
1
1
1
1
1
1
1
1
1
1
1
1
1
1
1
1
1
1
1
1
1
1
1
1
1
1
1
1
1
1
1
1
1
1
1
1
1
1
1
1
1
1
1
1
1
1
1
1
1
1
1
1
1
1
1
1
1
1
1
1
1
1
1
1
1
1
1
1
1
1
1
1
1
1
1
1
1
1
1
1
1
1
1
1
1
1
1
1
1
1
1
1
1
1
1
1
1
1
1
1
1
1
1
1
1
1
1
1
1
1
1
1
1
1
1
1
1
1
1
1
1
1
1
15.7769
14.5596
13.3017
12.1657
11.1812
10.3561
9.55563
8.71694
8.00907
7.48067
6.94812
6.43965
5.90275
5.54404
5.20809
4.85488
4.51913
4.223
4.0477
3.83958
3.62057
3.36704
3.16923
3.0769
2.95186
2.8164
2.65331
2.53239
2.46751
2.37052
2.26464
2.13099
2.05476
13.5045
14.9933
13.8761
12.5403
11.596
10.7647
9.93902
9.09397
8.48365
7.9097
7.31796
6.73208
6.23751
5.94901
5.56584
5.18676
4.78813
4.48949
4.32426
4.09204
3.86368
3.5995
3.39802
3.29257
3.14256
2.99139
2.82686
2.72243
2.65022
2.54062
2.42329
2.27448
2.20194
7.84173
13.4648
14.3526
13.2175
12.0664
11.2063
10.3341
9.46953
8.89051
8.32092
7.77409
7.05191
6.57723
6.26317
5.90599
5.55953
5.08361
4.79528
4.58536
4.35699
4.13266
3.82981
3.65149
3.51752
3.36166
3.20597
3.00284
2.90924
2.83683
2.72415
2.59773
2.42667
2.35234
2.19883
8.41776
13.0552
13.7728
12.7346
11.6815
10.743
9.94743
9.26709
8.66547
8.10506
7.5054
7.02725
6.57251
6.16317
5.81719
5.45823
5.16376
4.86375
4.57543
4.3293
4.09288
3.9144
3.74423
3.56298
3.38181
3.19137
3.09175
3.01183
2.89665
2.75151
2.55978
2.48879
1.03485
2.50494
8.54288
12.5708
13.3103
12.3914
11.168
10.308
9.71766
9.10182
8.42228
7.81712
7.44016
6.97049
6.49255
6.01514
5.70187
5.50862
5.18557
4.84747
4.52279
4.29582
4.17182
3.97889
3.77438
3.593
3.37434
3.2673
3.18638
3.0745
2.93128
2.72466
2.63578
1.00013
1.05438
2.66378
8.44212
12.1514
12.893
11.9564
10.8392
10.1391
9.51722
8.69549
8.16185
7.80279
7.37748
6.88084
6.22289
5.95887
5.7675
5.48247
5.16155
4.72895
4.52704
4.40452
4.2227
4.0141
3.78123
3.56936
3.44369
3.35343
3.24708
3.09735
2.89684
2.79413
1
1.00025
1.06823
2.70905
8.23427
11.4979
12.4487
11.5715
10.5955
9.93529
9.22377
8.56465
8.03444
7.65146
7.24427
6.71065
6.28954
5.98542
5.70448
5.41019
5.065
4.77742
4.61581
4.43519
4.22415
4.02783
3.79325
3.59112
3.50178
3.39124
3.25993
3.10445
2.98195
1
1
1.00036
1.07462
2.66147
7.52405
11.0105
12.1249
11.4734
10.5181
9.56083
8.96752
8.51512
8.07714
7.4686
6.90952
6.63877
6.35506
6.04507
5.68304
5.28685
5.03825
4.8408
4.64175
4.43146
4.23791
4.03809
3.84239
3.69636
3.55338
3.39141
3.23026
3.1657
1
1
1
1.00042
1.07143
2.39542
6.82624
10.5734
11.6772
11.3015
10.3128
9.33977
8.78993
8.37274
7.88627
7.40844
6.99525
6.58574
6.24045
5.96153
5.6696
5.39755
5.08566
4.79587
4.61023
4.45025
4.26347
4.08787
3.94513
3.76911
3.56685
3.36929
3.29626
1
1
1
1
1.0004
1.05325
2.06491
6.16496
10.1553
11.1692
10.9551
10.0456
9.35485
8.80529
8.12664
7.63312
7.37629
7.0436
6.63023
6.07999
5.8315
5.69974
5.43182
5.12941
4.85747
4.60555
4.41157
4.25733
4.1359
3.98928
3.75993
3.68919
4.24048
1
1
1
1
1
1.00028
1.03179
1.8484
5.49011
9.39317
10.6798
10.8036
10.074
9.28099
8.55442
8.03935
7.6811
7.33622
6.9291
6.38578
6.18612
5.98926
5.64575
5.26652
5.07945
4.92155
4.72915
4.38812
4.22559
4.14571
4.30293
5.57451
8.90521
1
1
1
1
1
1
1.00014
1.02192
1.65234
4.51997
8.56615
10.2078
10.5677
10.1015
9.25735
8.37757
7.98607
7.74444
7.33587
6.68087
6.39544
6.23055
5.98414
5.66226
5.24782
5.08829
4.95292
4.70048
4.55305
4.98708
7.26781
11.8929
14.4716
1
1
1
1
1
1
1
1.00008
1.01358
1.3979
3.55308
7.79079
9.64932
10.1498
9.94289
9.18164
8.35277
8.00676
7.61806
7.12664
6.78746
6.55933
6.23182
5.85099
5.54994
5.38168
5.10551
5.20178
6.62331
10.1127
14.7004
16.3333
15.6723
1
1
1
1
1
1
1
1
1.00004
1.00641
1.18972
2.90633
6.63575
9.10331
9.82968
9.8246
9.19382
8.5685
7.9668
7.41373
7.15308
6.8955
6.60152
6.12107
5.74633
5.76135
6.57687
9.47226
14.6028
17.4858
18.2761
17.4107
16.0027
1
1
1
1
1
1
1
1
1
1.00001
1.00204
1.10434
2.32624
5.36821
8.3559
9.42739
9.69192
9.21444
8.60609
7.89915
7.47756
7.13484
6.78917
6.4781
6.87518
9.42471
14.3216
19.0613
20.1014
19.345
17.9666
16.4518
15.0935
1
1
1
1
1
1
1
1
1
1
1
1.00087
1.05178
1.74644
4.03861
7.35297
9.13639
9.51548
9.1544
8.41317
7.99118
7.88362
8.34683
10.0634
14.8142
21.0138
24.6256
24.3136
23.1415
21.1501
18.1804
15.9349
14.5272
1
1
1
1
1
1
1
1
1
1
1
1
1.00027
1.01834
1.33387
2.92194
6.41174
8.83169
9.00286
9.46265
10.647
13.3972
17.7846
21.4319
24.2972
24.866
24.4368
23.132
21.0922
19.1747
17.9143
16.7074
15.5922
1
1
1
1
1
1
1
1
1
1
1
1
1
1.00005
1.00514
1.12932
2.4056
6.34204
12.1258
18.8635
26.8297
34.2094
39.075
38.484
35.6891
30.8515
25.6072
21.502
19.2068
17.516
16.6074
15.9074
15.0901
)
;

boundaryField
{
    inlet
    {
        type            fixedValue;
        value           uniform 1;
    }
    outlet
    {
        type            zeroGradient;
    }
    bottom
    {
        type            symmetryPlane;
    }
    top
    {
        type            symmetryPlane;
    }
    obstacle
    {
        type            zeroGradient;
    }
    defaultFaces
    {
        type            empty;
    }
    procBoundary2to0
    {
        type            processor;
        value           nonuniform List<scalar> 
58
(
1
1
1.01173
3.21867
12.8574
16.6758
1
1
1
1
1
1
1
1
1
1
1
1
1
1
1
1
1
1
1
15.4803
14.1191
12.9558
11.8338
10.8176
9.96782
9.13923
8.31539
7.58726
7.09506
6.57227
6.06673
5.50258
5.12262
4.85437
4.5345
4.24663
3.92482
3.73414
3.55346
3.3448
3.15241
2.95764
2.85982
2.74156
2.60606
2.46861
2.33238
2.27219
2.19583
2.09749
1.98682
1.91712
)
;
    }
    procBoundary2to1
    {
        type            processor;
        value           nonuniform List<scalar> 2(2.01741 2.171);
    }
    procBoundary2to3
    {
        type            processor;
        value           nonuniform List<scalar> 
16
(
2.32884
2.47066
2.61187
2.75671
2.90778
3.06985
3.52753
6.47897
12.2312
14.6062
14.3892
14.5424
14.055
13.5994
14.6166
14.1449
)
;
    }
}


// ************************************************************************* //
