/*--------------------------------*- C++ -*----------------------------------*\
  =========                 |
  \\      /  F ield         | OpenFOAM: The Open Source CFD Toolbox
   \\    /   O peration     | Website:  https://openfoam.org
    \\  /    A nd           | Version:  7
     \\/     M anipulation  |
\*---------------------------------------------------------------------------*/
FoamFile
{
    version     2.0;
    format      ascii;
    class       volVectorField;
    location    "0.5";
    object      U;
}
// * * * * * * * * * * * * * * * * * * * * * * * * * * * * * * * * * * * * * //

dimensions      [0 1 -1 0 0 0 0];

internalField   nonuniform List<vector> 
4608
(
(2 3.66084e-17 0)
(2 1.10897e-16 0)
(2 3.82308e-17 0)
(2 -1.65467e-16 0)
(2 -5.11512e-16 0)
(2 -1.36976e-16 0)
(2 1.48049e-16 0)
(2 1.97821e-16 0)
(2 5.04218e-17 0)
(2 3.53192e-18 0)
(2 5.13589e-18 0)
(2 7.60602e-17 0)
(2 2.19046e-16 0)
(2 2.58908e-16 0)
(2 1.15466e-17 0)
(2 6.84345e-17 0)
(2 2.10678e-16 0)
(2 4.68517e-16 0)
(2 1.99078e-16 0)
(2 4.0805e-16 0)
(2 5.07685e-16 0)
(2 2.82528e-16 0)
(2 6.68617e-17 0)
(2 1.10165e-16 0)
(2 4.8265e-16 0)
(2 4.7037e-16 0)
(2 3.72403e-16 0)
(2 3.18721e-16 0)
(2 3.59179e-16 0)
(2 9.43515e-16 0)
(2 1.06877e-15 0)
(2 8.33962e-16 0)
(2 5.55321e-16 0)
(2 1.44835e-16 0)
(2 -1.06425e-17 0)
(2 -3.06739e-18 0)
(2 -1.63916e-16 0)
(2 -1.65324e-16 0)
(2 -9.75093e-17 0)
(2 7.81386e-16 0)
(2 1.57737e-15 0)
(2 1.76077e-15 0)
(2 1.59786e-15 0)
(2 9.34438e-16 0)
(2 5.61078e-16 0)
(2 3.50496e-16 0)
(2 2.44593e-16 0)
(2 5.17571e-17 0)
(2 -5.4564e-18 0)
(2 2.61791e-16 0)
(2 7.51822e-16 0)
(2 8.15815e-16 0)
(2 -2.32937e-17 0)
(2 -1.86192e-16 0)
(2 1.19782e-16 0)
(1.83666 0.000963169 0)
(0.704903 0.00348035 0)
(0.517052 0.00437371 0)
(0.518864 0.00554461 0)
(0.51593 0.00621458 0)
(0.509603 0.00618465 0)
(0.497926 0.00622905 0)
(0.480941 0.00617239 0)
(0.459365 0.00601685 0)
(0.437513 0.00590623 0)
(0.421775 0.00587062 0)
(0.412382 0.0060797 0)
(0.40851 0.00638549 0)
(0.404988 0.00652091 0)
(0.399993 0.00661893 0)
(0.389132 0.00661519 0)
(0.371656 0.00654668 0)
(0.347432 0.00646869 0)
(0.322653 0.0064355 0)
(0.306154 0.00656958 0)
(0.296821 0.00678395 0)
(0.291514 0.00696892 0)
(0.286543 0.00711195 0)
(0.276295 0.00720072 0)
(0.260497 0.00720266 0)
(0.236703 0.00725601 0)
(0.210982 0.00758241 0)
(0.192366 0.00795639 0)
(0.182155 0.00850311 0)
(0.175142 0.00865827 0)
(0.16677 0.00827632 0)
(0.151994 0.00785755 0)
(0.128851 0.00748693 0)
(0.104678 0.0072773 0)
(0.0882836 0.00722809 0)
(0.0786579 0.00729473 0)
(0.0691463 0.00746055 0)
(0.0570347 0.00759142 0)
(0.0420406 0.00777625 0)
(0.0227231 0.00773041 0)
(0.00488782 0.00802764 0)
(2 1.26912e-16 0)
(2 -9.32147e-18 0)
(2 -1.95782e-16 0)
(2 -6.64068e-16 0)
(2 -3.71657e-16 0)
(2 -8.60043e-17 0)
(2 2.48334e-17 0)
(2 1.58304e-16 0)
(2 -2.06178e-17 0)
(2 7.20945e-17 0)
(2 3.39573e-16 0)
(2 4.95738e-16 0)
(2 6.76018e-16 0)
(2 6.95395e-16 0)
(2 3.04804e-16 0)
(2 2.63372e-16 0)
(2 4.51243e-16 0)
(2 1.22555e-15 0)
(2 7.92247e-16 0)
(2 1.83547e-16 0)
(2 3.16588e-16 0)
(2 4.2447e-16 0)
(2 1.66571e-17 0)
(2 1.37276e-16 0)
(2 7.88309e-16 0)
(2 9.2358e-16 0)
(2 9.47227e-16 0)
(2 6.4386e-16 0)
(2 9.22193e-16 0)
(2 2.08045e-15 0)
(2 2.76186e-15 0)
(2 2.47478e-15 0)
(2 1.51135e-15 0)
(2 2.8037e-16 0)
(2 1.58662e-16 0)
(2 3.13974e-16 0)
(2 -3.96925e-17 0)
(2 -4.07414e-18 0)
(2 5.46781e-16 0)
(2 1.30354e-15 0)
(2 2.21615e-15 0)
(2 2.54741e-15 0)
(2 2.16457e-15 0)
(2 5.86793e-16 0)
(2 -6.11984e-16 0)
(2 1.40011e-17 0)
(2 1.17507e-16 0)
(2 5.9165e-17 0)
(2 5.19627e-17 0)
(2 4.72375e-16 0)
(2 1.67286e-15 0)
(2 1.81522e-15 0)
(2 -3.16262e-16 0)
(2 -1.26085e-15 0)
(2 -9.74341e-16 0)
(1.84347 0.00582545 0)
(0.708075 0.0162456 0)
(0.515364 0.0146518 0)
(0.516526 0.017109 0)
(0.513335 0.0183537 0)
(0.506696 0.0180652 0)
(0.494765 0.018184 0)
(0.47767 0.0180721 0)
(0.456204 0.0176299 0)
(0.434796 0.017257 0)
(0.419435 0.0172026 0)
(0.410243 0.0177286 0)
(0.406533 0.0185337 0)
(0.402761 0.0190606 0)
(0.397398 0.0194435 0)
(0.386178 0.0195373 0)
(0.36847 0.0193904 0)
(0.344111 0.0191388 0)
(0.319373 0.0189462 0)
(0.303096 0.0191831 0)
(0.293965 0.0197521 0)
(0.288772 0.0203948 0)
(0.283562 0.0209639 0)
(0.272918 0.0213991 0)
(0.25666 0.0215393 0)
(0.232394 0.0216802 0)
(0.206477 0.022455 0)
(0.187902 0.0232775 0)
(0.177986 0.0245493 0)
(0.171427 0.024882 0)
(0.163552 0.0240089 0)
(0.149112 0.0231326 0)
(0.126195 0.0223102 0)
(0.102459 0.0217898 0)
(0.0866049 0.0217081 0)
(0.0773568 0.0219961 0)
(0.0680691 0.0225709 0)
(0.056024 0.0229793 0)
(0.041086 0.0234791 0)
(0.0218911 0.0232651 0)
(0.00463687 0.0238554 0)
(2 -4.51323e-17 0)
(2 -1.70958e-16 0)
(2 -3.22102e-16 0)
(2 -2.36965e-16 0)
(2 -4.63042e-17 0)
(2 5.38726e-17 0)
(2 -1.69228e-16 0)
(2 -1.25878e-16 0)
(2 -5.33821e-17 0)
(2 -3.57171e-17 0)
(2 3.90266e-16 0)
(2 8.8188e-16 0)
(2 8.92226e-16 0)
(2 7.67271e-16 0)
(2 6.06445e-16 0)
(2 3.02554e-16 0)
(2 2.98215e-16 0)
(2 6.23303e-16 0)
(2 1.05482e-15 0)
(2 8.48266e-16 0)
(2 3.20037e-16 0)
(2 -7.27622e-17 0)
(2 1.09075e-16 0)
(2 5.0279e-16 0)
(2 7.50906e-16 0)
(2 1.00619e-15 0)
(2 1.0384e-15 0)
(2 9.91168e-16 0)
(2 1.1027e-15 0)
(2 1.1565e-15 0)
(2 1.3015e-15 0)
(2 1.52481e-15 0)
(2 1.46784e-15 0)
(2 6.53468e-16 0)
(2 3.08764e-17 0)
(2 -1.20606e-16 0)
(2 -2.56764e-16 0)
(2 -7.23219e-16 0)
(2 1.16222e-16 0)
(2 6.67384e-16 0)
(2 6.36623e-16 0)
(2 1.42071e-15 0)
(2 1.63213e-15 0)
(2 8.56082e-16 0)
(2 -1.74109e-16 0)
(2 -6.83989e-17 0)
(2 4.87173e-16 0)
(2 4.43365e-16 0)
(2 2.68716e-16 0)
(2 5.17909e-16 0)
(2 2.13863e-15 0)
(2 2.31921e-15 0)
(2 6.64901e-16 0)
(2 -9.96413e-16 0)
(2 -7.39628e-16 0)
(1.85919 0.00954573 0)
(0.718151 0.0280482 0)
(0.518598 0.0247444 0)
(0.518904 0.0289897 0)
(0.515058 0.0309061 0)
(0.507636 0.0304823 0)
(0.495148 0.0305319 0)
(0.477525 0.0302576 0)
(0.455833 0.0295479 0)
(0.434667 0.0290215 0)
(0.419614 0.0290167 0)
(0.410843 0.0299845 0)
(0.407185 0.0311716 0)
(0.403063 0.0320426 0)
(0.397184 0.0326219 0)
(0.385373 0.0327614 0)
(0.367246 0.0325408 0)
(0.342631 0.0321859 0)
(0.317921 0.0319763 0)
(0.301976 0.0324512 0)
(0.293144 0.033506 0)
(0.28811 0.0345926 0)
(0.282495 0.0354658 0)
(0.271328 0.0361048 0)
(0.254325 0.0362715 0)
(0.229291 0.0364762 0)
(0.203024 0.0377328 0)
(0.184427 0.0390612 0)
(0.174593 0.0407739 0)
(0.168225 0.0409195 0)
(0.160595 0.0392883 0)
(0.1462 0.0377633 0)
(0.123306 0.0364777 0)
(0.100077 0.0358173 0)
(0.0850293 0.035917 0)
(0.0763358 0.036471 0)
(0.067327 0.0373482 0)
(0.0552642 0.0379388 0)
(0.0402001 0.0386224 0)
(0.0209858 0.0381919 0)
(0.00437722 0.0391478 0)
(2 -1.85898e-16 0)
(2 -4.56025e-18 0)
(2 -2.18748e-17 0)
(2 5.90937e-17 0)
(2 -1.66665e-16 0)
(2 -1.40812e-16 0)
(2 -2.6565e-16 0)
(2 -4.45984e-16 0)
(2 -2.50324e-16 0)
(2 -9.13651e-17 0)
(2 1.69818e-16 0)
(2 7.44083e-16 0)
(2 9.64496e-16 0)
(2 8.21231e-16 0)
(2 7.79581e-16 0)
(2 5.35993e-16 0)
(2 2.29897e-16 0)
(2 1.46463e-16 0)
(2 3.53434e-16 0)
(2 3.268e-16 0)
(2 -6.61838e-17 0)
(2 -1.58533e-16 0)
(2 4.84106e-16 0)
(2 9.39749e-16 0)
(2 9.73873e-16 0)
(2 1.11767e-15 0)
(2 9.90942e-16 0)
(2 1.07028e-15 0)
(2 8.3629e-16 0)
(2 3.30466e-16 0)
(2 5.2082e-17 0)
(2 5.74777e-16 0)
(2 9.72491e-16 0)
(2 9.70219e-16 0)
(2 3.65174e-16 0)
(2 1.70367e-16 0)
(2 9.56327e-16 0)
(2 -1.37778e-16 0)
(2 -4.46342e-16 0)
(2 -8.27182e-16 0)
(2 -2.48189e-16 0)
(2 3.85348e-16 0)
(2 8.1704e-16 0)
(2 1.014e-15 0)
(2 8.74288e-16 0)
(2 3.80579e-16 0)
(2 6.87772e-16 0)
(2 6.99935e-16 0)
(2 9.59776e-16 0)
(2 7.15591e-16 0)
(2 1.59831e-15 0)
(2 1.22135e-15 0)
(2 1.24266e-15 0)
(2 2.04693e-15 0)
(2 1.27652e-15 0)
(1.88126 0.0115513 0)
(0.733076 0.0387643 0)
(0.522737 0.034508 0)
(0.521577 0.0412757 0)
(0.516995 0.0433623 0)
(0.508973 0.0426875 0)
(0.496216 0.0426535 0)
(0.478241 0.0422633 0)
(0.45658 0.0413325 0)
(0.436036 0.0406119 0)
(0.421712 0.0406446 0)
(0.413903 0.0420211 0)
(0.410342 0.0435581 0)
(0.405843 0.0448403 0)
(0.399346 0.0457119 0)
(0.386885 0.0459834 0)
(0.368297 0.0457657 0)
(0.343504 0.0453357 0)
(0.31909 0.0451084 0)
(0.303821 0.0458195 0)
(0.295603 0.0473896 0)
(0.290823 0.0489279 0)
(0.284584 0.0502572 0)
(0.272859 0.0511302 0)
(0.254919 0.0514186 0)
(0.2291 0.0517562 0)
(0.202631 0.053531 0)
(0.184233 0.0552607 0)
(0.174545 0.0573216 0)
(0.168248 0.0569602 0)
(0.160558 0.0544554 0)
(0.145729 0.0522157 0)
(0.122493 0.0503757 0)
(0.0996658 0.0495811 0)
(0.0854309 0.0499538 0)
(0.0772458 0.0508126 0)
(0.0683471 0.0519943 0)
(0.0558864 0.0527987 0)
(0.0402231 0.0536273 0)
(0.0205112 0.0529254 0)
(0.00428687 0.0541951 0)
(2 -2.11239e-17 0)
(2 1.37412e-16 0)
(2 1.14049e-16 0)
(2 -9.15913e-17 0)
(2 -2.39922e-16 0)
(2 -1.33486e-16 0)
(2 -1.79833e-17 0)
(2 -2.82652e-16 0)
(2 -6.17887e-16 0)
(2 -4.87604e-16 0)
(2 2.53324e-16 0)
(2 4.13974e-16 0)
(2 7.64479e-16 0)
(2 8.16183e-16 0)
(2 9.61712e-16 0)
(2 1.02138e-15 0)
(2 7.88116e-16 0)
(2 6.31227e-16 0)
(2 3.01921e-16 0)
(2 -7.37841e-18 0)
(2 -2.12858e-16 0)
(2 1.53117e-17 0)
(2 3.90836e-16 0)
(2 4.71237e-16 0)
(2 8.88114e-16 0)
(2 9.89167e-16 0)
(2 1.2541e-15 0)
(2 1.19673e-15 0)
(2 9.22201e-16 0)
(2 7.05124e-16 0)
(2 5.07107e-16 0)
(2 5.77895e-16 0)
(2 5.26896e-16 0)
(2 5.76976e-16 0)
(2 5.1881e-16 0)
(2 3.2405e-16 0)
(2 3.92514e-16 0)
(2 3.88018e-16 0)
(2 -6.55194e-16 0)
(2 -6.8124e-16 0)
(2 -4.55127e-16 0)
(2 -4.77687e-16 0)
(2 -2.00609e-16 0)
(2 -7.71189e-17 0)
(2 5.07078e-16 0)
(2 6.41847e-16 0)
(2 4.66423e-16 0)
(2 8.81339e-16 0)
(2 1.27837e-15 0)
(2 8.94171e-16 0)
(2 1.79296e-16 0)
(2 2.50563e-16 0)
(2 1.38874e-15 0)
(2 2.65271e-15 0)
(2 1.50878e-15 0)
(1.90779 0.012048 0)
(0.753777 0.0491781 0)
(0.527424 0.044058 0)
(0.523594 0.0546625 0)
(0.518458 0.0556135 0)
(0.509661 0.0547262 0)
(0.496378 0.0545884 0)
(0.477794 0.0540699 0)
(0.456044 0.0529404 0)
(0.43645 0.0520993 0)
(0.423142 0.0524428 0)
(0.416756 0.0542937 0)
(0.413124 0.0561393 0)
(0.408211 0.0577497 0)
(0.400993 0.0588426 0)
(0.387811 0.0592131 0)
(0.368678 0.0590138 0)
(0.343803 0.0585357 0)
(0.320115 0.058355 0)
(0.306009 0.0593958 0)
(0.298828 0.0615365 0)
(0.294404 0.063549 0)
(0.287503 0.0652383 0)
(0.275304 0.066308 0)
(0.256516 0.0667143 0)
(0.230171 0.0671652 0)
(0.203991 0.0694356 0)
(0.186348 0.0717478 0)
(0.177056 0.0737272 0)
(0.170808 0.0728199 0)
(0.162749 0.0695478 0)
(0.146982 0.0665337 0)
(0.122948 0.0641059 0)
(0.100245 0.0632145 0)
(0.0867006 0.0639742 0)
(0.078864 0.0651715 0)
(0.069924 0.0666533 0)
(0.0567867 0.0676742 0)
(0.0402917 0.0686196 0)
(0.0199435 0.0676507 0)
(0.00419117 0.0692187 0)
(2 2.99399e-17 0)
(2 4.42538e-17 0)
(2 5.87761e-17 0)
(2 3.06019e-16 0)
(2 4.93761e-16 0)
(2 5.69038e-16 0)
(2 3.30982e-16 0)
(2 3.31914e-16 0)
(2 1.59395e-16 0)
(2 3.60129e-16 0)
(2 5.58252e-16 0)
(2 5.90515e-16 0)
(2 5.37923e-16 0)
(2 8.35039e-16 0)
(2 1.10158e-15 0)
(2 1.06322e-15 0)
(2 8.83911e-16 0)
(2 4.05146e-16 0)
(2 2.86578e-16 0)
(2 1.8024e-16 0)
(2 1.91142e-16 0)
(2 1.0171e-16 0)
(2 2.68812e-17 0)
(2 2.20537e-16 0)
(2 6.38906e-16 0)
(2 8.1269e-16 0)
(2 1.12634e-15 0)
(2 8.22573e-16 0)
(2 9.98244e-16 0)
(2 8.74045e-16 0)
(2 7.74634e-16 0)
(2 3.79731e-16 0)
(2 2.01767e-16 0)
(2 3.86107e-16 0)
(2 1.02557e-15 0)
(2 1.24771e-15 0)
(2 1.16605e-15 0)
(2 1.2248e-15 0)
(2 -1.41849e-16 0)
(2 -5.48604e-16 0)
(2 -4.34626e-16 0)
(2 -4.61942e-16 0)
(2 -5.30965e-16 0)
(2 -5.25e-16 0)
(2 -1.51873e-16 0)
(2 5.58292e-17 0)
(2 4.05283e-16 0)
(2 6.40154e-16 0)
(2 7.17949e-16 0)
(2 3.60441e-16 0)
(2 -6.58384e-16 0)
(2 1.31678e-16 0)
(2 1.58419e-15 0)
(2 2.4014e-15 0)
(2 2.22369e-15 0)
(1.93689 0.0107174 0)
(0.781781 0.0596601 0)
(0.533241 0.0544208 0)
(0.525507 0.0679263 0)
(0.520026 0.0675787 0)
(0.510285 0.0665784 0)
(0.496217 0.0663143 0)
(0.476932 0.0655912 0)
(0.455187 0.0642055 0)
(0.437033 0.0633481 0)
(0.425039 0.064314 0)
(0.420018 0.0666261 0)
(0.416044 0.0687885 0)
(0.410635 0.0706713 0)
(0.402473 0.0719376 0)
(0.388584 0.0723912 0)
(0.368717 0.0722019 0)
(0.343781 0.0716701 0)
(0.321201 0.071602 0)
(0.30849 0.0731441 0)
(0.302551 0.0758823 0)
(0.298255 0.0783238 0)
(0.290546 0.0803612 0)
(0.277806 0.0815775 0)
(0.258194 0.0820686 0)
(0.231494 0.0825666 0)
(0.206039 0.0853124 0)
(0.189598 0.0882517 0)
(0.180779 0.0902382 0)
(0.174398 0.0889195 0)
(0.165539 0.0849829 0)
(0.148309 0.0812238 0)
(0.123167 0.0781221 0)
(0.100533 0.0771117 0)
(0.0877448 0.0782779 0)
(0.0803232 0.0797548 0)
(0.0713893 0.0814573 0)
(0.0575222 0.0826194 0)
(0.0401334 0.0835915 0)
(0.0191442 0.0823234 0)
(0.00410135 0.0842226 0)
(2 3.76993e-17 0)
(2 -8.45514e-17 0)
(2 1.9152e-16 0)
(2 5.975e-16 0)
(2 8.32324e-16 0)
(2 9.87104e-16 0)
(2 8.74102e-16 0)
(2 8.49468e-16 0)
(2 1.19571e-15 0)
(2 1.1798e-15 0)
(2 9.33142e-16 0)
(2 8.22613e-16 0)
(2 6.74607e-16 0)
(2 9.02595e-16 0)
(2 9.73745e-16 0)
(2 1.2008e-15 0)
(2 1.08973e-15 0)
(2 5.18542e-16 0)
(2 3.19086e-16 0)
(2 4.63255e-16 0)
(2 4.51724e-16 0)
(2 1.38294e-16 0)
(2 -1.6809e-16 0)
(2 2.94196e-16 0)
(2 3.21768e-16 0)
(2 1.30985e-16 0)
(2 4.65096e-16 0)
(2 6.13783e-16 0)
(2 6.16399e-16 0)
(2 4.94556e-16 0)
(2 3.43161e-17 0)
(2 -4.85216e-16 0)
(2 2.56705e-16 0)
(2 6.95075e-16 0)
(2 9.72649e-16 0)
(2 1.43016e-15 0)
(2 1.72005e-15 0)
(2 1.62063e-15 0)
(2 3.76159e-16 0)
(2 3.42696e-16 0)
(2 4.01283e-16 0)
(2 1.35211e-16 0)
(2 -3.68308e-17 0)
(2 -4.80364e-17 0)
(2 -6.31579e-17 0)
(2 1.55341e-16 0)
(2 9.1288e-16 0)
(2 8.13534e-16 0)
(2 5.02113e-16 0)
(2 -1.07061e-16 0)
(2 -6.46782e-16 0)
(2 -1.93437e-16 0)
(2 1.9975e-15 0)
(2 2.56751e-15 0)
(2 2.36064e-15 0)
(1.96611 0.0070332 0)
(0.817795 0.0705732 0)
(0.539679 0.066274 0)
(0.527677 0.0805149 0)
(0.521845 0.0793192 0)
(0.510886 0.0782288 0)
(0.495789 0.0777434 0)
(0.475752 0.076695 0)
(0.454286 0.0751125 0)
(0.437814 0.0746084 0)
(0.427723 0.0765031 0)
(0.423507 0.0791946 0)
(0.419049 0.0816244 0)
(0.413083 0.0836673 0)
(0.403763 0.0850374 0)
(0.389131 0.0855065 0)
(0.368317 0.0852801 0)
(0.343306 0.0847096 0)
(0.322373 0.0849019 0)
(0.311143 0.0871793 0)
(0.30642 0.0904408 0)
(0.301887 0.093248 0)
(0.293252 0.0955678 0)
(0.279857 0.0968536 0)
(0.259375 0.0973507 0)
(0.232472 0.0978268 0)
(0.208145 0.10107 0)
(0.193226 0.104777 0)
(0.184926 0.106988 0)
(0.17828 0.105489 0)
(0.168455 0.101015 0)
(0.149556 0.0964702 0)
(0.12332 0.092537 0)
(0.10095 0.0913156 0)
(0.0891009 0.0928205 0)
(0.0821605 0.0944894 0)
(0.0732295 0.0963428 0)
(0.0584911 0.0976014 0)
(0.040049 0.0985738 0)
(0.018304 0.0969794 0)
(0.00408718 0.0993103 0)
(2 1.14977e-16 0)
(2 7.8037e-18 0)
(2 6.86177e-17 0)
(2 -1.96849e-16 0)
(2 -1.16656e-16 0)
(2 1.39469e-16 0)
(2 4.32043e-16 0)
(2 6.86756e-16 0)
(2 1.57656e-15 0)
(2 1.59142e-15 0)
(2 7.66371e-16 0)
(2 4.49421e-16 0)
(2 5.15141e-16 0)
(2 9.53922e-16 0)
(2 8.31137e-16 0)
(2 1.11298e-15 0)
(2 1.29704e-15 0)
(2 9.80202e-16 0)
(2 4.71472e-16 0)
(2 1.67053e-16 0)
(2 2.86595e-16 0)
(2 5.79056e-16 0)
(2 5.50105e-16 0)
(2 6.61556e-16 0)
(2 2.74137e-16 0)
(2 -1.7888e-16 0)
(2 -7.45541e-17 0)
(2 6.3341e-16 0)
(2 4.71769e-16 0)
(2 -9.58052e-18 0)
(2 -2.64422e-16 0)
(2 -2.0253e-16 0)
(2 5.05021e-17 0)
(2 3.60778e-16 0)
(2 6.79804e-16 0)
(2 5.90801e-16 0)
(2 8.10284e-16 0)
(2 1.65775e-15 0)
(2 1.82502e-15 0)
(2 1.43326e-15 0)
(2 9.11427e-16 0)
(2 2.44583e-16 0)
(2 1.04814e-16 0)
(2 1.83802e-16 0)
(2 5.96687e-16 0)
(2 8.62194e-16 0)
(2 1.122e-15 0)
(2 1.03997e-15 0)
(2 8.59608e-16 0)
(2 4.86942e-16 0)
(2 3.46608e-16 0)
(2 3.76241e-16 0)
(2 1.69669e-15 0)
(2 2.04258e-15 0)
(2 2.1637e-15 0)
(1.99113 0.00161956 0)
(0.86277 0.0824166 0)
(0.546092 0.0786154 0)
(0.530076 0.0929635 0)
(0.523939 0.0908255 0)
(0.511377 0.0896111 0)
(0.495069 0.0888206 0)
(0.474346 0.0873672 0)
(0.453904 0.0857658 0)
(0.439377 0.0861001 0)
(0.431561 0.0889107 0)
(0.427419 0.0919608 0)
(0.422342 0.094617 0)
(0.415708 0.0967475 0)
(0.405152 0.0981418 0)
(0.389646 0.0985458 0)
(0.367838 0.0981994 0)
(0.342913 0.0976311 0)
(0.324023 0.0983047 0)
(0.314533 0.101445 0)
(0.310557 0.105135 0)
(0.305453 0.108269 0)
(0.295821 0.110779 0)
(0.281602 0.112057 0)
(0.26011 0.112457 0)
(0.233134 0.112861 0)
(0.21034 0.11665 0)
(0.197185 0.121271 0)
(0.189369 0.123895 0)
(0.182315 0.122469 0)
(0.171439 0.117579 0)
(0.15078 0.112236 0)
(0.123555 0.107331 0)
(0.101636 0.105836 0)
(0.0907497 0.107613 0)
(0.0842344 0.109422 0)
(0.0752187 0.111405 0)
(0.0594853 0.112738 0)
(0.0398148 0.113701 0)
(0.0173064 0.111754 0)
(0.00413004 0.114607 0)
(2 4.83538e-18 0)
(2 5.78554e-17 0)
(2 -1.58795e-16 0)
(2 -5.75842e-16 0)
(2 -3.66264e-16 0)
(2 -2.24677e-16 0)
(2 -1.94025e-16 0)
(2 4.72284e-16 0)
(2 8.56194e-16 0)
(2 8.95912e-16 0)
(2 1.21663e-16 0)
(2 4.7139e-17 0)
(2 3.24847e-16 0)
(2 4.71403e-16 0)
(2 7.08556e-16 0)
(2 7.04548e-16 0)
(2 8.75719e-16 0)
(2 7.23046e-16 0)
(2 4.36611e-16 0)
(2 -2.81937e-17 0)
(2 8.07469e-17 0)
(2 6.932e-16 0)
(2 1.09852e-15 0)
(2 8.43939e-16 0)
(2 3.85212e-16 0)
(2 5.52159e-17 0)
(2 -2.71448e-17 0)
(2 1.44984e-16 0)
(2 -1.95986e-16 0)
(2 -6.15522e-16 0)
(2 -4.70107e-16 0)
(2 -3.40387e-16 0)
(2 -4.4535e-16 0)
(2 -4.73224e-16 0)
(2 -4.91319e-16 0)
(2 -2.5771e-16 0)
(2 1.91886e-16 0)
(2 1.48134e-15 0)
(2 2.28846e-15 0)
(2 1.44796e-15 0)
(2 4.08476e-16 0)
(2 1.56902e-16 0)
(2 2.68433e-16 0)
(2 2.27941e-16 0)
(2 7.28984e-16 0)
(2 1.1709e-15 0)
(2 9.82429e-16 0)
(2 1.38449e-15 0)
(2 1.42782e-15 0)
(2 1.32865e-15 0)
(2 1.48658e-15 0)
(2 1.71702e-15 0)
(2 1.52851e-15 0)
(2 1.37638e-15 0)
(2 1.49758e-15 0)
(1.99998 2.46054e-05 0)
(0.919628 0.0940423 0)
(0.553044 0.0912842 0)
(0.532717 0.10544 0)
(0.525831 0.101958 0)
(0.511587 0.100629 0)
(0.494037 0.0994233 0)
(0.472875 0.0975971 0)
(0.454507 0.0963352 0)
(0.442053 0.0979808 0)
(0.436308 0.101544 0)
(0.431676 0.104919 0)
(0.425899 0.107754 0)
(0.418453 0.109886 0)
(0.406652 0.111201 0)
(0.390111 0.111459 0)
(0.367335 0.110899 0)
(0.342901 0.110437 0)
(0.326412 0.111928 0)
(0.318844 0.115863 0)
(0.315034 0.11993 0)
(0.309058 0.123347 0)
(0.298446 0.125941 0)
(0.283173 0.127144 0)
(0.2605 0.127355 0)
(0.23364 0.127694 0)
(0.212819 0.132131 0)
(0.201503 0.137715 0)
(0.19405 0.140919 0)
(0.186472 0.139734 0)
(0.174495 0.134524 0)
(0.152019 0.128431 0)
(0.123954 0.122472 0)
(0.102682 0.120669 0)
(0.0926434 0.122657 0)
(0.0865173 0.1246 0)
(0.0773224 0.126714 0)
(0.0604868 0.128114 0)
(0.0394145 0.129081 0)
(0.0162345 0.126782 0)
(0.00424573 0.130195 0)
(2 -1.31369e-16 0)
(2 -7.82949e-17 0)
(2 -1.59431e-16 0)
(2 -2.24865e-16 0)
(2 -8.60559e-17 0)
(2 -5.57313e-17 0)
(2 -1.19314e-16 0)
(2 2.7873e-16 0)
(2 1.9333e-16 0)
(2 3.0357e-16 0)
(2 4.22893e-16 0)
(2 4.3785e-16 0)
(2 4.16876e-16 0)
(2 4.14424e-17 0)
(2 2.00796e-16 0)
(2 3.10752e-16 0)
(2 2.31318e-16 0)
(2 3.75463e-16 0)
(2 2.9344e-16 0)
(2 2.72636e-16 0)
(2 3.56702e-16 0)
(2 6.45793e-16 0)
(2 1.11591e-15 0)
(2 1.28757e-15 0)
(2 1.28438e-15 0)
(2 1.45607e-16 0)
(2 -4.6702e-16 0)
(2 -9.04229e-16 0)
(2 -6.22758e-16 0)
(2 -4.42381e-16 0)
(2 -1.4871e-16 0)
(2 2.7369e-16 0)
(2 3.72281e-16 0)
(2 -2.46112e-16 0)
(2 -1.17763e-15 0)
(2 -1.02124e-15 0)
(2 -8.54955e-17 0)
(2 1.10239e-15 0)
(2 1.72455e-15 0)
(2 1.39829e-15 0)
(2 5.67048e-16 0)
(2 2.36032e-17 0)
(2 -3.1173e-17 0)
(2 5.06814e-17 0)
(2 2.33933e-16 0)
(2 2.63345e-16 0)
(2 8.24525e-16 0)
(2 1.15811e-15 0)
(2 1.05903e-15 0)
(2 1.18242e-15 0)
(2 1.15555e-15 0)
(2 1.955e-15 0)
(2 1.26434e-15 0)
(2 1.0908e-15 0)
(2 1.19662e-15 0)
(2 1.26746e-10 0)
(0.990179 0.104623 0)
(0.56228 0.104549 0)
(0.535277 0.117894 0)
(0.527184 0.112513 0)
(0.51155 0.11121 0)
(0.492654 0.109441 0)
(0.47198 0.107425 0)
(0.456111 0.107248 0)
(0.446491 0.110351 0)
(0.441495 0.114438 0)
(0.436168 0.118084 0)
(0.429659 0.120988 0)
(0.421167 0.123039 0)
(0.408228 0.124159 0)
(0.390409 0.124165 0)
(0.366836 0.123349 0)
(0.343674 0.123175 0)
(0.329816 0.125774 0)
(0.324046 0.130374 0)
(0.319931 0.134768 0)
(0.31279 0.138402 0)
(0.301324 0.14099 0)
(0.284697 0.142061 0)
(0.260761 0.142032 0)
(0.234315 0.142423 0)
(0.215875 0.147653 0)
(0.206235 0.154125 0)
(0.198932 0.158024 0)
(0.190689 0.157176 0)
(0.17749 0.151727 0)
(0.153138 0.144951 0)
(0.12438 0.137925 0)
(0.10399 0.13583 0)
(0.0946369 0.13799 0)
(0.0888672 0.14007 0)
(0.0793808 0.142325 0)
(0.0614072 0.143783 0)
(0.0387409 0.144796 0)
(0.0151537 0.142204 0)
(0.00441656 0.146166 0)
(2 2.75117e-17 0)
(2 -9.9765e-17 0)
(2 -2.58561e-16 0)
(2 -2.84907e-16 0)
(2 -3.63358e-16 0)
(2 -3.58303e-16 0)
(2 -7.06127e-17 0)
(2 -2.38684e-16 0)
(2 -4.34277e-17 0)
(2 3.62959e-16 0)
(2 6.51126e-16 0)
(2 5.69897e-16 0)
(2 2.9472e-16 0)
(2 1.23987e-16 0)
(2 1.86425e-16 0)
(2 -1.38172e-16 0)
(2 1.77617e-16 0)
(2 2.01011e-16 0)
(2 2.75375e-16 0)
(2 1.98351e-16 0)
(2 1.02856e-16 0)
(2 9.39185e-16 0)
(2 1.57509e-15 0)
(2 1.12325e-15 0)
(2 1.06512e-15 0)
(2 2.9067e-16 0)
(2 -1.37683e-16 0)
(2 -4.10427e-16 0)
(2 -3.24601e-16 0)
(2 -4.14927e-17 0)
(2 1.02249e-15 0)
(2 1.44581e-15 0)
(2 1.36217e-15 0)
(2 9.02515e-16 0)
(2 -5.35407e-16 0)
(2 -1.16394e-15 0)
(2 -2.63105e-17 0)
(2 8.27764e-16 0)
(2 1.24191e-15 0)
(2 1.4237e-15 0)
(2 1.45469e-15 0)
(2 3.88142e-16 0)
(2 -5.18701e-17 0)
(2 -1.65844e-16 0)
(2 -5.9269e-16 0)
(2 -3.46582e-16 0)
(2 2.83068e-16 0)
(2 1.66574e-16 0)
(2 1.39281e-16 0)
(2 6.63913e-16 0)
(2 1.14596e-15 0)
(2 1.48692e-15 0)
(2 1.30169e-15 0)
(2 1.34064e-15 0)
(2 1.18597e-15 0)
(2 4.3389e-16 0)
(1.07503 0.114484 0)
(0.574372 0.118677 0)
(0.536837 0.129924 0)
(0.528074 0.122562 0)
(0.510931 0.121204 0)
(0.491019 0.11873 0)
(0.472537 0.117072 0)
(0.459322 0.118785 0)
(0.452385 0.123059 0)
(0.446961 0.127613 0)
(0.440836 0.131445 0)
(0.433612 0.134284 0)
(0.423726 0.136185 0)
(0.409847 0.136941 0)
(0.390439 0.136571 0)
(0.366386 0.135555 0)
(0.345699 0.136002 0)
(0.334368 0.139889 0)
(0.329966 0.144992 0)
(0.325156 0.149638 0)
(0.316764 0.153387 0)
(0.304397 0.155892 0)
(0.286234 0.156769 0)
(0.261093 0.156493 0)
(0.235548 0.157164 0)
(0.219776 0.163228 0)
(0.211466 0.17052 0)
(0.204103 0.175171 0)
(0.195077 0.174707 0)
(0.180549 0.169086 0)
(0.154416 0.16166 0)
(0.125267 0.153605 0)
(0.105912 0.151257 0)
(0.0972524 0.153562 0)
(0.0916573 0.155815 0)
(0.0817737 0.158222 0)
(0.0626644 0.159762 0)
(0.0380912 0.160935 0)
(0.0143195 0.158179 0)
(0.00468975 0.162655 0)
(2 -1.0406e-17 0)
(2 -1.98006e-16 0)
(2 -2.28433e-16 0)
(2 -4.98316e-17 0)
(2 5.23623e-18 0)
(2 -7.16513e-17 0)
(2 -1.12346e-17 0)
(2 -1.48802e-17 0)
(2 6.31659e-16 0)
(2 9.34729e-16 0)
(2 9.31102e-16 0)
(2 7.341e-16 0)
(2 8.74841e-16 0)
(2 7.6331e-16 0)
(2 5.81156e-16 0)
(2 4.45801e-16 0)
(2 4.02958e-16 0)
(2 2.9444e-16 0)
(2 2.40975e-16 0)
(2 2.41806e-16 0)
(2 1.75465e-16 0)
(2 7.64739e-16 0)
(2 1.63189e-15 0)
(2 1.01796e-15 0)
(2 3.17965e-16 0)
(2 5.70282e-16 0)
(2 2.2829e-16 0)
(2 1.23024e-16 0)
(2 4.03723e-16 0)
(2 8.97338e-16 0)
(2 1.3707e-15 0)
(2 1.57474e-15 0)
(2 1.247e-15 0)
(2 9.71103e-16 0)
(2 7.03483e-16 0)
(2 -1.78057e-16 0)
(2 -8.85732e-17 0)
(2 3.71428e-16 0)
(2 9.34071e-16 0)
(2 1.44245e-15 0)
(2 1.84975e-15 0)
(2 9.11928e-16 0)
(2 2.66258e-16 0)
(2 1.46222e-16 0)
(2 -3.2925e-16 0)
(2 -3.50012e-16 0)
(2 -5.47921e-16 0)
(2 -3.1719e-16 0)
(2 -4.92672e-17 0)
(2 6.4155e-16 0)
(2 1.10822e-15 0)
(2 3.02185e-16 0)
(2 1.01453e-15 0)
(2 3.81351e-16 0)
(2 2.53481e-16 0)
(2 3.40275e-16 0)
(1.17754 0.12251 0)
(0.587728 0.133848 0)
(0.537498 0.141119 0)
(0.528332 0.13213 0)
(0.50975 0.130226 0)
(0.490143 0.127321 0)
(0.474831 0.127315 0)
(0.464974 0.130969 0)
(0.458863 0.136149 0)
(0.45258 0.141054 0)
(0.445607 0.144901 0)
(0.437546 0.147555 0)
(0.426226 0.149188 0)
(0.411123 0.149488 0)
(0.390163 0.148595 0)
(0.36636 0.147606 0)
(0.348896 0.14923 0)
(0.340314 0.154256 0)
(0.336281 0.159777 0)
(0.330532 0.164572 0)
(0.320926 0.168308 0)
(0.307537 0.170676 0)
(0.28769 0.17128 0)
(0.261616 0.170785 0)
(0.237653 0.172049 0)
(0.224567 0.178944 0)
(0.217107 0.186969 0)
(0.209431 0.192412 0)
(0.199431 0.192375 0)
(0.183421 0.186575 0)
(0.155689 0.178508 0)
(0.12652 0.169576 0)
(0.108175 0.167087 0)
(0.100191 0.169523 0)
(0.0943958 0.171961 0)
(0.0842024 0.174492 0)
(0.0637411 0.176094 0)
(0.0372507 0.177526 0)
(0.0136121 0.174782 0)
(0.00501405 0.17976 0)
(2 -4.34494e-17 0)
(2 -1.10315e-16 0)
(2 -3.87211e-17 0)
(2 -1.0469e-16 0)
(2 -9.0471e-18 0)
(2 3.47498e-17 0)
(2 1.25851e-16 0)
(2 3.42063e-16 0)
(2 5.23603e-16 0)
(2 7.78049e-16 0)
(2 9.41099e-16 0)
(2 1.16795e-15 0)
(2 1.38628e-15 0)
(2 1.46048e-15 0)
(2 1.25214e-15 0)
(2 1.14374e-15 0)
(2 7.84407e-16 0)
(2 5.82368e-16 0)
(2 3.07411e-16 0)
(2 4.05271e-16 0)
(2 2.3393e-16 0)
(2 -1.35621e-16 0)
(2 -1.62373e-16 0)
(2 4.39986e-16 0)
(2 2.54631e-16 0)
(2 3.15395e-16 0)
(2 1.62917e-16 0)
(2 -8.77458e-17 0)
(2 7.02948e-16 0)
(2 8.54946e-16 0)
(2 5.56734e-16 0)
(2 6.69065e-17 0)
(2 9.26601e-17 0)
(2 4.51073e-16 0)
(2 1.25086e-15 0)
(2 1.52464e-15 0)
(2 1.14785e-15 0)
(2 1.14169e-15 0)
(2 1.21836e-15 0)
(2 1.51629e-15 0)
(2 1.81208e-15 0)
(2 1.46149e-15 0)
(2 1.35684e-15 0)
(2 1.00104e-15 0)
(2 3.07169e-16 0)
(2 -9.32665e-16 0)
(2 -1.27596e-15 0)
(2 -2.77559e-16 0)
(2 -3.09867e-17 0)
(2 1.97568e-16 0)
(2 4.36727e-17 0)
(2 -2.19832e-17 0)
(2 -1.91955e-16 0)
(2 2.22544e-16 0)
(2 8.75774e-17 0)
(2 -1.20733e-16 0)
(1.29941 0.127157 0)
(0.603027 0.149206 0)
(0.537968 0.150961 0)
(0.527962 0.140659 0)
(0.508229 0.138081 0)
(0.491369 0.135954 0)
(0.479361 0.138714 0)
(0.472013 0.143942 0)
(0.46528 0.149715 0)
(0.458124 0.154662 0)
(0.45038 0.158327 0)
(0.441199 0.160724 0)
(0.428613 0.161934 0)
(0.411832 0.161674 0)
(0.389629 0.16025 0)
(0.367436 0.159712 0)
(0.353516 0.163026 0)
(0.347362 0.168847 0)
(0.342866 0.174723 0)
(0.335957 0.17958 0)
(0.325217 0.183265 0)
(0.310623 0.18542 0)
(0.288978 0.185663 0)
(0.262523 0.18503 0)
(0.241002 0.187193 0)
(0.230345 0.194764 0)
(0.223297 0.203484 0)
(0.215083 0.209729 0)
(0.203931 0.210164 0)
(0.186328 0.204183 0)
(0.157338 0.195548 0)
(0.128704 0.185918 0)
(0.111262 0.183391 0)
(0.103866 0.185866 0)
(0.0975703 0.188527 0)
(0.0870471 0.191158 0)
(0.0650464 0.192798 0)
(0.0367357 0.194582 0)
(0.0132183 0.192006 0)
(0.00553056 0.197494 0)
(2 -5.20139e-17 0)
(2 -9.77732e-17 0)
(2 -6.38257e-17 0)
(2 -2.01358e-16 0)
(2 -1.38838e-17 0)
(2 1.46757e-16 0)
(2 2.86713e-16 0)
(2 3.87944e-16 0)
(2 8.17288e-17 0)
(2 1.92061e-16 0)
(2 4.29189e-16 0)
(2 9.74904e-16 0)
(2 1.27302e-15 0)
(2 1.43085e-15 0)
(2 1.34227e-15 0)
(2 1.21082e-15 0)
(2 1.18499e-15 0)
(2 7.5715e-16 0)
(2 3.94986e-16 0)
(2 2.3566e-16 0)
(2 3.00567e-17 0)
(2 -6.55927e-16 0)
(2 -1.14997e-15 0)
(2 -9.66055e-16 0)
(2 -5.99754e-16 0)
(2 -4.94619e-16 0)
(2 3.45439e-16 0)
(2 7.3943e-16 0)
(2 8.28561e-16 0)
(2 7.28352e-16 0)
(2 5.49703e-16 0)
(2 1.70695e-17 0)
(2 -1.32504e-16 0)
(2 -2.39191e-16 0)
(2 6.07481e-16 0)
(2 1.44835e-15 0)
(2 1.39171e-15 0)
(2 1.01153e-15 0)
(2 1.08795e-15 0)
(2 8.18309e-16 0)
(2 1.3013e-15 0)
(2 1.62638e-15 0)
(2 1.50415e-15 0)
(2 1.26232e-15 0)
(2 7.19813e-16 0)
(2 -7.25053e-16 0)
(2 -5.36194e-16 0)
(2 -6.40193e-16 0)
(2 -6.38263e-16 0)
(2 -4.20678e-16 0)
(2 1.32928e-16 0)
(2 5.04201e-16 0)
(2 3.37698e-16 0)
(2 4.19926e-16 0)
(2 4.78172e-16 0)
(2 6.2322e-16 0)
(1.43779 0.12649 0)
(0.624343 0.163891 0)
(0.538585 0.158774 0)
(0.526677 0.147599 0)
(0.508334 0.145536 0)
(0.494795 0.146512 0)
(0.486396 0.151342 0)
(0.479154 0.157651 0)
(0.471485 0.163546 0)
(0.463596 0.168151 0)
(0.455232 0.171449 0)
(0.444562 0.173651 0)
(0.430796 0.174282 0)
(0.411921 0.173339 0)
(0.389166 0.171655 0)
(0.370239 0.172261 0)
(0.359707 0.177271 0)
(0.354981 0.183639 0)
(0.349557 0.189737 0)
(0.341258 0.194623 0)
(0.329586 0.198255 0)
(0.313458 0.200158 0)
(0.290032 0.19997 0)
(0.264016 0.199409 0)
(0.245794 0.202692 0)
(0.236994 0.210755 0)
(0.229972 0.220137 0)
(0.220924 0.227189 0)
(0.208315 0.228151 0)
(0.188916 0.22205 0)
(0.158999 0.21302 0)
(0.131491 0.202939 0)
(0.114787 0.200451 0)
(0.107719 0.202781 0)
(0.100755 0.205675 0)
(0.0896942 0.208362 0)
(0.0661084 0.209941 0)
(0.0363199 0.212131 0)
(0.0130157 0.209838 0)
(0.00619975 0.215838 0)
(2 -7.76163e-17 0)
(2 1.87856e-17 0)
(2 1.76368e-17 0)
(2 4.51441e-16 0)
(2 3.86875e-16 0)
(2 3.57262e-16 0)
(2 2.63063e-16 0)
(2 -1.25845e-16 0)
(2 -4.61173e-16 0)
(2 -2.2666e-16 0)
(2 2.85997e-16 0)
(2 1.96491e-16 0)
(2 4.13768e-16 0)
(2 7.14246e-16 0)
(2 6.34922e-16 0)
(2 5.1295e-16 0)
(2 4.41278e-16 0)
(2 5.70951e-16 0)
(2 4.01504e-16 0)
(2 3.95461e-16 0)
(2 -1.50346e-16 0)
(2 -7.44331e-16 0)
(2 -1.20524e-15 0)
(2 -1.39425e-15 0)
(2 -1.63007e-15 0)
(2 -1.20903e-15 0)
(2 -4.04763e-16 0)
(2 4.38303e-16 0)
(2 6.66619e-16 0)
(2 4.86016e-16 0)
(2 7.1423e-16 0)
(2 1.76036e-16 0)
(2 1.62781e-17 0)
(2 6.11607e-17 0)
(2 8.82399e-17 0)
(2 9.44405e-16 0)
(2 1.90346e-15 0)
(2 1.34657e-15 0)
(2 5.17239e-16 0)
(2 1.17872e-15 0)
(2 9.71019e-16 0)
(2 1.05622e-15 0)
(2 6.00176e-16 0)
(2 4.17144e-16 0)
(2 6.24208e-16 0)
(2 3.34087e-16 0)
(2 -5.42328e-17 0)
(2 -4.78264e-16 0)
(2 -4.86145e-16 0)
(2 -2.93759e-16 0)
(2 2.15298e-16 0)
(2 8.75299e-16 0)
(2 8.60251e-16 0)
(2 3.12249e-16 0)
(2 6.57921e-16 0)
(2 3.8945e-16 0)
(1.58984 0.117924 0)
(0.655383 0.176418 0)
(0.539728 0.164127 0)
(0.525214 0.154072 0)
(0.511569 0.154972 0)
(0.501176 0.15877 0)
(0.494109 0.165326 0)
(0.485863 0.171972 0)
(0.477386 0.177367 0)
(0.468968 0.181392 0)
(0.459817 0.184226 0)
(0.447816 0.185992 0)
(0.432248 0.186022 0)
(0.411497 0.184375 0)
(0.389711 0.183118 0)
(0.374758 0.185802 0)
(0.36737 0.191877 0)
(0.362659 0.198594 0)
(0.356177 0.204696 0)
(0.346524 0.209628 0)
(0.33392 0.213135 0)
(0.315961 0.214745 0)
(0.290935 0.214164 0)
(0.266448 0.214161 0)
(0.252054 0.21867 0)
(0.244368 0.227052 0)
(0.237129 0.236981 0)
(0.227043 0.244765 0)
(0.212758 0.246376 0)
(0.191489 0.240288 0)
(0.161132 0.231036 0)
(0.135633 0.220617 0)
(0.11952 0.218159 0)
(0.112372 0.220256 0)
(0.104836 0.223347 0)
(0.0927843 0.226145 0)
(0.0675004 0.227596 0)
(0.036596 0.230219 0)
(0.0134234 0.22826 0)
(0.0070617 0.234779 0)
(2 1.28151e-17 0)
(2 -1.71641e-18 0)
(2 1.20632e-16 0)
(2 1.51811e-16 0)
(2 -1.15211e-18 0)
(2 -5.43849e-17 0)
(2 -4.52733e-17 0)
(2 -4.31255e-17 0)
(2 -9.50864e-17 0)
(2 -2.8437e-16 0)
(2 -3.66117e-16 0)
(2 -3.3018e-17 0)
(2 -1.26971e-16 0)
(2 8.7762e-18 0)
(2 6.50658e-17 0)
(2 2.11768e-16 0)
(2 5.318e-17 0)
(2 8.29106e-17 0)
(2 -6.44199e-17 0)
(2 -9.32914e-17 0)
(2 -3.14252e-16 0)
(2 -6.73716e-16 0)
(2 -8.5676e-16 0)
(2 -9.98123e-16 0)
(2 -1.19797e-15 0)
(2 -1.11631e-15 0)
(2 -9.26759e-16 0)
(2 -6.57e-16 0)
(2 -4.77935e-16 0)
(2 -4.73444e-16 0)
(2 -2.51673e-16 0)
(2 -5.20107e-16 0)
(2 -5.07659e-16 0)
(2 1.64581e-16 0)
(2 3.60049e-16 0)
(2 8.91638e-16 0)
(2 1.57512e-15 0)
(2 1.35582e-15 0)
(2 1.34306e-16 0)
(2 2.13219e-16 0)
(2 -3.9084e-18 0)
(2 1.9525e-16 0)
(2 -2.04704e-16 0)
(2 -4.73489e-16 0)
(2 -1.51443e-17 0)
(2 7.62057e-16 0)
(2 5.33788e-16 0)
(2 9.34778e-17 0)
(2 4.46848e-17 0)
(2 2.66434e-16 0)
(2 5.78686e-16 0)
(2 9.23244e-16 0)
(2 9.90675e-16 0)
(2 4.35375e-16 0)
(2 3.71775e-16 0)
(2 5.32855e-16 0)
(1.74573 0.0987275 0)
(0.699887 0.182718 0)
(0.542783 0.168479 0)
(0.526376 0.162969 0)
(0.517008 0.167069 0)
(0.509044 0.172801 0)
(0.501282 0.180212 0)
(0.491989 0.186556 0)
(0.482975 0.191035 0)
(0.474229 0.194124 0)
(0.463839 0.196481 0)
(0.450668 0.197487 0)
(0.43269 0.196749 0)
(0.411059 0.194923 0)
(0.392401 0.195222 0)
(0.381162 0.200102 0)
(0.375713 0.206756 0)
(0.370238 0.213524 0)
(0.36268 0.219451 0)
(0.351912 0.224321 0)
(0.338181 0.227656 0)
(0.318058 0.2289 0)
(0.291966 0.228165 0)
(0.270324 0.229495 0)
(0.259561 0.23516 0)
(0.252371 0.243755 0)
(0.244641 0.25403 0)
(0.23338 0.2624 0)
(0.217225 0.264727 0)
(0.193899 0.258961 0)
(0.163516 0.249762 0)
(0.140493 0.239268 0)
(0.124828 0.236938 0)
(0.116997 0.238673 0)
(0.10871 0.24182 0)
(0.0952169 0.244674 0)
(0.068266 0.245865 0)
(0.036917 0.248962 0)
(0.0140672 0.247386 0)
(0.00796004 0.254314 0)
(2 5.21829e-17 0)
(2 2.83052e-17 0)
(2 3.48426e-17 0)
(2 -2.05765e-16 0)
(2 1.51554e-17 0)
(2 -1.32931e-16 0)
(2 1.86227e-17 0)
(2 2.66305e-16 0)
(2 6.57645e-16 0)
(2 2.76891e-16 0)
(2 -2.34242e-17 0)
(2 6.82402e-17 0)
(2 1.44736e-16 0)
(2 -4.04235e-16 0)
(2 -5.70913e-16 0)
(2 -7.26214e-16 0)
(2 -7.40073e-16 0)
(2 -6.5398e-16 0)
(2 -4.96459e-16 0)
(2 -6.23112e-16 0)
(2 -6.53744e-16 0)
(2 -6.07815e-16 0)
(2 -7.17598e-16 0)
(2 -8.21884e-16 0)
(2 -9.0925e-16 0)
(2 -8.79846e-16 0)
(2 -8.17295e-16 0)
(2 -7.22965e-16 0)
(2 -8.73728e-16 0)
(2 -7.05718e-16 0)
(2 -2.99293e-16 0)
(2 -3.97334e-16 0)
(2 -3.26762e-16 0)
(2 -1.08116e-16 0)
(2 3.26221e-16 0)
(2 6.28339e-16 0)
(2 3.14649e-16 0)
(2 9.29861e-16 0)
(2 6.40215e-16 0)
(2 1.12831e-17 0)
(2 -2.42072e-16 0)
(2 -7.6621e-16 0)
(2 -5.57383e-16 0)
(2 -2.79871e-16 0)
(2 -6.13258e-17 0)
(2 4.82276e-16 0)
(2 8.82251e-16 0)
(2 6.94455e-16 0)
(2 6.29333e-16 0)
(2 8.15585e-16 0)
(2 8.37569e-16 0)
(2 5.89874e-16 0)
(2 6.31134e-16 0)
(2 2.11735e-16 0)
(2 -1.15083e-16 0)
(2 4.47742e-16 0)
(1.88241 0.0648643 0)
(0.762398 0.181841 0)
(0.55024 0.176917 0)
(0.530781 0.175279 0)
(0.524171 0.180381 0)
(0.516523 0.18745 0)
(0.507697 0.195459 0)
(0.497672 0.201057 0)
(0.488317 0.204274 0)
(0.478907 0.206433 0)
(0.467267 0.207757 0)
(0.452205 0.207694 0)
(0.432458 0.206266 0)
(0.412087 0.205528 0)
(0.397514 0.208747 0)
(0.38932 0.21494 0)
(0.384076 0.22181 0)
(0.377667 0.228317 0)
(0.36899 0.233943 0)
(0.357403 0.238619 0)
(0.342148 0.24164 0)
(0.319715 0.242354 0)
(0.293724 0.242023 0)
(0.276313 0.245527 0)
(0.26794 0.252046 0)
(0.260808 0.260864 0)
(0.2524 0.271229 0)
(0.239846 0.280043 0)
(0.221713 0.283085 0)
(0.196442 0.277944 0)
(0.166734 0.26919 0)
(0.146506 0.258961 0)
(0.131422 0.256783 0)
(0.122638 0.257936 0)
(0.113339 0.260934 0)
(0.0980949 0.263841 0)
(0.0694899 0.264728 0)
(0.0383632 0.268354 0)
(0.0153996 0.26729 0)
(0.00911202 0.274557 0)
(2 1.30227e-16 0)
(2 9.61284e-17 0)
(2 -7.0767e-17 0)
(2 -3.78916e-16 0)
(2 -5.28777e-16 0)
(2 -4.73624e-16 0)
(2 -2.1612e-16 0)
(2 2.56337e-16 0)
(2 5.42665e-16 0)
(2 6.46681e-17 0)
(2 -8.05636e-17 0)
(2 -4.51656e-16 0)
(2 -5.11539e-16 0)
(2 -9.59252e-16 0)
(2 -1.09024e-15 0)
(2 -9.64326e-16 0)
(2 -8.22388e-16 0)
(2 -5.76278e-16 0)
(2 -3.58066e-16 0)
(2 -4.75935e-16 0)
(2 -4.48823e-16 0)
(2 -3.81857e-16 0)
(2 -6.71875e-16 0)
(2 -8.36193e-16 0)
(2 -7.69395e-16 0)
(2 -1.42117e-16 0)
(2 2.10425e-16 0)
(2 4.23452e-16 0)
(2 -7.20996e-16 0)
(2 -4.97192e-16 0)
(2 -1.93909e-16 0)
(2 -3.07296e-16 0)
(2 -4.31951e-16 0)
(2 -7.17202e-16 0)
(2 -7.17857e-16 0)
(2 3.37168e-17 0)
(2 1.13969e-16 0)
(2 3.42637e-16 0)
(2 1.81907e-16 0)
(2 -4.02645e-16 0)
(2 -4.80115e-16 0)
(2 -9.9823e-16 0)
(2 -6.36202e-16 0)
(2 -4.98814e-16 0)
(2 4.64448e-17 0)
(2 4.96823e-16 0)
(2 8.39587e-16 0)
(2 9.21508e-16 0)
(2 9.37626e-16 0)
(2 8.07449e-16 0)
(2 4.19929e-16 0)
(2 3.14389e-16 0)
(2 6.77189e-16 0)
(2 6.93368e-16 0)
(2 5.79866e-16 0)
(2 5.64226e-16 0)
(1.97199 0.0169448 0)
(0.852339 0.188008 0)
(0.563095 0.193012 0)
(0.537178 0.18908 0)
(0.531903 0.193725 0)
(0.523547 0.202017 0)
(0.513587 0.210793 0)
(0.50306 0.215119 0)
(0.493394 0.216848 0)
(0.482587 0.217755 0)
(0.469555 0.217502 0)
(0.452324 0.216246 0)
(0.432721 0.215311 0)
(0.416053 0.217368 0)
(0.404885 0.222983 0)
(0.398238 0.229921 0)
(0.392225 0.236715 0)
(0.384896 0.242869 0)
(0.375118 0.248282 0)
(0.362771 0.252555 0)
(0.345501 0.254977 0)
(0.321158 0.255057 0)
(0.297308 0.256042 0)
(0.284467 0.261888 0)
(0.277083 0.269145 0)
(0.26965 0.278249 0)
(0.260298 0.288582 0)
(0.246378 0.297701 0)
(0.22621 0.301264 0)
(0.199441 0.296932 0)
(0.171156 0.2892 0)
(0.15342 0.279935 0)
(0.138758 0.277698 0)
(0.128473 0.278289 0)
(0.117687 0.280902 0)
(0.100293 0.283689 0)
(0.0701016 0.28427 0)
(0.0402368 0.288652 0)
(0.016852 0.288286 0)
(0.0103006 0.295752 0)
(2 9.34457e-17 0)
(2 2.39923e-17 0)
(2 -2.08757e-16 0)
(2 -3.10209e-16 0)
(2 -5.05404e-16 0)
(2 -3.78056e-16 0)
(2 -2.01129e-16 0)
(2 5.54833e-17 0)
(2 -1.65167e-17 0)
(2 2.52688e-16 0)
(2 -2.71116e-16 0)
(2 -5.64499e-16 0)
(2 -9.19611e-16 0)
(2 -1.06378e-15 0)
(2 -8.58571e-16 0)
(2 -7.65379e-16 0)
(2 -9.48441e-16 0)
(2 -8.73253e-16 0)
(2 -6.6907e-16 0)
(2 -7.33251e-16 0)
(2 -6.63122e-16 0)
(2 -4.84052e-16 0)
(2 -5.36514e-16 0)
(2 -5.86766e-16 0)
(2 1.5565e-16 0)
(2 7.35068e-16 0)
(2 8.51433e-16 0)
(2 8.4541e-16 0)
(2 1.79882e-16 0)
(2 -1.33861e-17 0)
(2 -6.39484e-17 0)
(2 2.21281e-16 0)
(2 -1.3609e-16 0)
(2 -9.48311e-16 0)
(2 -1.05304e-15 0)
(2 -1.1795e-15 0)
(2 -6.89944e-16 0)
(2 -1.74671e-16 0)
(2 -2.13682e-16 0)
(2 -1.15622e-15 0)
(2 -1.1901e-15 0)
(2 -9.42806e-16 0)
(2 -3.28393e-16 0)
(2 -3.59927e-16 0)
(2 -2.50053e-16 0)
(2 -5.04411e-17 0)
(2 -1.5228e-17 0)
(2 6.09881e-16 0)
(2 5.72518e-16 0)
(2 2.95717e-17 0)
(2 -3.84639e-16 0)
(2 -4.56562e-16 0)
(2 -4.4455e-16 0)
(2 4.03726e-16 0)
(2 1.22573e-15 0)
(2 1.35697e-15 0)
(1.99982 0.000552804 0)
(0.978753 0.202082 0)
(0.575771 0.213244 0)
(0.54453 0.202021 0)
(0.540081 0.206203 0)
(0.530343 0.217086 0)
(0.519066 0.22585 0)
(0.508291 0.228028 0)
(0.497509 0.228078 0)
(0.485224 0.227168 0)
(0.470025 0.225469 0)
(0.452357 0.224212 0)
(0.435502 0.225465 0)
(0.422694 0.230546 0)
(0.413862 0.237447 0)
(0.407149 0.244566 0)
(0.400251 0.25118 0)
(0.392013 0.257166 0)
(0.381275 0.26232 0)
(0.367782 0.266095 0)
(0.347939 0.267594 0)
(0.322781 0.267378 0)
(0.30369 0.270822 0)
(0.294323 0.278433 0)
(0.286741 0.286362 0)
(0.278847 0.295717 0)
(0.268339 0.306071 0)
(0.252823 0.315193 0)
(0.230536 0.31917 0)
(0.203103 0.315769 0)
(0.177238 0.309703 0)
(0.161427 0.302158 0)
(0.147001 0.299951 0)
(0.134827 0.299911 0)
(0.122335 0.301734 0)
(0.102653 0.304174 0)
(0.0713269 0.304521 0)
(0.0432089 0.309783 0)
(0.0194094 0.310335 0)
(0.01167 0.318052 0)
(2 4.2413e-17 0)
(2 2.1558e-16 0)
(2 2.08145e-16 0)
(2 1.55846e-16 0)
(2 1.70772e-16 0)
(2 2.09804e-16 0)
(2 -4.89357e-17 0)
(2 -1.35364e-16 0)
(2 5.6786e-17 0)
(2 3.99032e-16 0)
(2 3.47841e-16 0)
(2 2.82912e-17 0)
(2 -5.06687e-16 0)
(2 -9.21703e-16 0)
(2 -8.13852e-16 0)
(2 -8.33714e-16 0)
(2 -1.05568e-15 0)
(2 -1.29449e-15 0)
(2 -1.25305e-15 0)
(2 -8.54172e-16 0)
(2 -9.98695e-16 0)
(2 -8.72289e-16 0)
(2 -3.56196e-16 0)
(2 -3.20086e-17 0)
(2 3.20476e-16 0)
(2 3.9754e-16 0)
(2 1.68537e-16 0)
(2 -2.62559e-16 0)
(2 -3.93262e-17 0)
(2 3.72227e-17 0)
(2 -1.81302e-16 0)
(2 4.83289e-17 0)
(2 -1.15689e-16 0)
(2 -6.65126e-16 0)
(2 -5.91347e-16 0)
(2 -1.22754e-15 0)
(2 -1.10654e-15 0)
(2 -3.91978e-16 0)
(2 3.7285e-17 0)
(2 -1.17758e-15 0)
(2 -2.05222e-15 0)
(2 -1.45432e-15 0)
(2 -2.43074e-16 0)
(2 -3.54419e-16 0)
(2 -2.87837e-16 0)
(2 -7.08963e-16 0)
(2 -7.62225e-16 0)
(2 5.27831e-17 0)
(2 6.03547e-16 0)
(2 8.46775e-16 0)
(2 1.22667e-15 0)
(2 1.18952e-15 0)
(2 7.67429e-16 0)
(2 8.4898e-16 0)
(2 1.16371e-15 0)
(2 1.25885e-15 0)
(2 3.85509e-07 0)
(1.14608 0.212093 0)
(0.595182 0.230922 0)
(0.552102 0.213009 0)
(0.548154 0.219715 0)
(0.536461 0.233089 0)
(0.523806 0.239933 0)
(0.51243 0.239263 0)
(0.500443 0.237038 0)
(0.486508 0.234672 0)
(0.470578 0.232996 0)
(0.454519 0.233473 0)
(0.441357 0.237853 0)
(0.431101 0.244389 0)
(0.423185 0.251603 0)
(0.415998 0.25847 0)
(0.408449 0.264961 0)
(0.399135 0.270915 0)
(0.387582 0.275886 0)
(0.371894 0.279091 0)
(0.349324 0.279452 0)
(0.325844 0.280138 0)
(0.312719 0.28633 0)
(0.305542 0.295016 0)
(0.297071 0.303501 0)
(0.288539 0.313134 0)
(0.276652 0.323451 0)
(0.258989 0.332566 0)
(0.234485 0.336842 0)
(0.207548 0.334569 0)
(0.185243 0.330691 0)
(0.170756 0.325365 0)
(0.156283 0.323067 0)
(0.141523 0.322581 0)
(0.126682 0.323592 0)
(0.104398 0.32549 0)
(0.0725948 0.325785 0)
(0.0466541 0.332044 0)
(0.022649 0.333696 0)
(0.0130189 0.341737 0)
(2 -4.49015e-17 0)
(2 8.39031e-17 0)
(2 4.46212e-17 0)
(2 8.35508e-17 0)
(2 -2.38752e-16 0)
(2 -5.91779e-16 0)
(2 -7.39822e-16 0)
(2 -6.47371e-16 0)
(2 -5.38737e-16 0)
(2 -5.68019e-17 0)
(2 1.09394e-16 0)
(2 -8.69799e-17 0)
(2 -2.2799e-16 0)
(2 -4.25849e-16 0)
(2 -3.34319e-16 0)
(2 -2.46077e-16 0)
(2 -3.80897e-16 0)
(2 -8.18484e-16 0)
(2 -1.03809e-15 0)
(2 -7.74911e-16 0)
(2 -6.483e-16 0)
(2 -2.52018e-16 0)
(2 -4.06611e-17 0)
(2 1.93195e-17 0)
(2 -1.0066e-16 0)
(2 -4.01491e-16 0)
(2 -1.38729e-15 0)
(2 -1.33328e-15 0)
(2 -7.48995e-16 0)
(2 -3.37521e-16 0)
(2 -5.67648e-16 0)
(2 -6.7575e-16 0)
(2 -4.80846e-16 0)
(2 -2.32004e-16 0)
(2 5.27601e-17 0)
(2 1.55831e-16 0)
(2 2.95831e-16 0)
(2 3.74537e-16 0)
(2 2.24472e-16 0)
(2 -1.62846e-15 0)
(2 -1.58592e-15 0)
(2 -1.10315e-15 0)
(2 -7.99772e-16 0)
(2 -4.40021e-16 0)
(2 -4.50774e-16 0)
(2 -5.29895e-16 0)
(2 1.58786e-16 0)
(2 9.19744e-16 0)
(2 1.26885e-15 0)
(2 1.27163e-15 0)
(2 8.99814e-16 0)
(2 1.15827e-15 0)
(2 1.07903e-15 0)
(2 7.01579e-16 0)
(2 6.18286e-16 0)
(2 5.9916e-16 0)
(2 5.9355e-12 0)
(1.3542 0.209298 0)
(0.625886 0.246747 0)
(0.559468 0.223455 0)
(0.554832 0.235151 0)
(0.54084 0.24903 0)
(0.527372 0.251615 0)
(0.515639 0.247675 0)
(0.502692 0.243909 0)
(0.48814 0.241816 0)
(0.473057 0.241917 0)
(0.459911 0.245738 0)
(0.448888 0.251818 0)
(0.439845 0.258798 0)
(0.431973 0.265398 0)
(0.424647 0.271841 0)
(0.416648 0.278145 0)
(0.40652 0.284068 0)
(0.393672 0.288739 0)
(0.374691 0.291006 0)
(0.350403 0.290778 0)
(0.332241 0.294192 0)
(0.323642 0.302445 0)
(0.317278 0.311641 0)
(0.308094 0.320515 0)
(0.298693 0.330422 0)
(0.285105 0.340755 0)
(0.264731 0.349783 0)
(0.238147 0.354359 0)
(0.213147 0.35359 0)
(0.195379 0.352073 0)
(0.18199 0.348902 0)
(0.167027 0.346698 0)
(0.149168 0.34613 0)
(0.131053 0.346627 0)
(0.105989 0.347915 0)
(0.0745591 0.348367 0)
(0.0511733 0.355491 0)
(0.0270561 0.358289 0)
(0.0146071 0.366688 0)
(2 -1.37783e-16 0)
(2 -1.19489e-16 0)
(2 -1.6267e-16 0)
(2 -2.61003e-16 0)
(2 -3.3464e-16 0)
(2 -6.97512e-16 0)
(2 -7.26892e-16 0)
(2 -8.14643e-16 0)
(2 -8.3862e-16 0)
(2 -6.89045e-16 0)
(2 -4.13316e-16 0)
(2 -2.36837e-16 0)
(2 -1.79859e-16 0)
(2 -1.57777e-16 0)
(2 -4.2915e-18 0)
(2 1.62821e-16 0)
(2 -1.27238e-16 0)
(2 -3.1469e-16 0)
(2 -7.10718e-16 0)
(2 -8.13244e-16 0)
(2 -5.46076e-16 0)
(2 -7.63226e-16 0)
(2 -9.30084e-16 0)
(2 -6.23187e-16 0)
(2 -6.17359e-16 0)
(2 -1.13392e-15 0)
(2 -1.71885e-15 0)
(2 -1.40162e-15 0)
(2 -9.90251e-16 0)
(2 -7.2552e-16 0)
(2 -5.12075e-16 0)
(2 -7.73087e-16 0)
(2 -6.34204e-16 0)
(2 -1.53756e-16 0)
(2 2.0985e-18 0)
(2 9.77798e-16 0)
(2 1.14598e-15 0)
(2 1.05077e-15 0)
(2 1.10152e-15 0)
(2 -1.49104e-16 0)
(2 -6.1419e-16 0)
(2 -6.25196e-16 0)
(2 -7.4924e-16 0)
(2 -5.95342e-16 0)
(2 -4.51384e-16 0)
(2 -1.0153e-16 0)
(2 4.30582e-16 0)
(2 5.08913e-16 0)
(2 4.98874e-16 0)
(2 7.02021e-16 0)
(2 4.19772e-16 0)
(2 3.72585e-16 0)
(2 2.05702e-16 0)
(2 -6.86169e-17 0)
(2 -2.20357e-17 0)
(2 5.02853e-16 0)
(2 2.01892e-16 0)
(1.59573 0.180528 0)
(0.674696 0.258699 0)
(0.565532 0.232328 0)
(0.559322 0.250571 0)
(0.543814 0.261658 0)
(0.53047 0.259843 0)
(0.518496 0.25411 0)
(0.505112 0.250694 0)
(0.491263 0.250666 0)
(0.478647 0.254419 0)
(0.467338 0.260153 0)
(0.457083 0.266889 0)
(0.447936 0.273077 0)
(0.440229 0.278765 0)
(0.433242 0.284723 0)
(0.424838 0.290909 0)
(0.414097 0.296551 0)
(0.398874 0.300431 0)
(0.37648 0.301493 0)
(0.353632 0.302621 0)
(0.341713 0.309599 0)
(0.335844 0.319044 0)
(0.328943 0.328354 0)
(0.319502 0.337339 0)
(0.309234 0.347451 0)
(0.293822 0.357699 0)
(0.270255 0.366578 0)
(0.242162 0.371783 0)
(0.220381 0.373299 0)
(0.207018 0.374295 0)
(0.194755 0.373015 0)
(0.178292 0.371104 0)
(0.157302 0.370632 0)
(0.134583 0.370878 0)
(0.106866 0.371694 0)
(0.0766533 0.372719 0)
(0.0561414 0.380566 0)
(0.0322435 0.384416 0)
(0.0162954 0.393022 0)
(2 1.35679e-17 0)
(2 -4.16089e-16 0)
(2 -1.90467e-16 0)
(2 -9.74441e-18 0)
(2 2.83677e-16 0)
(2 2.16905e-16 0)
(2 1.42101e-16 0)
(2 1.64233e-17 0)
(2 -1.89312e-17 0)
(2 -2.2405e-16 0)
(2 -1.75811e-16 0)
(2 -1.14993e-16 0)
(2 -4.48853e-16 0)
(2 -3.30602e-16 0)
(2 -1.41508e-16 0)
(2 2.8856e-17 0)
(2 1.70561e-16 0)
(2 3.57553e-16 0)
(2 1.66148e-16 0)
(2 5.48117e-17 0)
(2 -9.77761e-17 0)
(2 -9.74525e-16 0)
(2 -1.27644e-15 0)
(2 -9.24666e-16 0)
(2 -9.64051e-16 0)
(2 -1.03712e-15 0)
(2 -1.02938e-15 0)
(2 -6.85864e-16 0)
(2 -5.54673e-16 0)
(2 -6.77958e-16 0)
(2 -8.93801e-16 0)
(2 -8.4697e-16 0)
(2 -7.47671e-16 0)
(2 -4.57276e-16 0)
(2 2.92537e-16 0)
(2 9.15032e-16 0)
(2 1.27883e-15 0)
(2 1.17596e-15 0)
(2 7.47831e-16 0)
(2 1.51069e-15 0)
(2 8.72936e-16 0)
(2 1.98601e-16 0)
(2 1.20707e-16 0)
(2 2.77075e-16 0)
(2 5.65486e-16 0)
(2 1.06575e-15 0)
(2 6.67581e-16 0)
(2 5.81483e-16 0)
(2 5.10748e-16 0)
(2 3.9423e-16 0)
(2 1.85286e-16 0)
(2 1.95946e-16 0)
(2 3.60463e-16 0)
(2 5.61274e-16 0)
(2 6.29587e-16 0)
(2 8.25699e-16 0)
(2 3.31036e-16 0)
(1.82883 0.117155 0)
(0.746769 0.258021 0)
(0.573376 0.237445 0)
(0.564307 0.262297 0)
(0.546413 0.270849 0)
(0.533605 0.266522 0)
(0.521589 0.260844 0)
(0.509211 0.25925 0)
(0.497876 0.262705 0)
(0.487384 0.268565 0)
(0.476484 0.275273 0)
(0.46561 0.281249 0)
(0.455979 0.286596 0)
(0.448419 0.292165 0)
(0.441588 0.298046 0)
(0.432709 0.303851 0)
(0.420989 0.308378 0)
(0.402649 0.310637 0)
(0.378766 0.311223 0)
(0.361044 0.316146 0)
(0.353391 0.325746 0)
(0.348283 0.335749 0)
(0.34061 0.344901 0)
(0.330984 0.354092 0)
(0.320086 0.363994 0)
(0.302822 0.373796 0)
(0.275932 0.382495 0)
(0.247527 0.38927 0)
(0.229847 0.394149 0)
(0.219698 0.397775 0)
(0.208627 0.397499 0)
(0.191251 0.396033 0)
(0.167162 0.395515 0)
(0.139898 0.395691 0)
(0.109586 0.396693 0)
(0.0807794 0.398829 0)
(0.0627879 0.407429 0)
(0.0388267 0.412281 0)
(0.0184682 0.421008 0)
(2 5.91791e-17 0)
(2 3.45341e-18 0)
(2 3.86229e-17 0)
(2 2.71578e-16 0)
(2 6.1621e-16 0)
(2 7.66192e-16 0)
(2 7.95067e-16 0)
(2 5.12494e-16 0)
(2 4.67168e-16 0)
(2 2.90454e-16 0)
(2 -3.80757e-17 0)
(2 9.10955e-18 0)
(2 -1.34116e-16 0)
(2 -4.51602e-17 0)
(2 -1.71299e-16 0)
(2 -1.73877e-16 0)
(2 2.2173e-16 0)
(2 6.34008e-16 0)
(2 6.56189e-16 0)
(2 5.98063e-16 0)
(2 2.63637e-16 0)
(2 -3.7093e-16 0)
(2 -5.57783e-16 0)
(2 -5.49986e-16 0)
(2 -8.24564e-16 0)
(2 -9.80792e-16 0)
(2 -3.53504e-16 0)
(2 8.72076e-18 0)
(2 3.47913e-17 0)
(2 -5.0035e-17 0)
(2 -3.33727e-16 0)
(2 -2.45744e-16 0)
(2 -2.15819e-16 0)
(2 1.88102e-16 0)
(2 9.44689e-16 0)
(2 1.06119e-15 0)
(2 4.46477e-16 0)
(2 -3.01379e-16 0)
(2 1.72365e-16 0)
(2 1.8013e-15 0)
(2 1.91224e-15 0)
(2 1.72834e-15 0)
(2 1.19902e-15 0)
(2 1.81506e-15 0)
(2 1.41012e-15 0)
(2 4.13601e-16 0)
(2 -1.8342e-16 0)
(2 -5.67771e-16 0)
(2 -1.76271e-16 0)
(2 -2.52544e-16 0)
(2 -2.97437e-16 0)
(2 -1.19385e-16 0)
(2 2.54628e-16 0)
(2 9.55273e-16 0)
(2 1.04516e-15 0)
(2 8.67823e-16 0)
(2 2.09727e-16 0)
(1.97406 0.0292937 0)
(0.863952 0.24906 0)
(0.58927 0.242285 0)
(0.567617 0.27384 0)
(0.549364 0.279436 0)
(0.53748 0.273906 0)
(0.526453 0.269562 0)
(0.516242 0.270763 0)
(0.507141 0.276555 0)
(0.496593 0.284242 0)
(0.484497 0.290394 0)
(0.472969 0.295059 0)
(0.463445 0.30007 0)
(0.456309 0.305864 0)
(0.449188 0.311713 0)
(0.439727 0.316582 0)
(0.426001 0.319301 0)
(0.405034 0.319617 0)
(0.383695 0.322042 0)
(0.372377 0.331263 0)
(0.366335 0.342376 0)
(0.360379 0.352789 0)
(0.352065 0.362013 0)
(0.34244 0.370834 0)
(0.330847 0.380056 0)
(0.311581 0.388886 0)
(0.282144 0.397412 0)
(0.255577 0.407179 0)
(0.241872 0.416099 0)
(0.233477 0.421907 0)
(0.222914 0.423006 0)
(0.204955 0.421732 0)
(0.177615 0.421299 0)
(0.145388 0.421562 0)
(0.112251 0.423398 0)
(0.0848722 0.42747 0)
(0.0686666 0.437079 0)
(0.0449595 0.442703 0)
(0.0203508 0.451199 0)
(2 1.09269e-17 0)
(2 3.31782e-16 0)
(2 2.91153e-16 0)
(2 2.70727e-16 0)
(2 3.93369e-16 0)
(2 4.40497e-16 0)
(2 4.94961e-16 0)
(2 9.14254e-17 0)
(2 -2.14567e-17 0)
(2 -1.03217e-16 0)
(2 -2.23664e-16 0)
(2 -6.58281e-17 0)
(2 6.20347e-16 0)
(2 8.16492e-16 0)
(2 3.09278e-16 0)
(2 1.7308e-16 0)
(2 7.74982e-17 0)
(2 2.81143e-17 0)
(2 2.76819e-16 0)
(2 2.88652e-16 0)
(2 1.42979e-16 0)
(2 -1.02486e-16 0)
(2 -4.81738e-16 0)
(2 -6.49186e-16 0)
(2 -8.94542e-16 0)
(2 -1.04771e-15 0)
(2 -4.61129e-16 0)
(2 -1.67707e-16 0)
(2 -1.95494e-16 0)
(2 2.05897e-16 0)
(2 7.42399e-16 0)
(2 8.41176e-16 0)
(2 8.12894e-16 0)
(2 8.98383e-16 0)
(2 8.47557e-16 0)
(2 1.0325e-15 0)
(2 -1.41199e-16 0)
(2 -1.3028e-15 0)
(2 -6.42502e-16 0)
(2 1.60346e-15 0)
(2 2.75287e-15 0)
(2 2.53392e-15 0)
(2 1.82986e-15 0)
(2 2.05879e-15 0)
(2 2.07551e-15 0)
(2 4.71788e-16 0)
(2 6.11054e-16 0)
(2 4.96024e-16 0)
(2 8.08159e-17 0)
(2 -5.71312e-16 0)
(2 -9.56619e-16 0)
(2 -1.20382e-15 0)
(2 -6.42592e-16 0)
(2 1.34563e-16 0)
(2 5.47643e-16 0)
(2 6.25825e-16 0)
(2 2.1495e-16 0)
(2.00016 0.000915593 0)
(1.04563 0.243457 0)
(0.608353 0.258015 0)
(0.570851 0.288985 0)
(0.554302 0.289898 0)
(0.543181 0.284575 0)
(0.53307 0.281858 0)
(0.524968 0.284933 0)
(0.516199 0.292524 0)
(0.50439 0.299853 0)
(0.49186 0.30408 0)
(0.481002 0.307595 0)
(0.472685 0.312423 0)
(0.465649 0.318265 0)
(0.45714 0.324051 0)
(0.445728 0.327922 0)
(0.428228 0.328499 0)
(0.407557 0.328542 0)
(0.393511 0.335267 0)
(0.386217 0.346654 0)
(0.380048 0.358766 0)
(0.372728 0.369474 0)
(0.363701 0.379004 0)
(0.353655 0.387719 0)
(0.340795 0.396003 0)
(0.319595 0.403112 0)
(0.290067 0.411588 0)
(0.268099 0.425043 0)
(0.256849 0.437842 0)
(0.248386 0.4466 0)
(0.237535 0.449437 0)
(0.219141 0.44873 0)
(0.189553 0.448253 0)
(0.153528 0.448317 0)
(0.118556 0.451239 0)
(0.0928201 0.457888 0)
(0.0770692 0.469047 0)
(0.0526946 0.475565 0)
(0.0228415 0.48415 0)
(2 5.54896e-17 0)
(2 2.84777e-16 0)
(2 3.28934e-16 0)
(2 2.39912e-16 0)
(2 2.89551e-17 0)
(2 1.58731e-16 0)
(2 6.43499e-17 0)
(2 -1.35329e-16 0)
(2 3.5137e-17 0)
(2 5.31997e-17 0)
(2 6.70881e-18 0)
(2 1.85381e-16 0)
(2 3.33671e-16 0)
(2 2.36353e-16 0)
(2 8.99323e-17 0)
(2 -2.75803e-16 0)
(2 -5.53257e-16 0)
(2 -6.176e-16 0)
(2 -5.07206e-16 0)
(2 2.71468e-16 0)
(2 2.86794e-17 0)
(2 -1.12802e-16 0)
(2 -4.04848e-16 0)
(2 -7.81033e-16 0)
(2 -5.70447e-16 0)
(2 -4.62981e-16 0)
(2 -7.19764e-16 0)
(2 -6.84586e-16 0)
(2 -5.62143e-16 0)
(2 -1.9217e-16 0)
(2 9.38445e-16 0)
(2 1.44314e-15 0)
(2 1.17719e-15 0)
(2 8.98689e-16 0)
(2 6.54931e-16 0)
(2 2.8452e-17 0)
(2 -1.533e-15 0)
(2 -1.63272e-15 0)
(2 -6.08058e-16 0)
(2 7.68701e-16 0)
(2 1.27411e-15 0)
(2 2.33092e-15 0)
(2 2.33874e-15 0)
(2 2.05436e-15 0)
(2 1.67262e-15 0)
(2 1.1877e-15 0)
(2 9.58265e-16 0)
(2 2.54897e-16 0)
(2 -6.00713e-16 0)
(2 -7.73587e-16 0)
(2 -9.76899e-16 0)
(2 -1.36973e-15 0)
(2 -1.81605e-15 0)
(2 -1.0477e-15 0)
(2 -5.1461e-16 0)
(2 -1.87195e-16 0)
(2 -4.18696e-16 0)
(2 1.28139e-06 0)
(1.28257 0.235964 0)
(0.638261 0.283321 0)
(0.573307 0.30668 0)
(0.558936 0.30382 0)
(0.549084 0.298745 0)
(0.541144 0.296235 0)
(0.534697 0.299986 0)
(0.524441 0.307853 0)
(0.511008 0.314066 0)
(0.498662 0.316963 0)
(0.489818 0.31981 0)
(0.482932 0.324163 0)
(0.475131 0.329656 0)
(0.46461 0.334635 0)
(0.448765 0.336874 0)
(0.428967 0.336543 0)
(0.413589 0.340105 0)
(0.406312 0.350051 0)
(0.400853 0.362358 0)
(0.39392 0.374445 0)
(0.385392 0.385411 0)
(0.375899 0.395599 0)
(0.364433 0.404506 0)
(0.349171 0.411728 0)
(0.32616 0.417123 0)
(0.299998 0.427037 0)
(0.284127 0.443684 0)
(0.273679 0.459514 0)
(0.26443 0.47115 0)
(0.252614 0.476373 0)
(0.23338 0.476793 0)
(0.201562 0.476847 0)
(0.161944 0.477116 0)
(0.125618 0.481849 0)
(0.101438 0.49167 0)
(0.0846876 0.504819 0)
(0.0596225 0.512335 0)
(0.0244256 0.521167 0)
(2 -7.06614e-17 0)
(2 -1.15917e-17 0)
(2 7.05819e-17 0)
(2 3.45649e-17 0)
(2 3.06747e-18 0)
(2 1.0753e-16 0)
(2 1.51756e-16 0)
(2 -4.05799e-17 0)
(2 1.77336e-16 0)
(2 4.48331e-16 0)
(2 3.31044e-16 0)
(2 3.30662e-16 0)
(2 -1.69578e-16 0)
(2 -3.92093e-16 0)
(2 -5.36045e-16 0)
(2 -9.46831e-16 0)
(2 -1.09739e-15 0)
(2 -8.90768e-16 0)
(2 -6.77275e-16 0)
(2 -8.63682e-16 0)
(2 -7.69943e-16 0)
(2 -4.43305e-16 0)
(2 7.57231e-17 0)
(2 -6.25763e-17 0)
(2 5.11984e-16 0)
(2 2.21894e-16 0)
(2 -5.13588e-16 0)
(2 -4.11025e-16 0)
(2 -3.40744e-17 0)
(2 5.84559e-16 0)
(2 1.24771e-15 0)
(2 1.16365e-15 0)
(2 9.34841e-16 0)
(2 4.88004e-16 0)
(2 1.15096e-16 0)
(2 -9.5841e-16 0)
(2 -1.71551e-15 0)
(2 -1.69677e-15 0)
(2 -9.995e-16 0)
(2 -4.08877e-16 0)
(2 9.04638e-16 0)
(2 1.55951e-15 0)
(2 2.30876e-15 0)
(2 1.38242e-15 0)
(2 1.06727e-15 0)
(2 6.30928e-16 0)
(2 -9.67374e-17 0)
(2 -6.38997e-16 0)
(2 -1.32894e-15 0)
(2 -1.43407e-15 0)
(2 -1.35855e-15 0)
(2 -1.86456e-15 0)
(2 -2.18915e-15 0)
(2 -1.71333e-15 0)
(2 -9.26185e-16 0)
(2 -5.75883e-16 0)
(2 -6.01779e-16 0)
(2 7.99371e-11 0)
(1.56317 0.204352 0)
(0.686204 0.315103 0)
(0.574508 0.324367 0)
(0.564298 0.317899 0)
(0.55808 0.311365 0)
(0.551182 0.309624 0)
(0.543437 0.314306 0)
(0.53052 0.322418 0)
(0.516122 0.327406 0)
(0.505886 0.329011 0)
(0.49952 0.331255 0)
(0.493257 0.334936 0)
(0.484564 0.339454 0)
(0.470472 0.343125 0)
(0.450674 0.344133 0)
(0.432826 0.346094 0)
(0.424361 0.354231 0)
(0.420663 0.365277 0)
(0.415709 0.377169 0)
(0.40823 0.388701 0)
(0.399474 0.400068 0)
(0.388868 0.411113 0)
(0.375064 0.420096 0)
(0.356192 0.426346 0)
(0.33275 0.431212 0)
(0.313926 0.443802 0)
(0.303358 0.46223 0)
(0.293035 0.480327 0)
(0.282698 0.494658 0)
(0.269585 0.502896 0)
(0.249137 0.505315 0)
(0.21569 0.506705 0)
(0.17424 0.507508 0)
(0.138525 0.514329 0)
(0.116344 0.527293 0)
(0.0978048 0.543338 0)
(0.0700238 0.552962 0)
(0.0270963 0.562978 0)
(2 2.73626e-18 0)
(2 -4.73415e-18 0)
(2 7.55276e-17 0)
(2 2.85911e-17 0)
(2 -7.02878e-17 0)
(2 -6.28491e-17 0)
(2 1.36168e-16 0)
(2 1.8106e-16 0)
(2 -1.23791e-16 0)
(2 -8.5928e-17 0)
(2 -2.00813e-16 0)
(2 -2.31292e-16 0)
(2 -5.44166e-16 0)
(2 -7.29527e-16 0)
(2 -1.08526e-15 0)
(2 -1.4027e-15 0)
(2 -1.14375e-15 0)
(2 -7.74543e-16 0)
(2 -1.01251e-15 0)
(2 -9.95647e-16 0)
(2 -2.5935e-16 0)
(2 2.83374e-17 0)
(2 9.14732e-17 0)
(2 3.52591e-16 0)
(2 1.61543e-16 0)
(2 1.509e-16 0)
(2 -1.59761e-16 0)
(2 9.22698e-18 0)
(2 5.83144e-16 0)
(2 9.56441e-16 0)
(2 6.92283e-16 0)
(2 8.12538e-16 0)
(2 9.61312e-16 0)
(2 4.74671e-17 0)
(2 -8.40921e-16 0)
(2 -1.58279e-15 0)
(2 -1.48503e-15 0)
(2 -1.1943e-15 0)
(2 -8.0375e-16 0)
(2 -3.79032e-16 0)
(2 1.55514e-16 0)
(2 2.72007e-16 0)
(2 9.91216e-16 0)
(2 3.08508e-16 0)
(2 -3.4657e-16 0)
(2 -6.18007e-16 0)
(2 -9.39117e-16 0)
(2 -1.28293e-15 0)
(2 -1.55459e-15 0)
(2 -1.95383e-15 0)
(2 -2.13242e-15 0)
(2 -2.19947e-15 0)
(2 -2.02719e-15 0)
(2 -1.32843e-15 0)
(2 -2.5089e-16 0)
(2 -5.53109e-16 0)
(2 -6.4196e-16 0)
(2 1.01302e-15 0)
(1.83892 0.125707 0)
(0.771245 0.333668 0)
(0.581772 0.336789 0)
(0.574411 0.327655 0)
(0.567525 0.321307 0)
(0.559938 0.322086 0)
(0.546983 0.32827 0)
(0.531279 0.335469 0)
(0.519615 0.339314 0)
(0.513297 0.340158 0)
(0.508553 0.341904 0)
(0.502089 0.344909 0)
(0.491404 0.348263 0)
(0.47397 0.350364 0)
(0.453821 0.352319 0)
(0.441514 0.359661 0)
(0.437423 0.369817 0)
(0.434721 0.380717 0)
(0.429673 0.391508 0)
(0.422363 0.402813 0)
(0.413487 0.414585 0)
(0.401549 0.42566 0)
(0.384474 0.433835 0)
(0.362143 0.439324 0)
(0.341437 0.446543 0)
(0.331083 0.462052 0)
(0.323636 0.481912 0)
(0.313409 0.501629 0)
(0.302127 0.51815 0)
(0.287892 0.52929 0)
(0.266137 0.534173 0)
(0.230977 0.53778 0)
(0.187758 0.541011 0)
(0.152429 0.551882 0)
(0.130892 0.568804 0)
(0.110507 0.588562 0)
(0.0789112 0.600633 0)
(0.0281012 0.611691 0)
(2 -2.33098e-17 0)
(2 -5.84642e-17 0)
(2 -7.5464e-17 0)
(2 2.12643e-16 0)
(2 2.47339e-16 0)
(2 9.10087e-17 0)
(2 3.3087e-16 0)
(2 4.44697e-16 0)
(2 -1.77163e-16 0)
(2 -3.99991e-16 0)
(2 -4.30142e-16 0)
(2 -7.56618e-16 0)
(2 -9.05261e-16 0)
(2 -1.07917e-15 0)
(2 -1.36057e-15 0)
(2 -1.2084e-15 0)
(2 -1.13721e-15 0)
(2 -8.5621e-16 0)
(2 -8.41467e-16 0)
(2 -8.00054e-16 0)
(2 -2.80196e-16 0)
(2 3.80076e-17 0)
(2 -9.83521e-17 0)
(2 -8.69487e-17 0)
(2 -2.85489e-16 0)
(2 -9.9519e-17 0)
(2 4.73377e-16 0)
(2 5.20381e-16 0)
(2 5.57791e-16 0)
(2 1.43127e-16 0)
(2 1.24557e-16 0)
(2 2.84101e-16 0)
(2 3.97788e-16 0)
(2 6.67138e-17 0)
(2 -5.51387e-16 0)
(2 -8.9585e-16 0)
(2 -7.81271e-16 0)
(2 -2.812e-16 0)
(2 1.82312e-16 0)
(2 -4.21398e-17 0)
(2 -4.34548e-16 0)
(2 -6.14871e-16 0)
(2 -7.62474e-16 0)
(2 -1.33497e-15 0)
(2 -1.36036e-15 0)
(2 -1.30924e-15 0)
(2 -1.39351e-15 0)
(2 -1.50839e-15 0)
(2 -1.56479e-15 0)
(2 -1.91405e-15 0)
(2 -2.02124e-15 0)
(2 -1.82036e-15 0)
(2 -1.4883e-15 0)
(2 -8.44308e-16 0)
(2 -3.94466e-16 0)
(2 -5.09959e-16 0)
(2 -9.39091e-16 0)
(2 -1.14772e-15 0)
(1.99979 0.0212118 0)
(0.934209 0.333548 0)
(0.607726 0.341289 0)
(0.585264 0.336547 0)
(0.574047 0.331135 0)
(0.558875 0.332596 0)
(0.54361 0.338837 0)
(0.532893 0.345604 0)
(0.526698 0.347247 0)
(0.522607 0.347747 0)
(0.517407 0.350156 0)
(0.509374 0.353648 0)
(0.496209 0.356227 0)
(0.478198 0.357824 0)
(0.462563 0.363677 0)
(0.455489 0.373691 0)
(0.45211 0.384789 0)
(0.448423 0.395512 0)
(0.44318 0.406001 0)
(0.436372 0.417122 0)
(0.427582 0.428217 0)
(0.414058 0.437956 0)
(0.393411 0.444371 0)
(0.370127 0.450804 0)
(0.355629 0.462878 0)
(0.350893 0.480611 0)
(0.345566 0.5015 0)
(0.335779 0.522304 0)
(0.323713 0.540845 0)
(0.308349 0.554971 0)
(0.285466 0.562674 0)
(0.249837 0.568995 0)
(0.20756 0.576589 0)
(0.175198 0.592231 0)
(0.155439 0.613365 0)
(0.13385 0.638068 0)
(0.0957361 0.654832 0)
(0.0330907 0.669128 0)
(2 1.80445e-17 0)
(2 -1.81663e-16 0)
(2 -2.89608e-16 0)
(2 -5.18377e-17 0)
(2 3.89661e-16 0)
(2 5.29403e-16 0)
(2 5.20806e-16 0)
(2 4.65794e-16 0)
(2 4.02679e-16 0)
(2 4.32672e-17 0)
(2 -1.76277e-16 0)
(2 -6.63056e-16 0)
(2 -1.03123e-15 0)
(2 -1.54654e-15 0)
(2 -1.63541e-15 0)
(2 -1.44152e-15 0)
(2 -1.25362e-15 0)
(2 -1.06175e-15 0)
(2 -1.24195e-15 0)
(2 -1.34498e-15 0)
(2 -1.08029e-15 0)
(2 -1.39547e-16 0)
(2 2.54545e-16 0)
(2 8.72929e-18 0)
(2 -1.88046e-16 0)
(2 -3.22831e-16 0)
(2 -4.44858e-18 0)
(2 2.92721e-16 0)
(2 4.52118e-16 0)
(2 7.20276e-16 0)
(2 3.30597e-16 0)
(2 2.54564e-16 0)
(2 -7.82098e-17 0)
(2 -3.59011e-16 0)
(2 -3.66749e-16 0)
(2 -4.46361e-17 0)
(2 5.44758e-16 0)
(2 5.23999e-16 0)
(2 5.11172e-16 0)
(2 -7.22323e-17 0)
(2 -7.19457e-16 0)
(2 -5.11528e-16 0)
(2 -2.49935e-15 0)
(2 -3.16908e-15 0)
(2 -2.51413e-15 0)
(2 -1.73832e-15 0)
(2 -1.83438e-15 0)
(2 -1.82415e-15 0)
(2 -1.79833e-15 0)
(2 -1.98407e-15 0)
(2 -1.8816e-15 0)
(2 -1.54802e-15 0)
(2 -1.23587e-15 0)
(2 -9.22891e-16 0)
(2 -9.36748e-16 0)
(2 -9.14375e-16 0)
(2 -8.15322e-16 0)
(2 -7.56791e-16 0)
(2.00031 0.000362257 0)
(1.22319 0.315784 0)
(0.646234 0.361619 0)
(0.591222 0.34953 0)
(0.573458 0.340257 0)
(0.557678 0.34146 0)
(0.546483 0.347678 0)
(0.540508 0.352437 0)
(0.536459 0.353501 0)
(0.531567 0.354997 0)
(0.524694 0.358193 0)
(0.514643 0.361781 0)
(0.500875 0.364072 0)
(0.485887 0.368381 0)
(0.476368 0.377203 0)
(0.470106 0.388624 0)
(0.464827 0.400078 0)
(0.459753 0.410836 0)
(0.454505 0.421479 0)
(0.448363 0.43195 0)
(0.439114 0.441145 0)
(0.423195 0.448482 0)
(0.400522 0.453718 0)
(0.381813 0.464373 0)
(0.373777 0.480367 0)
(0.371633 0.499674 0)
(0.367834 0.521198 0)
(0.358817 0.543091 0)
(0.346219 0.56376 0)
(0.329601 0.580664 0)
(0.305621 0.590956 0)
(0.271233 0.600663 0)
(0.232941 0.614815 0)
(0.202519 0.637648 0)
(0.180293 0.667387 0)
(0.154775 0.701101 0)
(0.109851 0.725149 0)
(0.0356533 0.744153 0)
(2 4.07063e-17 0)
(2 -6.52673e-17 0)
(2 -4.87279e-17 0)
(2 -2.21942e-16 0)
(2 -2.65701e-17 0)
(2 5.24054e-16 0)
(2 4.04518e-16 0)
(2 7.19593e-16 0)
(2 9.90896e-16 0)
(2 7.34113e-16 0)
(2 2.06656e-16 0)
(2 -1.37343e-16 0)
(2 -3.62802e-16 0)
(2 -1.03591e-15 0)
(2 -1.27955e-15 0)
(2 -1.27837e-15 0)
(2 -1.1575e-15 0)
(2 -9.68971e-16 0)
(2 -7.75677e-16 0)
(2 -1.12484e-15 0)
(2 -5.64213e-16 0)
(2 -4.33747e-16 0)
(2 -4.41908e-16 0)
(2 -3.22205e-16 0)
(2 -5.86458e-17 0)
(2 9.13204e-17 0)
(2 -8.04964e-17 0)
(2 1.22216e-16 0)
(2 6.81294e-16 0)
(2 9.23605e-16 0)
(2 9.73299e-16 0)
(2 6.98329e-16 0)
(2 4.69141e-17 0)
(2 -7.64185e-16 0)
(2 -3.24912e-16 0)
(2 8.10591e-16 0)
(2 8.59642e-16 0)
(2 1.88892e-16 0)
(2 -5.53311e-17 0)
(2 5.28577e-16 0)
(2 1.29461e-17 0)
(2 -9.10926e-16 0)
(2 -2.34531e-15 0)
(2 -3.16449e-15 0)
(2 -2.83158e-15 0)
(2 -2.16192e-15 0)
(2 -2.03548e-15 0)
(2 -1.75549e-15 0)
(2 -1.7389e-15 0)
(2 -2.16436e-15 0)
(2 -2.28393e-15 0)
(2 -2.01543e-15 0)
(2 -2.11191e-15 0)
(2 -1.72766e-15 0)
(2 -1.1117e-15 0)
(2 -9.07767e-16 0)
(2 -2.2342e-16 0)
(2 -3.39947e-16 0)
(2 6.00998e-07 0)
(1.60648 0.257877 0)
(0.705685 0.402052 0)
(0.595452 0.363592 0)
(0.583376 0.350668 0)
(0.568264 0.349418 0)
(0.560473 0.35327 0)
(0.55706 0.357752 0)
(0.552001 0.360045 0)
(0.544723 0.362472 0)
(0.5353 0.365979 0)
(0.523424 0.369914 0)
(0.510557 0.374884 0)
(0.500804 0.3826 0)
(0.49349 0.39285 0)
(0.486444 0.403614 0)
(0.479368 0.414346 0)
(0.472992 0.425118 0)
(0.467184 0.435553 0)
(0.46034 0.444983 0)
(0.449171 0.451845 0)
(0.430998 0.456415 0)
(0.410258 0.462884 0)
(0.400078 0.477516 0)
(0.395275 0.49619 0)
(0.393959 0.516841 0)
(0.391196 0.539605 0)
(0.383063 0.563512 0)
(0.37022 0.586745 0)
(0.35196 0.6057 0)
(0.328162 0.616986 0)
(0.298702 0.631307 0)
(0.269124 0.65449 0)
(0.242562 0.685871 0)
(0.222544 0.72528 0)
(0.196483 0.769985 0)
(0.145199 0.807635 0)
(0.0482575 0.835517 0)
(2 -1.20011e-16 0)
(2 -8.53862e-17 0)
(2 -7.32481e-17 0)
(2 -4.19881e-17 0)
(2 -2.40131e-16 0)
(2 -2.43718e-16 0)
(2 -1.2111e-16 0)
(2 1.64566e-16 0)
(2 5.90876e-16 0)
(2 4.19531e-16 0)
(2 9.35743e-17 0)
(2 -7.34225e-17 0)
(2 1.71952e-17 0)
(2 -9.84016e-17 0)
(2 -9.91412e-16 0)
(2 -1.12574e-15 0)
(2 -1.11725e-15 0)
(2 -1.15976e-15 0)
(2 -1.15538e-15 0)
(2 -6.18183e-16 0)
(2 -5.98003e-16 0)
(2 -7.36213e-16 0)
(2 -4.67007e-16 0)
(2 -1.64768e-16 0)
(2 4.04635e-16 0)
(2 1.2805e-15 0)
(2 7.30994e-16 0)
(2 6.09305e-16 0)
(2 1.06273e-15 0)
(2 8.04405e-16 0)
(2 1.09046e-15 0)
(2 9.47267e-16 0)
(2 1.95424e-16 0)
(2 -7.50819e-16 0)
(2 -7.71836e-16 0)
(2 4.27837e-16 0)
(2 -1.7518e-16 0)
(2 -8.37727e-17 0)
(2 5.63055e-17 0)
(2 3.60807e-16 0)
(2 2.89006e-16 0)
(2 -9.04453e-16 0)
(2 -1.98073e-15 0)
(2 -1.97027e-15 0)
(2 -2.07898e-15 0)
(2 -2.25558e-15 0)
(2 -1.79168e-15 0)
(2 -1.55692e-15 0)
(2 -1.68161e-15 0)
(2 -1.8942e-15 0)
(2 -2.0318e-15 0)
(2 -2.32131e-15 0)
(2 -2.90656e-15 0)
(2 -2.83822e-15 0)
(2 -1.63166e-15 0)
(2 -8.08082e-16 0)
(2 -6.7686e-17 0)
(2 -2.23212e-16 0)
(2 4.43061e-11 0)
(1.93497 0.093869 0)
(0.852336 0.434279 0)
(0.6098 0.372688 0)
(0.60571 0.359875 0)
(0.592257 0.358057 0)
(0.585962 0.362831 0)
(0.581104 0.367133 0)
(0.5743 0.370119 0)
(0.564391 0.372913 0)
(0.552442 0.376856 0)
(0.540235 0.38251 0)
(0.53113 0.390221 0)
(0.524116 0.399486 0)
(0.516808 0.408808 0)
(0.508646 0.418037 0)
(0.500054 0.427623 0)
(0.491853 0.437564 0)
(0.483791 0.44602 0)
(0.474374 0.452541 0)
(0.460163 0.457053 0)
(0.440934 0.463505 0)
(0.425608 0.476059 0)
(0.421088 0.493552 0)
(0.417589 0.513887 0)
(0.416567 0.535594 0)
(0.416076 0.559262 0)
(0.410186 0.583659 0)
(0.396927 0.606724 0)
(0.375895 0.626176 0)
(0.352957 0.640303 0)
(0.3346 0.661528 0)
(0.31832 0.692326 0)
(0.296894 0.733506 0)
(0.277607 0.788615 0)
(0.255148 0.860112 0)
(0.201881 0.932984 0)
(0.104065 1.00668 0)
(2 9.82948e-18 0)
(2 3.23157e-17 0)
(2 6.16055e-17 0)
(2 -4.79537e-17 0)
(2 -1.04762e-16 0)
(2 -9.71807e-17 0)
(2 -1.50295e-16 0)
(2 1.08703e-16 0)
(2 1.32033e-16 0)
(2 1.44094e-16 0)
(2 -5.69287e-17 0)
(2 -3.37664e-16 0)
(2 -5.17646e-16 0)
(2 -5.79618e-16 0)
(2 -4.6302e-16 0)
(2 -3.84292e-16 0)
(2 -4.46246e-16 0)
(2 -5.05007e-16 0)
(2 -3.87621e-16 0)
(2 -1.35124e-16 0)
(2 4.60032e-18 0)
(2 8.20242e-17 0)
(2 1.99233e-16 0)
(2 2.29094e-16 0)
(2 4.73676e-16 0)
(2 7.78765e-16 0)
(2 8.91235e-16 0)
(2 7.59154e-16 0)
(2 5.66063e-16 0)
(2 1.44754e-16 0)
(2 -2.06713e-16 0)
(2 -3.7388e-16 0)
(2 -3.28774e-16 0)
(2 -2.31475e-16 0)
(2 1.20156e-16 0)
(2 5.30243e-16 0)
(2 8.33849e-16 0)
(2 -4.07661e-17 0)
(2 -4.34022e-16 0)
(2 -2.40633e-16 0)
(2 -1.19861e-16 0)
(2 -1.85384e-16 0)
(2 -8.41704e-16 0)
(2 -1.417e-15 0)
(2 -1.62575e-15 0)
(2 -1.80139e-15 0)
(2 -1.83951e-15 0)
(2 -2.02998e-15 0)
(2 -2.31195e-15 0)
(2 -2.07266e-15 0)
(2 -1.8222e-15 0)
(2 -1.79632e-15 0)
(2 -2.1426e-15 0)
(2 -2.68811e-15 0)
(2 -1.5951e-15 0)
(2 -1.34254e-15 0)
(2 -1.43089e-15 0)
(2 -9.21487e-16 0)
(2 2.976e-13 0)
(1.99848 0.0037012 0)
(1.52061 0.222171 0)
(0.714406 0.360731 0)
(0.605799 0.381704 0)
(0.608359 0.380883 0)
(0.614646 0.3842 0)
(0.614826 0.389455 0)
(0.611289 0.395156 0)
(0.604274 0.400344 0)
(0.594055 0.405849 0)
(0.583745 0.412927 0)
(0.575688 0.420996 0)
(0.569661 0.428798 0)
(0.563948 0.436047 0)
(0.557526 0.442944 0)
(0.549928 0.450187 0)
(0.541008 0.458084 0)
(0.530266 0.466315 0)
(0.517189 0.474824 0)
(0.502554 0.48427 0)
(0.49117 0.497216 0)
(0.48511 0.513413 0)
(0.482638 0.532183 0)
(0.480626 0.552689 0)
(0.478864 0.574259 0)
(0.477451 0.596852 0)
(0.472481 0.619344 0)
(0.459895 0.641773 0)
(0.443294 0.668142 0)
(0.43467 0.698445 0)
(0.438932 0.733055 0)
(0.44815 0.773872 0)
(0.455104 0.824601 0)
(0.464733 0.891663 0)
(0.49247 0.973266 0)
(0.562369 1.06867 0)
(0.77193 1.20341 0)
(2 1.92015e-17 0)
(2 5.01826e-17 0)
(2 8.7964e-17 0)
(2 -5.40463e-17 0)
(2 -6.39493e-17 0)
(2 -1.99633e-16 0)
(2 -3.79588e-16 0)
(2 -3.41056e-16 0)
(2 -3.67523e-16 0)
(2 -2.36045e-16 0)
(2 1.66672e-16 0)
(2 3.68688e-16 0)
(2 2.09042e-16 0)
(2 -1.1919e-17 0)
(2 2.36859e-16 0)
(2 4.58794e-16 0)
(2 5.47246e-16 0)
(2 5.64594e-16 0)
(2 6.16741e-16 0)
(2 5.82386e-16 0)
(2 6.02828e-16 0)
(2 5.58589e-16 0)
(2 3.61554e-16 0)
(2 1.83102e-16 0)
(2 -1.95851e-16 0)
(2 -4.26734e-16 0)
(2 -3.763e-16 0)
(2 -4.15943e-16 0)
(2 -6.0494e-16 0)
(2 -9.32383e-16 0)
(2 -1.01077e-15 0)
(2 -6.80021e-16 0)
(2 -2.89387e-16 0)
(2 3.24016e-17 0)
(2 3.48696e-16 0)
(2 3.61275e-16 0)
(2 4.8463e-16 0)
(2 2.26415e-16 0)
(2 -1.2781e-16 0)
(2 -3.83479e-16 0)
(2 -4.00254e-16 0)
(2 -4.18609e-17 0)
(2 -8.61495e-17 0)
(2 -1.20614e-16 0)
(2 -1.40464e-16 0)
(2 -1.50675e-16 0)
(2 -1.26927e-15 0)
(2 -2.45453e-15 0)
(2 -2.98853e-15 0)
(2 -2.62495e-15 0)
(2 -7.348e-16 0)
(2 -1.35204e-16 0)
(2 -1.33466e-16 0)
(2 -3.8136e-16 0)
(2 -8.39866e-16 0)
(2 -6.4706e-16 0)
(2 -8.74409e-16 0)
(2 -9.22988e-16 0)
(2 -2.05621e-15 0)
(2 3.01954e-06 0)
(1.99286 0.0096629 0)
(1.60008 0.192887 0)
(0.755262 0.352527 0)
(0.618582 0.394541 0)
(0.623943 0.409547 0)
(0.637167 0.418494 0)
(0.638506 0.426928 0)
(0.638205 0.436744 0)
(0.632493 0.445942 0)
(0.623664 0.454734 0)
(0.613515 0.463578 0)
(0.608934 0.471898 0)
(0.608009 0.480089 0)
(0.607217 0.48921 0)
(0.605297 0.499009 0)
(0.601225 0.509942 0)
(0.594244 0.52199 0)
(0.585248 0.534664 0)
(0.577458 0.547835 0)
(0.573833 0.560872 0)
(0.573781 0.573789 0)
(0.575152 0.587936 0)
(0.576187 0.604181 0)
(0.575194 0.622182 0)
(0.572449 0.642825 0)
(0.568542 0.665558 0)
(0.567707 0.692157 0)
(0.576975 0.722031 0)
(0.595695 0.756473 0)
(0.620331 0.794503 0)
(0.650572 0.832654 0)
(0.68422 0.871516 0)
(0.727492 0.918553 0)
(0.794713 0.972534 0)
(0.908956 1.02677 0)
(1.08526 1.06318 0)
(2 -1.60968e-17 0)
(2 -3.59373e-17 0)
(2 -1.09309e-16 0)
(2 -3.48725e-17 0)
(2 -1.14713e-16 0)
(2 -1.53478e-16 0)
(2 -1.69435e-16 0)
(2 -3.49013e-16 0)
(2 -3.69425e-16 0)
(2 -4.16528e-16 0)
(2 4.1618e-17 0)
(2 5.05469e-16 0)
(2 5.38275e-16 0)
(2 3.39999e-16 0)
(2 1.68446e-16 0)
(2 2.26428e-16 0)
(2 4.45814e-16 0)
(2 6.29652e-16 0)
(2 6.83301e-16 0)
(2 7.38907e-16 0)
(2 7.56088e-16 0)
(2 5.63976e-16 0)
(2 2.90739e-16 0)
(2 -1.90624e-16 0)
(2 -3.80268e-16 0)
(2 -7.92201e-16 0)
(2 -1.3345e-15 0)
(2 -1.53574e-15 0)
(2 -1.52764e-15 0)
(2 -1.15191e-15 0)
(2 -9.32684e-16 0)
(2 -8.4003e-16 0)
(2 -6.98952e-16 0)
(2 -6.62864e-16 0)
(2 -7.71367e-16 0)
(2 -1.14193e-15 0)
(2 -1.2972e-15 0)
(2 -1.02014e-15 0)
(2 -5.84664e-16 0)
(2 4.8435e-16 0)
(2 1.95387e-16 0)
(2 7.43241e-17 0)
(2 6.1878e-16 0)
(2 7.77305e-16 0)
(2 2.45598e-16 0)
(2 -4.21806e-16 0)
(2 -1.2569e-15 0)
(2 -1.7312e-15 0)
(2 -1.02166e-15 0)
(2 -4.56247e-16 0)
(2 -5.7721e-16 0)
(2 -1.51286e-15 0)
(2 -1.6413e-15 0)
(2 -1.81176e-15 0)
(2 -1.85091e-15 0)
(2 -1.19926e-15 0)
(2 -1.1181e-15 0)
(2 -1.06708e-15 0)
(2 -1.96508e-15 0)
(2 9.48019e-11 0)
(2 1.25042e-05 0)
(1.9964 0.00947631 0)
(1.79914 0.132782 0)
(0.918014 0.378341 0)
(0.664339 0.4258 0)
(0.654174 0.441542 0)
(0.662258 0.455744 0)
(0.667161 0.460801 0)
(0.665114 0.468209 0)
(0.659392 0.478175 0)
(0.649336 0.488651 0)
(0.643898 0.499348 0)
(0.644712 0.509026 0)
(0.64855 0.519879 0)
(0.653599 0.531878 0)
(0.65665 0.543908 0)
(0.656142 0.555744 0)
(0.652942 0.567807 0)
(0.648358 0.580738 0)
(0.648345 0.593712 0)
(0.652732 0.606368 0)
(0.65878 0.620096 0)
(0.66492 0.635087 0)
(0.669177 0.651291 0)
(0.671343 0.6697 0)
(0.675322 0.691368 0)
(0.687272 0.715197 0)
(0.707262 0.741216 0)
(0.734572 0.768413 0)
(0.767806 0.795333 0)
(0.805635 0.822018 0)
(0.846374 0.850515 0)
(0.897619 0.879069 0)
(0.967351 0.905568 0)
(1.05138 0.925344 0)
(1.17851 0.938019 0)
(2 -5.17668e-17 0)
(2 4.0893e-17 0)
(2 2.25278e-17 0)
(2 2.35274e-16 0)
(2 5.84316e-16 0)
(2 6.53705e-16 0)
(2 5.71288e-16 0)
(2 7.37756e-17 0)
(2 -8.52613e-17 0)
(2 6.53305e-17 0)
(2 1.49615e-16 0)
(2 -7.27113e-17 0)
(2 1.83929e-16 0)
(2 4.08379e-16 0)
(2 3.75081e-16 0)
(2 3.78295e-16 0)
(2 8.09313e-16 0)
(2 8.23838e-16 0)
(2 7.08235e-16 0)
(2 4.756e-16 0)
(2 1.51199e-16 0)
(2 -2.36457e-17 0)
(2 1.22076e-17 0)
(2 2.03674e-17 0)
(2 -1.28043e-16 0)
(2 -4.8431e-16 0)
(2 -6.75647e-16 0)
(2 -5.195e-16 0)
(2 -1.75242e-16 0)
(2 4.38287e-17 0)
(2 6.48064e-17 0)
(2 -2.0248e-16 0)
(2 -3.95242e-16 0)
(2 -4.695e-16 0)
(2 -5.95257e-16 0)
(2 -9.61887e-16 0)
(2 -1.30818e-15 0)
(2 -1.29993e-15 0)
(2 -1.14371e-15 0)
(2 -1.01059e-15 0)
(2 -1.00753e-15 0)
(2 -3.17909e-16 0)
(2 1.81311e-16 0)
(2 1.95157e-16 0)
(2 3.53117e-16 0)
(2 2.54633e-16 0)
(2 -2.16605e-16 0)
(2 1.4597e-16 0)
(2 9.5393e-16 0)
(2 1.04154e-15 0)
(2 1.86376e-16 0)
(2 -4.86182e-16 0)
(2 -3.24509e-16 0)
(2 -4.80068e-16 0)
(2 -7.35708e-16 0)
(2 -9.63043e-16 0)
(2 -9.94222e-16 0)
(2 -9.0322e-16 0)
(2 -7.71585e-16 0)
(2 2.15719e-15 0)
(2 6.14474e-10 0)
(2 1.29824e-05 0)
(2.00035 0.00325078 0)
(1.87514 0.0823773 0)
(1.28526 0.347174 0)
(0.747857 0.427887 0)
(0.698407 0.47972 0)
(0.697826 0.491165 0)
(0.707522 0.493632 0)
(0.704054 0.499913 0)
(0.695208 0.508314 0)
(0.686284 0.518744 0)
(0.685014 0.528557 0)
(0.690178 0.539506 0)
(0.699711 0.551507 0)
(0.707038 0.563204 0)
(0.709561 0.574062 0)
(0.708869 0.585319 0)
(0.706085 0.598224 0)
(0.708523 0.61184 0)
(0.716312 0.625738 0)
(0.728025 0.64093 0)
(0.741568 0.657016 0)
(0.752644 0.673472 0)
(0.761707 0.6906 0)
(0.773474 0.708928 0)
(0.790369 0.726973 0)
(0.812252 0.746048 0)
(0.840242 0.764875 0)
(0.874137 0.782993 0)
(0.91204 0.800541 0)
(0.954345 0.818679 0)
(1.00394 0.836073 0)
(1.06237 0.849742 0)
(1.13227 0.858641 0)
(1.21563 0.861749 0)
(2 6.53203e-18 0)
(2 -3.88785e-17 0)
(2 -6.7409e-17 0)
(2 -2.41526e-16 0)
(2 7.57189e-17 0)
(2 2.07355e-16 0)
(2 1.63845e-16 0)
(2 1.59979e-16 0)
(2 1.4916e-16 0)
(2 2.4583e-16 0)
(2 2.23895e-16 0)
(2 4.15422e-16 0)
(2 7.80708e-16 0)
(2 1.39612e-15 0)
(2 1.64523e-15 0)
(2 1.61606e-15 0)
(2 1.27851e-15 0)
(2 7.49164e-16 0)
(2 5.4747e-16 0)
(2 4.96267e-16 0)
(2 4.35376e-16 0)
(2 5.16107e-16 0)
(2 5.06994e-16 0)
(2 4.83893e-16 0)
(2 4.8924e-16 0)
(2 6.45354e-16 0)
(2 8.05694e-16 0)
(2 1.00252e-15 0)
(2 1.0045e-15 0)
(2 9.21998e-16 0)
(2 6.87749e-16 0)
(2 3.45359e-16 0)
(2 3.14494e-17 0)
(2 -1.01438e-16 0)
(2 -1.94932e-16 0)
(2 -4.41845e-16 0)
(2 -5.46643e-16 0)
(2 -5.54151e-16 0)
(2 -6.76231e-16 0)
(2 -1.07863e-15 0)
(2 -1.39492e-15 0)
(2 -1.16647e-15 0)
(2 -8.52465e-16 0)
(2 1.57079e-17 0)
(2 6.72349e-16 0)
(2 1.30712e-15 0)
(2 1.81991e-15 0)
(2 2.15592e-15 0)
(2 2.28951e-15 0)
(2 2.23291e-15 0)
(2 2.06682e-15 0)
(2 2.14802e-15 0)
(2 2.4465e-15 0)
(2 2.56841e-15 0)
(2 7.99475e-16 0)
(2 -2.11876e-16 0)
(2 -2.68204e-16 0)
(2 -2.32596e-16 0)
(2 -2.2066e-17 0)
(2 2.8053e-16 0)
(2 1.13105e-14 0)
(2 6.01194e-10 0)
(2 2.78076e-06 0)
(1.99967 0.00103394 0)
(1.96268 0.0387946 0)
(1.72181 0.190316 0)
(1.01103 0.412368 0)
(0.768908 0.499924 0)
(0.75266 0.523622 0)
(0.742023 0.5311 0)
(0.740614 0.534706 0)
(0.733834 0.541738 0)
(0.732681 0.547879 0)
(0.738977 0.557313 0)
(0.749228 0.56895 0)
(0.75662 0.579561 0)
(0.760054 0.589259 0)
(0.760038 0.59941 0)
(0.757821 0.610443 0)
(0.762144 0.621375 0)
(0.772249 0.633146 0)
(0.787705 0.646975 0)
(0.805477 0.661322 0)
(0.819842 0.675598 0)
(0.83141 0.69023 0)
(0.845097 0.70586 0)
(0.862641 0.72037 0)
(0.884653 0.735568 0)
(0.912675 0.749766 0)
(0.946953 0.763014 0)
(0.984783 0.775471 0)
(1.02458 0.788808 0)
(1.06837 0.800991 0)
(1.11544 0.809613 0)
(1.16805 0.81472 0)
(1.22286 0.814524 0)
(2 -7.53627e-18 0)
(2 1.23328e-17 0)
(2 -9.49562e-17 0)
(2 -1.96482e-16 0)
(2 -1.90127e-16 0)
(2 -1.95807e-16 0)
(2 -2.69245e-17 0)
(2 3.98046e-16 0)
(2 2.99349e-16 0)
(2 1.61466e-16 0)
(2 2.50571e-16 0)
(2 6.2876e-16 0)
(2 5.40207e-16 0)
(2 4.19802e-16 0)
(2 5.75206e-16 0)
(2 5.90576e-16 0)
(2 2.86823e-16 0)
(2 1.52681e-16 0)
(2 1.80318e-16 0)
(2 3.16388e-16 0)
(2 6.09808e-16 0)
(2 6.21732e-16 0)
(2 6.59233e-16 0)
(2 7.41265e-16 0)
(2 9.2301e-16 0)
(2 1.33902e-15 0)
(2 1.89949e-15 0)
(2 1.87874e-15 0)
(2 1.69744e-15 0)
(2 9.35878e-16 0)
(2 6.62767e-17 0)
(2 -1.03294e-17 0)
(2 1.01775e-16 0)
(2 2.47947e-16 0)
(2 1.11167e-16 0)
(2 -5.29352e-17 0)
(2 -3.13685e-16 0)
(2 -7.49837e-16 0)
(2 -8.56719e-16 0)
(2 -6.40578e-16 0)
(2 -5.73323e-16 0)
(2 -3.73011e-16 0)
(2 -5.78281e-16 0)
(2 7.92219e-16 0)
(2 1.12936e-15 0)
(2 1.35952e-15 0)
(2 2.27929e-15 0)
(2 2.62076e-15 0)
(2 2.47721e-15 0)
(2 1.97026e-15 0)
(2 1.86803e-15 0)
(2 1.73186e-15 0)
(2 1.6229e-15 0)
(2 1.30745e-15 0)
(2 1.03633e-15 0)
(2 5.50842e-16 0)
(2 4.24582e-16 0)
(2 5.99078e-16 0)
(2 8.19435e-16 0)
(2 8.43892e-16 0)
(2 9.80315e-16 0)
(2 1.02451e-14 0)
(2 9.37117e-11 0)
(2 5.23342e-07 0)
(1.99993 0.000188768 0)
(1.99838 0.0062531 0)
(1.87873 0.0856163 0)
(1.55365 0.285667 0)
(0.946299 0.465239 0)
(0.828569 0.535591 0)
(0.78571 0.556528 0)
(0.771326 0.56817 0)
(0.778003 0.574751 0)
(0.791339 0.578703 0)
(0.800971 0.585077 0)
(0.808638 0.593013 0)
(0.813145 0.60167 0)
(0.813446 0.611402 0)
(0.810705 0.621892 0)
(0.815284 0.631406 0)
(0.825954 0.640615 0)
(0.842524 0.651564 0)
(0.861272 0.662264 0)
(0.876506 0.672782 0)
(0.889571 0.684263 0)
(0.902288 0.696087 0)
(0.917946 0.707415 0)
(0.937856 0.718619 0)
(0.963155 0.729133 0)
(0.996004 0.738579 0)
(1.03237 0.746339 0)
(1.06644 0.755626 0)
(1.10123 0.764434 0)
(1.13687 0.770336 0)
(1.17377 0.772928 0)
(1.21467 0.773138 0)
(2 -2.75979e-17 0)
(2 -1.18985e-17 0)
(2 1.07351e-16 0)
(2 3.88409e-16 0)
(2 4.30098e-16 0)
(2 4.89014e-16 0)
(2 4.38499e-16 0)
(2 -1.60974e-16 0)
(2 -2.74772e-16 0)
(2 -3.20631e-16 0)
(2 -4.91641e-16 0)
(2 -4.36103e-16 0)
(2 -2.43176e-16 0)
(2 -2.24876e-16 0)
(2 -6.33647e-16 0)
(2 -5.86862e-16 0)
(2 -4.36549e-16 0)
(2 -3.76683e-16 0)
(2 -2.07232e-16 0)
(2 -3.80429e-17 0)
(2 5.94885e-17 0)
(2 1.46786e-16 0)
(2 3.41386e-16 0)
(2 4.63961e-16 0)
(2 9.62796e-16 0)
(2 9.64511e-16 0)
(2 1.16683e-15 0)
(2 1.35224e-15 0)
(2 1.38804e-15 0)
(2 1.39883e-15 0)
(2 1.08379e-15 0)
(2 9.36999e-16 0)
(2 7.44497e-16 0)
(2 6.45527e-16 0)
(2 4.45179e-16 0)
(2 9.52548e-16 0)
(2 7.42914e-16 0)
(2 3.14618e-16 0)
(2 3.3218e-16 0)
(2 8.07988e-16 0)
(2 1.2384e-15 0)
(2 7.45024e-16 0)
(2 5.01548e-16 0)
(2 5.98553e-16 0)
(2 1.04357e-15 0)
(2 1.18199e-15 0)
(2 1.58174e-15 0)
(2 1.39307e-15 0)
(2 8.3952e-16 0)
(2 6.6368e-16 0)
(2 6.22496e-16 0)
(2 8.33439e-16 0)
(2 9.36317e-16 0)
(2 1.02968e-15 0)
(2 1.01747e-15 0)
(2 1.12371e-15 0)
(2 1.46242e-15 0)
(2 1.41679e-15 0)
(2 1.12451e-15 0)
(2 8.61974e-16 0)
(2 5.02829e-16 0)
(2 7.14526e-17 0)
(2 1.70549e-15 0)
(2 1.329e-11 0)
(2 3.80981e-08 0)
(2 9.61235e-06 0)
(1.99944 0.000989389 0)
(1.98947 0.0151657 0)
(1.82061 0.122918 0)
(1.48695 0.32593 0)
(1.00776 0.49622 0)
(0.861035 0.558274 0)
(0.82604 0.593583 0)
(0.825862 0.60099 0)
(0.838176 0.610043 0)
(0.857641 0.612087 0)
(0.86478 0.618821 0)
(0.867185 0.624975 0)
(0.865404 0.632454 0)
(0.868376 0.64102 0)
(0.877978 0.64816 0)
(0.892655 0.655884 0)
(0.910835 0.663494 0)
(0.92665 0.671228 0)
(0.940239 0.680478 0)
(0.952277 0.689295 0)
(0.965178 0.697297 0)
(0.983462 0.705869 0)
(1.00647 0.714296 0)
(1.03606 0.72172 0)
(1.06874 0.727126 0)
(1.09755 0.733399 0)
(1.124 0.73878 0)
(1.14914 0.741066 0)
(1.17593 0.741258 0)
(1.20875 0.741633 0)
(2 3.09951e-17 0)
(2 -4.80752e-17 0)
(2 -1.36674e-16 0)
(2 -1.69317e-16 0)
(2 -2.46159e-16 0)
(2 -3.12219e-16 0)
(2 -2.25537e-16 0)
(2 -1.24468e-16 0)
(2 -2.4697e-16 0)
(2 -2.752e-16 0)
(2 -5.72206e-16 0)
(2 -1.46428e-15 0)
(2 -1.74667e-15 0)
(2 -1.66971e-15 0)
(2 -1.33869e-15 0)
(2 -1.16029e-15 0)
(2 -6.41604e-16 0)
(2 -1.41131e-16 0)
(2 8.88428e-17 0)
(2 3.18145e-16 0)
(2 5.91268e-16 0)
(2 6.13518e-16 0)
(2 6.8629e-16 0)
(2 1.16084e-15 0)
(2 9.21069e-16 0)
(2 3.0321e-16 0)
(2 -7.68007e-17 0)
(2 -2.56105e-16 0)
(2 -2.33404e-16 0)
(2 3.13126e-17 0)
(2 3.63652e-16 0)
(2 6.13027e-16 0)
(2 1.11019e-16 0)
(2 -2.6037e-16 0)
(2 -1.57934e-16 0)
(2 -1.17472e-16 0)
(2 3.06361e-16 0)
(2 8.87444e-16 0)
(2 8.07874e-16 0)
(2 6.98912e-16 0)
(2 4.25259e-16 0)
(2 -1.18334e-16 0)
(2 -4.56524e-16 0)
(2 -6.65664e-16 0)
(2 -5.28349e-16 0)
(2 -1.3871e-16 0)
(2 2.49587e-16 0)
(2 4.42508e-16 0)
(2 7.11498e-16 0)
(2 9.85258e-16 0)
(2 1.13054e-15 0)
(2 1.10848e-15 0)
(2 9.19056e-16 0)
(2 9.18857e-16 0)
(2 9.08736e-16 0)
(2 1.07491e-15 0)
(2 1.08869e-15 0)
(2 9.87375e-16 0)
(2 8.41896e-16 0)
(2 6.63404e-16 0)
(2 4.10679e-16 0)
(2 2.15421e-16 0)
(2 -5.95441e-17 0)
(2 2.3551e-16 0)
(2 8.09746e-13 0)
(2 7.08541e-10 0)
(2 4.9832e-07 0)
(1.99999 3.78657e-05 0)
(1.99863 0.00215058 0)
(1.98108 0.0214133 0)
(1.81919 0.133713 0)
(1.50584 0.324161 0)
(1.13096 0.503034 0)
(0.909167 0.576792 0)
(0.891373 0.615412 0)
(0.89791 0.62871 0)
(0.900416 0.637041 0)
(0.909014 0.641721 0)
(0.914717 0.648404 0)
(0.918002 0.653052 0)
(0.926654 0.65823 0)
(0.939742 0.663563 0)
(0.957614 0.668731 0)
(0.973201 0.674618 0)
(0.985846 0.68226 0)
(0.996221 0.689169 0)
(1.0059 0.695024 0)
(1.0218 0.701102 0)
(1.04261 0.707115 0)
(1.06907 0.711641 0)
(1.09781 0.713989 0)
(1.12198 0.717141 0)
(1.14287 0.719712 0)
(1.16137 0.719587 0)
(1.1824 0.718504 0)
(1.2102 0.718514 0)
(1.39429 1.23619 0)
(1.61973 1.24103 0)
(1.67601 1.2259 0)
(1.70969 1.18475 0)
(1.78303 1.14996 0)
(1.81527 1.16841 0)
(1.78126 1.17578 0)
(1.78675 1.01517 0)
(1.88733 0.891506 0)
(1.95542 0.933092 0)
(2.00163 1.01271 0)
(2.02502 0.953545 0)
(2.02952 0.713161 0)
(2.12595 0.548419 0)
(2.2105 0.447009 0)
(2.23334 0.442974 0)
(2.23224 0.424242 0)
(2.22567 0.330671 0)
(2.24192 0.193169 0)
(2.26454 0.0541789 0)
(2.28732 0.000188684 0)
(2.3077 0.00701875 0)
(2.3041 -0.0177519 0)
(2.24851 -0.104702 0)
(2.22814 -0.208826 0)
(2.22742 -0.253101 0)
(2.22524 -0.212052 0)
(2.23226 -0.195683 0)
(2.22822 -0.274981 0)
(2.22906 -0.320572 0)
(2.2073 -0.296656 0)
(2.16952 -0.279173 0)
(2.12463 -0.299342 0)
(2.09982 -0.303851 0)
(2.08765 -0.28614 0)
(2.09095 -0.283294 0)
(2.11092 -0.305891 0)
(2.14445 -0.306771 0)
(2.16155 -0.277028 0)
(2.15565 -0.252173 0)
(2.13771 -0.242306 0)
(2.1208 -0.228414 0)
(2.10533 -0.219115 0)
(2.08741 -0.208748 0)
(2.07606 -0.19054 0)
(2.08621 -0.171503 0)
(2.10765 -0.161083 0)
(2.09914 -0.157796 0)
(2.08764 -0.154947 0)
(2.07079 -0.145915 0)
(2.04669 -0.12157 0)
(2.02357 -0.0979036 0)
(1.99437 -0.0831397 0)
(1.97473 -0.078453 0)
(1.97937 -0.0758487 0)
(1.98728 -0.0728366 0)
(1.97342 -0.0655712 0)
(1.94752 -0.0556974 0)
(1.92344 -0.0470309 0)
(1.90908 -0.0327733 0)
(1.91359 -0.0229862 0)
(1.9259 -0.0220227 0)
(1.94634 -0.0244836 0)
(1.96626 -0.0237559 0)
(1.97178 -0.0190075 0)
(1.96905 -0.014612 0)
(1.95807 -0.00925357 0)
(1.93874 -0.00362389 0)
(1.92963 -0.00133476 0)
(1.92221 -0.000522805 0)
(1.91678 0.0010031 0)
(1.91681 -0.000106897 0)
(1.91899 -0.00191542 0)
(1.90853 -0.000826398 0)
(1.89257 -0.000666576 0)
(1.88221 0.000727016 0)
(1.87536 0.0038765 0)
(1.87224 0.00585158 0)
(1.87335 0.00610802 0)
(1.87682 0.00576686 0)
(1.88103 0.00496749 0)
(1.88272 0.00426177 0)
(1.87997 0.00371671 0)
(1.87718 0.003306 0)
(1.87458 0.00306635 0)
(1.87149 0.00243565 0)
(1.87133 0.00148239 0)
(1.87806 0.000465643 0)
(1.88372 -0.000464505 0)
(1.88029 -0.000871646 0)
(1.87575 -0.00129268 0)
(1.86933 -0.00220677 0)
(1.86357 -0.00292576 0)
(1.85818 -0.00324993 0)
(1.85342 -0.00332745 0)
(1.84998 -0.00344622 0)
(1.40563 1.05568 0)
(1.68132 1.00531 0)
(1.84498 1.01507 0)
(1.99016 0.942663 0)
(2.11596 0.761288 0)
(2.17485 0.700223 0)
(2.20579 0.728474 0)
(2.26716 0.634591 0)
(2.30986 0.395304 0)
(2.29871 0.280847 0)
(2.30194 0.29529 0)
(2.30896 0.258394 0)
(2.36099 0.166244 0)
(2.38356 0.00475789 0)
(2.36967 -0.0673976 0)
(2.37315 -0.0820783 0)
(2.41321 -0.111064 0)
(2.43741 -0.180861 0)
(2.42727 -0.256395 0)
(2.41204 -0.304759 0)
(2.39101 -0.378329 0)
(2.38467 -0.425559 0)
(2.38282 -0.441329 0)
(2.38527 -0.452156 0)
(2.39121 -0.475984 0)
(2.39072 -0.499482 0)
(2.39061 -0.524235 0)
(2.40092 -0.527278 0)
(2.41196 -0.530302 0)
(2.41248 -0.545106 0)
(2.38938 -0.553041 0)
(2.36803 -0.544114 0)
(2.36688 -0.539703 0)
(2.36584 -0.53837 0)
(2.36359 -0.530389 0)
(2.36714 -0.498896 0)
(2.34006 -0.437447 0)
(2.32056 -0.398937 0)
(2.30131 -0.389593 0)
(2.27296 -0.375778 0)
(2.23583 -0.35802 0)
(2.21023 -0.31757 0)
(2.201 -0.280543 0)
(2.18892 -0.264378 0)
(2.18358 -0.225441 0)
(2.19373 -0.187395 0)
(2.20476 -0.178687 0)
(2.18989 -0.166146 0)
(2.16176 -0.153212 0)
(2.13691 -0.147111 0)
(2.10894 -0.132534 0)
(2.0846 -0.108218 0)
(2.06698 -0.0875202 0)
(2.05768 -0.0740388 0)
(2.06839 -0.0617801 0)
(2.07317 -0.0477162 0)
(2.04895 -0.0398044 0)
(2.02075 -0.0227695 0)
(1.99175 -0.0109144 0)
(1.96427 0.000642992 0)
(1.95865 0.0139602 0)
(1.96962 0.0181358 0)
(1.99668 0.0137737 0)
(2.0143 0.00928679 0)
(2.01383 0.011581 0)
(2.00639 0.0159022 0)
(1.99216 0.0194503 0)
(1.97337 0.0204215 0)
(1.96224 0.0213233 0)
(1.95263 0.02157 0)
(1.94764 0.0230328 0)
(1.95254 0.0253185 0)
(1.9512 0.0259235 0)
(1.93967 0.0240423 0)
(1.92445 0.0218167 0)
(1.90787 0.0208512 0)
(1.89739 0.0207507 0)
(1.89702 0.0208428 0)
(1.90081 0.0209483 0)
(1.90418 0.0203089 0)
(1.90692 0.0173588 0)
(1.90535 0.0131677 0)
(1.89781 0.00863394 0)
(1.89231 0.00575708 0)
(1.88734 0.0031905 0)
(1.88432 -0.00108381 0)
(1.88613 -0.0059134 0)
(1.89521 -0.00925262 0)
(1.90171 -0.0103954 0)
(1.89946 -0.0106116 0)
(1.89595 -0.0110093 0)
(1.89084 -0.0122206 0)
(1.88662 -0.0127209 0)
(1.88262 -0.0125723 0)
(1.87919 -0.0118296 0)
(1.87705 -0.00998087 0)
(1.32801 0.930081 0)
(1.45229 0.917786 0)
(1.58073 0.879283 0)
(1.69996 0.819089 0)
(1.77646 0.801888 0)
(1.83662 0.780977 0)
(1.93286 0.695805 0)
(2.00415 0.583843 0)
(2.04071 0.552063 0)
(2.07073 0.563181 0)
(2.11443 0.517747 0)
(2.17637 0.396239 0)
(2.19267 0.314591 0)
(2.20973 0.320104 0)
(2.23843 0.307845 0)
(2.30102 0.250224 0)
(2.32867 0.142983 0)
(2.32342 0.0936819 0)
(2.33027 0.0954396 0)
(2.33511 0.0804066 0)
(2.35142 0.0045735 0)
(2.34723 -0.068332 0)
(2.34259 -0.0851995 0)
(2.34608 -0.0832418 0)
(2.36636 -0.100916 0)
(2.39718 -0.123023 0)
(2.40887 -0.16417 0)
(2.40701 -0.194349 0)
(2.40662 -0.210305 0)
(2.40101 -0.216783 0)
(2.37747 -0.228717 0)
(2.37305 -0.248759 0)
(2.38145 -0.26051 0)
(2.38958 -0.278109 0)
(2.40213 -0.298308 0)
(2.41309 -0.301307 0)
(2.42151 -0.305828 0)
(2.42256 -0.31483 0)
(2.41549 -0.324783 0)
(2.39014 -0.337091 0)
(2.37489 -0.342826 0)
(2.36186 -0.348669 0)
(2.35562 -0.358738 0)
(2.36136 -0.364001 0)
(2.37812 -0.360782 0)
(2.38267 -0.35678 0)
(2.36761 -0.354798 0)
(2.34621 -0.34977 0)
(2.31783 -0.344986 0)
(2.29152 -0.341679 0)
(2.26973 -0.33112 0)
(2.25535 -0.304539 0)
(2.25783 -0.270964 0)
(2.26988 -0.249678 0)
(2.28366 -0.23243 0)
(2.27889 -0.207324 0)
(2.25036 -0.194475 0)
(2.2271 -0.171425 0)
(2.20829 -0.154648 0)
(2.1761 -0.132513 0)
(2.14274 -0.090503 0)
(2.12724 -0.0598392 0)
(2.12111 -0.0492057 0)
(2.11145 -0.0478896 0)
(2.09641 -0.0458891 0)
(2.07976 -0.0334154 0)
(2.06389 -0.0214463 0)
(2.04714 -0.0149949 0)
(2.03169 -0.00449445 0)
(2.02334 0.00618465 0)
(2.02314 0.0154684 0)
(2.02798 0.0222877 0)
(2.02248 0.0240651 0)
(2.01471 0.0251228 0)
(2.00157 0.0250528 0)
(1.98326 0.0254149 0)
(1.96689 0.0333137 0)
(1.96422 0.0404416 0)
(1.97108 0.039273 0)
(1.97091 0.0345582 0)
(1.96869 0.0291667 0)
(1.96315 0.021472 0)
(1.95123 0.0124502 0)
(1.93894 0.00481292 0)
(1.93579 0.00022198 0)
(1.937 -0.00334509 0)
(1.94178 -0.00869049 0)
(1.94922 -0.0154738 0)
(1.95206 -0.0184148 0)
(1.95079 -0.0185113 0)
(1.94638 -0.0185212 0)
(1.94086 -0.0188154 0)
(1.93823 -0.0189756 0)
(1.93514 -0.0186325 0)
(1.93435 -0.0159436 0)
(1.93622 -0.0095611 0)
(1.29432 0.856679 0)
(1.37416 0.841832 0)
(1.45177 0.822313 0)
(1.51565 0.805275 0)
(1.58672 0.768479 0)
(1.6611 0.716662 0)
(1.71359 0.696186 0)
(1.75648 0.681904 0)
(1.82192 0.639311 0)
(1.88505 0.568702 0)
(1.92354 0.535093 0)
(1.95374 0.540288 0)
(1.9817 0.51528 0)
(2.03489 0.438313 0)
(2.06506 0.364484 0)
(2.08775 0.358898 0)
(2.10426 0.361203 0)
(2.14368 0.315865 0)
(2.17874 0.227078 0)
(2.1864 0.170405 0)
(2.19924 0.17089 0)
(2.21196 0.164946 0)
(2.24473 0.134547 0)
(2.27302 0.0819544 0)
(2.27986 0.0267496 0)
(2.29103 0.0124646 0)
(2.30502 0.0153345 0)
(2.31195 -0.0153003 0)
(2.31821 -0.0843234 0)
(2.30977 -0.129091 0)
(2.30542 -0.1432 0)
(2.31304 -0.162277 0)
(2.33785 -0.17594 0)
(2.34908 -0.189706 0)
(2.36375 -0.224162 0)
(2.36365 -0.251451 0)
(2.36601 -0.269569 0)
(2.37146 -0.293897 0)
(2.36133 -0.322114 0)
(2.34888 -0.349808 0)
(2.35025 -0.360505 0)
(2.35635 -0.367493 0)
(2.37075 -0.377082 0)
(2.38649 -0.382692 0)
(2.39262 -0.39271 0)
(2.39153 -0.39988 0)
(2.38787 -0.405139 0)
(2.37575 -0.408367 0)
(2.36417 -0.408307 0)
(2.36188 -0.409911 0)
(2.35744 -0.406769 0)
(2.35519 -0.392853 0)
(2.36208 -0.376901 0)
(2.36946 -0.363449 0)
(2.36655 -0.349238 0)
(2.35814 -0.344866 0)
(2.34137 -0.338535 0)
(2.32081 -0.326231 0)
(2.3069 -0.311981 0)
(2.29082 -0.301234 0)
(2.26827 -0.271757 0)
(2.24957 -0.223534 0)
(2.23753 -0.205906 0)
(2.23593 -0.19991 0)
(2.20482 -0.169425 0)
(2.18241 -0.136558 0)
(2.16564 -0.130499 0)
(2.15043 -0.125667 0)
(2.12693 -0.0992 0)
(2.11631 -0.0718669 0)
(2.11188 -0.0589358 0)
(2.10784 -0.0471954 0)
(2.09777 -0.042522 0)
(2.08766 -0.0315485 0)
(2.07611 -0.0249459 0)
(2.05886 -0.0224424 0)
(2.04365 -0.0131891 0)
(2.03833 -0.00301055 0)
(2.04056 0.0120844 0)
(2.03053 0.0219271 0)
(2.01637 0.0226732 0)
(2.00302 0.025689 0)
(1.98925 0.0321858 0)
(1.9781 0.0436908 0)
(1.9756 0.0464227 0)
(1.97529 0.0447423 0)
(1.97993 0.0386654 0)
(1.98571 0.0291368 0)
(1.98699 0.0240116 0)
(1.98651 0.0198209 0)
(1.98298 0.0133301 0)
(1.97975 0.00715367 0)
(1.9798 0.00442801 0)
(1.98146 -0.000248958 0)
(1.98583 -0.00722713 0)
(1.98772 -0.0094553 0)
(1.27867 0.808608 0)
(1.33783 0.799411 0)
(1.38961 0.790083 0)
(1.44368 0.770726 0)
(1.49822 0.750128 0)
(1.54343 0.735974 0)
(1.59652 0.709625 0)
(1.65529 0.669543 0)
(1.69736 0.650186 0)
(1.73163 0.640782 0)
(1.77793 0.60956 0)
(1.82439 0.556629 0)
(1.85393 0.522536 0)
(1.87317 0.517472 0)
(1.88362 0.497535 0)
(1.92484 0.451379 0)
(1.9625 0.393353 0)
(1.98666 0.375019 0)
(2.00678 0.372292 0)
(2.03788 0.347418 0)
(2.07669 0.297132 0)
(2.09334 0.246238 0)
(2.11067 0.244964 0)
(2.12585 0.251513 0)
(2.14966 0.218027 0)
(2.1672 0.152095 0)
(2.16902 0.110735 0)
(2.17453 0.102071 0)
(2.17781 0.0924384 0)
(2.19227 0.0688958 0)
(2.21193 0.0431637 0)
(2.21947 -0.000112535 0)
(2.22972 -0.0113074 0)
(2.24662 -0.00429898 0)
(2.26514 -0.0141703 0)
(2.27633 -0.0551317 0)
(2.26697 -0.0974056 0)
(2.25715 -0.112088 0)
(2.25277 -0.118057 0)
(2.26323 -0.132234 0)
(2.27346 -0.136209 0)
(2.2837 -0.153996 0)
(2.28871 -0.172212 0)
(2.2986 -0.17907 0)
(2.30712 -0.198444 0)
(2.30256 -0.213956 0)
(2.28785 -0.226783 0)
(2.28812 -0.245013 0)
(2.29532 -0.250213 0)
(2.30163 -0.259477 0)
(2.30971 -0.269527 0)
(2.31612 -0.271346 0)
(2.32464 -0.274752 0)
(2.32751 -0.282226 0)
(2.32 -0.295664 0)
(2.30488 -0.304469 0)
(2.30043 -0.305037 0)
(2.29743 -0.305354 0)
(2.29451 -0.308557 0)
(2.2963 -0.312846 0)
(2.29735 -0.311244 0)
(2.29472 -0.307173 0)
(2.2893 -0.306033 0)
(2.28172 -0.304794 0)
(2.26914 -0.294529 0)
(2.25515 -0.275388 0)
(2.24065 -0.265292 0)
(2.22689 -0.258606 0)
(2.20982 -0.225262 0)
(2.19842 -0.184389 0)
(2.18794 -0.17254 0)
(2.17662 -0.169299 0)
(2.15584 -0.152583 0)
(2.13994 -0.125217 0)
(2.13207 -0.109343 0)
(2.12163 -0.103607 0)
(2.11205 -0.0800124 0)
(2.11155 -0.0607244 0)
(2.11447 -0.0515586 0)
(2.10003 -0.0345778 0)
(2.0769 -0.0299984 0)
(2.05853 -0.0204609 0)
(2.0388 -0.00791193 0)
(2.02196 0.00802521 0)
(2.01197 0.0180627 0)
(2.00237 0.0231408 0)
(2.00228 0.0274268 0)
(2.01076 0.0303344 0)
(2.00482 0.0305048 0)
(1.99919 0.0309443 0)
(1.99353 0.0310244 0)
(1.99073 0.02947 0)
(1.99072 0.0277389 0)
(1.99488 0.0241323 0)
(2.00201 0.0172289 0)
(2.00481 0.0112254 0)
(1.26024 0.770905 0)
(1.30695 0.766823 0)
(1.35298 0.760502 0)
(1.39652 0.753925 0)
(1.43638 0.744905 0)
(1.48137 0.727176 0)
(1.52668 0.708337 0)
(1.56395 0.696496 0)
(1.60391 0.677035 0)
(1.65101 0.643215 0)
(1.68708 0.617813 0)
(1.71342 0.611941 0)
(1.74181 0.590361 0)
(1.7752 0.54521 0)
(1.79845 0.514371 0)
(1.81692 0.507451 0)
(1.83617 0.492208 0)
(1.87387 0.465918 0)
(1.91124 0.421393 0)
(1.93451 0.401538 0)
(1.95701 0.403827 0)
(1.98273 0.385629 0)
(2.01032 0.337374 0)
(2.02315 0.295089 0)
(2.03278 0.285113 0)
(2.03492 0.281221 0)
(2.04634 0.25287 0)
(2.07076 0.209944 0)
(2.08138 0.177533 0)
(2.09501 0.176554 0)
(2.10978 0.174869 0)
(2.1341 0.154713 0)
(2.15437 0.113239 0)
(2.16021 0.0799441 0)
(2.1693 0.0732667 0)
(2.17412 0.0733356 0)
(2.17229 0.0507445 0)
(2.1828 0.00990001 0)
(2.18555 -0.0166786 0)
(2.19088 -0.0180941 0)
(2.20046 -0.0254746 0)
(2.22141 -0.0477087 0)
(2.22921 -0.0667057 0)
(2.2354 -0.0824229 0)
(2.24159 -0.115964 0)
(2.23808 -0.138892 0)
(2.23644 -0.140812 0)
(2.23949 -0.14927 0)
(2.25355 -0.160804 0)
(2.26235 -0.185531 0)
(2.2634 -0.197371 0)
(2.27143 -0.212704 0)
(2.27819 -0.236553 0)
(2.27572 -0.251509 0)
(2.26913 -0.267965 0)
(2.27219 -0.280249 0)
(2.27677 -0.28703 0)
(2.27971 -0.295658 0)
(2.28326 -0.297944 0)
(2.28705 -0.305369 0)
(2.28433 -0.318425 0)
(2.27873 -0.32913 0)
(2.27811 -0.330394 0)
(2.27813 -0.330627 0)
(2.2777 -0.332524 0)
(2.27818 -0.325607 0)
(2.28262 -0.311193 0)
(2.28101 -0.303297 0)
(2.27109 -0.296871 0)
(2.2589 -0.287653 0)
(2.2489 -0.277929 0)
(2.23497 -0.274434 0)
(2.21805 -0.267574 0)
(2.19954 -0.243202 0)
(2.19162 -0.221565 0)
(2.18866 -0.213675 0)
(2.18699 -0.17825 0)
(2.18846 -0.13691 0)
(2.18352 -0.132121 0)
(2.16507 -0.120542 0)
(2.13435 -0.0930212 0)
(2.11115 -0.0835317 0)
(2.08714 -0.0792876 0)
(2.05804 -0.0565762 0)
(2.04286 -0.0334976 0)
(2.03317 -0.0257819 0)
(2.03329 -0.020889 0)
(2.04242 -0.0104443 0)
(2.03048 -0.00416039 0)
(2.01845 0.00207521 0)
(2.00798 0.00752892 0)
(2.00178 0.00982286 0)
(1.99783 0.0113547 0)
(1.9984 0.0150819 0)
(2.00066 0.020403 0)
(2.00067 0.0209636 0)
(1.24678 0.74017 0)
(1.28785 0.736546 0)
(1.32727 0.733257 0)
(1.36318 0.730221 0)
(1.39605 0.724088 0)
(1.4271 0.715051 0)
(1.46306 0.702902 0)
(1.50591 0.686752 0)
(1.54474 0.672706 0)
(1.57682 0.664464 0)
(1.61047 0.648115 0)
(1.64652 0.620965 0)
(1.67489 0.598743 0)
(1.69514 0.591166 0)
(1.70959 0.576921 0)
(1.74101 0.547487 0)
(1.77251 0.518238 0)
(1.79499 0.512871 0)
(1.81896 0.504392 0)
(1.85314 0.480326 0)
(1.88317 0.441801 0)
(1.90133 0.421377 0)
(1.91319 0.417929 0)
(1.91694 0.401333 0)
(1.93836 0.362114 0)
(1.95474 0.324789 0)
(1.96769 0.31627 0)
(1.98045 0.317724 0)
(1.99786 0.301753 0)
(2.02353 0.267063 0)
(2.03689 0.231808 0)
(2.04922 0.227958 0)
(2.05839 0.227287 0)
(2.07475 0.204383 0)
(2.09266 0.166529 0)
(2.09913 0.134804 0)
(2.10378 0.125672 0)
(2.10875 0.129267 0)
(2.10985 0.121234 0)
(2.12581 0.0920362 0)
(2.13647 0.0544439 0)
(2.14228 0.0400442 0)
(2.14868 0.0409775 0)
(2.15784 0.031377 0)
(2.17328 0.00877156 0)
(2.1783 -0.00606873 0)
(2.18482 -0.0152946 0)
(2.19441 -0.0345878 0)
(2.19636 -0.0487539 0)
(2.19358 -0.0518117 0)
(2.18555 -0.06183 0)
(2.19624 -0.0842119 0)
(2.20511 -0.103179 0)
(2.20789 -0.113006 0)
(2.21944 -0.124379 0)
(2.2292 -0.135708 0)
(2.23427 -0.141764 0)
(2.23997 -0.146217 0)
(2.241 -0.155577 0)
(2.2294 -0.171516 0)
(2.22071 -0.18472 0)
(2.22303 -0.194094 0)
(2.23349 -0.200193 0)
(2.24041 -0.207288 0)
(2.25051 -0.214939 0)
(2.25763 -0.217765 0)
(2.2631 -0.220633 0)
(2.26689 -0.226457 0)
(2.26118 -0.233148 0)
(2.24296 -0.239651 0)
(2.23349 -0.240911 0)
(2.232 -0.240901 0)
(2.22831 -0.23988 0)
(2.22373 -0.237823 0)
(2.2248 -0.238326 0)
(2.23696 -0.236647 0)
(2.24564 -0.227371 0)
(2.23793 -0.221198 0)
(2.22699 -0.216928 0)
(2.21079 -0.212863 0)
(2.19065 -0.202815 0)
(2.17242 -0.193535 0)
(2.15301 -0.191656 0)
(2.12829 -0.175903 0)
(2.10502 -0.133918 0)
(2.09494 -0.1056 0)
(2.09067 -0.103646 0)
(2.08666 -0.0794185 0)
(2.06934 -0.0411019 0)
(2.05612 -0.0348984 0)
(2.04097 -0.0302682 0)
(2.02483 -0.021613 0)
(2.01611 -0.0157735 0)
(2.01154 -0.00731387 0)
(2.01139 0.00423349 0)
(2.0116 0.00868788 0)
(1.24344 0.71703 0)
(1.27945 0.714023 0)
(1.31307 0.711886 0)
(1.34315 0.709616 0)
(1.36786 0.705305 0)
(1.39038 0.6974 0)
(1.42136 0.690118 0)
(1.45692 0.683099 0)
(1.49352 0.674054 0)
(1.52933 0.662464 0)
(1.55934 0.654153 0)
(1.58114 0.646766 0)
(1.60405 0.628243 0)
(1.63405 0.604396 0)
(1.65887 0.589242 0)
(1.679 0.584085 0)
(1.70054 0.572372 0)
(1.7322 0.551945 0)
(1.76299 0.525759 0)
(1.78439 0.515002 0)
(1.80145 0.512189 0)
(1.82045 0.490002 0)
(1.84092 0.448422 0)
(1.85271 0.426633 0)
(1.86286 0.426067 0)
(1.87702 0.416527 0)
(1.9038 0.394253 0)
(1.92487 0.36229 0)
(1.93811 0.348785 0)
(1.9483 0.346245 0)
(1.95526 0.331843 0)
(1.97703 0.306042 0)
(1.99651 0.272219 0)
(2.00693 0.252267 0)
(2.0179 0.254601 0)
(2.02803 0.252313 0)
(2.04331 0.226132 0)
(2.05079 0.191071 0)
(2.05399 0.172072 0)
(2.05702 0.166376 0)
(2.05922 0.156507 0)
(2.07346 0.143323 0)
(2.09151 0.12795 0)
(2.10811 0.102379 0)
(2.11819 0.0913258 0)
(2.12945 0.0868128 0)
(2.13939 0.0765387 0)
(2.14003 0.0644384 0)
(2.12865 0.0483537 0)
(2.12528 0.0200972 0)
(2.13737 0.00450582 0)
(2.14812 -0.00856638 0)
(2.15493 -0.0162368 0)
(2.17047 -0.0222067 0)
(2.18379 -0.0327994 0)
(2.19091 -0.0443284 0)
(2.19732 -0.050477 0)
(2.20078 -0.0608195 0)
(2.18998 -0.0867416 0)
(2.18195 -0.108 0)
(2.18783 -0.113993 0)
(2.1944 -0.123089 0)
(2.20846 -0.130865 0)
(2.22136 -0.140381 0)
(2.23049 -0.152219 0)
(2.23672 -0.161692 0)
(2.24429 -0.174762 0)
(2.24303 -0.187621 0)
(2.22672 -0.203699 0)
(2.21751 -0.219374 0)
(2.22289 -0.226151 0)
(2.22636 -0.232536 0)
(2.23214 -0.237979 0)
(2.24035 -0.240214 0)
(2.25105 -0.240609 0)
(2.25539 -0.242032 0)
(2.25043 -0.241082 0)
(2.24489 -0.239823 0)
(2.23596 -0.23879 0)
(2.21738 -0.238225 0)
(2.20968 -0.238946 0)
(2.20068 -0.23848 0)
(2.19373 -0.237253 0)
(2.18864 -0.231222 0)
(2.18507 -0.210691 0)
(2.18492 -0.188463 0)
(2.18239 -0.177923 0)
(2.16762 -0.155981 0)
(2.14645 -0.125232 0)
(2.12969 -0.114602 0)
(2.11133 -0.105458 0)
(2.08279 -0.0774005 0)
(2.06483 -0.0538276 0)
(2.04859 -0.0540479 0)
(2.03641 -0.0507872 0)
(2.02927 -0.0316156 0)
)
;

boundaryField
{
    inlet
    {
        type            fixedValue;
        value           uniform (2 0 0);
    }
    outlet
    {
        type            inletOutlet;
        inletValue      nonuniform 0();
        value           nonuniform 0();
    }
    bottom
    {
        type            symmetryPlane;
    }
    top
    {
        type            symmetryPlane;
    }
    obstacle
    {
        type            slip;
    }
    defaultFaces
    {
        type            empty;
    }
    procBoundary0to1
    {
        type            processor;
        value           nonuniform List<vector> 8((1.84992 -0.00371801 0) (1.87766 -0.00726963 0) (1.93434 -0.0042408 0) (1.98539 -0.00878118 0) (2.00522 0.00680818 0) (1.99941 0.019638 0) (2.00687 0.00726759 0) (2.02808 -0.0210851 0));
    }
    procBoundary0to2
    {
        type            processor;
        value           nonuniform List<vector> 
192
(
(2 8.56606e-18 0)
(2 9.56218e-17 0)
(2 5.10473e-17 0)
(2 -1.39401e-16 0)
(2 -1.92869e-16 0)
(2 -3.98723e-16 0)
(2 -3.3974e-16 0)
(2 -2.76061e-17 0)
(2 1.87745e-16 0)
(2 1.09984e-16 0)
(2 2.37385e-17 0)
(2 -3.68456e-16 0)
(2 -9.7393e-16 0)
(2 -1.20654e-15 0)
(2 -7.8382e-16 0)
(2 -3.77598e-16 0)
(2 2.21217e-16 0)
(2 3.28143e-16 0)
(2 6.51743e-16 0)
(2 8.59826e-16 0)
(2 9.37538e-16 0)
(2 8.90811e-16 0)
(2 9.31241e-16 0)
(2 8.50609e-16 0)
(2 4.91393e-16 0)
(2 2.83266e-16 0)
(2 -1.32218e-16 0)
(2 -1.50897e-16 0)
(2 1.12027e-16 0)
(2 2.01185e-16 0)
(2 1.80486e-16 0)
(2 1.69414e-16 0)
(2 1.18192e-16 0)
(2 8.63021e-17 0)
(2 1.56601e-16 0)
(2 1.38334e-16 0)
(2 2.55439e-16 0)
(2 3.14222e-16 0)
(2 3.07436e-16 0)
(2 -1.4662e-16 0)
(2 -4.9477e-16 0)
(2 -8.59284e-16 0)
(2 -9.28607e-16 0)
(2 -7.41117e-16 0)
(2 -6.53903e-16 0)
(2 -4.99033e-16 0)
(2 -4.2067e-16 0)
(2 -2.42016e-16 0)
(2 -1.52937e-16 0)
(2 -4.09035e-17 0)
(2 3.85505e-17 0)
(2 -3.94603e-17 0)
(2 -3.57826e-17 0)
(2 -4.40641e-17 0)
(2 2.03419e-16 0)
(2 2.42388e-16 0)
(2 2.61404e-16 0)
(2 5.14974e-16 0)
(2 7.80286e-16 0)
(2 8.72139e-16 0)
(2 3.4068e-16 0)
(2 2.06622e-16 0)
(2 3.8893e-16 0)
(2 3.81898e-16 0)
(2 2.47344e-16 0)
(2 1.75892e-14 0)
(2 1.25682e-11 0)
(2 4.77513e-09 0)
(2 1.73448e-06 0)
(1.99997 7.2027e-05 0)
(1.99839 0.0024767 0)
(1.98072 0.0211557 0)
(1.86647 0.111895 0)
(1.58927 0.287026 0)
(1.29848 0.463775 0)
(1.02329 0.577095 0)
(0.961222 0.626754 0)
(0.96303 0.647821 0)
(0.958855 0.65859 0)
(0.957722 0.667205 0)
(0.96319 0.672953 0)
(0.977633 0.678201 0)
(0.996355 0.680433 0)
(1.01464 0.681329 0)
(1.02881 0.68455 0)
(1.04024 0.688525 0)
(1.04842 0.692032 0)
(1.06022 0.695875 0)
(1.07747 0.700235 0)
(1.09932 0.7031 0)
(1.12349 0.7043 0)
(1.1439 0.706882 0)
(1.16112 0.709506 0)
(1.17502 0.709703 0)
(1.19192 0.70917 0)
(1.21596 0.709747 0)
(1.24513 0.70856 0)
(1.27632 0.705688 0)
(1.30487 0.703789 0)
(1.32963 0.701583 0)
(1.34859 0.696329 0)
(1.36688 0.688464 0)
(1.39455 0.683544 0)
(1.42654 0.678257 0)
(1.4598 0.671145 0)
(1.49077 0.664336 0)
(1.51692 0.659871 0)
(1.53673 0.650401 0)
(1.55482 0.635063 0)
(1.57638 0.624407 0)
(1.6038 0.614924 0)
(1.63488 0.599202 0)
(1.66129 0.584771 0)
(1.68094 0.581995 0)
(1.69748 0.571596 0)
(1.72279 0.547874 0)
(1.74585 0.522496 0)
(1.76228 0.51203 0)
(1.77282 0.506614 0)
(1.78718 0.490698 0)
(1.81139 0.466898 0)
(1.83135 0.444301 0)
(1.84629 0.438696 0)
(1.85832 0.438018 0)
(1.87461 0.41987 0)
(1.89435 0.383429 0)
(1.90493 0.36339 0)
(1.91464 0.362632 0)
(1.92689 0.354753 0)
(1.94796 0.336997 0)
(1.9669 0.310135 0)
(1.97885 0.289994 0)
(1.98643 0.281052 0)
(1.98719 0.273598 0)
(1.9843 0.257059 0)
(1.99605 0.237845 0)
(2.01382 0.220294 0)
(2.02935 0.203534 0)
(2.04162 0.196279 0)
(2.05672 0.190274 0)
(2.07227 0.180496 0)
(2.08424 0.164567 0)
(2.08653 0.148839 0)
(2.07571 0.131862 0)
(2.07045 0.107602 0)
(2.08098 0.0965605 0)
(2.09248 0.0897115 0)
(2.10142 0.0799994 0)
(2.11521 0.0725151 0)
(2.13199 0.0640334 0)
(2.14247 0.0513062 0)
(2.14882 0.0427676 0)
(2.15177 0.0327556 0)
(2.14132 0.0126365 0)
(2.13463 -0.00562155 0)
(2.14041 -0.00955991 0)
(2.14612 -0.0160158 0)
(2.15988 -0.0238464 0)
(2.17274 -0.0326992 0)
(2.18316 -0.0458286 0)
(2.18858 -0.0514552 0)
(2.19679 -0.0597339 0)
(2.19745 -0.070652 0)
(2.18502 -0.0894037 0)
(2.17457 -0.10252 0)
(2.18033 -0.111471 0)
(2.19048 -0.114439 0)
(2.19834 -0.118839 0)
(2.20847 -0.125762 0)
(2.21539 -0.132896 0)
(2.22249 -0.138766 0)
(2.22678 -0.143811 0)
(2.22676 -0.149415 0)
(2.21693 -0.158761 0)
(2.19998 -0.170845 0)
(2.19534 -0.175911 0)
(2.19539 -0.176627 0)
(2.19652 -0.177438 0)
(2.19937 -0.177131 0)
(2.20278 -0.176826 0)
(2.20712 -0.177831 0)
(2.21342 -0.176643 0)
(2.20993 -0.173366 0)
(2.20094 -0.171912 0)
(2.19087 -0.168062 0)
(2.17913 -0.165774 0)
(2.16307 -0.163873 0)
(2.14441 -0.153911 0)
(2.12843 -0.139002 0)
(2.11324 -0.136135 0)
(2.09878 -0.132748 0)
(2.08288 -0.108466 0)
)
;
    }
}


// ************************************************************************* //
