/*--------------------------------*- C++ -*----------------------------------*\
  =========                 |
  \\      /  F ield         | OpenFOAM: The Open Source CFD Toolbox
   \\    /   O peration     | Website:  https://openfoam.org
    \\  /    A nd           | Version:  7
     \\/     M anipulation  |
\*---------------------------------------------------------------------------*/
FoamFile
{
    version     2.0;
    format      ascii;
    class       volScalarField;
    location    "4";
    object      p;
}
// * * * * * * * * * * * * * * * * * * * * * * * * * * * * * * * * * * * * * //

dimensions      [1 -1 -2 0 0 0 0];

internalField   nonuniform List<scalar> 
4608
(
2.61453
2.62437
2.6423
2.66453
2.67893
2.68753
2.69447
2.70087
2.70785
2.71906
2.73685
2.74759
2.748
2.74575
2.74
2.72934
2.71691
2.70707
2.69999
2.69485
2.69156
2.69314
2.70225
2.70998
2.70988
2.70585
2.70134
2.69613
2.69176
2.68816
2.68557
2.68488
2.68289
2.67798
2.67179
2.6651
2.65864
2.65416
2.65259
2.6468
2.63875
2.62963
2.61721
2.60167
2.59055
2.58305
2.57642
2.57274
2.57644
2.58257
2.57858
2.5712
2.5626
2.55036
2.53443
2.5223
2.51402
2.50602
2.49901
2.49516
2.49266
2.48566
2.4773
2.46844
2.45767
2.44399
2.43219
2.42385
2.41606
2.40949
2.40614
2.40447
2.3982
2.3902
2.38205
2.37345
2.3641
2.3535
2.34037
2.324
2.30934
2.29926
2.29072
2.28273
2.27525
2.26847
2.26382
2.26114
2.25592
2.24891
2.24168
2.23413
2.22615
2.2179
2.2095
2.20069
2.19057
2.17722
2.15964
2.14453
2.13586
2.12889
2.12209
2.11611
2.11258
2.11163
2.10737
2.10055
2.09356
2.08586
2.07523
2.058
2.039
2.02904
2.02266
2.01661
2.01145
2.0084
2.00486
1.99898
1.99276
1.98596
1.97679
1.96233
1.94667
1.93773
1.93146
1.92562
1.92062
1.91642
1.9112
1.90553
1.89959
1.89257
1.88215
1.86615
1.85207
1.84449
1.83862
1.83312
1.82789
1.82306
1.81817
1.81282
1.80723
1.8012
1.79357
1.7821
1.76766
1.75723
1.75141
1.74657
1.74175
1.73696
1.73225
1.7272
1.72189
1.71619
1.70896
1.6977
1.68415
1.67626
1.67129
1.66647
1.66172
1.65746
1.65374
1.64882
1.64353
1.63827
1.6326
1.6255
1.61478
1.60004
1.58814
1.58093
1.57478
1.56827
1.56169
1.55617
1.55136
1.54679
1.54233
1.53792
1.53353
1.52917
1.52476
1.52015
1.51498
1.50813
1.49706
1.48321
1.47529
1.4709
1.46693
1.46308
1.45945
1.45621
1.45301
1.44931
1.44537
1.44128
1.4365
1.42908
1.41547
1.40062
1.39352
1.38915
1.38498
1.38081
1.37658
1.37218
1.36732
1.36116
1.35347
1.34779
1.3441
1.3407
1.33731
1.33384
1.33022
1.32649
1.32259
1.31816
1.31213
1.30164
1.28563
1.27468
1.27021
1.26688
1.26374
1.26079
1.25846
1.25744
1.25663
1.25437
1.25165
1.24871
1.24564
1.24222
1.23744
1.22812
1.21242
1.20247
1.19879
1.19573
1.19269
1.18971
1.18675
1.1838
1.18079
1.17769
1.17449
1.17114
1.16754
1.16328
1.15701
1.14624
1.13313
1.12655
1.12365
1.1212
1.11893
1.11678
1.11452
1.1121
1.10948
1.10592
1.0989
1.08677
1.0785
1.07501
1.07221
1.06956
1.06741
1.06604
1.06451
1.06251
1.06054
1.05857
1.05645
1.05368
1.04839
1.03566
1.02133
1.01654
1.01401
1.01006
2.61179
2.62199
2.63852
2.65958
2.67239
2.68057
2.68692
2.69221
2.69748
2.70464
2.7177
2.73242
2.73713
2.73644
2.73349
2.72715
2.71694
2.70504
2.69629
2.69227
2.6901
2.6904
2.69586
2.70541
2.71107
2.70959
2.70522
2.7001
2.69407
2.68865
2.68408
2.68049
2.67601
2.67007
2.6632
2.6567
2.65087
2.64651
2.64579
2.64561
2.63982
2.6326
2.62323
2.60912
2.59201
2.58087
2.57382
2.5685
2.56803
2.57446
2.57837
2.57285
2.56504
2.5556
2.54243
2.52484
2.50966
2.50071
2.49316
2.48732
2.48492
2.48292
2.47638
2.4683
2.45939
2.44813
2.43348
2.41991
2.41121
2.40389
2.39824
2.39574
2.39352
2.3872
2.37933
2.37118
2.36262
2.35335
2.34254
2.32852
2.3113
2.29725
2.28792
2.27989
2.27242
2.26572
2.26067
2.25731
2.252
2.24513
2.23799
2.23039
2.22203
2.21334
2.20511
2.19706
2.18855
2.17876
2.16674
2.15259
2.13863
2.12791
2.12016
2.11334
2.10738
2.10384
2.10189
2.09693
2.09021
2.08319
2.07512
2.06406
2.04806
2.03098
2.02054
2.01409
2.00828
2.00375
2.00081
1.9964
1.99046
1.98423
1.97705
1.96719
1.9529
1.93764
1.92795
1.92161
1.91603
1.91165
1.90751
1.90216
1.89638
1.89012
1.88239
1.87112
1.85604
1.84349
1.83607
1.83035
1.82503
1.82023
1.81587
1.81104
1.80561
1.79995
1.79365
1.78536
1.77331
1.75929
1.74983
1.74427
1.73941
1.73468
1.73023
1.72561
1.72046
1.71505
1.70898
1.70108
1.69
1.67744
1.66851
1.66282
1.65784
1.65321
1.64951
1.64602
1.64119
1.63613
1.63092
1.62495
1.61677
1.60481
1.5918
1.58241
1.5753
1.5683
1.56095
1.5545
1.54934
1.54467
1.54018
1.53576
1.53143
1.52722
1.52305
1.51877
1.51421
1.50886
1.5013
1.48943
1.47656
1.46918
1.46458
1.46045
1.45649
1.45275
1.4493
1.44578
1.44188
1.43771
1.43314
1.42728
1.41736
1.40286
1.39365
1.38916
1.38521
1.38129
1.37735
1.37332
1.36906
1.36427
1.35833
1.3505
1.34222
1.33672
1.33276
1.32929
1.32692
1.32524
1.32216
1.31853
1.31441
1.30822
1.29706
1.28245
1.27301
1.26842
1.26485
1.26151
1.25829
1.25511
1.25189
1.24898
1.2473
1.24666
1.2445
1.2415
1.2379
1.23203
1.21977
1.20458
1.19744
1.19385
1.19064
1.1875
1.18445
1.18172
1.17949
1.17711
1.17434
1.17142
1.16836
1.16482
1.15914
1.14763
1.1358
1.13193
1.12969
1.12736
1.12508
1.1228
1.12023
1.11742
1.11427
1.11025
1.10348
1.09231
1.08458
1.08166
1.0794
1.07751
1.07588
1.07397
1.07163
1.06932
1.06699
1.0645
1.06169
1.05824
1.05273
1.04109
1.02784
1.02354
1.02155
1.01834
2.61358
2.6248
2.64025
2.66102
2.67452
2.68248
2.68738
2.68898
2.69245
2.69756
2.70451
2.71497
2.72593
2.73137
2.73319
2.73317
2.73081
2.72587
2.71845
2.71093
2.70762
2.70628
2.7055
2.70743
2.71326
2.71562
2.71181
2.70648
2.69978
2.69191
2.6849
2.67914
2.67364
2.66774
2.66047
2.65234
2.64722
2.64371
2.64169
2.64261
2.64455
2.64082
2.63451
2.62576
2.61167
2.59174
2.57578
2.56731
2.56069
2.55776
2.56118
2.56561
2.56204
2.55535
2.54753
2.53629
2.51937
2.5006
2.48957
2.48238
2.4765
2.47357
2.47285
2.46842
2.46128
2.45356
2.44379
2.43025
2.41403
2.40225
2.39466
2.38794
2.38302
2.37915
2.37296
2.3655
2.35783
2.34992
2.34145
2.33132
2.31729
2.29977
2.28698
2.27917
2.27225
2.26599
2.26101
2.25639
2.2504
2.24375
2.2366
2.22855
2.21866
2.20659
2.19639
2.18913
2.1823
2.17537
2.16815
2.16009
2.15069
2.1399
2.12727
2.11337
2.10284
2.09593
2.08982
2.08505
2.0815
2.07635
2.07012
2.06355
2.05563
2.04472
2.02948
2.01354
2.00437
1.99859
1.99338
1.98918
1.98568
1.98096
1.97533
1.96921
1.96151
1.95047
1.93482
1.91903
1.91025
1.90465
1.8995
1.89453
1.88927
1.8838
1.878
1.87142
1.86302
1.85171
1.83772
1.82626
1.8197
1.81448
1.80946
1.80484
1.80048
1.7956
1.79033
1.78479
1.77829
1.76949
1.75724
1.74353
1.73467
1.72944
1.72467
1.72011
1.71575
1.71102
1.706
1.70064
1.69444
1.68676
1.67715
1.66522
1.65423
1.64778
1.64289
1.63837
1.63387
1.629
1.62399
1.61876
1.61298
1.6059
1.59702
1.58747
1.57879
1.57078
1.56253
1.55401
1.54683
1.54144
1.53677
1.53232
1.52792
1.52348
1.51901
1.51468
1.51044
1.50605
1.50109
1.49437
1.48394
1.47137
1.46325
1.45853
1.45439
1.45036
1.44635
1.44224
1.43797
1.43352
1.42875
1.42318
1.4151
1.40235
1.39146
1.38668
1.38303
1.3795
1.37611
1.3726
1.36902
1.36534
1.36134
1.35636
1.34969
1.34092
1.33147
1.32484
1.32062
1.31688
1.31322
1.30958
1.3059
1.30222
1.29831
1.29277
1.28363
1.27284
1.26615
1.26217
1.25863
1.25513
1.25165
1.2482
1.24447
1.23977
1.23415
1.22935
1.22531
1.22126
1.21665
1.21009
1.20088
1.19299
1.1886
1.1853
1.18218
1.17916
1.1762
1.17333
1.17075
1.16841
1.16567
1.16264
1.15923
1.15447
1.14608
1.13332
1.1235
1.11887
1.11573
1.11283
1.11006
1.10733
1.10446
1.10111
1.0969
1.09265
1.08906
1.08529
1.08032
1.07373
1.06797
1.06447
1.06167
1.05895
1.05615
1.05334
1.05071
1.04795
1.04456
1.04013
1.03394
1.02497
1.0182
1.01223
2.60035
2.61136
2.62739
2.6497
2.66235
2.6689
2.67312
2.67296
2.6729
2.67719
2.68224
2.68817
2.6958
2.70532
2.71462
2.72024
2.72333
2.72473
2.72351
2.71707
2.70693
2.70182
2.70012
2.69873
2.69944
2.70341
2.70171
2.69699
2.69071
2.68269
2.67578
2.67108
2.66751
2.6643
2.66065
2.65485
2.64551
2.63919
2.63647
2.63421
2.63418
2.63733
2.6345
2.62783
2.6191
2.60552
2.5848
2.56532
2.5558
2.54906
2.54467
2.54499
2.5496
2.54834
2.54268
2.53624
2.52724
2.51235
2.49196
2.47803
2.47058
2.46407
2.45954
2.45782
2.4543
2.44789
2.44113
2.43307
2.42153
2.40515
2.39072
2.38275
2.376
2.36951
2.36367
2.3572
2.35004
2.34274
2.33523
2.32709
2.31697
2.30243
2.28524
2.27421
2.26745
2.26137
2.25582
2.2504
2.24466
2.23865
2.23224
2.22517
2.2167
2.20554
2.19162
2.17999
2.17268
2.16635
2.16044
2.15453
2.14803
2.14109
2.1329
2.12215
2.10733
2.09137
2.08192
2.07559
2.06964
2.06465
2.06072
2.0556
2.0498
2.04354
2.0353
2.02247
2.00482
1.99197
1.98575
1.98062
1.97584
1.97194
1.96862
1.96413
1.95875
1.9526
1.94405
1.93047
1.91199
1.89818
1.89121
1.88573
1.88054
1.87552
1.87061
1.86562
1.86029
1.85408
1.84537
1.83209
1.81678
1.80757
1.80213
1.7972
1.79237
1.78781
1.7838
1.77967
1.77479
1.76951
1.76274
1.75233
1.73727
1.72406
1.7172
1.71221
1.70743
1.70286
1.69871
1.69471
1.69023
1.68535
1.67969
1.67208
1.6609
1.64678
1.63643
1.63068
1.62574
1.6207
1.61557
1.61049
1.60552
1.60048
1.59509
1.58905
1.58227
1.57484
1.56655
1.55675
1.54635
1.53856
1.53328
1.52872
1.52427
1.51973
1.51491
1.50967
1.50432
1.49955
1.4951
1.49036
1.48448
1.47551
1.4634
1.45501
1.45039
1.44633
1.44233
1.43832
1.43425
1.43007
1.4257
1.42096
1.41514
1.40657
1.39417
1.38402
1.37914
1.37534
1.37166
1.36831
1.36531
1.3621
1.35873
1.35518
1.35112
1.34561
1.33707
1.32552
1.31648
1.31156
1.30761
1.30382
1.30019
1.29672
1.29333
1.2898
1.2855
1.27864
1.26875
1.26179
1.25809
1.25485
1.25157
1.24795
1.24343
1.2369
1.22831
1.22169
1.2179
1.21478
1.21172
1.2084
1.20422
1.19786
1.18905
1.18263
1.17918
1.17634
1.1736
1.17093
1.16817
1.16522
1.16202
1.15857
1.15504
1.15137
1.14662
1.13833
1.12588
1.11656
1.11203
1.10854
1.10515
1.10214
1.09953
1.09713
1.09507
1.09315
1.09059
1.0877
1.08377
1.07709
1.06793
1.06159
1.0582
1.05529
1.05211
1.04804
1.04405
1.04165
1.03973
1.03784
1.03526
1.03093
1.02413
1.01261
2.5894
2.60341
2.62575
2.6493
2.65976
2.66556
2.66945
2.67154
2.67283
2.67475
2.67884
2.68409
2.69031
2.69851
2.7106
2.72423
2.73091
2.73382
2.73387
2.72665
2.71289
2.70486
2.70226
2.70042
2.7015
2.7061
2.70455
2.7001
2.6926
2.68342
2.67665
2.67148
2.6682
2.66555
2.66266
2.65909
2.65069
2.63678
2.62937
2.62602
2.62331
2.62364
2.62582
2.62108
2.61406
2.60548
2.59249
2.57277
2.55547
2.54727
2.54117
2.53681
2.53662
2.54052
2.53834
2.53236
2.52563
2.51647
2.50122
2.4801
2.4656
2.45774
2.45107
2.44613
2.4436
2.43956
2.43362
2.42753
2.4202
2.40916
2.39292
2.37906
2.37121
2.36441
2.35753
2.35089
2.34403
2.33688
2.32963
2.32209
2.31366
2.30267
2.28759
2.27298
2.26375
2.25685
2.25029
2.24369
2.23717
2.23093
2.22482
2.21853
2.21169
2.20373
2.19387
2.18161
2.1689
2.16012
2.1535
2.14705
2.14063
2.13424
2.12765
2.12025
2.11059
2.09668
2.08054
2.07025
2.06388
2.05803
2.05295
2.04829
2.04279
2.03719
2.03128
2.02377
2.01183
1.99444
1.98115
1.97465
1.96952
1.96467
1.96014
1.95589
1.95132
1.94627
1.94055
1.93294
1.92068
1.90235
1.88676
1.87907
1.87353
1.86832
1.86332
1.85856
1.85386
1.849
1.84346
1.8357
1.82303
1.80677
1.79638
1.79082
1.78605
1.78149
1.77717
1.77313
1.7689
1.76422
1.75929
1.75323
1.74353
1.72797
1.71375
1.70661
1.70161
1.69691
1.69234
1.68782
1.68338
1.67892
1.67425
1.66908
1.66233
1.65163
1.63604
1.62352
1.61732
1.61251
1.60779
1.60314
1.5986
1.59415
1.58974
1.58522
1.58041
1.57501
1.56846
1.55936
1.5466
1.53529
1.52919
1.52474
1.5205
1.51623
1.51172
1.50672
1.5011
1.49527
1.49004
1.48534
1.48046
1.47431
1.46474
1.45246
1.44459
1.44003
1.43594
1.43193
1.42789
1.4238
1.41973
1.41568
1.41139
1.40617
1.3982
1.38622
1.37667
1.37207
1.36832
1.36461
1.36092
1.35723
1.35361
1.35007
1.34647
1.34252
1.33739
1.32908
1.31778
1.30997
1.3057
1.30204
1.29839
1.29455
1.29044
1.28602
1.28111
1.27479
1.26641
1.26027
1.25709
1.25421
1.25125
1.24803
1.24411
1.23849
1.23007
1.22087
1.21517
1.21153
1.20824
1.20505
1.20193
1.19868
1.19449
1.18747
1.17778
1.17167
1.1682
1.16515
1.16248
1.16049
1.15952
1.15801
1.15519
1.15202
1.14799
1.14152
1.12989
1.11688
1.11013
1.10658
1.10361
1.10095
1.09856
1.0963
1.09407
1.09175
1.08936
1.08684
1.08396
1.07989
1.07279
1.0636
1.05808
1.05498
1.05219
1.04915
1.04554
1.0409
1.0355
1.03112
1.02823
1.02558
1.02311
1.01811
2.5609
2.57567
2.59901
2.61859
2.62804
2.63534
2.64272
2.65117
2.65802
2.66156
2.66425
2.66956
2.67577
2.68386
2.69694
2.71177
2.71868
2.722
2.72114
2.71248
2.70269
2.69883
2.6963
2.69662
2.70279
2.70463
2.70227
2.69741
2.6885
2.68115
2.67622
2.67267
2.67095
2.668
2.66384
2.65907
2.65153
2.63813
2.62489
2.6186
2.61383
2.6103
2.6099
2.60866
2.60272
2.59559
2.58728
2.57534
2.55847
2.54581
2.53965
2.53465
2.53138
2.53239
2.5344
2.52956
2.52257
2.51446
2.50299
2.4845
2.46373
2.45193
2.44427
2.43772
2.43347
2.43048
2.42515
2.41924
2.41295
2.4049
2.39203
2.37588
2.3655
2.35848
2.35158
2.34505
2.3385
2.33114
2.32353
2.31583
2.30762
2.2977
2.28466
2.27119
2.26128
2.25334
2.24542
2.23666
2.22746
2.21969
2.21348
2.20765
2.20178
2.19567
2.18894
2.18089
2.17046
2.15693
2.14506
2.1375
2.13074
2.12418
2.11774
2.11125
2.10426
2.09572
2.08399
2.06948
2.05839
2.05155
2.04555
2.03955
2.03358
2.02783
2.02211
2.016
2.0083
1.9961
1.97924
1.96778
1.96134
1.95564
1.95017
1.94525
1.94059
1.93596
1.93106
1.92566
1.91882
1.90805
1.89069
1.87463
1.86675
1.86116
1.85573
1.85047
1.84562
1.84103
1.83635
1.83099
1.82348
1.81123
1.7956
1.7851
1.77928
1.77435
1.76956
1.76491
1.76048
1.756
1.75144
1.74662
1.74046
1.73003
1.71391
1.70162
1.69546
1.69053
1.68573
1.68096
1.67633
1.67181
1.66737
1.66287
1.6578
1.65041
1.63708
1.62011
1.61022
1.60506
1.60058
1.59628
1.5921
1.58798
1.58392
1.57993
1.57594
1.57178
1.56686
1.55943
1.54635
1.53138
1.52359
1.51909
1.51499
1.51097
1.50691
1.50259
1.49777
1.49239
1.48693
1.48186
1.47688
1.47117
1.46281
1.45036
1.44016
1.43501
1.43099
1.42709
1.42316
1.41905
1.41464
1.41005
1.40551
1.40076
1.39473
1.38509
1.37409
1.36859
1.36491
1.36126
1.3576
1.35395
1.35029
1.34651
1.34239
1.33746
1.33071
1.32111
1.31244
1.3083
1.3052
1.30212
1.29903
1.29582
1.29231
1.28824
1.28312
1.27581
1.26472
1.25268
1.24638
1.24294
1.23995
1.23715
1.23438
1.23144
1.22774
1.22198
1.21677
1.21401
1.21164
1.20924
1.2065
1.20323
1.19888
1.19095
1.17909
1.17264
1.16978
1.16714
1.16437
1.16144
1.1583
1.15438
1.14888
1.14281
1.13753
1.13198
1.12419
1.11358
1.10645
1.10322
1.10077
1.09849
1.09627
1.09412
1.09197
1.08979
1.08755
1.08513
1.082
1.07638
1.06571
1.05529
1.05078
1.04804
1.04548
1.04301
1.04049
1.03747
1.03386
1.03125
1.02934
1.02742
1.02541
1.01941
2.54077
2.55761
2.56807
2.57797
2.58766
2.598
2.61256
2.63127
2.64243
2.6485
2.65044
2.65453
2.66046
2.66976
2.68539
2.69678
2.70127
2.70279
2.69801
2.68758
2.68307
2.68144
2.68159
2.68846
2.69525
2.69451
2.69215
2.68622
2.67904
2.67499
2.67189
2.66964
2.66759
2.66358
2.65888
2.65377
2.64762
2.6392
2.62739
2.6155
2.60809
2.60194
2.59655
2.59354
2.5913
2.58565
2.57907
2.57118
2.55926
2.54499
2.53705
2.53191
2.52767
2.52649
2.5279
2.52337
2.51615
2.50785
2.49661
2.47926
2.45917
2.44687
2.43916
2.43314
2.42956
2.42659
2.42127
2.41532
2.40872
2.39991
2.38697
2.37145
2.3615
2.35478
2.34842
2.34288
2.33689
2.32959
2.32167
2.31251
2.30193
2.29012
2.27808
2.26827
2.26061
2.25326
2.24494
2.23401
2.2214
2.21267
2.20642
2.20047
2.19454
2.18867
2.18274
2.17644
2.16881
2.15814
2.14361
2.13196
2.12465
2.1176
2.1107
2.10408
2.09769
2.09116
2.08371
2.07423
2.06201
2.04922
2.04105
2.03548
2.02992
2.02421
2.01834
2.01202
2.00472
1.99492
1.97961
1.96449
1.95748
1.95236
1.94762
1.94307
1.93826
1.93304
1.92763
1.92196
1.91567
1.90767
1.89559
1.87935
1.86759
1.86134
1.8561
1.85012
1.84346
1.83714
1.83137
1.82569
1.81931
1.81089
1.79917
1.78563
1.77597
1.77089
1.76707
1.76328
1.75877
1.75399
1.74902
1.74368
1.73751
1.7288
1.71426
1.69843
1.69067
1.68601
1.68206
1.67888
1.67489
1.6704
1.66584
1.66104
1.65556
1.6481
1.63493
1.61609
1.6054
1.60096
1.59719
1.59343
1.58977
1.58627
1.58256
1.57863
1.57469
1.57059
1.56577
1.55833
1.54424
1.52672
1.51781
1.51325
1.50917
1.5052
1.5013
1.49738
1.49328
1.48877
1.48379
1.47863
1.47347
1.46777
1.45978
1.44698
1.43497
1.42932
1.42542
1.42169
1.41795
1.41421
1.4107
1.40729
1.4038
1.40007
1.39553
1.38835
1.37575
1.36293
1.3572
1.35362
1.35016
1.34668
1.3433
1.3401
1.33702
1.33397
1.33061
1.32497
1.31396
1.30249
1.29762
1.29447
1.29151
1.28867
1.28594
1.28308
1.27996
1.27628
1.26924
1.25588
1.24409
1.23947
1.23645
1.23354
1.23052
1.22718
1.22336
1.21942
1.21576
1.21208
1.20793
1.20276
1.19658
1.1912
1.18712
1.18359
1.17954
1.17357
1.16444
1.15623
1.15176
1.14854
1.14542
1.1423
1.13925
1.1363
1.13329
1.12976
1.12449
1.11722
1.11249
1.10981
1.1073
1.1047
1.10209
1.09956
1.09703
1.09448
1.0918
1.08872
1.08447
1.07647
1.06303
1.05526
1.0527
1.05061
1.04859
1.04654
1.04437
1.04211
1.03995
1.03838
1.03711
1.03581
1.03444
1.02856
2.49929
2.52076
2.52939
2.53641
2.54791
2.56104
2.58245
2.60807
2.6213
2.6283
2.63238
2.63832
2.64569
2.65967
2.67408
2.67874
2.68003
2.67529
2.66304
2.65799
2.65917
2.6614
2.66885
2.67952
2.6813
2.68019
2.67744
2.67362
2.67288
2.67306
2.67174
2.66635
2.65925
2.65384
2.64864
2.64333
2.63802
2.63231
2.62493
2.61406
2.60328
2.59643
2.59044
2.58582
2.58293
2.57786
2.57122
2.56372
2.55389
2.54066
2.53137
2.52548
2.52059
2.51779
2.51338
2.50666
2.49932
2.49036
2.47756
2.46047
2.44817
2.44059
2.43418
2.42935
2.42452
2.41805
2.41081
2.40285
2.39324
2.38036
2.36711
2.35963
2.3535
2.34757
2.34152
2.33465
2.327
2.31847
2.30815
2.29489
2.28137
2.27263
2.26611
2.26096
2.25588
2.24989
2.24324
2.23391
2.2183
2.20072
2.19108
2.18451
2.17827
2.17249
2.16802
2.16448
2.15938
2.15343
2.14532
2.13102
2.11273
2.10138
2.09416
2.0876
2.08188
2.07771
2.07504
2.07035
2.06439
2.05667
2.04594
2.03119
2.01751
2.00858
2.00137
1.99431
1.98684
1.97941
1.97262
1.96603
1.95872
1.94976
1.93832
1.92615
1.91737
1.91131
1.90611
1.90129
1.89668
1.89282
1.88965
1.88445
1.8771
1.86597
1.84934
1.83465
1.82618
1.81971
1.81399
1.80911
1.80513
1.80173
1.7974
1.79248
1.78623
1.77693
1.7623
1.74786
1.74037
1.73514
1.73003
1.7248
1.71923
1.7131
1.70664
1.70056
1.69451
1.68706
1.67678
1.66611
1.65914
1.65404
1.64921
1.6443
1.63903
1.63307
1.62627
1.61905
1.61135
1.60148
1.59025
1.58351
1.57926
1.57516
1.57097
1.56666
1.56224
1.55766
1.5528
1.54732
1.54005
1.52836
1.5148
1.50756
1.50334
1.4994
1.49534
1.49088
1.48596
1.48107
1.47658
1.47225
1.46761
1.46157
1.45205
1.44093
1.43431
1.43014
1.42631
1.42248
1.41827
1.41278
1.406
1.40063
1.39683
1.39329
1.38943
1.38447
1.37632
1.36491
1.35753
1.35354
1.34992
1.34639
1.34295
1.33946
1.33555
1.33002
1.3207
1.31038
1.30448
1.30078
1.29741
1.2941
1.29099
1.2881
1.28528
1.28222
1.27815
1.27086
1.25966
1.25221
1.24878
1.24567
1.24259
1.23955
1.23649
1.23332
1.23003
1.22653
1.22252
1.21745
1.21004
1.19879
1.18905
1.18437
1.18108
1.17788
1.17445
1.17035
1.16459
1.15628
1.14831
1.14374
1.14042
1.13713
1.13356
1.12963
1.12541
1.12114
1.11695
1.11278
1.10787
1.10119
1.09484
1.09182
1.0895
1.08709
1.08497
1.08314
1.08147
1.07961
1.07724
1.07355
1.06706
1.0564
1.04915
1.04725
1.04583
1.04445
1.04338
1.04281
1.04275
1.04339
1.0445
1.04482
1.04435
1.04513
2.31112
2.38122
2.41736
2.44939
2.48326
2.50675
2.5359
2.56401
2.57743
2.58605
2.59552
2.60652
2.62106
2.63973
2.64909
2.65176
2.65016
2.63945
2.63
2.63297
2.63806
2.64859
2.66281
2.66649
2.66539
2.66204
2.6581
2.6585
2.66045
2.66395
2.66306
2.6573
2.6481
2.6409
2.63536
2.62994
2.62438
2.61847
2.61145
2.6026
2.5957
2.59078
2.58624
2.5836
2.58046
2.57409
2.56604
2.55451
2.53794
2.52578
2.51875
2.51266
2.50879
2.50631
2.50108
2.49502
2.4878
2.47664
2.45948
2.44642
2.43941
2.43297
2.4275
2.42314
2.41751
2.41049
2.40266
2.39356
2.38136
2.36521
2.35382
2.34743
2.3415
2.33638
2.33174
2.32577
2.3192
2.31159
2.30087
2.28566
2.27388
2.26661
2.25954
2.25202
2.24401
2.23569
2.22707
2.21771
2.20587
2.19178
2.18249
2.17623
2.17063
2.16572
2.16031
2.15411
2.14734
2.13947
2.12891
2.11329
2.09852
2.09143
2.08606
2.081
2.07541
2.06914
2.06223
2.05475
2.047
2.03876
2.02893
2.01764
2.00722
1.99843
1.99027
1.98338
1.97755
1.97222
1.96674
1.96061
1.95392
1.94579
1.93418
1.91951
1.90745
1.9
1.89493
1.8906
1.88618
1.88122
1.87521
1.86811
1.85919
1.84566
1.83138
1.82355
1.81821
1.81337
1.80901
1.80462
1.79978
1.79453
1.78888
1.78253
1.77421
1.76114
1.7439
1.7334
1.72821
1.72366
1.71926
1.71534
1.71279
1.71133
1.70796
1.70321
1.69766
1.68996
1.67694
1.65946
1.64838
1.64286
1.63831
1.63408
1.63021
1.6266
1.62291
1.61888
1.61384
1.60558
1.5918
1.58041
1.57523
1.57106
1.56701
1.56327
1.5596
1.55588
1.55209
1.54796
1.54278
1.53407
1.51829
1.50287
1.49691
1.49323
1.48977
1.48682
1.48444
1.48141
1.47792
1.47411
1.46974
1.46381
1.45311
1.43454
1.42057
1.41582
1.41242
1.40935
1.40748
1.407
1.40467
1.40167
1.39872
1.3956
1.392
1.38693
1.37696
1.35982
1.34826
1.34368
1.33991
1.33611
1.33221
1.328
1.32326
1.31801
1.31305
1.30869
1.30344
1.2954
1.28872
1.28506
1.28199
1.27892
1.27572
1.27225
1.26829
1.26364
1.25804
1.24967
1.23834
1.23185
1.22855
1.22553
1.22251
1.21945
1.21626
1.21272
1.20805
1.20035
1.19159
1.18754
1.18484
1.18227
1.17969
1.17694
1.17367
1.16852
1.15882
1.14817
1.14338
1.14047
1.13757
1.13414
1.1292
1.12365
1.11988
1.11688
1.11402
1.11112
1.10778
1.10254
1.09376
1.08779
1.08578
1.08383
1.08229
1.08123
1.08076
1.08064
1.07954
1.07786
1.07484
1.06719
1.05759
1.05572
1.05582
1.05703
1.0603
1.06618
1.07413
1.08598
1.10273
1.11821
1.13197
1.15928
1.81271
1.92771
2.02264
2.11195
2.2187
2.29087
2.34979
2.41806
2.46217
2.4878
2.51737
2.54421
2.57481
2.59795
2.60593
2.60764
2.60141
2.59325
2.59834
2.60727
2.62409
2.64715
2.65469
2.65468
2.64906
2.64091
2.63882
2.63945
2.6436
2.64683
2.64401
2.6366
2.629
2.62534
2.62197
2.61757
2.61217
2.60448
2.59381
2.58701
2.5835
2.58
2.57862
2.58033
2.57605
2.56864
2.55906
2.54368
2.52274
2.51018
2.50335
2.49792
2.49572
2.49466
2.49021
2.48487
2.47816
2.46616
2.44705
2.43302
2.42538
2.41856
2.41261
2.40875
2.40535
2.39923
2.39191
2.38353
2.37177
2.3541
2.34059
2.33401
2.32828
2.32355
2.31939
2.31371
2.30735
2.30025
2.29105
2.27763
2.26579
2.25791
2.25031
2.24238
2.23411
2.22532
2.21513
2.20158
2.1881
2.18034
2.17412
2.16846
2.16359
2.15827
2.15232
2.14614
2.13949
2.13167
2.12063
2.10351
2.08793
2.0806
2.07489
2.06923
2.06299
2.05643
2.04971
2.04269
2.03517
2.02663
2.01603
2.00376
1.99391
1.98741
1.98209
1.97682
1.97119
1.96464
1.9565
1.94706
1.93802
1.93035
1.92355
1.9167
1.90838
1.89758
1.88548
1.8762
1.87005
1.86466
1.85918
1.85299
1.84446
1.83158
1.82027
1.81442
1.80953
1.80544
1.80262
1.79868
1.79365
1.78839
1.78278
1.7764
1.76803
1.75472
1.73683
1.72484
1.71879
1.71372
1.70877
1.70395
1.69924
1.69447
1.68964
1.68461
1.67878
1.66968
1.65463
1.64369
1.63911
1.6352
1.63168
1.62816
1.62426
1.62017
1.61591
1.61124
1.60546
1.59661
1.58189
1.56726
1.56037
1.55599
1.55185
1.54776
1.54367
1.53966
1.53564
1.53141
1.5265
1.5193
1.5077
1.49688
1.49122
1.48695
1.48271
1.47826
1.4738
1.46962
1.46559
1.46144
1.45677
1.45032
1.4383
1.42137
1.41322
1.40979
1.40674
1.40368
1.40027
1.39656
1.39343
1.39042
1.38731
1.38405
1.38036
1.37524
1.36584
1.35138
1.34198
1.33783
1.33433
1.33083
1.32722
1.3234
1.31922
1.31429
1.30739
1.29776
1.29043
1.28669
1.28366
1.28064
1.27769
1.27484
1.27202
1.26917
1.26618
1.26257
1.25644
1.24387
1.23033
1.22494
1.22193
1.21907
1.2162
1.21331
1.21032
1.20696
1.20216
1.19344
1.18294
1.17759
1.17453
1.17178
1.16917
1.16656
1.16391
1.1612
1.15818
1.15284
1.14263
1.13379
1.13031
1.12775
1.12542
1.12351
1.12197
1.1204
1.11839
1.11587
1.11178
1.10392
1.09549
1.09286
1.09162
1.09039
1.08997
1.09098
1.09285
1.09554
1.09996
1.1078
1.11332
1.11661
1.12518
1.13548
1.14932
1.16868
1.18797
1.21214
1.2351
1.261
1.29001
1.31464
1.33663
1.37041
1.43199
1.46893
1.51839
1.57705
1.65424
1.74702
1.83905
1.94819
2.05917
2.14382
2.23607
2.33652
2.39749
2.45488
2.49844
2.51616
2.52225
2.53762
2.55123
2.57037
2.60265
2.6266
2.63324
2.63443
2.6268
2.6213
2.61964
2.62225
2.62648
2.62464
2.61786
2.60963
2.60722
2.60695
2.60725
2.60429
2.59973
2.5911
2.57905
2.5731
2.56988
2.56746
2.56961
2.57196
2.56636
2.55878
2.54784
2.52977
2.50957
2.50028
2.495
2.49198
2.49068
2.48637
2.48053
2.47418
2.46496
2.44871
2.42994
2.41955
2.41231
2.40577
2.40137
2.39901
2.39406
2.38695
2.3788
2.36842
2.35228
2.33543
2.32755
2.32194
2.31695
2.31368
2.30998
2.30418
2.29743
2.28867
2.27536
2.26207
2.25427
2.24751
2.24068
2.23319
2.22479
2.21483
2.20119
2.18418
2.17318
2.16685
2.16098
2.15601
2.15285
2.1492
2.14379
2.1381
2.13199
2.12432
2.11152
2.09138
2.07723
2.07064
2.06479
2.05897
2.05295
2.04674
2.04025
2.03328
2.02538
2.01505
1.99978
1.98388
1.97584
1.97074
1.96566
1.96041
1.95514
1.94982
1.94421
1.93776
1.93005
1.92213
1.91479
1.90775
1.90052
1.89251
1.88263
1.87066
1.85949
1.85126
1.84417
1.83609
1.82531
1.81504
1.80905
1.8041
1.7994
1.79522
1.79159
1.78732
1.78239
1.77707
1.77125
1.76478
1.75696
1.74542
1.72904
1.71672
1.71037
1.70522
1.70012
1.69489
1.68964
1.68461
1.67971
1.67456
1.66816
1.65782
1.64278
1.63317
1.62858
1.6244
1.62036
1.61695
1.61415
1.61028
1.60607
1.6018
1.59697
1.58992
1.57708
1.56053
1.5512
1.54642
1.54219
1.53799
1.53385
1.52983
1.52587
1.52186
1.51743
1.51087
1.49874
1.48661
1.4812
1.47718
1.4733
1.46974
1.46618
1.4626
1.45905
1.45535
1.45115
1.44525
1.4345
1.41758
1.4052
1.39988
1.39593
1.39229
1.389
1.38654
1.38528
1.38366
1.38115
1.37848
1.37545
1.37098
1.36139
1.34501
1.33514
1.33127
1.3279
1.32448
1.32106
1.31762
1.31413
1.31039
1.30563
1.29805
1.28664
1.27764
1.27342
1.27026
1.26724
1.26419
1.26099
1.25768
1.25431
1.2508
1.24697
1.24162
1.23155
1.22108
1.21674
1.21378
1.21076
1.20759
1.20415
1.1999
1.19317
1.18271
1.1747
1.17136
1.16885
1.16646
1.16412
1.16183
1.15942
1.15656
1.15231
1.14492
1.13664
1.13377
1.13233
1.13104
1.13007
1.1295
1.1293
1.12937
1.12862
1.12696
1.12396
1.11784
1.11439
1.11669
1.12391
1.13527
1.14846
1.16542
1.18547
1.2056
1.23215
1.2612
1.28385
1.31173
1.34008
1.35492
1.37837
1.40206
1.42041
1.44563
1.46321
1.47109
1.48134
1.4966
1.50099
1.50398
1.40684
1.40456
1.40269
1.40332
1.40903
1.42183
1.44358
1.4782
1.52902
1.5942
1.67232
1.77174
1.87117
1.97034
2.08325
2.17588
2.24861
2.329
2.40241
2.45503
2.51429
2.55089
2.56365
2.5699
2.57618
2.58142
2.59197
2.60587
2.60932
2.60828
2.59929
2.58931
2.58663
2.58584
2.58746
2.5858
2.5814
2.57347
2.56413
2.55878
2.5557
2.557
2.55674
2.55122
2.54427
2.53451
2.51985
2.50641
2.5
2.49527
2.49342
2.49338
2.48913
2.48293
2.47534
2.46305
2.44176
2.42099
2.41073
2.40346
2.39725
2.39363
2.39382
2.39146
2.38559
2.37874
2.36919
2.35074
2.32977
2.32089
2.31546
2.31053
2.3075
2.30577
2.30109
2.2946
2.28643
2.27306
2.25539
2.24513
2.23859
2.23308
2.22778
2.22124
2.21357
2.20386
2.18889
2.16949
2.1582
2.152
2.1464
2.14281
2.143
2.14245
2.13787
2.13229
2.1263
2.11836
2.10379
2.08056
2.0654
2.0586
2.05267
2.0472
2.04179
2.03596
2.02972
2.02295
2.01517
2.00496
1.98993
1.97203
1.96003
1.95346
1.94793
1.94215
1.93611
1.93081
1.92596
1.92136
1.91748
1.91307
1.90773
1.9016
1.89452
1.88609
1.87509
1.86125
1.84822
1.83877
1.83145
1.82438
1.81606
1.80577
1.79686
1.79054
1.78482
1.77936
1.77444
1.77071
1.76922
1.76692
1.76237
1.75752
1.75167
1.74301
1.72903
1.7137
1.70429
1.69814
1.69254
1.68695
1.68122
1.67544
1.66963
1.66327
1.65471
1.64112
1.62867
1.62393
1.62021
1.61637
1.61273
1.60964
1.60679
1.60317
1.59925
1.59522
1.59079
1.58487
1.57445
1.55789
1.54509
1.5393
1.53503
1.53088
1.52662
1.52202
1.51691
1.5113
1.50522
1.49847
1.4901
1.4804
1.47431
1.47053
1.46697
1.46335
1.45942
1.45514
1.45094
1.44683
1.44248
1.43715
1.42859
1.41346
1.40004
1.39478
1.39122
1.38777
1.3843
1.38077
1.37701
1.37282
1.36827
1.36368
1.35921
1.35462
1.34914
1.34088
1.33099
1.32576
1.32265
1.31961
1.31655
1.31345
1.31014
1.30617
1.30034
1.2901
1.27633
1.26803
1.26409
1.26082
1.25769
1.2548
1.25213
1.24944
1.24648
1.24284
1.23723
1.22736
1.21836
1.21487
1.21222
1.20954
1.20678
1.20373
1.2
1.19399
1.18412
1.17555
1.17173
1.16917
1.16706
1.16556
1.16429
1.16327
1.16219
1.16014
1.15501
1.14743
1.14537
1.14569
1.14698
1.14959
1.15436
1.16059
1.16925
1.18169
1.19701
1.20742
1.21435
1.22574
1.24549
1.26328
1.28337
1.31547
1.34187
1.36615
1.39983
1.4276
1.45147
1.47961
1.51497
1.53788
1.54134
1.54711
1.55681
1.5624
1.57194
1.58556
1.58981
1.58881
1.58753
1.58251
1.57373
1.56044
1.44825
1.43224
1.42339
1.4189
1.41624
1.41557
1.41467
1.41328
1.41396
1.41793
1.42479
1.43578
1.45623
1.48856
1.53825
1.60975
1.69613
1.79786
1.91979
2.02824
2.13524
2.25528
2.32359
2.37877
2.43985
2.47777
2.5163
2.55251
2.57387
2.58062
2.57899
2.57017
2.56813
2.56961
2.5714
2.56845
2.56004
2.54879
2.54138
2.53764
2.53892
2.54147
2.53798
2.53307
2.525
2.50904
2.49281
2.48686
2.48314
2.4818
2.48853
2.49102
2.48361
2.47399
2.46066
2.43968
2.41446
2.39969
2.39163
2.38546
2.38266
2.38604
2.38926
2.38551
2.38034
2.37252
2.35578
2.32951
2.3125
2.30553
2.29984
2.29635
2.29805
2.29763
2.29215
2.28504
2.27537
2.25931
2.2395
2.22926
2.223
2.21777
2.2125
2.20624
2.19912
2.19047
2.17766
2.15885
2.14537
2.13878
2.13309
2.12865
2.12543
2.11986
2.1135
2.10688
2.09973
2.09172
2.08134
2.06626
2.05267
2.04551
2.03954
2.03425
2.02985
2.02469
2.01881
2.01252
2.00558
1.99725
1.98577
1.96934
1.95128
1.93855
1.93031
1.92357
1.91746
1.91185
1.90665
1.90194
1.89803
1.89558
1.89395
1.8904
1.88553
1.87964
1.87034
1.85703
1.84435
1.83339
1.82219
1.80991
1.79952
1.79245
1.78678
1.78124
1.77553
1.76954
1.76305
1.7558
1.74807
1.74124
1.7353
1.72911
1.72274
1.71794
1.71391
1.70951
1.70406
1.69699
1.68832
1.67994
1.67299
1.66686
1.66097
1.65485
1.64764
1.63749
1.62247
1.60785
1.60127
1.59735
1.59359
1.59002
1.58695
1.58482
1.58242
1.57869
1.57454
1.56991
1.56394
1.5552
1.54297
1.53359
1.52851
1.52438
1.5203
1.51598
1.51132
1.50614
1.49967
1.4894
1.47375
1.4631
1.45866
1.45484
1.45107
1.44812
1.44751
1.44802
1.44531
1.44176
1.43803
1.43362
1.42685
1.41372
1.39794
1.39031
1.38635
1.38264
1.37874
1.37447
1.36968
1.36431
1.35884
1.35418
1.35034
1.34498
1.33494
1.32478
1.3205
1.31755
1.31474
1.31248
1.30999
1.30682
1.30357
1.30008
1.29555
1.28783
1.27422
1.26099
1.25491
1.25136
1.24807
1.24459
1.24089
1.23795
1.23561
1.23304
1.22952
1.22316
1.2144
1.20999
1.20756
1.20527
1.20324
1.20095
1.19814
1.19496
1.19088
1.18448
1.17798
1.17572
1.17457
1.17406
1.17433
1.17539
1.17721
1.17953
1.18552
1.19491
1.20765
1.22612
1.24626
1.26982
1.29747
1.32294
1.36122
1.39571
1.41918
1.44558
1.45723
1.4718
1.49514
1.50402
1.51551
1.53724
1.54672
1.5489
1.55785
1.56746
1.58092
1.60453
1.6216
1.62408
1.62391
1.62013
1.61402
1.61202
1.61247
1.61658
1.62318
1.62253
1.61798
1.61225
1.60533
1.5902
1.52982
1.51713
1.50671
1.49563
1.48257
1.46833
1.45322
1.44196
1.43538
1.43018
1.42538
1.41903
1.41338
1.4122
1.41343
1.41995
1.42955
1.44628
1.47518
1.52007
1.57774
1.65953
1.75376
1.85247
1.97921
2.08087
2.17414
2.28231
2.35066
2.40069
2.44639
2.47347
2.49438
2.51336
2.52385
2.52503
2.52079
2.51596
2.5146
2.51602
2.52392
2.52949
2.52672
2.52079
2.50865
2.48953
2.47822
2.47267
2.46767
2.46772
2.47043
2.46334
2.45267
2.44025
2.42361
2.40374
2.3925
2.38612
2.38138
2.38134
2.38919
2.39205
2.38672
2.3795
2.36862
2.35012
2.32374
2.30558
2.29712
2.29029
2.28546
2.28295
2.27808
2.27083
2.26247
2.25204
2.23973
2.23187
2.2262
2.22062
2.21611
2.21116
2.205
2.19808
2.18995
2.17929
2.16299
2.14389
2.13329
2.12684
2.12141
2.11705
2.11136
2.10493
2.09816
2.09064
2.08094
2.06545
2.0474
2.03894
2.03391
2.02912
2.0255
2.0244
2.02451
2.02079
2.01491
2.00867
2.00187
1.99391
1.98321
1.96709
1.94671
1.9296
1.919
1.91148
1.905
1.89894
1.89282
1.88607
1.8784
1.87124
1.86621
1.8622
1.85878
1.85695
1.85513
1.85051
1.84394
1.83337
1.8147
1.7975
1.79017
1.78499
1.77961
1.77401
1.76821
1.76207
1.75532
1.74736
1.73673
1.72289
1.71218
1.70633
1.70181
1.69767
1.69376
1.6901
1.68648
1.68227
1.67802
1.67368
1.66856
1.66224
1.65508
1.64798
1.64104
1.63257
1.61949
1.60171
1.58849
1.58217
1.57785
1.57401
1.57051
1.56762
1.5662
1.56639
1.56497
1.56185
1.55798
1.55243
1.5436
1.53143
1.52279
1.51827
1.5145
1.51065
1.50643
1.50144
1.49464
1.48285
1.46406
1.45127
1.4468
1.44337
1.44001
1.43679
1.43375
1.43069
1.42735
1.42374
1.41996
1.41611
1.41229
1.40812
1.40114
1.39087
1.38296
1.37841
1.37445
1.37036
1.36599
1.3612
1.35531
1.34596
1.33182
1.32375
1.32102
1.3188
1.31675
1.31486
1.31325
1.31189
1.30997
1.30694
1.30352
1.3
1.2958
1.28962
1.27832
1.26155
1.25054
1.24606
1.24273
1.23923
1.23497
1.23006
1.227
1.22535
1.22393
1.22126
1.21571
1.21183
1.21034
1.20954
1.20959
1.21081
1.21288
1.21491
1.21673
1.21855
1.21957
1.22459
1.23446
1.24631
1.26297
1.28308
1.30028
1.32512
1.35368
1.3767
1.40833
1.44603
1.47387
1.50798
1.53777
1.56095
1.59745
1.63105
1.64619
1.65497
1.65601
1.65515
1.65674
1.65361
1.65158
1.65094
1.64883
1.64618
1.64317
1.64012
1.6397
1.64421
1.64616
1.64419
1.63888
1.6295
1.62385
1.62124
1.61861
1.61691
1.62215
1.63158
1.63272
1.62833
1.62369
1.612
1.62229
1.60412
1.58378
1.56925
1.55688
1.54476
1.53194
1.51658
1.49767
1.47817
1.46264
1.45223
1.44512
1.43966
1.43545
1.43233
1.42894
1.42376
1.42108
1.4207
1.42284
1.4263
1.43577
1.45447
1.48982
1.54189
1.6077
1.70195
1.79647
1.89571
2.02379
2.11943
2.19992
2.28675
2.35646
2.42021
2.46025
2.47274
2.48512
2.49691
2.50962
2.51514
2.51385
2.50615
2.48933
2.47151
2.46331
2.45894
2.45669
2.45224
2.4436
2.43262
2.41939
2.40225
2.38413
2.37426
2.36879
2.36515
2.36644
2.37747
2.38614
2.38222
2.37454
2.36389
2.34653
2.31939
2.29692
2.28692
2.27969
2.27511
2.2745
2.27045
2.26332
2.25441
2.24037
2.22051
2.20772
2.20116
2.19529
2.19099
2.18919
2.18739
2.18272
2.17685
2.17015
2.16152
2.14791
2.13045
2.11975
2.11295
2.10749
2.1026
2.09649
2.08967
2.08214
2.07337
2.06167
2.04285
2.02039
2.00902
2.00334
1.99805
1.99323
1.99049
1.99139
1.99066
1.9857
1.9801
1.97427
1.96766
1.95981
1.95097
1.94064
1.92945
1.91812
1.90634
1.89533
1.88665
1.87965
1.87289
1.86519
1.85547
1.84482
1.8375
1.83286
1.82862
1.82418
1.81933
1.81342
1.80417
1.79502
1.78966
1.78452
1.7795
1.77483
1.77032
1.76553
1.76009
1.75367
1.74512
1.73089
1.70972
1.69365
1.68586
1.68035
1.67578
1.67209
1.67021
1.67241
1.67458
1.67191
1.66837
1.66418
1.65927
1.65227
1.64277
1.63404
1.62712
1.6196
1.60853
1.59228
1.57756
1.56953
1.56414
1.55894
1.55272
1.54522
1.53971
1.5364
1.53267
1.52756
1.5222
1.51814
1.51476
1.51168
1.50905
1.50652
1.50324
1.49975
1.49609
1.49159
1.48383
1.46804
1.44768
1.43678
1.43154
1.42688
1.42235
1.41827
1.41474
1.4124
1.41062
1.40772
1.40423
1.39915
1.39047
1.38355
1.3799
1.37656
1.37324
1.36962
1.36578
1.36172
1.35719
1.3514
1.34202
1.3255
1.30612
1.29725
1.29397
1.29123
1.28877
1.28673
1.28527
1.28443
1.28425
1.28419
1.28304
1.28039
1.27722
1.27291
1.26596
1.25596
1.24821
1.24457
1.24197
1.23955
1.23709
1.234
1.2305
1.22911
1.22919
1.23144
1.23767
1.24771
1.26153
1.27882
1.30014
1.32723
1.35115
1.37337
1.40027
1.41948
1.44156
1.47696
1.50303
1.52581
1.55373
1.5653
1.57737
1.58926
1.59978
1.61668
1.63031
1.64401
1.65987
1.6732
1.68939
1.71302
1.72776
1.72997
1.72654
1.71481
1.70598
1.70294
1.70078
1.70139
1.70014
1.69536
1.69023
1.68384
1.67335
1.65722
1.6417
1.6334
1.628
1.62235
1.61864
1.61622
1.614
1.61196
1.61088
1.614
1.62479
1.63689
1.63998
1.63663
1.62606
1.69165
1.68036
1.66753
1.65293
1.63442
1.61301
1.59743
1.58494
1.57245
1.56094
1.55031
1.53978
1.52853
1.51561
1.50009
1.4826
1.46682
1.45476
1.44611
1.43938
1.43333
1.42571
1.41659
1.41174
1.40968
1.40899
1.40958
1.41579
1.4313
1.45851
1.50655
1.57266
1.64851
1.75374
1.86191
1.96006
2.0839
2.18761
2.24948
2.3236
2.3716
2.40168
2.42463
2.42625
2.42094
2.42084
2.42366
2.43174
2.43654
2.43333
2.42708
2.41733
2.40307
2.3882
2.37819
2.37031
2.36345
2.36038
2.36667
2.37246
2.36695
2.35751
2.34568
2.32943
2.30602
2.28459
2.27482
2.26883
2.26797
2.27307
2.27201
2.26575
2.25764
2.24527
2.2256
2.20486
2.19223
2.18351
2.17564
2.16856
2.16224
2.15728
2.153
2.14741
2.14113
2.13406
2.12524
2.11686
2.10991
2.10413
2.09928
2.09367
2.08741
2.08069
2.07321
2.06395
2.04937
2.02403
2
1.99027
1.98413
1.97856
1.97398
1.97104
1.96947
1.96625
1.9612
1.95583
1.95015
1.94467
1.93956
1.93472
1.92979
1.92391
1.91646
1.90625
1.8921
1.87826
1.86821
1.86017
1.85251
1.84451
1.83602
1.82658
1.81456
1.80239
1.79474
1.78898
1.7835
1.77818
1.77337
1.76887
1.76498
1.7632
1.7671
1.77118
1.76801
1.76257
1.75617
1.74704
1.7296
1.7016
1.68174
1.67338
1.66697
1.65999
1.65198
1.64577
1.64214
1.63944
1.63762
1.63681
1.6373
1.63758
1.63598
1.63305
1.62955
1.62552
1.62055
1.61341
1.60191
1.58692
1.57172
1.5599
1.55149
1.54431
1.53669
1.52666
1.51494
1.50911
1.50596
1.50304
1.50049
1.49851
1.49799
1.50216
1.50619
1.50409
1.50061
1.49696
1.49276
1.48649
1.47313
1.44998
1.43297
1.42681
1.42235
1.41761
1.41225
1.40551
1.39614
1.38784
1.3832
1.37945
1.37615
1.37398
1.37302
1.37077
1.36755
1.36425
1.36085
1.3576
1.35439
1.35104
1.34706
1.34077
1.32619
1.30116
1.28661
1.28299
1.28074
1.27867
1.27689
1.2756
1.27468
1.27462
1.27622
1.27895
1.2803
1.27946
1.2787
1.27786
1.27583
1.27557
1.27807
1.284
1.29323
1.30042
1.30376
1.30959
1.32253
1.33834
1.36231
1.39049
1.42215
1.46103
1.49383
1.52506
1.5702
1.60548
1.63342
1.65583
1.66637
1.68185
1.70607
1.73605
1.75083
1.7545
1.75446
1.75028
1.73983
1.72538
1.71585
1.71139
1.70826
1.70783
1.71047
1.71582
1.72615
1.73305
1.73053
1.72579
1.71997
1.71546
1.71241
1.71038
1.71316
1.71579
1.71159
1.707
1.70208
1.69352
1.67774
1.65526
1.63393
1.6204
1.61461
1.61111
1.60776
1.60465
1.60233
1.6012
1.60305
1.61021
1.62255
1.63383
1.63784
1.6323
)
;

boundaryField
{
    inlet
    {
        type            fixedValue;
        value           nonuniform 0();
    }
    outlet
    {
        type            zeroGradient;
    }
    bottom
    {
        type            symmetryPlane;
    }
    top
    {
        type            symmetryPlane;
    }
    obstacle
    {
        type            zeroGradient;
    }
    defaultFaces
    {
        type            empty;
    }
    procBoundary1to0
    {
        type            processor;
        value           nonuniform List<scalar> 8(2.60804 2.60379 2.60331 2.58987 2.57828 2.55145 2.51972 2.45824);
    }
    procBoundary1to2
    {
        type            processor;
        value           nonuniform List<scalar> 8(2.23961 1.71734 1.40661 1.40852 1.46291 1.54573 1.63673 1.70235);
    }
    procBoundary1to3
    {
        type            processor;
        value           nonuniform List<scalar> 
288
(
1.7511
1.73462
1.72137
1.70885
1.69571
1.68216
1.66945
1.65733
1.64416
1.62854
1.6136
1.60211
1.59136
1.57992
1.56788
1.55561
1.54324
1.52995
1.5135
1.49229
1.47243
1.45881
1.44881
1.44023
1.4314
1.42038
1.40845
1.40314
1.40105
1.40033
1.40084
1.40342
1.4082
1.41931
1.44377
1.48213
1.53631
1.61569
1.70166
1.8012
1.91985
2.00657
2.10283
2.19668
2.24732
2.30089
2.35259
2.37662
2.39347
2.40096
2.40176
2.40012
2.39314
2.38372
2.37538
2.36722
2.36223
2.35886
2.35017
2.33918
2.327
2.31256
2.29462
2.27681
2.26686
2.26003
2.25555
2.25638
2.26506
2.2681
2.26274
2.25552
2.24557
2.22941
2.20829
2.19178
2.1797
2.16815
2.15544
2.14121
2.12984
2.12268
2.11653
2.1114
2.10719
2.10274
2.09783
2.09327
2.08995
2.08747
2.08363
2.07828
2.07208
2.06525
2.05768
2.04819
2.03325
2.00909
1.98911
1.98072
1.97386
1.9669
1.95976
1.95223
1.94409
1.93644
1.93072
1.92559
1.92047
1.91558
1.91166
1.90927
1.90545
1.90001
1.89437
1.8883
1.88233
1.87531
1.8662
1.85557
1.84675
1.83972
1.8324
1.82279
1.80667
1.78135
1.76542
1.76042
1.75595
1.75158
1.74756
1.74448
1.7438
1.75078
1.75717
1.75455
1.74968
1.74429
1.73829
1.72934
1.71182
1.68849
1.67584
1.66926
1.663
1.65595
1.64719
1.63517
1.62263
1.61737
1.61422
1.61146
1.60954
1.60889
1.60834
1.60599
1.60299
1.6
1.5971
1.59474
1.59209
1.58702
1.57895
1.56724
1.55529
1.54526
1.53552
1.52346
1.50749
1.49159
1.48402
1.48063
1.4774
1.47438
1.47215
1.47188
1.47542
1.47668
1.47423
1.47122
1.46798
1.46418
1.45901
1.44847
1.43453
1.42697
1.42239
1.41752
1.41135
1.40222
1.38763
1.37147
1.36277
1.3576
1.35337
1.34999
1.34713
1.34486
1.34367
1.34687
1.35473
1.35603
1.35402
1.35158
1.34843
1.34412
1.33473
1.31229
1.29228
1.28689
1.28479
1.28341
1.28298
1.28287
1.28327
1.28625
1.29181
1.29903
1.309
1.32295
1.34004
1.35999
1.3826
1.40971
1.44148
1.47679
1.51649
1.54412
1.56582
1.58336
1.59349
1.60863
1.63094
1.64751
1.66587
1.68307
1.6978
1.71824
1.74707
1.76619
1.77639
1.78206
1.78519
1.78891
1.79569
1.81085
1.82615
1.82796
1.8252
1.81847
1.80712
1.79222
1.77301
1.74882
1.72917
1.72117
1.71809
1.71636
1.71642
1.72037
1.72412
1.72252
1.71886
1.71444
1.71061
1.70821
1.70968
1.71729
1.71951
1.7173
1.71455
1.71005
1.70266
1.68999
1.66665
1.63436
1.61567
1.60978
1.60629
1.60359
1.60144
1.59991
1.60088
1.60868
1.62715
1.64064
1.64308
1.63845
)
;
    }
}


// ************************************************************************* //
