/*--------------------------------*- C++ -*----------------------------------*\
  =========                 |
  \\      /  F ield         | OpenFOAM: The Open Source CFD Toolbox
   \\    /   O peration     | Website:  https://openfoam.org
    \\  /    A nd           | Version:  7
     \\/     M anipulation  |
\*---------------------------------------------------------------------------*/
FoamFile
{
    version     2.0;
    format      ascii;
    class       volScalarField;
    location    "2.8";
    object      T;
}
// * * * * * * * * * * * * * * * * * * * * * * * * * * * * * * * * * * * * * //

dimensions      [0 0 0 1 0 0 0];

internalField   nonuniform List<scalar> 
1008
(
1.39012
1.38231
1.37403
1.36442
1.35417
1.3426
1
1
1.22139
1.4574
1.4743
1.46794
1.45911
1.4479
1.43831
1.43125
1.42594
1.42156
1.41758
1.41397
1.41026
1.40592
1.40066
1.39443
1.38782
1.38058
1.37314
1.3646
1.35536
1.34483
1
1
1.20767
1.45302
1.47975
1.47314
1.46564
1.45584
1.4462
1.43797
1.43035
1.42352
1.41796
1.41326
1.40864
1.40363
1.39805
1.39195
1.38577
1.37923
1.37253
1.36484
1.3563
1.34655
1
1
1.19403
1.44925
1.48093
1.47542
1.46995
1.46311
1.45553
1.44739
1.43835
1.42917
1.42093
1.41408
1.40817
1.40242
1.39645
1.39035
1.38443
1.37832
1.37207
1.36495
1.35696
1.34786
1
1
1.18119
1.44416
1.47942
1.47537
1.47209
1.4683
1.46312
1.45643
1.44782
1.43773
1.42749
1.41831
1.41022
1.40296
1.39622
1.38991
1.3841
1.37817
1.37198
1.36502
1.35722
1.34853
1
1
1.16859
1.43922
1.47729
1.47496
1.47302
1.47085
1.46715
1.46227
1.45542
1.44674
1.43678
1.42633
1.41616
1.4068
1.39847
1.39117
1.38478
1.37858
1.37226
1.36514
1.35716
1.34862
1
1
1.1555
1.43372
1.47577
1.47486
1.47324
1.47148
1.46841
1.46493
1.46017
1.45374
1.44562
1.43605
1.42549
1.41482
1.40483
1.39582
1.3878
1.3804
1.37311
1.36542
1.35746
1.3491
1
1
1.14216
1.42754
1.47521
1.47521
1.47313
1.47162
1.46907
1.46614
1.46235
1.45748
1.45138
1.44377
1.43481
1.42498
1.41482
1.40467
1.39479
1.38525
1.37606
1.36731
1.35889
1.35047
1
1
1.12947
1.42114
1.4752
1.47549
1.47288
1.47163
1.46936
1.46645
1.46279
1.45841
1.45336
1.44771
1.44126
1.43384
1.42537
1.41575
1.40516
1.39401
1.38292
1.37245
1.36277
1.35386
1
1
1.11826
1.41478
1.4755
1.47595
1.47315
1.47192
1.46937
1.46613
1.46225
1.45783
1.45322
1.44876
1.4443
1.43938
1.43328
1.42549
1.41591
1.40494
1.39342
1.38198
1.37099
1.36066
1
1
1.10886
1.40906
1.47614
1.47662
1.47376
1.47219
1.46918
1.4654
1.46117
1.45663
1.45226
1.44828
1.44485
1.44146
1.43728
1.43148
1.42386
1.41462
1.40429
1.39342
1.38243
1.37155
1
1
1.10086
1.40417
1.47687
1.47753
1.4744
1.4724
1.46896
1.46479
1.46021
1.45543
1.45093
1.44707
1.4441
1.44162
1.4386
1.43412
1.42802
1.42063
1.41218
1.4029
1.39307
1.38289
1
1
1.09373
1.3999
1.47757
1.47858
1.47497
1.47257
1.46884
1.46445
1.45962
1.45459
1.4499
1.44618
1.44363
1.44163
1.43889
1.43471
1.42924
1.42281
1.41568
1.40809
1.39998
1.39146
1
1
1.08732
1.39607
1.47817
1.47959
1.47549
1.47268
1.46873
1.46422
1.45928
1.45417
1.44954
1.44606
1.44375
1.44172
1.43872
1.43425
1.42871
1.42252
1.41614
1.40975
1.40329
1.3966
1
1
1.08185
1.39276
1.47862
1.4804
1.47595
1.4727
1.4685
1.46393
1.45904
1.45408
1.44975
1.44662
1.44447
1.44212
1.43839
1.43327
1.42742
1.42131
1.41526
1.40949
1.40427
1.39921
1
1
1.07761
1.39018
1.47887
1.48091
1.47617
1.47255
1.46813
1.46358
1.45885
1.4542
1.45036
1.44767
1.44559
1.44284
1.43838
1.43254
1.42623
1.41997
1.41411
1.40895
1.40459
1.40057
1
1
1.07479
1.38846
1.47894
1.48109
1.47614
1.47224
1.46772
1.46321
1.45866
1.45435
1.45095
1.44863
1.44667
1.44369
1.43873
1.43243
1.42575
1.41922
1.41323
1.40822
1.4044
1.40128
1
1
1.07345
1.38765
1.47895
1.48114
1.47612
1.47211
1.46751
1.46298
1.45851
1.45442
1.45132
1.44931
1.44748
1.44439
1.43913
1.43254
1.42564
1.41892
1.41289
1.40811
1.40467
1.40186
1.33012
1.31723
1.30415
1.29008
1.27563
1.26246
1.25002
1.2354
1.21842
1.20196
1.18729
1.1731
1.1611
1.15221
1.14174
1.12736
1.11335
1.10432
1.09465
1.08334
1.07219
1.06319
1.05362
1.04287
1.03221
1.02345
1.01581
1.00778
0.998068
0.986112
0.974358
0.967924
0.966747
1.33336
1.32138
1.3088
1.29554
1.28241
1.27026
1.25844
1.24457
1.22839
1.21227
1.19911
1.18704
1.17464
1.16268
1.1525
1.14094
1.12652
1.11383
1.10578
1.09703
1.08585
1.0728
1.06283
1.05463
1.04615
1.03728
1.0279
1.01826
1.00837
0.998106
0.987481
0.977722
0.970111
1.33592
1.32457
1.31251
1.30021
1.28801
1.27646
1.26513
1.25206
1.23711
1.22277
1.21023
1.1985
1.18712
1.17463
1.16096
1.14958
1.1387
1.1264
1.11455
1.10558
1.0965
1.08506
1.07286
1.06361
1.05647
1.04907
1.04051
1.02987
1.01728
1.00575
0.996981
0.989446
0.981731
1.33788
1.32695
1.31547
1.30408
1.2926
1.28149
1.27053
1.25807
1.24426
1.23192
1.22075
1.20864
1.19668
1.18486
1.17131
1.15767
1.14709
1.13726
1.12601
1.11365
1.10255
1.09327
1.08374
1.07453
1.06572
1.05754
1.04947
1.03992
1.02782
1.01519
1.00493
0.997247
0.990445
1.33899
1.32861
1.31798
1.30731
1.29621
1.28548
1.27495
1.263
1.25041
1.23912
1.22896
1.21764
1.20466
1.19208
1.18023
1.16784
1.15599
1.14519
1.13479
1.12322
1.11068
1.09941
1.09113
1.08354
1.07528
1.06609
1.05608
1.04589
1.03562
1.02522
1.01547
1.00616
0.996933
1.33952
1.32992
1.32014
1.30994
1.29917
1.28874
1.2785
1.26713
1.25566
1.24497
1.23479
1.22427
1.21175
1.19858
1.18707
1.17658
1.16559
1.15382
1.14158
1.13017
1.11902
1.10822
1.09843
1.08986
1.08179
1.07325
1.0634
1.05206
1.04084
1.03142
1.02293
1.01422
1.00505
1.3403
1.33135
1.32214
1.31221
1.30167
1.29142
1.28131
1.2707
1.25991
1.24969
1.23925
1.22809
1.21624
1.20441
1.1937
1.18337
1.17297
1.16178
1.14919
1.1363
1.12546
1.11587
1.10655
1.09733
1.08767
1.07767
1.06793
1.05796
1.04757
1.03742
1.02773
1.01873
1.01021
1.34198
1.33333
1.3242
1.31446
1.30445
1.29472
1.28476
1.2739
1.26357
1.25342
1.24267
1.2312
1.2194
1.20873
1.19928
1.18946
1.17876
1.16749
1.15547
1.14302
1.13183
1.12186
1.11254
1.10341
1.09381
1.08335
1.07226
1.06161
1.05207
1.04299
1.03374
1.02396
1.01359
1.34527
1.33649
1.32726
1.31754
1.30774
1.29824
1.28843
1.27764
1.26698
1.25677
1.24563
1.23378
1.22266
1.2126
1.20321
1.19395
1.18372
1.17238
1.15993
1.14796
1.13751
1.12766
1.11792
1.10809
1.09818
1.08805
1.07739
1.06665
1.05637
1.04677
1.03767
1.02844
1.01844
1.35093
1.34152
1.33215
1.32261
1.31286
1.30321
1.29316
1.2822
1.2713
1.26055
1.24918
1.23737
1.22657
1.21678
1.20737
1.19791
1.18817
1.17748
1.16536
1.15251
1.14133
1.13211
1.12314
1.11339
1.1027
1.09179
1.08128
1.07122
1.06153
1.05205
1.04225
1.03167
1.02124
1.3608
1.35018
1.33984
1.32985
1.32002
1.31017
1.29978
1.28858
1.27733
1.26603
1.25437
1.24273
1.23236
1.22235
1.2126
1.20277
1.19178
1.18034
1.16942
1.15837
1.14764
1.13705
1.12629
1.11666
1.10751
1.09737
1.08654
1.07618
1.0666
1.05737
1.04789
1.03777
1.02688
1.37244
1.36185
1.35117
1.34032
1.32952
1.3188
1.30787
1.29666
1.28527
1.2738
1.26219
1.2515
1.24156
1.23133
1.2205
1.20947
1.19802
1.18612
1.17493
1.16454
1.15431
1.14383
1.13313
1.1223
1.11145
1.10093
1.09087
1.08139
1.0724
1.06336
1.0536
1.04335
1.03322
1.38253
1.37306
1.36295
1.35224
1.34108
1.3296
1.31793
1.30638
1.29508
1.28384
1.27262
1.26185
1.25124
1.24035
1.22876
1.21661
1.20599
1.19624
1.18629
1.17622
1.16572
1.15445
1.14193
1.12847
1.11659
1.10736
1.09937
1.09141
1.08279
1.07334
1.06316
1.05206
1.04075
1.38946
1.38157
1.37264
1.36257
1.35158
1.34018
1.32883
1.31773
1.30691
1.29603
1.28512
1.27451
1.26308
1.25127
1.23896
1.22629
1.21566
1.20622
1.1962
1.18592
1.17538
1.16419
1.15172
1.13834
1.12602
1.11562
1.10621
1.09697
1.0876
1.07836
1.07004
1.06188
1.052
1.39357
1.38682
1.37862
1.36906
1.35856
1.34777
1.33727
1.32741
1.31812
1.30863
1.29871
1.28819
1.27619
1.26382
1.25068
1.23755
1.22634
1.21669
1.20723
1.19694
1.18639
1.1751
1.16266
1.14924
1.13612
1.12455
1.11429
1.10465
1.09541
1.0864
1.07683
1.06634
1.05586
1.39602
1.38981
1.38161
1.37222
1.36235
1.35245
1.343
1.33437
1.32633
1.31819
1.30964
1.29916
1.28704
1.27445
1.26114
1.24843
1.23724
1.22728
1.21803
1.20744
1.19631
1.18438
1.17155
1.15827
1.14531
1.13316
1.12212
1.11205
1.10233
1.09243
1.08209
1.07147
1.06086
1.39733
1.39097
1.38255
1.37334
1.36391
1.35456
1.34575
1.33789
1.33075
1.3239
1.31587
1.30474
1.29269
1.27997
1.26713
1.25525
1.24407
1.23378
1.22427
1.21341
1.20209
1.19016
1.17762
1.16481
1.15222
1.1401
1.12831
1.11686
1.10581
1.09508
1.08455
1.07422
1.06404
1.39793
1.39126
1.38259
1.3734
1.36409
1.35496
1.34646
1.3389
1.3327
1.32707
1.31791
1.30654
1.29464
1.2824
1.27033
1.25853
1.24705
1.23636
1.22653
1.21554
1.20408
1.19218
1.18008
1.16812
1.15602
1.14333
1.13039
1.11804
1.10648
1.09549
1.08492
1.07473
1.06489
)
;

boundaryField
{
    inlet
    {
        type            fixedValue;
        value           uniform 1;
    }
    outlet
    {
        type            inletOutlet;
        inletValue      nonuniform 0();
        value           nonuniform 0();
    }
    bottom
    {
        type            symmetryPlane;
    }
    top
    {
        type            symmetryPlane;
    }
    obstacle
    {
        type            zeroGradient;
    }
    defaultFaces
    {
        type            empty;
    }
    procBoundary2to0
    {
        type            processor;
        value           nonuniform List<scalar> 
58
(
1.39228
1.38428
1.37527
1.36449
1.35296
1.34002
1
1
1.23114
1.45863
1.4657
1.45954
1.45074
1.44102
1.43333
1.42848
1.42484
1.42158
1.41864
1.41575
1.41237
1.40819
1.40307
1.39689
1.39689
1.32633
1.31225
1.29844
1.28381
1.26798
1.25336
1.23956
1.22399
1.20758
1.19082
1.1732
1.1587
1.14927
1.1394
1.12586
1.11256
1.10309
1.0917
1.07801
1.06836
1.06104
1.05187
1.04005
1.02842
1.01914
1.01106
1.00317
0.994356
0.983831
0.973075
0.969404
0.969637
0.983282
)
;
    }
    procBoundary2to1
    {
        type            processor;
        value           nonuniform List<scalar> 2(0.967679 0.964378);
    }
    procBoundary2to3
    {
        type            processor;
        value           nonuniform List<scalar> 
16
(
0.973431
0.983239
0.987902
0.995487
1.00129
1.0036
1.00794
1.01206
1.01587
1.02372
1.03018
1.04098
1.04527
1.05014
1.05381
1.05526
)
;
    }
}


// ************************************************************************* //
