/*--------------------------------*- C++ -*----------------------------------*\
  =========                 |
  \\      /  F ield         | OpenFOAM: The Open Source CFD Toolbox
   \\    /   O peration     | Website:  https://openfoam.org
    \\  /    A nd           | Version:  7
     \\/     M anipulation  |
\*---------------------------------------------------------------------------*/
FoamFile
{
    version     2.0;
    format      ascii;
    class       volScalarField;
    location    "2.8";
    object      p;
}
// * * * * * * * * * * * * * * * * * * * * * * * * * * * * * * * * * * * * * //

dimensions      [1 -1 -2 0 0 0 0];

internalField   nonuniform List<scalar> 
4608
(
2.13177
2.73814
2.75774
2.76436
2.76984
2.77738
2.78695
2.79684
2.80751
2.81732
2.82706
2.83672
2.84657
2.85581
2.86015
2.86162
2.86364
2.87119
2.88215
2.89212
2.89842
2.89997
2.90123
2.90964
2.92525
2.94259
2.95614
2.96569
2.97421
2.98421
2.99798
3.0088
3.01513
3.02018
3.02529
3.03321
3.04722
3.06468
3.07525
3.07765
3.07731
3.07849
3.0814
3.09038
3.1064
3.11889
3.12654
3.13363
3.13984
3.14582
3.15267
3.16216
3.17851
3.19005
3.19846
3.20932
3.22004
3.22778
3.23142
3.234
3.24241
3.25871
3.27597
3.29126
3.30237
3.3074
3.30677
3.30729
3.31497
3.33332
3.36146
3.39223
3.41617
3.42775
3.43017
3.43053
3.43132
3.43216
3.43396
3.43562
3.43978
3.44726
3.46153
3.48124
3.49886
3.5074
3.50677
3.50229
3.50047
3.50509
3.51482
3.52416
3.52768
3.52533
3.52096
3.51448
2.12648
2.73657
2.75754
2.76404
2.76913
2.77738
2.78719
2.79707
2.8076
2.81734
2.82709
2.83667
2.84637
2.8554
2.85966
2.86143
2.864
2.87167
2.88267
2.89251
2.8985
2.89974
2.90081
2.90948
2.92547
2.94288
2.9562
2.96581
2.97425
2.98403
2.99751
3.00809
3.01459
3.01968
3.02512
3.03324
3.04712
3.06421
3.07434
3.07633
3.07594
3.07716
3.08021
3.08924
3.10522
3.11747
3.12473
3.1315
3.13804
3.14473
3.15238
3.16347
3.18109
3.1935
3.20159
3.2096
3.21749
3.22408
3.2283
3.23311
3.24498
3.26276
3.27989
3.29355
3.30216
3.30535
3.3052
3.30783
3.31778
3.33739
3.36463
3.39304
3.41462
3.42533
3.42868
3.4311
3.43345
3.43479
3.43619
3.4371
3.44059
3.44766
3.46148
3.48047
3.49786
3.50695
3.50762
3.50454
3.50289
3.50639
3.51494
3.52373
3.52772
3.52605
3.52182
3.51537
2.11619
2.73643
2.75685
2.76306
2.76883
2.777
2.78712
2.79701
2.80759
2.81742
2.82723
2.83666
2.84614
2.85491
2.85916
2.86136
2.86443
2.87232
2.88335
2.89297
2.89856
2.89926
2.90019
2.9095
2.92598
2.9433
2.95637
2.96596
2.97432
2.98385
2.99694
3.00711
3.01372
3.01898
3.02489
3.03329
3.04708
3.06376
3.07339
3.07486
3.07428
3.07536
3.07845
3.0876
3.10361
3.11577
3.12277
3.12901
3.13552
3.1426
3.15112
3.16408
3.18343
3.19728
3.2053
3.211
3.21624
3.22079
3.22441
3.2309
3.24675
3.26708
3.2849
3.297
3.30274
3.30345
3.30298
3.30746
3.32052
3.34223
3.36902
3.39481
3.41323
3.42243
3.42661
3.43139
3.43585
3.43799
3.43893
3.43911
3.44197
3.44866
3.46181
3.47962
3.49613
3.50575
3.50811
3.50718
3.50621
3.50825
3.51519
3.52324
3.52777
3.52718
3.52333
3.51691
2.10083
2.73697
2.75581
2.76188
2.76862
2.77677
2.78714
2.79696
2.80756
2.81736
2.82708
2.83626
2.84544
2.85401
2.85867
2.86164
2.86531
2.87327
2.88401
2.89326
2.89829
2.89835
2.89959
2.90991
2.92693
2.94407
2.95689
2.96641
2.97459
2.98371
2.99622
3.00587
3.01253
3.0181
3.02456
3.03331
3.04696
3.06317
3.07228
3.07326
3.07252
3.07322
3.07601
3.08508
3.10105
3.11338
3.12054
3.12691
3.13334
3.14024
3.14937
3.16459
3.18584
3.20074
3.20836
3.2121
3.21553
3.21861
3.2218
3.22987
3.24875
3.27147
3.28997
3.3004
3.30325
3.30201
3.30158
3.30817
3.3243
3.34778
3.3737
3.39631
3.41146
3.41943
3.4252
3.43276
3.43937
3.44198
3.44207
3.44134
3.44382
3.45047
3.46299
3.47934
3.49443
3.50429
3.50887
3.51094
3.51104
3.51132
3.51587
3.52242
3.52741
3.5284
3.52569
3.5199
2.07995
2.73802
2.75484
2.76088
2.76836
2.77677
2.7873
2.79695
2.80749
2.81716
2.82657
2.83525
2.84413
2.85283
2.8584
2.86223
2.86628
2.87415
2.88445
2.89332
2.8977
2.8972
2.89927
2.91067
2.92803
2.94497
2.95761
2.96706
2.975
2.98364
2.99549
3.00456
3.01114
3.01703
3.02394
3.03298
3.04648
3.06232
3.07104
3.07173
3.07103
3.07126
3.07344
3.08198
3.09762
3.11025
3.11807
3.12568
3.1326
3.13908
3.14773
3.16352
3.18594
3.202
3.21001
3.21366
3.21678
3.21911
3.22177
3.23039
3.25046
3.27436
3.29355
3.30341
3.30477
3.30237
3.30194
3.30995
3.32786
3.35237
3.37763
3.39771
3.41043
3.41773
3.42492
3.43489
3.44309
3.44576
3.44491
3.44338
3.44595
3.45299
3.46511
3.47972
3.49307
3.50278
3.50961
3.51482
3.51649
3.51541
3.5169
3.52138
3.52665
3.52952
3.52875
3.52439
2.05335
2.73903
2.75442
2.76014
2.76821
2.77706
2.78762
2.79704
2.80731
2.81667
2.82553
2.83348
2.84238
2.85176
2.85839
2.86287
2.86697
2.87448
2.88415
2.89263
2.8966
2.8959
2.8992
2.91167
2.92924
2.94601
2.95848
2.96785
2.97543
2.98346
2.99462
3.00324
3.00976
3.01586
3.02294
3.03194
3.04519
3.06075
3.06934
3.07023
3.06981
3.06967
3.07125
3.0787
3.09335
3.106
3.11525
3.12526
3.13338
3.13984
3.14764
3.16193
3.18326
3.19971
3.20945
3.21541
3.22003
3.22265
3.2248
3.23249
3.25193
3.27562
3.29517
3.30563
3.30735
3.30457
3.30423
3.31265
3.33075
3.35536
3.38038
3.39947
3.41093
3.41792
3.42622
3.43768
3.4466
3.44892
3.44735
3.44538
3.44844
3.45619
3.46813
3.48109
3.49252
3.50186
3.51052
3.51872
3.52206
3.51979
3.51833
3.52049
3.52573
3.53052
3.53237
3.53013
2.02134
2.73912
2.75409
2.75964
2.76859
2.77792
2.78818
2.79721
2.80692
2.8158
2.82385
2.83102
2.84065
2.85103
2.8584
2.86291
2.86672
2.87377
2.88292
2.89122
2.8951
2.89442
2.89917
2.91266
2.9304
2.947
2.95925
2.96845
2.97562
2.98296
2.99351
3.00198
3.00858
3.01471
3.02156
3.03003
3.04272
3.05791
3.06663
3.06857
3.06875
3.06836
3.06965
3.07539
3.08849
3.10069
3.11212
3.12503
3.13456
3.14142
3.14891
3.16145
3.18046
3.19567
3.20678
3.21629
3.2238
3.22787
3.23011
3.23605
3.25382
3.27655
3.29618
3.30764
3.31042
3.30807
3.30764
3.31527
3.33268
3.35718
3.38262
3.40213
3.41336
3.42006
3.42869
3.44023
3.44906
3.45115
3.44954
3.44766
3.45119
3.45961
3.47143
3.48322
3.49302
3.50194
3.51211
3.52261
3.52716
3.52388
3.52002
3.52014
3.52512
3.53156
3.53629
3.53648
1.98406
2.73806
2.75388
2.75956
2.76942
2.77919
2.78877
2.79724
2.80606
2.81441
2.82165
2.82836
2.83936
2.85044
2.85793
2.8619
2.86528
2.87209
2.88095
2.88929
2.89314
2.89262
2.89906
2.91348
2.93131
2.94776
2.95968
2.96866
2.97526
2.98197
2.99211
3.00078
3.00768
3.01364
3.01998
3.02747
3.03912
3.05357
3.06256
3.06621
3.06746
3.06722
3.06827
3.07216
3.08362
3.09519
3.10889
3.12405
3.13496
3.14278
3.15069
3.16158
3.1786
3.19216
3.20365
3.21653
3.22726
3.23361
3.2364
3.24052
3.25654
3.27817
3.29782
3.31022
3.3142
3.31221
3.31106
3.31741
3.3341
3.35872
3.38514
3.40594
3.41763
3.42407
3.43153
3.44185
3.4502
3.45283
3.45199
3.45068
3.45421
3.46281
3.47432
3.48539
3.49448
3.50347
3.51485
3.52637
3.53111
3.52718
3.52174
3.52052
3.52518
3.53291
3.5402
3.54259
1.94198
2.73611
2.75391
2.75974
2.77036
2.78042
2.78903
2.79694
2.80477
2.81256
2.81922
2.82647
2.83872
2.84969
2.85661
2.8597
2.86287
2.86975
2.87857
2.88695
2.89058
2.89056
2.89889
2.91397
2.93184
2.94816
2.9598
2.96838
2.97431
2.98063
2.9905
2.99958
3.00688
3.0126
3.01832
3.02469
3.03497
3.04836
3.05742
3.06279
3.06534
3.06566
3.06647
3.06901
3.07917
3.09078
3.10605
3.1222
3.13401
3.14311
3.15177
3.16187
3.17781
3.19049
3.20206
3.21677
3.22952
3.23812
3.24189
3.24538
3.26021
3.2811
3.30072
3.31361
3.31811
3.31574
3.31387
3.31961
3.33613
3.36109
3.38864
3.41083
3.42314
3.4288
3.43401
3.44243
3.45044
3.45452
3.45508
3.45451
3.45733
3.46552
3.47646
3.4873
3.49666
3.50655
3.5186
3.52962
3.5336
3.52962
3.52361
3.52175
3.5263
3.53486
3.54391
3.54777
1.89543
2.73371
2.75435
2.75998
2.77112
2.78104
2.7886
2.79615
2.80316
2.8107
2.81689
2.82592
2.83847
2.84836
2.85429
2.85664
2.86007
2.86727
2.87609
2.88427
2.88751
2.88871
2.89883
2.9141
2.93184
2.94805
2.95946
2.96758
2.97295
2.97905
2.98877
2.99825
3.0059
3.01146
3.01664
3.022
3.03091
3.04334
3.0523
3.05847
3.06186
3.063
3.06364
3.06555
3.07542
3.0883
3.10452
3.12039
3.13223
3.14221
3.1516
3.16205
3.17785
3.19081
3.20275
3.21746
3.23074
3.2406
3.24547
3.24974
3.26459
3.28523
3.30475
3.31743
3.32136
3.31828
3.31631
3.32255
3.33971
3.365
3.39312
3.41589
3.42825
3.43287
3.4362
3.44304
3.45113
3.45684
3.45881
3.45851
3.46007
3.46748
3.47802
3.48929
3.49972
3.51077
3.52267
3.53219
3.53509
3.5316
3.52587
3.52403
3.52853
3.53728
3.54706
3.55158
1.84466
2.73128
2.75511
2.76009
2.77141
2.78074
2.78737
2.79452
2.80142
2.809
2.81531
2.82621
2.83801
2.84629
2.85131
2.85341
2.85756
2.86501
2.87359
2.88127
2.88421
2.88764
2.89903
2.91388
2.9313
2.9473
2.95853
2.96638
2.97142
2.97739
2.98693
2.99659
3.00447
3.01001
3.01482
3.01942
3.02737
3.03922
3.04815
3.05415
3.05733
3.0587
3.05927
3.06145
3.07228
3.08752
3.10461
3.11977
3.13113
3.14071
3.15019
3.16171
3.17848
3.19291
3.20568
3.21926
3.23188
3.24158
3.24737
3.25351
3.2693
3.29021
3.30931
3.3208
3.32337
3.31992
3.31891
3.32717
3.34559
3.37066
3.39809
3.42006
3.43159
3.43542
3.43813
3.44463
3.45325
3.46
3.46246
3.46177
3.46233
3.46887
3.47976
3.4918
3.50328
3.5148
3.52586
3.534
3.53617
3.53358
3.5288
3.52719
3.53139
3.53976
3.54951
3.55419
1.7903
2.7287
2.7557
2.75985
2.7711
2.77927
2.78514
2.79204
2.79966
2.80763
2.81484
2.82656
2.83682
2.84378
2.84815
2.85063
2.85553
2.86285
2.87088
2.87809
2.88152
2.8875
2.89951
2.91355
2.93036
2.94604
2.95718
2.96491
2.96981
2.9756
2.98476
2.99429
3.00231
3.008
3.01268
3.01693
3.02446
3.03608
3.04522
3.05057
3.05269
3.05308
3.05317
3.05649
3.06929
3.08764
3.10613
3.12084
3.13143
3.13965
3.14813
3.16053
3.1789
3.19613
3.21024
3.22272
3.23378
3.24228
3.24853
3.25676
3.27392
3.29542
3.31373
3.32332
3.32434
3.32107
3.32274
3.3345
3.3538
3.37756
3.40278
3.42258
3.43268
3.43631
3.44003
3.4478
3.45726
3.46389
3.46548
3.46388
3.46378
3.47034
3.48233
3.49513
3.50679
3.51766
3.52742
3.53468
3.53709
3.53594
3.53249
3.53081
3.53411
3.54159
3.55106
3.55586
1.73387
2.72393
2.75565
2.75944
2.7701
2.77652
2.78222
2.78941
2.79795
2.80651
2.81522
2.82647
2.83479
2.84095
2.84516
2.84838
2.85369
2.8605
2.86796
2.875
2.88014
2.88826
2.90011
2.91323
2.92927
2.94456
2.95562
2.9632
2.96794
2.97335
2.9819
2.99115
2.99928
3.00527
3.01013
3.01454
3.02201
3.03343
3.04296
3.04771
3.04877
3.04736
3.04632
3.05072
3.06576
3.08784
3.10862
3.12354
3.13325
3.13969
3.14642
3.15875
3.17854
3.19913
3.21554
3.22775
3.237
3.24386
3.24985
3.25956
3.27823
3.30044
3.31785
3.3253
3.32463
3.32236
3.32883
3.34413
3.36329
3.3846
3.40635
3.42326
3.43201
3.43627
3.44251
3.45262
3.4624
3.46777
3.46748
3.46473
3.46448
3.47206
3.48574
3.4991
3.50973
3.51885
3.52751
3.53476
3.5384
3.53881
3.53649
3.53423
3.53605
3.54235
3.5517
3.55685
1.67746
2.71387
2.75548
2.75881
2.76765
2.77271
2.77913
2.78711
2.7968
2.80565
2.81595
2.82551
2.83191
2.83774
2.84219
2.84631
2.8516
2.85795
2.86503
2.87248
2.87995
2.88966
2.90067
2.91295
2.92825
2.94316
2.95405
2.9613
2.96566
2.97031
2.97802
2.98708
2.99544
3.00188
3.00714
3.01192
3.01924
3.03047
3.04054
3.04525
3.04576
3.04294
3.04064
3.04484
3.06145
3.08715
3.11091
3.12712
3.13636
3.1411
3.14567
3.15691
3.17755
3.20136
3.22084
3.23385
3.24181
3.24678
3.25189
3.26218
3.28191
3.30501
3.3219
3.32737
3.32475
3.32493
3.33732
3.35471
3.37275
3.39086
3.40856
3.42256
3.43037
3.43626
3.446
3.45837
3.46757
3.47081
3.46857
3.46496
3.46514
3.47426
3.48942
3.50227
3.51097
3.51831
3.52671
3.53501
3.54034
3.54209
3.54038
3.53695
3.53681
3.54203
3.55156
3.5571
1.61961
2.7011
2.75439
2.75678
2.76382
2.76909
2.77663
2.78589
2.79631
2.80545
2.81608
2.82296
2.8283
2.83417
2.83916
2.84412
2.84923
2.85525
2.8624
2.871
2.88051
2.89121
2.90125
2.91284
2.92744
2.94191
2.95242
2.95917
2.9629
2.96625
2.97301
2.98232
2.99134
2.99838
3.00387
3.00856
3.01527
3.02617
3.03698
3.04263
3.04358
3.04052
3.03728
3.04045
3.05747
3.08543
3.11198
3.13025
3.13994
3.14378
3.146
3.15562
3.17638
3.20282
3.22564
3.24045
3.24797
3.25104
3.25484
3.26491
3.28503
3.30924
3.32642
3.33058
3.32618
3.32985
3.34666
3.36477
3.38124
3.396
3.40969
3.42149
3.42906
3.4373
3.45025
3.46378
3.47178
3.47263
3.46895
3.46531
3.46651
3.4767
3.4919
3.50349
3.51019
3.51661
3.52579
3.53565
3.5423
3.54467
3.54294
3.53835
3.5368
3.54122
3.55091
3.5566
1.5603
2.68558
2.75061
2.75311
2.76018
2.76712
2.77564
2.7857
2.79598
2.80533
2.81441
2.81906
2.82432
2.83036
2.83612
2.84192
2.84687
2.85254
2.86032
2.87046
2.88157
2.89275
2.90186
2.91286
2.92678
2.94068
2.95066
2.95672
2.95961
2.96117
2.96721
2.97743
2.98767
2.99543
3.00082
3.00459
3.00979
3.01975
3.03153
3.0394
3.04201
3.03986
3.03603
3.03815
3.05492
3.08391
3.11233
3.13238
3.14301
3.14708
3.14766
3.15538
3.17558
3.2038
3.22979
3.24712
3.25518
3.25685
3.25876
3.26779
3.28761
3.31299
3.33148
3.33549
3.33046
3.33708
3.35558
3.37344
3.38832
3.40025
3.41052
3.42099
3.42892
3.43955
3.45439
3.46767
3.4743
3.47349
3.46932
3.4665
3.46876
3.47855
3.49216
3.50225
3.50771
3.51472
3.52565
3.5369
3.54377
3.54582
3.54357
3.53823
3.53602
3.53986
3.54934
3.55464
1.49974
2.66212
2.74437
2.75078
2.75878
2.76707
2.77628
2.78582
2.79442
2.80368
2.81065
2.81467
2.82039
2.82677
2.83344
2.83973
2.84489
2.85021
2.85889
2.87047
2.88286
2.89411
2.90267
2.913
2.92612
2.9393
2.94868
2.95385
2.9553
2.95543
2.96138
2.97301
2.98477
2.99314
2.99826
3.00042
3.0031
3.0114
3.02427
3.03539
3.04076
3.04017
3.03617
3.03748
3.05383
3.08335
3.113
3.13411
3.14549
3.1503
3.15041
3.15624
3.17551
3.20471
3.23349
3.25368
3.26314
3.26441
3.26419
3.27143
3.29016
3.3163
3.33659
3.34183
3.33778
3.34566
3.3637
3.38054
3.39398
3.40382
3.41167
3.42192
3.43064
3.44255
3.45744
3.46956
3.47506
3.47376
3.47027
3.46859
3.47121
3.47877
3.48943
3.49799
3.50358
3.51329
3.52656
3.53816
3.54388
3.54476
3.54178
3.53663
3.53468
3.53824
3.54686
3.551
1.43736
2.62908
2.74131
2.75108
2.75937
2.76837
2.77604
2.78408
2.79149
2.80088
2.80582
2.81045
2.8168
2.82382
2.83147
2.83786
2.84334
2.84862
2.85839
2.87084
2.8844
2.89523
2.90352
2.91305
2.92523
2.9375
2.94623
2.95048
2.95006
2.94969
2.95614
2.96915
2.98245
2.99127
2.99591
2.99607
2.99591
3.00234
3.01633
3.03077
3.03901
3.04055
3.03699
3.03827
3.05407
3.08359
3.1144
3.13633
3.14829
3.15385
3.15391
3.15801
3.17622
3.20618
3.23736
3.2603
3.27167
3.27343
3.27169
3.27678
3.29356
3.31958
3.34149
3.34904
3.34702
3.35478
3.37105
3.38635
3.39842
3.40698
3.41375
3.4243
3.43375
3.4454
3.45897
3.46958
3.47441
3.47371
3.47189
3.47073
3.47254
3.47701
3.4836
3.49104
3.49866
3.51264
3.52797
3.53854
3.54203
3.54118
3.53783
3.53389
3.53309
3.53633
3.54311
3.54513
1.37339
2.59097
2.74132
2.75074
2.76027
2.76712
2.77399
2.78116
2.78908
2.79709
2.80104
2.80693
2.81389
2.82167
2.82985
2.83625
2.84183
2.84782
2.85874
2.872
2.88636
2.89593
2.90402
2.91269
2.92366
2.935
2.94304
2.94657
2.9449
2.94448
2.95168
2.96554
2.97991
2.9893
2.9931
2.99134
2.98884
2.99414
3.00919
3.0261
3.03663
3.03998
3.03771
3.04004
3.05575
3.08503
3.11669
3.13944
3.15213
3.15837
3.15849
3.16103
3.17839
3.20902
3.24224
3.2675
3.28062
3.28351
3.28111
3.28404
3.29859
3.32358
3.3462
3.35607
3.3564
3.36366
3.37767
3.39113
3.40179
3.40971
3.41681
3.42757
3.43709
3.44763
3.45934
3.46826
3.47288
3.47362
3.47318
3.47171
3.47183
3.47294
3.47569
3.48263
3.494
3.51231
3.52853
3.53716
3.53779
3.53459
3.53132
3.52954
3.53062
3.53368
3.5381
3.53766
1.30985
2.55008
2.74022
2.74888
2.75723
2.76498
2.77185
2.7785
2.78704
2.79254
2.79713
2.8043
2.81161
2.82
2.82808
2.83462
2.8399
2.84805
2.85992
2.87433
2.88801
2.89617
2.90353
2.91116
2.92075
2.93131
2.93937
2.94249
2.94044
2.94046
2.94783
2.96161
2.97635
2.98639
2.9893
2.98615
2.98266
2.98768
3.00338
3.02172
3.03372
3.03826
3.03826
3.04234
3.05837
3.08744
3.11965
3.1434
3.1572
3.16425
3.16437
3.16595
3.18283
3.21426
3.24893
3.27547
3.28975
3.29392
3.29168
3.2929
3.30533
3.32859
3.35083
3.36217
3.36459
3.37169
3.38369
3.39531
3.40458
3.41215
3.4198
3.43042
3.43964
3.44924
3.45926
3.46679
3.4713
3.47279
3.47291
3.47096
3.46899
3.46642
3.4667
3.4744
3.49027
3.51173
3.52761
3.53372
3.5315
3.52613
3.523
3.52337
3.52635
3.5292
3.531
3.52834
1.2487
2.50288
2.73595
2.7464
2.75496
2.76244
2.76916
2.77636
2.78414
2.7886
2.79475
2.80255
2.81004
2.81819
2.82575
2.83247
2.83829
2.84872
2.8617
2.87711
2.88879
2.89579
2.90169
2.90791
2.91609
2.92638
2.93528
2.93862
2.93709
2.93758
2.94433
2.95721
2.97169
2.98181
2.98408
2.98077
2.97762
2.98294
2.99884
3.0174
3.0301
3.03612
3.0391
3.04538
3.06194
3.09065
3.12299
3.14785
3.16319
3.17118
3.17153
3.17308
3.19027
3.22278
3.25816
3.28441
3.29865
3.30352
3.30202
3.30245
3.31325
3.33446
3.35534
3.36701
3.37119
3.37858
3.38915
3.39918
3.40719
3.41411
3.4213
3.43135
3.44054
3.45008
3.45907
3.46569
3.46941
3.47027
3.47036
3.46796
3.46338
3.45769
3.45748
3.46719
3.48668
3.50946
3.524
3.52721
3.5227
3.51597
3.51282
3.51442
3.51888
3.52191
3.52187
3.51829
1.19076
2.44429
2.73204
2.74363
2.75243
2.76004
2.76604
2.7739
2.77999
2.78527
2.79358
2.80126
2.80884
2.81631
2.82356
2.83001
2.8383
2.84956
2.86362
2.87889
2.88883
2.89445
2.89841
2.90294
2.90999
2.92078
2.93089
2.93493
2.93456
2.93527
2.94112
2.95261
2.96617
2.9755
2.97759
2.97547
2.9738
2.97959
2.99516
3.01289
3.02589
3.03411
3.04049
3.04938
3.06683
3.09535
3.12739
3.15285
3.16958
3.17848
3.17935
3.18271
3.20126
3.23503
3.26989
3.29429
3.30704
3.31134
3.3108
3.31167
3.32141
3.34049
3.35926
3.37037
3.37635
3.38444
3.39425
3.40307
3.40993
3.41527
3.42084
3.42985
3.43948
3.45019
3.45918
3.46466
3.46628
3.46568
3.46513
3.4621
3.4552
3.44785
3.44867
3.46071
3.48212
3.50429
3.5171
3.51814
3.51228
3.50527
3.50149
3.50244
3.50696
3.51007
3.50949
3.5068
1.13563
2.36961
2.72717
2.74004
2.74844
2.7564
2.76334
2.77048
2.77563
2.78301
2.79235
2.80037
2.80773
2.81474
2.82221
2.82925
2.8393
2.85059
2.86508
2.87898
2.88786
2.89212
2.89402
2.89688
2.90379
2.91544
2.92619
2.93106
2.93186
2.93288
2.93791
2.94777
2.96001
2.96812
2.97044
2.9704
2.97102
2.97715
2.99191
3.00833
3.02183
3.0329
3.04261
3.0544
3.07329
3.1021
3.13385
3.15934
3.17634
3.18544
3.18767
3.19433
3.21587
3.25051
3.28342
3.30472
3.31467
3.31725
3.31743
3.31971
3.32899
3.34584
3.36191
3.37221
3.38029
3.38934
3.39882
3.40634
3.41159
3.4149
3.41822
3.42583
3.43681
3.44937
3.45886
3.46317
3.46202
3.45932
3.45751
3.45354
3.44532
3.43786
3.44003
3.45376
3.47531
3.49541
3.50616
3.50599
3.49989
3.49303
3.48782
3.48643
3.48952
3.49314
3.49427
3.4947
1.08512
2.2766
2.71683
2.7374
2.74507
2.75346
2.76055
2.76664
2.77247
2.78174
2.79068
2.79939
2.8069
2.81418
2.82172
2.8307
2.84067
2.85162
2.86546
2.8774
2.88546
2.88865
2.88935
2.89111
2.89867
2.91076
2.92106
2.92645
2.92845
2.92986
2.9342
2.94246
2.9532
2.96019
2.96345
2.96596
2.96881
2.97513
2.98884
3.0043
3.01916
3.03305
3.04574
3.06052
3.08132
3.111
3.14297
3.16833
3.18402
3.19168
3.19608
3.20748
3.23289
3.26774
3.29787
3.3151
3.32113
3.32171
3.32271
3.32668
3.33566
3.34978
3.36281
3.37286
3.38337
3.3937
3.40309
3.40904
3.41217
3.41266
3.41314
3.41986
3.43289
3.44734
3.45697
3.45949
3.45566
3.4508
3.44793
3.44339
3.43498
3.42801
3.43087
3.445
3.46535
3.48283
3.49166
3.49142
3.48647
3.48005
3.47256
3.46697
3.46669
3.47017
3.47413
3.47848
1.03939
2.16746
2.7067
2.73631
2.74165
2.7509
2.75705
2.7636
2.77123
2.78001
2.7896
2.7985
2.80651
2.81426
2.82273
2.83264
2.84177
2.85236
2.86402
2.87438
2.88175
2.88477
2.88495
2.88669
2.89487
2.90628
2.91553
2.92122
2.9242
2.92612
2.92968
2.9365
2.94566
2.95198
2.95734
2.96233
2.96684
2.97305
2.98566
3.00144
3.01877
3.03549
3.05093
3.0685
3.09105
3.12167
3.1543
3.1797
3.19382
3.19914
3.20565
3.22152
3.25
3.28461
3.31218
3.32506
3.32638
3.32531
3.32775
3.33325
3.34146
3.35192
3.362
3.37281
3.3858
3.3978
3.40705
3.411
3.41175
3.40903
3.40686
3.41348
3.42819
3.44365
3.45244
3.45268
3.44657
3.44032
3.43724
3.4329
3.42472
3.41769
3.42031
3.43356
3.45183
3.46665
3.47372
3.47361
3.46978
3.46308
3.45274
3.44246
3.43853
3.44208
3.4496
3.45813
1.00434
2.05105
2.70445
2.73329
2.73697
2.74728
2.75465
2.76255
2.77045
2.77911
2.78887
2.79808
2.80666
2.81484
2.8244
2.8336
2.84194
2.85186
2.86105
2.8703
2.87723
2.88078
2.88124
2.88408
2.89195
2.90145
2.90995
2.91605
2.9195
2.92183
2.92447
2.92981
2.93721
2.94414
2.9523
2.95932
2.96486
2.97116
2.98329
3.001
3.02169
3.04157
3.05947
3.07907
3.10263
3.13354
3.1667
3.19196
3.20472
3.20881
3.21709
3.23625
3.26552
3.29889
3.3242
3.33377
3.33054
3.32852
3.33311
3.33961
3.34625
3.35253
3.3604
3.37281
3.38794
3.40171
3.41071
3.41273
3.41053
3.40363
3.39979
3.40721
3.42313
3.43836
3.44534
3.44285
3.43468
3.42837
3.42584
3.4222
3.41392
3.40591
3.40762
3.41902
3.4349
3.44752
3.45308
3.45277
3.44958
3.44262
3.43002
3.41544
3.40702
3.40833
3.41714
3.42733
1.00004
1.92176
2.69573
2.73021
2.73501
2.746
2.75401
2.76258
2.7699
2.77876
2.78851
2.79812
2.80657
2.81581
2.82563
2.8335
2.84179
2.8491
2.85702
2.86549
2.87248
2.8767
2.87857
2.88294
2.88902
2.89607
2.90448
2.91131
2.91503
2.9173
2.91917
2.92247
2.92851
2.93773
2.94844
2.95671
2.96269
2.9692
2.98227
3.00375
3.02905
3.05213
3.07184
3.09227
3.11609
3.14647
3.17917
3.20413
3.21629
3.22005
3.23095
3.25148
3.2787
3.30931
3.33234
3.3397
3.33386
3.33234
3.33838
3.34456
3.34879
3.35181
3.35897
3.37325
3.38992
3.40505
3.41415
3.41399
3.40762
3.39619
3.39233
3.4011
3.41735
3.43123
3.43593
3.43084
3.42142
3.41616
3.41386
3.41055
3.40139
3.39185
3.39264
3.40191
3.41548
3.42621
3.43008
3.42822
3.42348
3.41433
3.39893
3.38114
3.36937
3.36845
3.37734
3.3885
1
1.79164
2.67741
2.72996
2.73512
2.74622
2.7549
2.76205
2.76933
2.77776
2.78739
2.79686
2.80569
2.81581
2.82533
2.83322
2.84023
2.84522
2.85206
2.8601
2.86749
2.87259
2.87733
2.88203
2.88509
2.89046
2.89912
2.90639
2.91092
2.91275
2.91365
2.91454
2.92093
2.93335
2.94574
2.95425
2.96009
2.96722
2.98301
3.00978
3.03995
3.06618
3.08742
3.10786
3.13095
3.15991
3.1916
3.21636
3.22841
3.23314
3.24713
3.266
3.2895
3.3162
3.33672
3.34279
3.33733
3.3376
3.34286
3.34653
3.34802
3.3498
3.3582
3.37446
3.39217
3.40786
3.41648
3.41415
3.40249
3.38712
3.38455
3.39457
3.41046
3.42234
3.42448
3.41742
3.4084
3.40421
3.40102
3.39646
3.38523
3.37457
3.37519
3.38256
3.39429
3.40312
3.40471
3.40038
3.39212
3.38022
3.3635
3.34446
3.32903
3.32169
3.32423
3.32954
1
1.66729
2.64579
2.7296
2.73633
2.74668
2.7545
2.7612
2.76793
2.77599
2.7852
2.79412
2.80365
2.81385
2.82296
2.83189
2.8374
2.84133
2.84698
2.85445
2.86227
2.86962
2.87675
2.88008
2.8803
2.88516
2.89359
2.90082
2.90625
2.90766
2.907
2.90704
2.91591
2.93107
2.94397
2.95193
2.95733
2.96632
2.9868
3.01901
3.05365
3.08264
3.10488
3.12477
3.1467
3.17387
3.20392
3.22794
3.24159
3.2488
3.26318
3.27909
3.29834
3.32026
3.33815
3.34395
3.34187
3.34338
3.34541
3.34475
3.34353
3.3464
3.35766
3.37577
3.39421
3.40949
3.41692
3.41165
3.39403
3.37644
3.37581
3.38677
3.4015
3.41141
3.41161
3.40367
3.39633
3.39245
3.38748
3.37947
3.36495
3.35441
3.35613
3.36243
3.37215
3.37826
3.37647
3.3682
3.35466
3.33802
3.3178
3.29478
3.27354
3.25954
3.25535
3.25717
1
1.54825
2.60743
2.72936
2.7372
2.74707
2.75379
2.76013
2.76693
2.77453
2.78296
2.79172
2.80081
2.80966
2.81949
2.82946
2.83452
2.83758
2.84216
2.84919
2.8579
2.86797
2.87549
2.87667
2.87525
2.87991
2.88713
2.89445
2.9004
2.90138
2.89931
2.90195
2.91383
2.93018
2.94298
2.95032
2.9566
2.96982
2.99581
3.03189
3.06958
3.10068
3.12352
3.14231
3.16222
3.18686
3.21527
3.24006
3.25669
3.26746
3.27878
3.29048
3.30454
3.3212
3.33688
3.34445
3.34784
3.34965
3.34661
3.34063
3.33803
3.34291
3.35671
3.37625
3.39546
3.40976
3.41476
3.40544
3.38223
3.36479
3.36555
3.37692
3.39024
3.39822
3.39742
3.39011
3.38475
3.38029
3.37238
3.35909
3.34091
3.33129
3.33442
3.34132
3.34911
3.35126
3.34573
3.33157
3.31207
3.29076
3.26737
3.24095
3.21301
3.18642
3.16418
3.14499
1
1.42965
2.56177
2.72794
2.73809
2.74709
2.7539
2.75999
2.76641
2.7738
2.78194
2.79013
2.79716
2.80496
2.81576
2.82575
2.83192
2.8349
2.83821
2.84461
2.85472
2.86611
2.87243
2.87201
2.87053
2.87405
2.88016
2.88762
2.89337
2.89395
2.8932
2.90005
2.91403
2.92986
2.94263
2.95074
2.96067
2.98006
3.01019
3.04837
3.08785
3.1203
3.14278
3.15948
3.17684
3.19845
3.22454
3.25103
3.27211
3.28571
3.29347
3.29962
3.30752
3.31942
3.33434
3.34665
3.35419
3.35375
3.34482
3.33606
3.33472
3.34062
3.35574
3.37586
3.39548
3.40812
3.40927
3.39564
3.3686
3.35313
3.35451
3.36591
3.37735
3.38269
3.38093
3.3762
3.37308
3.36788
3.35619
3.33667
3.3156
3.30703
3.31172
3.31984
3.32587
3.32257
3.31079
3.28989
3.2654
3.23898
3.20851
3.17101
3.12437
3.07285
3.02856
2.99296
1
1.3091
2.51146
2.73429
2.73961
2.74573
2.75185
2.75827
2.76505
2.77333
2.7817
2.78813
2.79318
2.80104
2.81215
2.82237
2.82945
2.83275
2.83508
2.84125
2.85226
2.86345
2.86833
2.86779
2.86605
2.86722
2.87209
2.87979
2.88571
2.88729
2.8907
2.90038
2.91411
2.92984
2.94368
2.95568
2.97235
2.99722
3.03016
3.06918
3.10782
3.13984
3.16199
3.17624
3.18904
3.20751
3.23331
3.26228
3.28731
3.3017
3.30565
3.30507
3.30701
3.31637
3.33269
3.34893
3.35774
3.35358
3.34062
3.33327
3.33368
3.34019
3.35554
3.37545
3.39431
3.40465
3.40072
3.38166
3.35494
3.34224
3.34331
3.35408
3.3632
3.3659
3.36369
3.36222
3.36079
3.35464
3.3372
3.31183
3.28912
3.28046
3.28741
3.29851
3.3037
3.29426
3.27173
3.24303
3.21539
3.18617
3.15051
3.10345
3.04157
2.96826
2.89891
2.87599
1
1.0974
2.24584
2.72682
2.73659
2.73995
2.74838
2.75502
2.76358
2.7725
2.7793
2.78314
2.78871
2.79653
2.80566
2.81474
2.82174
2.82556
2.82787
2.83239
2.83963
2.84682
2.85094
2.85194
2.85105
2.85086
2.85447
2.86309
2.87403
2.88478
2.89499
2.90606
2.92131
2.94267
2.9683
2.99524
3.02272
3.04945
3.07864
3.11289
3.14994
3.18183
3.20365
3.21682
3.22621
3.23871
3.25928
3.28516
3.30698
3.31797
3.31823
3.31153
3.30967
3.31557
3.32807
3.34131
3.34881
3.34422
3.33512
3.33268
3.33495
3.34043
3.34959
3.36084
3.37034
3.37417
3.36878
3.3513
3.33463
3.32347
3.3179
3.31908
3.31948
3.31968
3.32041
3.32106
3.31691
3.30459
3.27952
3.25475
3.23532
3.2247
3.22791
3.23339
3.22805
3.20448
3.16889
3.13106
3.09515
3.05187
2.99587
2.91245
2.79964
2.62711
2.39244
1.82068
1
1.00145
1.62138
2.62181
2.72989
2.73135
2.73808
2.7453
2.75281
2.75951
2.76583
2.77142
2.77611
2.78074
2.78661
2.79366
2.80094
2.80712
2.81058
2.81249
2.81536
2.81932
2.82362
2.82735
2.83016
2.83206
2.83613
2.84704
2.86622
2.88956
2.91279
2.93519
2.95956
2.99025
3.02786
3.06756
3.1034
3.133
3.15678
3.18138
3.20954
3.23894
3.26216
3.27628
3.28259
3.28631
3.29168
3.301
3.312
3.31933
3.31933
3.31577
3.31356
3.31349
3.31494
3.31848
3.32539
3.33011
3.33135
3.33064
3.32638
3.32017
3.31576
3.31349
3.31276
3.31232
3.31213
3.30905
3.30193
3.28888
3.27344
3.2596
3.2497
3.24608
3.24566
3.24154
3.2286
3.20679
3.18187
3.16494
3.15321
3.14277
3.1361
3.12121
3.09012
3.0466
3.00068
2.954
2.90278
2.83779
2.75306
2.64362
2.49937
2.32066
2.04721
1.68475
1
1
1.11609
2.24827
2.70809
2.71976
2.72683
2.73662
2.74503
2.75177
2.75579
2.75825
2.76158
2.7662
2.77257
2.77987
2.78625
2.78927
2.78842
2.78782
2.79133
2.7974
2.80555
2.81469
2.82306
2.83179
2.84387
2.86435
2.89127
2.92432
2.96192
3.00201
3.04276
3.0849
3.12846
3.16965
3.20209
3.22208
3.23014
3.23779
3.25215
3.27343
3.29229
3.30461
3.30852
3.30579
3.30087
3.29705
3.29775
3.30247
3.30624
3.30774
3.30351
3.29773
3.29366
3.29238
3.29624
3.30233
3.30551
3.30351
3.29545
3.2846
3.27291
3.26142
3.25455
3.25382
3.25706
3.25902
3.2534
3.2391
3.22126
3.2043
3.19049
3.18082
3.17325
3.16167
3.14348
3.12037
3.0978
3.08028
3.06705
3.05475
3.04026
3.01413
2.97375
2.92479
2.87325
2.81863
2.75722
2.68388
2.59622
2.49305
2.36552
2.21848
2.02688
1.81528
1
1
1.00169
1.54484
2.56998
2.70465
2.70972
2.71926
2.72955
2.73651
2.74049
2.7412
2.74289
2.74944
2.75646
2.76345
2.76825
2.76969
2.76863
2.76945
2.77597
2.78596
2.79908
2.8175
2.83946
2.86162
2.88765
2.92267
2.96862
3.02059
3.07247
3.11828
3.15612
3.18757
3.2158
3.24165
3.26078
3.26896
3.2679
3.26831
3.27278
3.28109
3.29158
3.29984
3.30268
3.29833
3.29046
3.28247
3.27943
3.28075
3.28428
3.28744
3.28612
3.28177
3.2757
3.27024
3.26743
3.26604
3.26476
3.26136
3.25393
3.24284
3.23262
3.22357
3.21616
3.21336
3.21259
3.2081
3.19779
3.18343
3.16814
3.15317
3.13857
3.1246
3.11172
3.09888
3.08354
3.06336
3.03948
3.01479
2.99133
2.9684
2.94401
2.9155
2.88188
2.84111
2.79314
2.73582
2.67043
2.59684
2.5137
2.42703
2.32231
2.20843
2.08413
1.97739
1
1
1
1.03596
2.03651
2.68363
2.70382
2.70382
2.71143
2.71804
2.72364
2.72627
2.72785
2.73136
2.73564
2.73969
2.74345
2.74766
2.75304
2.76071
2.77365
2.79373
2.81777
2.84849
2.8902
2.94302
3.00046
3.05582
3.10621
3.15075
3.18877
3.21785
3.23855
3.25262
3.26337
3.27084
3.2751
3.27517
3.27493
3.27631
3.27845
3.28093
3.28372
3.2839
3.28073
3.27533
3.27062
3.26608
3.26202
3.25963
3.25916
3.26095
3.26297
3.26278
3.25873
3.25096
3.24151
3.23291
3.22659
3.22125
3.21489
3.20624
3.19831
3.19182
3.1855
3.18012
3.17267
3.16029
3.14543
3.131
3.11756
3.10386
3.08899
3.07375
3.0597
3.04809
3.03824
3.02312
2.99737
2.96455
2.93033
2.89698
2.86495
2.83466
2.80673
2.77725
2.7407
2.69086
2.62886
2.56142
2.48501
2.40854
2.32515
2.24258
2.17063
2.10244
1
1
1
1.00025
1.27038
2.38618
2.68749
2.6894
2.69635
2.70583
2.71163
2.7145
2.71477
2.71399
2.71569
2.72099
2.72907
2.7384
2.75349
2.77368
2.80051
2.84016
2.89571
2.96071
3.02748
3.08951
3.14163
3.18065
3.20817
3.22934
3.24694
3.264
3.27555
3.2817
3.28211
3.27635
3.26916
3.26682
3.26957
3.27414
3.27684
3.27617
3.27137
3.26232
3.25322
3.24968
3.24859
3.24785
3.24523
3.24102
3.23816
3.23818
3.23969
3.23901
3.23365
3.22407
3.21384
3.20519
3.19838
3.19212
3.18383
3.17373
3.16459
3.15804
3.15271
3.14625
3.13512
3.11916
3.1022
3.08696
3.07382
3.06131
3.04741
3.03219
3.01741
3.00475
2.99454
2.98175
2.9583
2.92477
2.88785
2.85109
2.8159
2.78371
2.75605
2.73073
2.70154
2.66143
2.6074
2.5492
2.48312
2.41883
2.3541
2.29481
2.23797
2.17684
1
1
1
1
1.00802
1.58288
2.55739
2.68194
2.68541
2.69292
2.6954
2.69523
2.69485
2.6971
2.7027
2.71451
2.73418
2.75827
2.79197
2.84296
2.90972
2.98442
3.05771
3.12188
3.17197
3.20725
3.22911
3.2406
3.24879
3.25915
3.26751
3.27512
3.28004
3.28154
3.2781
3.26858
3.26067
3.25914
3.26165
3.26558
3.26677
3.26337
3.2553
3.24421
3.23485
3.23014
3.22832
3.22747
3.22613
3.22353
3.22096
3.21975
3.21726
3.21072
3.20118
3.19127
3.18409
3.17945
3.17634
3.17083
3.15946
3.14566
3.13379
3.12564
3.12064
3.11475
3.10335
3.0869
3.06919
3.05297
3.0395
3.02907
3.01893
3.0051
2.98781
2.96968
2.9524
2.93561
2.91662
2.89059
2.85872
2.8245
2.79031
2.75802
2.7285
2.70219
2.67425
2.6409
2.59579
2.54583
2.49112
2.43872
2.38602
2.33469
2.28353
2.23245
1
1
1
1
1.00002
1.03717
1.87065
2.62011
2.66963
2.66909
2.66926
2.67367
2.68258
2.69658
2.7171
2.74578
2.79113
2.85875
2.93906
3.02004
3.09289
3.15345
3.19877
3.23016
3.2487
3.25682
3.25875
3.2612
3.26459
3.26664
3.26919
3.2705
3.27013
3.2672
3.26236
3.25796
3.25465
3.25328
3.25358
3.25187
3.24753
3.24198
3.23626
3.23105
3.22595
3.22006
3.21405
3.20954
3.20682
3.2053
3.20454
3.2022
3.19451
3.18295
3.17096
3.16198
3.15712
3.15646
3.15656
3.14986
3.13568
3.11967
3.10619
3.09682
3.09244
3.08836
3.07724
3.06039
3.04231
3.02569
3.01203
3.00291
2.99685
2.98474
2.96365
2.93982
2.91652
2.89493
2.87586
2.85748
2.83566
2.80785
2.77662
2.74505
2.71357
2.68454
2.65569
2.62663
2.59101
2.55043
2.50588
2.46005
2.41357
2.36749
2.32276
2.28143
0.796919
0.482931
0.3277
0.236466
0.193069
0.16381
0.127996
0.105731
0.105619
0.101322
0.0922563
0.0892614
0.0920599
0.103455
0.11626
0.120368
0.125016
0.135411
0.156293
0.172445
0.186519
0.211981
0.245072
0.273367
0.302472
0.336033
0.370651
0.407868
0.447995
0.497641
0.543657
0.581454
0.615732
0.64822
0.678425
0.713299
0.741631
0.775637
0.814448
0.857461
0.903329
0.951479
1.00254
1.0461
1.07694
1.11657
1.15446
1.19787
1.23189
1.24615
1.26629
1.28811
1.30232
1.31786
1.33383
1.34806
1.36254
1.36974
1.37081
1.36375
1.35231
1.34977
1.35458
1.35952
1.36504
1.3679
1.37444
1.38539
1.40082
1.42459
1.45348
1.46932
1.47953
1.48952
1.49685
1.5054
1.51924
1.53471
1.55414
1.57812
1.60071
1.61823
1.63512
1.65364
1.66395
1.6695
1.67536
1.67996
1.67859
1.67113
1.67343
1.67873
1.68304
1.69379
1.72095
1.74018
1.21828
0.996135
0.840676
0.695602
0.621634
0.579287
0.51831
0.456152
0.445611
0.436065
0.407221
0.373019
0.368907
0.371778
0.3605
0.345995
0.339502
0.341
0.346088
0.346636
0.344835
0.345026
0.347473
0.345168
0.345236
0.350951
0.357793
0.363941
0.372705
0.380267
0.388212
0.398342
0.411992
0.431334
0.450647
0.47373
0.49977
0.520905
0.541982
0.5679
0.598186
0.62847
0.665649
0.713964
0.753093
0.78321
0.816937
0.86019
0.908503
0.940819
0.97713
1.02579
1.06508
1.10004
1.13494
1.16861
1.20703
1.2459
1.27715
1.29594
1.30905
1.31871
1.3237
1.33223
1.34766
1.36079
1.37656
1.39692
1.41823
1.44094
1.46613
1.48876
1.5039
1.51361
1.52113
1.52828
1.53709
1.5463
1.55763
1.5716
1.58487
1.59669
1.611
1.62926
1.64174
1.64914
1.65663
1.66271
1.66429
1.65749
1.65629
1.66277
1.66826
1.67578
1.69309
1.71709
1.58982
1.41052
1.30153
1.17976
1.06922
1.00308
0.926805
0.867571
0.841454
0.808008
0.753834
0.714861
0.693618
0.662996
0.618494
0.595912
0.587634
0.576216
0.561518
0.540127
0.527238
0.515867
0.500576
0.482151
0.475005
0.474075
0.471861
0.464945
0.4583
0.452859
0.44492
0.437785
0.437515
0.443862
0.45316
0.459216
0.46694
0.47925
0.492534
0.501384
0.512578
0.528723
0.544245
0.55865
0.574919
0.592681
0.609974
0.628639
0.658623
0.697276
0.735853
0.780003
0.827771
0.868095
0.906912
0.948155
1.00237
1.06191
1.1122
1.1631
1.20341
1.23593
1.26282
1.29032
1.32052
1.34941
1.36755
1.39347
1.4205
1.44429
1.46867
1.49168
1.51234
1.52921
1.54257
1.55149
1.55644
1.56137
1.56701
1.57489
1.58359
1.59195
1.60381
1.61687
1.62479
1.63104
1.63649
1.64353
1.65088
1.6549
1.65511
1.659
1.66651
1.67287
1.67977
1.69124
1.84949
1.71953
1.62041
1.50826
1.42028
1.35094
1.26928
1.21727
1.1787
1.12564
1.08144
1.03855
0.98311
0.922484
0.89288
0.875915
0.849299
0.817204
0.799455
0.778813
0.750212
0.716822
0.696071
0.6901
0.686172
0.676648
0.661616
0.650779
0.638699
0.622463
0.602983
0.585307
0.582065
0.58233
0.57418
0.568388
0.565099
0.558177
0.552532
0.552741
0.553503
0.555167
0.556258
0.554896
0.551139
0.551315
0.553539
0.556826
0.562743
0.569587
0.575111
0.581812
0.592044
0.604734
0.62333
0.649581
0.683042
0.723859
0.766222
0.814529
0.865866
0.918962
0.978199
1.03398
1.09179
1.15887
1.20245
1.24427
1.29495
1.3303
1.36462
1.40136
1.43016
1.45871
1.48233
1.49601
1.50702
1.52288
1.53665
1.55131
1.56844
1.58602
1.59756
1.60494
1.61118
1.61826
1.6267
1.64046
1.65299
1.6615
1.66757
1.6671
1.66401
1.66828
1.67327
1.679
2.01113
1.92023
1.83522
1.74437
1.6727
1.59868
1.53836
1.4894
1.43119
1.38459
1.34105
1.28026
1.22039
1.18678
1.14873
1.10735
1.08042
1.05492
1.02182
0.977137
0.943957
0.931197
0.914889
0.892649
0.877184
0.868085
0.853766
0.833936
0.801956
0.772356
0.761924
0.752027
0.735471
0.726531
0.721099
0.710768
0.70184
0.691927
0.68056
0.675074
0.669835
0.66195
0.653165
0.64089
0.627627
0.624475
0.625087
0.626167
0.626537
0.62526
0.621982
0.621681
0.624849
0.63023
0.631016
0.630399
0.628859
0.623015
0.620154
0.622946
0.630345
0.644343
0.666003
0.693291
0.721492
0.75652
0.795209
0.834792
0.888082
0.945511
1.00372
1.07325
1.13335
1.19504
1.25483
1.29809
1.34265
1.38814
1.43169
1.46904
1.50932
1.54087
1.55403
1.56347
1.57561
1.58535
1.59589
1.61246
1.63195
1.64282
1.65014
1.6541
1.65344
1.65103
1.65414
1.6597
2.11107
2.04843
1.98631
1.91891
1.84813
1.783
1.735
1.68318
1.61869
1.57207
1.52929
1.48383
1.44191
1.39531
1.35473
1.32355
1.28879
1.24387
1.20222
1.17736
1.14996
1.11931
1.09784
1.08429
1.06594
1.03922
1.00915
0.987875
0.967711
0.945971
0.920533
0.910443
0.899998
0.882301
0.873501
0.862634
0.847902
0.840912
0.833137
0.819643
0.809998
0.802182
0.790026
0.772706
0.762051
0.754528
0.747079
0.74201
0.736767
0.729964
0.724017
0.720396
0.716671
0.711848
0.705096
0.693755
0.676901
0.668928
0.667965
0.668463
0.671666
0.676178
0.678801
0.678059
0.673497
0.667579
0.668035
0.67139
0.680065
0.695508
0.712012
0.730278
0.75223
0.779045
0.813298
0.854834
0.909225
0.971337
1.04063
1.11666
1.18219
1.25057
1.31016
1.3482
1.39626
1.43737
1.46881
1.50952
1.55326
1.57904
1.59918
1.61355
1.62172
1.62518
1.62847
1.63619
2.18547
2.14626
2.10089
2.04219
1.98151
1.92655
1.87609
1.8211
1.76227
1.71565
1.68268
1.65733
1.6181
1.56878
1.53216
1.49763
1.45633
1.42024
1.38246
1.34262
1.31537
1.29651
1.27378
1.24231
1.20558
1.1838
1.16236
1.13567
1.11608
1.10423
1.08746
1.06188
1.04516
1.02912
1.00857
0.998774
0.988815
0.971355
0.959109
0.951415
0.940233
0.928653
0.916844
0.902242
0.888205
0.875493
0.862763
0.853811
0.848581
0.843941
0.83953
0.834637
0.828194
0.818529
0.800422
0.776312
0.767218
0.765408
0.767006
0.768198
0.765525
0.761753
0.755498
0.741671
0.723913
0.718587
0.717829
0.720603
0.724987
0.726641
0.726841
0.726547
0.721602
0.71177
0.710143
0.712432
0.720522
0.734679
0.748532
0.765052
0.785187
0.81098
0.844994
0.887237
0.94008
1.00589
1.06986
1.13606
1.21334
1.27122
1.32696
1.39657
1.4476
1.48865
1.53709
1.57397
2.24831
2.22395
2.18641
2.13505
2.08281
2.03244
1.98118
1.927
1.87685
1.83845
1.81323
1.79296
1.75616
1.7118
1.67408
1.64246
1.60806
1.56601
1.51881
1.48675
1.46708
1.44355
1.41298
1.37958
1.34348
1.3135
1.29513
1.28419
1.27093
1.24932
1.22526
1.2028
1.18113
1.163
1.14316
1.12127
1.10828
1.09553
1.0825
1.07193
1.06247
1.05297
1.04188
1.02743
1.00885
0.988785
0.973204
0.964646
0.959536
0.954887
0.949409
0.942602
0.933062
0.916388
0.892151
0.88078
0.877647
0.876677
0.875411
0.871894
0.86687
0.859418
0.845482
0.823353
0.812202
0.809211
0.808243
0.808948
0.807517
0.804224
0.799719
0.793406
0.784444
0.768663
0.75457
0.75161
0.750445
0.748187
0.747224
0.7471
0.747889
0.750218
0.754295
0.7588
0.763067
0.768878
0.774557
0.78456
0.803838
0.832136
0.870356
0.924803
0.991304
1.05582
1.12818
1.20018
)
;

boundaryField
{
    inlet
    {
        type            fixedValue;
        value           uniform 1;
    }
    outlet
    {
        type            zeroGradient;
    }
    bottom
    {
        type            symmetryPlane;
    }
    top
    {
        type            symmetryPlane;
    }
    obstacle
    {
        type            zeroGradient;
    }
    defaultFaces
    {
        type            empty;
    }
    procBoundary0to1
    {
        type            processor;
        value           nonuniform List<scalar> 8(1.74064 1.7267 1.70961 1.68905 1.66782 1.64578 1.59271 1.25565);
    }
    procBoundary0to2
    {
        type            processor;
        value           nonuniform List<scalar> 
192
(
1
1
1
1
1
1.00025
1.08736
2.09537
2.63398
2.64643
2.64631
2.66181
2.6871
2.72205
2.78221
2.86667
2.9629
3.05449
3.12865
3.18267
3.22124
3.24811
3.26675
3.27513
3.27505
3.27027
3.26807
3.26812
3.2696
3.2698
3.26672
3.25996
3.25363
3.25
3.24834
3.2485
3.24931
3.24768
3.24212
3.23425
3.22669
3.22217
3.2206
3.22097
3.21874
3.2113
3.2013
3.19345
3.18906
3.1879
3.18751
3.18232
3.17152
3.15826
3.14718
3.13942
3.13579
3.13708
3.1366
3.12718
3.11188
3.09607
3.08289
3.07347
3.06986
3.06795
3.05664
3.0385
3.01962
3.00267
2.98895
2.98052
2.97664
2.96471
2.94105
2.91483
2.88945
2.86574
2.84521
2.82929
2.81547
2.79554
2.76762
2.73658
2.70425
2.67342
2.64389
2.6178
2.59151
2.562
2.52613
2.48575
2.44379
2.40204
2.36212
2.32627
2.29881
2.27977
2.24949
2.20559
2.15917
2.11166
2.06257
2.0149
1.97435
1.94305
1.92353
1.90102
1.86561
1.82764
1.79317
1.75989
1.72244
1.67724
1.63457
1.60713
1.58868
1.56901
1.54114
1.50444
1.46701
1.44632
1.43404
1.41669
1.39541
1.37367
1.34904
1.32415
1.30471
1.28722
1.26572
1.23834
1.21744
1.20586
1.1985
1.19159
1.181
1.169
1.1553
1.13801
1.11676
1.09413
1.07578
1.06509
1.05839
1.0525
1.04542
1.03619
1.0224
1.00076
0.986633
0.982042
0.979116
0.976078
0.97164
0.965813
0.957824
0.943969
0.920084
0.904763
0.900476
0.897923
0.89689
0.896143
0.894223
0.890965
0.886785
0.881517
0.874954
0.865349
0.84707
0.81969
0.805076
0.800065
0.797365
0.798297
0.801214
0.801542
0.80074
0.798693
0.795621
0.789196
0.774038
0.762464
0.761223
0.761394
0.765166
0.77521
0.787245
0.798399
0.812497
0.827601
)
;
    }
}


// ************************************************************************* //
