/*--------------------------------*- C++ -*----------------------------------*\
  =========                 |
  \\      /  F ield         | OpenFOAM: The Open Source CFD Toolbox
   \\    /   O peration     | Website:  https://openfoam.org
    \\  /    A nd           | Version:  7
     \\/     M anipulation  |
\*---------------------------------------------------------------------------*/
FoamFile
{
    version     2.0;
    format      ascii;
    class       volScalarField;
    location    "3.1";
    object      T;
}
// * * * * * * * * * * * * * * * * * * * * * * * * * * * * * * * * * * * * * //

dimensions      [0 0 0 1 0 0 0];

internalField   nonuniform List<scalar> 
4608
(
3.02059
3.01691
3.0113
3.00635
2.99862
2.98682
2.97932
2.97013
2.96004
2.94866
2.93565
2.93189
2.92969
2.92389
2.91747
2.91015
2.89536
2.88257
2.875
2.86879
2.86505
2.85845
2.85164
2.84829
2.8426
2.83375
2.82002
2.80412
2.79937
2.79721
2.79329
2.78841
2.78483
2.77947
2.76889
2.75677
2.74512
2.73861
2.73525
2.72973
2.72423
2.72103
2.71751
2.71258
2.70372
2.68724
2.68493
2.69283
2.72027
2.80115
2.94111
3.12854
3.3973
3.61723
3.76298
3.94052
3.99918
4.02683
4.04009
4.03768
4.02203
3.99498
3.96242
3.93539
3.91313
3.89023
3.86872
3.8525
3.83902
3.82658
3.81403
3.80247
3.79139
3.77951
3.76736
3.75526
3.74225
3.72844
3.71451
3.70007
3.68497
3.66945
3.65392
3.63812
3.62149
3.6055
3.59186
3.57891
3.56554
3.55223
3.53875
3.52397
3.50967
3.49875
3.48851
3.47773
3.46643
3.45441
3.44097
3.42771
3.41589
3.404
3.39186
3.38058
3.36952
3.35686
3.34186
3.32979
3.31996
3.30827
3.29657
3.28766
3.28
3.26993
3.25932
3.25021
3.24187
3.23338
3.22578
3.22116
3.21475
3.20279
3.19072
3.1786
3.16782
3.15852
3.15261
3.14591
3.13669
3.13036
3.123
3.11386
3.10674
3.10092
3.09689
3.09505
3.09356
3.09175
3.0891
3.08823
3.08858
3.09089
3.09103
3.09079
3.09078
3.09326
3.09241
3.08875
3.08608
3.08696
3.08598
3.08294
3.08044
3.07919
3.07771
3.07449
3.06802
3.06165
3.0567
3.05389
3.05161
3.04518
3.03645
3.03078
3.02788
3.02574
3.02329
3.01833
3.01206
3.00627
3.0009
2.9949
2.99008
2.98684
2.98321
2.9832
2.98497
2.98475
2.98733
2.99527
3.01298
3.04226
3.07146
3.10652
3.15507
3.20789
3.2641
3.30918
3.34707
3.39083
3.44729
3.48089
3.50019
3.52445
3.55641
3.57696
3.5859
3.60351
3.62107
3.62855
3.63721
3.65452
3.66725
3.67298
3.6801
3.68463
3.69019
3.69036
3.68815
3.68451
3.68009
3.67522
3.67181
3.66868
3.6648
3.66031
3.65505
3.65072
3.64697
3.6437
3.64036
3.63774
3.63543
3.63292
3.63042
3.62854
3.62751
3.62623
3.62571
3.62582
3.62574
3.62496
3.62321
3.62094
3.61885
3.61819
3.61763
3.61732
3.61717
3.61695
3.616
3.61387
3.61111
3.60917
3.60823
3.60753
3.6071
3.60628
3.60521
3.60286
3.60047
3.59828
3.59654
3.59589
3.59501
3.59449
3.59318
3.59078
3.58748
3.58516
3.5841
3.58313
3.58213
3.58096
3.57974
3.57788
3.57436
3.5705
3.56754
3.56599
3.56549
3.5645
3.56356
3.56313
3.56198
3.55976
3.5559
3.55174
3.55121
3.55097
3.55052
3.55002
3.54886
3.54746
3.54503
3.54136
3.53839
3.53641
3.0435
3.03532
3.02405
3.02117
3.01932
3.01237
3.00219
2.98782
2.97067
2.96444
2.96112
2.9566
2.95247
2.94581
2.93629
2.92812
2.91701
2.90662
2.89593
2.88676
2.88484
2.88362
2.8786
2.87143
2.86331
2.84913
2.83466
2.82992
2.82645
2.82299
2.81888
2.81242
2.8074
2.80126
2.79073
2.77894
2.76659
2.75965
2.75786
2.75706
2.75442
2.74995
2.74488
2.74786
2.76309
2.81975
2.9573
3.13949
3.38848
3.67231
3.82282
3.97906
4.08214
4.09385
4.10199
4.09382
4.09164
4.07892
4.0511
4.012
3.97452
3.94526
3.92725
3.91365
3.90256
3.88979
3.87569
3.85745
3.83941
3.82711
3.81721
3.80832
3.79684
3.78424
3.76918
3.75095
3.73175
3.71416
3.69897
3.68501
3.67069
3.65537
3.63911
3.62168
3.60352
3.58911
3.57685
3.56426
3.55117
3.53755
3.52288
3.50682
3.49144
3.47805
3.46491
3.45165
3.43817
3.42367
3.4079
3.39304
3.37904
3.3647
3.35138
3.33936
3.32688
3.31316
3.29837
3.28598
3.27417
3.26145
3.24936
3.2388
3.22804
3.21623
3.2038
3.19111
3.17884
3.16779
3.15791
3.14696
3.13454
3.12324
3.11185
3.09895
3.0885
3.08057
3.06986
3.05807
3.04925
3.04026
3.03122
3.0239
3.01681
3.00966
3.00316
2.99609
2.98835
2.97934
2.97005
2.96231
2.95726
2.94859
2.9364
2.92625
2.91742
2.91041
2.90936
2.90702
2.90017
2.89411
2.88793
2.8821
2.87545
2.87302
2.87452
2.87876
2.87981
2.87921
2.87797
2.87832
2.87942
2.87796
2.87433
2.8718
2.87155
2.87273
2.87268
2.87154
2.86829
2.86763
2.86626
2.8605
2.85352
2.84905
2.84378
2.8398
2.83928
2.83758
2.83241
2.82658
2.82584
2.82565
2.82251
2.82101
2.82393
2.83399
2.85091
2.87074
2.89505
2.9244
2.96328
3.01588
3.06059
3.09599
3.14593
3.20625
3.23971
3.27168
3.32136
3.34986
3.3676
3.39557
3.42663
3.43809
3.44652
3.46428
3.48063
3.48929
3.49571
3.50922
3.52332
3.52988
3.53701
3.54447
3.55048
3.55054
3.54861
3.54514
3.5417
3.5384
3.53566
3.53193
3.52742
3.52375
3.52017
3.51575
3.51299
3.51082
3.50806
3.50539
3.50403
3.50224
3.4994
3.49677
3.49581
3.49498
3.49411
3.49432
3.49503
3.49519
3.49454
3.49438
3.49381
3.49284
3.49178
3.49208
3.49248
3.49203
3.49122
3.48992
3.48916
3.48772
3.48647
3.48531
3.48526
3.4847
3.48325
3.4809
3.47914
3.47788
3.47691
3.47614
3.4751
3.47418
3.47303
3.47176
3.4694
3.46681
3.46445
3.4632
3.46209
3.46061
3.45924
3.45828
3.458
3.4569
3.45479
3.45199
3.44989
3.45007
3.44981
3.44959
3.44955
3.44908
3.4476
3.44419
3.44036
3.43762
3.04582
3.04355
3.04103
3.03643
3.03196
3.02596
3.01114
2.99511
2.98671
2.98162
2.9757
2.96615
2.9628
2.96118
2.95531
2.94493
2.92899
2.91288
2.90893
2.90701
2.90347
2.89897
2.89424
2.8859
2.87504
2.86332
2.85472
2.84934
2.84151
2.83672
2.83571
2.83272
2.82614
2.81652
2.80095
2.78904
2.78586
2.78494
2.78475
2.78928
2.80904
2.85282
2.9705
3.16588
3.37379
3.6626
3.883
4.00295
4.14576
4.19174
4.18704
4.16568
4.14153
4.12018
4.1082
4.08627
4.05685
4.02521
3.98838
3.95673
3.94019
3.92882
3.92097
3.90973
3.89787
3.88269
3.86286
3.84728
3.83551
3.82374
3.81101
3.79592
3.77988
3.76185
3.74069
3.72095
3.70524
3.69041
3.6758
3.66097
3.64518
3.62755
3.60854
3.5931
3.58022
3.56753
3.55413
3.53983
3.52444
3.50752
3.49111
3.47766
3.46468
3.45094
3.43666
3.42219
3.4072
3.39095
3.3748
3.36179
3.34945
3.3365
3.32307
3.30941
3.29511
3.27994
3.26526
3.25277
3.24044
3.22762
3.21455
3.20118
3.18646
3.17129
3.15815
3.14539
3.13175
3.11925
3.10765
3.09527
3.08147
3.06659
3.055
3.04453
3.03391
3.02323
3.01181
2.99947
2.98819
2.97745
2.96582
2.95562
2.94719
2.93871
2.92862
2.91701
2.90614
2.89551
2.88414
2.87477
2.86724
2.85984
2.85029
2.84146
2.83278
2.82189
2.81289
2.80566
2.7999
2.79541
2.79037
2.7853
2.78119
2.77497
2.76455
2.75314
2.74356
2.7362
2.73074
2.72755
2.72331
2.71862
2.71237
2.70193
2.69199
2.68394
2.67923
2.67924
2.68127
2.68349
2.68338
2.67797
2.66941
2.66847
2.66843
2.66768
2.66727
2.6667
2.6661
2.6656
2.66502
2.6639
2.6613
2.65443
2.64715
2.64347
2.64196
2.64205
2.64227
2.64373
2.64688
2.65281
2.66489
2.67957
2.69397
2.71754
2.75431
2.78943
2.82894
2.88204
2.92649
2.96611
3.02408
3.07173
3.10061
3.13478
3.18677
3.21372
3.23051
3.25725
3.28977
3.30437
3.3113
3.32945
3.34599
3.35294
3.35874
3.3715
3.38411
3.39037
3.39783
3.4062
3.41197
3.4149
3.41719
3.41635
3.41447
3.41262
3.41
3.40645
3.40297
3.40001
3.39608
3.39055
3.38759
3.38578
3.38375
3.38024
3.37766
3.37508
3.37323
3.37205
3.37147
3.37013
3.36999
3.37016
3.37032
3.37031
3.37049
3.3708
3.37077
3.37081
3.37108
3.37141
3.37127
3.37097
3.37011
3.36936
3.36866
3.36804
3.36828
3.36799
3.36767
3.36639
3.36492
3.36405
3.36256
3.36152
3.35994
3.35886
3.35745
3.3554
3.3538
3.35188
3.35164
3.35095
3.34978
3.34803
3.34576
3.34565
3.34511
3.34533
3.34547
3.34571
3.34532
3.34342
3.34028
3.33698
3.05617
3.05387
3.04968
3.04196
3.03498
3.03006
3.02053
3.00697
2.99109
2.98151
2.97938
2.97803
2.97463
2.96924
2.96308
2.95
2.93039
2.92448
2.92163
2.9177
2.91227
2.90625
2.90309
2.89798
2.8886
2.8751
2.85941
2.85473
2.85369
2.85202
2.84754
2.84255
2.83631
2.82257
2.81482
2.81649
2.83257
2.88044
2.976
3.18635
3.42615
3.64809
3.92535
4.06656
4.14893
4.23615
4.26253
4.25999
4.23407
4.1885
4.15034
4.12315
4.09978
4.07809
4.05348
4.02754
3.99623
3.96513
3.94835
3.9356
3.92642
3.91884
3.90643
3.89111
3.87191
3.8515
3.83583
3.82177
3.80808
3.79289
3.77608
3.75784
3.73698
3.7148
3.6977
3.68302
3.66856
3.6535
3.63776
3.62089
3.60198
3.58383
3.56932
3.55569
3.54187
3.5275
3.5126
3.49651
3.479
3.46287
3.44874
3.43504
3.42134
3.40738
3.39279
3.37663
3.36022
3.34576
3.3316
3.31792
3.30493
3.29157
3.27758
3.26229
3.2459
3.23277
3.22034
3.20674
3.19302
3.18037
3.16745
3.15367
3.13827
3.12413
3.11311
3.10187
3.08952
3.07655
3.0638
3.05069
3.03748
3.02407
3.01241
3.00233
2.99184
2.98048
2.96844
2.95541
2.9419
2.92941
2.91749
2.90525
2.89511
2.88586
2.87568
2.86447
2.85213
2.83889
2.82729
2.8173
2.8072
2.79762
2.78943
2.7817
2.7731
2.76284
2.75016
2.73772
2.72903
2.72167
2.71351
2.70525
2.69835
2.69149
2.68312
2.67203
2.65972
2.65093
2.64446
2.63683
2.62818
2.62166
2.61674
2.61306
2.60658
2.59857
2.59031
2.58082
2.57314
2.56766
2.5638
2.56123
2.55925
2.55554
2.54917
2.54042
2.52841
2.52017
2.51512
2.51122
2.50887
2.50908
2.50952
2.50714
2.49921
2.48935
2.48144
2.47792
2.47688
2.47536
2.47308
2.47275
2.47278
2.47085
2.46906
2.46678
2.46486
2.4661
2.46962
2.47739
2.49068
2.50703
2.52938
2.56264
2.60366
2.63914
2.68019
2.73701
2.78691
2.82758
2.88516
2.93817
2.96789
3.00177
3.05694
3.08479
3.10099
3.13065
3.1648
3.17694
3.18876
3.20778
3.2207
3.226
3.23545
3.24798
3.25834
3.26503
3.27002
3.2769
3.28205
3.28809
3.29418
3.29661
3.29608
3.29518
3.29301
3.2891
3.28469
3.28072
3.27662
3.2734
3.27125
3.2694
3.2668
3.2639
3.26119
3.25867
3.25837
3.25816
3.25738
3.25581
3.25616
3.25616
3.25579
3.25504
3.25517
3.25569
3.25617
3.25654
3.25747
3.25835
3.25828
3.25767
3.25672
3.25686
3.25669
3.25666
3.2561
3.25563
3.25487
3.25343
3.25213
3.25027
3.24989
3.24924
3.2483
3.24577
3.24307
3.24259
3.24207
3.24253
3.24261
3.2431
3.24298
3.24225
3.24026
3.23736
3.05172
3.0474
3.04756
3.04699
3.0414
3.03249
3.01871
2.99763
2.98807
2.98739
2.98631
2.98349
2.97937
2.97137
2.96185
2.95063
2.939
2.93148
2.92263
2.9179
2.91704
2.91563
2.91061
2.90308
2.89097
2.87232
2.86546
2.86443
2.86201
2.8595
2.85648
2.85947
2.86889
2.90418
2.99675
3.15319
3.44103
3.70283
3.91554
4.15811
4.24307
4.26805
4.2923
4.29149
4.2949
4.27647
4.23611
4.18634
4.13583
4.10257
4.07969
4.06217
4.04283
4.02003
3.99356
3.96466
3.94526
3.93091
3.91946
3.91251
3.89964
3.88337
3.86488
3.84215
3.82094
3.80413
3.78853
3.77338
3.75676
3.73918
3.71999
3.69784
3.67735
3.66131
3.64651
3.63195
3.61651
3.60052
3.58322
3.5637
3.546
3.53146
3.51739
3.50295
3.488
3.47248
3.45597
3.43812
3.42206
3.40853
3.39495
3.3807
3.36638
3.35177
3.33616
3.31897
3.3037
3.29074
3.27792
3.26443
3.25039
3.2362
3.22139
3.20605
3.19085
3.17815
3.16651
3.15437
3.14155
3.12799
3.11383
3.09963
3.08614
3.07298
3.06165
3.05113
3.0399
3.02795
3.01505
3.00063
2.98649
2.97429
2.96214
2.9506
2.94074
2.93074
2.91985
2.90798
2.89464
2.88062
2.8682
2.85672
2.84525
2.83583
2.82709
2.81754
2.80706
2.79522
2.78207
2.76998
2.75963
2.7491
2.73966
2.73155
2.7232
2.714
2.70351
2.69058
2.67642
2.66581
2.65697
2.64758
2.63893
2.63185
2.62479
2.61708
2.60804
2.59623
2.58348
2.57418
2.56622
2.55894
2.55255
2.54703
2.5415
2.53497
2.52686
2.51553
2.50229
2.49389
2.48908
2.48395
2.47762
2.47263
2.46806
2.46249
2.45569
2.44629
2.43478
2.42712
2.42316
2.41999
2.41582
2.4109
2.40843
2.40787
2.40566
2.39924
2.3888
2.37803
2.372
2.36777
2.36369
2.36091
2.36098
2.36093
2.35683
2.3487
2.33858
2.3303
2.32553
2.32142
2.31983
2.32008
2.32154
2.32527
2.32701
2.33036
2.34024
2.35599
2.37762
2.41057
2.45014
2.48611
2.53111
2.59395
2.64373
2.68565
2.74548
2.79443
2.82935
2.88186
2.92934
2.94832
2.97194
3.01599
3.04028
3.05141
3.07221
3.09221
3.10102
3.11093
3.12523
3.137
3.14368
3.14818
3.15572
3.16349
3.16905
3.17369
3.17877
3.18075
3.18087
3.18074
3.17987
3.17796
3.17583
3.17327
3.17093
3.16907
3.16647
3.16257
3.15959
3.15754
3.15631
3.15419
3.15276
3.15183
3.15083
3.14936
3.14874
3.14941
3.14964
3.14953
3.14878
3.14907
3.14917
3.14946
3.14969
3.15034
3.15137
3.15122
3.15141
3.15104
3.1511
3.15107
3.15042
3.14765
3.1443
3.14335
3.14319
3.14317
3.14276
3.14316
3.1434
3.14328
3.14219
3.14022
3.04884
3.048
3.04541
3.04263
3.03639
3.01991
3.00546
2.9972
2.99221
2.98788
2.98097
2.97883
2.97856
2.97432
2.96405
2.94713
2.93037
2.92625
2.92437
2.92293
2.92012
2.91726
2.91192
2.89865
2.88395
2.87927
2.87744
2.8796
2.89256
2.92886
3.03192
3.20646
3.41689
3.72707
3.95724
4.12188
4.30679
4.37211
4.36697
4.34625
4.32025
4.29501
4.27571
4.24453
4.20617
4.16548
4.11741
4.0747
4.04987
4.03203
4.01814
4.00026
3.98141
3.96069
3.93483
3.91412
3.89857
3.88554
3.8743
3.85725
3.83961
3.82016
3.79632
3.77309
3.75512
3.73861
3.72258
3.70554
3.68785
3.66912
3.64798
3.62782
3.61173
3.5967
3.58165
3.56578
3.54956
3.53247
3.51365
3.49636
3.48154
3.46695
3.4522
3.43722
3.42169
3.40471
3.38706
3.371
3.3563
3.34268
3.32919
3.31532
3.30086
3.28516
3.26856
3.25293
3.23804
3.22449
3.21196
3.19909
3.18565
3.17133
3.15556
3.14009
3.12612
3.11236
3.10013
3.0889
3.07717
3.06468
3.05091
3.0357
3.02161
3.00906
2.99648
2.9856
2.97573
2.96527
2.95397
2.94155
2.92739
2.91311
2.90076
2.88877
2.87833
2.86964
2.86067
2.85077
2.84007
2.82832
2.81524
2.80238
2.79023
2.77948
2.77104
2.76331
2.75477
2.74535
2.73493
2.72298
2.71036
2.69915
2.68895
2.68072
2.67346
2.66597
2.65789
2.64865
2.6374
2.62396
2.61158
2.60211
2.59351
2.58569
2.57905
2.57257
2.56571
2.55781
2.54751
2.53405
2.52216
2.51407
2.50651
2.49893
2.49255
2.4865
2.48017
2.4726
2.46186
2.44786
2.43703
2.43029
2.42387
2.41794
2.41299
2.40828
2.40333
2.39728
2.3883
2.37586
2.36572
2.35912
2.35382
2.34925
2.34537
2.34249
2.33834
2.33336
2.32716
2.31763
2.30661
2.30041
2.29562
2.29165
2.28873
2.28654
2.28216
2.2784
2.2761
2.27304
2.26714
2.25825
2.25131
2.24735
2.24347
2.23981
2.23868
2.23778
2.23497
2.23096
2.22523
2.2171
2.21177
2.21058
2.21161
2.21585
2.2264
2.23962
2.25681
2.28433
2.31473
2.34996
2.40224
2.45524
2.49688
2.55368
2.61591
2.65785
2.70515
2.76144
2.79422
2.82142
2.86768
2.90532
2.91831
2.93543
2.96585
2.99392
3.00196
3.00993
3.02371
3.0342
3.03943
3.04173
3.04752
3.05678
3.06489
3.07001
3.07269
3.0742
3.0756
3.07805
3.07874
3.07838
3.07758
3.07572
3.07266
3.06867
3.06503
3.06167
3.05858
3.05848
3.05855
3.05834
3.05601
3.05286
3.05099
3.0507
3.04999
3.04977
3.05129
3.05208
3.05317
3.05353
3.05379
3.05465
3.05445
3.05369
3.05208
3.05049
3.04914
3.04761
3.04669
3.04686
3.04791
3.04897
3.04899
3.04872
3.03674
3.03431
3.02966
3.02589
3.0205
3.00807
2.99406
2.98091
2.97846
2.97842
2.97821
2.97564
2.97161
2.96577
2.94909
2.92928
2.92708
2.92551
2.92287
2.9194
2.91396
2.91474
2.9146
2.91022
2.91658
2.95515
3.04131
3.23935
3.49322
3.72679
4.02188
4.1946
4.28511
4.38699
4.42169
4.41598
4.38637
4.34097
4.29685
4.2559
4.21926
4.18799
4.15542
4.12065
4.0821
4.03939
4.01084
3.99145
3.97597
3.96534
3.95077
3.93222
3.91117
3.88566
3.8629
3.84501
3.82799
3.81268
3.79503
3.77607
3.75639
3.73395
3.71008
3.69101
3.67395
3.65747
3.64053
3.62308
3.60505
3.58534
3.5654
3.54902
3.53369
3.51824
3.50239
3.48628
3.46958
3.45101
3.4334
3.4186
3.40384
3.38893
3.37426
3.35959
3.34437
3.32722
3.30899
3.29329
3.27856
3.26452
3.25155
3.23845
3.2247
3.20993
3.1939
3.17769
3.16277
3.14838
3.13523
3.12325
3.11109
3.09821
3.08417
3.06893
3.05361
3.03944
3.02595
3.0145
3.00411
2.99338
2.98182
2.96904
2.95491
2.94053
2.92698
2.91452
2.90478
2.89588
2.88642
2.87613
2.86491
2.8526
2.83908
2.82551
2.81232
2.80254
2.79478
2.78692
2.77803
2.76845
2.75841
2.74713
2.73446
2.7205
2.70922
2.70168
2.69491
2.68723
2.6787
2.66957
2.65932
2.64757
2.6356
2.62437
2.61669
2.61066
2.60431
2.59703
2.58877
2.5794
2.56788
2.55486
2.54435
2.53605
2.52872
2.52276
2.51723
2.51133
2.50459
2.49619
2.48484
2.47229
2.46341
2.45621
2.44912
2.44339
2.43823
2.43291
2.42643
2.41741
2.40489
2.39309
2.38584
2.37982
2.37403
2.36924
2.36492
2.36027
2.35433
2.3458
2.33364
2.32262
2.31624
2.31047
2.30451
2.29995
2.29581
2.2915
2.28665
2.28108
2.27355
2.26293
2.25161
2.24561
2.24217
2.2391
2.23554
2.23178
2.2287
2.22591
2.22248
2.21609
2.20415
2.1948
2.19055
2.18728
2.18424
2.17992
2.17639
2.17465
2.17315
2.17099
2.16649
2.1589
2.15116
2.14603
2.14304
2.14229
2.14259
2.14242
2.14027
2.13598
2.13308
2.13391
2.13742
2.14464
2.16024
2.18304
2.20902
2.24284
2.28418
2.32714
2.3738
2.42796
2.4904
2.53741
2.57969
2.64165
2.6973
2.72375
2.75119
2.80045
2.82906
2.83915
2.85692
2.88976
2.9066
2.91282
2.92482
2.93598
2.94336
2.94638
2.95393
2.96551
2.97446
2.97879
2.98095
2.98191
2.98229
2.98376
2.98557
2.98533
2.98441
2.98277
2.98005
2.97626
2.97274
2.97045
2.96823
2.96604
2.96633
2.96643
2.96636
2.96471
2.9647
2.96581
2.96586
2.96599
2.96563
2.96451
2.96115
2.95672
2.95529
2.95543
2.95672
2.95859
2.9597
2.96069
3.0071
3.00757
3.0088
3.00581
2.996
2.97775
2.9646
2.9641
2.96495
2.96386
2.96191
2.95856
2.95027
2.94082
2.92988
2.92126
2.91411
2.91454
2.91787
2.93086
2.9552
3.00969
3.11426
3.27987
3.54848
3.79829
4.00216
4.24892
4.35806
4.39988
4.4366
4.42312
4.40673
4.37789
4.33452
4.29039
4.24295
4.19402
4.15574
4.1237
4.09339
4.0628
4.03137
3.99904
3.96817
3.94545
3.9263
3.91093
3.89902
3.88177
3.86229
3.84114
3.81606
3.79142
3.77173
3.7535
3.73652
3.71868
3.69988
3.68055
3.65922
3.63585
3.61637
3.59918
3.58225
3.56545
3.54859
3.53133
3.51305
3.49346
3.47491
3.45878
3.44351
3.42828
3.41289
3.39739
3.38118
3.3626
3.34399
3.32897
3.31486
3.30038
3.28621
3.27246
3.25818
3.24266
3.22591
3.20875
3.19254
3.17717
3.16432
3.15247
3.14004
3.1268
3.11283
3.09805
3.08203
3.06637
3.05181
3.0395
3.02866
3.01753
3.00549
2.99263
2.97887
2.96374
2.94826
2.93421
2.92387
2.91476
2.9052
2.8949
2.88373
2.87126
2.85711
2.84178
2.82877
2.82002
2.81214
2.80363
2.79435
2.78484
2.7748
2.7631
2.74838
2.73282
2.72367
2.71716
2.71035
2.70254
2.69447
2.68633
2.67723
2.66568
2.65033
2.63808
2.63142
2.62553
2.61879
2.61138
2.60385
2.59576
2.58604
2.57354
2.56072
2.55367
2.54859
2.54312
2.53703
2.53044
2.52304
2.51375
2.50137
2.48944
2.48087
2.47475
2.46976
2.46511
2.46019
2.45468
2.44795
2.43847
2.4264
2.417
2.40999
2.40419
2.39957
2.39528
2.39068
2.38503
2.37737
2.36643
2.35521
2.34806
2.34229
2.33704
2.33293
2.32921
2.32504
2.31965
2.31194
2.30086
2.29102
2.28479
2.27847
2.27369
2.27001
2.26605
2.26147
2.25671
2.25138
2.2424
2.22916
2.22191
2.21809
2.21401
2.20913
2.20394
2.19943
2.19581
2.19214
2.18693
2.17842
2.16975
2.16492
2.16109
2.15638
2.15073
2.14494
2.14091
2.13871
2.13697
2.13473
2.13104
2.12508
2.1162
2.10831
2.10433
2.10152
2.09855
2.096
2.09487
2.09435
2.09306
2.0885
2.08301
2.07992
2.0778
2.07604
2.07355
2.0713
2.07033
2.07169
2.07471
2.08314
2.09861
2.11798
2.14655
2.18951
2.23815
2.27979
2.32556
2.386
2.44437
2.48236
2.52451
2.59004
2.63125
2.65545
2.69513
2.73567
2.74911
2.76596
2.7988
2.82142
2.82933
2.84389
2.8618
2.86956
2.8714
2.87746
2.88462
2.88765
2.88867
2.8916
2.89671
2.90126
2.90328
2.90333
2.9027
2.90138
2.89974
2.90039
2.9002
2.89839
2.89637
2.89553
2.89491
2.89325
2.89033
2.88612
2.88224
2.8772
2.87573
2.87668
2.87754
2.87817
2.87828
2.9797
2.98111
2.97848
2.97125
2.95513
2.94231
2.94234
2.94137
2.93932
2.93435
2.93217
2.93408
2.93136
2.91997
2.91881
2.93097
2.96747
3.04988
3.204
3.40141
3.63354
3.91107
4.08011
4.2262
4.36623
4.40395
4.43626
4.43756
4.40652
4.36076
4.31617
4.26754
4.22736
4.18737
4.14415
4.10415
4.06597
4.03189
4.00494
3.98028
3.95642
3.93343
3.90946
3.88371
3.86198
3.84274
3.82443
3.80684
3.78716
3.76723
3.74635
3.72273
3.69824
3.6787
3.6609
3.64326
3.62521
3.607
3.58871
3.56929
3.54689
3.52584
3.5093
3.49318
3.47694
3.46079
3.44458
3.42784
3.40963
3.38996
3.37152
3.35522
3.34019
3.32571
3.31142
3.29703
3.28232
3.26596
3.24615
3.22801
3.21411
3.2011
3.18799
3.17527
3.16239
3.14865
3.13407
3.11825
3.10146
3.08418
3.0698
3.05891
3.04817
3.0366
3.02453
3.01172
2.99764
2.9817
2.96612
2.9524
2.94182
2.93229
2.92214
2.9112
2.89988
2.88758
2.87308
2.85687
2.84279
2.83379
2.82595
2.81767
2.80883
2.79949
2.78891
2.77614
2.76065
2.74605
2.73776
2.73105
2.72369
2.71609
2.70867
2.70075
2.6909
2.67653
2.65983
2.65087
2.64533
2.63927
2.63253
2.62608
2.61963
2.61235
2.60263
2.58812
2.57475
2.56801
2.56263
2.55668
2.5507
2.54478
2.53833
2.53047
2.51896
2.5049
2.49702
2.49255
2.48814
2.48323
2.47785
2.47179
2.46399
2.45302
2.44107
2.43251
2.42677
2.42216
2.41789
2.41364
2.40889
2.40299
2.39484
2.38405
2.3743
2.36704
2.36277
2.3594
2.3559
2.35183
2.34678
2.33989
2.32981
2.31965
2.31273
2.3072
2.30331
2.30036
2.29731
2.29351
2.28836
2.28044
2.27001
2.26147
2.25533
2.25165
2.24841
2.24477
2.24081
2.23685
2.23255
2.2256
2.21443
2.20722
2.20383
2.20014
2.19536
2.18998
2.1846
2.17935
2.1731
2.16595
2.16007
2.15634
2.15446
2.15248
2.14933
2.14439
2.13687
2.12664
2.11893
2.11601
2.11413
2.11256
2.11099
2.1088
2.1052
2.09918
2.0913
2.08402
2.07898
2.07605
2.07406
2.07208
2.06955
2.06561
2.05991
2.0546
2.05093
2.04811
2.04563
2.04363
2.04194
2.0398
2.0363
2.03122
2.02537
2.02239
2.02248
2.0233
2.02501
2.02837
2.036
2.04813
2.06255
2.0787
2.10693
2.15197
2.19424
2.23533
2.29348
2.35253
2.39242
2.44221
2.50105
2.53602
2.56911
2.62968
2.66294
2.67727
2.70427
2.73954
2.74712
2.75558
2.77392
2.78785
2.79205
2.80104
2.81142
2.81787
2.82072
2.82087
2.81994
2.82065
2.82436
2.82898
2.83498
2.84012
2.83998
2.83876
2.83649
2.83359
2.82891
2.82254
2.81754
2.81402
2.81224
2.81026
2.94693
2.94408
2.93873
2.92454
2.91781
2.91607
2.91287
2.90934
2.91223
2.92375
2.9433
2.97558
3.04188
3.14725
3.32513
3.5515
3.75179
3.98782
4.17473
4.2618
4.36705
4.40832
4.41007
4.40059
4.38311
4.35072
4.31199
4.26876
4.22092
4.17907
4.13504
4.0899
4.0533
4.01962
3.98562
3.9533
3.92468
3.89784
3.87301
3.85018
3.82837
3.80641
3.78369
3.76161
3.74108
3.72142
3.70205
3.68242
3.66212
3.64071
3.6178
3.59378
3.57335
3.55675
3.54056
3.52386
3.5066
3.48887
3.47037
3.45048
3.42907
3.40964
3.39414
3.37927
3.36413
3.34894
3.33388
3.31819
3.30081
3.28116
3.26174
3.24598
3.23181
3.21787
3.20463
3.19148
3.17783
3.16363
3.14699
3.12636
3.11021
3.09851
3.0871
3.07597
3.06459
3.05257
3.03996
3.02568
3.00946
2.99333
2.97827
2.96711
2.9578
2.9479
2.93738
2.92658
2.91431
2.89977
2.88385
2.87036
2.86023
2.85161
2.84297
2.8337
2.82402
2.81405
2.80257
2.78824
2.77258
2.76012
2.75253
2.74569
2.73861
2.73141
2.72374
2.7148
2.70346
2.6875
2.67229
2.66502
2.65939
2.65368
2.64795
2.64207
2.63549
2.62677
2.61336
2.59765
2.58866
2.58318
2.57774
2.57235
2.5674
2.56235
2.5564
2.54821
2.53543
2.52145
2.51383
2.50881
2.5043
2.49978
2.49487
2.48934
2.48251
2.47232
2.45845
2.44984
2.44597
2.4424
2.43837
2.43395
2.42904
2.42295
2.41393
2.40213
2.39277
2.38725
2.38312
2.37932
2.37546
2.37142
2.36702
2.36099
2.35153
2.33888
2.33234
2.32986
2.3274
2.32427
2.32064
2.31661
2.31128
2.30274
2.29228
2.28344
2.27875
2.2762
2.27384
2.27123
2.26825
2.26446
2.25819
2.24842
2.2393
2.23492
2.23183
2.22838
2.22453
2.22057
2.2166
2.21117
2.20166
2.19495
2.19257
2.19018
2.18719
2.18427
2.18132
2.17729
2.16984
2.15782
2.1485
2.1454
2.14393
2.1425
2.14078
2.13864
2.13606
2.13265
2.1273
2.11898
2.10934
2.10281
2.09959
2.09707
2.09428
2.09073
2.08635
2.08289
2.08063
2.07831
2.07575
2.07325
2.07049
2.06631
2.05814
2.0484
2.04518
2.04354
2.04159
2.03939
2.03735
2.03546
2.03296
2.0277
2.01784
2.00875
2.0068
2.00652
2.00612
2.00586
2.00584
2.00542
2.00418
2.00057
1.99705
1.99719
1.99863
2.00079
2.0054
2.01627
2.02812
2.03972
2.06085
2.0925
2.12414
2.16774
2.22865
2.27857
2.32236
2.38741
2.43915
2.4702
2.51688
2.56455
2.58371
2.60672
2.65594
2.68313
2.68925
2.70393
2.72158
2.72462
2.72864
2.73947
2.74763
2.75399
2.76148
2.76576
2.76969
2.77331
2.77408
2.77362
2.77128
2.7679
2.76755
2.76876
2.90429
2.8964
2.89706
2.90146
2.90845
2.92727
2.97316
3.05437
3.18924
3.3642
3.54097
3.75932
3.93323
4.06408
4.22677
4.286
4.33801
4.37364
4.36452
4.33042
4.29384
4.25414
4.21161
4.17449
4.13742
4.09402
4.05358
4.01601
3.97596
3.94447
3.91961
3.89205
3.8665
3.84232
3.8174
3.79299
3.77091
3.74878
3.72564
3.70348
3.68262
3.66171
3.63906
3.61606
3.59595
3.57738
3.55957
3.54175
3.5233
3.50353
3.48125
3.45907
3.43945
3.42286
3.40847
3.39408
3.37933
3.36334
3.34576
3.32642
3.30574
3.28807
3.2733
3.25968
3.24656
3.23279
3.21877
3.20495
3.18904
3.17021
3.15231
3.13662
3.12377
3.11195
3.09935
3.08765
3.07578
3.06204
3.04747
3.03081
3.01242
3.001
2.99205
2.98219
2.97267
2.96261
2.95086
2.93793
2.92291
2.90782
2.89632
2.88588
2.87685
2.86894
2.85993
2.85021
2.83968
2.82579
2.80996
2.79845
2.79033
2.7829
2.77569
2.76817
2.75971
2.75068
2.74094
2.72901
2.71462
2.70241
2.69407
2.68689
2.6803
2.67454
2.66888
2.66229
2.65425
2.64331
2.62713
2.61299
2.60743
2.60356
2.5994
2.59492
2.58999
2.58388
2.57538
2.56299
2.54912
2.54039
2.53552
2.53153
2.52747
2.52344
2.51926
2.51396
2.50584
2.49369
2.4807
2.47364
2.4704
2.4673
2.4635
2.45878
2.45348
2.44704
2.43627
2.42228
2.41631
2.41361
2.41081
2.40763
2.40413
2.39997
2.39387
2.38358
2.37163
2.36442
2.3604
2.35702
2.35368
2.35033
2.34674
2.34193
2.33377
2.32098
2.31452
2.31284
2.31112
2.30866
2.30563
2.30212
2.29736
2.28923
2.27865
2.27117
2.26774
2.26547
2.26342
2.26133
2.25874
2.25408
2.24467
2.23418
2.23106
2.22979
2.22794
2.22549
2.22299
2.2205
2.21754
2.21287
2.20522
2.19472
2.18729
2.18437
2.18221
2.17912
2.17391
2.17007
2.16898
2.16824
2.1661
2.16207
2.15809
2.15504
2.15193
2.14758
2.13963
2.12817
2.12372
2.12294
2.12218
2.12062
2.11736
2.11415
2.11138
2.10844
2.1045
2.09803
2.08825
2.07806
2.07174
2.06767
2.06382
2.06021
2.05788
2.05658
2.05514
2.05223
2.04616
2.03712
2.03126
2.02968
2.02922
2.02911
2.02879
2.02906
2.02831
2.02556
2.02233
2.0195
2.01719
2.01524
2.01304
2.00947
2.00228
1.99249
1.98808
1.98755
1.98677
1.986
1.98506
1.98258
1.97585
1.96559
1.9634
1.96431
1.96846
1.97765
1.99055
2.00829
2.03407
2.05777
2.08329
2.12653
2.17464
2.2118
2.2646
2.32747
2.36825
2.40915
2.47126
2.50075
2.51966
2.55835
2.58975
2.60385
2.62482
2.66097
2.67665
2.68019
2.69101
2.70023
2.70108
2.69963
2.69994
2.70286
2.94057
2.9986
3.10051
3.25439
3.41285
3.62207
3.80352
3.94595
4.1038
4.17251
4.24386
4.30883
4.31926
4.32686
4.32202
4.30403
4.27442
4.24048
4.19863
4.15823
4.11606
4.07212
4.03126
3.99076
3.94754
3.90369
3.86506
3.82903
3.79603
3.76717
3.74245
3.7165
3.69181
3.66819
3.64525
3.62339
3.60264
3.58363
3.56447
3.54588
3.52761
3.50888
3.48928
3.46737
3.44737
3.43004
3.41407
3.4
3.38556
3.37032
3.35226
3.33046
3.31098
3.2941
3.28005
3.26834
3.25616
3.2436
3.22882
3.21183
3.19393
3.17532
3.16194
3.15062
3.13899
3.12814
3.11612
3.10353
3.09062
3.0734
3.05528
3.04363
3.03287
3.02224
3.01216
3.00112
2.99067
2.97905
2.96395
2.94974
2.93624
2.9242
2.91694
2.90973
2.90117
2.89238
2.88155
2.86751
2.85377
2.84232
2.83314
2.82538
2.8172
2.81033
2.80338
2.79395
2.78323
2.77008
2.75331
2.74463
2.74032
2.73471
2.72755
2.72081
2.71342
2.70441
2.69521
2.68561
2.67417
2.66371
2.65612
2.64894
2.64132
2.63488
2.62899
2.62292
2.61734
2.61136
2.60268
2.58898
2.57544
2.56882
2.56448
2.56079
2.5577
2.55379
2.54833
2.54139
2.53256
2.51956
2.507
2.50253
2.4994
2.4957
2.49287
2.4903
2.4866
2.4804
2.46977
2.45464
2.44625
2.44317
2.4401
2.43665
2.43303
2.42962
2.42514
2.41597
2.40155
2.39377
2.3909
2.38803
2.38477
2.38154
2.37836
2.37433
2.36671
2.35436
2.34499
2.34078
2.33739
2.33424
2.33149
2.32873
2.32535
2.31841
2.30509
2.29796
2.2962
2.29425
2.29153
2.2884
2.28514
2.28123
2.27488
2.26482
2.25499
2.25097
2.24902
2.2471
2.24552
2.2444
2.24327
2.24022
2.23103
2.22037
2.21577
2.21295
2.20993
2.20656
2.202
2.19418
2.18911
2.18905
2.19023
2.18983
2.18864
2.18701
2.18468
2.18135
2.17591
2.16554
2.15285
2.1468
2.14489
2.14336
2.14161
2.14012
2.13912
2.13817
2.13607
2.13239
2.12543
2.11396
2.10607
2.10413
2.1034
2.10349
2.10503
2.10459
2.10176
2.09731
2.09215
2.08772
2.08423
2.08187
2.08033
2.07869
2.07607
2.0713
2.06315
2.05329
2.04769
2.0456
2.044
2.04173
2.03695
2.02715
2.0166
2.01169
2.00958
2.00791
2.00617
2.00407
2.00106
1.9964
1.98923
1.98216
1.97992
1.97903
1.97834
1.97765
1.97608
1.97237
1.96515
1.95482
1.95009
1.95019
1.9509
1.95154
1.95225
1.95267
1.95257
1.95
1.94343
1.94221
1.94385
1.94739
1.95356
1.96817
1.98986
2.01131
2.04357
2.08646
2.12044
2.16129
2.2197
2.26605
2.30806
2.37515
2.41991
2.44505
2.49056
2.53268
2.54427
2.55949
2.58284
2.60596
3.74231
3.8598
4.01231
4.09568
4.13511
4.20654
4.20881
4.19978
4.18539
4.15002
4.12489
4.10262
4.07206
4.04619
4.01788
3.98321
3.95125
3.91622
3.8749
3.84747
3.8232
3.79444
3.77009
3.74648
3.71891
3.69001
3.66477
3.64283
3.62253
3.60366
3.58446
3.56419
3.54267
3.52165
3.50028
3.48014
3.46179
3.44409
3.42904
3.41363
3.39831
3.38257
3.36545
3.34769
3.32867
3.31226
3.29781
3.28524
3.27444
3.26273
3.24943
3.23257
3.21416
3.19766
3.18285
3.17194
3.16189
3.15169
3.14058
3.12707
3.11245
3.09585
3.08077
3.07063
3.06074
3.05176
3.04287
3.03189
3.02037
3.00635
2.98774
2.97643
2.96933
2.96115
2.95264
2.94375
2.93457
2.9242
2.90945
2.89456
2.88445
2.87527
2.86901
2.86379
2.85702
2.84907
2.83905
2.82459
2.80999
2.80124
2.79453
2.78833
2.78211
2.77656
2.77093
2.76265
2.75153
2.73799
2.72241
2.71518
2.71241
2.709
2.7036
2.69739
2.69056
2.68155
2.66938
2.65834
2.65058
2.64422
2.6391
2.63382
2.62751
2.62058
2.61286
2.60401
2.59665
2.59219
2.58719
2.57812
2.56659
2.5589
2.55227
2.54668
2.54431
2.54151
2.53625
2.52993
2.52376
2.51383
2.49931
2.49378
2.49142
2.48765
2.48421
2.48184
2.47846
2.47304
2.46477
2.45254
2.4404
2.43612
2.43394
2.43122
2.42745
2.42353
2.4186
2.40993
2.39672
2.38993
2.38776
2.38526
2.38188
2.37827
2.37456
2.36999
2.36257
2.35147
2.34284
2.3384
2.33461
2.33167
2.32933
2.32662
2.32305
2.31635
2.3035
2.29551
2.29447
2.29341
2.2914
2.28861
2.28514
2.28066
2.27397
2.26389
2.25414
2.24958
2.24751
2.24562
2.24353
2.24134
2.23849
2.23282
2.22367
2.21695
2.21385
2.21154
2.20912
2.20648
2.20351
2.19956
2.19311
2.18331
2.17615
2.17384
2.17211
2.16986
2.16684
2.16273
2.15692
2.14865
2.14318
2.14275
2.14241
2.14176
2.1409
2.13972
2.13725
2.1309
2.11909
2.10933
2.10616
2.1046
2.10333
2.10197
2.10072
2.09958
2.09735
2.09144
2.08191
2.07544
2.07298
2.07109
2.06888
2.06669
2.06449
2.06171
2.05754
2.05094
2.04249
2.03596
2.03319
2.03161
2.02977
2.02665
2.02078
2.01334
2.00976
2.00839
2.00724
2.00602
2.00462
2.00276
1.99974
1.99402
1.98503
1.97868
1.9768
1.97586
1.97521
1.97428
1.97232
1.96813
1.96032
1.95052
1.94619
1.94601
1.94593
1.94583
1.94586
1.94578
1.94456
1.93954
1.93169
1.92715
1.92556
1.92545
1.92563
1.92633
1.92772
1.92811
1.92751
1.92529
1.9213
1.92107
1.92607
1.93761
1.95225
1.97731
2.01576
2.04806
2.0839
2.13473
2.18061
2.22203
2.26622
2.34393
4.21941
4.22831
4.24199
4.23651
4.22213
4.20436
4.18047
4.15463
4.12712
4.08911
4.043
3.9883
3.9301
3.87686
3.8273
3.78218
3.7416
3.70228
3.66618
3.63885
3.6149
3.59411
3.57631
3.5597
3.5418
3.52418
3.50713
3.49252
3.47979
3.46776
3.45564
3.4422
3.42795
3.41279
3.39686
3.37961
3.36372
3.34829
3.33404
3.32215
3.3089
3.29585
3.28253
3.26783
3.25261
3.23576
3.22162
3.20959
3.19935
3.18964
3.17899
3.16773
3.15434
3.13984
3.12372
3.11007
3.10067
3.09202
3.08344
3.07374
3.06341
3.0506
3.0351
3.02262
3.01247
3.00531
2.99928
2.9911
2.98119
2.96816
2.94856
2.93615
2.93177
2.92694
2.92121
2.91504
2.90695
2.89413
2.87645
2.86128
2.8537
2.84799
2.84363
2.84003
2.83523
2.82885
2.81859
2.79967
2.78309
2.77752
2.77311
2.76824
2.76365
2.75925
2.75438
2.74698
2.73477
2.71878
2.70506
2.70008
2.69766
2.69463
2.69023
2.68527
2.6792
2.66913
2.6537
2.64351
2.63863
2.63369
2.62922
2.62503
2.6196
2.61201
2.60271
2.59325
2.58537
2.58004
2.57527
2.5696
2.56398
2.55803
2.5494
2.54014
2.53553
2.53194
2.52707
2.52235
2.51799
2.51061
2.49831
2.48961
2.48508
2.48069
2.47829
2.47637
2.47294
2.46776
2.46096
2.45013
2.437
2.43197
2.43
2.42705
2.42302
2.41925
2.41465
2.40693
2.39582
2.3877
2.38399
2.38125
2.37851
2.37552
2.37203
2.3676
2.36022
2.34822
2.33984
2.33589
2.33241
2.32983
2.32746
2.32454
2.3206
2.3131
2.30019
2.29386
2.29297
2.29176
2.28964
2.28703
2.28377
2.27931
2.27205
2.26126
2.25299
2.24965
2.24759
2.2458
2.24402
2.24205
2.2392
2.23292
2.22229
2.21574
2.2129
2.21033
2.20751
2.20433
2.20068
2.19612
2.18913
2.17989
2.17508
2.17334
2.17164
2.16959
2.16712
2.16362
2.15729
2.14766
2.14231
2.1407
2.13967
2.1388
2.13758
2.13581
2.13278
2.12679
2.11643
2.10839
2.10574
2.10382
2.10152
2.09933
2.09747
2.09543
2.09218
2.08595
2.07676
2.07092
2.06905
2.06774
2.06628
2.06457
2.06245
2.05938
2.05438
2.04691
2.0386
2.03368
2.03213
2.0312
2.02993
2.0275
2.02295
2.01678
2.01274
2.01083
2.00931
2.00781
2.00634
2.00472
2.00234
1.99802
1.99094
1.98457
1.98185
1.98044
1.97899
1.97678
1.97321
1.96761
1.9599
1.95274
1.94983
1.94916
1.94882
1.94872
1.94873
1.94857
1.9472
1.94246
1.93397
1.92711
1.92314
1.92156
1.92152
1.92158
1.92147
1.92117
1.92024
1.91654
1.90855
1.90373
1.90328
1.90322
1.90325
1.90443
1.90687
1.90784
1.90824
1.91043
1.91419
1.92107
1.93203
1.97081
3.93895
3.93224
3.93419
3.92733
3.91359
3.90263
3.88233
3.86236
3.83521
3.81301
3.79487
3.77031
3.7509
3.73265
3.71178
3.69113
3.67133
3.65121
3.63102
3.61099
3.5917
3.5738
3.55798
3.5429
3.52786
3.51295
3.49796
3.48373
3.46982
3.45641
3.44342
3.43074
3.41866
3.40599
3.39306
3.37876
3.36585
3.35304
3.34017
3.32923
3.31706
3.30581
3.29382
3.28035
3.26731
3.25297
3.24066
3.22893
3.21816
3.20846
3.1987
3.18869
3.17633
3.1629
3.14757
3.13434
3.12481
3.11582
3.10767
3.09914
3.08993
3.07776
3.06198
3.04918
3.03962
3.03318
3.0274
3.01898
3.00872
2.99616
2.97787
2.96613
2.96143
2.9562
2.95059
2.94477
2.93639
2.9227
2.90527
2.89039
2.88335
2.87878
2.87457
2.87075
2.86556
2.85823
2.84651
2.8259
2.81074
2.80609
2.80183
2.79711
2.79279
2.78831
2.78299
2.77468
2.76026
2.74255
2.73168
2.72728
2.72432
2.72086
2.71634
2.71116
2.70447
2.69272
2.67638
2.66783
2.66373
2.65965
2.65568
2.65135
2.64534
2.63577
2.62298
2.61301
2.6071
2.60316
2.59973
2.59609
2.59174
2.58508
2.5735
2.56053
2.55512
2.55215
2.54867
2.54548
2.54207
2.53586
2.52485
2.51297
2.50453
2.50042
2.49873
2.49664
2.4931
2.48885
2.48376
2.47485
2.4603
2.45243
2.44964
2.44594
2.44148
2.43787
2.4339
2.42823
2.41975
2.40983
2.40254
2.39885
2.39639
2.39374
2.39064
2.38677
2.37954
2.36663
2.35776
2.35387
2.35084
2.34842
2.34564
2.34205
2.33757
2.32974
2.31741
2.31221
2.31097
2.30919
2.30665
2.304
2.30089
2.29657
2.28918
2.27823
2.27021
2.26699
2.26492
2.2632
2.2615
2.25935
2.25602
2.24878
2.23775
2.2323
2.22973
2.2269
2.22376
2.22044
2.2168
2.21212
2.20469
2.19642
2.19268
2.19089
2.18898
2.18663
2.18381
2.17943
2.17055
2.15983
2.15564
2.15379
2.15278
2.15234
2.15148
2.14973
2.1467
2.14118
2.13186
2.12336
2.11965
2.11724
2.11496
2.11298
2.11112
2.10882
2.10525
2.09898
2.09002
2.0846
2.08398
2.08369
2.08322
2.08228
2.08055
2.0772
2.07101
2.06214
2.05387
2.05065
2.04954
2.04853
2.04705
2.04437
2.03945
2.03238
2.0277
2.02592
2.02456
2.02312
2.02173
2.02033
2.0184
2.01465
2.00806
2.00276
2.00067
1.99918
1.99722
1.99433
1.99005
1.98409
1.97685
1.97124
1.96948
1.96907
1.96873
1.96859
1.96864
1.96852
1.96725
1.96268
1.95359
1.94434
1.93939
1.93733
1.93639
1.93566
1.93486
1.93385
1.93173
1.92675
1.91746
1.90978
1.90687
1.9056
1.90518
1.90488
1.9038
1.9017
1.89871
1.89448
1.88804
1.88308
1.88261
1.88354
3.99205
3.93134
3.87236
3.81817
3.76679
3.71845
3.68195
3.65732
3.63726
3.62048
3.60831
3.59491
3.58237
3.57107
3.56334
3.56163
3.55702
3.54714
3.53518
3.52195
3.50787
3.49231
3.47725
3.46438
3.45212
3.43878
3.42511
3.41211
3.39765
3.38266
3.36778
3.35612
3.34592
3.33436
3.32263
3.31056
3.30129
3.29119
3.2793
3.26798
3.2562
3.24738
3.23752
3.22526
3.21289
3.20108
3.19173
3.18147
3.17069
3.16056
3.1519
3.14311
3.13141
3.11776
3.10277
3.09176
3.08322
3.07432
3.06573
3.0575
3.04903
3.03715
3.02173
3.00867
2.99922
2.99368
2.98871
2.98077
2.97039
2.95709
2.93827
2.92841
2.92448
2.91942
2.91367
2.90736
2.8986
2.88455
2.86755
2.85481
2.84783
2.84287
2.83896
2.83567
2.83054
2.82256
2.80952
2.78856
2.77588
2.7722
2.76813
2.76327
2.7587
2.7542
2.74893
2.74039
2.72552
2.70798
2.69792
2.69434
2.69169
2.68831
2.68383
2.67838
2.67096
2.65821
2.64297
2.6363
2.63271
2.62892
2.62484
2.62001
2.61321
2.60212
2.58891
2.58131
2.57711
2.57359
2.57018
2.56651
2.56184
2.55394
2.54118
2.53011
2.52508
2.52182
2.51863
2.51582
2.51277
2.50733
2.49746
2.48463
2.47378
2.47065
2.46953
2.46784
2.46477
2.46093
2.45609
2.44756
2.43294
2.42443
2.42152
2.41801
2.41374
2.40985
2.40597
2.40111
2.39348
2.3836
2.37639
2.37234
2.3694
2.36664
2.36382
2.3602
2.35341
2.34154
2.33193
2.32696
2.32449
2.32268
2.32016
2.31661
2.31191
2.30394
2.29229
2.28761
2.28634
2.28447
2.28183
2.27905
2.27601
2.27198
2.26493
2.25426
2.24626
2.24291
2.24099
2.23958
2.23804
2.23592
2.23238
2.2247
2.21403
2.20948
2.20712
2.20419
2.2008
2.19743
2.19404
2.1895
2.18205
2.17398
2.17001
2.16802
2.16607
2.16376
2.16093
2.15651
2.14802
2.13821
2.13258
2.13092
2.13064
2.1303
2.12924
2.12711
2.12369
2.11793
2.10854
2.10068
2.09759
2.09527
2.09289
2.09082
2.0888
2.08626
2.08262
2.07593
2.06596
2.06285
2.06273
2.06259
2.06231
2.06165
2.06027
2.05717
2.05082
2.04135
2.03339
2.03158
2.03079
2.0297
2.02805
2.0252
2.02019
2.0127
2.00816
2.007
2.00603
2.00468
2.0031
2.00142
1.99927
1.99525
1.98862
1.98404
1.98217
1.98065
1.97867
1.97584
1.97177
1.96604
1.95888
1.95331
1.95192
1.95178
1.95163
1.95153
1.95156
1.95138
1.94989
1.94498
1.93569
1.92674
1.92247
1.9206
1.91941
1.91844
1.91751
1.91628
1.91373
1.90838
1.89922
1.89122
1.88763
1.88633
1.88587
1.88529
1.88408
1.88199
1.87885
1.8743
1.86762
1.86191
1.86118
1.85999
)
;

boundaryField
{
    inlet
    {
        type            fixedValue;
        value           nonuniform 0();
    }
    outlet
    {
        type            inletOutlet;
        inletValue      uniform 1;
        value           nonuniform List<scalar> 
16
(
3.53657
3.43767
3.33684
3.23716
3.14009
3.04874
2.96076
2.8783
2.81048
2.76918
2.703
2.60576
2.34425
1.97117
1.88386
1.86033
)
;
    }
    bottom
    {
        type            symmetryPlane;
    }
    top
    {
        type            symmetryPlane;
    }
    obstacle
    {
        type            zeroGradient;
    }
    defaultFaces
    {
        type            empty;
    }
    procBoundary3to1
    {
        type            processor;
        value           nonuniform List<scalar> 
288
(
3.00395
2.99213
2.97806
2.97328
2.96912
2.96256
2.95599
2.94425
2.9292
2.92124
2.91306
2.90597
2.89911
2.88978
2.88513
2.88045
2.87309
2.86387
2.84926
2.83498
2.83134
2.82788
2.823
2.81887
2.81194
2.80374
2.7952
2.78408
2.77375
2.764
2.75695
2.75475
2.75292
2.74814
2.74192
2.73424
2.72157
2.70789
2.70026
2.69551
2.69213
2.68907
2.68555
2.68092
2.67409
2.66433
2.65103
2.64007
2.63448
2.6348
2.63878
2.65236
2.68915
2.77582
2.90667
3.1175
3.38323
3.5545
3.73766
3.89836
3.92676
3.95353
3.96071
3.95813
3.94603
3.92321
3.8927
3.8664
3.8416
3.81852
3.80356
3.79288
3.78289
3.77145
3.75974
3.74548
3.73325
3.7234
3.71426
3.7053
3.69494
3.6836
3.67083
3.65621
3.64095
3.62582
3.6125
3.60135
3.58985
3.57734
3.56438
3.55021
3.53597
3.52599
3.5185
3.51059
3.50093
3.48983
3.47967
3.47145
3.46479
3.46004
3.45219
3.44162
3.43116
3.4206
3.4099
3.40152
3.39383
3.38145
3.37158
3.36501
3.35474
3.3439
3.33433
3.32925
3.32696
3.32392
3.31892
3.31035
3.30676
3.30937
3.31161
3.31142
3.31196
3.31668
3.31712
3.31367
3.31239
3.31352
3.31127
3.30922
3.3104
3.3117
3.31014
3.30534
3.30133
3.30081
3.29838
3.2946
3.29126
3.28799
3.28237
3.27473
3.26825
3.26407
3.25987
3.25376
3.24753
3.24131
3.23719
3.23371
3.22773
3.22114
3.21605
3.21074
3.20486
3.19979
3.19455
3.19041
3.18583
3.1774
3.16755
3.15962
3.1533
3.1484
3.14387
3.1349
3.12633
3.11959
3.11688
3.11905
3.12462
3.13634
3.16309
3.19792
3.23364
3.28529
3.34022
3.38988
3.45388
3.50221
3.53782
3.58199
3.63384
3.66147
3.68154
3.70042
3.71907
3.74121
3.75719
3.76389
3.77608
3.78856
3.79972
3.80749
3.81645
3.823
3.82298
3.82212
3.82141
3.82001
3.81667
3.81226
3.8087
3.80481
3.80097
3.7975
3.79476
3.79175
3.78759
3.78297
3.77944
3.77666
3.77391
3.77077
3.76797
3.76631
3.76525
3.76441
3.76392
3.7634
3.76219
3.76023
3.75787
3.75536
3.75305
3.75133
3.75023
3.74907
3.74761
3.74557
3.74293
3.73978
3.73643
3.73477
3.73381
3.73279
3.7318
3.73035
3.72877
3.72584
3.7223
3.72036
3.71877
3.71824
3.71739
3.71606
3.71476
3.71207
3.70945
3.70748
3.70575
3.70511
3.7039
3.70245
3.70036
3.69689
3.69338
3.69018
3.68878
3.68762
3.68632
3.68494
3.68289
3.67999
3.67559
3.67163
3.66864
3.66693
3.66594
3.6649
3.66437
3.66336
3.66145
3.6583
3.65407
3.65146
3.64913
3.64747
3.64651
3.6448
3.64317
3.6418
3.63964
3.63728
3.63542
3.63287
)
;
    }
    procBoundary3to2
    {
        type            processor;
        value           nonuniform List<scalar> 
16
(
3.03067
3.05071
3.05535
3.05626
3.06158
3.05031
3.03928
3.01374
2.97704
2.94681
2.90798
2.90268
3.56092
4.17863
3.93893
4.05863
)
;
    }
}


// ************************************************************************* //
