/*--------------------------------*- C++ -*----------------------------------*\
  =========                 |
  \\      /  F ield         | OpenFOAM: The Open Source CFD Toolbox
   \\    /   O peration     | Website:  https://openfoam.org
    \\  /    A nd           | Version:  7
     \\/     M anipulation  |
\*---------------------------------------------------------------------------*/
FoamFile
{
    version     2.0;
    format      ascii;
    class       volScalarField;
    location    "2.4";
    object      T;
}
// * * * * * * * * * * * * * * * * * * * * * * * * * * * * * * * * * * * * * //

dimensions      [0 0 0 1 0 0 0];

internalField   nonuniform List<scalar> 
1008
(
1
1
1
1
1
1
1
1
1
1
1
1
1
1
3.35273
5.73584
5.91541
5.94404
5.97279
5.99531
6.01419
6.02928
6.04102
6.04962
1
1
1
1
1
1
1
1
1
1
1
1
1
1
3.28648
5.70894
5.91118
5.9411
5.96875
5.98994
6.00749
6.02149
6.03212
6.0403
1
1
1
1
1
1
1
1
1
1
1
1
1
1
3.02361
5.61756
5.88945
5.92671
5.9584
5.98047
5.99731
6.01057
6.01995
6.02808
1
1
1
1
1
1
1
1
1
1
1
1
1
1
2.68781
5.48842
5.85965
5.90717
5.94538
5.96824
5.984
5.99563
6.00178
6.00701
1
1
1
1
1
1
1
1
1
1
1
1
1
1
2.13825
5.25802
5.82111
5.8765
5.92146
5.94575
5.96099
5.97054
5.97344
5.97911
1
1
1
1
1
1
1
1
1
1
1
1
1
1
1.28047
4.95887
5.82919
5.82674
5.8684
5.90416
5.92752
5.94008
5.9383
5.92623
1
1
1
1
1
1
1
1
1
1
1
1
1
1
1.00431
4.65971
5.75063
5.76653
5.80337
5.84027
5.86691
5.87357
5.86381
5.85045
1
1
1
1
1
1
1
1
1
1
1
1
1
1
0.999999
4.17928
5.67155
5.72666
5.75223
5.77706
5.79372
5.80248
5.80365
5.83537
1
1
1
1
1
1
1
1
1
1
1
1
1
1
0.999999
3.42752
5.45889
5.67591
5.70916
5.71725
5.71155
5.68893
5.59481
5.38446
1
1
1
1
1
1
1
1
1
1
1
1
1
1
1
2.14939
4.99128
5.59645
5.63874
5.64876
5.62718
5.56319
5.43695
5.10455
1
1
1
1
1
1
1
1
1
1
1
1
1
1
1
1.09857
4.49681
5.47898
5.55606
5.56247
5.53478
5.45485
5.30538
4.93522
1
1
1
1
1
1
1
1
1
1
1
1
1
1
1
1.00029
3.67558
5.2174
5.46533
5.45793
5.43102
5.3597
5.18118
4.86545
1
1
1
1
1
1
1
1
1
1
1
1
1
1
1
0.999976
1.90691
4.67194
5.36737
5.3419
5.31796
5.24943
5.09392
4.85683
1
1
1
1
1
1
1
1
1
1
1
1
1
1
1
0.999996
1.05528
4.22991
5.19459
5.15661
5.16518
5.12268
5.01319
4.83522
1
1
1
1
1
1
1
1
1
1
1
1
1
1
1
1
1.00002
2.812
4.73596
5.07405
5.05218
5.0065
4.92413
4.79573
1
1
1
1
1
1
1
1
1
1
1
1
1
1
1
1
0.999983
1.25587
4.15268
4.98678
4.95087
4.90506
4.83393
4.73619
1
1
1
1
1
1
1
1
1
1
1
1
1
1
1
1
0.999997
1.00282
2.67776
4.48404
4.85501
4.79469
4.72917
4.64985
1
1
1
1
1
1
1
1
1
1
1
1
1
1
1
1
1
1
1.23811
3.84693
4.76809
4.69539
4.64611
4.57711
1
1
1
1
1
1
1
1
1
1
1
1
1
1
1
1
1
1
1.00227
2.23635
4.10515
4.59199
4.53716
4.48507
1
1
1
1
1
1
1
1
1
1
1
1
1
1
1
1
1
1
1
1.11693
3.20671
4.42286
4.43224
4.40817
1
1
1
1
1
1
1
1
1
1
1
1
1
1
1
1
1
1
1
1.00053
1.62959
3.69238
4.3441
4.30245
1
1
1
1
1
1
1
1
1
1
1
1
1
1
1
1
1
1
1
1
1.02021
2.2762
3.78033
4.21609
1
1
1
1
1
1
1
1
1
1
1
1
1
1
1
1
1
1
3.63714
2.52192
2.2332
2.37356
2.39994
2.52985
2.74126
2.92604
3.14883
3.27468
3.35889
3.3501
3.34269
3.41294
3.51952
3.52464
3.48907
3.46017
3.45982
3.46864
3.46983
3.4564
3.42461
3.38287
3.36743
3.3722
3.38429
3.39208
3.39253
3.38102
3.35242
3.32629
3.32035
4.15418
3.41633
3.08852
2.9975
2.8282
2.66578
2.64317
2.67683
2.69986
2.72535
2.77696
2.84742
2.93457
3.05162
3.16099
3.21194
3.23182
3.24981
3.26657
3.296
3.32498
3.33803
3.32992
3.30275
3.29174
3.29663
3.3053
3.31616
3.32005
3.31359
3.29349
3.27513
3.2728
4.3466
3.89402
3.52084
3.30333
3.08366
2.88097
2.78827
2.71412
2.61536
2.56173
2.56824
2.61223
2.68559
2.74991
2.80618
2.84826
2.89961
2.97526
3.0115
3.05239
3.10298
3.14862
3.17773
3.17287
3.17138
3.173
3.17569
3.17648
3.1767
3.17277
3.16058
3.15105
3.15072
4.45817
4.10165
3.82343
3.5707
3.34864
3.16871
3.05401
2.93402
2.81177
2.74159
2.69158
2.64007
2.6127
2.6042
2.614
2.62916
2.66511
2.74087
2.80885
2.8452
2.883
2.92465
2.96982
2.99733
3.02119
3.04513
3.05639
3.0594
3.06316
3.06184
3.05365
3.04154
3.03741
4.55664
4.25229
4.00494
3.79838
3.57392
3.40547
3.27024
3.13415
3.01415
2.91742
2.83078
2.75132
2.68994
2.65081
2.61182
2.60438
2.61424
2.63015
2.65057
2.67684
2.71597
2.76647
2.82281
2.87215
2.90528
2.93564
2.94651
2.95185
2.96123
2.97679
2.98338
2.98205
2.98488
4.6113
4.37957
4.14093
3.94119
3.75492
3.58125
3.44957
3.31147
3.17917
3.08046
2.99376
2.91473
2.84863
2.78853
2.7296
2.68061
2.66756
2.64632
2.62832
2.61879
2.62182
2.6365
2.6681
2.72661
2.78172
2.8349
2.86214
2.87835
2.89614
2.91388
2.92466
2.92969
2.93994
4.62157
4.44488
4.25566
4.06719
3.89244
3.7295
3.58852
3.46303
3.34038
3.23733
3.13973
3.0497
2.98524
2.92584
2.85634
2.78533
2.73718
2.69281
2.64911
2.61979
2.62053
2.62226
2.62404
2.63296
2.65809
2.69198
2.73441
2.77914
2.81641
2.84878
2.87476
2.89272
2.90741
4.6011
4.45631
4.30631
4.1399
3.98884
3.85151
3.71078
3.57924
3.47287
3.36413
3.26764
3.18182
3.11165
3.04163
2.96898
2.90619
2.85596
2.8047
2.74696
2.69222
2.67805
2.65754
2.63034
2.62554
2.62738
2.62182
2.62277
2.63914
2.67615
2.73251
2.78903
2.83775
2.85978
4.55201
4.44106
4.31394
4.1843
4.06348
3.93336
3.798
3.68619
3.58718
3.48034
3.36982
3.29324
3.2246
3.15053
3.0699
3.00691
2.95784
2.9004
2.84269
2.79138
2.75626
2.71793
2.67252
2.63803
2.63022
2.61637
2.60745
2.60995
2.61701
2.63311
2.66192
2.7041
2.75209
4.49794
4.40967
4.30295
4.19427
4.0899
3.98068
3.86072
3.76202
3.66227
3.56279
3.46241
3.38626
3.30906
3.23059
3.1542
3.09696
3.04479
2.98968
2.92587
2.87842
2.84262
2.80151
2.75897
2.71565
2.69207
2.6634
2.62927
2.61343
2.61501
2.61158
2.60146
2.60419
2.62261
4.42307
4.35084
4.27098
4.18886
4.09464
3.99006
3.89393
3.81044
3.71861
3.61977
3.52529
3.45418
3.37582
3.30265
3.22736
3.17387
3.11766
3.06125
3.00662
2.96323
2.92191
2.87458
2.82222
2.78308
2.75332
2.71843
2.67634
2.63608
2.62678
2.6129
2.5916
2.59053
2.59298
4.36552
4.30408
4.23772
4.1672
4.08559
3.98965
3.90862
3.82475
3.74072
3.64697
3.57543
3.50482
3.4294
3.35174
3.28981
3.24228
3.17999
3.12243
3.06789
3.03367
2.98802
2.9378
2.88683
2.84744
2.81526
2.77529
2.73351
2.69429
2.67599
2.65376
2.6197
2.59272
2.59172
4.26689
4.22347
4.1749
4.11679
4.04639
3.97154
3.90194
3.82278
3.74347
3.6653
3.60838
3.53837
3.46901
3.39
3.34192
3.29008
3.23161
3.16915
3.12098
3.08597
3.03655
2.98591
2.93309
2.90372
2.87009
2.82975
2.78333
2.74553
2.7229
2.69279
2.65527
2.61547
2.60323
4.16187
4.12006
4.09044
4.05098
3.99477
3.94551
3.88833
3.82276
3.74397
3.68717
3.63367
3.56757
3.49853
3.4276
3.38463
3.32761
3.27083
3.20589
3.16428
3.12559
3.0751
3.02521
2.97613
2.94796
2.91171
2.87183
2.82666
2.79573
2.77207
2.7396
2.70239
2.66294
2.64392
)
;

boundaryField
{
    inlet
    {
        type            fixedValue;
        value           uniform 1;
    }
    outlet
    {
        type            inletOutlet;
        inletValue      nonuniform 0();
        value           nonuniform 0();
    }
    bottom
    {
        type            symmetryPlane;
    }
    top
    {
        type            symmetryPlane;
    }
    obstacle
    {
        type            zeroGradient;
    }
    defaultFaces
    {
        type            empty;
    }
    procBoundary0to1
    {
        type            processor;
        value           nonuniform List<scalar> 
14
(
3.32223
3.27564
3.15461
3.03777
2.98642
2.95115
2.9213
2.87947
2.79469
2.65299
2.59476
2.58818
2.58955
2.62229
)
;
    }
    procBoundary0to2
    {
        type            processor;
        value           nonuniform List<scalar> 
58
(
1
1
1.00004
1.13372
2.79703
3.85057
1
1
1
1
1
1
1
1
1
1
1
1
1
1
1
1
1
1
1
4.10502
4.05437
4.01773
3.984
3.94336
3.90723
3.86164
3.80719
3.73913
3.69313
3.63537
3.57351
3.5001
3.44983
3.40871
3.35293
3.29234
3.2249
3.19257
3.15175
3.10517
3.05179
3.01066
2.98475
2.94513
2.90496
2.85862
2.835
2.81047
2.77712
2.74024
2.70623
2.68534
)
;
    }
}


// ************************************************************************* //
