/*--------------------------------*- C++ -*----------------------------------*\
  =========                 |
  \\      /  F ield         | OpenFOAM: The Open Source CFD Toolbox
   \\    /   O peration     | Website:  https://openfoam.org
    \\  /    A nd           | Version:  7
     \\/     M anipulation  |
\*---------------------------------------------------------------------------*/
FoamFile
{
    version     2.0;
    format      ascii;
    class       volScalarField;
    location    "2.6";
    object      p;
}
// * * * * * * * * * * * * * * * * * * * * * * * * * * * * * * * * * * * * * //

dimensions      [1 -1 -2 0 0 0 0];

internalField   nonuniform List<scalar> 
4608
(
2.44141
2.42113
2.40423
2.38387
2.35707
2.33498
2.31012
2.28138
2.2494
2.21093
2.19337
2.18418
2.17103
2.15788
2.1428
2.11385
2.08144
2.0572
2.03438
2.01014
1.9877
1.98482
1.99165
2.00883
2.04764
2.16793
2.38087
2.77621
3.43476
3.98726
4.67519
5.43506
5.67374
5.82063
5.9222
5.9553
5.94863
5.88494
5.78234
5.6657
5.53643
5.44886
5.40045
5.36655
5.32529
5.28577
5.24451
5.18866
5.13424
5.0967
5.0639
5.02827
4.98873
4.94649
4.90023
4.84719
4.78701
4.72851
4.68092
4.64142
4.60492
4.56857
4.53109
4.49171
4.44877
4.40076
4.35255
4.31368
4.28218
4.2521
4.22162
4.19003
4.15627
4.11853
4.07504
4.03023
3.99379
3.96404
3.93545
3.90627
3.87593
3.84334
3.80661
3.76547
3.72474
3.69009
3.6613
3.6347
3.60763
3.57878
3.54706
3.51166
3.47323
3.4371
3.41126
3.39035
3.36964
3.34628
3.31798
3.2826
3.24563
3.2201
3.20211
3.186
3.17049
3.15225
3.13095
3.10367
3.0686
3.0423
3.02483
3.01146
2.99489
2.97457
2.95685
2.93759
2.90831
2.87625
2.86269
2.85461
2.84732
2.84775
2.84472
2.83238
2.81232
2.7903
2.77774
2.76896
2.76218
2.76341
2.76808
2.75878
2.73929
2.71625
2.69997
2.69025
2.68942
2.69894
2.70849
2.70913
2.70537
2.70912
2.71621
2.72459
2.7404
2.75543
2.76558
2.78164
2.79208
2.79211
2.78842
2.78828
2.79922
2.80897
2.80807
2.81376
2.83732
2.84564
2.85382
2.87646
2.92408
2.99958
3.07903
3.1761
3.32607
3.48377
3.63253
3.84267
4.06361
4.24679
4.49382
4.73633
4.91347
5.11951
5.37215
5.47918
5.55044
5.67118
5.8107
5.84938
5.86955
5.93126
5.98404
5.98899
6.00197
6.02182
6.02396
6.01793
6.01876
6.03105
6.03879
6.02928
6.00544
5.97426
5.93328
5.88431
5.83636
5.80073
5.77538
5.75395
5.73243
5.70569
5.67366
5.63314
5.58614
5.54736
5.52007
5.50175
5.48614
5.47015
5.45346
5.42995
5.39088
5.35084
5.32701
5.31244
5.30453
5.29666
5.28573
5.27224
5.25238
5.21995
5.17617
5.13584
5.11709
5.10788
5.09776
5.08637
5.07391
5.05888
5.03751
5.00314
4.9602
4.92788
4.91047
4.90132
4.8925
4.88243
4.87124
4.85735
4.83659
4.80242
4.75843
4.7281
4.71313
4.70315
4.69496
4.68653
4.67653
4.66308
4.64147
4.60347
4.55969
4.54178
4.53318
4.52455
4.51602
4.50795
4.49965
4.48916
4.47223
4.44295
4.39986
4.36066
4.34304
4.33428
4.32681
4.31965
4.31253
4.30475
4.29429
4.27762
4.25173
4.2171
4.18265
4.16256
4.15288
4.14568
4.13874
4.13052
4.11948
4.10322
4.07852
4.04671
4.01901
4.00106
3.99438
3.98279
2.58415
2.56247
2.55457
2.54055
2.51571
2.48466
2.4352
2.38091
2.36242
2.35208
2.34001
2.32677
2.30553
2.28561
2.2672
2.23992
2.19089
2.15487
2.15371
2.17066
2.22202
2.35112
2.61709
2.97561
3.6123
4.36263
4.91003
5.60608
6.24023
6.42422
6.47504
6.46189
6.40766
6.35527
6.26797
6.16979
6.07246
5.96942
5.86517
5.7891
5.73852
5.69256
5.65474
5.62027
5.58015
5.53332
5.48277
5.43196
5.38165
5.33211
5.28251
5.23114
5.17789
5.1244
5.07249
5.02218
4.97203
4.92051
4.86856
4.81951
4.77551
4.7357
4.69764
4.65954
4.61955
4.57494
4.52446
4.47559
4.43701
4.40405
4.37211
4.3395
4.30469
4.26536
4.21898
4.17022
4.13175
4.10163
4.07304
4.04374
4.01242
3.97688
3.93361
3.88612
3.84985
3.82324
3.79827
3.77273
3.74558
3.71538
3.67738
3.63231
3.5989
3.57455
3.55144
3.52835
3.50365
3.47578
3.44281
3.40178
3.36264
3.33685
3.31498
3.29261
3.26915
3.24414
3.21639
3.18368
3.14274
3.10509
3.08617
3.07008
3.05116
3.03015
3.00903
2.98568
2.95563
2.91781
2.89295
2.88014
2.8695
2.85613
2.84121
2.82428
2.80089
2.77152
2.74364
2.71767
2.7022
2.69327
2.68496
2.67051
2.65825
2.65013
2.63718
2.61113
2.59198
2.58318
2.57784
2.57712
2.57589
2.56848
2.56087
2.54819
2.53015
2.5197
2.51656
2.51485
2.50334
2.485
2.47104
2.46298
2.46364
2.46461
2.45957
2.45551
2.45912
2.46334
2.46109
2.45421
2.4493
2.45147
2.45817
2.4747
2.49213
2.51048
2.53429
2.56529
2.61363
2.68189
2.77235
2.88797
3.03331
3.20586
3.3951
3.63822
3.87114
4.04313
4.26544
4.54707
4.71558
4.87674
5.12563
5.26545
5.34356
5.46928
5.59806
5.62172
5.6439
5.70087
5.74187
5.74856
5.77251
5.79349
5.78961
5.77427
5.76037
5.75232
5.74978
5.75118
5.74292
5.721
5.68944
5.64817
5.59928
5.54757
5.50612
5.47819
5.45636
5.43871
5.42203
5.40088
5.3699
5.32922
5.28911
5.26134
5.24069
5.22913
5.21915
5.2072
5.19264
5.17395
5.14493
5.09905
5.06312
5.05214
5.04313
5.03309
5.02354
5.01319
4.99934
4.97778
4.94262
4.89701
4.86773
4.85656
4.84784
4.8394
4.8306
4.82016
4.80613
4.78378
4.74576
4.70174
4.67104
4.65768
4.65109
4.64425
4.63611
4.62629
4.61314
4.59116
4.55173
4.50953
4.48853
4.47644
4.4675
4.45973
4.45286
4.44622
4.43702
4.4219
4.39829
4.36405
4.32004
4.28819
4.27995
4.27362
4.26667
4.26066
4.25358
4.24381
4.23169
4.21427
4.18645
4.14575
4.11484
4.10583
4.09958
4.09166
4.08232
4.07213
4.05931
4.04059
4.01268
3.97652
3.9572
3.94308
2.74955
2.73302
2.71579
2.69448
2.65025
2.59049
2.54947
2.52524
2.50536
2.48233
2.4674
2.46033
2.44948
2.42934
2.39505
2.37727
2.4051
2.5011
2.77216
3.25635
3.81858
4.72016
5.52812
6.0134
6.62775
6.91031
7.00852
7.05911
7.03802
6.94843
6.83105
6.68132
6.55813
6.45405
6.35551
6.28558
6.22924
6.17463
6.12045
6.05816
5.99105
5.94396
5.90627
5.86424
5.81783
5.76769
5.71305
5.65241
5.58219
5.50751
5.44362
5.39203
5.345
5.2992
5.25249
5.20249
5.14539
5.0795
5.02191
4.98147
4.94483
4.90787
4.8694
4.82787
4.77959
4.72168
4.66858
4.63114
4.59777
4.56428
4.5299
4.49362
4.45282
4.40302
4.34984
4.31148
4.28095
4.25065
4.21959
4.18705
4.15107
4.10701
4.05478
4.01444
3.98596
3.95887
3.93142
3.90287
3.87223
3.83735
3.79154
3.74279
3.7136
3.68848
3.66266
3.63741
3.61082
3.57985
3.54196
3.49751
3.45651
3.43129
3.41087
3.38959
3.36656
3.34109
3.31131
3.27552
3.23546
3.19958
3.17998
3.16422
3.14622
3.12563
3.10317
3.078
3.04736
3.01072
2.97142
2.9481
2.9338
2.91818
2.89931
2.87841
2.85855
2.83704
2.80796
2.76754
2.73462
2.72084
2.70873
2.69298
2.67851
2.66821
2.65783
2.64242
2.61573
2.57975
2.56014
2.54705
2.53327
2.52291
2.51246
2.50098
2.48714
2.46525
2.44089
2.42942
2.42194
2.41429
2.40441
2.38899
2.37322
2.36536
2.35992
2.35716
2.3584
2.35399
2.34395
2.32883
2.30768
2.29119
2.28039
2.27357
2.26979
2.27128
2.26973
2.26173
2.25125
2.2364
2.22881
2.22852
2.23276
2.24452
2.27054
2.31229
2.36751
2.43335
2.51475
2.62966
2.78865
2.95478
3.12985
3.36463
3.59655
3.78874
4.05455
4.2865
4.4273
4.62013
4.88192
4.97031
5.06779
5.24679
5.32105
5.35559
5.42945
5.45858
5.45768
5.48101
5.50838
5.52359
5.5293
5.52748
5.52204
5.50695
5.49724
5.48725
5.47483
5.45685
5.43258
5.40158
5.36784
5.33319
5.29807
5.26369
5.22766
5.20246
5.1866
5.16957
5.15061
5.13012
5.10524
5.07012
5.02824
4.99586
4.97844
4.96833
4.96037
4.95197
4.94219
4.92887
4.90638
4.86783
4.82623
4.80489
4.79504
4.78853
4.78185
4.77404
4.76402
4.7491
4.72321
4.68269
4.63825
4.61265
4.60555
4.60012
4.59287
4.584
4.57365
4.56025
4.53807
4.50086
4.45662
4.43175
4.42116
4.41109
4.40307
4.39775
4.39026
4.3788
4.36571
4.34659
4.31285
4.26456
4.23969
4.23221
4.22398
4.21439
4.2057
4.20005
4.1939
4.18444
4.16857
4.14257
4.10905
4.08002
4.06192
4.05045
4.04131
4.03294
4.02366
4.01216
3.995
3.96954
3.94164
3.90955
2.91229
2.88682
2.86142
2.83191
2.78462
2.7207
2.66551
2.64535
2.63642
2.63327
2.63646
2.64219
2.68487
2.78776
3.0021
3.47904
4.14765
4.88526
6.00376
6.71831
7.16385
7.60154
7.68589
7.6526
7.59103
7.50556
7.41944
7.30146
7.1766
7.05633
6.92751
6.78348
6.69329
6.63588
6.59058
6.55152
6.50819
6.45979
6.39588
6.31076
6.23798
6.18487
6.13277
6.07933
6.02313
5.96458
5.90019
5.82289
5.7353
5.6656
5.61569
5.56983
5.52442
5.47788
5.42847
5.37114
5.30083
5.23546
5.19045
5.15084
5.11151
5.07169
5.02997
4.98289
4.92448
4.86085
4.81415
4.77767
4.74245
4.70707
4.67049
4.63078
4.58312
4.52312
4.46966
4.43436
4.40308
4.37167
4.33919
4.30438
4.26422
4.21295
4.15648
4.11801
4.08975
4.06261
4.0347
4.00514
3.97321
3.93659
3.89079
3.8367
3.80393
3.78078
3.75592
3.73094
3.70537
3.67609
3.63971
3.59699
3.55621
3.5249
3.50324
3.48374
3.46267
3.43902
3.41305
3.38333
3.34719
3.30317
3.26811
3.24971
3.23262
3.21367
3.19256
3.17093
3.14792
3.11899
3.07768
3.03107
3.00838
2.9941
2.977
2.95738
2.94032
2.92388
2.90426
2.87654
2.83442
2.7952
2.7754
2.75865
2.73906
2.72433
2.71267
2.69919
2.6813
2.6573
2.62551
2.59146
2.56532
2.54308
2.52948
2.5196
2.50884
2.49521
2.47875
2.46094
2.44398
2.42834
2.41084
2.38578
2.35616
2.34009
2.3289
2.31887
2.31217
2.30402
2.2938
2.28178
2.2657
2.2435
2.21771
2.20317
2.19699
2.19301
2.18969
2.18499
2.18132
2.1787
2.17403
2.16419
2.14368
2.12726
2.12073
2.117
2.11693
2.11963
2.11637
2.10826
2.10267
2.10319
2.10898
2.12924
2.17214
2.23443
2.31362
2.42798
2.55773
2.69319
2.89778
3.11546
3.29096
3.5341
3.78128
3.96061
4.2132
4.42765
4.52076
4.64685
4.86442
4.94809
4.99552
5.10643
5.1937
5.20265
5.22624
5.26127
5.27148
5.26505
5.2631
5.26806
5.27677
5.28022
5.27454
5.2617
5.23875
5.21346
5.18988
5.16749
5.14354
5.11665
5.08883
5.05706
5.0201
4.98411
4.94971
4.92585
4.91761
4.90798
4.89475
4.87952
4.86089
4.8343
4.79284
4.74691
4.73198
4.72687
4.7201
4.71418
4.70889
4.70037
4.68474
4.65491
4.61245
4.57416
4.5562
4.55069
4.54509
4.53704
4.52797
4.51795
4.50409
4.48106
4.43933
4.39764
4.38268
4.37199
4.35907
4.35197
4.34435
4.33378
4.32235
4.30783
4.28428
4.24672
4.21447
4.19621
4.1822
4.17317
4.16536
4.15467
4.14644
4.13979
4.12869
4.11108
4.09012
4.06684
4.04303
4.02216
4.00292
3.98732
3.97712
3.96717
3.95525
3.94086
3.92628
3.89238
3.06001
3.0424
3.01482
2.97236
2.89159
2.83196
2.82663
2.8413
2.89472
3.0424
3.34336
3.83654
4.63026
5.4364
6.31769
7.30334
7.77699
8.19269
8.47988
8.4939
8.3827
8.17633
7.98689
7.84066
7.72306
7.63095
7.53965
7.44047
7.32492
7.17956
7.07223
7.01518
6.96898
6.93641
6.90183
6.84727
6.78171
6.69755
6.59422
6.50577
6.4421
6.3836
6.32573
6.26626
6.20475
6.13736
6.0556
5.9617
5.89228
5.84291
5.79604
5.74908
5.70092
5.65028
5.59229
5.51933
5.44421
5.39225
5.34958
5.30767
5.26573
5.2228
5.17665
5.12227
5.05454
4.99124
4.94768
4.90977
4.87256
4.83547
4.79733
4.75611
4.70714
4.64504
4.58519
4.54607
4.51407
4.48253
4.45019
4.41613
4.37847
4.33292
4.27652
4.22424
4.18924
4.16115
4.13324
4.10413
4.07373
4.04195
4.0051
3.95607
3.90318
3.86857
3.84193
3.81661
3.79185
3.76582
3.73692
3.70228
3.66088
3.61504
3.57554
3.55348
3.53389
3.5109
3.48658
3.46306
3.43716
3.40255
3.35327
3.30951
3.2878
3.27015
3.25088
3.23209
3.2138
3.1939
3.16844
3.12979
3.07861
3.04943
3.03232
3.01407
2.99832
2.98409
2.96913
2.95254
2.93084
2.89743
2.85467
2.82209
2.79748
2.78027
2.76842
2.75627
2.74234
2.72723
2.71045
2.68775
2.65485
2.61338
2.58587
2.57446
2.56381
2.55171
2.53848
2.52625
2.51424
2.49933
2.47669
2.43905
2.39992
2.38006
2.36603
2.35152
2.33958
2.32935
2.31903
2.30757
2.29434
2.27674
2.25026
2.21381
2.19031
2.1818
2.17596
2.17222
2.16735
2.15955
2.15113
2.14103
2.12413
2.09237
2.06699
2.05942
2.05489
2.05081
2.04437
2.03966
2.03765
2.03456
2.02527
2.00607
1.99459
1.99064
1.98835
1.99073
1.99489
1.99387
1.99666
2.00859
2.03297
2.07341
2.14553
2.24173
2.35667
2.51482
2.68146
2.83459
3.06089
3.28657
3.44817
3.66238
3.95022
4.09671
4.2345
4.47748
4.58553
4.63525
4.74365
4.87207
4.89327
4.92823
4.99238
5.0115
5.01254
5.01471
5.02984
5.03601
5.03326
5.02945
5.03015
5.0262
5.01616
4.99755
4.97322
4.94612
4.91837
4.8942
4.87096
4.8479
4.82574
4.80234
4.77561
4.74535
4.7148
4.68744
4.66858
4.65605
4.64459
4.63555
4.62525
4.60746
4.58286
4.54875
4.50941
4.49571
4.49034
4.48119
4.47197
4.46334
4.45305
4.43648
4.40403
4.36409
4.34495
4.33436
4.32307
4.3121
4.30082
4.28923
4.27712
4.2628
4.24322
4.21668
4.18806
4.16404
4.14875
4.13769
4.12544
4.11512
4.10694
4.09612
4.08215
4.06851
4.05304
4.03408
4.01486
3.99658
3.97647
3.95549
3.9363
3.92221
3.91243
3.90328
3.89345
3.86722
3.21496
3.19406
3.16433
3.13871
3.15416
3.27758
3.5796
4.1224
5.02913
6.09117
7.03771
8.13868
8.73175
8.87871
9.02044
9.08205
9.14009
9.09427
8.92364
8.70428
8.42987
8.19898
8.07791
7.99154
7.93989
7.87054
7.78731
7.69311
7.55532
7.43339
7.36883
7.31592
7.28101
7.2344
7.16525
7.08906
6.99032
6.86203
6.75996
6.69311
6.63215
6.5754
6.51615
6.45405
6.38604
6.29988
6.19514
6.12065
6.06991
6.0218
5.97344
5.9239
5.87291
5.81689
5.74643
5.6584
5.5886
5.54188
5.49859
5.45578
5.41264
5.36821
5.32017
5.26246
5.18801
5.11778
5.07187
5.0327
4.99412
4.95612
4.91763
4.8767
4.83014
4.77231
4.70438
4.64839
4.61091
4.57856
4.54615
4.51257
4.47767
4.4396
4.39384
4.33595
4.27808
4.24047
4.21087
4.18139
4.15094
4.12147
4.09108
4.05356
4.0041
3.95012
3.90753
3.87702
3.85176
3.82753
3.80294
3.77628
3.74508
3.70659
3.65512
3.61059
3.58636
3.56418
3.54197
3.522
3.5022
3.47971
3.44987
3.40488
3.35262
3.32159
3.30114
3.28365
3.26812
3.25216
3.23501
3.21458
3.18531
3.14081
3.09591
3.06762
3.04917
3.03457
3.02196
3.00856
2.99346
2.97591
2.95276
2.91792
2.87087
2.83478
2.81871
2.80644
2.79351
2.77979
2.76619
2.75207
2.73472
2.70735
2.66168
2.62897
2.61581
2.60411
2.5904
2.57718
2.56675
2.55594
2.54148
2.51693
2.47687
2.44088
2.42199
2.40736
2.39501
2.38467
2.37403
2.36177
2.34756
2.3311
2.30987
2.27924
2.23908
2.21833
2.21015
2.20131
2.19056
2.17917
2.16891
2.1589
2.14706
2.12899
2.0953
2.06388
2.05459
2.04924
2.04262
2.03509
2.02838
2.02179
2.01251
1.993
1.96131
1.94531
1.94045
1.93614
1.93062
1.9261
1.92444
1.92158
1.91341
1.89689
1.88632
1.88415
1.88494
1.89122
1.90207
1.916
1.93409
1.96483
2.01015
2.07328
2.17727
2.31931
2.455
2.61974
2.84159
3.02001
3.20053
3.45091
3.6149
3.75671
4.00817
4.18482
4.25952
4.37594
4.52523
4.57709
4.61698
4.67765
4.75222
4.77518
4.77832
4.80019
4.8156
4.82102
4.80962
4.80331
4.80516
4.80497
4.79885
4.79211
4.78204
4.76477
4.73587
4.69615
4.6585
4.63187
4.6113
4.59321
4.57855
4.56376
4.54779
4.52279
4.48665
4.46309
4.44817
4.43495
4.42243
4.40857
4.39497
4.37637
4.34822
4.31736
4.29268
4.28451
4.27788
4.26707
4.25637
4.24541
4.23212
4.2169
4.19824
4.17593
4.14802
4.12346
4.10944
4.09859
4.08836
4.08039
4.07192
4.06083
4.04659
4.0273
4.00454
3.98749
3.97352
3.95851
3.94388
3.93
3.91093
3.88403
3.86783
3.8606
3.85258
3.83343
3.50693
3.67593
4.04904
4.6201
5.48325
6.70287
7.70683
8.65747
9.65605
10.1302
10.1612
9.99912
9.8212
9.65316
9.5307
9.4222
9.26064
9.08861
8.88959
8.64295
8.45787
8.36097
8.29256
8.25901
8.22414
8.15296
8.06776
7.94824
7.80489
7.71288
7.64142
7.57702
7.51858
7.44318
7.36322
7.27076
7.14782
7.01955
6.93923
6.87511
6.81503
6.75485
6.69257
6.6287
6.55472
6.45498
6.35033
6.28573
6.23448
6.18452
6.134
6.08288
6.0297
5.96991
5.89373
5.80105
5.72704
5.67692
5.63185
5.58813
5.5447
5.49997
5.45265
5.39812
5.32681
5.24267
5.18146
5.13849
5.09869
5.05985
5.02146
4.98193
4.93875
4.88775
4.82444
4.7561
4.70022
4.66111
4.62823
4.59501
4.56027
4.52488
4.48745
4.44295
4.38444
4.32479
4.28557
4.25333
4.22188
4.19193
4.1631
4.13193
4.09467
4.04868
3.99731
3.95248
3.91861
3.89059
3.86407
3.83844
3.81276
3.78419
3.74966
3.70797
3.66428
3.62726
3.59719
3.57371
3.55434
3.53537
3.51423
3.48781
3.45199
3.40611
3.35968
3.32735
3.30983
3.29496
3.2794
3.26212
3.24264
3.21911
3.18636
3.13878
3.09161
3.06916
3.05548
3.04308
3.02961
3.01481
2.99928
2.98091
2.95199
2.90184
2.85859
2.83968
2.82624
2.81261
2.79914
2.78617
2.77314
2.75733
2.73169
2.69174
2.65753
2.64072
2.62716
2.61172
2.60012
2.59071
2.5804
2.56651
2.54363
2.5075
2.47233
2.45135
2.43913
2.42988
2.42066
2.41
2.39732
2.38398
2.36964
2.34899
2.31309
2.27553
2.25877
2.24863
2.23811
2.2273
2.21686
2.20707
2.19602
2.182
2.15973
2.12227
2.09702
2.08858
2.08038
2.06983
2.05987
2.05072
2.04108
2.02716
2.00198
1.97068
1.95654
1.94885
1.94118
1.93476
1.92899
1.9226
1.9134
1.89602
1.86537
1.84447
1.83885
1.83619
1.83448
1.83033
1.8297
1.82996
1.82837
1.82195
1.80566
1.79573
1.79556
1.80169
1.82121
1.85968
1.90356
1.96353
2.04326
2.13415
2.26975
2.4243
2.57788
2.78137
2.96864
3.13386
3.36925
3.53272
3.65089
3.83077
4.05823
4.13618
4.22237
4.3719
4.41492
4.43728
4.50112
4.5511
4.55413
4.57096
4.59771
4.60801
4.60489
4.59866
4.59267
4.58415
4.57518
4.56957
4.56517
4.55505
4.5377
4.51262
4.48322
4.45526
4.43132
4.41095
4.38991
4.36814
4.34898
4.32816
4.30685
4.27975
4.244
4.22967
4.22078
4.20895
4.19795
4.18541
4.17556
4.16463
4.15089
4.13303
4.10195
4.07183
4.0578
4.04821
4.03932
4.03258
4.02665
4.01862
4.00653
3.98715
3.96236
3.94002
3.9223
3.9116
3.904
3.89362
3.87774
3.8577
3.83795
3.82193
3.81238
3.79433
6.21643
7.5218
8.96985
9.73865
10.3162
10.8211
11.136
11.1985
11.0564
10.7764
10.4843
10.2543
10.0712
9.92958
9.77322
9.60844
9.43364
9.22951
9.02513
8.90159
8.81209
8.73609
8.6736
8.6008
8.51143
8.40881
8.28656
8.15223
8.04902
7.96579
7.88226
7.79724
7.71183
7.62531
7.53453
7.43217
7.31834
7.21952
7.1412
7.06947
6.99951
6.92973
6.86025
6.79
6.71487
6.62911
6.53801
6.46038
6.39701
6.33758
6.27987
6.22522
6.17048
6.11145
6.04337
5.96289
5.87983
5.81156
5.75537
5.70567
5.66035
5.6154
5.56853
5.51883
5.4619
5.38961
5.30773
5.24394
5.19528
5.15149
5.11198
5.07364
5.03323
4.98887
4.93666
4.87295
4.80726
4.75441
4.71166
4.67429
4.63853
4.60123
4.56264
4.5228
4.47861
4.4258
4.37328
4.33292
4.29672
4.2603
4.22421
4.18982
4.1553
4.11821
4.07953
4.04067
4.00031
3.95834
3.9182
3.8824
3.85329
3.82914
3.80474
3.77779
3.74642
3.70754
3.66166
3.61628
3.58464
3.5652
3.54733
3.52864
3.50793
3.48271
3.44659
3.39166
3.34404
3.32335
3.30834
3.29303
3.27686
3.25984
3.24177
3.21823
3.17825
3.12067
3.08739
3.07408
3.06151
3.04561
3.03219
3.01969
3.00398
2.97937
2.93816
2.89365
2.86655
2.8456
2.83185
2.82244
2.81067
2.79562
2.7775
2.75324
2.71821
2.68634
2.6696
2.65457
2.63996
2.62918
2.61781
2.60475
2.58855
2.56531
2.53298
2.49947
2.48017
2.46992
2.46013
2.44932
2.43691
2.42388
2.41115
2.39608
2.37374
2.3409
2.30863
2.28943
2.27686
2.26586
2.25564
2.24626
2.23648
2.22422
2.2072
2.1794
2.14664
2.12929
2.11909
2.10998
2.10151
2.09235
2.08165
2.06786
2.04711
2.01734
1.99207
1.97996
1.97248
1.9654
1.95811
1.95086
1.94288
1.93191
1.91172
1.87727
1.85766
1.84996
1.83999
1.82841
1.82219
1.81778
1.8129
1.80505
1.79164
1.76901
1.74846
1.74417
1.74273
1.74284
1.74537
1.74458
1.7423
1.7391
1.73402
1.73003
1.73282
1.75047
1.78975
1.84235
1.90974
2.00414
2.10377
2.21424
2.38782
2.56048
2.69786
2.89113
3.12678
3.27073
3.43065
3.64368
3.74611
3.8371
4.00558
4.14744
4.15918
4.20277
4.2991
4.32568
4.32286
4.34959
4.37324
4.37416
4.37702
4.3874
4.39225
4.39011
4.38704
4.38113
4.37047
4.35781
4.3401
4.32198
4.30369
4.27829
4.24596
4.21245
4.18171
4.16
4.14355
4.12847
4.11974
4.11093
4.1016
4.08865
4.06459
4.03267
4.00558
3.99161
3.98027
3.97254
3.96739
3.96058
3.94972
3.93345
3.91275
3.89067
3.87358
3.85862
3.84689
3.83945
3.82988
3.81651
3.80194
3.7859
3.77243
3.7488
12.028
12.3101
12.1617
11.9499
11.791
11.6663
11.4566
11.2062
10.9395
10.6157
10.3612
10.2108
10.1086
10.0149
9.89663
9.7681
9.60854
9.45418
9.3491
9.25896
9.18097
9.08714
8.98382
8.86667
8.72176
8.56909
8.45072
8.35646
8.26847
8.18223
8.09371
7.99754
7.88839
7.76913
7.65888
7.56694
7.48709
7.41431
7.34159
7.26492
7.18128
7.08713
6.99046
6.90928
6.83956
6.77416
6.70886
6.64027
6.56857
6.49152
6.40679
6.32901
6.26955
6.21444
6.15819
6.10046
6.03644
5.96333
5.887
5.81419
5.74877
5.6984
5.65364
5.60649
5.55704
5.50478
5.44399
5.37355
5.30554
5.24149
5.18167
5.13888
5.10102
5.05946
5.01641
4.97028
4.91541
4.85643
4.80454
4.75693
4.70952
4.6666
4.62515
4.58158
4.53903
4.49892
4.45762
4.41815
4.382
4.3416
4.2911
4.23685
4.19525
4.16318
4.13407
4.10776
4.08024
4.04526
3.99675
3.93812
3.89093
3.86357
3.84257
3.82205
3.80125
3.77705
3.74335
3.69632
3.64155
3.5974
3.57686
3.56175
3.54642
3.52742
3.50456
3.47628
3.43322
3.37705
3.34386
3.32593
3.30925
3.29247
3.27623
3.26097
3.24196
3.2095
3.15321
3.10866
3.0948
3.0821
3.06264
3.04633
3.03426
3.01922
2.99479
2.9593
2.9258
2.89544
2.86296
2.84645
2.8357
2.81998
2.79827
2.77467
2.74904
2.72098
2.70073
2.68615
2.67064
2.6562
2.64093
2.62236
2.60301
2.58436
2.56351
2.53671
2.51135
2.49669
2.48323
2.46706
2.44974
2.43484
2.42406
2.4141
2.40215
2.38479
2.35801
2.32658
2.30573
2.29425
2.28446
2.27392
2.26314
2.25095
2.23496
2.21347
2.18321
2.15588
2.14607
2.13972
2.13298
2.12543
2.1164
2.10473
2.08834
2.06443
2.0314
2.00844
2.00154
1.99684
1.99131
1.98487
1.9778
1.9693
1.957
1.93496
1.90642
1.89053
1.88138
1.87235
1.86304
1.85336
1.84257
1.8306
1.818
1.80362
1.77988
1.74822
1.7361
1.73309
1.73055
1.72751
1.72455
1.72131
1.71581
1.70347
1.68325
1.67274
1.67064
1.67103
1.67495
1.67783
1.67789
1.67548
1.67342
1.67487
1.68702
1.71613
1.77538
1.86046
1.95301
2.07237
2.22958
2.3653
2.51387
2.72664
2.881
3.00522
3.23518
3.41651
3.49385
3.62689
3.7886
3.83051
3.88666
4.01303
4.07377
4.09135
4.14057
4.17735
4.18214
4.17676
4.19093
4.20535
4.20433
4.20321
4.20421
4.19701
4.18059
4.15897
4.13889
4.13267
4.12192
4.10792
4.09344
4.07335
4.0472
4.01839
3.98826
3.95609
3.93087
3.91869
3.91042
3.90261
3.89338
3.88128
3.86715
3.85028
3.82909
3.80566
3.78702
3.77421
3.7648
3.7563
3.74765
3.73762
3.72457
3.69267
13.4213
13.1501
12.7703
12.4203
12.1865
11.9575
11.7123
11.4662
11.1995
10.8905
10.6501
10.5019
10.3834
10.2721
10.1515
10.0142
9.84651
9.71055
9.61154
9.51774
9.42085
9.31649
9.20342
9.06568
8.8924
8.74836
8.65179
8.56244
8.47425
8.38663
8.2968
8.19578
8.06833
7.92497
7.81518
7.73852
7.66847
7.59935
7.52855
7.45291
7.36776
7.2606
7.13019
7.03436
6.97223
6.91203
6.85263
6.79489
6.73143
6.65341
6.55847
6.4547
6.35867
6.30085
6.25637
6.2071
6.15706
6.10318
6.03589
5.9516
5.85883
5.77303
5.71606
5.67478
5.63249
5.58678
5.54026
5.49048
5.43215
5.36315
5.2818
5.20147
5.14996
5.11203
5.07448
5.03828
5.00092
4.95643
4.90434
4.85015
4.79445
4.73447
4.67811
4.63512
4.59801
4.56208
4.52857
4.49628
4.46086
4.41776
4.36407
4.30296
4.24859
4.21351
4.18822
4.16293
4.1363
4.10803
4.07318
4.02096
3.95144
3.90517
3.88081
3.85832
3.83823
3.81915
3.79637
3.76425
3.7187
3.65619
3.60456
3.58514
3.57082
3.55536
3.53685
3.51636
3.49326
3.45819
3.40207
3.35215
3.32656
3.31054
3.2957
3.28088
3.26696
3.24994
3.22297
3.17483
3.12112
3.10266
3.08932
3.06666
3.0463
3.03481
3.02141
3.00302
2.98257
2.95709
2.91967
2.88071
2.85955
2.8427
2.81794
2.7873
2.76779
2.75187
2.73346
2.71638
2.70105
2.68636
2.67123
2.65227
2.62465
2.59382
2.57513
2.5615
2.54805
2.53829
2.52772
2.51139
2.48699
2.45583
2.42956
2.4156
2.40703
2.39937
2.38952
2.37219
2.34195
2.31649
2.30455
2.29515
2.28799
2.28167
2.2736
2.26254
2.24657
2.22196
2.19005
2.16614
2.15373
2.14424
2.13552
2.1281
2.12144
2.11312
2.09517
2.05603
2.02575
2.01828
2.01396
2.00822
2.00078
1.99309
1.9841
1.96974
1.94467
1.91682
1.907
1.90265
1.89897
1.89564
1.89099
1.8857
1.87971
1.87122
1.85729
1.83517
1.80242
1.76649
1.74765
1.74071
1.73554
1.72916
1.72123
1.71136
1.69584
1.67697
1.67058
1.66753
1.66305
1.65783
1.65376
1.64879
1.64162
1.62899
1.60517
1.59527
1.59483
1.59526
1.59706
1.60138
1.61143
1.62767
1.63911
1.66089
1.70681
1.76162
1.83468
1.95026
2.06403
2.17735
2.34994
2.50698
2.63243
2.82585
3.00888
3.12604
3.27114
3.50192
3.56974
3.60421
3.7055
3.84152
3.85966
3.88634
3.95438
3.98836
3.98844
3.98713
3.99811
3.99417
3.99237
3.99916
4.00174
3.99815
3.99177
3.985
3.97441
3.95508
3.9317
3.915
3.90116
3.88613
3.87075
3.85554
3.83873
3.81886
3.79538
3.76884
3.74552
3.72574
3.7138
3.70728
3.70047
3.69164
3.68109
3.64889
12.9542
12.6596
12.3769
12.1889
12.0653
11.9392
11.7889
11.626
11.4379
11.235
11.0576
10.9036
10.7568
10.6118
10.4641
10.3064
10.1386
9.98056
9.8453
9.72354
9.60713
9.48968
9.36403
9.22357
9.07341
8.94097
8.83547
8.7411
8.64915
8.55595
8.45802
8.35086
8.22719
8.09843
7.99299
7.90694
7.82987
7.75441
7.67634
7.59506
7.50714
7.40876
7.30031
7.19183
7.10483
7.03587
6.96805
6.90128
6.83911
6.77062
6.68847
6.59667
6.50428
6.40983
6.33006
6.28237
6.23621
6.18392
6.13084
6.06993
5.98882
5.88683
5.79585
5.73203
5.684
5.64378
5.60278
5.55896
5.51297
5.46047
5.39185
5.30296
5.21676
5.15837
5.11918
5.08589
5.05316
5.01845
4.97753
4.926
4.8644
4.79841
4.73487
4.68804
4.65592
4.62377
4.58715
4.55014
4.51354
4.47041
4.41892
4.36603
4.31699
4.27254
4.2374
4.21025
4.18322
4.15402
4.12266
4.08456
4.02876
3.95612
3.91328
3.89213
3.87
3.84869
3.82907
3.80615
3.77319
3.72297
3.66154
3.61211
3.59006
3.57548
3.56059
3.54388
3.52548
3.50365
3.46915
3.41321
3.35641
3.32674
3.31261
3.30028
3.28773
3.27524
3.25938
3.23457
3.18861
3.13209
3.10432
3.08533
3.06689
3.05575
3.04693
3.03621
3.02425
3.01104
2.99031
2.95446
2.90595
2.85295
2.80926
2.79655
2.79081
2.78476
2.77518
2.76269
2.7469
2.726
2.69605
2.65658
2.62533
2.6075
2.59708
2.58854
2.57903
2.56958
2.55962
2.54426
2.5195
2.4893
2.46355
2.4412
2.4179
2.40259
2.39405
2.38558
2.37568
2.36314
2.34486
2.31862
2.2914
2.27334
2.26189
2.25102
2.23676
2.21667
2.20348
2.1987
2.19386
2.18839
2.18171
2.17086
2.15091
2.12269
2.10206
2.09195
2.0857
2.08121
2.07701
2.071
2.06285
2.05414
2.04443
2.02989
2.00319
1.96324
1.93238
1.9203
1.91428
1.90897
1.90331
1.89649
1.88721
1.87361
1.86024
1.85322
1.8485
1.84422
1.83715
1.81992
1.8051
1.79815
1.79076
1.78156
1.77025
1.75309
1.72713
1.70086
1.68577
1.6764
1.66689
1.65447
1.63895
1.6265
1.62143
1.61653
1.60586
1.59088
1.5791
1.57642
1.57721
1.57915
1.57897
1.57407
1.56525
1.55489
1.54814
1.54931
1.55218
1.55735
1.57009
1.5964
1.629
1.67293
1.74129
1.83285
1.93216
2.05019
2.20599
2.34285
2.46308
2.64674
2.8126
2.91472
3.05596
3.26981
3.34389
3.4058
3.54905
3.61915
3.62962
3.67348
3.75534
3.77449
3.77809
3.80597
3.81576
3.81369
3.80727
3.80833
3.81173
3.81632
3.82068
3.81854
3.8126
3.80087
3.77469
3.74147
3.73266
3.72463
3.70623
3.68348
3.66818
3.65758
3.64737
3.61475
13.0872
12.7532
12.4774
12.2896
12.1325
11.9847
11.8301
11.6648
11.4989
11.3498
11.2203
11.0927
10.9574
10.8107
10.6527
10.4902
10.3355
10.1935
10.0596
9.92796
9.79543
9.66106
9.52077
9.37513
9.2405
9.12446
9.0204
8.9213
8.82056
8.71436
8.59877
8.47467
8.35383
8.24764
8.15753
8.07354
7.98912
7.90072
7.80327
7.69785
7.59557
7.50318
7.42039
7.34109
7.2586
7.17207
7.08084
6.98387
6.89568
6.82934
6.76608
6.69982
6.6353
6.56206
6.46393
6.34947
6.27824
6.23052
6.18117
6.13423
6.08503
6.0222
5.93095
5.82013
5.74114
5.68568
5.64276
5.60599
5.56688
5.52407
5.4756
5.41172
5.32127
5.22687
5.17031
5.13406
5.10117
5.06922
5.03428
4.98992
4.92746
4.8479
4.78267
4.74185
4.71193
4.68519
4.65429
4.61297
4.56253
4.50764
4.44328
4.38993
4.36298
4.33712
4.30429
4.26882
4.23426
4.19724
4.15839
4.12056
4.08027
4.02784
3.96494
3.92483
3.90133
3.87709
3.85331
3.83161
3.80706
3.77381
3.72683
3.67314
3.62378
3.58967
3.57251
3.5563
3.53764
3.51907
3.50019
3.47457
3.43165
3.36416
3.31954
3.30518
3.29225
3.28127
3.27138
3.25837
3.23802
3.20335
3.14968
3.09858
3.06762
3.05548
3.04768
3.0389
3.02947
3.02152
3.01372
3.00258
2.98386
2.9458
2.8747
2.81018
2.78665
2.77619
2.76802
2.76305
2.76052
2.75275
2.74194
2.72653
2.69401
2.63606
2.59638
2.58048
2.57074
2.56375
2.5568
2.54749
2.53358
2.50886
2.47633
2.46827
2.46758
2.4599
2.44967
2.44372
2.43654
2.42687
2.41367
2.39462
2.36761
2.33775
2.32005
2.31045
2.30115
2.29002
2.27213
2.23494
2.19616
2.18576
2.18196
2.17896
2.17554
2.17046
2.16363
2.15199
2.12292
2.07467
2.05231
2.04516
2.03785
2.03272
2.02938
2.02495
2.0188
2.0108
1.9989
1.98424
1.97331
1.96609
1.95958
1.9526
1.94434
1.93384
1.92124
1.90752
1.8931
1.87569
1.84714
1.80902
1.78749
1.78114
1.77862
1.77945
1.78588
1.78549
1.77814
1.76886
1.75907
1.74734
1.73328
1.71832
1.7038
1.68852
1.66787
1.63659
1.60482
1.58918
1.58415
1.58082
1.57883
1.58232
1.59064
1.58872
1.5831
1.57548
1.56231
1.54149
1.52798
1.52067
1.51776
1.51842
1.51998
1.51944
1.50973
1.49246
1.49074
1.49425
1.50408
1.52652
1.55807
1.59745
1.65788
1.73002
1.80577
1.92207
2.06939
2.18121
2.31271
2.50883
2.63186
2.73624
2.92125
3.02481
3.09292
3.23637
3.36258
3.39223
3.4421
3.53272
3.56065
3.58775
3.63198
3.65386
3.66026
3.66249
3.65257
3.62011
3.60645
3.60646
3.61178
3.62359
3.63693
3.63719
3.63006
3.60136
13.6224
13.3578
13.1071
12.8758
12.6581
12.4427
12.2185
11.9896
11.7692
11.5827
11.4274
11.284
11.1446
10.9974
10.8377
10.6588
10.4814
10.3387
10.2187
10.1092
9.9976
9.87586
9.73998
9.58578
9.43203
9.305
9.20278
9.11039
9.01894
8.9215
8.80482
8.66253
8.51598
8.40162
8.32036
8.2457
8.1672
8.07899
7.96877
7.82993
7.69523
7.60003
7.52771
7.46125
7.39148
7.31191
7.21409
7.08969
6.96402
6.88301
6.82859
6.77663
6.72313
6.66362
6.5844
6.46974
6.3375
6.26543
6.22627
6.18466
6.14075
6.09336
6.03212
5.9373
5.80766
5.72894
5.68797
5.64595
5.60568
5.56948
5.52948
5.47943
5.40836
5.30416
5.21108
5.175
5.14702
5.11526
5.08345
5.04143
4.97834
4.8995
4.82894
4.79216
4.7681
4.74071
4.70967
4.67201
4.61583
4.53669
4.47166
4.43042
4.39902
4.37764
4.35513
4.32699
4.29436
4.25247
4.20059
4.14772
4.10159
4.06339
4.02322
3.9776
3.93919
3.91022
3.88454
3.85998
3.83486
3.80582
3.76688
3.71529
3.66287
3.63239
3.61392
3.59422
3.57264
3.55085
3.53033
3.50709
3.47137
3.41227
3.349
3.32889
3.31799
3.30324
3.28961
3.27633
3.25865
3.23252
3.18561
3.1279
3.09943
3.08238
3.06578
3.0521
3.03824
3.02149
3.00367
2.98413
2.95676
2.91741
2.87584
2.84413
2.82568
2.81251
2.79757
2.77691
2.75364
2.7354
2.72142
2.70919
2.6959
2.67433
2.63435
2.59993
2.59038
2.58364
2.57691
2.57131
2.56617
2.55873
2.54496
2.5168
2.45994
2.41511
2.40608
2.40028
2.39246
2.38346
2.37203
2.35495
2.32511
2.28759
2.27277
2.2654
2.25511
2.2453
2.23914
2.23427
2.22863
2.21827
2.1937
2.16037
2.13953
2.12952
2.12112
2.10942
2.08859
2.06052
2.05085
2.04926
2.04514
2.03985
2.03521
2.02725
2.01192
1.98477
1.95523
1.94167
1.93423
1.92679
1.92004
1.91398
1.90754
1.89864
1.88493
1.86652
1.84454
1.83009
1.8243
1.81987
1.8138
1.80008
1.77581
1.75958
1.75222
1.74614
1.74041
1.73432
1.72705
1.71805
1.70796
1.69802
1.68682
1.66754
1.6336
1.61332
1.61037
1.6088
1.60518
1.59928
1.5946
1.59006
1.58336
1.57472
1.56435
1.55126
1.53443
1.51984
1.51288
1.50846
1.50532
1.50198
1.49622
1.48606
1.4704
1.45494
1.4503
1.44993
1.45003
1.45152
1.45481
1.45581
1.45487
1.44955
1.43653
1.43399
1.43989
1.45864
1.48458
1.52533
1.58009
1.63294
1.7129
1.82403
1.91854
2.04361
2.21201
2.33306
2.46323
2.65484
2.75704
2.84326
3.02247
3.12434
3.16439
3.24893
3.33414
3.33411
3.33865
3.37621
3.41957
3.47534
3.52475
3.53165
3.53167
3.52159
13.6735
13.471
13.2498
13.0438
12.8552
12.6667
12.4616
12.2293
11.976
11.7453
11.5643
11.4137
11.2735
11.1333
10.9752
10.7753
10.5517
10.372
10.2545
10.1622
10.0725
9.97628
9.86153
9.70504
9.51046
9.34824
9.24033
9.15581
9.07927
8.99797
8.9009
8.76524
8.586
8.44318
8.35822
8.28751
8.22228
8.1512
8.05301
7.90565
7.73977
7.62283
7.54621
7.48446
7.42478
7.35922
7.27725
7.16312
7.02132
6.90199
6.82718
6.77358
6.72458
6.67393
6.61869
6.55282
6.45686
6.3142
6.21487
6.16821
6.12292
6.08209
6.04449
5.99828
5.93008
5.83001
5.7253
5.64386
5.60079
5.57195
5.53621
5.49699
5.45658
5.39508
5.28461
5.20064
5.1688
5.1345
5.10177
5.06654
5.01804
4.9578
4.87736
4.80287
4.77135
4.74378
4.71276
4.68292
4.645
4.59537
4.53917
4.47189
4.40929
4.38577
4.36873
4.3424
4.31463
4.28827
4.25201
4.19038
4.11225
4.07089
4.04517
4.01762
3.99315
3.96872
3.93613
3.88967
3.84482
3.81033
3.77475
3.74285
3.71911
3.69495
3.6583
3.61419
3.58817
3.5668
3.54359
3.52101
3.49584
3.46092
3.40478
3.36236
3.34652
3.33105
3.31528
3.29972
3.28146
3.25636
3.2177
3.17079
3.13651
3.10924
3.08962
3.07979
3.06973
3.05338
3.03805
3.02263
2.99559
2.94804
2.90034
2.87249
2.85474
2.84055
2.8237
2.80006
2.77796
2.76313
2.74999
2.73604
2.71981
2.69406
2.65127
2.62068
2.60871
2.59802
2.58943
2.58229
2.57269
2.55842
2.53852
2.50581
2.45365
2.42385
2.41758
2.41232
2.40497
2.39746
2.38816
2.37161
2.33815
2.29721
2.28477
2.28035
2.273
2.26492
2.25774
2.24833
2.23359
2.21081
2.18309
2.16546
2.1564
2.14874
2.14055
2.12954
2.10727
2.07402
2.06317
2.05808
2.04995
2.04337
2.03713
2.02798
2.01408
1.99183
1.9637
1.94814
1.94011
1.9316
1.92551
1.92107
1.91535
1.90581
1.89164
1.8736
1.8535
1.84159
1.83463
1.82632
1.8136
1.79291
1.77051
1.76121
1.75627
1.75039
1.7444
1.73908
1.73283
1.7255
1.71768
1.70899
1.69862
1.68211
1.65229
1.62805
1.62273
1.61916
1.61399
1.60756
1.6028
1.59803
1.59229
1.58552
1.57582
1.55944
1.53778
1.52606
1.52208
1.51879
1.5156
1.51155
1.50463
1.49293
1.47655
1.46237
1.4551
1.45159
1.44936
1.44783
1.44574
1.44284
1.43918
1.43288
1.42024
1.40715
1.4043
1.40402
1.40404
1.4032
1.40089
1.39607
1.39376
1.397
1.40491
1.41866
1.4486
1.48862
1.52752
1.58949
1.67082
1.74262
1.85319
1.99002
2.08795
2.21936
2.38885
2.47852
2.56442
2.72802
2.83425
2.91199
3.04558
3.17613
3.20495
3.25006
13.7963
13.5642
13.3537
13.1946
13.0439
12.8827
12.7097
12.5132
12.3093
12.1316
11.9744
11.8129
11.6622
11.5156
11.3484
11.1459
10.9364
10.7796
10.663
10.5462
10.4235
10.2985
10.1597
9.99044
9.79155
9.64221
9.55082
9.46044
9.3557
9.2488
9.13347
8.99616
8.84017
8.71598
8.62087
8.52089
8.42551
8.33068
8.21012
8.0609
7.95931
7.89854
7.83574
7.75842
7.6826
7.60994
7.52853
7.4317
7.32297
7.21465
7.11833
7.04172
6.98166
6.92634
6.87056
6.80976
6.72635
6.59246
6.46466
6.40534
6.35996
6.32343
6.28895
6.24181
6.17307
6.07971
5.96584
5.86522
5.82428
5.79773
5.76086
5.7196
5.68186
5.62315
5.50751
5.40699
5.36573
5.32495
5.2912
5.25859
5.21421
5.15834
5.07144
4.96774
4.92767
4.90168
4.87275
4.8465
4.81139
4.76402
4.70975
4.63686
4.56259
4.53727
4.52081
4.49316
4.46555
4.44132
4.40445
4.33412
4.25514
4.22186
4.19525
4.16684
4.14259
4.11467
4.07096
4.00157
3.95498
3.93186
3.90521
3.88092
3.85951
3.83133
3.78047
3.71929
3.69255
3.67301
3.65108
3.6322
3.61336
3.58651
3.53603
3.47867
3.44951
3.42903
3.41274
3.39891
3.38375
3.36365
3.33496
3.29535
3.2468
3.20245
3.18684
3.17959
3.17047
3.15517
3.14133
3.12345
3.08905
3.03585
2.99196
2.9678
2.95074
2.93568
2.91573
2.88446
2.85535
2.83966
2.82657
2.81341
2.79929
2.77556
2.73358
2.69609
2.67657
2.66449
2.65726
2.64965
2.63844
2.62311
2.60314
2.57079
2.52789
2.51068
2.50463
2.49724
2.48708
2.47797
2.46773
2.44946
2.41208
2.37372
2.36116
2.35177
2.3397
2.33007
2.32079
2.30845
2.28904
2.26167
2.24107
2.22808
2.2168
2.20754
2.19873
2.18645
2.16085
2.12587
2.11263
2.10569
2.09767
2.09184
2.08637
2.07935
2.0698
2.05494
2.0301
2.00836
1.99548
1.98441
1.97922
1.97544
1.96945
1.95975
1.94675
1.92813
1.90382
1.88629
1.87603
1.86604
1.85136
1.82861
1.81261
1.80777
1.80331
1.79631
1.79067
1.7864
1.7813
1.77629
1.77056
1.76276
1.75224
1.73388
1.69859
1.67057
1.66347
1.65927
1.65394
1.64869
1.64535
1.64202
1.63767
1.6317
1.6215
1.60278
1.58306
1.57536
1.57198
1.56856
1.56517
1.56142
1.55499
1.54297
1.5254
1.51069
1.50341
1.49893
1.49484
1.49071
1.48655
1.48191
1.47591
1.46703
1.45142
1.43165
1.42111
1.41699
1.41365
1.40999
1.40487
1.3936
1.37846
1.3688
1.36398
1.36217
1.36274
1.3651
1.36505
1.36269
1.35981
1.36099
1.36668
1.38467
1.41507
1.44627
1.49153
1.5456
1.60594
1.70134
1.80311
1.90008
2.04709
2.19038
2.29257
2.47741
13.5408
13.3447
13.1331
12.8796
12.6305
12.4521
12.3361
12.2338
12.1219
11.9762
11.7588
11.5126
11.337
11.2239
11.1332
11.0463
10.9523
10.8243
10.6108
10.3511
10.1811
10.075
9.98357
9.89773
9.81111
9.70364
9.53159
9.29982
9.12907
9.02536
8.94178
8.86498
8.78702
8.68764
8.53104
8.33668
8.19489
8.11567
8.058
8.00474
7.94739
7.86768
7.7385
7.57318
7.4374
7.34956
7.28057
7.21606
7.14838
7.06808
6.96686
6.85652
6.76924
6.70629
6.65171
6.59523
6.52358
6.41871
6.29598
6.21216
6.16099
6.12418
6.09008
6.04488
5.98048
5.89765
5.79026
5.68485
5.64588
5.62324
5.58818
5.5457
5.50378
5.44361
5.33207
5.2346
5.19638
5.15853
5.12152
5.08538
5.0432
4.99209
4.91342
4.81536
4.764
4.73251
4.70367
4.68171
4.65021
4.604
4.5528
4.48828
4.41584
4.38903
4.37505
4.34974
4.32002
4.29135
4.25297
4.18651
4.11761
4.08839
4.06331
4.03532
4.00868
3.97852
3.93138
3.86184
3.82503
3.80561
3.78221
3.75845
3.73532
3.70558
3.65121
3.59076
3.56924
3.55217
3.53235
3.51446
3.49595
3.46958
3.42013
3.36278
3.33552
3.31669
3.3002
3.2862
3.27144
3.25324
3.22822
3.1918
3.14377
3.10074
3.0854
3.07576
3.06377
3.0498
3.03806
3.02118
2.98875
2.94031
2.89751
2.87267
2.85763
2.84367
2.82329
2.79214
2.76211
2.74436
2.73192
2.72105
2.70928
2.68926
2.65418
2.61496
2.5871
2.5776
2.57268
2.56622
2.55552
2.54126
2.52269
2.49096
2.44875
2.43321
2.42847
2.42112
2.41007
2.39977
2.38836
2.37012
2.33355
2.29939
2.28966
2.28011
2.26706
2.25621
2.24696
2.23625
2.21894
2.19333
2.17171
2.15771
2.14728
2.13854
2.12961
2.11711
2.09214
2.06009
2.04815
2.04133
2.03293
2.02547
2.01885
2.01162
2.00323
1.98995
1.96578
1.94472
1.93374
1.92428
1.91818
1.91323
1.90703
1.89923
1.88864
1.8707
1.84691
1.82907
1.8183
1.80832
1.79319
1.76928
1.75511
1.75136
1.74731
1.74129
1.73633
1.73207
1.72795
1.72434
1.71953
1.71253
1.70201
1.68174
1.64652
1.62214
1.61561
1.61138
1.6059
1.60138
1.59809
1.59465
1.59064
1.585
1.57429
1.55523
1.53914
1.53297
1.52908
1.52534
1.52227
1.51917
1.51361
1.50277
1.48594
1.47043
1.46405
1.46102
1.45791
1.45418
1.45
1.44522
1.43882
1.42869
1.41056
1.38949
1.38099
1.37728
1.37323
1.36837
1.36183
1.35081
1.33592
1.32611
1.32141
1.31912
1.31751
1.31542
1.31225
1.30602
1.29375
1.28121
1.27565
1.2734
1.27159
1.26878
1.26605
1.26375
1.26321
1.26796
1.27902
1.29418
1.32409
1.37496
1.42484
1.53978
)
;

boundaryField
{
    inlet
    {
        type            fixedValue;
        value           nonuniform 0();
    }
    outlet
    {
        type            zeroGradient;
    }
    bottom
    {
        type            symmetryPlane;
    }
    top
    {
        type            symmetryPlane;
    }
    obstacle
    {
        type            zeroGradient;
    }
    defaultFaces
    {
        type            empty;
    }
    procBoundary3to1
    {
        type            processor;
        value           nonuniform List<scalar> 
288
(
2.31323
2.28107
2.23886
2.2191
2.21069
2.1966
2.17529
2.14461
2.1223
2.10291
2.07986
2.05244
2.02163
2.00898
2.00075
1.98875
1.97434
1.95594
1.92652
1.89689
1.87717
1.86097
1.84739
1.82987
1.82191
1.81946
1.81321
1.81931
1.86827
1.98814
2.21861
2.70439
3.21315
3.76425
4.56728
4.94899
5.16896
5.39871
5.52055
5.52826
5.47706
5.35444
5.2347
5.145
5.08322
5.04505
5.0112
4.96497
4.90805
4.84137
4.79888
4.77188
4.74724
4.72657
4.69518
4.65742
4.61088
4.55007
4.49099
4.4495
4.41422
4.3802
4.34511
4.30732
4.26349
4.20864
4.15693
4.12611
4.09989
4.07272
4.0442
4.01428
3.98074
3.94013
3.89588
3.86084
3.8341
3.8079
3.78017
3.75166
3.72237
3.69029
3.65458
3.61887
3.5891
3.56442
3.54128
3.51799
3.49368
3.46846
3.44277
3.41645
3.38907
3.36339
3.33923
3.31409
3.29266
3.273
3.24732
3.21579
3.19543
3.17591
3.15164
3.13708
3.12898
3.11913
3.1063
3.09016
3.07436
3.06266
3.05288
3.04651
3.04331
3.02796
3.01321
3.00144
2.98095
2.96638
2.96089
2.96365
2.95647
2.942
2.93085
2.92959
2.93678
2.95129
2.96417
2.97527
2.98798
3.00659
3.03542
3.05028
3.05687
3.06995
3.09444
3.10162
3.10832
3.13569
3.14574
3.14277
3.15144
3.15362
3.14802
3.15076
3.16002
3.16224
3.16698
3.18234
3.19072
3.18627
3.1901
3.21463
3.25101
3.27783
3.32319
3.41274
3.50889
3.62367
3.76627
3.94284
4.17567
4.37399
4.56624
4.85981
5.079
5.22682
5.45131
5.64971
5.72827
5.84065
6.00646
6.07001
6.10324
6.17577
6.2226
6.23195
6.22869
6.24852
6.27033
6.27556
6.28332
6.292
6.29344
6.28026
6.25399
6.22159
6.18244
6.1378
6.10036
6.06968
6.03652
6.0037
5.97116
5.93664
5.90149
5.86688
5.83427
5.80792
5.78586
5.76257
5.73948
5.71133
5.67743
5.64179
5.60782
5.59172
5.58155
5.56925
5.55477
5.53578
5.51059
5.47554
5.42907
5.4011
5.38922
5.37722
5.36488
5.35248
5.33763
5.31683
5.28367
5.23884
5.19919
5.17764
5.16706
5.15684
5.14495
5.13193
5.11639
5.09439
5.05997
5.01561
4.98391
4.96809
4.95648
4.94669
4.93671
4.92488
4.91025
4.88924
4.85509
4.81107
4.78206
4.7679
4.75709
4.74738
4.73774
4.72681
4.71227
4.6892
4.65211
4.6134
4.59485
4.58515
4.57637
4.56776
4.55882
4.54866
4.53491
4.51277
4.47746
4.43397
4.40453
4.39285
4.3852
4.37781
4.36995
4.36127
4.35079
4.33616
4.31411
4.28156
4.24197
4.21854
4.20957
4.20199
4.1938
4.18491
4.17488
4.16141
4.14042
4.10826
4.07544
4.05768
4.04662
4.03736
4.03115
4.01726
)
;
    }
    procBoundary3to2
    {
        type            processor;
        value           nonuniform List<scalar> 
16
(
2.47001
2.61566
2.76093
2.93
3.07113
3.23395
3.43388
5.22946
11.0415
13.5706
13.2355
13.4963
13.8991
13.826
14.012
13.7523
)
;
    }
}


// ************************************************************************* //
