/*--------------------------------*- C++ -*----------------------------------*\
  =========                 |
  \\      /  F ield         | OpenFOAM: The Open Source CFD Toolbox
   \\    /   O peration     | Website:  https://openfoam.org
    \\  /    A nd           | Version:  7
     \\/     M anipulation  |
\*---------------------------------------------------------------------------*/
FoamFile
{
    version     2.0;
    format      ascii;
    class       volScalarField;
    location    "0.9";
    object      p;
}
// * * * * * * * * * * * * * * * * * * * * * * * * * * * * * * * * * * * * * //

dimensions      [1 -1 -2 0 0 0 0];

internalField   nonuniform List<scalar> 
4032
(
0.919808
0.920318
0.923439
0.931451
0.941717
0.945365
0.946174
0.946213
0.946158
0.947101
0.949285
0.954699
0.961628
0.964014
0.964797
0.965011
0.965132
0.965966
0.967154
0.969154
0.97248
0.976029
0.978233
0.979878
0.981743
0.983928
0.985354
0.986267
0.987048
0.987781
0.988625
0.989714
0.991666
0.994766
0.996607
0.997455
0.998124
0.998914
0.999947
1.00128
1.0033
1.00658
1.00986
1.01117
1.01168
1.01201
1.01234
1.01293
1.01387
1.015
1.01608
1.01778
1.02117
1.02564
1.02795
1.02837
1.02831
1.02697
1.02418
1.02181
1.02132
1.02151
1.02203
1.02334
1.02611
1.02907
1.02999
1.03022
1.03015
1.02921
1.02761
1.02716
1.02734
1.02757
1.02768
1.0277
1.02753
1.0268
1.02539
1.02424
1.02419
1.0244
1.02486
1.02574
1.02671
1.02702
1.0271
1.02709
1.02677
1.02552
1.02228
1.01717
1.01423
1.01393
1.01402
1.01431
1.01522
1.01738
1.02005
1.02099
1.02108
1.02104
1.02039
1.01806
1.01217
1.00406
1.00033
1
1
1
1
1
1
1
1
1
1
1
1
1
1
1
1
1
1
1
0.912313
0.914631
0.92205
0.935124
0.941683
0.943169
0.94384
0.943801
0.944525
0.946062
0.949974
0.957737
0.962411
0.963579
0.964273
0.964297
0.964621
0.96553
0.966801
0.969028
0.972661
0.976419
0.979092
0.981283
0.983303
0.984595
0.98555
0.986375
0.987059
0.987901
0.988902
0.99042
0.993292
0.996226
0.997346
0.998253
0.999203
1.00021
1.00137
1.00295
1.00552
1.00873
1.01031
1.01096
1.01154
1.01213
1.01274
1.01324
1.01379
1.01477
1.01693
1.02098
1.02597
1.02855
1.02906
1.02908
1.0279
1.02541
1.0227
1.02152
1.02157
1.022
1.02303
1.02542
1.02891
1.03064
1.03094
1.03108
1.03078
1.0294
1.02778
1.02749
1.02768
1.02786
1.02792
1.02788
1.02748
1.02644
1.02511
1.02464
1.02481
1.02514
1.02581
1.0268
1.02735
1.02746
1.02751
1.02744
1.02681
1.02482
1.02043
1.01564
1.01418
1.01421
1.01438
1.0149
1.0164
1.01921
1.02126
1.02159
1.02164
1.0214
1.02003
1.01592
1.00795
1.00139
1.00004
1
1
1
1
1
1
1
1
1
1
1
1
1
1
1
1
1
1
1
0.904868
0.911202
0.925542
0.93688
0.939232
0.940538
0.940822
0.94117
0.942404
0.945302
0.952492
0.960078
0.962104
0.96305
0.963413
0.963395
0.964137
0.965162
0.966645
0.969285
0.973412
0.977646
0.980837
0.982915
0.984054
0.984887
0.985479
0.986178
0.987141
0.988216
0.989617
0.992145
0.995749
0.997542
0.998335
0.99918
1.00019
1.00135
1.0028
1.00498
1.00785
1.0095
1.01005
1.01046
1.01104
1.01188
1.01294
1.01395
1.01508
1.01725
1.02151
1.02658
1.02896
1.02944
1.0295
1.02859
1.02635
1.02335
1.02194
1.02196
1.02237
1.02318
1.02505
1.02843
1.03109
1.03164
1.03177
1.03156
1.03063
1.02912
1.028
1.02787
1.02806
1.02818
1.02819
1.02798
1.02732
1.02614
1.02519
1.02526
1.02553
1.02604
1.0269
1.02764
1.02785
1.02793
1.02791
1.0276
1.02651
1.02353
1.01838
1.01492
1.01443
1.01453
1.01483
1.01577
1.01808
1.02101
1.02209
1.02219
1.02215
1.02142
1.01879
1.01225
1.00376
1.00027
1
1
1
1
1
1
1
1
1
1
1
1
1
1
1
1
1
1
1
1
0.898117
0.91333
0.930272
0.934905
0.936539
0.937101
0.937024
0.938236
0.940429
0.946162
0.955999
0.960426
0.961628
0.962372
0.962295
0.962653
0.963674
0.96484
0.966647
0.969987
0.975017
0.979688
0.982238
0.983435
0.984348
0.985106
0.985704
0.986468
0.987451
0.98869
0.990868
0.994655
0.997564
0.998583
0.999404
1.00021
1.00112
1.00225
1.00387
1.00647
1.0088
1.00967
1.01029
1.01096
1.01158
1.01211
1.01275
1.01402
1.01694
1.02207
1.02734
1.02949
1.02999
1.02996
1.02898
1.02705
1.02453
1.02262
1.02207
1.02242
1.02318
1.02485
1.02805
1.03134
1.03236
1.03252
1.0325
1.03203
1.0307
1.02901
1.02815
1.02815
1.02831
1.02843
1.02844
1.02814
1.0273
1.02609
1.02582
1.02605
1.02641
1.02704
1.02782
1.02818
1.02829
1.02836
1.02831
1.02775
1.02591
1.0217
1.01663
1.01479
1.01478
1.01495
1.01551
1.01712
1.02015
1.02239
1.02274
1.02279
1.02249
1.02089
1.01612
1.00742
1.00109
1.00002
1
1
1
1
1
1
1
1
1
1
1
1
1
1
1
1
1
1
1
1
0.895548
0.917931
0.928704
0.931391
0.932828
0.93227
0.93332
0.935367
0.939665
0.949679
0.957843
0.959711
0.960857
0.961323
0.961288
0.962131
0.963306
0.964737
0.967185
0.971867
0.977888
0.981317
0.982638
0.983635
0.984316
0.984705
0.985545
0.986633
0.987903
0.989822
0.993271
0.996878
0.998222
0.998977
0.999803
1.00078
1.00182
1.0031
1.0051
1.00754
1.00872
1.0094
1.01027
1.01132
1.01231
1.01321
1.01458
1.01758
1.02294
1.02796
1.02959
1.03001
1.03
1.02935
1.02772
1.02514
1.02318
1.02268
1.02305
1.02372
1.02511
1.02791
1.03143
1.03301
1.03327
1.03329
1.03289
1.03189
1.03041
1.02901
1.02843
1.02838
1.02842
1.02843
1.0284
1.02816
1.02736
1.02653
1.02662
1.02692
1.02737
1.02802
1.02848
1.02862
1.02869
1.02869
1.02846
1.02751
1.02474
1.01958
1.0157
1.01504
1.01515
1.01548
1.01651
1.01903
1.02218
1.02329
1.02339
1.02332
1.02241
1.0192
1.01164
1.00303
1.00016
1
1
1
1
1
1
1
1
1
1
1
1
1
1
1
1
1
1
1
1
1
0.896234
0.917937
0.923925
0.926409
0.92685
0.926829
0.929233
0.93318
0.941942
0.953711
0.957523
0.958849
0.959768
0.960087
0.960633
0.961819
0.963181
0.965085
0.968715
0.975055
0.980176
0.981819
0.98296
0.983966
0.984539
0.984988
0.985783
0.986785
0.988369
0.99157
0.995847
0.997937
0.998887
0.999572
1.00011
1.00096
1.0021
1.00387
1.00664
1.0088
1.00972
1.01044
1.01104
1.01166
1.01257
1.01437
1.01807
1.02381
1.02846
1.02978
1.03008
1.02987
1.02913
1.02792
1.02627
1.02446
1.02311
1.02322
1.02387
1.02523
1.02795
1.03157
1.03353
1.03392
1.03409
1.03403
1.03333
1.03186
1.02996
1.02884
1.02868
1.02876
1.02884
1.02883
1.02868
1.02833
1.02773
1.02735
1.02751
1.02783
1.02827
1.02875
1.02898
1.02909
1.02916
1.02909
1.02861
1.02696
1.02293
1.01769
1.01552
1.01547
1.01566
1.01628
1.01808
1.02139
1.02366
1.02399
1.02402
1.02358
1.02152
1.01566
1.00619
1.00068
1.00001
1
1
1
1
1
1
1
1
1
1
1
1
1
1
1
1
1
1
1
1
1
0.895543
0.912252
0.916878
0.919136
0.919824
0.922104
0.926087
0.933281
0.946245
0.954511
0.956498
0.957792
0.958414
0.959041
0.960276
0.961658
0.96341
0.966296
0.971685
0.978311
0.981068
0.982219
0.98328
0.984033
0.984449
0.985256
0.986274
0.987574
0.990087
0.994337
0.99724
0.998311
0.999188
0.999851
1.00052
1.00144
1.00276
1.00501
1.00792
1.00953
1.01045
1.01135
1.01224
1.0133
1.01516
1.01886
1.02444
1.02862
1.02974
1.03007
1.02999
1.02938
1.02819
1.02655
1.02499
1.02407
1.02418
1.02478
1.02596
1.02836
1.03185
1.03404
1.03452
1.03465
1.03448
1.03387
1.03295
1.03145
1.02963
1.02871
1.02878
1.02896
1.02911
1.02918
1.02909
1.0289
1.02868
1.02834
1.02833
1.0286
1.02895
1.02924
1.02939
1.02951
1.02957
1.02948
1.02861
1.02592
1.02072
1.01657
1.0158
1.01593
1.01631
1.01749
1.02031
1.02359
1.02459
1.02468
1.02454
1.02326
1.01904
1.01014
1.00199
1.00007
1
1
1
1
1
1
1
1
1
1
1
1
1
1
1
1
1
1
1
1
1
1
0.889689
0.901923
0.907515
0.910803
0.914578
0.919196
0.925243
0.935841
0.948189
0.953003
0.954967
0.956465
0.957372
0.958561
0.960038
0.961673
0.963985
0.968232
0.975263
0.980182
0.981662
0.982761
0.983483
0.983581
0.984053
0.985129
0.986408
0.988617
0.992836
0.996637
0.997954
0.99874
0.999135
0.999774
1.00079
1.0021
1.00423
1.00739
1.00949
1.01037
1.01108
1.0119
1.01313
1.01539
1.01956
1.02504
1.02847
1.02934
1.02966
1.02957
1.02911
1.02846
1.02758
1.02631
1.02481
1.02445
1.02511
1.02644
1.02894
1.03234
1.03459
1.03516
1.0354
1.03536
1.03478
1.03384
1.03255
1.03092
1.02957
1.02913
1.02923
1.02935
1.02945
1.02953
1.02961
1.02969
1.02968
1.02938
1.02914
1.02929
1.02952
1.02974
1.02988
1.02996
1.02993
1.02953
1.02804
1.02414
1.01877
1.01638
1.01631
1.01653
1.01726
1.01935
1.02294
1.02508
1.02533
1.02534
1.0246
1.02171
1.01422
1.00436
1.0003
1
1
1
1
1
1
1
1
1
1
1
1
1
1
1
1
1
1
1
1
1
1
1
0.879403
0.891705
0.899429
0.905715
0.911888
0.918847
0.927734
0.938344
0.947469
0.951188
0.95339
0.955142
0.956851
0.958733
0.960636
0.962649
0.965537
0.970976
0.977809
0.980672
0.982013
0.983168
0.983687
0.983871
0.98479
0.985941
0.9876
0.990997
0.995631
0.997678
0.998654
0.999344
0.999749
1.0006
1.00176
1.0035
1.00654
1.00974
1.01106
1.01192
1.01287
1.01414
1.0163
1.02022
1.02541
1.02851
1.02937
1.02981
1.02982
1.02928
1.02851
1.02772
1.02698
1.02615
1.02592
1.02656
1.02788
1.03029
1.0334
1.03527
1.03574
1.0359
1.03563
1.03513
1.03458
1.03373
1.03225
1.03045
1.02948
1.02952
1.02971
1.02995
1.03029
1.03065
1.03092
1.03103
1.03075
1.02999
1.02965
1.02977
1.02999
1.03024
1.03039
1.03047
1.03041
1.02962
1.02703
1.02184
1.01758
1.01677
1.01692
1.01737
1.01878
1.02198
1.02522
1.026
1.02606
1.02571
1.02378
1.01791
1.00766
1.00097
1.00002
1
1
1
1
1
1
1
1
1
1
1
1
1
1
1
1
1
1
1
1
1
1
1
0.873446
0.88513
0.894374
0.902278
0.910481
0.920404
0.930756
0.939179
0.945674
0.949711
0.952128
0.954157
0.956355
0.95861
0.960841
0.963404
0.967454
0.974213
0.97922
0.980819
0.982008
0.982717
0.98322
0.984354
0.985665
0.987285
0.990203
0.994862
0.997546
0.998407
0.998834
0.999404
1.00046
1.00165
1.00321
1.00582
1.00943
1.01153
1.01252
1.01356
1.01494
1.01715
1.021
1.02595
1.02865
1.02938
1.02972
1.02972
1.02949
1.02906
1.02845
1.02767
1.02681
1.0268
1.0277
1.02942
1.03201
1.03466
1.03601
1.03638
1.03634
1.03591
1.03545
1.03498
1.03439
1.03348
1.03211
1.03054
1.02986
1.02991
1.03013
1.03062
1.03146
1.03206
1.03231
1.03234
1.03149
1.03024
1.02999
1.03012
1.03037
1.03068
1.03081
1.03086
1.03061
1.02921
1.02527
1.01982
1.01739
1.01734
1.01761
1.01854
1.02105
1.02486
1.02663
1.02678
1.02669
1.02541
1.02101
1.01145
1.00234
1.00008
1
1
1
1
1
1
1
1
1
1
1
1
1
1
1
1
1
1
1
1
1
1
1
1
0.870987
0.881678
0.891185
0.901071
0.911803
0.922506
0.931433
0.938312
0.944389
0.949296
0.952131
0.954245
0.955977
0.958049
0.960253
0.963496
0.969666
0.976933
0.979808
0.981202
0.982202
0.982544
0.983173
0.984362
0.985774
0.988384
0.993298
0.997413
0.998737
0.999548
0.99997
1.00069
1.00179
1.00311
1.00531
1.00903
1.01228
1.01365
1.01472
1.01602
1.01794
1.02123
1.02585
1.02878
1.02962
1.03009
1.03022
1.02988
1.02937
1.02898
1.02857
1.0283
1.02866
1.02979
1.03179
1.03425
1.03597
1.0366
1.0367
1.03643
1.03617
1.03591
1.03562
1.03518
1.03438
1.03307
1.0316
1.03068
1.03069
1.03095
1.03143
1.03235
1.03329
1.03361
1.0336
1.03269
1.03115
1.03039
1.03046
1.03065
1.031
1.03131
1.03142
1.0314
1.0307
1.02811
1.02288
1.01871
1.01793
1.01811
1.01869
1.02047
1.0241
1.02703
1.02752
1.02754
1.02673
1.02353
1.01523
1.00453
1.0003
1
1
1
1
1
1
1
1
1
1
1
1
1
1
1
1
1
1
1
1
1
1
1
1
1
0.87059
0.881582
0.893707
0.906329
0.917378
0.925203
0.930914
0.936426
0.943406
0.949114
0.95212
0.954437
0.956263
0.958503
0.961142
0.965575
0.973067
0.978295
0.980044
0.981429
0.982224
0.982552
0.983737
0.985124
0.987177
0.991383
0.996391
0.998272
0.99921
0.999871
1.00071
1.00192
1.00324
1.00504
1.0082
1.01221
1.01441
1.01561
1.01691
1.01867
1.02156
1.02579
1.02871
1.02954
1.02993
1.03006
1.03009
1.02993
1.0295
1.02919
1.0295
1.03038
1.03205
1.03444
1.03632
1.03709
1.03716
1.03659
1.03624
1.03609
1.03607
1.03607
1.03591
1.03544
1.03455
1.0331
1.03151
1.03115
1.0315
1.03208
1.03306
1.03416
1.03461
1.03471
1.0341
1.03228
1.0308
1.03067
1.03089
1.03124
1.03172
1.03196
1.03205
1.03188
1.03035
1.02613
1.02072
1.01861
1.01867
1.01905
1.02028
1.02332
1.02706
1.02826
1.02834
1.02788
1.02556
1.01868
1.0074
1.00081
1.00001
1
1
1
1
1
1
1
1
1
1
1
1
1
1
1
1
1
1
1
1
1
1
1
1
1
0.876192
0.887088
0.900097
0.912141
0.920692
0.926748
0.931869
0.937718
0.944787
0.948708
0.951188
0.953907
0.956897
0.960041
0.964166
0.970888
0.977368
0.979588
0.980941
0.981756
0.98221
0.983529
0.985143
0.987194
0.991006
0.996333
0.998954
1.00002
1.00073
1.00099
1.00172
1.00287
1.00453
1.00763
1.01221
1.01532
1.01661
1.01774
1.01923
1.02167
1.02556
1.02891
1.03003
1.03062
1.0309
1.03077
1.03037
1.03015
1.03043
1.03115
1.03241
1.03445
1.03675
1.03801
1.03831
1.03765
1.0369
1.03655
1.03636
1.03629
1.03619
1.03601
1.03574
1.03534
1.03455
1.03322
1.03242
1.03271
1.03325
1.03408
1.03503
1.0355
1.03564
1.03523
1.03392
1.03212
1.03116
1.03125
1.03148
1.03195
1.03248
1.03267
1.03271
1.03194
1.02904
1.02366
1.0199
1.01937
1.01961
1.02043
1.02277
1.02672
1.02892
1.02913
1.02893
1.02725
1.02168
1.01063
1.00176
1.00004
1
1
1
1
1
1
1
1
1
1
1
1
1
1
1
1
1
1
1
1
1
1
1
1
1
1
0.891231
0.902466
0.910534
0.916582
0.921922
0.9271
0.934007
0.943558
0.950126
0.953255
0.955491
0.958074
0.9614
0.965856
0.972899
0.98183
0.986072
0.987583
0.988392
0.987976
0.987968
0.989342
0.991424
0.994948
1.00035
1.00335
1.00408
1.00426
1.00399
1.00414
1.00487
1.00602
1.00819
1.01227
1.01636
1.01806
1.01912
1.0204
1.02238
1.02577
1.02925
1.03053
1.03112
1.03149
1.03161
1.03144
1.03142
1.03202
1.03309
1.0348
1.03708
1.0389
1.03964
1.03939
1.03781
1.03661
1.03648
1.03668
1.03683
1.03687
1.03683
1.03668
1.03633
1.03565
1.03453
1.0338
1.03416
1.03475
1.03544
1.03601
1.03627
1.03629
1.03584
1.03483
1.03329
1.03205
1.0319
1.03209
1.03246
1.03304
1.03335
1.03345
1.03314
1.03125
1.02659
1.02171
1.02023
1.02039
1.02095
1.02265
1.02625
1.02939
1.02995
1.02989
1.02866
1.0242
1.01391
1.0032
1.00014
1
1
1
1
1
1
1
1
1
1
1
1
1
1
1
1
1
1
1
1
1
1
1
1
1
1
1
0.912536
0.920515
0.924489
0.92731
0.933389
0.941386
0.952229
0.964891
0.975001
0.983602
0.991776
0.999071
1.0059
1.01318
1.02282
1.03108
1.03482
1.03681
1.03782
1.03789
1.03763
1.0369
1.03718
1.03886
1.03887
1.03699
1.03366
1.02972
1.02599
1.02323
1.0215
1.0211
1.02225
1.02338
1.02322
1.02292
1.02335
1.02461
1.02719
1.0306
1.03211
1.03266
1.03292
1.03278
1.03255
1.0329
1.03376
1.0351
1.0371
1.03929
1.04063
1.04127
1.04066
1.03861
1.03691
1.03638
1.0363
1.0365
1.03681
1.03715
1.03744
1.03751
1.03714
1.03642
1.036
1.03618
1.03637
1.03662
1.0369
1.03708
1.03708
1.03678
1.03607
1.03488
1.0333
1.0325
1.03264
1.033
1.03367
1.0343
1.0345
1.03422
1.03281
1.02929
1.02424
1.0214
1.02122
1.02159
1.02284
1.02591
1.02964
1.03079
1.03083
1.02991
1.02632
1.017
1.00505
1.00033
1
1
1
1
1
1
1
1
1
1
1
1
1
1
1
1
1
1
1
1
1
1
1
1
1
1
1
1
0.954176
0.962324
0.971406
0.985706
1.00493
1.02697
1.04895
1.06674
1.08141
1.09414
1.10586
1.11665
1.12813
1.13894
1.14819
1.15153
1.15211
1.15156
1.14962
1.14662
1.1445
1.14357
1.14333
1.14143
1.13632
1.12878
1.11941
1.10977
1.1007
1.09258
1.08635
1.08122
1.07562
1.06861
1.06057
1.05277
1.04679
1.04358
1.04161
1.03976
1.03805
1.03683
1.03589
1.03533
1.03561
1.03644
1.03773
1.03956
1.04131
1.04222
1.04257
1.04147
1.03922
1.03727
1.03673
1.03684
1.03708
1.03744
1.03779
1.03803
1.03815
1.03817
1.0382
1.0385
1.03894
1.03894
1.03815
1.03752
1.03731
1.03726
1.03722
1.037
1.03628
1.035
1.03408
1.03414
1.03437
1.03472
1.03501
1.03504
1.03466
1.03379
1.03129
1.02667
1.02311
1.02234
1.02263
1.02352
1.02593
1.02974
1.03162
1.03175
1.03106
1.02812
1.01975
1.00716
1.00067
1.00001
1
1
1
1
1
1
1
1
1
1
1
1
1
1
1
1
1
1
1
1
1
1
1
1
1
1
1
1
1.09241
1.10637
1.12313
1.14513
1.17172
1.19616
1.21171
1.22114
1.2277
1.23209
1.23625
1.24172
1.2493
1.2555
1.2553
1.2524
1.24788
1.2435
1.23885
1.23436
1.23271
1.23271
1.23088
1.22623
1.21981
1.21243
1.20284
1.19314
1.18551
1.17992
1.17463
1.16743
1.15788
1.14707
1.13621
1.12551
1.11484
1.10393
1.09196
1.07923
1.06723
1.05722
1.0498
1.04506
1.0428
1.04244
1.04302
1.04372
1.04415
1.04413
1.04273
1.03993
1.03732
1.03653
1.0368
1.03737
1.038
1.03864
1.0393
1.03986
1.04032
1.04082
1.04129
1.04142
1.04038
1.03882
1.03822
1.03806
1.03804
1.03799
1.03776
1.03721
1.03627
1.03559
1.0359
1.03623
1.03638
1.03602
1.03545
1.03494
1.0342
1.0325
1.02919
1.02537
1.02354
1.02369
1.02434
1.02628
1.02989
1.0324
1.03269
1.03218
1.02968
1.02213
1.0093
1.00116
1.00002
1
1
1
1
1
1
1
1
1
1
1
1
1
1
1
1
1
1
1
1
1
1
1
1
1
1
1
1
1
1.27871
1.27984
1.28472
1.29698
1.31418
1.32079
1.32066
1.31705
1.31039
1.30745
1.30617
1.30782
1.31028
1.30951
1.30525
1.2978
1.29031
1.28483
1.28114
1.2785
1.2764
1.27512
1.27239
1.26645
1.25826
1.25082
1.24372
1.23841
1.23606
1.23362
1.22934
1.22285
1.21481
1.20726
1.20086
1.19473
1.18769
1.17853
1.16646
1.1518
1.13567
1.11929
1.10339
1.08833
1.07474
1.06369
1.05582
1.05072
1.0475
1.04488
1.042
1.03894
1.03731
1.03737
1.03782
1.03825
1.03882
1.03973
1.04107
1.04236
1.0432
1.04379
1.04387
1.04211
1.0397
1.03846
1.03826
1.03845
1.03867
1.03876
1.03853
1.03788
1.03751
1.03782
1.03807
1.03764
1.0364
1.03561
1.03513
1.03454
1.03335
1.03086
1.0275
1.0253
1.02519
1.02569
1.02718
1.03035
1.03319
1.03368
1.03327
1.03106
1.02414
1.01131
1.00175
1.00004
1
1
1
1
1
1
1
1
1
1
1
1
1
1
1
1
1
1
1
1
1
1
1
1
1
1
1
1
1
1
1.37955
1.36619
1.36339
1.36434
1.36532
1.36148
1.3539
1.34162
1.32845
1.32362
1.32277
1.32193
1.31782
1.31334
1.30739
1.29835
1.29012
1.28508
1.28353
1.28403
1.2818
1.27744
1.27245
1.26519
1.25612
1.24837
1.24593
1.24524
1.24327
1.23998
1.23625
1.23216
1.22777
1.22421
1.22167
1.21932
1.21597
1.21071
1.20343
1.1947
1.18556
1.17613
1.16552
1.15304
1.13845
1.12176
1.10347
1.08512
1.0686
1.05556
1.04666
1.04181
1.04006
1.03981
1.04007
1.04068
1.04181
1.04357
1.04537
1.04631
1.04655
1.04561
1.04317
1.04063
1.03918
1.03885
1.03904
1.03911
1.03924
1.03944
1.03962
1.03989
1.04027
1.04032
1.0391
1.03702
1.03546
1.03471
1.03425
1.0336
1.03237
1.03014
1.02743
1.02657
1.02695
1.02817
1.03101
1.03403
1.03476
1.03442
1.03236
1.02581
1.01302
1.00236
1.00007
1
1
1
1
1
1
1
1
1
1
1
1
1
1
1
1
1
1
1
1
1
1
1
1
1
1
1
1
1
1
1
1.42901
1.41508
1.40907
1.40485
1.39855
1.39156
1.37913
1.35718
1.34095
1.33654
1.33549
1.33311
1.32773
1.31698
1.30519
1.29489
1.28939
1.28609
1.28477
1.28569
1.28588
1.27991
1.26946
1.25971
1.25226
1.24948
1.25001
1.25038
1.24843
1.24586
1.24292
1.24053
1.23935
1.24017
1.24073
1.23855
1.23446
1.22908
1.22274
1.21628
1.21028
1.20473
1.1988
1.19191
1.18373
1.17365
1.16058
1.14323
1.12196
1.09973
1.08017
1.06513
1.05463
1.04819
1.04555
1.04554
1.04688
1.04852
1.04932
1.04944
1.04786
1.0447
1.0413
1.03952
1.03915
1.03951
1.03997
1.04029
1.04074
1.04146
1.0421
1.04253
1.0427
1.04115
1.03826
1.03583
1.0349
1.03453
1.03409
1.03322
1.03165
1.02972
1.02863
1.02891
1.02987
1.03222
1.03509
1.03592
1.03557
1.03354
1.02715
1.01433
1.00288
1.0001
1
1
1
1
1
1
1
1
1
1
1
1
1
1
1
1
1
1
1
1
1
1
1
1
1
1
1
1
1
1
1
1
1.43475
1.42421
1.41648
1.40892
1.39957
1.38661
1.36692
1.34965
1.34581
1.34279
1.33797
1.3311
1.3199
1.30656
1.29925
1.29972
1.30071
1.29855
1.2952
1.29022
1.28139
1.26976
1.26371
1.26256
1.26271
1.26211
1.2602
1.25754
1.25385
1.24894
1.24633
1.24621
1.24658
1.24601
1.24403
1.24021
1.23476
1.22808
1.22131
1.21542
1.20992
1.20424
1.19935
1.19521
1.19102
1.18609
1.17989
1.17153
1.16018
1.14568
1.13005
1.11487
1.10015
1.08597
1.07319
1.06336
1.0574
1.05432
1.05223
1.04964
1.04625
1.04283
1.04087
1.04025
1.0404
1.04058
1.04089
1.04168
1.04324
1.04467
1.04518
1.04505
1.04289
1.03928
1.03624
1.03529
1.035
1.03477
1.03436
1.03346
1.0318
1.03023
1.03041
1.03135
1.03365
1.03646
1.03733
1.03695
1.03476
1.02818
1.01515
1.00322
1.00013
1
1
1
1
1
1
1
1
1
1
1
1
1
1
1
1
1
1
1
1
1
1
1
1
1
1
1
1
1
1
1
1
1
1.42809
1.41682
1.40867
1.40033
1.39133
1.37831
1.35991
1.3448
1.33576
1.32851
1.32085
1.31339
1.30579
1.29844
1.29444
1.29179
1.28688
1.27998
1.27328
1.26662
1.2592
1.2536
1.25173
1.25076
1.25018
1.24817
1.24379
1.23922
1.23714
1.23603
1.23526
1.23592
1.23747
1.23698
1.23408
1.22974
1.22483
1.21951
1.21434
1.20993
1.2066
1.20415
1.20201
1.19977
1.19733
1.19429
1.18956
1.1842
1.1784
1.17153
1.16356
1.15515
1.14647
1.13669
1.12446
1.10861
1.08965
1.07131
1.05747
1.04873
1.04405
1.04197
1.04141
1.04172
1.04212
1.04253
1.04339
1.04529
1.0473
1.04796
1.04793
1.04564
1.04096
1.03653
1.0352
1.03509
1.03519
1.03518
1.03484
1.03388
1.03268
1.03272
1.03352
1.03551
1.03801
1.03884
1.03838
1.03594
1.02892
1.01542
1.00329
1.00014
1
1
1
1
1
1
1
1
1
1
1
1
1
1
1
1
1
1
1
1
1
1
1
1
1
1
1
1
1
1
1
1
1
1
1.44361
1.43154
1.4198
1.4085
1.39673
1.38249
1.36604
1.35068
1.33806
1.32615
1.3129
1.29999
1.29266
1.29053
1.28979
1.28599
1.28113
1.27442
1.26284
1.2478
1.23782
1.23548
1.23603
1.2398
1.24007
1.23666
1.23118
1.22428
1.22176
1.22289
1.22748
1.23252
1.23402
1.23221
1.22742
1.22008
1.21331
1.21298
1.21429
1.21481
1.21419
1.21234
1.20892
1.20428
1.1985
1.19212
1.18646
1.18163
1.17735
1.17382
1.17065
1.16757
1.16455
1.16109
1.15588
1.14724
1.13318
1.11232
1.0885
1.06759
1.05291
1.04532
1.0431
1.04298
1.04345
1.04471
1.0472
1.04969
1.05053
1.0505
1.0481
1.04312
1.03793
1.03598
1.0355
1.03539
1.03532
1.03524
1.03498
1.03448
1.03472
1.03579
1.03809
1.04035
1.04083
1.04
1.03695
1.02912
1.01506
1.00309
1.00012
1
1
1
1
1
1
1
1
1
1
1
1
1
1
1
1
1
1
1
1
1
1
1
1
1
1
1
1
1
1
1
1
1
1
1
1.44727
1.43572
1.42336
1.40993
1.39554
1.37967
1.36241
1.34646
1.3327
1.32049
1.30945
1.30123
1.29441
1.28938
1.28641
1.28152
1.27483
1.26388
1.24887
1.23729
1.23186
1.23017
1.23219
1.23423
1.23185
1.2274
1.22292
1.21911
1.21602
1.21539
1.21766
1.22081
1.22057
1.21759
1.21211
1.20475
1.19915
1.19752
1.19799
1.19913
1.19979
1.19914
1.19589
1.19155
1.18798
1.18418
1.17995
1.17632
1.17482
1.17546
1.17765
1.17904
1.17827
1.17535
1.17013
1.16263
1.15357
1.14152
1.12508
1.10717
1.08905
1.07181
1.05821
1.05101
1.04961
1.05092
1.05308
1.0537
1.05304
1.05028
1.04493
1.03876
1.03645
1.03635
1.03645
1.03654
1.03654
1.03638
1.03636
1.0368
1.03806
1.04038
1.0425
1.04305
1.04197
1.0382
1.029
1.014
1.0026
1.00009
1
1
1
1
1
1
1
1
1
1
1
1
1
1
1
1
1
1
1
1
1
1
1
1
1
1
1
1
1
1
1
1
1
1
1
1
1.44205
1.43309
1.42268
1.41011
1.39514
1.37943
1.36249
1.34477
1.32845
1.31812
1.31177
1.30532
1.29802
1.29136
1.28776
1.28403
1.27202
1.25547
1.24271
1.23463
1.23083
1.23163
1.23446
1.23502
1.23207
1.22397
1.21749
1.21542
1.21458
1.2145
1.21531
1.21605
1.21505
1.20824
1.19822
1.19284
1.19058
1.18909
1.188
1.18758
1.18719
1.18593
1.18224
1.17632
1.17413
1.17564
1.17869
1.18203
1.18479
1.1865
1.18686
1.18529
1.18134
1.17589
1.16956
1.16141
1.15158
1.14301
1.13698
1.1307
1.12241
1.11123
1.09688
1.08094
1.06765
1.06047
1.05765
1.05584
1.05287
1.04751
1.04073
1.03722
1.03637
1.0363
1.03661
1.03746
1.03822
1.03875
1.03975
1.04181
1.04448
1.04576
1.04543
1.04319
1.03841
1.02791
1.01233
1.00197
1.00006
1
1
1
1
1
1
1
1
1
1
1
1
1
1
1
1
1
1
1
1
1
1
1
1
1
1
1
1
1
1
1
1
1
1
1
1
1
1.44595
1.43686
1.42657
1.41288
1.39319
1.36935
1.35017
1.33495
1.32571
1.32108
1.31717
1.31302
1.30777
1.29963
1.28705
1.27145
1.25816
1.2467
1.2423
1.24092
1.24181
1.24005
1.23377
1.22792
1.22377
1.21856
1.21695
1.21709
1.21889
1.21889
1.21624
1.21302
1.20637
1.19688
1.19055
1.18945
1.18914
1.18778
1.18591
1.18353
1.18028
1.17692
1.17361
1.1696
1.16575
1.16463
1.1658
1.16861
1.17358
1.17763
1.17881
1.17838
1.17485
1.16781
1.15892
1.15101
1.14541
1.14429
1.14514
1.14589
1.14483
1.14143
1.13494
1.12387
1.10703
1.08613
1.06769
1.05683
1.05055
1.04365
1.03923
1.03794
1.03781
1.03794
1.03825
1.03879
1.03982
1.04168
1.0444
1.04719
1.04859
1.04835
1.04579
1.03916
1.02611
1.00998
1.0013
1.00003
1
1
1
1
1
1
1
1
1
1
1
1
1
1
1
1
1
1
1
1
1
1
1
1
1
1
1
1
1
1
1
1
1
1
1
1
1
1
1.45839
1.44799
1.43705
1.42237
1.39789
1.36312
1.33968
1.33206
1.32803
1.32632
1.32874
1.32988
1.32504
1.31073
1.28293
1.25607
1.24672
1.24514
1.24545
1.24976
1.25195
1.2474
1.23574
1.22178
1.21694
1.21725
1.21882
1.22234
1.22635
1.22635
1.21994
1.20665
1.19461
1.18869
1.18866
1.19033
1.19156
1.19102
1.18699
1.18025
1.1748
1.17147
1.16929
1.16725
1.16399
1.16025
1.15931
1.16019
1.1627
1.1668
1.16888
1.16935
1.16847
1.16178
1.1498
1.14367
1.14409
1.14667
1.14989
1.15181
1.152
1.15056
1.14749
1.14216
1.13382
1.12037
1.09897
1.07252
1.05137
1.04232
1.03984
1.0395
1.03974
1.04027
1.04114
1.0428
1.04595
1.04987
1.05201
1.05191
1.04975
1.04575
1.0379
1.02326
1.00743
1.00072
1.00001
1
1
1
1
1
1
1
1
1
1
1
1
1
1
1
1
1
1
1
1
1
1
1
1
1
1
1
1
1
1
1
1
1
1
1
1
1
1
1
1.45963
1.44731
1.43393
1.41685
1.39164
1.36316
1.34398
1.33523
1.33054
1.33021
1.33002
1.32439
1.31603
1.3006
1.27561
1.25509
1.24794
1.24654
1.24987
1.25646
1.25604
1.25112
1.23893
1.224
1.21754
1.21654
1.21794
1.22279
1.22451
1.22317
1.21462
1.19827
1.18944
1.18847
1.18928
1.19042
1.19067
1.18898
1.18248
1.17611
1.1725
1.17018
1.16855
1.16677
1.16413
1.16025
1.1573
1.1572
1.15772
1.15896
1.16106
1.16158
1.15976
1.1529
1.14545
1.14223
1.1423
1.14347
1.14535
1.14811
1.15267
1.15499
1.1539
1.14963
1.14394
1.13672
1.12517
1.10474
1.07921
1.05783
1.04607
1.04218
1.04177
1.04247
1.04463
1.04851
1.05267
1.05491
1.05514
1.05335
1.04797
1.03645
1.01924
1.00484
1.00034
1
1
1
1
1
1
1
1
1
1
1
1
1
1
1
1
1
1
1
1
1
1
1
1
1
1
1
1
1
1
1
1
1
1
1
1
1
1
1
1
1
1.46959
1.45984
1.44191
1.41224
1.38018
1.35956
1.34929
1.34368
1.34267
1.34308
1.33908
1.33112
1.31495
1.29195
1.27165
1.2604
1.25674
1.25939
1.2687
1.27122
1.268
1.2599
1.24441
1.229
1.22252
1.22176
1.22566
1.22985
1.22892
1.22225
1.20849
1.19447
1.18979
1.19042
1.19383
1.19457
1.19248
1.18601
1.17752
1.17335
1.17327
1.17341
1.17226
1.16973
1.16623
1.16227
1.15892
1.15817
1.15917
1.15999
1.15916
1.15519
1.14894
1.14419
1.14179
1.14116
1.1418
1.14409
1.14828
1.15136
1.15189
1.15141
1.15002
1.14728
1.14245
1.13516
1.12611
1.11734
1.10592
1.0904
1.07353
1.05969
1.05298
1.05266
1.05572
1.05855
1.05848
1.05627
1.05258
1.04618
1.03301
1.01473
1.0027
1.00012
1
1
1
1
1
1
1
1
1
1
1
1
1
1
1
1
1
1
1
1
1
1
1
1
1
1
1
1
1
1
1
1
1
1
1
1
1
1
1
1
1
1
1.45688
1.44064
1.42546
1.40128
1.3773
1.36726
1.36157
1.35327
1.33974
1.3227
1.31508
1.31019
1.29897
1.28164
1.27398
1.27368
1.27418
1.26952
1.26052
1.25629
1.25404
1.24887
1.24079
1.23742
1.23518
1.22868
1.21906
1.21652
1.21609
1.21157
1.20222
1.1968
1.1948
1.19052
1.18632
1.18595
1.18487
1.1806
1.17664
1.17574
1.17414
1.17079
1.16851
1.16683
1.16496
1.16414
1.16414
1.16273
1.15826
1.15439
1.151
1.1468
1.14341
1.14233
1.14288
1.14506
1.1471
1.14697
1.14411
1.14184
1.14026
1.13747
1.13465
1.13309
1.13199
1.13089
1.13004
1.12822
1.12461
1.11774
1.10756
1.09488
1.08125
1.07
1.06393
1.06148
1.05973
1.05551
1.04531
1.02804
1.00986
1.00126
1.00003
1
1
1
1
1
1
1
1
1
1
1
1
1
1
1
1
1
1
1
1
1
1
1
1
1
1
1
1
1
1
1
1
1
1
1
1
1
1
1
1
1
1
1
1.46752
1.43256
1.41296
1.40397
1.39716
1.39131
1.3836
1.37247
1.35565
1.32967
1.30341
1.29179
1.28887
1.2908
1.29692
1.30073
1.29752
1.28861
1.27177
1.25355
1.2481
1.24803
1.25021
1.25151
1.24951
1.24235
1.22892
1.21373
1.20577
1.20383
1.20447
1.20491
1.20328
1.1974
1.18785
1.18132
1.18042
1.18144
1.18218
1.18206
1.17979
1.1742
1.16926
1.16898
1.16964
1.17042
1.17025
1.16754
1.16031
1.14961
1.14385
1.14371
1.14554
1.14857
1.15262
1.15533
1.15564
1.15373
1.14856
1.14064
1.13379
1.12921
1.12602
1.124
1.1235
1.12459
1.1267
1.12828
1.12772
1.12663
1.12531
1.12191
1.11444
1.10058
1.08068
1.06298
1.0529
1.04037
1.02167
1.00569
1.00046
1.00001
1
1
1
1
1
1
1
1
1
1
1
1
1
1
1
1
1
1
1
1
1
1
1
1
1
1
1
1
1
1
1
1
1
1
1
1
1
1
1
1
1
1
1
1
1.46296
1.42457
1.40008
1.38824
1.38046
1.37536
1.3681
1.35926
1.34657
1.32302
1.29471
1.28293
1.27918
1.27802
1.28492
1.2905
1.2876
1.28162
1.26761
1.24885
1.24243
1.24093
1.24158
1.24357
1.24233
1.23786
1.2259
1.20787
1.19874
1.19706
1.19676
1.19726
1.19699
1.19392
1.18536
1.17744
1.17561
1.17535
1.17617
1.17659
1.17608
1.17214
1.16609
1.16471
1.16538
1.16642
1.16629
1.16435
1.15796
1.1466
1.14011
1.13975
1.14078
1.14479
1.15061
1.15332
1.15337
1.15166
1.14519
1.13378
1.12498
1.12109
1.11905
1.11736
1.11606
1.11616
1.11741
1.12116
1.1312
1.14313
1.14833
1.14769
1.14174
1.12784
1.10583
1.07592
1.04058
1.01432
1.0025
1.00013
1
1
1
1
1
1
1
1
1
1
1
1
1
1
1
1
1
1
1
1
1
1
1
1
1
1
1
1
1
1
1
1
1
1
1
1
1
1
1
1
1
1
1
1
1
1
)
;

boundaryField
{
    inlet
    {
        type            fixedValue;
        value           nonuniform 0();
    }
    outlet
    {
        type            zeroGradient;
    }
    bottom
    {
        type            symmetryPlane;
    }
    top
    {
        type            symmetryPlane;
    }
    obstacle
    {
        type            zeroGradient;
    }
    defaultFaces
    {
        type            empty;
    }
    procBoundary3to1
    {
        type            processor;
        value           nonuniform List<scalar> 
126
(
0.927326
0.926304
0.927556
0.930627
0.938199
0.945939
0.94805
0.948308
0.948273
0.948857
0.950041
0.952896
0.958912
0.963782
0.965036
0.965521
0.965663
0.966418
0.967565
0.969409
0.972541
0.975964
0.977802
0.979085
0.980506
0.98246
0.984845
0.98644
0.987362
0.988191
0.989068
0.990102
0.991449
0.993642
0.99594
0.996965
0.997617
0.998313
0.999205
1.00026
1.00166
1.00389
1.00738
1.01059
1.01178
1.0123
1.01284
1.01348
1.01414
1.01472
1.01524
1.01612
1.01793
1.02134
1.02547
1.02738
1.02771
1.02749
1.0259
1.02318
1.02133
1.02108
1.02135
1.02206
1.02379
1.02677
1.02886
1.02929
1.02937
1.02888
1.02756
1.02689
1.02702
1.02728
1.02745
1.02753
1.0275
1.02705
1.02584
1.02432
1.02371
1.02382
1.0241
1.02473
1.02579
1.0265
1.02665
1.02669
1.02655
1.02583
1.02364
1.01909
1.01476
1.01368
1.01374
1.01391
1.01443
1.01589
1.0185
1.02026
1.02053
1.02056
1.02033
1.01906
1.01529
1.00787
1.00147
1.00005
1
1
1
1
1
1
1
1
1
1
1
1
1
1
1
1
1
1
)
;
    }
    procBoundary3to2
    {
        type            processor;
        value           nonuniform List<scalar> 
32
(
0.923892
0.915579
0.903609
0.890603
0.876883
0.866891
0.86015
0.857929
0.85845
0.85929
0.861084
0.863819
0.870053
0.8823
0.900649
0.943174
1.07204
1.27547
1.39991
1.45379
1.45786
1.44922
1.45635
1.45877
1.45196
1.45587
1.46924
1.47115
1.47753
1.48179
1.50138
1.49377
)
;
    }
}


// ************************************************************************* //
