/*--------------------------------*- C++ -*----------------------------------*\
  =========                 |
  \\      /  F ield         | OpenFOAM: The Open Source CFD Toolbox
   \\    /   O peration     | Website:  https://openfoam.org
    \\  /    A nd           | Version:  7
     \\/     M anipulation  |
\*---------------------------------------------------------------------------*/
FoamFile
{
    version     2.0;
    format      ascii;
    class       volScalarField;
    location    "0.7";
    object      p;
}
// * * * * * * * * * * * * * * * * * * * * * * * * * * * * * * * * * * * * * //

dimensions      [1 -1 -2 0 0 0 0];

internalField   nonuniform List<scalar> 
4608
(
1
1
1
1
1
1
1
1
1
1
1
1
1
1
1
1
1
1
1
1
1
1
1
1
1
1
1
1
1
1
1
1
1
1
1
1
1
1
1
1
1
1
1
1
1
1
1
1
1
1
1
1
1
1
1
1
1
1
1
1
1
2.70321
22.4863
29.5273
29.6812
29.9792
30.269
30.5121
30.7024
30.7809
30.7886
30.785
30.8358
30.9355
31.0843
31.2723
31.4698
31.6781
31.884
32.0601
32.1944
32.2877
32.3478
32.3868
32.4213
32.4722
32.5514
32.6547
32.7503
32.7983
32.7901
32.7698
32.7669
32.775
32.7842
32.8031
1
1
1
1
1
1
1
1
1
1
1
1
1
1
1
1
1
1
1
1
1
1
1
1
1
1
1
1
1
1
1
1
1
1
1
1
1
1
1
1
1
1
1
1
1
1
1
1
1
1
1
1
1
1
1
1
1
1
1
1
1
2.67727
22.3771
29.4779
29.6472
29.9627
30.2541
30.5014
30.6969
30.7803
30.7905
30.7877
30.8346
30.9352
31.0883
31.2768
31.4648
31.6593
31.8559
32.0348
32.1805
32.2898
32.3633
32.4095
32.4441
32.4851
32.545
32.6274
32.7086
32.7602
32.7752
32.7786
32.7863
32.7916
32.7902
32.793
1
1
1
1
1
1
1
1
1
1
1
1
1
1
1
1
1
1
1
1
1
1
1
1
1
1
1
1
1
1
1
1
1
1
1
1
1
1
1
1
1
1
1
1
1
1
1
1
1
1
1
1
1
1
1
1
1
1
1
1
1
2.59303
22.1548
29.4019
29.5969
29.9347
30.2311
30.4917
30.6961
30.783
30.7891
30.7822
30.8233
30.9279
31.089
31.2778
31.4517
31.6241
31.8036
31.9832
32.146
32.2788
32.3748
32.4364
32.4742
32.5015
32.533
32.5842
32.6467
32.708
32.7549
32.7873
32.8054
32.8066
32.7975
32.7847
1
1
1
1
1
1
1
1
1
1
1
1
1
1
1
1
1
1
1
1
1
1
1
1
1
1
1
1
1
1
1
1
1
1
1
1
1
1
1
1
1
1
1
1
1
1
1
1
1
1
1
1
1
1
1
1
1
1
1
1
1
2.45527
21.7537
29.3274
29.567
29.9138
30.2122
30.4849
30.695
30.7854
30.7863
30.7753
30.8127
30.9184
31.0838
31.2687
31.4289
31.5809
31.7425
31.9184
32.0952
32.2519
32.3755
32.4552
32.4995
32.5157
32.5185
32.5346
32.5733
32.641
32.7204
32.7846
32.8185
32.8208
32.8072
32.7803
1
1
1
1
1
1
1
1
1
1
1
1
1
1
1
1
1
1
1
1
1
1
1
1
1
1
1
1
1
1
1
1
1
1
1
1
1
1
1
1
1
1
1
1
1
1
1
1
1
1
1
1
1
1
1
1
1
1
1
1
1
2.24332
21.0709
29.2397
29.5817
29.9066
30.2152
30.4935
30.6922
30.7765
30.7752
30.7667
30.803
30.9054
31.0676
31.2449
31.3971
31.5374
31.6848
31.8527
32.0338
32.2055
32.3506
32.4517
32.509
32.5222
32.5041
32.4897
32.5045
32.5714
32.6726
32.7611
32.813
32.8263
32.8165
32.7833
1
1
1
1
1
1
1
1
1
1
1
1
1
1
1
1
1
1
1
1
1
1
1
1
1
1
1
1
1
1
1
1
1
1
1
1
1
1
1
1
1
1
1
1
1
1
1
1
1
1
1
1
1
1
1
1
1
1
1
1
1
1.93236
20.1549
29.2693
29.6397
29.9325
30.2344
30.4972
30.6724
30.7484
30.7598
30.7663
30.804
30.897
31.0445
31.2102
31.3632
31.5047
31.6455
31.8034
31.9774
32.147
32.2959
32.4108
32.4857
32.5103
32.4883
32.4591
32.4562
32.5122
32.6144
32.712
32.7807
32.8136
32.8196
32.7936
1
1
1
1
1
1
1
1
1
1
1
1
1
1
1
1
1
1
1
1
1
1
1
1
1
1
1
1
1
1
1
1
1
1
1
1
1
1
1
1
1
1
1
1
1
1
1
1
1
1
1
1
1
1
1
1
1
1
1
1
1
1.4704
18.8725
29.4416
29.7098
29.9889
30.2552
30.4738
30.6148
30.6975
30.7481
30.7815
30.8205
30.8922
31.0135
31.1658
31.3249
31.4762
31.6179
31.7687
31.9323
32.0909
32.2289
32.3399
32.4264
32.4727
32.4659
32.4437
32.4344
32.4722
32.5541
32.6432
32.7201
32.776
32.8071
32.8028
1
1
1
1
1
1
1
1
1
1
1
1
1
1
1
1
1
1
1
1
1
1
1
1
1
1
1
1
1
1
1
1
1
1
1
1
1
1
1
1
1
1
1
1
1
1
1
1
1
1
1
1
1
1
1
1
1
1
1
1
1
1.01474
17.5967
29.5587
29.7317
29.9811
30.2028
30.3913
30.5412
30.6633
30.7589
30.8159
30.8432
30.8793
30.9703
31.1118
31.2808
31.447
31.5963
31.7448
31.8994
32.0458
32.1659
32.261
32.3477
32.4089
32.4283
32.4312
32.4286
32.4484
32.4976
32.5634
32.639
32.714
32.7725
32.7992
1
1
1
1
1
1
1
1
1
1
1
1
1
1
1
1
1
1
1
1
1
1
1
1
1
1
1
1
1
1
1
1
1
1
1
1
1
1
1
1
1
1
1
1
1
1
1
1
1
1
1
1
1
1
1
1
1
1
1
1
1
1.00004
16.0758
29.4868
29.6931
29.9219
30.1238
30.2975
30.4755
30.6476
30.786
30.8539
30.8553
30.856
30.9216
31.052
31.2296
31.4107
31.5713
31.723
31.8738
32.0119
32.1169
32.194
32.266
32.3288
32.3737
32.4088
32.4254
32.4334
32.4476
32.4817
32.5466
32.6316
32.7112
32.7686
1
1
1
1
1
1
1
1
1
1
1
1
1
1
1
1
1
1
1
1
1
1
1
1
1
1
1
1
1
1
1
1
1
1
1
1
1
1
1
1
1
1
1
1
1
1
1
1
1
1
1
1
1
1
1
1
1
1
1
1
1
1
14.5323
29.3476
29.6221
29.8083
30.024
30.2294
30.4531
30.6632
30.8143
30.8692
30.8402
30.819
30.8691
30.9852
31.1656
31.3593
31.533
31.6923
31.8462
31.9814
32.0786
32.142
32.1948
32.2489
32.308
32.3696
32.4084
32.4138
32.4022
32.4078
32.4555
32.538
32.6235
32.701
1
1
1
1
1
1
1
1
1
1
1
1
1
1
1
1
1
1
1
1
1
1
1
1
1
1
1
1
1
1
1
1
1
1
1
1
1
1
1
1
1
1
1
1
1
1
1
1
1
1
1
1
1
1
1
1
1
1
1
1
1
1
12.9147
29.0767
29.5259
29.7003
29.9551
30.1985
30.4486
30.6706
30.8191
30.8591
30.8144
30.7845
30.8231
30.9178
31.0893
31.2895
31.474
31.6437
31.8069
31.945
32.0424
32.1
32.1393
32.1816
32.2404
32.312
32.364
32.3735
32.3529
32.3434
32.3755
32.4437
32.5169
32.5975
1
1
1
1
1
1
1
1
1
1
1
1
1
1
1
1
1
1
1
1
1
1
1
1
1
1
1
1
1
1
1
1
1
1
1
1
1
1
1
1
1
1
1
1
1
1
1
1
1
1
1
1
1
1
1
1
1
1
1
1
1
1
11.1806
28.6599
29.4307
29.633
29.9372
30.2149
30.4707
30.679
30.7985
30.8154
30.7631
30.7331
30.7656
30.8421
30.9994
31.2048
31.3957
31.5752
31.7469
31.89
31.9953
32.0593
32.0963
32.1281
32.1767
32.24
32.2917
32.3062
32.2928
32.2854
32.3073
32.3542
32.4009
32.4675
1
1
1
1
1
1
1
1
1
1
1
1
1
1
1
1
1
1
1
1
1
1
1
1
1
1
1
1
1
1
1
1
1
1
1
1
1
1
1
1
1
1
1
1
1
1
1
1
1
1
1
1
1
1
1
1
1
1
1
1
1
1
9.36002
28.0494
29.454
29.6571
29.9392
30.2023
30.4508
30.6495
30.7563
30.7689
30.7161
30.6835
30.7039
30.7691
30.9126
31.1213
31.3108
31.4919
31.6617
31.8043
31.9223
32.0058
32.0538
32.0827
32.1173
32.1593
32.1976
32.2152
32.2186
32.2264
32.2451
32.2688
32.2815
32.3212
1
1
1
1
1
1
1
1
1
1
1
1
1
1
1
1
1
1
1
1
1
1
1
1
1
1
1
1
1
1
1
1
1
1
1
1
1
1
1
1
1
1
1
1
1
1
1
1
1
1
1
1
1
1
1
1
1
1
1
1
1
1
7.58507
27.2084
29.4342
29.6523
29.9345
30.1736
30.4041
30.5954
30.7058
30.7289
30.6819
30.6403
30.6448
30.6992
30.8314
31.0424
31.2279
31.4024
31.5604
31.6922
31.8188
31.9284
31.9993
32.0364
32.0601
32.0756
32.0917
32.1088
32.1304
32.1579
32.1784
32.1818
32.1597
32.1659
1
1
1
1
1
1
1
1
1
1
1
1
1
1
1
1
1
1
1
1
1
1
1
1
1
1
1
1
1
1
1
1
1
1
1
1
1
1
1
1
1
1
1
1
1
1
1
1
1
1
1
1
1
1
1
1
1
1
1
1
1
1
5.98571
26.0413
29.4327
29.6465
29.8811
30.1039
30.3232
30.5145
30.6433
30.6898
30.6604
30.6059
30.5919
30.6255
30.7461
30.9534
31.1394
31.3088
31.4541
31.5687
31.6936
31.8216
31.9187
31.9749
31.9943
31.9877
31.9817
31.9955
32.0318
32.0752
32.098
32.0866
32.0387
32.0153
1
1
1
1
1
1
1
1
1
1
1
1
1
1
1
1
1
1
1
1
1
1
1
1
1
1
1
1
1
1
1
1
1
1
1
1
1
1
1
1
1
1
1
1
1
1
1
1
1
1
1
1
1
1
1
1
1
1
1
1
1
1
4.39129
24.4797
29.4286
29.6461
29.8499
30.0323
30.2263
30.41
30.5553
30.6314
30.6277
30.5775
30.5465
30.5544
30.6545
30.85
31.0414
31.2127
31.349
31.4461
31.5578
31.6847
31.8034
31.8854
31.9097
31.895
31.8753
31.8846
31.9276
31.9768
31.9978
31.9769
31.9151
31.8727
1
1
1
1
1
1
1
1
1
1
1
1
1
1
1
1
1
1
1
1
1
1
1
1
1
1
1
1
1
1
1
1
1
1
1
1
1
1
1
1
1
1
1
1
1
1
1
1
1
1
1
1
1
1
1
1
1
1
1
1
1
1
2.85087
22.7049
29.6387
29.5448
29.7408
29.9209
30.1107
30.2929
30.4465
30.5465
30.5751
30.5448
30.5077
30.4997
30.5709
30.7371
30.9203
31.0923
31.2282
31.3227
31.4261
31.5442
31.6706
31.7678
31.8002
31.7889
31.7675
31.7743
31.8164
31.8615
31.8766
31.8511
31.7871
31.7383
1
1
1
1
1
1
1
1
1
1
1
1
1
1
1
1
1
1
1
1
1
1
1
1
1
1
1
1
1
1
1
1
1
1
1
1
1
1
1
1
1
1
1
1
1
1
1
1
1
1
1
1
1
1
1
1
1
1
1
1
1
1
1.67804
20.405
29.7023
29.5226
29.7405
29.9152
30.0623
30.1935
30.3139
30.4119
30.4666
30.4691
30.4435
30.4328
30.4835
30.6208
30.7924
30.9648
31.1052
31.2056
31.3019
31.4041
31.5194
31.6161
31.6587
31.6626
31.654
31.6646
31.7005
31.7321
31.7353
31.7062
31.6483
31.6031
1
1
1
1
1
1
1
1
1
1
1
1
1
1
1
1
1
1
1
1
1
1
1
1
1
1
1
1
1
1
1
1
1
1
1
1
1
1
1
1
1
1
1
1
1
1
1
1
1
1
1
1
1
1
1
1
1
1
1
1
1
1
1.01785
18.0481
29.2886
29.1826
29.4986
29.7365
29.9324
30.081
30.1882
30.2783
30.3437
30.3872
30.3901
30.3921
30.432
30.5324
30.6702
30.8238
30.9622
31.0716
31.17
31.2624
31.3598
31.4446
31.4905
31.5107
31.5212
31.5407
31.57
31.5852
31.5755
31.5452
31.4993
31.4644
1
1
1
1
1
1
1
1
1
1
1
1
1
1
1
1
1
1
1
1
1
1
1
1
1
1
1
1
1
1
1
1
1
1
1
1
1
1
1
1
1
1
1
1
1
1
1
1
1
1
1
1
1
1
1
1
1
1
1
1
1
1
1.00003
15.2331
28.7505
29.0021
29.3769
29.6433
29.8414
29.9724
30.0635
30.1437
30.2108
30.2607
30.2806
30.295
30.3407
30.4197
30.5316
30.668
30.8048
30.924
31.0322
31.1208
31.2032
31.2697
31.3062
31.3359
31.3636
31.3942
31.4199
31.421
31.3991
31.3664
31.3315
31.3064
1
1
1
1
1
1
1
1
1
1
1
1
1
1
1
1
1
1
1
1
1
1
1
1
1
1
1
1
1
1
1
1
1
1
1
1
1
1
1
1
1
1
1
1
1
1
1
1
1
1
1
1
1
1
1
1
1
1
1
1
1
1
1
12.1945
27.9446
28.7683
29.1737
29.4795
29.6953
29.8282
29.9237
29.9963
30.0677
30.1209
30.1593
30.1886
30.2386
30.3055
30.3978
30.514
30.6432
30.7667
30.885
30.9747
31.0499
31.0945
31.1118
31.1377
31.1727
31.2113
31.2367
31.2317
31.2049
31.1721
31.1457
31.1275
1
1
1
1
1
1
1
1
1
1
1
1
1
1
1
1
1
1
1
1
1
1
1
1
1
1
1
1
1
1
1
1
1
1
1
1
1
1
1
1
1
1
1
1
1
1
1
1
1
1
1
1
1
1
1
1
1
1
1
1
1
1
1
9.24484
26.8256
28.7064
29.101
29.4188
29.6262
29.748
29.8354
29.8934
29.9561
29.9956
30.0339
30.0701
30.1216
30.1875
30.2687
30.3664
30.4812
30.5987
30.7205
30.8152
30.8876
30.9158
30.92
30.9351
30.9651
31.0012
31.0225
31.0143
30.987
30.9536
30.9291
30.9106
1
1
1
1
1
1
1
1
1
1
1
1
1
1
1
1
1
1
1
1
1
1
1
1
1
1
1
1
1
1
1
1
1
1
1
1
1
1
1
1
1
1
1
1
1
1
1
1
1
1
1
1
1
1
1
1
1
1
1
1
1
1
1
6.25801
24.9631
28.7192
28.9688
29.2698
29.4579
29.5882
29.7021
29.7693
29.8327
29.8687
29.9023
29.9371
29.9921
30.0656
30.1437
30.2265
30.322
30.4236
30.5406
30.6392
30.7121
30.7299
30.7233
30.7215
30.7336
30.7543
30.7669
30.7595
30.7395
30.7118
30.6897
30.6689
1
1
1
1
1
1
1
1
1
1
1
1
1
1
1
1
1
1
1
1
1
1
1
1
1
1
1
1
1
1
1
1
1
1
1
1
1
1
1
1
1
1
1
1
1
1
1
1
1
1
1
1
1
1
1
1
1
1
1
1
1
1
1
3.17989
22.8589
29.1627
28.8882
29.1266
29.3203
29.4698
29.5956
29.6679
29.7245
29.7507
29.7742
29.7939
29.8454
29.926
30.0088
30.0853
30.1651
30.2487
30.3524
30.4459
30.5146
30.5245
30.5098
30.4936
30.4874
30.4897
30.489
30.4764
30.4559
30.426
30.3983
30.3677
1
1
1
1
1
1
1
1
1
1
1
1
1
1
1
1
1
1
1
1
1
1
1
1
1
1
1
1
1
1
1
1
1
1
1
1
1
1
1
1
1
1
1
1
1
1
1
1
1
1
1
1
1
1
1
1
1
1
1
1
1
1
1
1.14857
19.5944
29.3962
29.0951
29.1655
29.2363
29.3563
29.4818
29.555
29.6058
29.6299
29.6483
29.6527
29.6947
29.7733
29.8598
29.9368
30.0067
30.0754
30.1626
30.2456
30.3039
30.3046
30.2818
30.2494
30.2183
30.1918
30.1694
30.1478
30.1268
30.0986
30.0696
30.0337
1
1
1
1
1
1
1
1
1
1
1
1
1
1
1
1
1
1
1
1
1
1
1
1
1
1
1
1
1
1
1
1
1
1
1
1
1
1
1
1
1
1
1
1
1
1
1
1
1
1
1
1
1
1
1
1
1
1
1
1
1
1
1
1.00029
15.7957
28.2977
28.5064
28.8535
29.1122
29.2689
29.3403
29.3931
29.4388
29.4663
29.486
29.4837
29.5209
29.6025
29.6946
29.7798
29.8467
29.9033
29.969
30.0375
30.0767
30.0587
30.024
29.9762
29.9232
29.8713
29.8271
29.7898
29.7544
29.7126
29.6722
29.625
1
1
1
1
1
1
1
1
1
1
1
1
1
1
1
1
1
1
1
1
1
1
1
1
1
1
1
1
1
1
1
1
1
1
1
1
1
1
1
1
1
1
1
1
1
1
1
1
1
1
1
1
1
1
1
1
1
1
1
1
1
1
1
0.999995
11.7512
27.3569
28.408
28.7434
28.995
29.1125
29.1705
29.2306
29.2986
29.3385
29.3495
29.3196
29.3221
29.3869
29.481
29.5794
29.6594
29.714
29.7633
29.812
29.8278
29.7934
29.7416
29.6733
29.5905
29.5005
29.4185
29.3536
29.3009
29.2527
29.2109
29.1654
1
1
1
1
1
1
1
1
1
1
1
1
1
1
1
1
1
1
1
1
1
1
1
1
1
1
1
1
1
1
1
1
1
1
1
1
1
1
1
1
1
1
1
1
1
1
1
1
1
1
1
1
1
1
1
1
1
1
1
1
1
1
1
0.999999
7.70863
25.6129
28.4251
28.768
28.9424
29.0141
29.059
29.1038
29.1637
29.2032
29.2112
29.1664
29.1386
29.1776
29.2616
29.3595
29.4467
29.5006
29.5422
29.5667
29.5554
29.5055
29.4323
29.3375
29.2218
29.0957
28.9798
28.8868
28.8007
28.7147
28.6386
28.5668
1
1
1
1
1
1
1
1
1
1
1
1
1
1
1
1
1
1
1
1
1
1
1
1
1
1
1
1
1
1
1
1
1
1
1
1
1
1
1
1
1
1
1
1
1
1
1
1
1
1
1
1
1
1
1
1
1
1
1
1
1
1
1
1
3.82525
23.2414
28.8139
28.7102
28.7945
28.8738
28.9366
28.9859
29.0488
29.0956
29.1009
29.0341
28.963
28.9603
29.0352
29.1264
29.2165
29.2744
29.3012
29.2945
29.2585
29.1905
29.0926
28.965
28.8067
28.6306
28.4559
28.3013
28.1576
28.0307
27.9276
27.8546
1
1
1
1
1
1
1
1
1
1
1
1
1
1
1
1
1
1
1
1
1
1
1
1
1
1
1
1
1
1
1
1
1
1
1
1
1
1
1
1
1
1
1
1
1
1
1
1
1
1
1
1
1
1
1
1
1
1
1
1
1
1
1
1
1.22196
19.3731
28.9931
28.7142
28.697
28.7774
28.82
28.8622
28.9197
28.9705
28.983
28.912
28.8082
28.7673
28.8201
28.8951
28.9744
29.0262
29.0364
29.0085
28.9494
28.8586
28.73
28.5654
28.3597
28.1247
27.8906
27.6787
27.4653
27.2407
27.0094
26.8127
1
1
1
1
1
1
1
1
1
1
1
1
1
1
1
1
1
1
1
1
1
1
1
1
1
1
1
1
1
1
1
1
1
1
1
1
1
1
1
1
1
1
1
1
1
1
1
1
1
1
1
1
1
1
1
1
1
1
1
1
1
1
1
1
1.00095
14.6075
27.4566
28.2535
28.5222
28.629
28.6879
28.7315
28.7856
28.8374
28.8614
28.8007
28.6774
28.5867
28.6044
28.6541
28.7103
28.7466
28.7412
28.6952
28.6112
28.4939
28.3343
28.1278
27.8642
27.5576
27.2347
26.8934
26.5228
26.1089
25.6983
25.37
1
1
1
1
1
1
1
1
1
1
1
1
1
1
1
1
1
1
1
1
1
1
1
1
1
1
1
1
1
1
1
1
1
1
1
1
1
1
1
1
1
1
1
1
1
1
1
1
1
1
1
1
1
1
1
1
1
1
1
1
1
1
1
1
0.999995
8.9499
26.4456
28.2607
28.422
28.5589
28.6088
28.6198
28.6551
28.6977
28.7246
28.6812
28.5616
28.4327
28.4012
28.4325
28.4706
28.5023
28.49
28.4181
28.2978
28.1398
27.9431
27.6852
27.3648
26.9882
26.5677
26.1141
25.6203
25.0135
24.3634
24.1409
1
1
1
1
1
1
1
1
1
1
1
1
1
1
1
1
1
1
1
1
1
1
1
1
1
1
1
1
1
1
1
1
1
1
1
1
1
1
1
1
1
1
1
1
1
1
1
1
1
1
1
1
1
1
1
1
1
1
1
1
1
1
1
1
1
1.38955
14.4735
27.8158
28.4339
28.2786
28.3628
28.2967
28.2695
28.2604
28.2681
28.2566
28.1716
28.0155
27.8772
27.7977
27.7452
27.7068
27.6527
27.5386
27.3588
27.1246
26.8334
26.4816
26.041
25.5225
24.8732
24.1002
23.0683
21.7153
19.2299
14.7392
1
1
1
1
1
1
1
1
1
1
1
1
1
1
1
1
1
1
1
1
1
1
1
1
1
1
1
1
1
1
1
1
1
1
1
1
1
1
1
1
1
1
1
1
1
1
1
1
1
1
1
1
1
1
1
1
1
1
1
1
1
1
1
1
1
1.00038
1.4715
12.8969
26.7429
27.7761
27.6245
27.6362
27.545
27.4642
27.4067
27.3715
27.3071
27.1861
27.013
26.8283
26.6368
26.4689
26.292
26.0843
25.8125
25.4621
25.0265
24.5256
23.9413
23.2423
22.3928
21.3286
20.0374
18.1833
15.8469
12.8223
1
1
1
1
1
1
1
1
1
1
1
1
1
1
1
1
1
1
1
1
1
1
1
1
1
1
1
1
1
1
1
1
1
1
1
1
1
1
1
1
1
1
1
1
1
1
1
1
1
1
1
1
1
1
1
1
1
1
1
1
1
1
1
1
1
1
1.00067
1.45374
8.56133
24.2302
26.7789
26.7677
26.7457
26.6953
26.5976
26.4996
26.3821
26.2543
26.0858
25.8647
25.614
25.3384
25.0344
24.7199
24.3441
23.8985
23.3676
22.7818
22.1414
21.3993
20.532
19.4821
18.2573
16.8009
15.1018
13.3093
1
1
1
1
1
1
1
1
1
1
1
1
1
1
1
1
1
1
1
1
1
1
1
1
1
1
1
1
1
1
1
1
1
1
1
1
1
1
1
1
1
1
1
1
1
1
1
1
1
1
1
1
1
1
1
1
1
1
1
1
1
1
1
1
1
1
1
1.00073
1.2088
3.47055
19.089
26.0714
26.4184
26.0496
25.9845
25.8053
25.596
25.3863
25.159
24.9158
24.6339
24.3134
23.9609
23.571
23.1314
22.6335
22.0709
21.4541
20.7998
20.0859
19.2855
18.3912
17.4056
16.2968
15.123
13.9019
1
1
1
1
1
1
1
1
1
1
1
1
1
1
1
1
1
1
1
1
1
1
1
1
1
1
1
1
1
1
1
1
1
1
1
1
1
1
1
1
1
1
1
1
1
1
1
1
1
1
1
1
1
1
1
1
1
1
1
1
1
1
1
1
1
1
1
1
1.0003
1.02149
2.29225
10.168
23.482
25.1329
25.2228
24.926
24.8047
24.55
24.2829
24.0183
23.7222
23.4004
23.0471
22.6593
22.226
21.7471
21.2181
20.6439
20.0283
19.3617
18.6393
17.8781
17.0694
16.1923
15.2888
14.4059
1
1
1
1
1
1
1
1
1
1
1
1
1
1
1
1
1
1
1
1
1
1
1
1
1
1
1
1
1
1
1
1
1
1
1
1
1
1
1
1
1
1
1
1
1
1
1
1
1
1
1
1
1
1
1
1
1
1
1
1
1
1
1
1
1
1
1
1
1
1.00001
1.00452
1.29522
3.75423
15.0793
23.8316
24.458
24.3693
23.9337
23.7275
23.4124
23.0768
22.7366
22.3649
21.966
21.5342
21.0706
20.5769
20.0583
19.5086
18.9148
18.2805
17.6235
16.9243
16.1918
15.4843
14.796
1
1
1
1
1
1
1
1
1
1
1
1
1
1
1
1
1
1
1
1
1
1
1
1
1
1
1
1
1
1
1
1
1
1
1
1
1
1
1
1
1
1
1
1
1
1
1
1
1
1
1
1
1
1
1
1
1
1
1
1
1
1
1
1
1
1
1
1
1
1
1
1.00046
1.02173
1.85898
5.13826
16.26
22.8469
23.3434
23.3172
22.7594
22.4963
22.1704
21.8025
21.422
21.0096
20.5694
20.1063
19.6279
19.1244
18.5856
18.0162
17.4273
16.8228
16.225
15.6457
15.0578
1
1
1
1
1
1
1
1
1
1
1
1
1
1
1
1
1
1
1
1
1
1
1
1
1
1
1
1
1
1
1
1
1
1
1
1
1
1
1
1
1
1
1
1
1
1
1
1
1
1
1
1
1
1
1
1
1
1
1
1
1
1
1
1
1
1
1
1
1
1
1
1
1.00001
1.00256
1.05439
2.18542
5.72242
14.7841
21.6179
22.1539
22.3482
21.7584
21.373
21.055
20.6584
20.2425
19.8176
19.3701
18.9014
18.4073
17.8975
17.3774
16.8489
16.3372
15.8304
15.3071
6.10773
3.39333
2.16771
1.59582
1.27193
0.947663
0.589028
0.472768
0.4631
0.430405
0.332424
0.260264
0.271692
0.302664
0.293452
0.28223
0.284789
0.306086
0.351287
0.410606
0.44674
0.464716
0.48875
0.525481
0.575916
0.654085
0.733976
0.799475
0.849559
0.913205
0.997831
1.04111
1.07847
1.13142
1.2335
1.33881
1.43838
1.53863
1.62465
1.68436
1.73135
1.77758
1.83772
1.90172
1.97447
2.05554
2.15937
2.20433
2.20129
2.19435
2.21902
2.25631
2.27718
2.30447
2.35431
2.37916
2.37952
2.36787
2.36945
2.38767
2.40763
2.43056
2.46776
2.50765
2.5174
2.51845
2.51551
2.50326
2.5005
2.51138
2.52576
2.54772
2.56316
2.56083
2.54943
2.52312
2.48425
2.46652
2.45922
2.45278
2.45438
2.45879
2.45164
2.44174
2.42768
2.41065
2.40326
2.3981
2.3952
2.40259
2.40642
2.40022
2.39315
2.38159
2.36768
2.36122
9.18932
6.96632
5.40125
4.5604
3.9605
3.38584
2.74512
2.48852
2.36161
2.15454
1.85516
1.62181
1.60637
1.56722
1.46726
1.31687
1.26254
1.27051
1.26204
1.21292
1.1646
1.1649
1.16325
1.13554
1.11258
1.11653
1.12242
1.12345
1.11162
1.09956
1.08774
1.08269
1.08394
1.09342
1.09999
1.10126
1.10225
1.11334
1.13612
1.15282
1.16262
1.18206
1.22469
1.29585
1.33502
1.35919
1.38904
1.44266
1.47032
1.47917
1.49948
1.54201
1.59651
1.65421
1.71576
1.77031
1.80989
1.83589
1.85751
1.88444
1.92252
1.97979
2.05117
2.10566
2.13088
2.15205
2.16992
2.17369
2.17439
2.19572
2.23497
2.28378
2.31634
2.32325
2.32115
2.3088
2.30135
2.30207
2.30214
2.30436
2.32289
2.34215
2.34368
2.34114
2.33365
2.32651
2.32813
2.33179
2.33758
2.35276
2.37113
2.37479
2.37375
2.36929
2.36229
2.35718
11.4898
9.78452
8.56069
7.64964
6.69588
5.83091
5.41358
5.10071
4.68937
4.06004
3.6595
3.55206
3.4171
3.18339
2.83381
2.69848
2.64148
2.55998
2.40613
2.15704
2.07735
2.04008
1.98518
1.91371
1.77353
1.71239
1.68421
1.63877
1.59241
1.51171
1.42434
1.40654
1.39039
1.37218
1.3518
1.31084
1.26876
1.24257
1.20874
1.19219
1.19313
1.19306
1.19392
1.21187
1.24663
1.2614
1.26136
1.26301
1.28
1.31962
1.35222
1.3873
1.43192
1.48308
1.52779
1.54763
1.56254
1.58227
1.59952
1.61247
1.63181
1.67085
1.73725
1.7763
1.78625
1.79995
1.82877
1.84995
1.85901
1.87405
1.91137
1.98282
2.02019
2.03188
2.03665
2.04531
2.07711
2.11032
2.13911
2.16528
2.18665
2.20941
2.23784
2.25172
2.25653
2.2699
2.29327
2.31925
2.34971
2.37864
2.38913
2.392
2.39306
2.3928
2.39467
2.39779
12.6533
11.5648
10.613
9.63044
8.83897
8.2831
7.66481
6.92672
6.45213
6.13602
5.78054
5.28182
4.85542
4.70424
4.55372
4.34948
4.0008
3.72111
3.59296
3.45407
3.30487
3.0581
2.90285
2.86144
2.78801
2.6822
2.51678
2.33402
2.29122
2.26847
2.20876
2.1234
2.01396
1.98089
1.97489
1.942
1.8757
1.78904
1.71199
1.69452
1.69975
1.69372
1.66352
1.61112
1.59099
1.57672
1.55536
1.51209
1.47414
1.46645
1.46797
1.47978
1.48233
1.47135
1.44899
1.42577
1.4199
1.42351
1.42612
1.42652
1.4317
1.44888
1.45597
1.4555
1.45077
1.45273
1.46541
1.49349
1.52975
1.56044
1.58931
1.61917
1.65205
1.68286
1.708
1.73621
1.775
1.81872
1.87141
1.93
1.96294
1.98578
2.0095
2.03856
2.05266
2.06259
2.08321
2.11709
2.16011
2.18829
2.19361
2.19199
2.19663
2.20297
2.20201
2.20668
13.5207
12.6523
11.8561
11.1466
10.4457
9.74362
9.18143
8.69741
8.15799
7.54179
7.13583
6.8698
6.56708
6.16123
5.73173
5.52646
5.33536
5.09385
4.75586
4.44851
4.32771
4.2022
4.05138
3.81767
3.58943
3.4943
3.38796
3.26796
3.10483
2.93704
2.89734
2.86679
2.79211
2.68837
2.53692
2.46228
2.43736
2.3871
2.31354
2.21093
2.16524
2.16397
2.14408
2.08385
1.99917
1.90661
1.87392
1.86483
1.83665
1.79572
1.75155
1.72851
1.70805
1.66723
1.60374
1.54211
1.52777
1.52944
1.53063
1.51885
1.50094
1.49356
1.48706
1.46864
1.459
1.45821
1.46097
1.4734
1.4914
1.50157
1.5008
1.49682
1.49334
1.49548
1.50059
1.5082
1.52045
1.5401
1.57018
1.59961
1.61608
1.62648
1.63886
1.6606
1.69089
1.71887
1.74868
1.78606
1.84234
1.86607
1.86852
1.87575
1.89576
1.92202
1.93779
1.96169
14.0928
13.3659
12.6973
12.0564
11.4397
10.8833
10.3205
9.74998
9.29166
8.88792
8.43528
7.94495
7.61637
7.35373
7.03817
6.63326
6.23409
6.04082
5.86069
5.63391
5.3307
5.02348
4.88373
4.74251
4.56462
4.31578
4.1035
4.03607
3.9484
3.82482
3.64814
3.49854
3.43974
3.36521
3.25849
3.10869
2.97955
2.95666
2.92845
2.86276
2.76708
2.66103
2.61908
2.58017
2.51712
2.4185
2.32614
2.31041
2.30732
2.27742
2.21658
2.13773
2.08332
2.05696
2.02728
1.97393
1.90646
1.89051
1.89195
1.8801
1.84085
1.78247
1.7267
1.71161
1.70633
1.69322
1.6649
1.64656
1.64059
1.6347
1.61788
1.57725
1.55151
1.54985
1.55019
1.55309
1.55328
1.55105
1.54768
1.54183
1.52581
1.51177
1.51046
1.51152
1.51937
1.52827
1.52988
1.52768
1.5239
1.52064
1.52379
1.53084
1.54369
1.56723
1.59853
1.63039
14.468
13.8623
13.2642
12.7287
12.2081
11.6551
11.1501
10.7044
10.2237
9.74374
9.3723
9.02766
8.62426
8.18968
7.88561
7.61994
7.31895
6.96125
6.63619
6.44194
6.24633
6.01186
5.70389
5.42554
5.30668
5.17761
5.0145
4.80072
4.62894
4.52809
4.40984
4.25994
4.05276
3.92939
3.87248
3.79014
3.68226
3.54014
3.44775
3.39544
3.32637
3.23047
3.08907
3.0068
2.97656
2.92999
2.86313
2.76187
2.70007
2.67145
2.62844
2.5675
2.47406
2.39802
2.38582
2.36733
2.32668
2.26519
2.19791
2.17048
2.1408
2.09833
2.03972
1.9772
1.96289
1.95516
1.93098
1.89257
1.84144
1.79993
1.77465
1.74841
1.72128
1.68728
1.67629
1.67645
1.66964
1.64815
1.61106
1.57319
1.56339
1.55946
1.55142
1.54871
1.5515
1.55501
1.55169
1.5373
1.51626
1.50579
1.50384
1.50281
1.50378
1.51206
1.52581
1.53235
14.8037
14.2796
13.7268
13.2468
12.7821
12.2911
11.8478
11.404
10.9516
10.5686
10.1804
9.75359
9.39777
9.09073
8.73931
8.34215
8.05024
7.81045
7.54048
7.20794
6.90688
6.72308
6.53174
6.31339
6.04541
5.82915
5.70787
5.57379
5.40412
5.17231
4.99805
4.88556
4.76341
4.61253
4.43496
4.34397
4.27591
4.18495
4.05829
3.88377
3.78832
3.72785
3.65317
3.55813
3.43198
3.36692
3.32077
3.25758
3.16977
3.04636
2.9941
2.96902
2.92348
2.86075
2.77415
2.72301
2.69149
2.64627
2.57849
2.48783
2.45294
2.44263
2.41435
2.36675
2.3025
2.26292
2.23618
2.20187
2.15555
2.09018
2.05807
2.0537
2.03939
2.00572
1.95426
1.92584
1.91444
1.8973
1.8688
1.81501
1.78676
1.78266
1.77658
1.76169
1.73998
1.72135
1.70059
1.66412
1.62129
1.61041
1.60681
1.59872
1.58441
1.5763
1.57544
1.57265
)
;

boundaryField
{
    inlet
    {
        type            fixedValue;
        value           uniform 1;
    }
    outlet
    {
        type            zeroGradient;
    }
    bottom
    {
        type            symmetryPlane;
    }
    top
    {
        type            symmetryPlane;
    }
    obstacle
    {
        type            zeroGradient;
    }
    defaultFaces
    {
        type            empty;
    }
    procBoundary0to1
    {
        type            processor;
        value           nonuniform List<scalar> 8(2.35607 2.35386 2.40029 2.22368 2.01143 1.66147 1.53389 1.56549);
    }
    procBoundary0to2
    {
        type            processor;
        value           nonuniform List<scalar> 
192
(
1
1
1
1
1
1
1
1
1
1
1
1
1
1
1
1
1
1
1
1
1
1
1
1
1
1
1
1
1
1
1
1
1
1
1
1
1
1
1
1
1
1
1
1
1
1
1
1
1
1
1
1
1
1
1
1
1
1
1
1
1
1
1
1
1
1
1
1
1
1
1
1
1
1
1.00003
1.00455
1.07568
2.04288
5.35151
11.2336
19.8801
21.0948
21.3618
21.1048
20.3994
19.9681
19.6009
19.1987
18.7646
18.3202
17.8573
17.3862
16.9161
16.4536
15.9937
15.5244
15.0565
14.6007
14.1398
13.6661
13.2122
12.7996
12.3726
11.9186
11.5344
11.1802
10.7831
10.4212
10.1027
9.7379
9.36597
9.07971
8.79729
8.45147
8.12639
7.90671
7.69093
7.42759
7.13629
6.94979
6.78278
6.59344
6.34473
6.12346
5.99171
5.85242
5.68881
5.46534
5.294
5.19183
5.08468
4.95055
4.76041
4.64513
4.56418
4.46506
4.33714
4.16835
4.0862
4.03396
3.9628
3.86506
3.71326
3.63127
3.58344
3.52119
3.43796
3.34885
3.30477
3.26442
3.21184
3.12529
3.00684
2.95111
2.91096
2.86716
2.8131
2.76818
2.73644
2.69584
2.64911
2.58144
2.49942
2.47111
2.4444
2.40744
2.37058
2.32863
2.30613
2.28196
2.24362
2.19348
2.12994
2.10593
2.10502
2.09283
2.06909
2.02943
1.99276
1.96075
1.9243
1.87307
1.83331
1.81161
1.79726
1.7811
1.76146
1.74112
1.72118
1.69558
1.66776
1.65003
)
;
    }
}


// ************************************************************************* //
