/*--------------------------------*- C++ -*----------------------------------*\
  =========                 |
  \\      /  F ield         | OpenFOAM: The Open Source CFD Toolbox
   \\    /   O peration     | Website:  https://openfoam.org
    \\  /    A nd           | Version:  7
     \\/     M anipulation  |
\*---------------------------------------------------------------------------*/
FoamFile
{
    version     2.0;
    format      ascii;
    class       volScalarField;
    location    "1.5";
    object      T;
}
// * * * * * * * * * * * * * * * * * * * * * * * * * * * * * * * * * * * * * //

dimensions      [0 0 0 1 0 0 0];

internalField   nonuniform List<scalar> 
4608
(
1
1
1
1
1
1
1
1
1
1
1
1
1
1
1
1
1
1
1
1
1
1
1
1
1
1
1
1
1
1
1
1
1
1
1
1
1
1
1
1
1
1
1
1
1
1
1
1
1
1
1
1
1
1
1
1
1
1
1
2.23938
5.35397
5.83636
5.84052
5.84996
5.85778
5.86527
5.8724
5.88046
5.89036
5.90221
5.91536
5.92836
5.93934
5.9473
5.95292
5.95763
5.96218
5.96664
5.97092
5.97472
5.97809
5.98164
5.98591
5.9908
5.99578
6.00045
6.00486
6.0094
6.01477
6.02172
6.03017
6.04015
6.05248
6.06474
6.07327
6.07644
1
1
1
1
1
1
1
1
1
1
1
1
1
1
1
1
1
1
1
1
1
1
1
1
1
1
1
1
1
1
1
1
1
1
1
1
1
1
1
1
1
1
1
1
1
1
1
1
1
1
1
1
1
1
1
1
1
1
1
2.22226
5.34971
5.83662
5.84144
5.85023
5.85777
5.8651
5.87218
5.8803
5.89028
5.9022
5.91531
5.92819
5.93906
5.94699
5.95265
5.95743
5.96202
5.96651
5.97078
5.97456
5.97791
5.98146
5.98571
5.99059
5.99558
6.00028
6.00471
6.00922
6.01451
6.02133
6.02966
6.03958
6.05193
6.06423
6.0728
6.076
1
1
1
1
1
1
1
1
1
1
1
1
1
1
1
1
1
1
1
1
1
1
1
1
1
1
1
1
1
1
1
1
1
1
1
1
1
1
1
1
1
1
1
1
1
1
1
1
1
1
1
1
1
1
1
1
1
1
1
2.16435
5.33102
5.8373
5.84008
5.84927
5.85682
5.86421
5.87142
5.87974
5.88986
5.90184
5.91487
5.92754
5.93826
5.94617
5.95191
5.9568
5.96147
5.96597
5.97023
5.97401
5.9774
5.981
5.98528
5.99017
5.99518
5.99991
6.00436
6.00885
6.01405
6.02077
6.02897
6.03877
6.05109
6.06339
6.072
6.07524
1
1
1
1
1
1
1
1
1
1
1
1
1
1
1
1
1
1
1
1
1
1
1
1
1
1
1
1
1
1
1
1
1
1
1
1
1
1
1
1
1
1
1
1
1
1
1
1
1
1
1
1
1
1
1
1
1
1
1
2.07882
5.29801
5.83617
5.83862
5.84833
5.85582
5.86333
5.87068
5.87919
5.88943
5.90138
5.91422
5.92654
5.93699
5.94483
5.95071
5.95581
5.96065
5.96525
5.96947
5.97318
5.97656
5.9802
5.98457
5.98955
5.99463
5.9994
6.00387
6.00834
6.01344
6.02006
6.02809
6.03771
6.04993
6.06216
6.07078
6.07403
1
1
1
1
1
1
1
1
1
1
1
1
1
1
1
1
1
1
1
1
1
1
1
1
1
1
1
1
1
1
1
1
1
1
1
1
1
1
1
1
1
1
1
1
1
1
1
1
1
1
1
1
1
1
1
1
1
1
1
1.97018
5.25338
5.8342
5.83674
5.84754
5.85523
5.86284
5.87028
5.8789
5.88916
5.90097
5.91347
5.92531
5.93539
5.94311
5.9492
5.95466
5.95985
5.96459
5.96872
5.97226
5.97553
5.97916
5.9836
5.98867
5.99383
5.99864
6.00309
6.00753
6.01262
6.01913
6.027
6.03657
6.04861
6.06071
6.06927
6.07251
1
1
1
1
1
1
1
1
1
1
1
1
1
1
1
1
1
1
1
1
1
1
1
1
1
1
1
1
1
1
1
1
1
1
1
1
1
1
1
1
1
1
1
1
1
1
1
1
1
1
1
1
1
1
1
1
1
1
1
1.83861
5.19691
5.83395
5.83555
5.84694
5.85447
5.86177
5.86897
5.87748
5.88765
5.89924
5.91133
5.92254
5.93209
5.93958
5.94586
5.95177
5.95747
5.96254
5.96676
5.97025
5.97351
5.97724
5.98189
5.98722
5.99259
5.99752
6.00201
6.00646
6.01157
6.018
6.02573
6.03528
6.04712
6.05903
6.06746
6.07064
1
1
1
1
1
1
1
1
1
1
1
1
1
1
1
1
1
1
1
1
1
1
1
1
1
1
1
1
1
1
1
1
1
1
1
1
1
1
1
1
1
1
1
1
1
1
1
1
1
1
1
1
1
1
1
1
1
1
1
1.68966
5.1267
5.83474
5.83499
5.84699
5.85424
5.86105
5.86783
5.87607
5.88609
5.89748
5.90914
5.91971
5.9287
5.93596
5.94246
5.94887
5.95515
5.96062
5.96491
5.96829
5.97143
5.97515
5.97995
5.98554
5.99115
5.99621
6.0007
6.00511
6.01021
6.01655
6.02419
6.03369
6.04536
6.05705
6.06528
6.06835
1
1
1
1
1
1
1
1
1
1
1
1
1
1
1
1
1
1
1
1
1
1
1
1
1
1
1
1
1
1
1
1
1
1
1
1
1
1
1
1
1
1
1
1
1
1
1
1
1
1
1
1
1
1
1
1
1
1
1
1.49302
5.02362
5.83078
5.83273
5.84549
5.85274
5.85946
5.86612
5.8742
5.88401
5.89507
5.90624
5.91619
5.92467
5.93174
5.93849
5.94543
5.9524
5.95845
5.963
5.96636
5.96939
5.97298
5.97778
5.98352
5.98934
5.99455
5.99907
6.00343
6.00847
6.01475
6.02232
6.03178
6.04332
6.05483
6.06283
6.06578
1
1
1
1
1
1
1
1
1
1
1
1
1
1
1
1
1
1
1
1
1
1
1
1
1
1
1
1
1
1
1
1
1
1
1
1
1
1
1
1
1
1
1
1
1
1
1
1
1
1
1
1
1
1
1
1
1
1
1
1.27511
4.91516
5.82554
5.82912
5.84159
5.84928
5.85657
5.86368
5.87187
5.88144
5.89206
5.90267
5.91206
5.92011
5.92706
5.93406
5.94149
5.94916
5.95585
5.96076
5.96416
5.96705
5.97043
5.97509
5.98087
5.98688
5.9923
5.99695
6.00134
6.00634
6.01257
6.02008
6.02949
6.04096
6.05235
6.06014
6.06296
1
1
1
1
1
1
1
1
1
1
1
1
1
1
1
1
1
1
1
1
1
1
1
1
1
1
1
1
1
1
1
1
1
1
1
1
1
1
1
1
1
1
1
1
1
1
1
1
1
1
1
1
1
1
1
1
1
1
1
1.01404
4.80434
5.81681
5.82362
5.83438
5.84391
5.853
5.86142
5.86996
5.87907
5.88894
5.89876
5.90755
5.91513
5.92197
5.92919
5.93708
5.94542
5.95278
5.95816
5.96174
5.96461
5.96782
5.97228
5.97795
5.98399
5.98949
5.9942
5.99857
6.00348
6.00963
6.0171
6.02649
6.03801
6.04941
6.05709
6.05985
1
1
1
1
1
1
1
1
1
1
1
1
1
1
1
1
1
1
1
1
1
1
1
1
1
1
1
1
1
1
1
1
1
1
1
1
1
1
1
1
1
1
1
1
1
1
1
1
1
1
1
1
1
1
1
1
1
1
1
1.00004
4.66528
5.81738
5.82304
5.83156
5.84142
5.85129
5.8604
5.86908
5.87767
5.88656
5.89527
5.90325
5.91026
5.91694
5.92437
5.93267
5.94155
5.94946
5.95523
5.95898
5.96185
5.96495
5.96925
5.9748
5.98082
5.98637
5.99112
5.99547
6.00029
6.00631
6.01365
6.02299
6.03453
6.04597
6.05361
6.05634
1
1
1
1
1
1
1
1
1
1
1
1
1
1
1
1
1
1
1
1
1
1
1
1
1
1
1
1
1
1
1
1
1
1
1
1
1
1
1
1
1
1
1
1
1
1
1
1
1
1
1
1
1
1
1
1
1
1
1
1
4.47968
5.80936
5.82243
5.83198
5.8424
5.85226
5.86131
5.86975
5.87779
5.88564
5.89307
5.90003
5.90628
5.91267
5.92019
5.92881
5.93809
5.94632
5.95231
5.95612
5.95893
5.96193
5.96609
5.97153
5.97746
5.98294
5.9876
5.99185
5.99654
6.0024
6.0096
6.01887
6.03046
6.04201
6.04971
6.05249
1
1
1
1
1
1
1
1
1
1
1
1
1
1
1
1
1
1
1
1
1
1
1
1
1
1
1
1
1
1
1
1
1
1
1
1
1
1
1
1
1
1
1
1
1
1
1
1
1
1
1
1
1
1
1
1
1
1
1
1
4.24197
5.78194
5.81938
5.83213
5.84324
5.85314
5.86224
5.87047
5.87794
5.88499
5.89134
5.89742
5.90296
5.90908
5.91668
5.92554
5.93504
5.94332
5.94923
5.95286
5.95545
5.95827
5.96233
5.96772
5.97362
5.97904
5.98358
5.98768
5.99222
5.99793
6.005
6.01422
6.02587
6.03757
6.04542
6.04831
1
1
1
1
1
1
1
1
1
1
1
1
1
1
1
1
1
1
1
1
1
1
1
1
1
1
1
1
1
1
1
1
1
1
1
1
1
1
1
1
1
1
1
1
1
1
1
1
1
1
1
1
1
1
1
1
1
1
1
1
3.95113
5.7278
5.80962
5.8283
5.84198
5.85332
5.86307
5.87125
5.87832
5.88475
5.89011
5.89534
5.90017
5.90599
5.91357
5.92255
5.93211
5.94019
5.9458
5.94906
5.95128
5.95384
5.95779
5.96321
5.96918
5.9746
5.97901
5.98292
5.98728
5.99283
5.99978
6.00896
6.02065
6.03251
6.04055
6.04357
1
1
1
1
1
1
1
1
1
1
1
1
1
1
1
1
1
1
1
1
1
1
1
1
1
1
1
1
1
1
1
1
1
1
1
1
1
1
1
1
1
1
1
1
1
1
1
1
1
1
1
1
1
1
1
1
1
1
1
1
3.60542
5.64568
5.78933
5.81646
5.83451
5.8483
5.85939
5.86867
5.87664
5.88335
5.88836
5.89314
5.89766
5.90345
5.91115
5.9203
5.92981
5.93752
5.94256
5.94518
5.94682
5.94896
5.95268
5.95808
5.96412
5.96952
5.97377
5.97742
5.98153
5.98691
5.99382
6.00302
6.0148
6.02686
6.03511
6.03824
1
1
1
1
1
1
1
1
1
1
1
1
1
1
1
1
1
1
1
1
1
1
1
1
1
1
1
1
1
1
1
1
1
1
1
1
1
1
1
1
1
1
1
1
1
1
1
1
1
1
1
1
1
1
1
1
1
1
1
1
3.22531
5.54614
5.75944
5.79754
5.82045
5.83655
5.8499
5.86157
5.87152
5.87944
5.88511
5.89003
5.89471
5.90073
5.9087
5.91805
5.9275
5.93479
5.93921
5.94117
5.94221
5.94386
5.94726
5.95255
5.95858
5.96392
5.96797
5.97131
5.97509
5.98027
5.98715
5.99639
6.00827
6.02049
6.02887
6.03206
1
1
1
1
1
1
1
1
1
1
1
1
1
1
1
1
1
1
1
1
1
1
1
1
1
1
1
1
1
1
1
1
1
1
1
1
1
1
1
1
1
1
1
1
1
1
1
1
1
1
1
1
1
1
1
1
1
1
1
1
2.79936
5.41303
5.73374
5.77043
5.79489
5.8137
5.83199
5.84785
5.86097
5.87126
5.87855
5.88466
5.89033
5.89714
5.90573
5.91544
5.92485
5.93166
5.93538
5.93665
5.93712
5.93833
5.94145
5.94664
5.95264
5.95787
5.96166
5.96461
5.96798
5.97288
5.97969
5.989
6.00103
6.01341
6.02188
6.02507
1
1
1
1
1
1
1
1
1
1
1
1
1
1
1
1
1
1
1
1
1
1
1
1
1
1
1
1
1
1
1
1
1
1
1
1
1
1
1
1
1
1
1
1
1
1
1
1
1
1
1
1
1
1
1
1
1
1
1
1
2.1442
5.19073
5.7362
5.74267
5.76442
5.7852
5.80594
5.82538
5.84336
5.85755
5.86743
5.87547
5.88309
5.89144
5.90126
5.91168
5.92131
5.92779
5.93083
5.93145
5.93147
5.93232
5.93524
5.94037
5.94633
5.9514
5.95486
5.95738
5.96028
5.96481
5.97144
5.98079
5.99294
6.00543
6.01392
6.01705
1
1
1
1
1
1
1
1
1
1
1
1
1
1
1
1
1
1
1
1
1
1
1
1
1
1
1
1
1
1
1
1
1
1
1
1
1
1
1
1
1
1
1
1
1
1
1
1
1
1
1
1
1
1
1
1
1
1
1
1
1.34129
4.96931
5.74581
5.73072
5.74014
5.75729
5.77791
5.79942
5.81987
5.83742
5.85112
5.86184
5.87184
5.8823
5.89399
5.90573
5.91617
5.92284
5.92544
5.9255
5.92526
5.92585
5.92856
5.93362
5.93948
5.94432
5.94738
5.94943
5.95184
5.95595
5.96233
5.97169
5.98397
5.99659
6.00512
6.0082
1
1
1
1
1
1
1
1
1
1
1
1
1
1
1
1
1
1
1
1
1
1
1
1
1
1
1
1
1
1
1
1
1
1
1
1
1
1
1
1
1
1
1
1
1
1
1
1
1
1
1
1
1
1
1
1
1
1
1
1
1.00597
4.81965
5.74267
5.7254
5.73446
5.7447
5.75928
5.77685
5.79577
5.81428
5.83062
5.84427
5.85648
5.86898
5.88275
5.89639
5.90839
5.91611
5.91894
5.91875
5.91829
5.91873
5.92129
5.9263
5.93206
5.93666
5.93928
5.94084
5.94278
5.94642
5.95239
5.96164
5.97394
5.98658
5.99509
5.99809
1
1
1
1
1
1
1
1
1
1
1
1
1
1
1
1
1
1
1
1
1
1
1
1
1
1
1
1
1
1
1
1
1
1
1
1
1
1
1
1
1
1
1
1
1
1
1
1
1
1
1
1
1
1
1
1
1
1
1
1
1
4.56491
5.75268
5.74145
5.74214
5.7457
5.75398
5.76446
5.77757
5.79334
5.80957
5.82426
5.83789
5.85193
5.8674
5.88299
5.89692
5.9067
5.9108
5.91082
5.91037
5.91075
5.9133
5.9183
5.92393
5.92822
5.93032
5.9313
5.93274
5.93586
5.94132
5.95041
5.96272
5.97544
5.98402
5.98704
1
1
1
1
1
1
1
1
1
1
1
1
1
1
1
1
1
1
1
1
1
1
1
1
1
1
1
1
1
1
1
1
1
1
1
1
1
1
1
1
1
1
1
1
1
1
1
1
1
1
1
1
1
1
1
1
1
1
1
1
1
4.20643
5.76015
5.75559
5.75675
5.75973
5.76298
5.76764
5.77482
5.78292
5.79338
5.80556
5.81842
5.83253
5.84873
5.86579
5.88155
5.89376
5.90028
5.90151
5.9013
5.90183
5.90456
5.90958
5.91503
5.91899
5.9206
5.92101
5.92199
5.92452
5.92933
5.938
5.9501
5.96275
5.97132
5.9743
1
1
1
1
1
1
1
1
1
1
1
1
1
1
1
1
1
1
1
1
1
1
1
1
1
1
1
1
1
1
1
1
1
1
1
1
1
1
1
1
1
1
1
1
1
1
1
1
1
1
1
1
1
1
1
1
1
1
1
1
1
3.71359
5.66102
5.75322
5.76482
5.7694
5.77249
5.77462
5.77715
5.78118
5.7862
5.79271
5.80218
5.8139
5.82881
5.84591
5.86299
5.87747
5.88645
5.88994
5.89069
5.89183
5.8949
5.89986
5.90501
5.90844
5.90965
5.90952
5.9099
5.91159
5.91575
5.9239
5.9358
5.94847
5.95719
5.96026
1
1
1
1
1
1
1
1
1
1
1
1
1
1
1
1
1
1
1
1
1
1
1
1
1
1
1
1
1
1
1
1
1
1
1
1
1
1
1
1
1
1
1
1
1
1
1
1
1
1
1
1
1
1
1
1
1
1
1
1
1
3.07998
5.43289
5.72003
5.75591
5.77411
5.78078
5.78178
5.78157
5.78271
5.78492
5.78805
5.79233
5.79929
5.81068
5.82586
5.84247
5.8584
5.86987
5.87577
5.87834
5.88057
5.88413
5.88894
5.89382
5.89669
5.89749
5.89717
5.89704
5.89778
5.90106
5.90835
5.91963
5.93195
5.94057
5.94354
1
1
1
1
1
1
1
1
1
1
1
1
1
1
1
1
1
1
1
1
1
1
1
1
1
1
1
1
1
1
1
1
1
1
1
1
1
1
1
1
1
1
1
1
1
1
1
1
1
1
1
1
1
1
1
1
1
1
1
1
1
2.06374
5.03925
5.68806
5.7272
5.75377
5.76885
5.77879
5.78402
5.7847
5.7851
5.7862
5.78793
5.79129
5.79707
5.80789
5.82231
5.83774
5.85076
5.85899
5.86359
5.8672
5.87128
5.87635
5.88102
5.88346
5.88374
5.88301
5.88216
5.88194
5.88394
5.89015
5.90085
5.91306
5.92183
5.92496
1
1
1
1
1
1
1
1
1
1
1
1
1
1
1
1
1
1
1
1
1
1
1
1
1
1
1
1
1
1
1
1
1
1
1
1
1
1
1
1
1
1
1
1
1
1
1
1
1
1
1
1
1
1
1
1
1
1
1
1
1
1.08472
4.76798
5.68258
5.68237
5.70575
5.73627
5.76116
5.77616
5.78295
5.78523
5.78565
5.78615
5.78674
5.78915
5.79476
5.80489
5.81771
5.83052
5.84025
5.84671
5.85163
5.85646
5.86184
5.86639
5.86858
5.8685
5.86739
5.86588
5.86496
5.8658
5.87032
5.87952
5.89075
5.89901
5.90173
1
1
1
1
1
1
1
1
1
1
1
1
1
1
1
1
1
1
1
1
1
1
1
1
1
1
1
1
1
1
1
1
1
1
1
1
1
1
1
1
1
1
1
1
1
1
1
1
1
1
1
1
1
1
1
1
1
1
1
1
1
1.00021
4.48427
5.64113
5.63944
5.66694
5.69756
5.73004
5.75497
5.77161
5.78024
5.78357
5.78465
5.78455
5.78443
5.7863
5.79166
5.80048
5.81066
5.82007
5.82746
5.83342
5.83904
5.84489
5.84959
5.85179
5.85143
5.84966
5.84702
5.84467
5.84388
5.84637
5.85382
5.86433
5.87249
5.87537
1
1
1
1
1
1
1
1
1
1
1
1
1
1
1
1
1
1
1
1
1
1
1
1
1
1
1
1
1
1
1
1
1
1
1
1
1
1
1
1
1
1
1
1
1
1
1
1
1
1
1
1
1
1
1
1
1
1
1
1
1
0.999984
4.003
5.60711
5.64153
5.65429
5.67342
5.69918
5.72667
5.74915
5.76563
5.77563
5.78023
5.78161
5.78136
5.78132
5.78298
5.78753
5.79402
5.80112
5.80773
5.81367
5.81943
5.82542
5.83026
5.83255
5.83203
5.8298
5.82626
5.82252
5.82021
5.82063
5.82503
5.83271
5.83872
5.83991
1
1
1
1
1
1
1
1
1
1
1
1
1
1
1
1
1
1
1
1
1
1
1
1
1
1
1
1
1
1
1
1
1
1
1
1
1
1
1
1
1
1
1
1
1
1
1
1
1
1
1
1
1
1
1
1
1
1
1
1
1
0.999997
3.26692
5.44805
5.6348
5.65159
5.66652
5.68119
5.70097
5.72274
5.74272
5.75859
5.76921
5.77487
5.7767
5.77674
5.77675
5.77781
5.78044
5.78376
5.78798
5.79258
5.79766
5.80339
5.80838
5.8109
5.81027
5.80749
5.80254
5.79626
5.79038
5.78723
5.788
5.79236
5.79656
5.79732
1
1
1
1
1
1
1
1
1
1
1
1
1
1
1
1
1
1
1
1
1
1
1
1
1
1
1
1
1
1
1
1
1
1
1
1
1
1
1
1
1
1
1
1
1
1
1
1
1
1
1
1
1
1
1
1
1
1
1
1
1
1
2.1261
5.07348
5.62042
5.64966
5.66409
5.67367
5.68495
5.69995
5.71716
5.73481
5.75001
5.76115
5.76765
5.77041
5.77068
5.77056
5.77073
5.77066
5.77144
5.77301
5.77559
5.77944
5.78351
5.78591
5.78525
5.78218
5.77617
5.76771
5.75848
5.75095
5.74631
5.74342
5.73867
5.73106
1
1
1
1
1
1
1
1
1
1
1
1
1
1
1
1
1
1
1
1
1
1
1
1
1
1
1
1
1
1
1
1
1
1
1
1
1
1
1
1
1
1
1
1
1
1
1
1
1
1
1
1
1
1
1
1
1
1
1
1
1
1
1.09123
4.73581
5.6532
5.65145
5.66033
5.66686
5.67344
5.68291
5.69506
5.70994
5.72543
5.73969
5.75104
5.7584
5.76139
5.76138
5.76025
5.75814
5.75591
5.75424
5.75382
5.75499
5.75719
5.75875
5.75779
5.75403
5.74638
5.73465
5.71983
5.70385
5.68829
5.67298
5.65615
5.63712
1
1
1
1
1
1
1
1
1
1
1
1
1
1
1
1
1
1
1
1
1
1
1
1
1
1
1
1
1
1
1
1
1
1
1
1
1
1
1
1
1
1
1
1
1
1
1
1
1
1
1
1
1
1
1
1
1
1
1
1
1
1
1.00028
4.25039
5.68452
5.66142
5.6622
5.66372
5.6659
5.67181
5.68034
5.69082
5.70285
5.71572
5.72828
5.73896
5.74601
5.74878
5.74848
5.74639
5.74261
5.73814
5.73418
5.73161
5.73047
5.72979
5.72783
5.72315
5.71425
5.70011
5.68076
5.65725
5.63069
5.60286
5.5818
5.59375
1
1
1
1
1
1
1
1
1
1
1
1
1
1
1
1
1
1
1
1
1
1
1
1
1
1
1
1
1
1
1
1
1
1
1
1
1
1
1
1
1
1
1
1
1
1
1
1
1
1
1
1
1
1
1
1
1
1
1
1
1
1
0.999989
1.44844
4.84042
5.67199
5.67029
5.66053
5.66356
5.66308
5.66358
5.66451
5.66741
5.67233
5.67922
5.68721
5.69469
5.69989
5.70164
5.70049
5.69704
5.69161
5.68494
5.67781
5.67029
5.66202
5.65195
5.639
5.62131
5.59738
5.56416
5.51915
5.45538
5.36508
5.21604
4.92647
1
1
1
1
1
1
1
1
1
1
1
1
1
1
1
1
1
1
1
1
1
1
1
1
1
1
1
1
1
1
1
1
1
1
1
1
1
1
1
1
1
1
1
1
1
1
1
1
1
1
1
1
1
1
1
1
1
1
1
1
1
1
1
1.00066
1.54734
4.75597
5.55458
5.60145
5.60679
5.61451
5.61638
5.61645
5.61611
5.61558
5.61535
5.61567
5.61651
5.61723
5.61682
5.61462
5.61015
5.60307
5.59348
5.58141
5.5666
5.54885
5.52722
5.50096
5.46831
5.42748
5.37528
5.30686
5.21809
5.08422
4.89116
4.61575
1
1
1
1
1
1
1
1
1
1
1
1
1
1
1
1
1
1
1
1
1
1
1
1
1
1
1
1
1
1
1
1
1
1
1
1
1
1
1
1
1
1
1
1
1
1
1
1
1
1
1
1
1
1
1
1
1
1
1
1
1
1
1
1
1.00138
1.60719
4.37811
5.37757
5.51158
5.52467
5.53964
5.54418
5.54895
5.5524
5.5524
5.55072
5.54746
5.54281
5.53701
5.52995
5.52118
5.51062
5.49729
5.48185
5.46288
5.44027
5.4129
5.37971
5.33954
5.29063
5.23196
5.1575
5.0668
4.94923
4.80601
4.64642
1
1
1
1
1
1
1
1
1
1
1
1
1
1
1
1
1
1
1
1
1
1
1
1
1
1
1
1
1
1
1
1
1
1
1
1
1
1
1
1
1
1
1
1
1
1
1
1
1
1
1
1
1
1
1
1
1
1
1
1
1
1
1
1
1
1.00167
1.4347
3.61275
5.15192
5.37617
5.40955
5.43177
5.44879
5.46036
5.4682
5.47053
5.46937
5.46561
5.45915
5.45049
5.43926
5.4257
5.40902
5.38973
5.36735
5.34017
5.31114
5.2751
5.23369
5.1849
5.12803
5.06241
4.98612
4.89525
4.80039
4.69311
1
1
1
1
1
1
1
1
1
1
1
1
1
1
1
1
1
1
1
1
1
1
1
1
1
1
1
1
1
1
1
1
1
1
1
1
1
1
1
1
1
1
1
1
1
1
1
1
1
1
1
1
1
1
1
1
1
1
1
1
1
1
1
1
1
1
1.00089
1.18253
2.33262
4.67361
5.22155
5.32041
5.32248
5.33865
5.34784
5.35537
5.36029
5.36129
5.35985
5.3558
5.34847
5.33776
5.32315
5.30493
5.28309
5.25704
5.2269
5.19199
5.15279
5.10778
5.05756
5.00307
4.94079
4.86995
4.79687
4.71905
1
1
1
1
1
1
1
1
1
1
1
1
1
1
1
1
1
1
1
1
1
1
1
1
1
1
1
1
1
1
1
1
1
1
1
1
1
1
1
1
1
1
1
1
1
1
1
1
1
1
1
1
1
1
1
1
1
1
1
1
1
1
1
1
1
1
1
1.00024
1.01664
1.82819
3.70374
4.97149
5.157
5.20487
5.20476
5.21697
5.22245
5.22776
5.23201
5.2331
5.23179
5.22745
5.21937
5.20737
5.19135
5.17098
5.14615
5.11723
5.08425
5.04639
5.00515
4.96032
4.90817
4.85217
4.79537
4.73733
1
1
1
1
1
1
1
1
1
1
1
1
1
1
1
1
1
1
1
1
1
1
1
1
1
1
1
1
1
1
1
1
1
1
1
1
1
1
1
1
1
1
1
1
1
1
1
1
1
1
1
1
1
1
1
1
1
1
1
1
1
1
1
1
1
1
1
1
1
1.00347
1.21514
2.35653
4.10633
4.93236
5.06876
5.10474
5.09604
5.1056
5.10843
5.10793
5.10674
5.10388
5.09917
5.0922
5.0824
5.06923
5.05225
5.03172
5.00722
4.97822
4.94586
4.90895
4.86671
4.82335
4.77979
4.73266
1
1
1
1
1
1
1
1
1
1
1
1
1
1
1
1
1
1
1
1
1
1
1
1
1
1
1
1
1
1
1
1
1
1
1
1
1
1
1
1
1
1
1
1
1
1
1
1
1
1
1
1
1
1
1
1
1
1
1
1
1
1
1
1
1
1
1
1
1
1
1.0003
1.01438
1.46435
2.63716
4.15008
4.81136
4.94335
4.98984
4.9715
4.97629
4.97871
4.97696
4.97413
4.96945
4.96242
4.95319
4.94155
4.92736
4.91018
4.88969
4.86589
4.83873
4.80867
4.77757
4.74542
4.71049
3.85933
3.24308
2.86657
2.57989
2.27657
1.97448
1.90866
1.8953
1.79623
1.61751
1.6241
1.75775
1.83727
1.81646
1.8214
1.86469
1.9807
2.09534
2.13799
2.14748
2.16652
2.20678
2.25667
2.32835
2.39028
2.43489
2.46865
2.51782
2.57856
2.59782
2.61309
2.64903
2.7137
2.76529
2.79928
2.82917
2.86038
2.88674
2.91027
2.93802
2.96948
3.00435
3.0381
3.07416
3.09726
3.10795
3.12214
3.14104
3.16384
3.17843
3.1919
3.21477
3.23869
3.23991
3.23568
3.22915
3.23377
3.24496
3.25821
3.27335
3.27868
3.27877
3.27958
3.28312
3.28274
3.27986
3.28109
3.29067
3.29639
3.29633
3.29346
3.28585
3.27618
3.26941
3.2647
3.26303
3.26613
3.26668
3.26129
3.25258
3.24053
3.2307
3.22663
3.22376
3.22289
3.22318
3.21974
3.21506
3.21026
3.20285
3.19659
3.19329
3.19097
3.1906
3.1916
3.19098
4.22724
3.91602
3.70441
3.54093
3.37799
3.20052
3.11545
3.03937
2.91883
2.75246
2.71114
2.73054
2.70788
2.63218
2.53121
2.52613
2.53438
2.52157
2.4861
2.45278
2.44873
2.44464
2.43062
2.41608
2.41528
2.41777
2.41529
2.40448
2.38449
2.38212
2.38686
2.40126
2.40869
2.41131
2.41667
2.42498
2.4338
2.4436
2.4594
2.48451
2.52454
2.54751
2.55935
2.57538
2.60792
2.63039
2.63311
2.63974
2.65609
2.68971
2.72224
2.74152
2.7607
2.78402
2.80635
2.82398
2.84386
2.8702
2.90068
2.93336
2.9601
2.96954
2.97764
2.98839
3.00288
3.01706
3.02828
3.04425
3.06326
3.08188
3.09079
3.09247
3.09229
3.09722
3.10183
3.10832
3.12144
3.13165
3.13196
3.13054
3.12772
3.12436
3.12295
3.12307
3.1257
3.13143
3.13493
3.13565
3.13584
3.13516
3.1343
3.13422
3.1342
3.13566
3.14137
3.14541
4.43624
4.26292
4.13384
3.99365
3.85496
3.77577
3.70507
3.60856
3.46337
3.37463
3.34534
3.30664
3.24068
3.13239
3.07642
3.04011
3.00523
2.95512
2.88354
2.84727
2.81487
2.78398
2.74969
2.70307
2.68651
2.66459
2.63747
2.59764
2.54603
2.53987
2.53457
2.52701
2.51554
2.49456
2.47079
2.44897
2.4244
2.41633
2.4177
2.41998
2.41838
2.41001
2.4085
2.41045
2.41347
2.42017
2.42738
2.43434
2.44736
2.46891
2.4988
2.5243
2.54035
2.55261
2.56585
2.58054
2.59461
2.60853
2.62558
2.64893
2.67353
2.68621
2.69374
2.70129
2.71219
2.73165
2.75133
2.76792
2.78398
2.80365
2.82534
2.83656
2.84122
2.8498
2.8677
2.89109
2.91403
2.92389
2.93181
2.94681
2.96079
2.96532
2.96736
2.97503
2.98954
3.00794
3.02163
3.026
3.02896
3.0339
3.03775
3.04092
3.04528
3.05442
3.06573
3.07013
4.56768
4.46079
4.36261
4.25021
4.15827
4.07817
3.97805
3.88224
3.8254
3.77173
3.6942
3.60279
3.55476
3.51624
3.47166
3.39899
3.32075
3.2849
3.2497
3.21542
3.15617
3.10305
3.08194
3.05487
3.02569
2.98043
2.91914
2.89316
2.87534
2.85803
2.83792
2.80368
2.78424
2.76449
2.73988
2.71466
2.67798
2.65728
2.6539
2.65128
2.64029
2.62172
2.59583
2.57373
2.56629
2.56233
2.5568
2.54235
2.5333
2.53304
2.53484
2.53481
2.52575
2.50897
2.50357
2.50416
2.5083
2.51439
2.51706
2.51784
2.51788
2.51519
2.51308
2.51409
2.51744
2.52581
2.54427
2.56346
2.57283
2.58093
2.59365
2.61
2.62372
2.63796
2.65686
2.68288
2.71642
2.74004
2.75435
2.77027
2.78812
2.80508
2.81613
2.82667
2.84151
2.86516
2.88278
2.88685
2.88933
2.89281
2.89472
2.89822
2.90483
2.91703
2.92843
2.93175
4.63991
4.55947
4.47703
4.40366
4.33067
4.24253
4.16429
4.10582
4.03776
3.95812
3.90065
3.85629
3.80406
3.72784
3.66475
3.63056
3.59335
3.54608
3.47578
3.43317
3.40932
3.38124
3.34337
3.27793
3.23897
3.21423
3.18803
3.15865
3.10937
3.0835
3.06978
3.04902
3.02392
2.97735
2.93821
2.92651
2.91092
2.89618
2.87162
2.84261
2.82967
2.81466
2.79545
2.7703
2.73247
2.7144
2.71273
2.707
2.69435
2.67789
2.6547
2.63386
2.61576
2.60116
2.59105
2.57602
2.56852
2.56923
2.56892
2.56269
2.54875
2.53437
2.53018
2.53035
2.53217
2.53769
2.54626
2.54938
2.54922
2.54711
2.54307
2.54246
2.54304
2.54494
2.55015
2.56044
2.57251
2.57789
2.58129
2.58582
2.59242
2.60232
2.61614
2.63149
2.64817
2.66916
2.69153
2.70164
2.70908
2.71931
2.72804
2.73619
2.75006
2.77242
2.7873
2.79595
4.67862
4.61453
4.54989
4.48758
4.42555
4.36517
4.30213
4.23171
4.17104
4.12484
4.07268
4.00473
3.94544
3.90456
3.8612
3.80381
3.74401
3.71067
3.68044
3.6446
3.58956
3.53501
3.50886
3.48096
3.44844
3.39874
3.35949
3.3412
3.31927
3.29374
3.24855
3.20871
3.19145
3.17052
3.14847
3.11307
3.08097
3.07038
3.05671
3.03777
3.00994
2.96971
2.95364
2.94323
2.9273
2.90861
2.88182
2.86835
2.8609
2.84763
2.82725
2.79619
2.76856
2.76448
2.763
2.75273
2.73358
2.71422
2.70518
2.69523
2.68149
2.66127
2.6417
2.63706
2.63659
2.63488
2.62903
2.61827
2.60327
2.58725
2.58239
2.58105
2.57754
2.57242
2.57085
2.57102
2.57035
2.56622
2.55672
2.55111
2.55034
2.5508
2.55313
2.55359
2.55295
2.5526
2.55217
2.55248
2.55437
2.55876
2.5681
2.57773
2.58618
2.59708
2.60986
2.62067
4.68524
4.63656
4.58398
4.53125
4.48226
4.43073
4.37615
4.32576
4.27517
4.21934
4.16988
4.12861
4.0837
4.0268
3.9702
3.93543
3.90311
3.86135
3.80675
3.76833
3.738
3.70327
3.65738
3.60762
3.58401
3.56314
3.53679
3.49715
3.44989
3.42718
3.40524
3.37943
3.3413
3.30461
3.2903
3.27416
3.2542
3.22245
3.18294
3.16637
3.15038
3.13133
3.10506
3.07314
3.06138
3.05166
3.03687
3.01696
2.9822
2.96004
2.95028
2.93675
2.92294
2.90178
2.88368
2.87473
2.86295
2.84801
2.82582
2.79486
2.78506
2.78069
2.77189
2.76163
2.74463
2.72942
2.71732
2.70249
2.68821
2.66937
2.65445
2.65167
2.6501
2.64484
2.6352
2.62111
2.60103
2.58791
2.58347
2.57868
2.5731
2.57105
2.57079
2.57003
2.56651
2.55746
2.54915
2.54776
2.5478
2.54939
2.55425
2.55961
2.56042
2.55966
2.55746
2.55629
4.67355
4.63348
4.59274
4.55158
4.50888
4.46744
4.42749
4.38278
4.33533
4.295
4.25511
4.20769
4.1625
4.12597
4.08785
4.04085
3.99341
3.9622
3.9327
3.89608
3.84553
3.80341
3.77858
3.75178
3.71682
3.67367
3.64656
3.62316
3.59503
3.55686
3.51161
3.49167
3.47559
3.45481
3.42501
3.3876
3.36689
3.34736
3.32456
3.2929
3.25793
3.24545
3.23415
3.2181
3.19606
3.16162
3.1419
3.12807
3.11077
3.09046
3.06206
3.04854
3.04198
3.0303
3.01437
2.98822
2.9611
2.95219
2.94172
2.9285
2.9113
2.89321
2.88601
2.87841
2.86557
2.84682
2.81933
2.80306
2.80076
2.79487
2.78422
2.76874
2.75695
2.7494
2.73892
2.72442
2.70263
2.68481
2.68097
2.67967
2.67578
2.66808
2.65749
2.64488
2.6318
2.62068
2.6137
2.60542
2.60068
2.59893
2.59723
2.59497
2.59011
2.57897
2.56817
2.56633
)
;

boundaryField
{
    inlet
    {
        type            fixedValue;
        value           uniform 1;
    }
    outlet
    {
        type            inletOutlet;
        inletValue      nonuniform 0();
        value           nonuniform 0();
    }
    bottom
    {
        type            symmetryPlane;
    }
    top
    {
        type            symmetryPlane;
    }
    obstacle
    {
        type            zeroGradient;
    }
    defaultFaces
    {
        type            empty;
    }
    procBoundary0to1
    {
        type            processor;
        value           nonuniform List<scalar> 8(3.18799 3.1456 3.07182 2.9357 2.80915 2.63202 2.55661 2.5659);
    }
    procBoundary0to2
    {
        type            processor;
        value           nonuniform List<scalar> 
192
(
1
1
1
1
1
1
1
1
1
1
1
1
1
1
1
1
1
1
1
1
1
1
1
1
1
1
1
1
1
1
1
1
1
1
1
1
1
1
1
1
1
1
1
1
1
1
1
1
1
1
1
1
1
1
1
1
1
1
1
1
1
1
1
1
1
1
1
1
1
1
1
1
1.00123
1.0292
1.57428
2.71564
3.96895
4.65727
4.7898
4.86151
4.84768
4.84831
4.85251
4.85094
4.84768
4.84295
4.83599
4.82653
4.81461
4.80032
4.78358
4.76475
4.74422
4.72237
4.69896
4.67318
4.64516
4.61471
4.58279
4.54853
4.51314
4.4784
4.44358
4.4089
4.37441
4.33666
4.29746
4.26366
4.23
4.18936
4.14845
4.11617
4.08396
4.04433
4.00265
3.97329
3.94539
3.91235
3.86904
3.83216
3.81021
3.78649
3.7557
3.71263
3.68189
3.66028
3.63592
3.60478
3.56882
3.54937
3.53219
3.50985
3.47852
3.43632
3.41701
3.4033
3.38564
3.36204
3.33218
3.31539
3.29993
3.27996
3.25297
3.21692
3.20301
3.19648
3.18391
3.16776
3.14181
3.12087
3.10785
3.09186
3.07387
3.04796
3.03132
3.02732
3.02009
3.00759
2.98951
2.96208
2.9475
2.93783
2.92558
2.91229
2.89496
2.88651
2.88119
2.87182
2.8576
2.83507
2.80998
2.80369
2.79887
2.79078
2.78125
2.76919
2.7602
2.7501
2.73709
2.72045
2.69853
2.68883
2.68727
2.685
2.67979
2.67242
2.66059
2.64463
2.62945
2.61931
2.61332
2.6078
)
;
    }
}


// ************************************************************************* //
