/*--------------------------------*- C++ -*----------------------------------*\
  =========                 |
  \\      /  F ield         | OpenFOAM: The Open Source CFD Toolbox
   \\    /   O peration     | Website:  https://openfoam.org
    \\  /    A nd           | Version:  7
     \\/     M anipulation  |
\*---------------------------------------------------------------------------*/
FoamFile
{
    version     2.0;
    format      ascii;
    class       volVectorField;
    location    "2.2";
    object      U;
}
// * * * * * * * * * * * * * * * * * * * * * * * * * * * * * * * * * * * * * //

dimensions      [0 1 -1 0 0 0 0];

internalField   nonuniform List<vector> 
1008
(
(5 -2.72797e-10 0)
(5 -2.46284e-10 0)
(5.0001 0.000127165 0)
(5.0678 0.0668032 0)
(3.86836 1.3333 0)
(2.61722 1.74826 0)
(5 -3.09279e-16 0)
(5 5.07641e-16 0)
(5 1.31755e-15 0)
(5 1.4794e-15 0)
(5 1.00952e-15 0)
(5 1.57004e-16 0)
(5 3.00943e-16 0)
(5 3.13634e-16 0)
(5 6.13524e-17 0)
(5 -8.62149e-16 0)
(5 -2.86603e-16 0)
(5 -2.54037e-16 0)
(5 -3.06544e-15 0)
(5 -4.42159e-15 0)
(5 -4.74355e-15 0)
(5 -1.80555e-15 0)
(5 5.67529e-16 0)
(5 1.33053e-15 0)
(5 -6.30817e-13 0)
(5 -4.03842e-11 0)
(5 2.26e-08 0)
(5.00149 0.00172294 0)
(4.99061 0.278482 0)
(3.51047 1.46216 0)
(5 1.76941e-18 0)
(5 -1.10179e-16 0)
(5 -3.23669e-16 0)
(5 -5.41713e-16 0)
(5 3.42672e-16 0)
(5 1.45669e-15 0)
(5 1.81878e-15 0)
(5 1.65058e-15 0)
(5 8.53612e-17 0)
(5 -6.40106e-16 0)
(5 -3.69587e-16 0)
(5 -1.06478e-15 0)
(5 -2.17432e-15 0)
(5 -2.52726e-15 0)
(5 -4.61033e-15 0)
(5 -5.09147e-15 0)
(5 -3.58072e-15 0)
(5 -5.09589e-16 0)
(5 -6.14372e-16 0)
(5 -1.67018e-12 0)
(5 -2.23846e-13 0)
(5 1.61342e-06 0)
(5.00557 0.0095328 0)
(4.76142 0.528962 0)
(5 -3.08146e-16 0)
(5 -1.16444e-15 0)
(5 2.86425e-16 0)
(5 5.49763e-16 0)
(5 -8.0284e-17 0)
(5 -1.79462e-15 0)
(5 -2.72014e-15 0)
(5 -3.35147e-15 0)
(5 -1.98496e-15 0)
(5 -1.43538e-15 0)
(5 -2.11673e-15 0)
(5 -3.48507e-15 0)
(5 -4.98203e-15 0)
(5 -3.99941e-15 0)
(5 -1.85578e-15 0)
(5 -5.82086e-16 0)
(5 4.80366e-16 0)
(5 4.38375e-16 0)
(5 8.64362e-17 0)
(5 -1.01735e-14 0)
(5 -5.58104e-14 0)
(5 1.57324e-10 0)
(5.00001 3.8605e-05 0)
(5.00778 0.0240076 0)
(5 7.02445e-17 0)
(5 -3.41732e-17 0)
(5 -2.13869e-16 0)
(5 -2.70049e-16 0)
(5 -2.21623e-15 0)
(5 -2.57489e-15 0)
(5 -3.4399e-15 0)
(5 -3.42419e-15 0)
(5 -4.41949e-15 0)
(5 -3.98269e-15 0)
(5 -3.9275e-15 0)
(5 -3.41592e-15 0)
(5 -3.81829e-15 0)
(5 -9.65956e-16 0)
(5 3.80607e-16 0)
(5 7.24208e-16 0)
(5 1.43276e-15 0)
(5 2.05394e-16 0)
(5 1.80908e-16 0)
(5 6.04977e-16 0)
(5 -3.24813e-15 0)
(5 1.00791e-14 0)
(5 7.39872e-09 0)
(5.00005 0.000225398 0)
(5 5.4171e-16 0)
(5 2.68917e-16 0)
(5 -8.82986e-16 0)
(5 -1.09918e-15 0)
(5 -3.03308e-16 0)
(5 8.90897e-16 0)
(5 5.70808e-16 0)
(5 -4.26739e-16 0)
(5 -1.58146e-15 0)
(5 -1.99261e-15 0)
(5 -2.12946e-15 0)
(5 -1.81911e-15 0)
(5 -1.9475e-15 0)
(5 -1.31613e-15 0)
(5 -7.02254e-16 0)
(5 -4.46604e-16 0)
(5 -9.21794e-16 0)
(5 -7.84765e-16 0)
(5 -8.94163e-16 0)
(5 -4.39303e-16 0)
(5 3.31934e-15 0)
(5 4.61521e-15 0)
(5 8.05066e-13 0)
(5 6.83644e-08 0)
(5 1.13766e-16 0)
(5 2.99427e-16 0)
(5 3.18997e-17 0)
(5 -1.6789e-16 0)
(5 -2.46324e-16 0)
(5 7.57526e-16 0)
(5 1.13146e-15 0)
(5 6.18815e-16 0)
(5 -1.66509e-17 0)
(5 -3.00939e-16 0)
(5 -6.17069e-16 0)
(5 -8.98427e-16 0)
(5 -4.01325e-16 0)
(5 -1.97336e-15 0)
(5 -1.5227e-15 0)
(5 -1.05012e-15 0)
(5 -4.67886e-16 0)
(5 -1.51853e-16 0)
(5 -2.29755e-16 0)
(5 3.27555e-16 0)
(5 1.24712e-15 0)
(5 2.33029e-15 0)
(5 -9.75444e-16 0)
(5 1.02941e-11 0)
(5 9.65601e-18 0)
(5 -1.21615e-16 0)
(5 1.11844e-16 0)
(5 -2.29542e-16 0)
(5 -2.55878e-16 0)
(5 -2.08413e-16 0)
(5 9.21361e-16 0)
(5 1.46934e-15 0)
(5 1.43097e-15 0)
(5 5.52528e-17 0)
(5 6.59377e-16 0)
(5 1.98461e-15 0)
(5 3.24762e-15 0)
(5 2.30501e-15 0)
(5 2.69853e-17 0)
(5 -1.71844e-15 0)
(5 -1.55297e-15 0)
(5 -6.19228e-16 0)
(5 1.05195e-15 0)
(5 2.32515e-16 0)
(5 -2.32123e-15 0)
(5 -3.19013e-15 0)
(5 -4.06727e-15 0)
(5 -2.17363e-15 0)
(5 -1.61581e-16 0)
(5 -1.16109e-16 0)
(5 8.27447e-17 0)
(5 -8.61809e-17 0)
(5 5.31157e-16 0)
(5 -9.18778e-19 0)
(5 -2.00874e-16 0)
(5 4.79623e-16 0)
(5 1.04835e-15 0)
(5 1.72623e-16 0)
(5 1.12858e-16 0)
(5 4.09683e-15 0)
(5 5.74051e-15 0)
(5 5.62703e-15 0)
(5 4.08702e-15 0)
(5 1.47185e-15 0)
(5 -6.20753e-16 0)
(5 -5.24715e-16 0)
(5 5.30799e-16 0)
(5 -1.81585e-15 0)
(5 -2.9704e-15 0)
(5 -1.97689e-15 0)
(5 -2.13353e-15 0)
(5 -2.94897e-15 0)
(5 3.60073e-16 0)
(5 2.13196e-16 0)
(5 -3.26887e-16 0)
(5 -3.49161e-16 0)
(5 -5.98892e-16 0)
(5 -1.40742e-15 0)
(5 -2.37285e-15 0)
(5 -2.44019e-15 0)
(5 -1.58475e-15 0)
(5 -7.36499e-16 0)
(5 8.5151e-16 0)
(5 1.95051e-15 0)
(5 3.17052e-15 0)
(5 3.52797e-15 0)
(5 3.99926e-15 0)
(5 2.75208e-15 0)
(5 7.53186e-16 0)
(5 -8.71047e-16 0)
(5 -1.87471e-15 0)
(5 -2.83e-15 0)
(5 5.21359e-17 0)
(5 2.50299e-15 0)
(5 3.30406e-15 0)
(5 3.50571e-15 0)
(5 -3.27092e-17 0)
(5 -4.1803e-16 0)
(5 -3.96875e-16 0)
(5 7.84851e-17 0)
(5 -2.04773e-16 0)
(5 -1.03548e-16 0)
(5 -3.65962e-16 0)
(5 -2.14291e-16 0)
(5 6.83919e-16 0)
(5 6.64202e-16 0)
(5 1.82561e-15 0)
(5 9.53204e-16 0)
(5 -3.90552e-16 0)
(5 5.4213e-16 0)
(5 1.13297e-15 0)
(5 7.90191e-16 0)
(5 -4.99314e-16 0)
(5 -1.20924e-15 0)
(5 1.49725e-15 0)
(5 2.50414e-15 0)
(5 3.17121e-15 0)
(5 2.59781e-15 0)
(5 2.56587e-15 0)
(5 3.23897e-15 0)
(5 -4.23523e-16 0)
(5 -7.42894e-17 0)
(5 -8.30894e-17 0)
(5 -2.49079e-16 0)
(5 6.307e-16 0)
(5 9.18674e-16 0)
(5 1.25185e-15 0)
(5 1.72138e-15 0)
(5 2.03512e-15 0)
(5 1.6782e-15 0)
(5 5.2502e-16 0)
(5 -1.27289e-15 0)
(5 -1.36381e-15 0)
(5 -1.65224e-16 0)
(5 -4.5082e-17 0)
(5 -1.33158e-15 0)
(5 -2.44598e-15 0)
(5 -5.95584e-16 0)
(5 1.00038e-15 0)
(5 1.64737e-15 0)
(5 6.49984e-16 0)
(5 -8.11977e-16 0)
(5 -1.22576e-15 0)
(5 -6.32797e-16 0)
(5 4.02177e-16 0)
(5 5.73681e-16 0)
(5 3.01776e-16 0)
(5 1.77373e-18 0)
(5 7.92349e-16 0)
(5 1.56804e-15 0)
(5 9.27257e-16 0)
(5 1.05189e-16 0)
(5 1.36963e-16 0)
(5 7.00857e-16 0)
(5 -7.48547e-17 0)
(5 -7.00306e-16 0)
(5 -8.61749e-16 0)
(5 -2.24934e-15 0)
(5 -2.48707e-15 0)
(5 -2.81982e-15 0)
(5 -2.68904e-15 0)
(5 -2.52012e-15 0)
(5 -2.79975e-15 0)
(5 -3.1592e-15 0)
(5 -3.00261e-15 0)
(5 -2.57425e-15 0)
(5 -5.05348e-16 0)
(5 1.13295e-16 0)
(5 1.3758e-16 0)
(5 2.8649e-16 0)
(5 4.23035e-16 0)
(5 -3.07213e-16 0)
(5 -8.67389e-16 0)
(5 -6.20802e-16 0)
(5 3.4363e-16 0)
(5 4.57254e-16 0)
(5 1.84541e-16 0)
(5 9.99242e-16 0)
(5 1.79731e-15 0)
(5 3.36405e-15 0)
(5 2.55272e-15 0)
(5 1.92798e-15 0)
(5 8.38255e-16 0)
(5 2.08745e-16 0)
(5 1.01351e-17 0)
(5 -1.23003e-15 0)
(5 -4.85159e-15 0)
(5 -6.01276e-15 0)
(5 -5.81931e-15 0)
(5 -3.45336e-15 0)
(5 1.52537e-15 0)
(5 1.79656e-15 0)
(5 -1.07976e-16 0)
(5 4.18438e-16 0)
(5 4.18978e-16 0)
(5 9.91532e-17 0)
(5 -2.28456e-15 0)
(5 -3.77706e-15 0)
(5 -2.17252e-15 0)
(5 -8.27054e-16 0)
(5 6.35196e-16 0)
(5 1.29607e-15 0)
(5 1.84703e-15 0)
(5 1.966e-15 0)
(5 2.90583e-15 0)
(5 2.76163e-15 0)
(5 1.19893e-15 0)
(5 1.02179e-15 0)
(5 2.01591e-15 0)
(5 2.94964e-15 0)
(5 -1.42991e-15 0)
(5 -2.60133e-15 0)
(5 -2.36121e-15 0)
(5 4.08241e-16 0)
(5 3.66595e-15 0)
(5 2.4221e-15 0)
(5 -1.39217e-16 0)
(5 -5.1579e-16 0)
(5 -1.35487e-16 0)
(5 4.41786e-16 0)
(5 1.08664e-16 0)
(5 -3.72401e-17 0)
(5 5.30995e-18 0)
(5 1.88539e-16 0)
(5 1.73247e-15 0)
(5 2.79539e-15 0)
(5 3.48282e-15 0)
(5 1.35494e-15 0)
(5 5.38106e-16 0)
(5 5.38828e-16 0)
(5 6.22276e-16 0)
(5 1.55837e-15 0)
(5 3.73644e-15 0)
(5 3.76454e-15 0)
(5 2.20052e-15 0)
(5 2.46904e-15 0)
(5 4.09753e-15 0)
(5 4.97148e-15 0)
(5 4.49229e-15 0)
(5 3.71525e-15 0)
(5 -3.58824e-16 0)
(5 -1.57626e-15 0)
(5 -9.84733e-16 0)
(5 1.33955e-15 0)
(5 3.7616e-15 0)
(5 3.31273e-15 0)
(5 2.41917e-15 0)
(5 2.91483e-15 0)
(5 2.62838e-15 0)
(5 3.11893e-15 0)
(5 2.04383e-15 0)
(5 7.3755e-16 0)
(5 2.82199e-18 0)
(5 7.78589e-16 0)
(5 1.48102e-15 0)
(5 2.01107e-15 0)
(5 1.67072e-15 0)
(5 1.65254e-15 0)
(5 7.84882e-16 0)
(5 -1.22957e-16 0)
(5 6.996e-16 0)
(5 1.61488e-15 0)
(5 2.53403e-15 0)
(5 3.19678e-15 0)
(5 -1.90681e-16 0)
(5 -2.75806e-16 0)
(5 -2.82156e-18 0)
(5 9.31506e-16 0)
(5 1.30575e-15 0)
(5 7.14608e-16 0)
(5 5.77196e-16 0)
(5 7.3578e-16 0)
(5 8.07437e-16 0)
(5 5.86321e-16 0)
(5 -1.00948e-16 0)
(5 -3.24481e-16 0)
(5 -1.11263e-15 0)
(5 -5.99134e-16 0)
(5 -2.02444e-16 0)
(5 -6.2292e-18 0)
(5 -8.5226e-16 0)
(5 -5.15308e-16 0)
(5 -1.99923e-15 0)
(5 -2.63762e-15 0)
(5 -1.25296e-15 0)
(5 -1.00276e-15 0)
(5 1.3712e-16 0)
(5 7.7284e-16 0)
(2.55004 1.73914 0)
(2.6084 1.65822 0)
(2.68464 1.56623 0)
(2.74711 1.49614 0)
(2.79571 1.45752 0)
(2.86045 1.39303 0)
(2.96254 1.28891 0)
(3.05074 1.20269 0)
(3.10442 1.18202 0)
(3.14474 1.14932 0)
(3.24106 1.05597 0)
(3.33728 0.938736 0)
(3.39934 0.894707 0)
(3.42846 0.893245 0)
(3.49293 0.824268 0)
(3.5738 0.703327 0)
(3.62141 0.635926 0)
(3.64595 0.653121 0)
(3.67737 0.621687 0)
(3.75754 0.510658 0)
(3.79435 0.408164 0)
(3.82018 0.4054 0)
(3.82182 0.421381 0)
(3.88072 0.354147 0)
(3.92478 0.246928 0)
(3.94652 0.201035 0)
(3.94893 0.226521 0)
(3.9591 0.203994 0)
(4.01187 0.118624 0)
(4.03516 0.0454445 0)
(4.05355 0.0414154 0)
(4.05318 0.0496836 0)
(4.08748 -0.012632 0)
(2.71635 1.75946 0)
(2.67829 1.73609 0)
(2.74356 1.63805 0)
(2.79681 1.56191 0)
(2.82677 1.51938 0)
(2.89691 1.43192 0)
(2.99013 1.3181 0)
(3.04849 1.27227 0)
(3.06718 1.27643 0)
(3.1276 1.21313 0)
(3.24268 1.0843 0)
(3.32501 0.984433 0)
(3.362 0.989714 0)
(3.3695 0.986983 0)
(3.45173 0.901154 0)
(3.53654 0.77602 0)
(3.5941 0.713572 0)
(3.62328 0.720191 0)
(3.64928 0.686231 0)
(3.71 0.586495 0)
(3.74738 0.506173 0)
(3.77332 0.508646 0)
(3.79505 0.488976 0)
(3.86132 0.401816 0)
(3.89005 0.310615 0)
(3.91032 0.298825 0)
(3.90831 0.318816 0)
(3.94643 0.263381 0)
(3.98869 0.167958 0)
(4.00916 0.122007 0)
(4.01826 0.142428 0)
(4.02331 0.130766 0)
(4.06927 0.0494233 0)
(3.38906 1.56045 0)
(2.79715 1.77174 0)
(2.78991 1.74036 0)
(2.84322 1.66271 0)
(2.88378 1.59681 0)
(2.9537 1.48796 0)
(3.01409 1.39116 0)
(3.03742 1.38053 0)
(3.05263 1.35998 0)
(3.14734 1.25541 0)
(3.24446 1.1222 0)
(3.29695 1.07944 0)
(3.30085 1.10685 0)
(3.33775 1.05786 0)
(3.44236 0.935675 0)
(3.5135 0.822505 0)
(3.553 0.815308 0)
(3.55087 0.833248 0)
(3.60635 0.766056 0)
(3.67785 0.644288 0)
(3.72098 0.574273 0)
(3.74432 0.588312 0)
(3.75618 0.575795 0)
(3.8134 0.493022 0)
(3.84674 0.404554 0)
(3.87191 0.395642 0)
(3.87971 0.398956 0)
(3.92497 0.333917 0)
(3.95246 0.247892 0)
(3.97047 0.223594 0)
(3.97217 0.248449 0)
(3.9958 0.216384 0)
(4.03395 0.141168 0)
(4.56433 0.726787 0)
(3.35689 1.61419 0)
(2.87328 1.77678 0)
(2.87569 1.75238 0)
(2.93621 1.67975 0)
(3.01328 1.55783 0)
(3.04889 1.48143 0)
(3.04928 1.47936 0)
(3.0804 1.42211 0)
(3.18387 1.28918 0)
(3.25404 1.17466 0)
(3.28021 1.1806 0)
(3.27094 1.18975 0)
(3.34445 1.10206 0)
(3.43771 0.968176 0)
(3.49423 0.894314 0)
(3.51229 0.918324 0)
(3.51453 0.90413 0)
(3.59371 0.808579 0)
(3.65423 0.69518 0)
(3.69257 0.667085 0)
(3.69538 0.688799 0)
(3.73124 0.639224 0)
(3.79035 0.533832 0)
(3.82016 0.469327 0)
(3.83886 0.488652 0)
(3.84492 0.483881 0)
(3.89961 0.404038 0)
(3.92519 0.313378 0)
(3.94481 0.302333 0)
(3.9464 0.320095 0)
(3.97762 0.277589 0)
(4.01163 0.187996 0)
(5.00463 0.0436107 0)
(4.42757 0.865897 0)
(3.36043 1.64387 0)
(2.94841 1.78406 0)
(2.95723 1.75751 0)
(3.04195 1.64745 0)
(3.08141 1.58015 0)
(3.08162 1.56715 0)
(3.14164 1.47318 0)
(3.22854 1.32466 0)
(3.26746 1.2577 0)
(3.26112 1.29425 0)
(3.26623 1.26277 0)
(3.36726 1.14008 0)
(3.44006 1.00677 0)
(3.48039 0.986795 0)
(3.47125 1.0231 0)
(3.50261 0.971848 0)
(3.58725 0.853449 0)
(3.63794 0.754598 0)
(3.66755 0.758298 0)
(3.66033 0.771668 0)
(3.70973 0.707237 0)
(3.76217 0.604505 0)
(3.79503 0.554842 0)
(3.81023 0.57276 0)
(3.82861 0.545828 0)
(3.87631 0.457336 0)
(3.89463 0.391336 0)
(3.90941 0.403264 0)
(3.91012 0.407859 0)
(3.96318 0.33786 0)
(3.98824 0.269316 0)
(5.00012 0.000656232 0)
(4.997 0.066401 0)
(4.33502 0.959065 0)
(3.40186 1.66105 0)
(3.02841 1.77803 0)
(3.04074 1.74049 0)
(3.09468 1.67166 0)
(3.12721 1.63442 0)
(3.20842 1.51812 0)
(3.26648 1.38297 0)
(3.27757 1.36815 0)
(3.25271 1.39698 0)
(3.30077 1.31863 0)
(3.39988 1.16692 0)
(3.45036 1.06517 0)
(3.46676 1.09626 0)
(3.44673 1.11099 0)
(3.51657 1.02368 0)
(3.58805 0.888401 0)
(3.62958 0.825956 0)
(3.63755 0.860916 0)
(3.63471 0.847374 0)
(3.70529 0.757658 0)
(3.75073 0.65206 0)
(3.78333 0.630177 0)
(3.78356 0.657058 0)
(3.80833 0.616659 0)
(3.85517 0.520545 0)
(3.87754 0.458944 0)
(3.89312 0.47252 0)
(3.90423 0.463315 0)
(3.94788 0.398651 0)
(3.96744 0.34247 0)
(5 2.98345e-07 0)
(5.0002 0.00131145 0)
(4.98275 0.0916938 0)
(4.3102 1.00424 0)
(3.47552 1.64018 0)
(3.10549 1.77017 0)
(3.09807 1.75673 0)
(3.15014 1.70298 0)
(3.24938 1.57338 0)
(3.28832 1.46507 0)
(3.28174 1.48303 0)
(3.26852 1.47808 0)
(3.35717 1.36164 0)
(3.43181 1.20403 0)
(3.46319 1.15621 0)
(3.45381 1.20959 0)
(3.45322 1.184 0)
(3.5411 1.06097 0)
(3.59001 0.930811 0)
(3.62016 0.920289 0)
(3.6086 0.960919 0)
(3.63649 0.913096 0)
(3.70745 0.800713 0)
(3.74264 0.71059 0)
(3.76615 0.722783 0)
(3.75371 0.73986 0)
(3.80143 0.674511 0)
(3.84184 0.574779 0)
(3.86586 0.533343 0)
(3.86797 0.560534 0)
(3.90293 0.523694 0)
(3.92831 0.469786 0)
(3.91516 0.381462 0)
(5 6.2653e-11 0)
(5 7.96e-07 0)
(5.00016 0.00211076 0)
(4.97491 0.105173 0)
(4.33263 0.993712 0)
(3.53824 1.61947 0)
(3.17873 1.77823 0)
(3.16443 1.76571 0)
(3.24093 1.66156 0)
(3.29293 1.5562 0)
(3.28803 1.57707 0)
(3.3075 1.53861 0)
(3.4097 1.401 0)
(3.46566 1.25886 0)
(3.48383 1.25575 0)
(3.45624 1.30141 0)
(3.47928 1.24187 0)
(3.55858 1.10557 0)
(3.59587 1.00219 0)
(3.61891 1.02166 0)
(3.60779 1.04075 0)
(3.66157 0.962749 0)
(3.71078 0.83865 0)
(3.73458 0.783733 0)
(3.7423 0.822272 0)
(3.74324 0.810374 0)
(3.80614 0.724435 0)
(3.83694 0.619746 0)
(3.85255 0.618013 0)
(3.87016 0.616696 0)
(3.89251 0.59574 0)
(3.87594 0.495285 0)
(3.62717 0.103374 0)
(5 1.19894e-15 0)
(5 2.29997e-10 0)
(5 1.60065e-06 0)
(5.00011 0.00257989 0)
(4.97698 0.0989961 0)
(4.34584 0.979734 0)
(3.62731 1.59533 0)
(3.26136 1.76671 0)
(3.23551 1.74876 0)
(3.27035 1.66983 0)
(3.29168 1.65047 0)
(3.3693 1.56841 0)
(3.46298 1.4093 0)
(3.48677 1.32651 0)
(3.46681 1.38123 0)
(3.4288 1.40275 0)
(3.51114 1.30813 0)
(3.59182 1.14958 0)
(3.63219 1.06139 0)
(3.64766 1.09823 0)
(3.62456 1.11209 0)
(3.67155 1.02649 0)
(3.70862 0.903519 0)
(3.7324 0.869298 0)
(3.74149 0.902385 0)
(3.76392 0.866823 0)
(3.81794 0.756351 0)
(3.83049 0.694693 0)
(3.84483 0.693851 0)
(3.86476 0.704616 0)
(3.84357 0.597935 0)
(3.60258 0.221211 0)
(2.97876 -0.503306 0)
(5 1.08841e-15 0)
(5 8.27126e-15 0)
(5 5.61523e-10 0)
(5 2.13003e-06 0)
(5.0001 0.00251651 0)
(4.97339 0.0932529 0)
(4.41231 0.928679 0)
(3.73306 1.53396 0)
(3.35409 1.75049 0)
(3.31915 1.75778 0)
(3.32284 1.71333 0)
(3.3956 1.62585 0)
(3.45555 1.47667 0)
(3.44981 1.46267 0)
(3.42379 1.5118 0)
(3.45665 1.45878 0)
(3.58055 1.305 0)
(3.6388 1.15343 0)
(3.66234 1.14296 0)
(3.62831 1.2154 0)
(3.60886 1.19765 0)
(3.68589 1.08638 0)
(3.7277 0.957085 0)
(3.76232 0.93044 0)
(3.7654 0.968582 0)
(3.78643 0.926745 0)
(3.82113 0.822259 0)
(3.82899 0.770512 0)
(3.84586 0.775887 0)
(3.82406 0.685606 0)
(3.56737 0.290655 0)
(2.95531 -0.421595 0)
(2.72691 -0.78414 0)
(5 2.75772e-15 0)
(5 2.61467e-15 0)
(5 2.44624e-14 0)
(5 7.3006e-10 0)
(5 2.39008e-06 0)
(5.00004 0.00205551 0)
(4.97202 0.0870205 0)
(4.51991 0.803363 0)
(3.86904 1.4463 0)
(3.41523 1.75543 0)
(3.32579 1.7832 0)
(3.34932 1.72961 0)
(3.43303 1.59657 0)
(3.4683 1.52731 0)
(3.47621 1.53564 0)
(3.54433 1.46313 0)
(3.61515 1.32366 0)
(3.62544 1.23824 0)
(3.61159 1.28688 0)
(3.57222 1.32525 0)
(3.63448 1.24548 0)
(3.72304 1.09644 0)
(3.7594 0.989477 0)
(3.78774 1.0105 0)
(3.75771 1.0604 0)
(3.79211 1.00155 0)
(3.82589 0.899596 0)
(3.83595 0.838274 0)
(3.80231 0.738617 0)
(3.49625 0.26883 0)
(2.94961 -0.372858 0)
(2.76005 -0.746027 0)
(2.84793 -0.7485 0)
(5 9.39388e-16 0)
(5 2.88316e-15 0)
(5 3.33018e-15 0)
(5 3.05325e-14 0)
(5 8.42812e-10 0)
(5 1.81032e-06 0)
(4.99988 0.00165756 0)
(4.98306 0.0609359 0)
(4.66132 0.658975 0)
(3.84823 1.48247 0)
(3.54982 1.72804 0)
(3.42946 1.7298 0)
(3.46515 1.67203 0)
(3.50901 1.59762 0)
(3.51657 1.59805 0)
(3.55774 1.54113 0)
(3.60076 1.39695 0)
(3.5991 1.33851 0)
(3.58787 1.38183 0)
(3.58622 1.37146 0)
(3.68772 1.26455 0)
(3.74338 1.12925 0)
(3.77057 1.06233 0)
(3.7645 1.1262 0)
(3.75254 1.14003 0)
(3.80354 1.05803 0)
(3.8182 0.929818 0)
(3.7537 0.758613 0)
(3.35667 0.151997 0)
(2.96577 -0.393157 0)
(2.8601 -0.667773 0)
(2.94049 -0.659078 0)
(3.04927 -0.637762 0)
(5 5.24382e-16 0)
(5 2.53266e-16 0)
(5 5.21918e-16 0)
(5 6.61608e-16 0)
(5 3.88853e-14 0)
(5 5.16486e-10 0)
(5 1.58325e-06 0)
(4.99997 0.000900383 0)
(4.99604 0.0360845 0)
(4.62069 0.620153 0)
(4.12027 1.28943 0)
(3.69938 1.60067 0)
(3.51318 1.73222 0)
(3.44977 1.73746 0)
(3.46159 1.7043 0)
(3.53596 1.62038 0)
(3.60468 1.45226 0)
(3.61505 1.40678 0)
(3.6073 1.4551 0)
(3.62322 1.43364 0)
(3.72085 1.31083 0)
(3.75971 1.16033 0)
(3.77029 1.15911 0)
(3.75252 1.201 0)
(3.76431 1.21905 0)
(3.75062 1.072 0)
(3.65442 0.757703 0)
(3.21231 0.00330245 0)
(2.93348 -0.437416 0)
(2.9342 -0.711561 0)
(3.03883 -0.703072 0)
(3.16728 -0.671624 0)
(3.26618 -0.622961 0)
(5 1.14933e-15 0)
(5 8.21991e-16 0)
(5 7.28778e-16 0)
(5 -6.9585e-16 0)
(5 1.83755e-15 0)
(5 3.02737e-14 0)
(5 3.28627e-10 0)
(5 9.17126e-07 0)
(5.00003 0.000335692 0)
(4.98603 0.0388097 0)
(4.84113 0.367861 0)
(4.37041 1.08285 0)
(3.63496 1.65477 0)
(3.50714 1.78098 0)
(3.48815 1.75637 0)
(3.52257 1.68965 0)
(3.61956 1.52341 0)
(3.64611 1.47855 0)
(3.63134 1.52481 0)
(3.71792 1.45343 0)
(3.76196 1.31512 0)
(3.74572 1.2364 0)
(3.71167 1.31732 0)
(3.73437 1.29898 0)
(3.71319 1.17265 0)
(3.48704 0.62494 0)
(3.22694 -0.0468303 0)
(2.99245 -0.439762 0)
(3.06371 -0.526663 0)
(3.13992 -0.513001 0)
(3.25986 -0.510286 0)
(3.37444 -0.502105 0)
(3.45008 -0.474993 0)
(5 1.17201e-15 0)
(5 1.43755e-15 0)
(5 2.67046e-15 0)
(5 5.88769e-15 0)
(5 7.23914e-15 0)
(5 6.49269e-15 0)
(5 2.45005e-14 0)
(5 1.11073e-10 0)
(5 3.89572e-07 0)
(4.99998 0.000203072 0)
(4.99755 0.0166337 0)
(4.95876 0.205996 0)
(4.28265 1.05868 0)
(3.71167 1.63472 0)
(3.63517 1.73473 0)
(3.60734 1.67816 0)
(3.64631 1.6148 0)
(3.68898 1.55243 0)
(3.71741 1.5278 0)
(3.6848 1.5687 0)
(3.71777 1.44032 0)
(3.69624 1.37676 0)
(3.69996 1.29675 0)
(3.66105 1.04052 0)
(3.41012 0.322516 0)
(3.14507 -0.24776 0)
(3.0603 -0.586147 0)
(3.10236 -0.571051 0)
(3.21108 -0.519196 0)
(3.31721 -0.48223 0)
(3.41445 -0.469226 0)
(3.49969 -0.437543 0)
(3.5559 -0.396002 0)
(5 2.8898e-15 0)
(5 2.62142e-15 0)
(5 5.36186e-15 0)
(5 9.08944e-15 0)
(5 8.78185e-15 0)
(5 6.20402e-15 0)
(5 6.65985e-17 0)
(5 9.30213e-15 0)
(5 4.58747e-11 0)
(5 1.71591e-07 0)
(4.99999 5.31467e-05 0)
(4.9998 0.00779948 0)
(4.93713 0.159069 0)
(4.37252 0.963793 0)
(4.07887 1.36435 0)
(3.7861 1.57383 0)
(3.67769 1.68565 0)
(3.61555 1.69324 0)
(3.60551 1.67301 0)
(3.61545 1.63878 0)
(3.68957 1.4608 0)
(3.69488 1.29731 0)
(3.62922 0.801994 0)
(3.43286 0.193758 0)
(3.27483 -0.153311 0)
(3.1561 -0.294138 0)
(3.1506 -0.313961 0)
(3.24741 -0.293551 0)
(3.35002 -0.275418 0)
(3.43193 -0.295006 0)
(3.49016 -0.310749 0)
(3.54622 -0.29342 0)
(3.59712 -0.282289 0)
(5 3.40568e-15 0)
(5 3.85078e-15 0)
(5 2.90126e-15 0)
(5 1.87881e-15 0)
(5 1.87299e-15 0)
(5 -4.90164e-16 0)
(5 -1.70221e-15 0)
(5 -2.81703e-16 0)
(5 4.89904e-15 0)
(5 1.0852e-11 0)
(5 2.80351e-08 0)
(5 2.32204e-05 0)
(4.99967 0.00402938 0)
(4.95513 0.10605 0)
(4.72242 0.566846 0)
(4.38499 1.16517 0)
(3.72903 1.60494 0)
(3.59412 1.76781 0)
(3.56455 1.69576 0)
(3.48191 1.31054 0)
(3.38376 0.676442 0)
(3.23547 0.0453336 0)
(3.13332 -0.414084 0)
(3.03038 -0.546853 0)
(3.04057 -0.490597 0)
(3.11936 -0.374819 0)
(3.18499 -0.280752 0)
(3.28877 -0.160659 0)
(3.36766 -0.108271 0)
(3.46215 -0.134732 0)
(3.52681 -0.16262 0)
(3.57722 -0.159296 0)
(3.62682 -0.150725 0)
(5 2.027e-15 0)
(5 2.24273e-15 0)
(5 1.75673e-15 0)
(5 -7.00662e-16 0)
(5 -1.43698e-15 0)
(5 -1.39208e-15 0)
(5 -1.42673e-16 0)
(5 1.40631e-15 0)
(5 2.19178e-15 0)
(5 3.28442e-15 0)
(5 1.43347e-12 0)
(5 1.01718e-08 0)
(5 7.18328e-06 0)
(4.99974 0.00129804 0)
(4.99038 0.0281753 0)
(4.84527 0.315133 0)
(4.14376 0.992472 0)
(3.72326 1.37041 0)
(3.5146 1.23152 0)
(3.2951 1.01078 0)
(3.08634 0.670047 0)
(3.01135 0.392458 0)
(3.03855 0.166439 0)
(3.07913 -0.0206154 0)
(3.20725 -0.125443 0)
(3.34336 -0.155621 0)
(3.3919 -0.156066 0)
(3.34696 -0.123104 0)
(3.36853 -0.0843548 0)
(3.42327 -0.0790594 0)
(3.47948 -0.075748 0)
(3.53344 -0.0713283 0)
(3.58977 -0.073604 0)
)
;

boundaryField
{
    inlet
    {
        type            fixedValue;
        value           uniform (5 0 0);
    }
    outlet
    {
        type            inletOutlet;
        inletValue      nonuniform 0();
        value           nonuniform 0();
    }
    bottom
    {
        type            symmetryPlane;
    }
    top
    {
        type            symmetryPlane;
    }
    obstacle
    {
        type            slip;
    }
    defaultFaces
    {
        type            empty;
    }
    procBoundary2to0
    {
        type            processor;
        value           nonuniform List<vector> 
58
(
(5 -1.10871e-08 0)
(5 7.38733e-07 0)
(5.02507 0.0117677 0)
(4.40059 0.971283 0)
(2.68026 1.76766 0)
(2.40726 1.70492 0)
(5 -1.2464e-16 0)
(5 -5.45382e-16 0)
(5 -3.99786e-16 0)
(5 7.023e-16 0)
(5 5.89375e-16 0)
(5 -1.58073e-15 0)
(5 -2.11723e-15 0)
(5 -1.46863e-15 0)
(5 -1.33839e-15 0)
(5 -9.95382e-16 0)
(5 -1.58165e-15 0)
(5 -3.6874e-15 0)
(5 -4.04634e-15 0)
(5 -3.97905e-15 0)
(5 -2.64487e-15 0)
(5 -1.56528e-15 0)
(5 5.53991e-16 0)
(5 1.25341e-15 0)
(5 1.25341e-15 0)
(2.48824 1.64771 0)
(2.5626 1.58909 0)
(2.63974 1.51543 0)
(2.72166 1.44156 0)
(2.7862 1.40305 0)
(2.85196 1.35325 0)
(2.96027 1.25314 0)
(3.06666 1.15168 0)
(3.13488 1.11776 0)
(3.17915 1.10161 0)
(3.2674 1.01487 0)
(3.37646 0.87542 0)
(3.44898 0.798685 0)
(3.48424 0.80846 0)
(3.52723 0.768873 0)
(3.61974 0.644461 0)
(3.67606 0.528656 0)
(3.71364 0.522562 0)
(3.72558 0.52341 0)
(3.79063 0.440729 0)
(3.83861 0.326456 0)
(3.87117 0.286754 0)
(3.88312 0.305419 0)
(3.91361 0.26304 0)
(3.962 0.164213 0)
(3.9857 0.0922614 0)
(4.00385 0.0950086 0)
(4.00546 0.0889691 0)
(4.05051 0.0141506 0)
(4.07394 -0.0645629 0)
(4.09449 -0.0833 0)
(4.0995 -0.0745511 0)
(4.12193 -0.125325 0)
)
;
    }
    procBoundary2to1
    {
        type            processor;
        value           nonuniform List<vector> 2((4.10389 -0.0813077 0) (4.08679 -0.0129198 0));
    }
    procBoundary2to3
    {
        type            processor;
        value           nonuniform List<vector> 
16
(
(4.04991 0.0772933 0)
(4.02674 0.169424 0)
(4.0039 0.240162 0)
(3.95072 0.275715 0)
(3.66406 -0.0123053 0)
(3.05406 -0.587058 0)
(2.75234 -0.842005 0)
(2.83888 -0.770109 0)
(2.9747 -0.719433 0)
(3.15785 -0.602325 0)
(3.34053 -0.571077 0)
(3.4929 -0.462259 0)
(3.59593 -0.389408 0)
(3.64507 -0.287307 0)
(3.67144 -0.151442 0)
(3.63672 -0.0804715 0)
)
;
    }
}


// ************************************************************************* //
