/*--------------------------------*- C++ -*----------------------------------*\
  =========                 |
  \\      /  F ield         | OpenFOAM: The Open Source CFD Toolbox
   \\    /   O peration     | Website:  https://openfoam.org
    \\  /    A nd           | Version:  7
     \\/     M anipulation  |
\*---------------------------------------------------------------------------*/
FoamFile
{
    version     2.0;
    format      ascii;
    class       volScalarField;
    location    "3.6";
    object      T;
}
// * * * * * * * * * * * * * * * * * * * * * * * * * * * * * * * * * * * * * //

dimensions      [0 0 0 1 0 0 0];

internalField   nonuniform List<scalar> 
1008
(
1
1
1
1
1
1
1
1
1
1
1
1
1
1
3.35984
5.73439
5.91223
5.94149
5.97093
5.99437
6.01419
6.02991
6.04178
6.05033
1
1
1
1
1
1
1
1
1
1
1
1
1
1
3.29307
5.7074
5.90807
5.93876
5.96711
5.98922
6.00768
6.0222
6.03283
6.04082
1
1
1
1
1
1
1
1
1
1
1
1
1
1
3.03172
5.61694
5.88641
5.92417
5.95645
5.9795
5.99745
6.0114
6.02092
6.02896
1
1
1
1
1
1
1
1
1
1
1
1
1
1
2.69788
5.48881
5.85657
5.90465
5.94334
5.96722
5.9841
5.99623
6.00242
6.00754
1
1
1
1
1
1
1
1
1
1
1
1
1
1
2.15367
5.26093
5.81827
5.87413
5.91941
5.94479
5.96128
5.97122
5.97385
5.9792
1
1
1
1
1
1
1
1
1
1
1
1
1
1
1.29342
4.96074
5.82515
5.82407
5.86604
5.90271
5.9273
5.94052
5.93861
5.92614
1
1
1
1
1
1
1
1
1
1
1
1
1
1
1.00476
4.66567
5.74881
5.76331
5.8003
5.83825
5.86616
5.87394
5.86387
5.84992
1
1
1
1
1
1
1
1
1
1
1
1
1
1
0.999998
4.18769
5.67232
5.72308
5.74869
5.77423
5.79199
5.80224
5.80344
5.83442
1
1
1
1
1
1
1
1
1
1
1
1
1
1
0.999999
3.43849
5.4627
5.67381
5.70584
5.71437
5.70893
5.68785
5.59462
5.38363
1
1
1
1
1
1
1
1
1
1
1
1
1
1
1
2.16949
4.99885
5.59552
5.63667
5.64597
5.62412
5.55995
5.43425
5.10262
1
1
1
1
1
1
1
1
1
1
1
1
1
1
1
1.10231
4.50316
5.4857
5.55584
5.56009
5.53147
5.4506
5.30242
4.93424
1
1
1
1
1
1
1
1
1
1
1
1
1
1
1
1.00034
3.70117
5.22522
5.46357
5.45421
5.42724
5.35385
5.17893
4.85878
1
1
1
1
1
1
1
1
1
1
1
1
1
1
1
0.999976
1.96079
4.68531
5.36464
5.3404
5.31281
5.24847
5.09334
4.85374
1
1
1
1
1
1
1
1
1
1
1
1
1
1
1
0.999996
1.06202
4.22951
5.19202
5.15956
5.16597
5.12665
5.01541
4.83662
1
1
1
1
1
1
1
1
1
1
1
1
1
1
1
1
1.00003
2.81351
4.72966
5.07516
5.05301
5.00759
4.92293
4.79585
1
1
1
1
1
1
1
1
1
1
1
1
1
1
1
1
0.999981
1.25881
4.14595
4.9854
4.949
4.90672
4.83494
4.73886
1
1
1
1
1
1
1
1
1
1
1
1
1
1
1
1
0.999997
1.00291
2.68079
4.48021
4.85208
4.79499
4.7297
4.65218
1
1
1
1
1
1
1
1
1
1
1
1
1
1
1
1
1
1
1.24029
3.84135
4.76387
4.69393
4.64588
4.57935
1
1
1
1
1
1
1
1
1
1
1
1
1
1
1
1
1
1
1.00232
2.23473
4.10017
4.59027
4.53558
4.48476
1
1
1
1
1
1
1
1
1
1
1
1
1
1
1
1
1
1
1
1.11692
3.20291
4.42212
4.42911
4.40479
1
1
1
1
1
1
1
1
1
1
1
1
1
1
1
1
1
1
1
1.00053
1.62838
3.69466
4.34167
4.29882
1
1
1
1
1
1
1
1
1
1
1
1
1
1
1
1
1
1
1
1
1.02016
2.28017
3.78179
4.21377
1
1
1
1
1
1
1
1
1
1
1
1
1
1
1
1
1
1
3.63152
2.49345
2.18118
2.311
2.43592
2.58698
2.79545
2.89542
3.03879
3.21017
3.40363
3.47737
3.44284
3.4177
3.44003
3.49601
3.51231
3.49384
3.46762
3.45362
3.45575
3.4525
3.43298
3.39375
3.36265
3.3589
3.36467
3.37877
3.38552
3.38406
3.36881
3.34244
3.31967
4.15348
3.47555
3.03977
2.90535
2.82664
2.75701
2.64835
2.62137
2.65031
2.73314
2.80814
2.87924
2.96107
3.03899
3.11331
3.18343
3.23116
3.26342
3.28562
3.29578
3.31468
3.33199
3.32675
3.30895
3.28831
3.28609
3.29269
3.30537
3.31254
3.31271
3.30395
3.28664
3.27162
4.33647
3.89399
3.55557
3.28662
3.09811
2.90949
2.74886
2.68491
2.61873
2.58239
2.59265
2.62059
2.69271
2.75208
2.79216
2.84096
2.89072
2.95261
3.02607
3.06918
3.10927
3.14493
3.16688
3.16707
3.16231
3.16307
3.17442
3.17938
3.17606
3.17215
3.16728
3.16069
3.15263
4.4526
4.0953
3.8101
3.58452
3.35879
3.18191
3.02878
2.92193
2.82043
2.73548
2.68544
2.646
2.62772
2.61215
2.61481
2.62961
2.66267
2.72732
2.81118
2.86772
2.89913
2.92472
2.96266
2.98845
3.00557
3.03335
3.05996
3.06095
3.06151
3.06291
3.0607
3.052
3.04028
4.55801
4.26159
3.99379
3.7841
3.58528
3.39725
3.2634
3.14336
3.02954
2.92102
2.82109
2.74494
2.6791
2.64575
2.61274
2.60218
2.61538
2.63575
2.66342
2.69987
2.73413
2.76604
2.8173
2.86345
2.89293
2.92173
2.94548
2.95535
2.96354
2.97532
2.98253
2.98117
2.97962
4.60827
4.38361
4.15046
3.9306
3.7524
3.57748
3.43618
3.31751
3.19276
3.08752
2.99847
2.91456
2.83917
2.7803
2.72479
2.67319
2.66462
2.65857
2.63584
2.61967
2.62182
2.63113
2.65619
2.7136
2.77596
2.82509
2.86643
2.88516
2.90109
2.91424
2.92315
2.92564
2.93121
4.62096
4.44006
4.25567
4.07028
3.89204
3.72446
3.58021
3.4617
3.3485
3.23974
3.14601
3.05184
2.97761
2.91853
2.859
2.78771
2.73758
2.6992
2.6552
2.62161
2.61481
2.61548
2.61583
2.62693
2.65567
2.69402
2.74241
2.78962
2.82427
2.85169
2.87058
2.88006
2.89175
4.60273
4.45363
4.30655
4.14548
3.9836
3.84799
3.70989
3.57697
3.47173
3.37288
3.26852
3.17724
3.09912
3.03676
2.96995
2.90583
2.85605
2.80959
2.75893
2.69499
2.66954
2.65053
2.62577
2.62114
2.6247
2.62656
2.63083
2.64729
2.67899
2.72493
2.77579
2.81877
2.84376
4.55229
4.44047
4.31575
4.18471
4.0603
3.93362
3.80271
3.67822
3.58579
3.48445
3.37944
3.28311
3.21569
3.14603
3.07513
3.00148
2.95584
2.90573
2.85042
2.79326
2.75034
2.71363
2.67417
2.63576
2.62873
2.6233
2.61692
2.61447
2.61754
2.62745
2.64698
2.68734
2.74059
4.49811
4.41061
4.3063
4.19358
4.09103
3.98327
3.86442
3.75389
3.66189
3.56491
3.46808
3.38051
3.30759
3.23085
3.15571
3.09005
3.04267
2.99389
2.93817
2.87904
2.83716
2.79547
2.75631
2.71176
2.69019
2.66799
2.63798
2.61734
2.61587
2.60639
2.59469
2.59743
2.61661
4.42408
4.35306
4.2709
4.18695
4.09716
3.99883
3.89042
3.8039
3.71634
3.62579
3.52514
3.44776
3.37771
3.30421
3.23142
3.16729
3.11829
3.0634
3.01069
2.96124
2.92007
2.87626
2.82476
2.77696
2.74729
2.71528
2.67996
2.64228
2.62625
2.61021
2.58867
2.58607
2.58893
4.36393
4.30637
4.23657
4.16509
4.08627
3.99843
3.90949
3.82648
3.73831
3.6541
3.56862
3.50549
3.43354
3.36266
3.28595
3.23639
3.18462
3.12894
3.07064
3.02572
2.98564
2.93843
2.89195
2.84746
2.81399
2.77597
2.73577
2.695
2.67312
2.65181
2.62226
2.59443
2.59014
4.26401
4.22164
4.17399
4.11622
4.04783
3.97071
3.9029
3.82552
3.74964
3.66726
3.60104
3.53942
3.46961
3.40405
3.33756
3.28919
3.23241
3.17681
3.11815
3.07788
3.03566
2.98951
2.93606
2.89877
2.86754
2.83045
2.7913
2.75073
2.72261
2.69132
2.65524
2.61551
2.60203
4.16101
4.11671
4.08697
4.04911
3.99629
3.94275
3.88902
3.82168
3.75117
3.68098
3.63377
3.56798
3.50341
3.43197
3.37908
3.32996
3.27059
3.21529
3.1585
3.11913
3.0736
3.02854
2.98231
2.9462
2.91099
2.87238
2.83054
2.79739
2.77142
2.73997
2.70542
2.66465
2.6428
)
;

boundaryField
{
    inlet
    {
        type            fixedValue;
        value           uniform 1;
    }
    outlet
    {
        type            inletOutlet;
        inletValue      nonuniform 0();
        value           nonuniform 0();
    }
    bottom
    {
        type            symmetryPlane;
    }
    top
    {
        type            symmetryPlane;
    }
    obstacle
    {
        type            zeroGradient;
    }
    defaultFaces
    {
        type            empty;
    }
    procBoundary0to1
    {
        type            processor;
        value           nonuniform List<scalar> 
14
(
3.31248
3.26744
3.14983
3.03202
2.97755
2.94382
2.91206
2.87058
2.79269
2.65213
2.59154
2.58555
2.58732
2.61965
)
;
    }
    procBoundary0to2
    {
        type            processor;
        value           nonuniform List<scalar> 
58
(
1
1
1.00004
1.13453
2.80057
3.85351
1
1
1
1
1
1
1
1
1
1
1
1
1
1
1
1
1
1
1
4.1047
4.05191
4.0148
3.98331
3.94094
3.90502
3.85899
3.80834
3.74288
3.68954
3.63534
3.57061
3.51276
3.45006
3.40776
3.35065
3.29291
3.2304
3.18569
3.15033
3.10406
3.05902
3.01219
2.98318
2.94546
2.90716
2.86531
2.83499
2.80778
2.77471
2.74049
2.70777
2.68626
)
;
    }
}


// ************************************************************************* //
