/*--------------------------------*- C++ -*----------------------------------*\
  =========                 |
  \\      /  F ield         | OpenFOAM: The Open Source CFD Toolbox
   \\    /   O peration     | Website:  https://openfoam.org
    \\  /    A nd           | Version:  7
     \\/     M anipulation  |
\*---------------------------------------------------------------------------*/
FoamFile
{
    version     2.0;
    format      ascii;
    class       volScalarField;
    location    "3.5";
    object      rho;
}
// * * * * * * * * * * * * * * * * * * * * * * * * * * * * * * * * * * * * * //

dimensions      [1 -3 0 0 0 0 0];

internalField   nonuniform List<scalar> 
1008
(
1.74642
1.73357
1.72638
1.7241
1.71291
1.69709
1.67968
1.66158
1.64456
1.62818
1.61164
1.59441
1.57772
1.56336
1.55034
1.5381
1.52508
1.51103
1.49416
1.47372
1.45337
1.43695
1.42335
1.41051
1.39755
1.38444
1.37246
1.36182
1.35226
1.34257
1.33211
1.31654
1.2923
1.26872
1.25286
1.24166
1.23201
1.22257
1.21283
1.20236
1.19085
1.17852
1.16591
1.15325
1.14046
1.12787
1.11653
1.10683
1.09823
1.08985
1.08041
1.06827
1.05089
1.03231
1.02017
1.01202
1.00554
1.00053
0.997646
0.992545
0.982164
0.95946
0.924771
1.76512
1.74994
1.7368
1.72454
1.71356
1.70039
1.68512
1.66848
1.65012
1.63283
1.61728
1.60218
1.58705
1.57109
1.55523
1.54097
1.52789
1.5145
1.49971
1.48301
1.46428
1.44504
1.42861
1.41517
1.40275
1.39033
1.37769
1.36535
1.35381
1.3422
1.3293
1.31446
1.29569
1.27528
1.25728
1.24321
1.23253
1.22332
1.21425
1.20477
1.19436
1.18272
1.1699
1.15633
1.1428
1.12995
1.11804
1.10697
1.09683
1.08792
1.07961
1.06962
1.05549
1.03992
1.02766
1.01823
1.00991
1.00161
0.992839
0.985117
0.975962
0.962013
0.934411
1.80007
1.79114
1.77615
1.75599
1.73704
1.7223
1.70771
1.69223
1.67412
1.65233
1.6319
1.61725
1.60395
1.59016
1.57497
1.55709
1.53759
1.52068
1.50702
1.4941
1.48025
1.46322
1.44325
1.42641
1.41412
1.40288
1.39102
1.37773
1.36268
1.34635
1.32926
1.3122
1.29794
1.28484
1.27
1.25302
1.23791
1.22657
1.21715
1.20823
1.19914
1.1891
1.17703
1.16312
1.14926
1.13653
1.12449
1.11272
1.10116
1.08939
1.07628
1.06289
1.05316
1.04601
1.03838
1.02913
1.01849
1.00663
0.993471
0.977579
0.964173
0.956039
0.942565
1.83444
1.82555
1.8122
1.79429
1.77125
1.75181
1.73653
1.72189
1.70633
1.68749
1.66444
1.6433
1.62822
1.61492
1.60122
1.58537
1.56651
1.54754
1.53113
1.51683
1.50301
1.48757
1.4686
1.44794
1.43057
1.41698
1.40449
1.39098
1.37454
1.35486
1.33529
1.32017
1.30892
1.29799
1.2856
1.2703
1.25317
1.2381
1.22611
1.21575
1.2057
1.19495
1.18276
1.16958
1.15689
1.14522
1.13406
1.12267
1.11008
1.09524
1.07878
1.06474
1.05647
1.05045
1.04433
1.03729
1.0289
1.01713
0.998958
0.978473
0.961821
0.954691
0.945492
1.86592
1.85455
1.84115
1.82392
1.80202
1.7808
1.76347
1.74793
1.73252
1.71585
1.6961
1.67395
1.65416
1.63799
1.62289
1.60736
1.59139
1.57557
1.55999
1.54462
1.52936
1.5136
1.49638
1.4773
1.45734
1.43852
1.42089
1.40232
1.38208
1.36254
1.34763
1.33656
1.32594
1.31465
1.30226
1.28826
1.2728
1.25704
1.24244
1.22924
1.21644
1.203
1.18924
1.17652
1.16508
1.154
1.14259
1.13067
1.118
1.10422
1.09048
1.07846
1.06717
1.05692
1.05013
1.04487
1.03769
1.02529
1.00702
0.988013
0.972435
0.96148
0.949954
1.87778
1.86207
1.84718
1.83193
1.81582
1.79745
1.77876
1.76174
1.74602
1.73122
1.71563
1.69655
1.67367
1.65192
1.63388
1.61764
1.60295
1.58965
1.57599
1.5607
1.54475
1.5288
1.51276
1.49593
1.47676
1.45451
1.43196
1.41076
1.39156
1.37651
1.3645
1.35279
1.34084
1.32868
1.31619
1.30324
1.28941
1.27407
1.25751
1.24053
1.22393
1.20833
1.19484
1.18338
1.17286
1.16224
1.15075
1.1381
1.12473
1.11244
1.10211
1.09199
1.08032
1.06786
1.05666
1.04481
1.03102
1.01897
1.00926
0.999912
0.989664
0.976942
0.960112
1.87847
1.85673
1.84334
1.83157
1.81823
1.803
1.78657
1.76946
1.75352
1.73831
1.72235
1.70379
1.68021
1.65596
1.63714
1.62226
1.60813
1.59468
1.58141
1.56702
1.55239
1.53849
1.52438
1.50757
1.48641
1.4607
1.43471
1.41468
1.40091
1.38968
1.37849
1.36674
1.35401
1.34069
1.32759
1.31563
1.30143
1.28416
1.26628
1.24647
1.22506
1.20737
1.1951
1.18521
1.1758
1.16628
1.15623
1.14561
1.13438
1.12258
1.11127
1.10069
1.09011
1.07808
1.06173
1.04345
1.02844
1.01708
1.00912
1.00417
0.998641
0.992988
0.981648
1.87588
1.85468
1.83611
1.82253
1.81169
1.80273
1.7893
1.77197
1.75246
1.73268
1.71404
1.69581
1.67727
1.65817
1.63961
1.6219
1.60511
1.58969
1.57796
1.56873
1.55834
1.54464
1.52561
1.50234
1.47974
1.45883
1.43759
1.42097
1.40881
1.39819
1.38871
1.37948
1.36976
1.35691
1.339
1.3173
1.29916
1.28457
1.26823
1.24908
1.22812
1.20956
1.19498
1.18478
1.17742
1.17122
1.16619
1.15975
1.14877
1.13475
1.12206
1.11129
1.09954
1.08214
1.05714
1.03681
1.02934
1.02387
1.01878
1.01357
1.00845
1.00581
1.02827
1.87066
1.85341
1.83362
1.81712
1.80353
1.79152
1.78008
1.76729
1.75023
1.72958
1.70858
1.68862
1.67139
1.65518
1.63715
1.61851
1.60321
1.59027
1.5762
1.56004
1.54476
1.5312
1.51621
1.49832
1.47707
1.45555
1.43992
1.42813
1.41702
1.40587
1.39445
1.38205
1.36707
1.35029
1.33198
1.31207
1.29245
1.27437
1.25833
1.2434
1.22972
1.21709
1.2046
1.19146
1.17963
1.17237
1.1642
1.15263
1.14063
1.12918
1.11861
1.10772
1.09483
1.0766
1.05474
1.03748
1.02582
1.01963
1.01535
1.01455
1.0178
1.03562
1.14134
1.86202
1.84908
1.83274
1.81541
1.79874
1.78248
1.76836
1.75607
1.74346
1.72758
1.7071
1.68673
1.66693
1.64825
1.63207
1.61806
1.60399
1.58838
1.57121
1.55326
1.53492
1.51791
1.50465
1.49213
1.47782
1.46256
1.44755
1.43286
1.42029
1.40919
1.39637
1.37986
1.36072
1.34058
1.3204
1.3015
1.28412
1.26765
1.25284
1.24224
1.23449
1.22698
1.21749
1.20557
1.19114
1.17274
1.15501
1.14102
1.13107
1.12313
1.11524
1.10576
1.09199
1.07319
1.0539
1.03911
1.028
1.02336
1.02198
1.03193
1.07516
1.1583
1.30277
1.85366
1.84074
1.82852
1.81402
1.79697
1.7787
1.76036
1.74396
1.73127
1.71966
1.70621
1.68712
1.66596
1.64677
1.62956
1.61301
1.59678
1.5806
1.56431
1.54759
1.53025
1.5122
1.49621
1.48589
1.47739
1.46763
1.45389
1.43833
1.42206
1.4041
1.3865
1.36884
1.34983
1.32986
1.31016
1.29142
1.27523
1.26294
1.2541
1.24752
1.24363
1.23827
1.22985
1.21601
1.19199
1.16219
1.14259
1.13184
1.1232
1.11474
1.10597
1.09648
1.08503
1.07194
1.06032
1.04967
1.03796
1.0401
1.06457
1.13384
1.23507
1.33361
1.39776
1.84953
1.83567
1.82225
1.80964
1.7946
1.77667
1.75769
1.73789
1.71908
1.7057
1.69399
1.6823
1.66707
1.64853
1.62948
1.60981
1.5906
1.57342
1.55798
1.54301
1.52756
1.51087
1.49363
1.48019
1.47029
1.4606
1.4515
1.43979
1.42165
1.39811
1.37444
1.35456
1.33809
1.32256
1.30631
1.28972
1.27543
1.26614
1.25974
1.25511
1.24817
1.23886
1.22656
1.21056
1.18685
1.15785
1.13652
1.12449
1.11453
1.10459
1.09544
1.08684
1.07966
1.07451
1.07367
1.06969
1.07898
1.12476
1.20572
1.30622
1.38139
1.42009
1.43171
1.85069
1.83672
1.81963
1.80213
1.78789
1.7732
1.75581
1.7357
1.71396
1.69458
1.68103
1.66942
1.65951
1.64772
1.63084
1.60913
1.58737
1.56889
1.55316
1.53945
1.52664
1.51131
1.49241
1.47516
1.46288
1.45285
1.44235
1.43055
1.41576
1.39359
1.36738
1.34493
1.32806
1.31592
1.30602
1.29598
1.28647
1.27716
1.26681
1.25515
1.24288
1.23058
1.2176
1.20211
1.18132
1.1563
1.13431
1.11846
1.10763
1.09916
1.09292
1.08725
1.08564
1.08779
1.10372
1.14252
1.22131
1.30572
1.36486
1.42165
1.44457
1.44405
1.43377
1.85202
1.83922
1.81838
1.7961
1.78034
1.76606
1.75099
1.73299
1.71142
1.68966
1.67149
1.65751
1.64583
1.63498
1.62386
1.60828
1.58725
1.56904
1.55297
1.53638
1.51923
1.50362
1.48873
1.47307
1.45742
1.44413
1.43275
1.42083
1.40609
1.38667
1.36443
1.34518
1.32866
1.31313
1.30209
1.29428
1.28545
1.27395
1.26124
1.24868
1.23609
1.22304
1.2088
1.19302
1.17587
1.15632
1.13495
1.11621
1.10463
1.09844
1.09501
1.09639
1.10793
1.14722
1.22068
1.31448
1.40651
1.43819
1.44546
1.45213
1.45146
1.44325
1.43252
1.84542
1.83402
1.81304
1.79062
1.77536
1.75981
1.74288
1.72679
1.70812
1.68664
1.66696
1.64974
1.63477
1.6214
1.60903
1.59768
1.58525
1.57015
1.55389
1.53546
1.51538
1.49691
1.48229
1.46884
1.45389
1.4377
1.42221
1.40834
1.39473
1.37966
1.36479
1.35072
1.33506
1.31927
1.30567
1.2919
1.27866
1.26639
1.25473
1.24333
1.23157
1.21852
1.20297
1.18502
1.16604
1.14847
1.13219
1.11789
1.11069
1.10971
1.11335
1.13557
1.20179
1.30388
1.39896
1.46615
1.47147
1.47123
1.46793
1.46192
1.45313
1.44233
1.43727
1.82788
1.81511
1.79782
1.78572
1.77363
1.75783
1.73887
1.7172
1.69814
1.68036
1.66243
1.6449
1.62716
1.61037
1.59643
1.5851
1.57639
1.56734
1.55429
1.53604
1.51449
1.49305
1.47487
1.45964
1.44545
1.42905
1.41119
1.39633
1.38535
1.37733
1.37064
1.361
1.3462
1.32406
1.29683
1.27991
1.26865
1.25806
1.24746
1.23643
1.22433
1.21122
1.19657
1.18053
1.16366
1.1492
1.1343
1.12925
1.12854
1.14396
1.19366
1.28088
1.39429
1.45928
1.50059
1.51413
1.50925
1.49707
1.48439
1.47064
1.45716
1.45074
1.4502
)
;

boundaryField
{
    inlet
    {
        type            calculated;
        value           nonuniform 0();
    }
    outlet
    {
        type            calculated;
        value           nonuniform List<scalar> 
16
(
0.92568
0.935148
0.942306
0.944796
0.949499
0.960313
0.982396
1.02903
1.14213
1.303
1.39794
1.43191
1.43419
1.43274
1.43675
1.44948
)
;
    }
    bottom
    {
        type            symmetryPlane;
    }
    top
    {
        type            symmetryPlane;
    }
    obstacle
    {
        type            calculated;
        value           nonuniform List<scalar> 
63
(
1.74642
1.73357
1.72638
1.7241
1.71291
1.69709
1.67968
1.66158
1.64456
1.62818
1.61164
1.59441
1.57772
1.56336
1.55034
1.5381
1.52508
1.51103
1.49416
1.47372
1.45337
1.43695
1.42335
1.41051
1.39755
1.38444
1.37246
1.36182
1.35226
1.34257
1.33211
1.31654
1.2923
1.26872
1.25286
1.24166
1.23201
1.22257
1.21283
1.20236
1.19085
1.17852
1.16591
1.15325
1.14046
1.12787
1.11653
1.10683
1.09823
1.08985
1.08041
1.06827
1.05089
1.03231
1.02017
1.01202
1.00554
1.00053
0.997646
0.992545
0.982164
0.95946
0.924771
)
;
    }
    defaultFaces
    {
        type            empty;
    }
    procBoundary1to0
    {
        type            processor;
        value           nonuniform List<scalar> 
14
(
1.76096
1.77836
1.80589
1.84329
1.87808
1.89706
1.89854
1.89154
1.88243
1.87391
1.86738
1.86338
1.86096
1.8569
)
;
    }
    procBoundary1to2
    {
        type            processor;
        value           nonuniform List<scalar> 2(1.84689 1.83171);
    }
    procBoundary1to3
    {
        type            processor;
        value           nonuniform List<scalar> 
63
(
1.79723
1.78898
1.78264
1.78045
1.77374
1.75772
1.73637
1.70944
1.6881
1.67092
1.65499
1.63846
1.61906
1.60039
1.58565
1.57309
1.56289
1.55373
1.54442
1.53287
1.51364
1.4906
1.47034
1.45218
1.43434
1.41788
1.40357
1.39236
1.38304
1.37413
1.36406
1.35314
1.3408
1.321
1.2919
1.26913
1.25845
1.24875
1.23853
1.22751
1.21485
1.20125
1.18856
1.17677
1.16586
1.15994
1.15588
1.16183
1.19434
1.27369
1.37734
1.45993
1.5248
1.53426
1.53108
1.52663
1.51819
1.50445
1.48702
1.46849
1.45892
1.45871
1.46112
)
;
    }
}


// ************************************************************************* //
