/*--------------------------------*- C++ -*----------------------------------*\
  =========                 |
  \\      /  F ield         | OpenFOAM: The Open Source CFD Toolbox
   \\    /   O peration     | Website:  https://openfoam.org
    \\  /    A nd           | Version:  7
     \\/     M anipulation  |
\*---------------------------------------------------------------------------*/
FoamFile
{
    version     2.0;
    format      ascii;
    class       volScalarField;
    location    "0.5";
    object      T;
}
// * * * * * * * * * * * * * * * * * * * * * * * * * * * * * * * * * * * * * //

dimensions      [0 0 0 1 0 0 0];

internalField   nonuniform List<scalar> 
18432
(
1
1
1
1
1
1
1
1
1
1
1
1
1
1
1
1
1
1
1
1
1
1
1
1
1
1
1
1
1
1
1
1
1
1
1
1
1
1
1
1
1
1
1
1
1
1
1
1
1
1
1
1
1
1
1
1.12156
1.69545
1.85994
1.87104
1.8771
1.88353
1.88799
1.88953
1.88877
1.88729
1.88871
1.89563
1.90537
1.91536
1.92501
1.93279
1.93651
1.93752
1.93861
1.94487
1.95739
1.97256
1.98782
2.00115
2.01121
2.02029
2.03253
2.05405
2.08378
2.11432
2.13854
2.15193
2.15475
2.15337
2.15569
2.16472
2.17766
2.18928
2.19423
2.19242
2.18875
1
1
1
1
1
1
1
1
1
1
1
1
1
1
1
1
1
1
1
1
1
1
1
1
1
1
1
1
1
1
1
1
1
1
1
1
1
1
1
1
1
1
1
1
1
1
1
1
1
1
1
1
1
1
1
1.11648
1.6921
1.85983
1.87122
1.87723
1.88361
1.88786
1.88927
1.88847
1.88711
1.88869
1.89586
1.90565
1.91559
1.92512
1.93272
1.93633
1.93729
1.93844
1.94487
1.95755
1.97276
1.98794
2.00108
2.01101
2.02003
2.03241
2.05421
2.08415
2.11469
2.13873
2.15186
2.15446
2.15305
2.15545
2.16454
2.17747
2.18908
2.19403
2.19218
2.18863
1
1
1
1
1
1
1
1
1
1
1
1
1
1
1
1
1
1
1
1
1
1
1
1
1
1
1
1
1
1
1
1
1
1
1
1
1
1
1
1
1
1
1
1
1
1
1
1
1
1
1
1
1
1
1
1.10557
1.68496
1.86009
1.87136
1.8772
1.88346
1.88747
1.88873
1.88785
1.88667
1.88853
1.89612
1.90593
1.91582
1.92518
1.93251
1.93593
1.9368
1.93804
1.94473
1.95765
1.97288
1.98796
2.00081
2.01061
2.01956
2.0322
2.05444
2.08471
2.11526
2.13901
2.15173
2.15395
2.15247
2.15505
2.16428
2.17724
2.18888
2.1938
2.19183
2.18842
1
1
1
1
1
1
1
1
1
1
1
1
1
1
1
1
1
1
1
1
1
1
1
1
1
1
1
1
1
1
1
1
1
1
1
1
1
1
1
1
1
1
1
1
1
1
1
1
1
1
1
1
1
1
1
1.08983
1.67437
1.86095
1.87165
1.87719
1.88322
1.88691
1.88793
1.88695
1.88597
1.88831
1.89648
1.90628
1.91604
1.92515
1.93207
1.93523
1.93597
1.93737
1.94444
1.95767
1.97286
1.98774
2.00015
2.00974
2.01857
2.03153
2.05432
2.08496
2.11556
2.13903
2.15129
2.15309
2.15161
2.15448
2.16391
2.1769
2.18856
2.19342
2.19132
2.18812
1
1
1
1
1
1
1
1
1
1
1
1
1
1
1
1
1
1
1
1
1
1
1
1
1
1
1
1
1
1
1
1
1
1
1
1
1
1
1
1
1
1
1
1
1
1
1
1
1
1
1
1
1
1
1
1.07023
1.66044
1.86224
1.87198
1.87708
1.88286
1.88614
1.88688
1.88573
1.88498
1.88814
1.89695
1.90667
1.91624
1.92502
1.93139
1.93422
1.93476
1.93639
1.94402
1.95762
1.97268
1.98721
1.99908
2.00837
2.01696
2.03023
2.05373
2.08475
2.11536
2.1386
2.15044
2.1519
2.15052
2.15383
2.16351
2.17652
2.18816
2.19289
2.1906
2.18767
1
1
1
1
1
1
1
1
1
1
1
1
1
1
1
1
1
1
1
1
1
1
1
1
1
1
1
1
1
1
1
1
1
1
1
1
1
1
1
1
1
1
1
1
1
1
1
1
1
1
1
1
1
1
1
1.04813
1.64304
1.86397
1.87213
1.87681
1.88236
1.88512
1.88551
1.8842
1.88383
1.8883
1.89753
1.90709
1.9164
1.92476
1.93045
1.9329
1.93322
1.93518
1.94363
1.95753
1.97232
1.98635
1.99763
2.00652
2.01474
2.02829
2.05252
2.0839
2.11451
2.13755
2.14907
2.15033
2.14918
2.15311
2.16308
2.17606
2.18762
2.19215
2.18965
2.18708
1
1
1
1
1
1
1
1
1
1
1
1
1
1
1
1
1
1
1
1
1
1
1
1
1
1
1
1
1
1
1
1
1
1
1
1
1
1
1
1
1
1
1
1
1
1
1
1
1
1
1
1
1
1
1
1.02559
1.62245
1.86554
1.87207
1.87634
1.88156
1.88375
1.88379
1.88238
1.88276
1.88886
1.89819
1.90751
1.91645
1.9243
1.92925
1.93126
1.93138
1.93384
1.94339
1.95741
1.97181
1.98522
1.99592
2.00427
2.012
2.02584
2.05072
2.08232
2.11293
2.13583
2.1471
2.1483
2.14762
2.15234
2.16262
2.17551
2.18693
2.19121
2.18851
2.18641
1
1
1
1
1
1
1
1
1
1
1
1
1
1
1
1
1
1
1
1
1
1
1
1
1
1
1
1
1
1
1
1
1
1
1
1
1
1
1
1
1
1
1
1
1
1
1
1
1
1
1
1
1
1
1
1.00659
1.59868
1.86632
1.8718
1.87564
1.88031
1.88193
1.88162
1.88039
1.88213
1.8897
1.8989
1.90787
1.91636
1.92357
1.92777
1.92925
1.92929
1.93258
1.94334
1.95727
1.97119
1.9839
1.994
2.00168
2.00888
2.02311
2.0486
2.08026
2.11076
2.13348
2.1445
2.14581
2.14589
2.15156
2.16208
2.1748
2.18601
2.19004
2.18716
2.18569
1
1
1
1
1
1
1
1
1
1
1
1
1
1
1
1
1
1
1
1
1
1
1
1
1
1
1
1
1
1
1
1
1
1
1
1
1
1
1
1
1
1
1
1
1
1
1
1
1
1
1
1
1
1
1
1.00002
1.57155
1.86589
1.87139
1.87447
1.87846
1.87961
1.87903
1.87841
1.88222
1.89065
1.89958
1.90814
1.91606
1.92251
1.92597
1.92684
1.92701
1.93163
1.94344
1.95711
1.97047
1.98242
1.99189
1.99878
2.00552
2.02036
2.04639
2.07789
2.10812
2.13053
2.14132
2.1429
2.14397
2.1507
2.16144
2.17389
2.18482
2.18859
2.18564
2.18495
1
1
1
1
1
1
1
1
1
1
1
1
1
1
1
1
1
1
1
1
1
1
1
1
1
1
1
1
1
1
1
1
1
1
1
1
1
1
1
1
1
1
1
1
1
1
1
1
1
1
1
1
1
1
1
1
1.53949
1.86373
1.8708
1.87264
1.87603
1.87681
1.87612
1.87687
1.88297
1.89159
1.90016
1.90825
1.91553
1.92104
1.92378
1.92404
1.92464
1.93111
1.94363
1.9569
1.96966
1.9808
1.98957
1.99558
2.0021
2.01783
2.04422
2.0753
2.1051
2.1271
2.13759
2.13965
2.14195
2.14979
2.16067
2.17275
2.1833
2.18686
2.18396
2.18416
1
1
1
1
1
1
1
1
1
1
1
1
1
1
1
1
1
1
1
1
1
1
1
1
1
1
1
1
1
1
1
1
1
1
1
1
1
1
1
1
1
1
1
1
1
1
1
1
1
1
1
1
1
1
1
1
1.50173
1.85878
1.86975
1.8701
1.87315
1.87353
1.87318
1.87634
1.88389
1.89242
1.90058
1.90813
1.91469
1.91911
1.92108
1.92089
1.92242
1.93105
1.94377
1.9566
1.96867
1.979
1.98697
1.99209
1.99878
2.01562
2.04207
2.07249
2.10171
2.12321
2.13336
2.1361
2.13983
2.1488
2.1598
2.17136
2.18146
2.18481
2.1822
2.18338
1
1
1
1
1
1
1
1
1
1
1
1
1
1
1
1
1
1
1
1
1
1
1
1
1
1
1
1
1
1
1
1
1
1
1
1
1
1
1
1
1
1
1
1
1
1
1
1
1
1
1
1
1
1
1
1
1.45813
1.84897
1.86783
1.86715
1.8697
1.86986
1.87101
1.87673
1.8848
1.89309
1.90079
1.90767
1.91336
1.91673
1.91777
1.91748
1.92071
1.93122
1.94381
1.9561
1.96742
1.97695
1.98397
1.98833
1.99574
2.01373
2.03992
2.06947
2.09793
2.11886
2.12867
2.13232
2.13771
2.14775
2.15883
2.16979
2.1793
2.18244
2.18034
2.18254
1
1
1
1
1
1
1
1
1
1
1
1
1
1
1
1
1
1
1
1
1
1
1
1
1
1
1
1
1
1
1
1
1
1
1
1
1
1
1
1
1
1
1
1
1
1
1
1
1
1
1
1
1
1
1
1
1.40701
1.83225
1.86521
1.86372
1.8657
1.86644
1.87033
1.87743
1.88561
1.89353
1.90069
1.9068
1.9114
1.91379
1.91389
1.91407
1.91982
1.93139
1.94364
1.95529
1.96579
1.97449
1.98046
1.98433
1.99307
2.01209
2.03769
2.0662
2.0937
2.11396
2.12348
2.12835
2.13562
2.14664
2.15776
2.1681
2.17683
2.1798
2.17848
2.1817
1
1
1
1
1
1
1
1
1
1
1
1
1
1
1
1
1
1
1
1
1
1
1
1
1
1
1
1
1
1
1
1
1
1
1
1
1
1
1
1
1
1
1
1
1
1
1
1
1
1
1
1
1
1
1
1
1.34554
1.80757
1.86163
1.85978
1.86171
1.86459
1.87048
1.87813
1.88623
1.89368
1.90012
1.90542
1.90879
1.91011
1.90964
1.91118
1.91968
1.93143
1.94317
1.95412
1.9637
1.97148
1.97629
1.98016
1.99079
2.01054
2.03532
2.06268
2.08897
2.10841
2.11782
2.12421
2.13359
2.14545
2.15657
2.16629
2.17399
2.17687
2.17665
2.18085
1
1
1
1
1
1
1
1
1
1
1
1
1
1
1
1
1
1
1
1
1
1
1
1
1
1
1
1
1
1
1
1
1
1
1
1
1
1
1
1
1
1
1
1
1
1
1
1
1
1
1
1
1
1
1
1
1.27268
1.77333
1.85674
1.85619
1.85911
1.86442
1.87088
1.87872
1.88652
1.89342
1.89904
1.90331
1.90552
1.90568
1.90539
1.9095
1.9198
1.93128
1.94237
1.95255
1.96117
1.96782
1.97143
1.97598
1.98884
2.00891
2.03271
2.05883
2.08368
2.10213
2.11159
2.11978
2.13145
2.14413
2.1552
2.16433
2.17078
2.1737
2.1749
2.18007
1
1
1
1
1
1
1
1
1
1
1
1
1
1
1
1
1
1
1
1
1
1
1
1
1
1
1
1
1
1
1
1
1
1
1
1
1
1
1
1
1
1
1
1
1
1
1
1
1
1
1
1
1
1
1
1
1.18946
1.72826
1.85155
1.85414
1.85883
1.86455
1.87123
1.87903
1.88641
1.89254
1.89737
1.90036
1.90137
1.9008
1.90188
1.90911
1.91983
1.93083
1.94123
1.95061
1.95823
1.96344
1.96602
1.97217
1.98709
2.00702
2.02978
2.05459
2.07786
2.09514
2.10486
2.11505
2.12912
2.14267
2.15365
2.16211
2.16709
2.17023
2.17318
2.17928
1
1
1
1
1
1
1
1
1
1
1
1
1
1
1
1
1
1
1
1
1
1
1
1
1
1
1
1
1
1
1
1
1
1
1
1
1
1
1
1
1
1
1
1
1
1
1
1
1
1
1
1
1
1
1
1
1.10173
1.67453
1.84865
1.85412
1.85889
1.86455
1.87141
1.87899
1.88573
1.89096
1.89472
1.89644
1.89638
1.89623
1.90009
1.9092
1.91963
1.92999
1.93971
1.94825
1.95479
1.9583
1.96048
1.9691
1.98544
2.00477
2.02641
2.04988
2.07149
2.0875
2.09769
2.10996
2.12639
2.14086
2.15177
2.15952
2.16292
2.16651
2.17152
2.17854
1
1
1
1
1
1
1
1
1
1
1
1
1
1
1
1
1
1
1
1
1
1
1
1
1
1
1
1
1
1
1
1
1
1
1
1
1
1
1
1
1
1
1
1
1
1
1
1
1
1
1
1
1
1
1
1
1.02681
1.61753
1.85031
1.85454
1.8582
1.86427
1.87139
1.87852
1.88425
1.88846
1.89077
1.89146
1.89129
1.89315
1.89994
1.90925
1.91906
1.9287
1.93772
1.94534
1.9506
1.95244
1.95548
1.96694
1.98369
2.00203
2.02255
2.04462
2.06453
2.07935
2.09038
2.1047
2.12309
2.1385
2.14939
2.15645
2.15835
2.16253
2.16974
2.17757
1
1
1
1
1
1
1
1
1
1
1
1
1
1
1
1
1
1
1
1
1
1
1
1
1
1
1
1
1
1
1
1
1
1
1
1
1
1
1
1
1
1
1
1
1
1
1
1
1
1
1
1
1
1
1
1
1.00034
1.55839
1.85001
1.85368
1.85715
1.86388
1.87097
1.87723
1.88172
1.88436
1.88563
1.88609
1.88742
1.89228
1.90016
1.90906
1.91816
1.92701
1.9352
1.94171
1.94528
1.94617
1.95165
1.9654
1.98169
1.99877
2.01816
2.03877
2.05691
2.07081
2.08324
2.09939
2.11896
2.13522
2.14616
2.15265
2.15354
2.15854
2.16781
2.17628
1
1
1
1
1
1
1
1
1
1
1
1
1
1
1
1
1
1
1
1
1
1
1
1
1
1
1
1
1
1
1
1
1
1
1
1
1
1
1
1
1
1
1
1
1
1
1
1
1
1
1
1
1
1
1
1
1
1.48615
1.8402
1.85185
1.85625
1.86338
1.86966
1.87443
1.87738
1.87905
1.88013
1.88163
1.88551
1.89218
1.90011
1.90855
1.917
1.92506
1.93215
1.93722
1.93863
1.94011
1.94918
1.96388
1.97929
1.99513
2.01327
2.03218
2.0485
2.06203
2.07642
2.09409
2.11412
2.131
2.14192
2.14793
2.14856
2.15462
2.1655
2.17438
1
1
1
1
1
1
1
1
1
1
1
1
1
1
1
1
1
1
1
1
1
1
1
1
1
1
1
1
1
1
1
1
1
1
1
1
1
1
1
1
1
1
1
1
1
1
1
1
1
1
1
1
1
1
1
1
1
1.39387
1.81487
1.85041
1.85529
1.86169
1.86632
1.86947
1.87175
1.87359
1.87559
1.87904
1.88474
1.89175
1.89951
1.90764
1.91558
1.9228
1.92853
1.93144
1.93124
1.93523
1.94752
1.96201
1.97644
1.99117
2.00781
2.02463
2.03917
2.05315
2.06983
2.08866
2.10857
2.12574
2.13659
2.14213
2.1433
2.15067
2.16279
2.17191
1
1
1
1
1
1
1
1
1
1
1
1
1
1
1
1
1
1
1
1
1
1
1
1
1
1
1
1
1
1
1
1
1
1
1
1
1
1
1
1
1
1
1
1
1
1
1
1
1
1
1
1
1
1
1
1
1
1.28003
1.76979
1.84873
1.85318
1.85768
1.86078
1.86339
1.86626
1.86927
1.87301
1.87808
1.88397
1.89064
1.89816
1.90612
1.91369
1.91993
1.924
1.92431
1.92435
1.93228
1.94583
1.95966
1.97315
1.98689
2.00178
2.01606
2.02903
2.04452
2.06334
2.08287
2.10255
2.11963
2.13027
2.1353
2.13759
2.14636
2.15942
2.1687
1
1
1
1
1
1
1
1
1
1
1
1
1
1
1
1
1
1
1
1
1
1
1
1
1
1
1
1
1
1
1
1
1
1
1
1
1
1
1
1
1
1
1
1
1
1
1
1
1
1
1
1
1
1
1
1
1
1.15231
1.70223
1.84493
1.84993
1.85223
1.85447
1.85802
1.86226
1.86693
1.87207
1.8773
1.88266
1.88875
1.89603
1.90377
1.9109
1.91596
1.91788
1.91671
1.91948
1.93041
1.9436
1.95662
1.96936
1.98214
1.99514
2.00658
2.01861
2.03637
2.05675
2.07633
2.09555
2.11246
2.12283
2.12757
2.13132
2.14145
2.15531
2.16479
1
1
1
1
1
1
1
1
1
1
1
1
1
1
1
1
1
1
1
1
1
1
1
1
1
1
1
1
1
1
1
1
1
1
1
1
1
1
1
1
1
1
1
1
1
1
1
1
1
1
1
1
1
1
1
1
1
1.03458
1.61997
1.84431
1.84587
1.84664
1.84979
1.85476
1.86045
1.86612
1.87132
1.87606
1.88068
1.88648
1.89353
1.90071
1.90683
1.91037
1.91022
1.91013
1.91699
1.92864
1.94059
1.95263
1.96475
1.97664
1.98765
1.99653
2.009
2.02888
2.04963
2.06855
2.08732
2.10425
2.11456
2.11928
2.12465
2.13578
2.15
2.15949
1
1
1
1
1
1
1
1
1
1
1
1
1
1
1
1
1
1
1
1
1
1
1
1
1
1
1
1
1
1
1
1
1
1
1
1
1
1
1
1
1
1
1
1
1
1
1
1
1
1
1
1
1
1
1
1
1
1.00053
1.53282
1.83991
1.84113
1.84364
1.84841
1.85389
1.85981
1.86521
1.8698
1.87371
1.87828
1.88438
1.89105
1.89719
1.90146
1.90254
1.90199
1.90606
1.91587
1.92655
1.93707
1.94793
1.95909
1.96979
1.97863
1.98628
2.00095
2.02212
2.04192
2.05956
2.07736
2.09413
2.10475
2.11025
2.11765
2.12945
2.14358
2.15281
1
1
1
1
1
1
1
1
1
1
1
1
1
1
1
1
1
1
1
1
1
1
1
1
1
1
1
1
1
1
1
1
1
1
1
1
1
1
1
1
1
1
1
1
1
1
1
1
1
1
1
1
1
1
1
1
1
1
1.43198
1.82214
1.83865
1.84331
1.84873
1.8539
1.85913
1.8636
1.86684
1.87044
1.87576
1.88217
1.88817
1.89253
1.89413
1.89348
1.89571
1.90446
1.9147
1.92425
1.93338
1.94272
1.95245
1.96132
1.96793
1.97667
1.99432
2.01576
2.03417
2.04989
2.06598
2.08216
2.09348
2.10089
2.11058
2.12239
2.13546
2.14353
1
1
1
1
1
1
1
1
1
1
1
1
1
1
1
1
1
1
1
1
1
1
1
1
1
1
1
1
1
1
1
1
1
1
1
1
1
1
1
1
1
1
1
1
1
1
1
1
1
1
1
1
1
1
1
1
1
1
1.30576
1.78017
1.83689
1.84425
1.84968
1.85379
1.85774
1.86055
1.86267
1.86683
1.87293
1.87914
1.88401
1.88634
1.88557
1.88557
1.89264
1.90318
1.91299
1.92169
1.92964
1.93745
1.94498
1.95109
1.95623
1.96819
1.98807
2.00912
2.02626
2.03982
2.05335
2.06781
2.07964
2.09015
2.10255
2.11432
2.126
2.13221
1
1
1
1
1
1
1
1
1
1
1
1
1
1
1
1
1
1
1
1
1
1
1
1
1
1
1
1
1
1
1
1
1
1
1
1
1
1
1
1
1
1
1
1
1
1
1
1
1
1
1
1
1
1
1
1
1
1
1.15482
1.70404
1.8318
1.84431
1.8494
1.85352
1.85551
1.85637
1.85894
1.86369
1.86939
1.87477
1.87843
1.87887
1.87763
1.88123
1.89098
1.90124
1.9105
1.91878
1.92601
1.9321
1.9366
1.93931
1.94523
1.96073
1.98131
2.00178
2.01799
2.02942
2.03981
2.05163
2.0638
2.0784
2.09362
2.10481
2.11423
2.11712
1
1
1
1
1
1
1
1
1
1
1
1
1
1
1
1
1
1
1
1
1
1
1
1
1
1
1
1
1
1
1
1
1
1
1
1
1
1
1
1
1
1
1
1
1
1
1
1
1
1
1
1
1
1
1
1
1
1
1.01567
1.59981
1.82992
1.84117
1.84693
1.84996
1.85071
1.85251
1.85605
1.86043
1.86513
1.86916
1.87137
1.87116
1.87254
1.87973
1.88907
1.89814
1.9068
1.91491
1.92147
1.92557
1.92637
1.9273
1.93648
1.95359
1.97346
1.99332
2.00901
2.01841
2.02514
2.0332
2.04532
2.06384
2.08135
2.09181
2.09929
2.09936
1
1
1
1
1
1
1
1
1
1
1
1
1
1
1
1
1
1
1
1
1
1
1
1
1
1
1
1
1
1
1
1
1
1
1
1
1
1
1
1
1
1
1
1
1
1
1
1
1
1
1
1
1
1
1
1
1
1
1.00019
1.46811
1.81597
1.83753
1.84466
1.84674
1.84826
1.85077
1.85383
1.85719
1.86033
1.86268
1.86374
1.86517
1.87063
1.87857
1.88642
1.89417
1.90211
1.90962
1.91506
1.91685
1.91497
1.91766
1.92994
1.94643
1.9648
1.98377
1.99887
2.00634
2.00923
2.01334
2.02584
2.04785
2.06685
2.07519
2.07825
2.07301
1
1
1
1
1
1
1
1
1
1
1
1
1
1
1
1
1
1
1
1
1
1
1
1
1
1
1
1
1
1
1
1
1
1
1
1
1
1
1
1
1
1
1
1
1
1
1
1
1
1
1
1
1
1
1
1
1
1
1
1.29739
1.77171
1.84372
1.84399
1.84487
1.8478
1.85059
1.85251
1.85443
1.85606
1.85701
1.85819
1.86245
1.86955
1.87691
1.88371
1.89057
1.89771
1.90373
1.90682
1.90596
1.90411
1.91051
1.92397
1.93896
1.95558
1.97345
1.98777
1.99299
1.99181
1.99301
2.00574
2.02782
2.04468
2.04976
2.04787
2.03683
1
1
1
1
1
1
1
1
1
1
1
1
1
1
1
1
1
1
1
1
1
1
1
1
1
1
1
1
1
1
1
1
1
1
1
1
1
1
1
1
1
1
1
1
1
1
1
1
1
1
1
1
1
1
1
1
1
1
1
1.09574
1.68739
1.862
1.85041
1.84658
1.84888
1.85105
1.85197
1.8528
1.85324
1.85381
1.85678
1.86241
1.86886
1.87501
1.88067
1.88602
1.89128
1.89549
1.8967
1.89473
1.89578
1.90465
1.91787
1.93193
1.94685
1.96223
1.97408
1.97706
1.97343
1.97393
1.98547
2.00561
2.02156
2.02585
2.02333
2.02565
1
1
1
1
1
1
1
1
1
1
1
1
1
1
1
1
1
1
1
1
1
1
1
1
1
1
1
1
1
1
1
1
1
1
1
1
1
1
1
1
1
1
1
1
1
1
1
1
1
1
1
1
1
1
1
1
1
1
1
1.0025
1.33624
1.78018
1.8414
1.85042
1.8515
1.85282
1.85321
1.85285
1.85188
1.85126
1.85217
1.85513
1.8591
1.86308
1.86672
1.86973
1.87201
1.87342
1.87408
1.87635
1.88144
1.88847
1.89737
1.90735
1.91687
1.92483
1.9296
1.9309
1.9323
1.93516
1.93852
1.94164
1.93972
1.92459
1.88254
1.78761
1
1
1
1
1
1
1
1
1
1
1
1
1
1
1
1
1
1
1
1
1
1
1
1
1
1
1
1
1
1
1
1
1
1
1
1
1
1
1
1
1
1
1
1
1
1
1
1
1
1
1
1
1
1
1
1
1
1
1
1
1.00723
1.28652
1.73419
1.82128
1.83686
1.83857
1.84153
1.84279
1.84325
1.8409
1.83755
1.83736
1.8395
1.843
1.84585
1.84765
1.84807
1.84751
1.84726
1.84896
1.85218
1.85531
1.85801
1.86016
1.86125
1.86089
1.86067
1.86284
1.86573
1.86611
1.86185
1.84751
1.82241
1.78472
1.73002
1.63764
1
1
1
1
1
1
1
1
1
1
1
1
1
1
1
1
1
1
1
1
1
1
1
1
1
1
1
1
1
1
1
1
1
1
1
1
1
1
1
1
1
1
1
1
1
1
1
1
1
1
1
1
1
1
1
1
1
1
1
1
1.00001
1.00599
1.16981
1.62698
1.79042
1.81523
1.82199
1.82301
1.82594
1.82603
1.82336
1.82159
1.8227
1.82572
1.82933
1.83126
1.83152
1.82987
1.82623
1.82434
1.82396
1.82384
1.82302
1.82039
1.8159
1.8115
1.80905
1.80723
1.80531
1.80175
1.79259
1.77429
1.74801
1.71353
1.66573
1.61191
1
1
1
1
1
1
1
1
1
1
1
1
1
1
1
1
1
1
1
1
1
1
1
1
1
1
1
1
1
1
1
1
1
1
1
1
1
1
1
1
1
1
1
1
1
1
1
1
1
1
1
1
1
1
1
1
1
1
1
1
1
1.00001
1.00201
1.0965
1.45092
1.73999
1.78687
1.805
1.80224
1.80589
1.80425
1.80124
1.80205
1.80502
1.8091
1.81131
1.81132
1.80877
1.80331
1.79962
1.79764
1.79674
1.7956
1.79142
1.78444
1.77721
1.77057
1.76394
1.7568
1.74853
1.73712
1.72152
1.70096
1.67404
1.64329
1.61366
1
1
1
1
1
1
1
1
1
1
1
1
1
1
1
1
1
1
1
1
1
1
1
1
1
1
1
1
1
1
1
1
1
1
1
1
1
1
1
1
1
1
1
1
1
1
1
1
1
1
1
1
1
1
1
1
1
1
1
1
1
1
1
1.0007
1.03062
1.21739
1.58677
1.7454
1.77883
1.78362
1.77712
1.77477
1.77591
1.77892
1.78435
1.7872
1.78703
1.78366
1.77732
1.77393
1.77213
1.77201
1.77191
1.76793
1.76017
1.75144
1.7425
1.73344
1.7245
1.71572
1.70499
1.69046
1.67279
1.65315
1.6334
1.61378
1
1
1
1
1
1
1
1
1
1
1
1
1
1
1
1
1
1
1
1
1
1
1
1
1
1
1
1
1
1
1
1
1
1
1
1
1
1
1
1
1
1
1
1
1
1
1
1
1
1
1
1
1
1
1
1
1
1
1
1
1
1
1
1
1.00009
1.0045
1.08597
1.31784
1.62974
1.73598
1.75358
1.75131
1.75005
1.75034
1.75634
1.75918
1.75927
1.75631
1.74955
1.74616
1.74445
1.74484
1.7454
1.74229
1.73593
1.72743
1.71855
1.70942
1.70044
1.69283
1.68395
1.67074
1.65524
1.6391
1.62306
1.60868
1
1
1
1
1
1
1
1
1
1
1
1
1
1
1
1
1
1
1
1
1
1
1
1
1
1
1
1
1
1
1
1
1
1
1
1
1
1
1
1
1
1
1
1
1
1
1
1
1
1
1
1
1
1
1
1
1
1
1
1
1
1
1
1
1
1
1.0006
1.01168
1.12854
1.3518
1.61539
1.70711
1.71831
1.72715
1.73433
1.73079
1.72997
1.72806
1.72215
1.71765
1.71574
1.71567
1.71636
1.71416
1.70889
1.70119
1.69236
1.68435
1.67655
1.67002
1.66287
1.6522
1.63967
1.62586
1.61246
1.60145
1
1
1
1
1
1
1
1
1
1
1
1
1
1
1
1
1
1
1
1
1
1
1
1
1
1
1
1
1
1
1
1
1
1
1
1
1
1
1
1
1
1
1
1
1
1
1
1
1
1
1
1
1
1
1
1
1
1
1
1
1
1
1
1
1
1
1
1.00002
1.00138
1.01683
1.13536
1.33292
1.55989
1.66788
1.69094
1.7075
1.71037
1.7064
1.69874
1.69176
1.68897
1.68742
1.68745
1.6856
1.68109
1.67408
1.66539
1.65855
1.65255
1.64798
1.64354
1.63593
1.62582
1.61352
1.6017
1.59256
1
1
1
1
1
1
1
1
1
1
1
1
1
1
1
1
1
1
1
1
1
1
1
1
1
1
1
1
1
1
1
1
1
1
1
1
1
1
1
1
1
1
1
1
1
1
1
1
1
1
1
1
1
1
1
1
1
1
1
1
1
1
1
1
1
1
1
1
1
1.00004
1.00162
1.01606
1.10539
1.27849
1.47149
1.61176
1.6573
1.67756
1.67853
1.67544
1.67136
1.66625
1.66266
1.66099
1.65692
1.65053
1.64187
1.63482
1.62984
1.62646
1.62356
1.61798
1.60978
1.59885
1.58855
1.58107
1
1
1
1
1
1
1
1
1
1
1
1
1
1
1
1
1
1
1
1
1
1
1
1
1
1
1
1
1
1
1
1
1
1
1
1
1
1
1
1
1
1
1
1
1
1
1
1
1
1
1
1
1
1
1
1
1
1
1
1
1
1
1
1
1
1
1
1
1
1
1
1.00004
1.00105
1.01031
1.06219
1.19546
1.36657
1.51828
1.59943
1.63698
1.6491
1.64465
1.64376
1.64181
1.63898
1.63376
1.62677
1.61817
1.61101
1.60611
1.60259
1.59779
1.59079
1.58144
1.57282
1.56693
1
1
1
1
1
1
1
1
1
1
1
1
1
1
1
1
1
1
1
1
1
1
1
1
1
1
1
1
1
1
1
1
1
1
1
1
1
1
1
1
1
1
1
1
1
1
1
1
1
1
1
1
1
1
1
1
1
1
1
1
1
1
1
1
1
1
1
1
1
1
1
1
1
1.00002
1.00044
1.00452
1.02857
1.106
1.24671
1.38794
1.51301
1.5774
1.59781
1.61103
1.61901
1.61709
1.61334
1.60645
1.59948
1.59416
1.58968
1.58351
1.5753
1.56535
1.55747
1.55198
1
1
1
1
1
1
1
1
1
1
1
1
1
1
1
1
1
1
1
1
1
1
1
1
1
1
1
1
1
1
1
1
1
1
1
1
1
1
1
1
1
1
1
1
1
1
1
1
1
1
1
1
1
1
1
1
1
1
1
1
1
1
1
1
1
1
1
1
1
1
1
1
1
1
1
1.00001
1.00013
1.00133
1.00953
1.04139
1.1274
1.24765
1.3757
1.46663
1.53087
1.57111
1.58218
1.57848
1.57916
1.57971
1.57906
1.57529
1.56858
1.55854
1.55052
1.54439
1
1
1
1
1
1
1
1
1
1
1
1
1
1
1
1
1
1
1
1
1
1
1
1
1
1
1
1
1
1
1
1
1
1
1
1
1
1
1
1
1
1
1
1
1
1
1
1
1
1
1
1
1
1
1
1
1
1
1
1
1
1
1
1
1
1
1
1
1
1
1
1
1
1
1
1
1
1
1.00002
1.00026
1.00219
1.01119
1.04318
1.11213
1.21504
1.32347
1.4252
1.47539
1.51147
1.53991
1.55164
1.55147
1.54802
1.54495
1.54205
1.53939
1
1
1
1
1
1
1
1
1
1
1
1
1
1
1
1
1
1
1
1
1
1
1
1
1
1
1
1
1
1
1
1
1
1
1
1
1
1
1
1
1
1
1
1
1
1
1
1
1
1
1
1
1
1
1
1
1
1
1
1
1
1
1
1
1
1
1
1
1
1
1
1
1
1
1
1
1
1
1
1
1
1.00003
1.00031
1.00196
1.00914
1.03119
1.08613
1.16099
1.2573
1.34502
1.40775
1.4653
1.48924
1.50051
1.50892
1.51794
1
1
1
1
1
1
1
1
1
1
1
1
1
1
1
1
1
1
1
1
1
1
1
1
1
1
1
1
1
1
1
1
1
1
1
1
1
1
1
1
1
1
1
1
1
1
1
1
1
1
1
1
1
1
1
1
1
1
1
1
1
1
1
1
1
1
1
1
1
1
1
1
1
1
1
1
1
1
1
1
1
1
1
1
1.00002
1.0002
1.00126
1.00521
1.01838
1.04916
1.10033
1.1808
1.25255
1.32489
1.38698
1.41966
1
1
1
1
1
1
1
1
1
1
1
1
1
1
1
1
1
1
1
1
1
1
1
1
1
1
1
1
1
1
1
1
1
1
1
1
1
1
1
1
1
1
1
1
1
1
1
1
1
1
1
1
1
1
1
1
1
1
1
1
1
1
1
1
1
1
1
1
1
1
1
1
1
1
1
1
1
1
1
1
1
1
1
1
1
1
1
1.00001
1.00009
1.0005
1.00209
1.00782
1.0216
1.0508
1.10024
1.15665
1
1
1
1
1
1
1
1
1
1
1
1
1
1
1
1
1
1
1
1
1
1
1
1
1
1
1
1
1
1
1
1
1
1
1
1
1
1
1
1
1
1
1
1
1
1
1
1
1
1
1
1
1
1
1
1
1
1
1
1
1
1
1
1
1
1
1
1
1
1
1
1
1
1
1
1
1
1
1
1
1
1
1
1
1
1
1
1
1
1
1
1.00002
1.00013
1.00061
1.00236
1.00686
1
1
1
1
1
1
1
1
1
1
1
1
1
1
1
1
1
1
1
1
1
1
1
1
1
1
1
1
1
1
1
1
1
1
1
1
1
1
1
1
1
1
1
1
1
1
1
1
1
1
1
1
1
1
1
1
1
1
1
1
1
1
1
1
1
1
1
1
1
1
1
1
1
1
1
1
1
1
1
1
1
1
1
1
1
1
1
1
1
1
1
1
1
1
1
1.00002
1
1
1
1
1
1
1
1
1
1
1
1
1
1
1
1
1
1
1
1
1
1
1
1
1
1
1
1
1
1
1
1
1
1
1
1
1
1
1
1
1
1
1
1
1
1
1
1
1
1
1
1
1
1
1
1
1
1
1
1
1
1
1
1
1
1
1
1
1
1
1
1
1
1
1
1
1
1
1
1
1
1
1
1
1
1
1
1
1
1
1
1
1
1
1
1
1
1
1
1
1
1
1
1
1
1
1
1
1
1
1
1
1
1
1
1
1
1
1
1
1
1
1
1
1
1
1
1
1
1
1
1
1
1
1
1
1
1
1
1
1
1
1
1
1
1
1
1
1
1
1
1
1
1
1
1
1
1
1
1
1
1
1
1
1
1
1
1
1
1
1
1
1
1
1
1
1
1
1
1
1
1
1
1
1
1
1
1
1
1
1
1
1
1
1
1
1
1
1
1
1
1
1
1
1
1
1
1
1
1
1
1
1
1
1
1
1
1
1
1
1
1
1
1
1
1
1
1
1
1
1
1
1
1
1
1
1
1
1
1
1
1
1
1
1
1
1
1
1
1
1
1
1
1
1
1
1
1
1
1
1
1
1
1
1
1
1
1
1
1
1
1
1
1
1
1
1
1
1
1
1
1
1
1
1
1
1
1
1
1
1
1
1
1
1
1
1
1
1
1
1
1
1
1
1
1
1
1
1
1
1
1
1
1
1
1
1
1
1
1
1
1
1
1
1
1
1
1
1
1
1
1
1
1
1
1
1
1
1
1
1
1
1
1
1
1
1
1
1
1
1
1
1
1
1
1
1
1
1
1
1
1
1
1
1
1
1
1
1
1
1
1
1
1
1
1
1
1
1
1
1
1
1
1
1
1
1
1
1
1
1
1
1
1
1
1
1
1
1
1
1
1
1
1
1
1
1
1
1
1
1
1
1
1
1
1
1
1
1
1
1
1
1
1
1
1
1
1
1
1
1
1
1
1
1
1
1
1
1
1
1
1
1
1
1
1
1
1
1
1
1
1
1
1
1
1
1
1
1
1
1
1
1
1
1
1
1
1
1
1
1
1
1
1
1
1
1
1
1
1
1
1
1
1
1
1
1
1
1
1
1
1
1
1
1
1
1
1
1
1
1
1
1
1
1
1
1
1
1
1
1
1
1
1
1
1
1
1
1
1
1
1
1
1
1
1
1
1
1
1
1
1
1
1
1
1
1
1
1
1
1
1
1
1
1
1
1
1
1
1
1
1
1
1
1
1
1
1
1
1
1
1
1
1
1
1
1
1
1
1
1
1
1
1
1
1
1
1
1
1
1
1
1
1
1
1
1
1
1
1
1
1
1
1
1
1
1
1
1
1
1
1
1
1
1
1
1
1
1
1
1
1
1
1
1
1
1
1
1
1
1
1
1
1
1
1
1
1
1
1
1
1
1
1
1
1
1
1
1
1
1
1
1
1
1
1
1
1
1
1
1
1
1
1
1
1
1
1
1
1
1
1
1
1
1
1
1
1
1
1
1
1
1
1
1
1
1
1
1
1
1
1
1
1
1
1
1
1
1
1
1
1
1
1
1
1
1
1
1
1
1
1
1
1
1
1
1
1
1
1
1
1
1
1
1
1
1
1
1
1
1
1
1
1
1
1
1
1
1
1
1
1
1
1
1
1
1
1
1
1
1
1
1
1
1
1
1
1
1
1
1
1
1
1
1
1
1
1
1
1
1
1
1
1
1
1
1
1
1
1
1
1
1
1
1
1
1
1
1
1
1
1
1
1
1
1
1
1
1
1
1
1
1
1
1
1
1
1
1
1
1
1
1
1
1
1
1
1
1
1
1
1
1
1
1
1
1
1
1
1
1
1
1
1
1
1
1
1
1
1
1
1
1
1
1
1
1
1
1
1
1
1
1
1
1
1
1
1
1
1
1
1
1
1
1
1
1
1
1
1
1
1
1
1
1
1
1
1
1
1
1
1
1
1
1
1
1
1
1
1
1
1
1
1
1
1
1
1
1
1
1
1
1
1
1
1
1
1
1
1
1
1
1
1
1
1
1
1
1
1
1
1
1
1
1
1
1
1
1
1
1
1
1
1
1
1
1
1
1
1
1
1
1
1
1
1
1
1
1
1
1
1
1
1
1
1
1
1
1
1
1
1
1
1
1
1
1
1
1
1
1
1
1
1
1
1
1
1
1
1
1
1
1
1
1
1
1
1
1
1
1
1
1
1
1
1
1
1
1
1
1
1
1
1
1
1
1
1
1
1
1
1
1
1
1
1
1
1
1
1
1
1
1
1
1
1
1
1
1
1
1
1
1
1
1
1
1
1
1
1
1
1
1
1
1
1
1
1
1
1
1
1
1
1
1
1
1
1
1
1
1
1
1
1
1
1
1
1
1
1
1
1
1
1
1
1
1
1
1
1
1
1
1
1
1
1
1
1
1
1
1
1
1
1
1
1
1
1
1
1
1
1
1
1
1
1
1
1
1
1
1
1
1
1
1
1
1
1
1
1
1
1
1
1
1
1
1
1
1
1
1
1
1
1
1
1
1
1
1
1
1
1
1
1
1
1
1
1
1
1
1
1
1
1
1
1
1
1
1
1
1
1
1
1
1
1
1
1
1
1
1
1
1
1
1
1
1
1
1
1
1
1
1
1
1
1
1
1
1
1
1
1
1
1
1
1
1
1
1
1
1
1
1
1
1
1
1
1
1
1
1
1
1
1
1
1
1
1
1
1
1
1
1
1
1
1
1
1
1
1
1
1
1
1
1
1
1
1
1
1
1
1
1
1
1
1
1
1
1
1
1
1
1
1
1
1
1
1
1
1
1
1
1
1
1
1
1
1
1
1
1
1
1
1
1
1
1
1
1
1
1
1
1
1
1
1
1
1
1
1
1
1
1
1
1
1
1
1
1
1
1
1
1
1
1
1
1
1
1
1
1
1
1
1
1
1
1
1
1
1
1
1
1
1
1
1
1
1
1
1
1
1
1
1
1
1
1
1
1
1
1
1
1
1
1
1
1
1
1
1
1
1
1
1
1.41813
1.20592
1.05145
0.947999
0.894886
0.836541
0.740187
0.704284
0.722066
0.729209
0.710299
0.695945
0.705383
0.759241
0.805875
0.813514
0.821406
0.839668
0.865843
0.889888
0.904285
0.91914
0.946575
0.965404
0.973364
0.983441
1.0032
1.0423
1.07089
1.08588
1.09931
1.11414
1.12313
1.1306
1.142
1.15811
1.17745
1.20671
1.22954
1.23745
1.2398
1.24139
1.24582
1.25264
1.26219
1.27954
1.29563
1.29645
1.29617
1.29673
1.29725
1.30556
1.31798
1.32758
1.33779
1.3482
1.35289
1.35804
1.35942
1.35743
1.35755
1.35845
1.35908
1.35836
1.35298
1.34746
1.34362
1.34028
1.34117
1.34404
1.34649
1.35106
1.35854
1.36282
1.36221
1.36052
1.35779
1.35575
1.35476
1.35342
1.35166
1.34931
1.34648
1.34582
1.34646
1.34693
1.34728
1.34964
1.35248
1.35219
1.35134
1.3506
1.3504
1.34994
1.34892
1.34828
1.34848
1.35059
1.35243
1.35219
1.35035
1.34787
1.34603
1.3453
1.34516
1.34355
1.34017
1.33672
1.33341
1.32998
1.32635
1.32278
1.31995
1.31924
1.32036
1.32025
1.31696
1.31314
1.31031
1.30783
1.30568
1.30455
1.30351
1.30039
1.29586
1.29178
1.28835
1.28552
1.28325
1.2825
1.28175
1.27702
1.27004
1.26341
1.25631
1.24746
1.23592
1.22199
1.20914
1.19838
1.18693
1.179
1.17405
1.17002
1.16512
1.15903
1.15046
1.13518
1.10799
1.06593
1.01759
0.99112
0.987344
0.989701
0.99421
0.994432
0.994634
0.9944
0.994098
0.994252
0.99481
0.996892
1.00144
1.00357
1.00394
1.0042
1.00382
1.00303
1.0027
1.00233
1.0023
1.00314
1.00369
1.00325
1.0023
1.00146
1.00108
1.001
1.00098
1.00164
1.00389
1.00558
1.00567
1.00558
1.00525
1.00422
1.00308
1.00281
1.00275
1.00278
1.00343
1.00512
1.00601
1.006
1.00586
1.0054
1.00456
1.00419
1.00416
1.00418
1.0045
1.00555
1.0065
1.00663
1.00661
1.00654
1.0063
1.00581
1.00549
1.00541
1.00538
1.00532
1.00515
1.00489
1.00479
1.00479
1.0048
1.00484
1.00486
1.00485
1.00481
1.00462
1.00384
1.00205
1.00086
1.00075
1.00077
1.00095
1.0018
1.00401
1.00586
1.00615
1.00617
1.00618
1.00615
1.00581
1.00441
1.00164
1.00012
1
1
1
1
1
1
1
1
1
1
1
1
1
1
1
1
1
1
1
1
1
1
1
1
1
1
1
1
1
1
1
1
1
1
1
1
1
1
1
1
1
1
1
1
1
1
1
1
1
1
1
1
1
1
1
1
1
1
1
1
1
1
1
1
1
1
1
1
1
1
1
1
1
1
1
1
1
1
1
1
1
1
1
1
1
1
1
1
1
1
1
1
1
1
1
1
1
1
1
1
1
1
1
1
1
1
1
1
1
1
1
1
1
1
1
1
1
1
1
1
1
1
1
1
1
1
1
1
1
1
1
1
1
1
1
1
1
1
1
1
1
1
1
1
1
1.50553
1.43487
1.36582
1.30197
1.2619
1.22231
1.17149
1.13222
1.12027
1.09491
1.05272
1.01652
1.01735
1.02479
1.02005
1.00843
0.996656
0.992876
0.988287
0.979698
0.971497
0.967134
0.964473
0.956336
0.950665
0.953464
0.966148
0.973051
0.970639
0.968606
0.967557
0.965932
0.966937
0.970747
0.978689
0.995976
1.01114
1.01835
1.0256
1.03539
1.04246
1.04538
1.05089
1.06227
1.07896
1.09668
1.11196
1.12324
1.12887
1.135
1.14355
1.15532
1.17101
1.18998
1.214
1.23246
1.2386
1.24466
1.25452
1.2631
1.26979
1.27618
1.28574
1.29065
1.29049
1.29034
1.29077
1.2905
1.29348
1.29793
1.30239
1.30852
1.31271
1.31508
1.31798
1.31998
1.3197
1.32039
1.32197
1.32196
1.32209
1.32195
1.32057
1.32075
1.32214
1.32288
1.32376
1.32692
1.32959
1.3292
1.32841
1.328
1.32789
1.3273
1.32629
1.32579
1.32619
1.32767
1.32789
1.32704
1.32522
1.3235
1.32271
1.3229
1.32325
1.32188
1.31903
1.31616
1.3133
1.31045
1.3073
1.30418
1.3016
1.30071
1.30122
1.30124
1.29877
1.29551
1.29305
1.29119
1.2902
1.28959
1.28752
1.2837
1.27974
1.27615
1.27264
1.26951
1.26741
1.26679
1.26612
1.26155
1.25459
1.24815
1.24156
1.23366
1.22394
1.2125
1.20111
1.19105
1.17976
1.16962
1.1624
1.15716
1.1526
1.14799
1.14137
1.12871
1.10598
1.07314
1.03447
1.00112
0.988926
0.988843
0.99228
0.992946
0.992872
0.992445
0.991599
0.9916
0.992077
0.993637
0.997642
1.00097
1.00166
1.002
1.00195
1.00145
1.00103
1.00066
1.00063
1.00151
1.00244
1.00215
1.00143
1.00082
1.00048
1.00039
1.0004
1.00096
1.00295
1.00482
1.00501
1.0049
1.00466
1.0039
1.00283
1.00248
1.0024
1.00242
1.00301
1.00471
1.0058
1.00584
1.00575
1.00536
1.00453
1.0041
1.00406
1.00407
1.00431
1.00524
1.0063
1.00649
1.00646
1.0064
1.00625
1.00597
1.0057
1.00557
1.00549
1.0054
1.00516
1.00479
1.00464
1.00464
1.00465
1.00471
1.00475
1.00475
1.00472
1.00455
1.00385
1.00232
1.00128
1.00117
1.00118
1.00135
1.0022
1.0043
1.00591
1.00611
1.00612
1.00612
1.00603
1.00557
1.00391
1.00118
1.00006
1
1
1
1
1
1
1
1
1
1
1
1
1
1
1
1
1
1
1
1
1
1
1
1
1
1
1
1
1
1
1
1
1
1
1
1
1
1
1
1
1
1
1
1
1
1
1
1
1
1
1
1
1
1
1
1
1
1
1
1
1
1
1
1
1
1
1
1
1
1
1
1
1
1
1
1
1
1
1
1
1
1
1
1
1
1
1
1
1
1
1
1
1
1
1
1
1
1
1
1
1
1
1
1
1
1
1
1
1
1
1
1
1
1
1
1
1
1
1
1
1
1
1
1
1
1
1
1
1
1
1
1
1
1
1
1
1
1
1
1
1
1
1
1
1
1.56103
1.50982
1.46829
1.43962
1.40435
1.35596
1.32636
1.31176
1.29138
1.25605
1.20996
1.20011
1.19531
1.18504
1.15876
1.13719
1.12641
1.11349
1.09875
1.07724
1.06077
1.05054
1.03961
1.02383
1.00992
1.01032
1.01201
1.01
1.00098
0.981796
0.958637
0.951654
0.952082
0.953776
0.957451
0.957903
0.956718
0.954684
0.952381
0.947309
0.946699
0.951399
0.957771
0.967296
0.985934
1.00295
1.00883
1.0134
1.01873
1.02408
1.02975
1.03567
1.044
1.0566
1.075
1.09315
1.10045
1.10539
1.11376
1.12794
1.1394
1.15239
1.17268
1.18837
1.19427
1.19851
1.20445
1.21175
1.21716
1.22339
1.23221
1.23955
1.24116
1.24266
1.24591
1.2513
1.25682
1.26385
1.27266
1.27628
1.27712
1.27705
1.27447
1.27107
1.26996
1.2691
1.26917
1.27083
1.27117
1.26968
1.26724
1.26611
1.2666
1.26704
1.26783
1.26957
1.27004
1.27001
1.26924
1.26839
1.2677
1.26676
1.26674
1.2688
1.2702
1.26953
1.26794
1.26587
1.2638
1.26206
1.2599
1.25777
1.25637
1.25602
1.25564
1.25369
1.25113
1.24915
1.24798
1.24798
1.24843
1.24735
1.24438
1.24114
1.23787
1.23419
1.23033
1.22681
1.22463
1.22399
1.22255
1.2177
1.21118
1.20479
1.1986
1.19243
1.18634
1.17986
1.17221
1.16307
1.15226
1.14092
1.13137
1.1251
1.12183
1.11908
1.11384
1.10524
1.09316
1.07605
1.05378
1.02992
1.00883
0.996342
0.993871
0.994269
0.995443
0.995633
0.995712
0.995808
0.995886
0.996313
0.997383
1.00002
1.00275
1.0035
1.0037
1.00369
1.00306
1.00212
1.00146
1.00097
1.00096
1.00179
1.00295
1.00294
1.00252
1.00222
1.00214
1.00218
1.00273
1.00386
1.0042
1.00414
1.00401
1.00367
1.00323
1.00307
1.00302
1.00317
1.00421
1.00591
1.00644
1.0064
1.00619
1.00558
1.00474
1.00448
1.00444
1.00445
1.00477
1.00568
1.0063
1.00635
1.00633
1.00624
1.00607
1.00595
1.00591
1.00589
1.00584
1.00574
1.00546
1.00489
1.00444
1.00439
1.0044
1.00445
1.00447
1.00445
1.0044
1.00421
1.00355
1.00231
1.00169
1.00166
1.00169
1.00199
1.0031
1.00512
1.0061
1.00617
1.00618
1.00618
1.00601
1.00514
1.00276
1.00045
1.00001
1
1
1
1
1
1
1
1
1
1
1
1
1
1
1
1
1
1
1
1
1
1
1
1
1
1
1
1
1
1
1
1
1
1
1
1
1
1
1
1
1
1
1
1
1
1
1
1
1
1
1
1
1
1
1
1
1
1
1
1
1
1
1
1
1
1
1
1
1
1
1
1
1
1
1
1
1
1
1
1
1
1
1
1
1
1
1
1
1
1
1
1
1
1
1
1
1
1
1
1
1
1
1
1
1
1
1
1
1
1
1
1
1
1
1
1
1
1
1
1
1
1
1
1
1
1
1
1
1
1
1
1
1
1
1
1
1
1
1
1
1
1
1
1
1
1.58178
1.54814
1.51776
1.48432
1.4536
1.43182
1.40859
1.37772
1.35443
1.34121
1.32634
1.30565
1.2747
1.2582
1.24737
1.23431
1.21137
1.19002
1.18247
1.17231
1.16036
1.14123
1.12516
1.12034
1.11605
1.10892
1.09855
1.08185
1.06853
1.05744
1.04548
1.03438
1.03149
1.0296
1.03079
1.02934
1.02021
1.00822
0.995893
0.986666
0.984236
0.98371
0.983423
0.983291
0.984502
0.985366
0.984274
0.978078
0.972692
0.972863
0.97442
0.977701
0.984034
0.989191
0.990312
0.991832
0.99547
0.998841
1.00299
1.01075
1.02286
1.03803
1.05513
1.07688
1.09201
1.09932
1.10705
1.11744
1.12563
1.1324
1.14188
1.15134
1.15405
1.1553
1.15915
1.16642
1.17587
1.18774
1.20353
1.21355
1.21676
1.21918
1.21936
1.21789
1.21792
1.2186
1.21996
1.22115
1.22053
1.2171
1.21165
1.20776
1.20695
1.20737
1.20938
1.21037
1.20962
1.20819
1.20506
1.20293
1.20301
1.20275
1.20309
1.20638
1.20856
1.20816
1.20697
1.20498
1.20332
1.20241
1.20095
1.19985
1.19976
1.19956
1.19728
1.19412
1.19177
1.19014
1.18972
1.19059
1.19052
1.18806
1.18482
1.18196
1.17907
1.17552
1.1714
1.16754
1.16547
1.16438
1.16095
1.15521
1.14941
1.144
1.13911
1.13534
1.1324
1.12831
1.12209
1.11477
1.10665
1.09779
1.08942
1.08405
1.08176
1.07748
1.07059
1.06531
1.06176
1.05712
1.04955
1.03927
1.0269
1.01393
1.00232
0.996636
0.995252
0.995399
0.997095
0.998301
0.998415
0.998389
0.998519
0.999107
1.00015
1.0018
1.00286
1.00293
1.00276
1.002
1.00126
1.00095
1.00092
1.00162
1.00309
1.0034
1.00321
1.00308
1.00313
1.00315
1.00311
1.00308
1.00306
1.00296
1.00281
1.0027
1.00264
1.00268
1.00304
1.00416
1.00586
1.00654
1.00654
1.00643
1.00605
1.00522
1.00471
1.00465
1.00466
1.00487
1.00557
1.00627
1.00637
1.00634
1.00619
1.00599
1.00594
1.00595
1.00602
1.00612
1.00613
1.00609
1.00587
1.00516
1.00425
1.00401
1.00401
1.00406
1.00414
1.00415
1.00412
1.00396
1.00338
1.00252
1.00226
1.00227
1.0024
1.00299
1.00456
1.00601
1.00626
1.00628
1.00628
1.0062
1.00565
1.00381
1.00106
1.00005
1
1
1
1
1
1
1
1
1
1
1
1
1
1
1
1
1
1
1
1
1
1
1
1
1
1
1
1
1
1
1
1
1
1
1
1
1
1
1
1
1
1
1
1
1
1
1
1
1
1
1
1
1
1
1
1
1
1
1
1
1
1
1
1
1
1
1
1
1
1
1
1
1
1
1
1
1
1
1
1
1
1
1
1
1
1
1
1
1
1
1
1
1
1
1
1
1
1
1
1
1
1
1
1
1
1
1
1
1
1
1
1
1
1
1
1
1
1
1
1
1
1
1
1
1
1
1
1
1
1
1
1
1
1
1
1
1
1
1
1
1
1
1
1
1
1
1.59392
1.57112
1.54416
1.51819
1.49626
1.47208
1.44971
1.43411
1.41721
1.39534
1.37549
1.36005
1.34324
1.32316
1.29504
1.27983
1.2727
1.26243
1.2465
1.22933
1.22253
1.21572
1.20752
1.19355
1.17684
1.16711
1.15691
1.1446
1.1274
1.11383
1.11122
1.10947
1.10485
1.09849
1.0895
1.08218
1.07277
1.0614
1.0485
1.03865
1.0356
1.03537
1.033
1.02629
1.01993
1.01358
1.00253
0.991599
0.988583
0.988499
0.988467
0.986393
0.985257
0.984275
0.980889
0.974717
0.973625
0.97464
0.976972
0.98076
0.984763
0.988351
0.991989
0.99718
1.00441
1.01216
1.02011
1.0322
1.04747
1.0589
1.06786
1.07823
1.08513
1.08735
1.09114
1.0986
1.10837
1.12014
1.13489
1.14633
1.14969
1.15202
1.15475
1.15669
1.16021
1.16594
1.17498
1.18432
1.18512
1.18464
1.18277
1.17986
1.17726
1.17642
1.17682
1.17631
1.17278
1.16723
1.16097
1.15657
1.15511
1.15475
1.15491
1.15715
1.15872
1.15767
1.15526
1.15233
1.15043
1.14982
1.14892
1.14853
1.14845
1.14755
1.1448
1.14165
1.13949
1.13875
1.13953
1.14043
1.13877
1.1349
1.13126
1.12822
1.12526
1.12178
1.11796
1.11477
1.11323
1.11131
1.106
1.09982
1.09479
1.0908
1.08847
1.08739
1.08449
1.07824
1.07199
1.06682
1.06195
1.05713
1.05337
1.05181
1.04975
1.04294
1.03576
1.03187
1.03067
1.03006
1.02973
1.02876
1.02539
1.01867
1.00901
1.00087
0.997528
0.997036
0.997924
0.999133
0.999557
0.999738
0.999628
0.999673
1.00013
1.00116
1.00174
1.00175
1.00161
1.00123
1.00107
1.00115
1.00154
1.0025
1.00311
1.00318
1.00324
1.00345
1.00372
1.00375
1.00369
1.00358
1.0034
1.00323
1.00311
1.00306
1.00313
1.0035
1.00454
1.00599
1.0065
1.00651
1.00642
1.00612
1.0055
1.00499
1.00491
1.00492
1.00515
1.00582
1.00651
1.00662
1.00659
1.00639
1.00607
1.00596
1.00596
1.00604
1.0063
1.00652
1.00655
1.00652
1.00623
1.00519
1.00378
1.00338
1.00336
1.00341
1.0037
1.00402
1.00406
1.00398
1.00363
1.00322
1.00317
1.00324
1.00356
1.0045
1.0059
1.00644
1.00647
1.00647
1.00638
1.00591
1.00431
1.00149
1.0001
1
1
1
1
1
1
1
1
1
1
1
1
1
1
1
1
1
1
1
1
1
1
1
1
1
1
1
1
1
1
1
1
1
1
1
1
1
1
1
1
1
1
1
1
1
1
1
1
1
1
1
1
1
1
1
1
1
1
1
1
1
1
1
1
1
1
1
1
1
1
1
1
1
1
1
1
1
1
1
1
1
1
1
1
1
1
1
1
1
1
1
1
1
1
1
1
1
1
1
1
1
1
1
1
1
1
1
1
1
1
1
1
1
1
1
1
1
1
1
1
1
1
1
1
1
1
1
1
1
1
1
1
1
1
1
1
1
1
1
1
1
1
1
1
1
1
1
1.59508
1.57995
1.56288
1.54405
1.5231
1.50456
1.48899
1.47065
1.45134
1.43725
1.42327
1.40432
1.38278
1.36638
1.35115
1.33498
1.31603
1.30463
1.29928
1.29141
1.27943
1.2648
1.25485
1.24425
1.23159
1.2137
1.19612
1.19038
1.18456
1.17796
1.16792
1.15903
1.15567
1.15069
1.14311
1.13179
1.11612
1.10887
1.10384
1.09823
1.09039
1.086
1.08185
1.07485
1.06783
1.06073
1.05354
1.04523
1.04107
1.0394
1.03589
1.02975
1.02471
1.01911
1.01045
1.00548
1.00402
1.00254
0.999504
0.997211
0.995194
0.991984
0.990505
0.990617
0.9921
0.996052
0.998855
0.999748
0.999832
0.99925
0.999588
1.00234
1.00747
1.01237
1.0166
1.02418
1.03979
1.05383
1.06383
1.07492
1.08091
1.08647
1.09552
1.10321
1.10903
1.11693
1.13031
1.14396
1.14641
1.14803
1.14808
1.14753
1.14654
1.14624
1.14653
1.1461
1.14431
1.14133
1.13675
1.13258
1.12962
1.12795
1.12787
1.12942
1.1298
1.12764
1.12332
1.11853
1.11568
1.11408
1.11268
1.11162
1.11017
1.10768
1.1044
1.10154
1.10024
1.10057
1.10206
1.10125
1.09711
1.09259
1.08855
1.0854
1.08273
1.0799
1.07743
1.07599
1.07482
1.07128
1.06526
1.05999
1.05635
1.05464
1.05424
1.05253
1.04748
1.04167
1.03706
1.03338
1.03042
1.02885
1.02882
1.02876
1.0255
1.01961
1.01477
1.01239
1.01142
1.01151
1.01227
1.01234
1.01179
1.01001
1.00679
1.00249
0.999444
0.998934
0.999321
0.999668
0.999933
1.00019
1.00015
1.0003
1.00072
1.0009
1.00091
1.00089
1.00093
1.00106
1.00134
1.00192
1.00263
1.00289
1.00294
1.00302
1.00319
1.00353
1.00378
1.00381
1.00378
1.0037
1.00366
1.00368
1.0038
1.00403
1.00455
1.00555
1.00652
1.00673
1.00672
1.00655
1.0061
1.00545
1.00512
1.0051
1.00516
1.00545
1.00617
1.00681
1.00691
1.00689
1.00669
1.00626
1.00605
1.00605
1.0061
1.00635
1.00675
1.00689
1.00689
1.00679
1.00622
1.0046
1.00297
1.00268
1.00269
1.00276
1.0031
1.00398
1.00461
1.00468
1.00464
1.00462
1.0047
1.00487
1.00524
1.00587
1.00617
1.00621
1.00622
1.00616
1.00578
1.00436
1.00167
1.00014
1
1
1
1
1
1
1
1
1
1
1
1
1
1
1
1
1
1
1
1
1
1
1
1
1
1
1
1
1
1
1
1
1
1
1
1
1
1
1
1
1
1
1
1
1
1
1
1
1
1
1
1
1
1
1
1
1
1
1
1
1
1
1
1
1
1
1
1
1
1
1
1
1
1
1
1
1
1
1
1
1
1
1
1
1
1
1
1
1
1
1
1
1
1
1
1
1
1
1
1
1
1
1
1
1
1
1
1
1
1
1
1
1
1
1
1
1
1
1
1
1
1
1
1
1
1
1
1
1
1
1
1
1
1
1
1
1
1
1
1
1
1
1
1
1
1
1
1
1.59174
1.58142
1.56978
1.55574
1.53943
1.52199
1.50634
1.49422
1.48179
1.46621
1.45047
1.43763
1.42428
1.4077
1.38612
1.37195
1.36422
1.35372
1.3398
1.32986
1.32251
1.31268
1.29897
1.27803
1.26484
1.25695
1.24885
1.23839
1.22603
1.22067
1.21541
1.20809
1.19745
1.18662
1.1801
1.17276
1.16521
1.15722
1.14421
1.13616
1.13228
1.12675
1.11983
1.11091
1.10637
1.10283
1.09766
1.09198
1.08635
1.07918
1.06724
1.05966
1.05687
1.05261
1.04851
1.04641
1.04362
1.03915
1.03145
1.01999
1.0126
1.00866
1.00601
1.00386
1.0037
1.0032
1.00056
0.998
0.993695
0.985743
0.981933
0.98227
0.984169
0.988152
0.99425
1.00259
1.0089
1.01042
1.01122
1.01361
1.0174
1.02116
1.02655
1.03567
1.04483
1.0553
1.07215
1.09376
1.10144
1.10565
1.1095
1.1097
1.1101
1.11151
1.11177
1.11199
1.11255
1.11245
1.11181
1.10959
1.10762
1.1075
1.10883
1.11094
1.11059
1.10801
1.10376
1.09964
1.09648
1.09363
1.0907
1.08753
1.08428
1.08084
1.07741
1.07534
1.07519
1.0764
1.07612
1.07198
1.06646
1.06104
1.05644
1.05362
1.0514
1.04986
1.0493
1.04884
1.04629
1.04092
1.03571
1.03214
1.03064
1.03044
1.02908
1.0251
1.02065
1.01698
1.01384
1.01144
1.01051
1.01083
1.01111
1.00963
1.00677
1.00425
1.00246
1.00118
1.00081
1.00107
1.00101
1.00072
1.00051
1.00038
1.00024
0.99949
0.998893
0.999084
0.999428
0.999645
1
1.00029
1.00085
1.00104
1.00099
1.00095
1.00097
1.00098
1.00108
1.0014
1.00216
1.00282
1.00295
1.00294
1.00302
1.0032
1.00344
1.00373
1.00389
1.00396
1.00403
1.00412
1.00427
1.00452
1.00495
1.00572
1.00671
1.00719
1.00725
1.00721
1.0069
1.00619
1.00552
1.00535
1.00536
1.00547
1.00589
1.00668
1.00715
1.00719
1.00715
1.00686
1.00635
1.00611
1.00611
1.00617
1.00641
1.0069
1.00718
1.0072
1.00717
1.00688
1.0057
1.00358
1.00258
1.00252
1.00254
1.00261
1.00292
1.00389
1.00552
1.00654
1.00682
1.00693
1.00694
1.00681
1.00644
1.00603
1.00587
1.00579
1.00564
1.00518
1.00382
1.00143
1.00012
1
1
1
1
1
1
1
1
1
1
1
1
1
1
1
1
1
1
1
1
1
1
1
1
1
1
1
1
1
1
1
1
1
1
1
1
1
1
1
1
1
1
1
1
1
1
1
1
1
1
1
1
1
1
1
1
1
1
1
1
1
1
1
1
1
1
1
1
1
1
1
1
1
1
1
1
1
1
1
1
1
1
1
1
1
1
1
1
1
1
1
1
1
1
1
1
1
1
1
1
1
1
1
1
1
1
1
1
1
1
1
1
1
1
1
1
1
1
1
1
1
1
1
1
1
1
1
1
1
1
1
1
1
1
1
1
1
1
1
1
1
1
1
1
1
1
1
1
1
1.58528
1.57788
1.56846
1.55669
1.54217
1.52629
1.51433
1.50465
1.49518
1.4855
1.47396
1.45858
1.4427
1.43153
1.42024
1.4071
1.39278
1.3832
1.37687
1.36834
1.35506
1.33939
1.32805
1.31694
1.30484
1.29158
1.28403
1.27814
1.27066
1.26102
1.24662
1.23783
1.23324
1.22722
1.22001
1.20948
1.20008
1.1918
1.18243
1.17308
1.16275
1.15619
1.1531
1.15075
1.14665
1.14189
1.13671
1.12929
1.11603
1.10285
1.09858
1.09723
1.09352
1.08982
1.08813
1.08597
1.08159
1.07373
1.06009
1.04974
1.04766
1.04514
1.04232
1.04057
1.03892
1.03452
1.0293
1.02274
1.01164
1.00168
0.998398
0.996874
0.996837
0.998034
1.00137
1.00416
1.00399
1.00187
0.99761
0.992576
0.992548
0.99338
0.993684
0.994921
0.998503
1.00418
1.01136
1.02145
1.03004
1.03688
1.04535
1.05097
1.05545
1.06169
1.06966
1.07449
1.078
1.08106
1.08316
1.08297
1.08268
1.08291
1.08405
1.08538
1.08535
1.084
1.08174
1.07961
1.0777
1.07571
1.07283
1.06884
1.06504
1.06201
1.06048
1.06075
1.06269
1.06257
1.0586
1.0526
1.04656
1.04093
1.03692
1.03433
1.0328
1.03268
1.03296
1.03149
1.02706
1.02241
1.01889
1.01693
1.01654
1.01586
1.0132
1.00982
1.00655
1.00433
1.0024
1.00138
1.0016
1.00221
1.00147
0.99981
0.998542
0.99788
0.997179
0.996836
0.997083
0.997211
0.996833
0.996631
0.996645
0.996731
0.99692
0.997332
0.998188
0.998865
0.999281
0.999854
1.00025
1.00091
1.0019
1.002
1.00183
1.00184
1.00183
1.0018
1.00188
1.00231
1.00302
1.00332
1.00343
1.00353
1.00366
1.00382
1.00399
1.00413
1.00425
1.00437
1.00452
1.00474
1.00509
1.00569
1.00662
1.00735
1.00753
1.00755
1.00749
1.0071
1.00628
1.0056
1.00549
1.00553
1.00572
1.00629
1.00722
1.00763
1.00766
1.00758
1.00711
1.0063
1.00601
1.00602
1.00609
1.0063
1.00681
1.00726
1.00733
1.00734
1.00723
1.00655
1.0047
1.00292
1.00257
1.00257
1.00262
1.00281
1.0035
1.00536
1.00772
1.0086
1.00872
1.00875
1.00868
1.00825
1.00718
1.00581
1.00498
1.0045
1.00389
1.00265
1.00087
1.00006
1
1
1
1
1
1
1
1
1
1
1
1
1
1
1
1
1
1
1
1
1
1
1
1
1
1
1
1
1
1
1
1
1
1
1
1
1
1
1
1
1
1
1
1
1
1
1
1
1
1
1
1
1
1
1
1
1
1
1
1
1
1
1
1
1
1
1
1
1
1
1
1
1
1
1
1
1
1
1
1
1
1
1
1
1
1
1
1
1
1
1
1
1
1
1
1
1
1
1
1
1
1
1
1
1
1
1
1
1
1
1
1
1
1
1
1
1
1
1
1
1
1
1
1
1
1
1
1
1
1
1
1
1
1
1
1
1
1
1
1
1
1
1
1
1
1
1
1
1
1
1.57536
1.56957
1.56181
1.55173
1.53832
1.52401
1.51414
1.50677
1.50001
1.49236
1.48229
1.46869
1.45499
1.44372
1.43453
1.42756
1.41994
1.40935
1.39587
1.38604
1.3776
1.36696
1.35334
1.33979
1.33204
1.32602
1.31874
1.30771
1.29526
1.28798
1.28027
1.27121
1.26113
1.25445
1.24899
1.24182
1.23312
1.22075
1.2056
1.19734
1.19385
1.19141
1.18732
1.18272
1.17819
1.17314
1.16557
1.15135
1.13643
1.1312
1.12984
1.12831
1.12393
1.12103
1.11866
1.11441
1.10657
1.09286
1.08224
1.07973
1.07723
1.07348
1.07098
1.06933
1.06531
1.05966
1.05145
1.0396
1.03015
1.02502
1.02212
1.01994
1.0188
1.01689
1.01422
1.01109
1.00662
0.997826
0.98561
0.98038
0.979917
0.979983
0.980538
0.982169
0.985965
0.99121
0.992237
0.990921
0.990377
0.991457
0.994025
0.99672
1.00015
1.00596
1.01628
1.02848
1.03722
1.04314
1.04808
1.04935
1.04988
1.05111
1.0527
1.05394
1.05396
1.05303
1.05212
1.05184
1.05155
1.0508
1.04916
1.0467
1.04455
1.04396
1.0455
1.04955
1.04996
1.0472
1.04237
1.03781
1.03295
1.02916
1.0266
1.0249
1.02474
1.02539
1.02459
1.0212
1.0174
1.01466
1.01284
1.01218
1.01152
1.00946
1.00686
1.00406
1.00208
1.00083
1.00005
1.00019
1.00071
1.00027
0.999
0.9976
0.997016
0.996812
0.996655
0.996895
0.997212
0.997091
0.997006
0.997031
0.997104
0.997291
0.997672
0.998417
0.999231
0.999651
1.00015
1.00087
1.00156
1.00226
1.00296
1.00331
1.00322
1.0032
1.00323
1.00326
1.00338
1.00374
1.00415
1.0044
1.00459
1.00477
1.00492
1.00492
1.00493
1.00502
1.00511
1.00521
1.00539
1.00572
1.00634
1.00714
1.00752
1.00759
1.00762
1.00755
1.00716
1.00634
1.00562
1.00551
1.00558
1.00577
1.00635
1.00748
1.00814
1.00822
1.00822
1.008
1.00716
1.00616
1.00596
1.00599
1.00612
1.00653
1.00712
1.00728
1.0073
1.00726
1.00696
1.00583
1.00388
1.00298
1.00296
1.00303
1.0033
1.0042
1.00643
1.00908
1.00996
1.01004
1.01006
1.01001
1.00955
1.00828
1.00617
1.00418
1.003
1.00213
1.00114
1.00026
1.00001
1
1
1
1
1
1
1
1
1
1
1
1
1
1
1
1
1
1
1
1
1
1
1
1
1
1
1
1
1
1
1
1
1
1
1
1
1
1
1
1
1
1
1
1
1
1
1
1
1
1
1
1
1
1
1
1
1
1
1
1
1
1
1
1
1
1
1
1
1
1
1
1
1
1
1
1
1
1
1
1
1
1
1
1
1
1
1
1
1
1
1
1
1
1
1
1
1
1
1
1
1
1
1
1
1
1
1
1
1
1
1
1
1
1
1
1
1
1
1
1
1
1
1
1
1
1
1
1
1
1
1
1
1
1
1
1
1
1
1
1
1
1
1
1
1
1
1
1
1
1
1
1.56243
1.55772
1.55112
1.54216
1.52985
1.51816
1.5108
1.50506
1.49933
1.49225
1.48305
1.47001
1.45646
1.44869
1.44307
1.43794
1.43128
1.42167
1.41038
1.39852
1.38659
1.37849
1.37248
1.36522
1.3555
1.34257
1.33454
1.32824
1.32007
1.31108
1.30069
1.29109
1.28544
1.27941
1.2707
1.25914
1.25109
1.24284
1.23265
1.22483
1.21989
1.21534
1.21129
1.20702
1.20157
1.19464
1.18362
1.16789
1.1602
1.15736
1.15543
1.15142
1.14834
1.14555
1.14108
1.13379
1.12103
1.10892
1.10578
1.10357
1.09959
1.09666
1.09494
1.09121
1.08593
1.07823
1.06608
1.0574
1.05276
1.0489
1.04618
1.04536
1.04249
1.03872
1.035
1.02969
1.02021
1.00764
1.00027
0.99676
0.995124
0.995031
0.995314
0.995462
0.99467
0.99301
0.990956
0.986957
0.981241
0.979837
0.980522
0.981391
0.982669
0.98499
0.988935
0.993533
0.996487
0.99858
1.00159
1.00405
1.00613
1.00882
1.01213
1.01581
1.01904
1.0214
1.02316
1.02412
1.02417
1.02387
1.02307
1.02236
1.02282
1.02684
1.03151
1.03187
1.03018
1.02694
1.02363
1.02045
1.01786
1.01578
1.01496
1.01571
1.01705
1.01658
1.01424
1.01153
1.00965
1.00886
1.00899
1.00877
1.00702
1.00503
1.00325
1.00207
1.00133
1.00097
1.00124
1.0017
1.00143
1.00053
0.999338
0.998896
0.998882
0.998848
0.999008
0.999085
0.999047
0.999042
0.999137
0.999293
0.999502
0.999807
1.0002
1.00067
1.00104
1.0014
1.00179
1.00227
1.00276
1.00311
1.00349
1.00397
1.00404
1.00403
1.0041
1.00423
1.00441
1.00465
1.00495
1.0053
1.00559
1.00578
1.00593
1.00597
1.00591
1.00593
1.00603
1.00618
1.00642
1.00691
1.00755
1.00785
1.00792
1.00797
1.00797
1.00775
1.00702
1.00609
1.00586
1.00593
1.00609
1.00647
1.00739
1.00838
1.0086
1.00864
1.00863
1.00828
1.00722
1.00634
1.00627
1.00633
1.00657
1.00714
1.00747
1.0075
1.00752
1.0074
1.00679
1.00537
1.00422
1.00413
1.00425
1.00468
1.00585
1.00825
1.0106
1.01122
1.01127
1.01125
1.01095
1.00996
1.00796
1.00513
1.00267
1.00133
1.00063
1.00021
1.00003
1
1
1
1
1
1
1
1
1
1
1
1
1
1
1
1
1
1
1
1
1
1
1
1
1
1
1
1
1
1
1
1
1
1
1
1
1
1
1
1
1
1
1
1
1
1
1
1
1
1
1
1
1
1
1
1
1
1
1
1
1
1
1
1
1
1
1
1
1
1
1
1
1
1
1
1
1
1
1
1
1
1
1
1
1
1
1
1
1
1
1
1
1
1
1
1
1
1
1
1
1
1
1
1
1
1
1
1
1
1
1
1
1
1
1
1
1
1
1
1
1
1
1
1
1
1
1
1
1
1
1
1
1
1
1
1
1
1
1
1
1
1
1
1
1
1
1
1
1
1
1
1
1
1.5476
1.54293
1.53681
1.52836
1.51739
1.50871
1.50328
1.49899
1.49421
1.48785
1.47921
1.46687
1.45554
1.44936
1.44476
1.44029
1.43459
1.4265
1.4139
1.40069
1.39375
1.3884
1.38305
1.3765
1.36678
1.35615
1.34684
1.33713
1.3302
1.32558
1.31968
1.31091
1.2985
1.28972
1.28164
1.27369
1.26807
1.26168
1.2528
1.24479
1.2391
1.23232
1.22633
1.22148
1.21574
1.20832
1.19747
1.1858
1.18039
1.17724
1.1732
1.16906
1.16583
1.16172
1.15536
1.14474
1.13212
1.12747
1.12446
1.12013
1.11708
1.1152
1.11129
1.10595
1.09873
1.08704
1.07825
1.07399
1.07003
1.06714
1.06598
1.06364
1.05964
1.05546
1.04983
1.03984
1.02788
1.02227
1.01913
1.0171
1.01632
1.01504
1.01214
1.00819
1.0039
0.998262
0.989648
0.981396
0.977515
0.975733
0.975399
0.975477
0.975385
0.973883
0.973325
0.973972
0.975234
0.976434
0.978036
0.980673
0.983368
0.985485
0.987772
0.990737
0.994106
0.997087
0.999176
1.00052
1.00129
1.00176
1.00248
1.00417
1.00808
1.01236
1.01299
1.01195
1.00972
1.00717
1.00485
1.00317
1.00178
1.00151
1.00326
1.00554
1.00564
1.00473
1.00331
1.00237
1.00205
1.00222
1.00259
1.00219
1.00115
1.00019
0.999589
0.999219
0.999214
0.999862
1.00042
1.00036
1.00009
0.999892
0.999877
0.999912
1.0001
1.00059
1.0009
1.00099
1.00108
1.00121
1.00143
1.00171
1.00203
1.00237
1.00263
1.00283
1.00298
1.00331
1.00368
1.00382
1.00377
1.00381
1.00404
1.00411
1.00412
1.00423
1.00459
1.00487
1.00499
1.00515
1.00546
1.00564
1.00571
1.00592
1.00622
1.00636
1.00642
1.00651
1.00665
1.00684
1.0071
1.00744
1.00785
1.00806
1.00814
1.0082
1.00822
1.008
1.00731
1.00701
1.0071
1.0073
1.00767
1.00827
1.00869
1.00877
1.0088
1.00879
1.00857
1.0079
1.007
1.00678
1.00683
1.00702
1.00755
1.0081
1.0082
1.00823
1.00816
1.0077
1.00668
1.00605
1.00611
1.00637
1.00702
1.00841
1.01045
1.0116
1.01172
1.01169
1.01145
1.01075
1.00914
1.00618
1.00271
1.00077
1.00023
1.00007
1.00001
1
1
1
1
1
1
1
1
1
1
1
1
1
1
1
1
1
1
1
1
1
1
1
1
1
1
1
1
1
1
1
1
1
1
1
1
1
1
1
1
1
1
1
1
1
1
1
1
1
1
1
1
1
1
1
1
1
1
1
1
1
1
1
1
1
1
1
1
1
1
1
1
1
1
1
1
1
1
1
1
1
1
1
1
1
1
1
1
1
1
1
1
1
1
1
1
1
1
1
1
1
1
1
1
1
1
1
1
1
1
1
1
1
1
1
1
1
1
1
1
1
1
1
1
1
1
1
1
1
1
1
1
1
1
1
1
1
1
1
1
1
1
1
1
1
1
1
1
1
1
1
1
1
1
1
1.53855
1.53225
1.52478
1.51542
1.5053
1.49767
1.49256
1.48841
1.48376
1.47767
1.46951
1.45884
1.45078
1.44614
1.44238
1.43832
1.43293
1.42507
1.41278
1.40134
1.39585
1.39158
1.38708
1.38142
1.37338
1.36107
1.34984
1.34422
1.33986
1.33475
1.32852
1.31964
1.30708
1.29833
1.29052
1.2839
1.27993
1.27509
1.26702
1.25867
1.25083
1.24122
1.23417
1.23058
1.22596
1.2189
1.21068
1.20244
1.19433
1.1894
1.18571
1.1816
1.17738
1.17224
1.16435
1.15226
1.14509
1.14187
1.1375
1.13416
1.13214
1.12821
1.12283
1.11601
1.10516
1.0957
1.09249
1.08833
1.08472
1.08279
1.08126
1.07759
1.07311
1.06716
1.05761
1.0476
1.04267
1.03926
1.03798
1.03827
1.03596
1.03179
1.02801
1.02337
1.01653
1.00666
0.999044
0.995756
0.993415
0.992287
0.991516
0.989368
0.985723
0.981845
0.97869
0.977219
0.976646
0.976314
0.976198
0.976381
0.976712
0.977139
0.977677
0.978515
0.97983
0.981357
0.982631
0.983378
0.983827
0.984381
0.985627
0.988391
0.99132
0.991935
0.991798
0.991114
0.99001
0.989036
0.988643
0.988657
0.989611
0.992364
0.994841
0.995184
0.995048
0.994702
0.994544
0.995131
0.996866
0.99738
0.997252
0.996921
0.996532
0.996322
0.996221
0.996503
0.99792
0.998942
0.999059
0.999088
0.999071
0.999062
0.999226
0.999542
1.00022
1.00092
1.00112
1.00126
1.00138
1.0016
1.00188
1.00225
1.0029
1.00345
1.00368
1.00381
1.00402
1.00445
1.00469
1.00466
1.0046
1.00466
1.00482
1.00486
1.00498
1.00537
1.00582
1.00596
1.006
1.00606
1.00623
1.00642
1.00644
1.00653
1.00674
1.00684
1.00686
1.00687
1.00687
1.00693
1.00705
1.00721
1.00746
1.00765
1.0077
1.00773
1.00768
1.00764
1.00775
1.00791
1.00813
1.00851
1.00914
1.00957
1.00966
1.0097
1.00966
1.00937
1.00864
1.00775
1.00758
1.00767
1.00785
1.00829
1.00915
1.00963
1.0097
1.00972
1.00947
1.00868
1.00837
1.0085
1.00881
1.0094
1.01043
1.01134
1.01152
1.01151
1.0114
1.01089
1.00946
1.00656
1.0028
1.00055
1.00006
1.00001
1
1
1
1
1
1
1
1
1
1
1
1
1
1
1
1
1
1
1
1
1
1
1
1
1
1
1
1
1
1
1
1
1
1
1
1
1
1
1
1
1
1
1
1
1
1
1
1
1
1
1
1
1
1
1
1
1
1
1
1
1
1
1
1
1
1
1
1
1
1
1
1
1
1
1
1
1
1
1
1
1
1
1
1
1
1
1
1
1
1
1
1
1
1
1
1
1
1
1
1
1
1
1
1
1
1
1
1
1
1
1
1
1
1
1
1
1
1
1
1
1
1
1
1
1
1
1
1
1
1
1
1
1
1
1
1
1
1
1
1
1
1
1
1
1
1
1
1
1
1
1
1
1
1
1
1
1
1
1.53533
1.52891
1.52036
1.51166
1.50427
1.49661
1.48846
1.48147
1.4753
1.46863
1.46077
1.45155
1.44352
1.43869
1.43514
1.43111
1.42592
1.41867
1.40817
1.39921
1.39475
1.39106
1.38684
1.38146
1.37381
1.36211
1.35259
1.3479
1.34355
1.33897
1.33338
1.32501
1.31223
1.30379
1.29786
1.29261
1.28843
1.28328
1.27564
1.26524
1.25584
1.24771
1.24254
1.23926
1.2348
1.22796
1.21992
1.21243
1.2045
1.19882
1.19539
1.19143
1.18641
1.17999
1.17006
1.16066
1.15726
1.15346
1.14945
1.14681
1.14337
1.13815
1.13102
1.12072
1.11157
1.10858
1.10573
1.10128
1.09845
1.09687
1.09373
1.08917
1.08253
1.07258
1.06435
1.06107
1.05866
1.05639
1.05586
1.05433
1.0501
1.04572
1.04065
1.03291
1.02324
1.01801
1.01601
1.01465
1.01361
1.01179
1.00821
1.00344
0.998294
0.994974
0.991592
0.988164
0.985603
0.98365
0.980894
0.977168
0.974993
0.974165
0.973427
0.972709
0.972651
0.972858
0.973352
0.973764
0.97408
0.975152
0.977983
0.979756
0.980472
0.980871
0.98089
0.980506
0.980179
0.980308
0.98122
0.983607
0.986842
0.988049
0.988235
0.988483
0.988872
0.989489
0.990716
0.992344
0.992829
0.992965
0.993087
0.993059
0.993142
0.993402
0.994248
0.995992
0.997039
0.997299
0.997502
0.997644
0.997784
0.998077
0.998464
0.999283
1.00033
1.00061
1.00076
1.00088
1.00111
1.00135
1.00156
1.00196
1.00279
1.0032
1.00335
1.00356
1.00387
1.00432
1.00482
1.00496
1.00503
1.00512
1.00523
1.00542
1.00579
1.00642
1.0068
1.00692
1.00692
1.00705
1.00722
1.00734
1.00746
1.00768
1.00819
1.00854
1.00862
1.00871
1.00874
1.00851
1.0085
1.0087
1.00888
1.00894
1.00893
1.00889
1.00886
1.00878
1.00873
1.00877
1.00885
1.00897
1.00924
1.00983
1.01031
1.0104
1.01044
1.01026
1.00964
1.00949
1.00964
1.00984
1.01022
1.01105
1.01186
1.01206
1.01212
1.01212
1.01162
1.01071
1.01051
1.01054
1.01064
1.01087
1.01105
1.01107
1.01097
1.01045
1.00902
1.00624
1.00264
1.00049
1.00004
1.00001
1
1
1
1
1
1
1
1
1
1
1
1
1
1
1
1
1
1
1
1
1
1
1
1
1
1
1
1
1
1
1
1
1
1
1
1
1
1
1
1
1
1
1
1
1
1
1
1
1
1
1
1
1
1
1
1
1
1
1
1
1
1
1
1
1
1
1
1
1
1
1
1
1
1
1
1
1
1
1
1
1
1
1
1
1
1
1
1
1
1
1
1
1
1
1
1
1
1
1
1
1
1
1
1
1
1
1
1
1
1
1
1
1
1
1
1
1
1
1
1
1
1
1
1
1
1
1
1
1
1
1
1
1
1
1
1
1
1
1
1
1
1
1
1
1
1
1
1
1
1
1
1
1
1
1
1
1
1
1
1
1.51822
1.51549
1.51069
1.50571
1.5017
1.49709
1.49155
1.48471
1.4768
1.4687
1.46059
1.45311
1.44515
1.43703
1.43179
1.42639
1.41973
1.41305
1.40503
1.39611
1.39118
1.38767
1.38318
1.37826
1.37159
1.36132
1.35247
1.34834
1.3442
1.33977
1.33467
1.32706
1.31528
1.30738
1.30278
1.29753
1.2929
1.28772
1.28028
1.26864
1.26039
1.25597
1.25017
1.24569
1.24196
1.23629
1.22716
1.21791
1.21325
1.20799
1.20318
1.19944
1.19451
1.1869
1.17688
1.17102
1.16814
1.16459
1.16046
1.15693
1.15268
1.14634
1.1368
1.12763
1.1236
1.12116
1.11816
1.11493
1.11223
1.10901
1.10464
1.09789
1.08826
1.08143
1.07839
1.07577
1.07388
1.07368
1.07112
1.06705
1.0628
1.05723
1.04904
1.04147
1.03771
1.03525
1.03433
1.03378
1.03141
1.02765
1.02293
1.01706
1.0135
1.01153
1.00806
1.00463
1.00237
0.999425
0.994761
0.989891
0.987444
0.986073
0.984355
0.982646
0.980242
0.978365
0.978364
0.978362
0.97837
0.979461
0.980417
0.98038
0.980122
0.978865
0.978951
0.978814
0.97858
0.979143
0.981805
0.984868
0.98544
0.985591
0.985864
0.986359
0.987173
0.988245
0.989143
0.989337
0.989474
0.989732
0.990186
0.99081
0.991527
0.992622
0.994141
0.994859
0.995178
0.99554
0.995927
0.996324
0.996815
0.997489
0.998328
0.999209
0.999692
0.999899
1.00004
1.0002
1.00047
1.00088
1.00134
1.00186
1.00246
1.00271
1.00281
1.00289
1.00309
1.00346
1.00406
1.00426
1.00428
1.00435
1.00448
1.0047
1.00517
1.00596
1.00635
1.00646
1.00658
1.00682
1.00704
1.00723
1.00745
1.00785
1.00873
1.00956
1.0098
1.00994
1.00998
1.01006
1.01025
1.01045
1.01065
1.0109
1.01107
1.01118
1.01123
1.01114
1.01092
1.01076
1.01077
1.0109
1.01121
1.01195
1.01263
1.01279
1.01284
1.01265
1.01244
1.01257
1.01276
1.01302
1.0135
1.01417
1.01444
1.01449
1.01417
1.0127
1.0108
1.01032
1.01034
1.01042
1.01044
1.01038
1.01015
1.00949
1.00802
1.00539
1.0022
1.00039
1.00003
1
1
1
1
1
1
1
1
1
1
1
1
1
1
1
1
1
1
1
1
1
1
1
1
1
1
1
1
1
1
1
1
1
1
1
1
1
1
1
1
1
1
1
1
1
1
1
1
1
1
1
1
1
1
1
1
1
1
1
1
1
1
1
1
1
1
1
1
1
1
1
1
1
1
1
1
1
1
1
1
1
1
1
1
1
1
1
1
1
1
1
1
1
1
1
1
1
1
1
1
1
1
1
1
1
1
1
1
1
1
1
1
1
1
1
1
1
1
1
1
1
1
1
1
1
1
1
1
1
1
1
1
1
1
1
1
1
1
1
1
1
1
1
1
1
1
1
1
1
1
1
1
1
1
1
1
1
1
1
1
1
1
1
1.44893
1.47101
1.47806
1.47906
1.47937
1.4813
1.48056
1.47748
1.47317
1.46743
1.46232
1.45733
1.45155
1.44459
1.43714
1.4306
1.423
1.41507
1.40804
1.39955
1.39267
1.38832
1.38228
1.37588
1.36975
1.36124
1.35256
1.34883
1.34468
1.33859
1.33345
1.32712
1.31746
1.30923
1.30552
1.30053
1.29461
1.28974
1.28319
1.27316
1.26516
1.26152
1.25642
1.25196
1.24784
1.24147
1.23147
1.22549
1.22115
1.21517
1.21112
1.20747
1.20153
1.19229
1.18638
1.18302
1.17813
1.174
1.17108
1.16698
1.16114
1.15247
1.14398
1.14048
1.13779
1.13396
1.1309
1.12808
1.12456
1.12019
1.11344
1.10422
1.09865
1.09634
1.09391
1.09112
1.08921
1.08701
1.08398
1.0798
1.07355
1.06514
1.05883
1.05587
1.05466
1.05466
1.05241
1.04888
1.046
1.04184
1.03561
1.03143
1.02948
1.02765
1.02437
1.02166
1.01916
1.01509
1.00941
1.00619
1.00485
1.00278
1.0003
0.998002
0.995023
0.992187
0.990882
0.990388
0.989835
0.988808
0.987368
0.985694
0.98317
0.981651
0.981855
0.982047
0.982774
0.983934
0.984323
0.984468
0.984166
0.984379
0.984873
0.985625
0.987004
0.988025
0.988561
0.988961
0.989223
0.989503
0.989959
0.990835
0.992434
0.994235
0.995094
0.995442
0.995774
0.996134
0.996554
0.997083
0.997988
0.999323
0.999921
1.00016
1.00036
1.00062
1.00097
1.00138
1.0021
1.00326
1.00372
1.00395
1.00429
1.00451
1.00467
1.00487
1.00517
1.00588
1.00653
1.00666
1.00665
1.00669
1.00694
1.00737
1.00808
1.00861
1.00878
1.00889
1.00885
1.0087
1.00872
1.00882
1.00899
1.00933
1.01004
1.01066
1.01083
1.01091
1.01085
1.01065
1.01068
1.01077
1.01087
1.01117
1.01215
1.01303
1.01323
1.0133
1.01345
1.01369
1.01393
1.01427
1.01497
1.01623
1.01699
1.01715
1.01723
1.01712
1.01633
1.01569
1.01567
1.01571
1.01576
1.01573
1.01551
1.01469
1.01275
1.01021
1.00938
1.00934
1.00929
1.00914
1.00879
1.00805
1.00661
1.00423
1.0016
1.00026
1.00002
1
1
1
1
1
1
1
1
1
1
1
1
1
1
1
1
1
1
1
1
1
1
1
1
1
1
1
1
1
1
1
1
1
1
1
1
1
1
1
1
1
1
1
1
1
1
1
1
1
1
1
1
1
1
1
1
1
1
1
1
1
1
1
1
1
1
1
1
1
1
1
1
1
1
1
1
1
1
1
1
1
1
1
1
1
1
1
1
1
1
1
1
1
1
1
1
1
1
1
1
1
1
1
1
1
1
1
1
1
1
1
1
1
1
1
1
1
1
1
1
1
1
1
1
1
1
1
1
1
1
1
1
1
1
1
1
1
1
1
1
1
1
1
1
1
1
1
1
1
1
1
1
1
1
1
1
1
1
1
1
1
1
1
1
1
1.22762
1.28471
1.33461
1.38209
1.40118
1.4234
1.43723
1.44469
1.44918
1.44727
1.44644
1.4454
1.44319
1.43972
1.43523
1.4311
1.42701
1.42185
1.41627
1.40968
1.40265
1.39686
1.39053
1.38295
1.37576
1.36831
1.35967
1.35393
1.34942
1.34269
1.33568
1.32979
1.32149
1.3136
1.30996
1.30476
1.29776
1.29279
1.28673
1.27744
1.27157
1.26834
1.26244
1.25643
1.25265
1.24678
1.23761
1.23237
1.22881
1.22289
1.21852
1.21462
1.208
1.20002
1.19665
1.19272
1.1877
1.18461
1.18081
1.17497
1.16695
1.16155
1.15778
1.15332
1.14935
1.1466
1.14401
1.14028
1.13522
1.12872
1.12235
1.11647
1.11306
1.11037
1.10781
1.10599
1.10359
1.1002
1.09579
1.0891
1.08197
1.07762
1.07498
1.073
1.07176
1.06973
1.06706
1.06408
1.05955
1.0529
1.04889
1.04728
1.04576
1.04306
1.04041
1.03802
1.03454
1.02897
1.0255
1.02426
1.02251
1.02006
1.01767
1.01451
1.01157
1.01002
1.00837
1.00679
1.00519
1.00344
1.00125
0.99799
0.995419
0.995153
0.99512
0.995365
0.995668
0.995359
0.994276
0.992502
0.991713
0.992131
0.992839
0.993726
0.99408
0.994283
0.994018
0.993306
0.993557
0.99405
0.99496
0.996833
0.998191
0.998649
0.998995
0.999145
0.999248
0.999447
0.99976
1.00055
1.00192
1.00246
1.0026
1.00265
1.00284
1.00314
1.00354
1.00422
1.0055
1.00637
1.00656
1.00675
1.00706
1.00735
1.00759
1.00789
1.00846
1.00929
1.0098
1.01
1.01008
1.0103
1.01065
1.01117
1.01196
1.01262
1.01283
1.01293
1.01288
1.01251
1.01245
1.01263
1.01289
1.0134
1.01443
1.01513
1.01529
1.01534
1.01518
1.01504
1.01519
1.01545
1.01589
1.01693
1.01843
1.01898
1.01912
1.01912
1.01887
1.01891
1.01912
1.01944
1.02005
1.0207
1.02084
1.02062
1.01925
1.01674
1.01567
1.01563
1.01565
1.01562
1.01551
1.01518
1.01417
1.0116
1.00833
1.00721
1.00708
1.00693
1.00662
1.006
1.00486
1.00301
1.00107
1.00016
1.00001
1
1
1
1
1
1
1
1
1
1
1
1
1
1
1
1
1
1
1
1
1
1
1
1
1
1
1
1
1
1
1
1
1
1
1
1
1
1
1
1
1
1
1
1
1
1
1
1
1
1
1
1
1
1
1
1
1
1
1
1
1
1
1
1
1
1
1
1
1
1
1
1
1
1
1
1
1
1
1
1
1
1
1
1
1
1
1
1
1
1
1
1
1
1
1
1
1
1
1
1
1
1
1
1
1
1
1
1
1
1
1
1
1
1
1
1
1
1
1
1
1
1
1
1
1
1
1
1
1
1
1
1
1
1
1
1
1
1
1
1
1
1
1
1
1
1
1
1
1
1
1
1
1
1
1
1
1
1
1
1
1
1
1
1
1
1
1
1.01847
1.03996
1.07494
1.12528
1.17414
1.2328
1.27787
1.31458
1.35424
1.37281
1.38636
1.40271
1.40947
1.4123
1.4138
1.41327
1.41307
1.41162
1.40838
1.40436
1.40009
1.39663
1.39384
1.38962
1.38446
1.37919
1.37329
1.36765
1.36281
1.35677
1.3487
1.34205
1.3357
1.32783
1.32192
1.31674
1.30927
1.30222
1.29703
1.28999
1.28222
1.27807
1.27325
1.2657
1.26002
1.25536
1.24795
1.24179
1.2386
1.23336
1.22706
1.223
1.21722
1.21056
1.20736
1.20334
1.19839
1.19467
1.18992
1.18246
1.17729
1.17406
1.16961
1.16554
1.163
1.15991
1.15503
1.14963
1.14497
1.13978
1.13417
1.12999
1.12769
1.12512
1.12181
1.11937
1.11648
1.11223
1.10578
1.09877
1.09494
1.09239
1.0906
1.08992
1.08751
1.08425
1.08089
1.07679
1.0707
1.06641
1.06493
1.06353
1.06091
1.05855
1.05651
1.05303
1.04761
1.04422
1.04289
1.04184
1.03981
1.03743
1.03439
1.03041
1.02838
1.0275
1.02606
1.0241
1.02223
1.0201
1.01663
1.01338
1.01258
1.01253
1.01256
1.01166
1.01046
1.00903
1.0066
1.0046
1.00449
1.00469
1.00494
1.00487
1.00439
1.00314
1.00104
1.00033
1.00064
1.00144
1.00279
1.00343
1.00365
1.0037
1.00257
1.00162
1.00175
1.00203
1.00284
1.00414
1.00465
1.00485
1.00487
1.00467
1.0049
1.00516
1.00567
1.00694
1.00815
1.00833
1.00839
1.00836
1.00847
1.00871
1.00902
1.00954
1.01053
1.01132
1.01158
1.01177
1.01197
1.01224
1.01257
1.01301
1.01387
1.01523
1.01596
1.01624
1.01646
1.01661
1.01681
1.01713
1.01769
1.0189
1.02074
1.02153
1.02174
1.02177
1.02159
1.02177
1.02209
1.02253
1.02334
1.02476
1.02565
1.02584
1.02559
1.02392
1.02227
1.02206
1.02208
1.02207
1.02199
1.02175
1.02112
1.01958
1.01661
1.01472
1.01453
1.01447
1.01432
1.01399
1.01324
1.01153
1.0083
1.00519
1.00427
1.0041
1.00391
1.00356
1.00291
1.00184
1.00066
1.0001
1
1
1
1
1
1
1
1
1
1
1
1
1
1
1
1
1
1
1
1
1
1
1
1
1
1
1
1
1
1
1
1
1
1
1
1
1
1
1
1
1
1
1
1
1
1
1
1
1
1
1
1
1
1
1
1
1
1
1
1
1
1
1
1
1
1
1
1
1
1
1
1
1
1
1
1
1
1
1
1
1
1
1
1
1
1
1
1
1
1
1
1
1
1
1
1
1
1
1
1
1
1
1
1
1
1
1
1
1
1
1
1
1
1
1
1
1
1
1
1
1
1
1
1
1
1
1
1
1
1
1
1
1
1
1
1
1
1
1
1
1
1
1
1
1
1
1
1
1
1
1
1
1
1
1
1
1
1
1
1
1
1
1
1
1
1
1
1
1
1
1.00011
1.00046
1.00154
1.00461
1.01103
1.02459
1.04661
1.07787
1.11947
1.16364
1.2068
1.24712
1.28202
1.3087
1.33497
1.34814
1.35872
1.3716
1.37674
1.37829
1.37902
1.37919
1.37977
1.3785
1.37538
1.37205
1.36867
1.36542
1.36228
1.35887
1.3547
1.35002
1.34569
1.34159
1.33738
1.33268
1.32683
1.32025
1.31519
1.30997
1.30273
1.29652
1.29158
1.28431
1.27707
1.2728
1.26659
1.25947
1.25546
1.2496
1.24257
1.23863
1.23282
1.22708
1.22344
1.21772
1.21288
1.20847
1.20156
1.19688
1.19344
1.18815
1.18428
1.18163
1.17724
1.17143
1.16759
1.16329
1.1579
1.15233
1.14848
1.14621
1.14385
1.13999
1.13592
1.13333
1.12964
1.12343
1.11636
1.11335
1.11179
1.10915
1.10734
1.10557
1.10271
1.09872
1.09305
1.08908
1.08572
1.08268
1.08108
1.07999
1.07804
1.0752
1.0708
1.06587
1.06347
1.06243
1.06126
1.05958
1.05704
1.05406
1.05092
1.04756
1.04586
1.0449
1.04354
1.04186
1.03993
1.03685
1.03337
1.03235
1.03215
1.03136
1.02988
1.02858
1.02722
1.02489
1.02247
1.02192
1.02189
1.0218
1.02103
1.01996
1.0184
1.01606
1.01487
1.01496
1.01556
1.01651
1.01682
1.01682
1.0164
1.01494
1.01323
1.01298
1.01315
1.01383
1.01507
1.01559
1.01583
1.01591
1.01544
1.01543
1.0156
1.01587
1.01673
1.01771
1.01796
1.01806
1.01802
1.01785
1.01803
1.01835
1.01885
1.01984
1.02099
1.02137
1.02155
1.02177
1.02209
1.02245
1.02289
1.02368
1.02502
1.02579
1.02592
1.02592
1.02625
1.02668
1.02713
1.02771
1.02867
1.03026
1.03136
1.03163
1.03169
1.03064
1.02895
1.02863
1.02866
1.02878
1.02884
1.02876
1.02833
1.0269
1.02416
1.02204
1.02171
1.0217
1.02164
1.02148
1.02115
1.0203
1.01805
1.01414
1.01182
1.01147
1.01129
1.01096
1.01032
1.00908
1.00681
1.0038
1.00204
1.00169
1.0016
1.00147
1.00124
1.00085
1.00035
1.00006
1
1
1
1
1
1
1
1
1
1
1
1
1
1
1
1
1
1
1
1
1
1
1
1
1
1
1
1
1
1
1
1
1
1
1
1
1
1
1
1
1
1
1
1
1
1
1
1
1
1
1
1
1
1
1
1
1
1
1
1
1
1
1
1
1
1
1
1
1
1
1
1
1
1
1
1
1
1
1
1
1
1
1
1
1
1
1
1
1
1
1
1
1
1
1
1
1
1
1
1
1
1
1
1
1
1
1
1
1
1
1
1
1
1
1
1
1
1
1
1
1
1
1
1
1
1
1
1
1
1
1
1
1
1
1
1
1
1
1
1
1
1
1
1
1
1
1
1
1
1
1
1
1
1
1
1
1
1
1
1
1
1
1
1
1
1
1
1
1
1
1
1
1
1
1
1.00001
1.00005
1.00021
1.0007
1.00197
1.00501
1.01106
1.02211
1.03917
1.06429
1.09414
1.13068
1.16592
1.19938
1.23404
1.25728
1.28166
1.3028
1.31301
1.32344
1.3365
1.34074
1.34246
1.34499
1.34511
1.34617
1.34624
1.34402
1.34097
1.33827
1.33575
1.33302
1.32999
1.32646
1.32246
1.31834
1.31519
1.31187
1.30729
1.30384
1.30002
1.29467
1.29087
1.28651
1.28043
1.27639
1.27131
1.26499
1.26111
1.25584
1.24991
1.24589
1.24004
1.23378
1.22969
1.22388
1.21874
1.2155
1.21049
1.20514
1.2012
1.19588
1.19017
1.18644
1.18206
1.17614
1.1728
1.1699
1.16493
1.16104
1.15859
1.15463
1.15029
1.14549
1.13886
1.13421
1.13269
1.1314
1.12839
1.12611
1.1237
1.11962
1.11306
1.10798
1.10653
1.10427
1.10206
1.10089
1.09895
1.09561
1.09022
1.08671
1.08483
1.08297
1.08177
1.08068
1.07877
1.07537
1.07158
1.06844
1.06649
1.06552
1.06432
1.06275
1.06098
1.05818
1.05485
1.0538
1.05303
1.0517
1.05016
1.04891
1.04773
1.04568
1.04299
1.04209
1.04203
1.0415
1.04028
1.03907
1.0377
1.03558
1.03404
1.03402
1.03427
1.03465
1.03453
1.03391
1.03278
1.03085
1.02933
1.0292
1.02944
1.03015
1.03085
1.03097
1.03097
1.03039
1.02942
1.02936
1.02953
1.0299
1.03071
1.03127
1.03139
1.03147
1.03123
1.03111
1.03139
1.03177
1.03253
1.03399
1.03504
1.03536
1.03549
1.03533
1.03542
1.03571
1.03614
1.03697
1.03839
1.03926
1.03946
1.03948
1.03816
1.03658
1.0365
1.03667
1.03701
1.03712
1.03705
1.03664
1.03516
1.03193
1.02948
1.02909
1.02909
1.02905
1.02895
1.02875
1.02823
1.02672
1.02325
1.02011
1.01953
1.01941
1.0192
1.01879
1.01802
1.01648
1.01343
1.00932
1.00719
1.00677
1.00651
1.00609
1.00533
1.00404
1.00223
1.00083
1.00042
1.00037
1.00035
1.00031
1.00024
1.00013
1.00003
1
1
1
1
1
1
1
1
1
1
1
1
1
1
1
1
1
1
1
1
1
1
1
1
1
1
1
1
1
1
1
1
1
1
1
1
1
1
1
1
1
1
1
1
1
1
1
1
1
1
1
1
1
1
1
1
1
1
1
1
1
1
1
1
1
1
1
1
1
1
1
1
1
1
1
1
1
1
1
1
1
1
1
1
1
1
1
1
1
1
1
1
1
1
1
1
1
1
1
1
1
1
1
1
1
1
1
1
1
1
1
1
1
1
1
1
1
1
1
1
1
1
1
1
1
1
1
1
1
1
1
1
1
1
1
1
1
1
1
1
1
1
1
1
1
1
1
1
1
1
1
1
1
1
1
1
1
1
1
1
1
1
1
1
1
1
1
1
1
1
1
1
1
1
1
1
1
1
1
1
1
1
1.00002
1.00006
1.0002
1.00058
1.00153
1.00353
1.00742
1.0144
1.02497
1.04104
1.06133
1.08625
1.11442
1.14258
1.16995
1.1972
1.21959
1.24017
1.25901
1.26993
1.28185
1.29573
1.29996
1.30335
1.30872
1.31027
1.31116
1.3124
1.31181
1.31097
1.30957
1.30717
1.30449
1.30192
1.29956
1.29667
1.29283
1.28985
1.28686
1.28255
1.27946
1.27646
1.27227
1.26922
1.26608
1.26231
1.259
1.25455
1.25071
1.24781
1.24373
1.2401
1.23633
1.2316
1.22744
1.22318
1.21828
1.21452
1.21081
1.20591
1.20163
1.19816
1.19352
1.18827
1.18523
1.18227
1.17741
1.1721
1.1682
1.1635
1.15937
1.15744
1.15539
1.15186
1.14858
1.14532
1.13988
1.13342
1.13112
1.13016
1.12801
1.12603
1.12407
1.12062
1.11462
1.11096
1.10966
1.10763
1.10609
1.10524
1.10351
1.09989
1.09506
1.09296
1.09116
1.08936
1.08816
1.08688
1.08522
1.08239
1.07875
1.0776
1.07718
1.0758
1.07403
1.07274
1.07143
1.06906
1.06643
1.06553
1.0655
1.06522
1.06405
1.06259
1.06102
1.05871
1.05695
1.05681
1.05714
1.05769
1.05764
1.05697
1.05558
1.0532
1.05113
1.05078
1.05092
1.05192
1.05302
1.0532
1.05322
1.05258
1.05068
1.04969
1.04955
1.04967
1.0505
1.05137
1.05151
1.05147
1.05078
1.0495
1.04939
1.04969
1.05023
1.05126
1.05196
1.052
1.05167
1.04985
1.0473
1.04664
1.04657
1.04659
1.04658
1.04639
1.04589
1.04444
1.04119
1.03876
1.03836
1.03821
1.03807
1.03787
1.03763
1.03711
1.03564
1.0321
1.0285
1.02775
1.02765
1.02749
1.02716
1.02658
1.02548
1.02311
1.01878
1.01522
1.01439
1.01411
1.01369
1.01295
1.01169
1.00958
1.00647
1.00372
1.00273
1.00251
1.00233
1.00205
1.00157
1.00089
1.00029
1.00006
1.00004
1.00003
1.00003
1.00003
1.00002
1.00001
1
1
1
1
1
1
1
1
1
1
1
1
1
1
1
1
1
1
1
1
1
1
1
1
1
1
1
1
1
1
1
1
1
1
1
1
1
1
1
1
1
1
1
1
1
1
1
1
1
1
1
1
1
1
1
1
1
1
1
1
1
1
1
1
1
1
1
1
1
1
1
1
1
1
1
1
1
1
1
1
1
1
1
1
1
1
1
1
1
1
1
1
1
1
1
1
1
1
1
1
1
1
1
1
1
1
1
1
1
1
1
1
1
1
1
1
1
1
1
1
1
1
1
1
1
1
1
1
1
1
1
1
1
1
1
1
1
1
1
1
1
1
1
1
1
1
1
1
1
1
1
1
1
1
1
1
1
1
1
1
1
1
1
1
1
1
1
1
1
1
1
1
1
1
1
1
1
1
1
1
1
1
1
1
1
1
1
1
1
1.00001
1.00004
1.00011
1.00029
1.00074
1.00166
1.00344
1.0066
1.01174
1.01944
1.0303
1.04463
1.06187
1.08209
1.10343
1.12514
1.14759
1.16791
1.18697
1.2037
1.21765
1.23195
1.24393
1.25112
1.258
1.26615
1.26986
1.2715
1.27464
1.27687
1.27709
1.27703
1.27646
1.27516
1.27361
1.27198
1.27039
1.26785
1.26569
1.26304
1.25979
1.25678
1.25363
1.25074
1.2479
1.24461
1.24173
1.23898
1.23581
1.23229
1.22876
1.22599
1.22358
1.22088
1.21764
1.21367
1.21078
1.20819
1.20484
1.20213
1.19963
1.19545
1.19161
1.18929
1.18611
1.18224
1.17992
1.17793
1.17495
1.17109
1.16716
1.16243
1.15899
1.15783
1.15644
1.15363
1.15074
1.14782
1.14338
1.13879
1.13725
1.13585
1.13394
1.13252
1.13059
1.12699
1.12205
1.11957
1.11886
1.11766
1.11566
1.11367
1.11183
1.10915
1.10645
1.10524
1.10358
1.10163
1.10016
1.09893
1.09768
1.09573
1.09329
1.09255
1.09171
1.09007
1.08876
1.08769
1.08655
1.08504
1.08283
1.08207
1.08197
1.08191
1.081
1.07986
1.0787
1.07722
1.07504
1.07323
1.07319
1.07346
1.0741
1.07418
1.07348
1.07228
1.07043
1.06776
1.06608
1.06573
1.0657
1.0659
1.06595
1.06561
1.06465
1.06207
1.05927
1.05847
1.05807
1.05766
1.05716
1.05649
1.05547
1.05349
1.05017
1.04779
1.04741
1.04732
1.04721
1.04694
1.04638
1.04501
1.04178
1.0381
1.03716
1.03697
1.03673
1.03632
1.03567
1.03453
1.03211
1.02751
1.02347
1.02252
1.02223
1.0218
1.02108
1.01992
1.01804
1.01491
1.01078
1.00809
1.00738
1.00703
1.00656
1.0058
1.00463
1.00301
1.00143
1.00066
1.0005
1.00046
1.00041
1.00034
1.00021
1.00008
1.00001
1
1
1
1
1
1
1
1
1
1
1
1
1
1
1
1
1
1
1
1
1
1
1
1
1
1
1
1
1
1
1
1
1
1
1
1
1
1
1
1
1
1
1
1
1
1
1
1
1
1
1
1
1
1
1
1
1
1
1
1
1
1
1
1
1
1
1
1
1
1
1
1
1
1
1
1
1
1
1
1
1
1
1
1
1
1
1
1
1
1
1
1
1
1
1
1
1
1
1
1
1
1
1
1
1
1
1
1
1
1
1
1
1
1
1
1
1
1
1
1
1
1
1
1
1
1
1
1
1
1
1
1
1
1
1
1
1
1
1
1
1
1
1
1
1
1
1
1
1
1
1
1
1
1
1
1
1
1
1
1
1
1
1
1
1
1
1
1
1
1
1
1
1
1
1
1
1
1
1
1
1
1
1
1
1
1
1
1
1
1
1
1
1
1
1
1
1
1
1
1
1
1
1
1.00001
1.00003
1.00009
1.00022
1.00049
1.00103
1.00201
1.0037
1.00641
1.01041
1.01615
1.02392
1.03378
1.04574
1.05945
1.0747
1.09103
1.10738
1.12332
1.13909
1.15408
1.16778
1.18007
1.19087
1.20103
1.21022
1.21678
1.22163
1.22668
1.23216
1.23542
1.23659
1.2377
1.23932
1.24047
1.23984
1.23918
1.2381
1.2371
1.2364
1.23468
1.23265
1.2302
1.22804
1.22636
1.22432
1.22179
1.21898
1.21645
1.21391
1.21132
1.20859
1.20569
1.20304
1.20108
1.1986
1.19484
1.19215
1.18997
1.18751
1.18585
1.18391
1.18055
1.17728
1.17497
1.17233
1.16951
1.16792
1.16668
1.16457
1.16177
1.15838
1.1549
1.15315
1.15205
1.1503
1.14797
1.146
1.1438
1.14096
1.13788
1.1358
1.13473
1.13348
1.13149
1.12977
1.12811
1.12525
1.12274
1.12138
1.11955
1.1174
1.11593
1.11512
1.11396
1.11128
1.10894
1.10765
1.10574
1.10372
1.10186
1.10076
1.10029
1.09945
1.09719
1.09504
1.09384
1.09219
1.09037
1.08884
1.08758
1.08671
1.08569
1.08326
1.08152
1.08143
1.08058
1.07874
1.0772
1.07597
1.07457
1.07251
1.06984
1.06844
1.0682
1.06806
1.06762
1.06664
1.06495
1.06219
1.05941
1.05802
1.0573
1.05671
1.05602
1.05493
1.05271
1.04911
1.04671
1.04612
1.04579
1.04531
1.04459
1.04343
1.04121
1.03689
1.03227
1.03081
1.03038
1.02985
1.02901
1.02774
1.02577
1.0225
1.0178
1.01431
1.01333
1.01289
1.01229
1.01135
1.00994
1.00796
1.00547
1.0033
1.00233
1.00207
1.00191
1.00168
1.00132
1.00083
1.00035
1.0001
1.00004
1.00003
1.00003
1.00003
1.00002
1.00001
1
1
1
1
1
1
1
1
1
1
1
1
1
1
1
1
1
1
1
1
1
1
1
1
1
1
1
1
1
1
1
1
1
1
1
1
1
1
1
1
1
1
1
1
1
1
1
1
1
1
1
1
1
1
1
1
1
1
1
1
1
1
1
1
1
1
1
1
1
1
1
1
1
1
1
1
1
1
1
1
1
1
1
1
1
1
1
1
1
1
1
1
1
1
1
1
1
1
1
1
1
1
1
1
1
1
1
1
1
1
1
1
1
1
1
1
1
1
1
1
1
1
1
1
1
1
1
1
1
1
1
1
1
1
1
1
1
1
1
1
1
1
1
1
1
1
1
1
1
1
1
1
1
1
1
1
1
1
1
1
1
1
1
1
1
1
1
1
1
1
1
1
1
1
1
1
1
1
1
1
1
1
1
1
1
1
1
1
1
1
1
1
1
1
1
1
1
1
1
1
1
1
1
1
1
1
1
1
1
1
1
1
1.00001
1.00002
1.00004
1.00008
1.00018
1.00037
1.00072
1.0013
1.00224
1.00369
1.00581
1.0088
1.01278
1.0179
1.02438
1.03209
1.04092
1.05082
1.06157
1.0729
1.08445
1.09601
1.10732
1.11851
1.12914
1.13894
1.1477
1.15563
1.16293
1.16978
1.17611
1.18123
1.18532
1.1885
1.19126
1.1942
1.19688
1.19799
1.19835
1.19869
1.19939
1.20008
1.19944
1.19847
1.19748
1.19622
1.19545
1.19467
1.19305
1.19113
1.18873
1.18698
1.1859
1.18434
1.18251
1.18052
1.178
1.17496
1.17281
1.17134
1.1698
1.16808
1.16602
1.1632
1.16079
1.15892
1.15674
1.15438
1.15194
1.15068
1.14967
1.14743
1.14447
1.14141
1.13972
1.13856
1.13663
1.13453
1.13251
1.13105
1.13016
1.12785
1.12469
1.12231
1.12077
1.119
1.117
1.117
1.1167
1.11387
1.11045
1.10808
1.10645
1.10474
1.10242
1.10142
1.10205
1.10155
1.09889
1.09603
1.09386
1.092
1.08995
1.08735
1.08643
1.0871
1.08672
1.0845
1.08232
1.08065
1.07889
1.0765
1.07347
1.072
1.07153
1.07078
1.06957
1.06828
1.06695
1.06535
1.06325
1.06028
1.05659
1.05405
1.05298
1.05229
1.05153
1.05049
1.04891
1.04614
1.04164
1.03771
1.03635
1.03564
1.03474
1.03346
1.03159
1.02873
1.02447
1.02034
1.01859
1.01789
1.01711
1.01599
1.01439
1.01222
1.00944
1.00662
1.00502
1.00451
1.00421
1.00382
1.00324
1.00246
1.00156
1.00077
1.00037
1.00026
1.00023
1.00021
1.00017
1.00012
1.00005
1.00001
1
1
1
1
1
1
1
1
1
1
1
1
1
1
1
1
1
1
1
1
1
1
1
1
1
1
1
1
1
1
1
1
1
1
1
1
1
1
1
1
1
1
1
1
1
1
1
1
1
1
1
1
1
1
1
1
1
1
1
1
1
1
1
1
1
1
1
1
1
1
1
1
1
1
1
1
1
1
1
1
1
1
1
1
1
1
1
1
1
1
1
1
1
1
1
1
1
1
1
1
1
1
1
1
1
1
1
1
1
1
1
1
1
1
1
1
1
1
1
1
1
1
1
1
1
1
1
1
1
1
1
1
1
1
1
1
1
1
1
1
1
1
1
1
1
1
1
1
1
1
1
1
1
1
1
1
1
1
1
1
1
1
1
1
1
1
1
1
1
1
1
1
1
1
1
1
1
1
1
1
1
1
1
1
1
1
1
1
1
1
1
1
1
1
1
1
1
1
1
1
1
1
1
1
1
1
1
1
1
1
1
1
1
1
1
1
1
1
1
1
1
1
1
1
1
1
1
1
1.00001
1.00002
1.00004
1.00007
1.00014
1.00026
1.00046
1.00078
1.00127
1.00199
1.00301
1.0044
1.00626
1.00868
1.01167
1.0153
1.01964
1.02466
1.03025
1.03641
1.04313
1.05032
1.05776
1.06527
1.07275
1.08011
1.08733
1.09445
1.10138
1.1078
1.1137
1.11907
1.12407
1.12875
1.1329
1.13675
1.14017
1.14294
1.14534
1.14738
1.14921
1.15099
1.15233
1.15304
1.15345
1.15381
1.15429
1.15434
1.15371
1.15285
1.15223
1.15174
1.1518
1.15106
1.14991
1.14833
1.14635
1.14497
1.14404
1.14324
1.14223
1.14086
1.139
1.13649
1.13462
1.13364
1.13245
1.13068
1.12835
1.12725
1.12661
1.12491
1.12247
1.11977
1.11689
1.1155
1.11574
1.11559
1.11363
1.11097
1.10805
1.10467
1.10206
1.10133
1.10189
1.10168
1.0997
1.09728
1.09429
1.09039
1.08782
1.08702
1.08683
1.08644
1.08495
1.08245
1.07955
1.07627
1.0737
1.07248
1.07166
1.07062
1.06911
1.06668
1.0632
1.05995
1.05788
1.05647
1.05513
1.05353
1.05154
1.04908
1.04598
1.04234
1.03921
1.03738
1.03611
1.03472
1.03297
1.0307
1.02772
1.0241
1.02103
1.01941
1.01841
1.01733
1.01591
1.01405
1.0117
1.00909
1.00709
1.00617
1.00568
1.00517
1.00449
1.00361
1.00261
1.00164
1.00097
1.0007
1.00063
1.00057
1.00048
1.00036
1.00022
1.00009
1.00003
1.00001
1.00001
1.00001
1.00001
1.00001
1
1
1
1
1
1
1
1
1
1
1
1
1
1
1
1
1
1
1
1
1
1
1
1
1
1
1
1
1
1
1
1
1
1
1
1
1
1
1
1
1
1
1
1
1
1
1
1
1
1
1
1
1
1
1
1
1
1
1
1
1
1
1
1
1
1
1
1
1
1
1
1
1
1
1
1
1
1
1
1
1
1
1
1
1
1
1
1
1
1
1
1
1
1
1
1
1
1
1
1
1
1
1
1
1
1
1
1
1
1
1
1
1
1
1
1
1
1
1
1
1
1
1
1
1
1
1
1
1
1
1
1
1
1
1
1
1
1
1
1
1
1
1
1
1
1
1
1
1
1
1
1
1
1
1
1
1
1
1
1
1
1
1
1
1
1
1
1
1
1
1
1
1
1
1
1
1
1
1
1
1
1
1
1
1
1
1
1
1
1
1
1
1
1
1
1
1
1
1
1
1
1
1
1
1
1
1
1
1
1
1
1
1
1
1
1
1
1
1
1
1
1
1
1
1
1
1
1
1
1
1
1
1
1
1
1
1
1
1
1
1
1.00001
1.00001
1.00003
1.00005
1.00009
1.00015
1.00024
1.00038
1.00059
1.00088
1.00129
1.00183
1.00255
1.00345
1.00458
1.00597
1.00763
1.0096
1.01186
1.01445
1.01734
1.0205
1.02388
1.02748
1.03131
1.03532
1.03942
1.04354
1.04768
1.05177
1.05578
1.0597
1.06357
1.06731
1.07077
1.07397
1.07694
1.07974
1.08232
1.08472
1.08696
1.08898
1.09087
1.09254
1.09384
1.09481
1.09543
1.09589
1.09653
1.09748
1.09831
1.09833
1.09799
1.09745
1.097
1.09658
1.09641
1.09632
1.09568
1.09489
1.09403
1.09294
1.09151
1.09024
1.08933
1.08855
1.0878
1.08687
1.08545
1.08332
1.08122
1.07986
1.07861
1.07732
1.07611
1.07475
1.07301
1.07096
1.06881
1.06663
1.06463
1.06312
1.06182
1.06033
1.05846
1.05615
1.0536
1.05108
1.04893
1.04732
1.04592
1.04428
1.0422
1.03968
1.03689
1.03423
1.03211
1.03048
1.029
1.02737
1.02544
1.02321
1.02077
1.01838
1.01645
1.01509
1.014
1.01286
1.01156
1.01005
1.00839
1.00679
1.00562
1.00494
1.00445
1.00393
1.00331
1.00261
1.00189
1.00128
1.00091
1.00076
1.00068
1.00058
1.00045
1.00031
1.00017
1.00008
1.00004
1.00003
1.00002
1.00002
1.00002
1.00001
1.00001
1
1
1
1
1
1
1
1
1
1
1
1
1
1
1
1
1
1
1
1
1
1
1
1
1
1
1
1
1
1
1
1
1
1
1
1
1
1
1
1
1
1
1
1
1
1
1
1
1
1
1
1
1
1
1
1
1
1
1
1
1
1
1
1
1
1
1
1
1
1
1
1
1
1
1
1
1
1
1
1
1
1
1
1
1
1
1
1
1
1
1
1
1
1
1
1
1
1
1
1
1
1
1
1
1
1
1
1
1
1
1
1
1
1
1
1
1
1
1
1
1
1
1
1
1
1
1
1
1
1
1
1
1
1
1
1
1
1
1
1
1
1
1
1
1
1
1
1
1
1
1
1
1
1
1
1
1
1
1
1
1
1
1
1
1
1
1
1
1
1
1
1
1
1
1
1
1
1
1
1
1
1
1
1
1
1
1
1
1
1
1
1
1
1
1
1
1
1
1
1
1
1
1
1
1
1
1
1
1
1
1
1
1
1
1
1
1
1
1
1
1
1
1
1
1
1
1
1
1
1
1
1
1
1
1
1
1
1
1
1
1
1
1
1
1
1
1
1
1
1
1
1
1
1
1
1
1
1
1
1
1.00001
1.00001
1.00002
1.00004
1.00006
1.00009
1.00014
1.0002
1.00029
1.0004
1.00055
1.00075
1.001
1.0013
1.00168
1.00213
1.00266
1.00327
1.00397
1.00477
1.00566
1.00663
1.0077
1.00885
1.01006
1.01133
1.01265
1.01405
1.0155
1.01698
1.01846
1.01992
1.0213
1.02263
1.02392
1.02524
1.02655
1.02781
1.029
1.03007
1.03094
1.03164
1.03232
1.03307
1.03377
1.03439
1.03487
1.03518
1.03528
1.03523
1.03515
1.03512
1.03518
1.0352
1.03499
1.03461
1.03405
1.03341
1.03275
1.03213
1.03161
1.03108
1.03043
1.02959
1.02859
1.02753
1.02647
1.02541
1.02442
1.02356
1.02268
1.0217
1.02057
1.01931
1.01801
1.01681
1.01578
1.01488
1.01401
1.01305
1.01196
1.01079
1.00964
1.00863
1.00784
1.00716
1.0065
1.00581
1.00508
1.00435
1.00365
1.00305
1.0026
1.00227
1.00199
1.00171
1.00141
1.00111
1.00083
1.0006
1.00046
1.00039
1.00033
1.00027
1.0002
1.00014
1.00008
1.00004
1.00003
1.00002
1.00002
1.00002
1.00001
1.00001
1
1
1
1
1
1
1
1
1
1
1
1
1
1
1
1
1
1
1
1
1
1
1
1
1
1
1
1
1
1
1
1
1
1
1
1
1
1
1
1
1
1
1
1
1
1
1
1
1
1
1
1
1
1
1
1
1
1
1
1
1
1
1
1
1
1
1
1
1
1
1
1
1
1
1
1
1
1
1
1
1
1
1
1
1
1
1
1
1
1
1
1
1
1
1
1
1
1
1
1
1
1
1
1
1
1
1
1
1
1
1
1
1
1
1
1
1
1
1
1
1
1
1
1
1
1
1
1
1
1
1
1
1
1
1
1
1
1
1
1
1
1
1
1
1
1
1
1
1
1
1
1
1
1
1
1
1
1
1
1
1
1
1
1
1
1
1
1
1
1
1
1
1
1
1
1
1
1
1
1
1
1
1
1
1
1
1
1
1
1
1
1
1
1
1
1
1
1
1
1
1
1
1
1
1
1
1
1
1
1
1
1
1
1
1
1
1
1
1
1
1
1
1
1
1
1
1
1
1
1
1
1
1
1
1
1
1
1
1
1
1
1
1
1
1
1
1
1
1
1
1
1
1
1
1
1
1
1
1
1
1
1
1
1
1
1
1
1
1
1
1
1
1
1
1
1
1
1
1
1
1
1
1
1.00001
1.00001
1.00001
1.00002
1.00003
1.00004
1.00005
1.00007
1.0001
1.00013
1.00016
1.00021
1.00026
1.00032
1.0004
1.00048
1.00058
1.00069
1.0008
1.00092
1.00106
1.00121
1.00137
1.00155
1.00172
1.00189
1.00206
1.00223
1.0024
1.00258
1.00276
1.00294
1.0031
1.00323
1.00335
1.00345
1.00355
1.00364
1.00373
1.00381
1.00386
1.00386
1.00384
1.0038
1.00377
1.00374
1.0037
1.00364
1.00357
1.00346
1.00333
1.00317
1.00301
1.00287
1.00273
1.0026
1.00247
1.00231
1.00213
1.00194
1.00176
1.0016
1.00147
1.00135
1.00122
1.00109
1.00095
1.00081
1.00068
1.00059
1.00051
1.00045
1.00039
1.00032
1.00026
1.0002
1.00016
1.00012
1.0001
1.00008
1.00007
1.00005
1.00004
1.00003
1.00002
1.00001
1.00001
1.00001
1.00001
1
1
1
1
1
1
1
1
1
1
1
1
1
1
1
1
1
1
1
1
1
1
1
1
1
1
1
1
1
1
1
1
1
1
1
1
1
1
1
1
1
1
1
1
1
1
1
1
1
1
1
1
1
1
1
1
1
1
1
1
1
1
1
1
1
1
1
1
1
1
1
1
1
1
1
1
1
1
1
1
1
1
1
1
1
1
1
1
1
1
1
1
1
1
1
1
1
1
1
1
1
1
1
1
1
1
1
1
1
1
1
1
1
1
1
1
1
1
1
1
1
1
1
1
1
1
1
1
1
1
1
1
1
1
1
1
1
1
1
1
1
1
1
1
1
1
1
1
1
1
1
1
1
1
1
1
1
1
1
1
1
1
1
1
1
1
1
1
1
1
1
1
1
1
1
1
1
1
1
1
1
1
1
1
1
1
1
1
1
1
1
1
1
1
1
1
1
1
1
1
1
1
1
1
1
1
1
1
1
1
1
1
1
1
1
1
1
1
1
1
1
1
1
1
1
1
1
1
1
1
1
1
1
1
1
1
1
1
1
1
1
1
1
1
1
1
1
1
1
1
1
1
1
1
1
1
1
1
1
1
1
1
1
1
1
1
1
1
1
1
1
1
1
1
1
1
1
1
1
1
1
1
1
1
1
1
1
1
1
1
1
1
1
1
1
1
1
1
1
1
1
1
1
1
1
1
1
1
1
1
1
1
1
1
1
1.00001
1.00001
1.00001
1.00001
1.00001
1.00002
1.00002
1.00002
1.00003
1.00003
1.00003
1.00004
1.00004
1.00005
1.00005
1.00005
1.00006
1.00006
1.00006
1.00007
1.00007
1.00007
1.00007
1.00007
1.00007
1.00007
1.00007
1.00007
1.00007
1.00007
1.00006
1.00006
1.00006
1.00005
1.00005
1.00005
1.00004
1.00004
1.00004
1.00003
1.00003
1.00002
1.00002
1.00002
1.00002
1.00001
1.00001
1.00001
1.00001
1.00001
1
1
1
1
1
1
1
1
1
1
1
1
1
1
1
1
1
1
1
1
1
1
1
1
1
1
1
1
1
1
1
1
1
1
1
1
1
1
1
1
1
1
1
1
1
1
1
1
1
1
1
1
1
1
1
1
1
1
1
1
1
1
1
1
1
1
1
1
1
1
1
1
1
1
1
1
1
1
1
1
1
1
1
1
1
1
1
1
1
1
1
1
1
1
1
1
1
1
1
1
1
1
1
1
1
1
1
1
1
1
1
1
1
1
1
1
1
1
1
1
1
1
1
1
1
1
1
1
1
1
1
1
1
1
1
1
1
1
1
1
1
1
1
1
1
1
1
1
1
1
1
1
1
1
1
1
1
1
1
1
1
1
1
1
1
1
1
1
1
1
1
1
1
1
1
1
1
1
1
1
1
1
1
1
1
1
1
1
1
1
1
1
1
1
1
1
1
1
1
1
1
1
1
1
1
1
1
1
1
1
1
1
1
1
1
1
1
1
1
1
1
1
1
1
1
1
1
1
1
1
1
1
1
1
1
1
1
1
1
1
1
1
1
1
1
1
1
1
1
1
1
1
1
1
1
1
1
1
1
1
1
1
1
1
1
1
1
1
1
1
1
1
1
1
1
1
1
1
1
1
1
1
1
1
1
1
1
1
1
1
1
1
1
1
1
1
1
1
1
1
1
1
1
1
1
1
1
1
1
1
1
1
1
1
1
1
1
1
1
1
1
1
1
1
1
1
1
1
1
1
1
1
1
1
1
1
1
1
1
1
1
1
1
1
1
1
1
1
1
1
1
1
1
1
1
1
1
1
1
1
1
1
1
1
1
1
1
1
1
1
1
1
1
1
1
1
1
1
1
1
1
1
1
1
1
1
1
1
1
1
1
1
1
1
1
1
1
1
1
1
1
1
1
1
1
1
1
1
1
1
1
1
1
1
1
1
1
1
1
1
1
1
1
1
1
1
1
1
1
1
1
1
1
1
1
1
1
1
1
1
1
1
1
1
1
1
1
1
1
1
1
1
1
1
1
1
1
1
1
1
1
1
1
1
1
1
1
1
1
1
1
1
1
1
1
1
1
1
1
1
1
1
1
1
1
1
1
1
1
1
1
1
1
1
1
1
1
1
1
1
1
1
1
1
1
1
1
1
1
1
1
1
1
1
1
1
1
1
1
1
1
1
1
1
1
1
1
1
1
1
1
1
1
1
1
1
1
1
1
1
1
1
1
1
1
1
1
1
1
1
1
1
1
1
1
1
1
1
1
1
1
1
1
1
1
1
1
1
1
1
1
1
1
1
1
1
1
1
1
1
1
1
1
1
1
1
1
1
1
1
1
1
1
1
1
1
1
1
1
1
1
1
1
1
1
1
1
1
1
1
1
1
1
1
1
1
1
1
1
1
1
1
1
1
1
1
1
1
1
1
1
1
1
1
1
1
1
1
1
1
1
1
1
1
1
1
1
1
1
1
1
1
1
1
1
1
1
1
1
1
1
1
1
1
1
1
1
1
1
1
1
1
1
1
1
1
1
1
1
1
1
1
1
1
1
1
1
1
1
1
1
1
1
1
1
1
1
1
1
1
1
1
1
1
1
1
1
1
1
1
1
1
1
1
1
1
1
1
1
1
1
1
1
1
1
1
1
1
1
1
1
1
1
1
1
1
1
1
1
1
1
1
1
1
1
1
1
1
1
1
1
1
1
1
1
1
1
1
1
1
1
1
1
1
1
1
1
1
1
1
1
1
1
1
1
1
1
1
1
1
1
1
1
1
1
1
1
1
1
1
1
1
1
1
1
1
1
1
1
1
1
1
1
1
1
1
1
1
1
1
1
1
1
1
1
1
1
1
1
1
1
1
1
1
1
1
1
1
1
1
1
1
1
1
1
1
1
1
1
1
1
1
1
1
1
1
1
1
1
1
1
1
1
1
1
1
1
1
1
1
1
1
1
1
1
1
1
1
1
1
1
1
1
1
1
1
1
1
1
1
1
1
1
1
1
1
1
1
1
1
1
1
1
1
1
1
1
1
1
1
1
1
1
1
1
1
1
1
1
1
1
1
1
1
1
1
1
1
1
1
1
1
1
1
1
1
1
1
1
1
1
1
1
1
1
1
1
1
1
1
1
1
1
1
1
1
1
1
1
1
1
1
1
1
1
1
1
1
1
1
1
1
1
1
1
1
1
1
1
1
1
1
1
1
1
1
1
1
1
1
1
1
1
1
1
1
1
1
1
1
1
1
1
1
1
1
1
1
1
1
1
1
1
1
1
1
1
1
1
1
1
1
1
1
1
1
1
1
1
1
1
1
1
1
1
1
1
1
1
1
1
1
1
1
1
1
1
1
1
1
1
1
1
1
1
1
1
1
1
1
1
1
1
1
1
1
1
1
1
1
1
1
1
1
1
1
1
1
1
1
1
1
1
1
1
1
1
1
1
1
1
1
1
1
1
1
1
1
1
1
1
1
1
1
1
1
1
1
1
1
1
1
1
1
1
1
1
1
1
1
1
1
1
1
1
1
1
1
1
1
1
1
1
1
1
1
1
1
1
1
1
1
1
1
1
1
1
1
1
1
1
1
1
1
1
1
1
1
1
1
1
1
1
1
1
1
1
1
1
1
1
1
1
1
1
1
1
1
1
1
1
1
1
1
1
1
1
1
1
1
1
1
1
1
1
1
1
1
1
1
1
1
1
1
1
1
1
1
1
1
1
1
1
1
1
1
1
1
1
1
1
1
1
1
1
1
1
1
1
1
1
1
1
1
1
1
1
1
1
1
1
1
1
1
1
1
1
1
1
1
1
1
1
1
1
1
1
1
1
1
1
1
1
1
1
1
1
1
1
1
1
1
1
1
1
1
1
1
1
1
1
1
1
1
1
1
1
1
1
1
1
1
1
1
1
1
1
1
1
1
1
1
1
1
1
1
1
1
1
1
1
1
1
1
1
1
1
1
1
1
1
1
1
1
1
1
1
1
1
1
1
1
1
1
1
1
1
1
1
1
1
1
1
1
1
1
1
1
1
1
1
1
1
1
1
1
1
1
1
1
1
1
1
1
1
1
1
1
1
1
1
1
1
1
1
1
1
1
1
1
1
1
1
1
1
1
1
1
1
1
1
1
1
1
1
1
1
1
1
1
1
1
1
1
1
1
1
1
1
1
1
1
1
1
1
1
1
1
1
1
1
1
1
1
1
1
1
1
1
1
1
1
1
1
1
1
1
1
1
1
1
1
1
1
1
1
1
1
1
1
1
1
1
1
1
1
1
1
1
1
1
1
1
1
1
1
1
1
1
1
1
1
1
1
1
1
1
1
1
1
1
1
1
1
1
1
1
1
1
1
1
1
1
1
1
1
1
1
1
1
1
1
1
1
1
1
1
1
1
1
1
1
1
1
1
1
1
1
1
1
1
1
1
1
1
1
1
1
1
1
1
1
1
1
1
1
1
1
1
1
1
1
1
1
1
1
1
1
1
1
1
1
1
1
1
1
1
1
1
1
1
1
1
1
1
1
1
1
1
1
1
1
1
1
1
1
1
1
1
1
1
1
1
1
1
1
1
1
1
1
1
1
1
1
1
1
1
1
1
1
1
1
1
1
1
1
1
1
1
1
1
1
1
1
1
1
1
1
1
1
1
1
1
1
1
1
1
1
1
1
1
1
1
1
1
1
1
1
1
1
1
1
1
1
1
1
1
1
1
1
1
1
1
1
1
1
1
1
1
1
1
1
1
1
1
1
1
1
1
1
1
1
1
1
1
1
1
1
1
1
1
1
1
1
1
1
1
1
1
1
1
1
1
1
1
1
1
1
1
1
1
1
1
1
1
1
1
1
1
1
1
1
1
1
1
1
1
1
1
1
1
1
1
1
1
1
1
1
1
1
1
1
1
1
1
1
1
1
1
1
1
1
1
1
1
1
1
1
1
1
1
1
1
1
1
1
1
1
1
1
1
1
1
1
1
1
1
1
1
1
1
1
1
1
1
1
1
1
1
1
1
1
1
1
1
1
1
1
1
1
1
1
1
1
)
;

boundaryField
{
    inlet
    {
        type            fixedValue;
        value           uniform 1;
    }
    outlet
    {
        type            inletOutlet;
        inletValue      uniform 1;
        value           uniform 1;
    }
    bottom
    {
        type            symmetryPlane;
    }
    top
    {
        type            symmetryPlane;
    }
    obstacle
    {
        type            zeroGradient;
    }
    defaultFaces
    {
        type            empty;
    }
}


// ************************************************************************* //
