/*--------------------------------*- C++ -*----------------------------------*\
  =========                 |
  \\      /  F ield         | OpenFOAM: The Open Source CFD Toolbox
   \\    /   O peration     | Website:  https://openfoam.org
    \\  /    A nd           | Version:  7
     \\/     M anipulation  |
\*---------------------------------------------------------------------------*/
FoamFile
{
    version     2.0;
    format      ascii;
    class       volScalarField;
    location    "3.8";
    object      rho;
}
// * * * * * * * * * * * * * * * * * * * * * * * * * * * * * * * * * * * * * //

dimensions      [1 -3 0 0 0 0 0];

internalField   nonuniform List<scalar> 
1008
(
8.62037
4.14264
3.52478
3.53676
3.53457
3.53047
3.52164
3.51025
3.49713
3.48454
3.47623
3.47435
3.48085
3.49348
3.51145
3.53274
3.55374
3.57086
3.58304
3.59207
3.60051
3.60818
3.61524
3.62196
8.61204
4.14075
3.52324
3.53513
3.53304
3.52892
3.52012
3.50865
3.49536
3.48259
3.474
3.47187
3.47768
3.4899
3.50722
3.52787
3.54834
3.56508
3.57682
3.58506
3.5924
3.5988
3.60455
3.6106
8.59816
4.13568
3.52027
3.53191
3.52999
3.52593
3.51724
3.50576
3.49227
3.47923
3.47011
3.46742
3.4721
3.48351
3.49958
3.51906
3.53864
3.55467
3.56554
3.57265
3.57905
3.58518
3.59076
3.59758
8.57698
4.1278
3.51565
3.52687
3.52517
3.52124
3.51277
3.50145
3.48791
3.47462
3.46475
3.46113
3.46432
3.47426
3.48836
3.50595
3.52416
3.53937
3.54965
3.55587
3.56085
3.5649
3.56744
3.57129
8.54887
4.11759
3.50946
3.52
3.51848
3.51476
3.50658
3.49563
3.48226
3.46875
3.45806
3.45305
3.45444
3.46214
3.4738
3.48879
3.50498
3.51848
3.52657
3.52871
3.52853
3.52957
3.53105
3.5392
8.5146
4.10559
3.50197
3.51155
3.51001
3.50653
3.49866
3.48818
3.47515
3.46151
3.44996
3.44309
3.44244
3.44721
3.45608
3.46772
3.48089
3.49149
3.49658
3.49572
3.49284
3.49279
3.4921
3.48354
8.47479
4.09223
3.49348
3.50179
3.49994
3.49663
3.48901
3.47901
3.46641
3.45278
3.4403
3.43137
3.42811
3.42975
3.43544
3.44329
3.45228
3.45908
3.46024
3.45276
3.43868
3.41797
3.39697
3.39014
8.42996
4.07794
3.48417
3.49094
3.48853
3.48525
3.47782
3.46819
3.45593
3.44238
3.42899
3.41814
3.41167
3.41009
3.41218
3.41597
3.41994
3.42178
3.416
3.40031
3.37535
3.34283
3.29761
3.27279
8.37953
4.0625
3.47403
3.47906
3.47595
3.47258
3.46521
3.45581
3.44376
3.43026
3.41614
3.4035
3.39389
3.38863
3.38673
3.3864
3.38492
3.38005
3.36686
3.34318
3.30174
3.23131
3.04009
2.53077
8.32342
4.04579
3.46305
3.46627
3.46242
3.45881
3.45138
3.4421
3.43011
3.41662
3.40197
3.38778
3.37537
3.3662
3.35993
3.35488
3.34772
3.3361
3.31518
3.28032
3.22121
3.10945
2.91212
2.41095
8.26222
4.0278
3.45154
3.45294
3.44817
3.44402
3.4365
3.42734
3.41535
3.40179
3.38674
3.37138
3.35645
3.3434
3.33234
3.32202
3.31
3.29161
3.26301
3.21663
3.1458
3.01624
2.81204
2.36218
8.19623
4.00811
3.4396
3.43927
3.43338
3.42844
3.42079
3.41177
3.39985
3.38617
3.37081
3.35454
3.33753
3.32083
3.30458
3.28892
3.27236
3.24766
3.21229
3.15745
3.07704
2.94792
2.75142
2.38507
8.12563
3.98751
3.42741
3.42527
3.41807
3.41236
3.4046
3.39566
3.38391
3.37009
3.35452
3.33748
3.31881
3.29891
3.27741
3.25649
3.23505
3.20523
3.16447
3.10542
3.02036
2.89834
2.7213
2.43638
8.05062
3.96625
3.41492
3.41114
3.40266
3.39618
3.3882
3.3792
3.36767
3.35375
3.33807
3.32038
3.30036
3.27783
3.25162
3.22545
3.19888
3.16495
3.12065
3.06064
2.97605
2.86288
2.70986
2.48741
7.9721
3.9447
3.40228
3.39697
3.38734
3.3801
3.37179
3.3626
3.35119
3.33731
3.32156
3.30339
3.28222
3.25764
3.22767
3.19638
3.16499
3.12753
3.081
3.02205
2.94191
2.83827
2.70727
2.53041
7.89119
3.9228
3.38958
3.38285
3.3722
3.36423
3.35546
3.34601
3.33462
3.32094
3.30508
3.28657
3.26441
3.23827
3.20577
3.16995
3.13415
3.09363
3.0455
2.98827
2.91408
2.8201
2.70819
2.565
7.80903
3.89999
3.3772
3.36898
3.35728
3.34853
3.33918
3.32947
3.3181
3.30476
3.28878
3.26999
3.24708
3.21972
3.18595
3.14667
3.10662
3.06357
3.01422
2.95819
2.8898
2.80524
2.70962
2.59146
7.72699
3.8755
3.36518
3.35537
3.34282
3.33312
3.32299
3.31306
3.30182
3.28886
3.27287
3.25377
3.23033
3.20202
3.1677
3.12634
3.08255
3.03765
2.98706
2.93151
2.86825
2.79205
2.70933
2.60974
7.64595
3.849
3.35377
3.34147
3.32817
3.31781
3.30726
3.29722
3.28603
3.27332
3.25743
3.23792
3.214
3.18496
3.15033
3.10853
3.06205
3.01539
2.96396
2.90838
2.8482
2.77835
2.70575
2.61955
7.5655
3.82179
3.34148
3.32715
3.31397
3.30318
3.29283
3.28255
3.27113
3.25846
3.24263
3.22261
3.19809
3.16864
3.13379
3.09288
3.04529
2.99615
2.94439
2.88847
2.83009
2.76432
2.69853
2.62279
7.48411
3.79703
3.32581
3.3126
3.29995
3.28958
3.27972
3.26937
3.25762
3.24477
3.22878
3.20823
3.18308
3.15351
3.11858
3.07872
3.03134
2.97992
2.92799
2.87139
2.81433
2.75129
2.68975
2.6218
7.40178
3.77251
3.30939
3.29898
3.28583
3.27611
3.26747
3.25791
3.24594
3.23235
3.21587
3.19485
3.16922
3.13954
3.10462
3.06529
3.01904
2.96655
2.91372
2.85734
2.80126
2.74041
2.68172
2.61944
7.32039
3.74884
3.29382
3.28304
3.27163
3.26329
3.25602
3.24721
3.23489
3.22044
3.20331
3.18186
3.15588
3.12609
3.09132
3.05219
3.00725
2.9551
0.884419
0.388361
0.232643
0.261508
0.310153
0.405237
0.559656
0.734493
0.89587
1.08562
1.26771
1.33568
1.32192
1.39499
1.51257
1.59756
1.63726
1.65853
1.66576
1.69377
1.72835
1.76963
1.78447
1.78522
1.78166
1.77923
1.77967
1.78453
1.78143
1.77086
1.76111
1.75634
1.75949
1.36698
0.875549
0.681954
0.644813
0.600809
0.592765
0.609004
0.667608
0.773504
0.914432
1.11899
1.25203
1.31147
1.4146
1.52593
1.59299
1.64922
1.68871
1.71084
1.7247
1.74298
1.76717
1.79565
1.80654
1.80511
1.79711
1.79216
1.79195
1.79663
1.79237
1.78075
1.76976
1.75973
1.74486
1.33407
1.06982
0.958118
0.864729
0.789039
0.751306
0.757156
0.794581
0.860641
0.97796
1.15589
1.33342
1.50717
1.61854
1.65763
1.69689
1.73721
1.77724
1.80491
1.81196
1.81687
1.82998
1.84749
1.85505
1.85085
1.8368
1.8266
1.82361
1.82693
1.82534
1.81475
1.79754
1.98796
1.68733
1.4286
1.25046
1.13367
1.03195
0.989418
0.952863
0.901238
0.883424
0.902938
0.989788
1.17015
1.37715
1.57164
1.69041
1.74932
1.78426
1.82991
1.8651
1.88092
1.88075
1.87986
1.8865
1.89607
1.90024
1.89559
1.88318
1.87171
1.8655
1.86117
1.85287
1.84109
2.16043
1.91734
1.6929
1.5216
1.37776
1.24518
1.17098
1.12991
1.07052
1.00282
0.965829
0.97523
1.02436
1.14939
1.35682
1.58543
1.71777
1.7862
1.85155
1.90564
1.92487
1.93253
1.92436
1.91943
1.92087
1.92866
1.9341
1.93065
1.91889
1.90235
1.89234
1.88321
1.87266
2.27925
2.07656
1.87844
1.71547
1.59309
1.46361
1.3407
1.2791
1.23505
1.17992
1.12141
1.06504
1.05886
1.07739
1.13809
1.30016
1.55068
1.7303
1.83063
1.89325
1.92358
1.9404
1.94394
1.9335
1.93307
1.93909
1.9507
1.94991
1.9413
1.92266
1.90236
1.89116
1.88123
2.36121
2.19201
2.0243
1.86738
1.74779
1.63972
1.52545
1.42122
1.35687
1.31014
1.26641
1.21681
1.16063
1.11375
1.11929
1.15704
1.2813
1.52789
1.73178
1.83557
1.8978
1.93117
1.94336
1.94187
1.9361
1.93763
1.94419
1.94835
1.94187
1.92826
1.90557
1.88993
1.88034
2.42308
2.27793
2.1317
1.99441
1.87663
1.76817
1.66676
1.57492
1.48829
1.42063
1.38105
1.34672
1.29795
1.22724
1.17132
1.1705
1.19801
1.28254
1.48432
1.70481
1.82482
1.89632
1.93202
1.94265
1.94126
1.93505
1.93447
1.93751
1.93619
1.92674
1.91043
1.88989
1.87588
2.47034
2.34531
2.21723
2.0917
1.98631
1.88486
1.77556
1.69092
1.62164
1.54886
1.48039
1.43566
1.39827
1.35131
1.29589
1.23659
1.21507
1.22959
1.28338
1.44087
1.6719
1.81027
1.89111
1.93135
1.94253
1.93889
1.92988
1.92675
1.92397
1.92035
1.91019
1.89459
1.87521
2.50537
2.3967
2.28627
2.17243
2.07238
1.98452
1.88435
1.78388
1.71896
1.66334
1.59742
1.5273
1.47492
1.44158
1.40511
1.35337
1.28989
1.25179
1.26326
1.29808
1.41552
1.6434
1.80063
1.89054
1.93257
1.93949
1.9337
1.92055
1.91402
1.90964
1.90602
1.89558
1.87961
2.52941
2.43518
2.33911
2.23959
2.14503
2.0613
1.97609
1.88187
1.80047
1.74482
1.69353
1.63195
1.56401
1.50959
1.47659
1.44372
1.39826
1.33754
1.28624
1.2881
1.31076
1.40334
1.61291
1.78491
1.88817
1.92844
1.93297
1.92111
1.90889
1.90294
1.89847
1.89124
1.87831
2.54457
2.46259
2.37917
2.29135
2.20512
2.126
2.04773
1.96364
1.88567
1.82017
1.76364
1.71364
1.65743
1.59398
1.5385
1.50519
1.4768
1.43528
1.37473
1.31689
1.30984
1.32642
1.3972
1.5817
1.76732
1.88396
1.91878
1.91636
1.90877
1.90253
1.89313
1.87971
1.86826
2.55283
2.48088
2.40759
2.33066
2.25198
2.18254
2.11001
2.02934
1.95657
1.89645
1.83431
1.77456
1.72643
1.67557
1.61763
1.56467
1.53016
1.50225
1.46277
1.40661
1.34663
1.32872
1.34155
1.39439
1.54672
1.74629
1.85524
1.89576
1.90845
1.90537
1.89256
1.87279
1.85442
2.55713
2.49273
2.42721
2.35902
2.2886
2.22274
2.16226
2.08765
2.01355
1.95691
1.9033
1.8404
1.77931
1.73422
1.68985
1.63925
1.58866
1.55118
1.52177
1.48458
1.43295
1.37371
1.34776
1.35531
1.38861
1.51493
1.70829
1.82654
1.88752
1.9004
1.89247
1.87245
1.84802
)
;

boundaryField
{
    inlet
    {
        type            calculated;
        value           uniform 1.40001;
    }
    outlet
    {
        type            calculated;
        value           nonuniform 0();
    }
    bottom
    {
        type            symmetryPlane;
    }
    top
    {
        type            symmetryPlane;
    }
    obstacle
    {
        type            calculated;
        value           nonuniform List<scalar> 
41
(
3.62196
3.6106
3.59758
3.57129
3.5392
3.48354
3.39014
3.27279
0.884419
0.388361
0.232643
0.261508
0.310153
0.405237
0.559656
0.734493
0.89587
1.08562
1.26771
1.33568
1.32192
1.39499
1.51257
1.59756
1.63726
1.65853
1.66576
1.69377
1.72835
1.76963
1.78447
1.78522
1.78166
1.77923
1.77967
1.78453
1.78143
1.77086
1.76111
1.75634
1.75949
)
;
    }
    defaultFaces
    {
        type            empty;
    }
    procBoundary0to1
    {
        type            processor;
        value           nonuniform List<scalar> 
14
(
1.75723
1.75385
1.78055
1.8246
1.85959
1.87056
1.87137
1.86467
1.86117
1.85995
1.85968
1.85547
1.84426
1.83228
)
;
    }
    procBoundary0to2
    {
        type            processor;
        value           nonuniform List<scalar> 
58
(
2.90147
2.84597
2.7908
2.73234
2.67603
2.61787
7.24183
3.72382
3.27591
3.26882
3.25978
3.25197
3.24453
3.23569
3.22304
3.20807
3.19019
3.1682
3.14208
3.11246
3.07817
3.03941
2.99559
2.90147
2.94449
2.56023
2.50128
2.44165
2.38001
2.31683
2.25608
2.19747
2.13527
2.06506
2.00526
1.9577
1.90329
1.83951
1.77988
1.74072
1.70326
1.65785
1.60875
1.56772
1.53573
1.50076
1.45449
1.39781
1.36237
1.3652
1.38488
1.48547
1.67122
1.80075
1.86788
1.88065
1.8722
1.8496
)
;
    }
}


// ************************************************************************* //
