/*--------------------------------*- C++ -*----------------------------------*\
  =========                 |
  \\      /  F ield         | OpenFOAM: The Open Source CFD Toolbox
   \\    /   O peration     | Website:  https://openfoam.org
    \\  /    A nd           | Version:  7
     \\/     M anipulation  |
\*---------------------------------------------------------------------------*/
FoamFile
{
    version     2.0;
    format      ascii;
    class       volScalarField;
    location    "0.8";
    object      T;
}
// * * * * * * * * * * * * * * * * * * * * * * * * * * * * * * * * * * * * * //

dimensions      [0 0 0 1 0 0 0];

internalField   nonuniform List<scalar> 
4608
(
0.960111
0.958157
0.955657
0.953023
0.950322
0.947451
0.943636
0.941302
0.942024
0.944434
0.948366
0.952902
0.956631
0.95976
0.962102
0.964061
0.96613
0.9685
0.97142
0.975704
0.979986
0.981651
0.982544
0.983174
0.983729
0.984494
0.985795
0.98809
0.990018
0.990375
0.990479
0.990529
0.990653
0.990983
0.991988
0.993591
0.994038
0.994057
0.994015
0.993872
0.993779
0.993706
0.993842
0.994402
0.994543
0.994481
0.994391
0.994363
0.994366
0.994503
0.995225
0.996096
0.996186
0.996176
0.996108
0.995871
0.99576
0.995742
0.995749
0.995928
0.996623
0.99729
0.997426
0.997499
0.997548
0.997593
0.99772
0.997893
0.998149
0.998536
0.998799
0.998967
0.999146
0.999364
0.999708
1.00032
1.00087
1.00104
1.00113
1.00117
1.00123
1.00135
1.00153
1.00189
1.00268
1.00384
1.0044
1.00452
1.00457
1.0045
1.00446
1.00452
1.00464
1.00485
1.00525
1.00575
1.00598
1.00607
1.00611
1.00604
1.00606
1.00615
1.00624
1.00632
1.00637
1.00637
1.00627
1.00628
1.00638
1.0065
1.00668
1.00682
1.00691
1.00698
1.007
1.00684
1.00663
1.00668
1.0068
1.00696
1.00723
1.00755
1.0077
1.00777
1.00781
1.00776
1.00753
1.0074
1.00744
1.00752
1.00763
1.0078
1.00794
1.00801
1.00805
1.00807
1.00804
1.00791
1.00772
1.00755
1.00744
1.00732
1.00716
1.00713
1.00721
1.00738
1.00772
1.00808
1.00821
1.00824
1.00825
1.00819
1.00799
1.00767
1.00747
1.00749
1.00758
1.00777
1.00809
1.00844
1.00867
1.00875
1.00878
1.00879
1.00875
1.00854
1.0081
1.00755
1.00724
1.00721
1.00726
1.00737
1.0076
1.00789
1.00799
1.00801
1.00802
1.00796
1.0077
1.00723
1.00683
1.00674
1.00676
1.00682
1.00686
1.00688
1.00689
1.00681
1.00653
1.00603
1.00553
1.00524
1.00506
1.00486
1.00464
1.00435
1.00416
1.00414
1.00415
1.00421
1.00425
1.0042
1.00397
1.00334
1.0021
1.00066
1.00006
1
1
1
1
1
1
1
1
1
1
1
1
1
1
1
1
1
1
1
1
1
1
1
1
1
1
1
1
1
1
1
1
1
1
1
1
1
1
1
1
1
1
1
1
1
1
1
1
1
1
1
1
1
1
1
1
1
1
1
1
1
1
1
1
1
1
1
1
1
1
1
1
1
1
1
1
1
1
1
1
1
0.974387
0.972666
0.970623
0.968234
0.964843
0.959924
0.955728
0.953625
0.952894
0.953537
0.954937
0.95571
0.95645
0.957085
0.958773
0.960373
0.962409
0.965781
0.970336
0.97344
0.97475
0.975785
0.97679
0.977853
0.978939
0.980314
0.982805
0.985071
0.986037
0.986625
0.987007
0.987389
0.988
0.98927
0.991067
0.991688
0.991851
0.992016
0.992187
0.992418
0.992617
0.992978
0.99363
0.993793
0.993792
0.993775
0.993783
0.99381
0.993992
0.994667
0.995623
0.995829
0.995848
0.995817
0.995614
0.995512
0.995514
0.995539
0.995711
0.996286
0.997114
0.997402
0.997533
0.997647
0.99774
0.99786
0.998023
0.998291
0.998762
0.99916
0.999359
0.999545
0.999768
1.00009
1.00068
1.00134
1.00158
1.00171
1.0018
1.0019
1.00204
1.00224
1.00258
1.00329
1.00438
1.00492
1.00505
1.00511
1.00507
1.00498
1.00505
1.00516
1.00535
1.00571
1.00618
1.0064
1.0065
1.00657
1.00653
1.00645
1.00652
1.00663
1.00673
1.00681
1.00686
1.00681
1.00674
1.00681
1.00691
1.00703
1.00714
1.00722
1.00729
1.00734
1.00733
1.00721
1.00717
1.00724
1.00735
1.00749
1.00764
1.00773
1.0078
1.00786
1.00792
1.00795
1.0079
1.00781
1.00783
1.0079
1.00798
1.00808
1.00814
1.00818
1.00823
1.00827
1.00829
1.00827
1.0081
1.00781
1.00762
1.00762
1.00768
1.00781
1.00807
1.00844
1.00868
1.00875
1.00878
1.00875
1.0086
1.0083
1.00804
1.00801
1.00808
1.00823
1.00849
1.00879
1.00898
1.00905
1.00908
1.0091
1.00911
1.00904
1.00876
1.00825
1.00773
1.00752
1.00753
1.00759
1.00773
1.00799
1.00821
1.00826
1.00828
1.00828
1.00819
1.00787
1.00738
1.00705
1.00702
1.00706
1.00714
1.00718
1.0072
1.00718
1.00699
1.00654
1.00591
1.00547
1.00529
1.00521
1.00519
1.00521
1.00515
1.00484
1.00422
1.00382
1.00371
1.00363
1.00345
1.00304
1.0022
1.00096
1.00015
1
1
1
1
1
1
1
1
1
1
1
1
1
1
1
1
1
1
1
1
1
1
1
1
1
1
1
1
1
1
1
1
1
1
1
1
1
1
1
1
1
1
1
1
1
1
1
1
1
1
1
1
1
1
1
1
1
1
1
1
1
1
1
1
1
1
1
1
1
1
1
1
1
1
1
1
1
1
1
1
1
1
1
0.987064
0.985525
0.983476
0.980225
0.975572
0.972258
0.970595
0.969256
0.968053
0.966937
0.965682
0.96369
0.961105
0.960781
0.961579
0.963005
0.965582
0.968319
0.969946
0.971139
0.971873
0.972637
0.973588
0.974952
0.977103
0.98004
0.981721
0.982495
0.983268
0.984079
0.984874
0.985853
0.98753
0.989171
0.989755
0.990118
0.990466
0.990826
0.991202
0.991719
0.992653
0.993426
0.993534
0.993564
0.993564
0.993622
0.993725
0.994036
0.994978
0.995917
0.996009
0.996033
0.996
0.995677
0.99563
0.995654
0.995724
0.996079
0.99694
0.997592
0.997776
0.997899
0.997963
0.998024
0.998158
0.998338
0.998694
0.99928
0.999656
0.999839
1.00002
1.00025
1.00062
1.00124
1.00174
1.00195
1.0021
1.00226
1.00243
1.00264
1.00295
1.0035
1.00442
1.0052
1.00544
1.00554
1.00556
1.00546
1.00548
1.00559
1.00574
1.00597
1.00636
1.00671
1.00685
1.00693
1.00691
1.00672
1.00672
1.00683
1.00695
1.00709
1.00725
1.00737
1.00746
1.00748
1.00749
1.00757
1.00766
1.00775
1.00783
1.00791
1.00797
1.00801
1.00802
1.00802
1.00805
1.00813
1.00821
1.00829
1.00833
1.00834
1.00829
1.0082
1.0082
1.00825
1.00832
1.00837
1.00843
1.00848
1.00852
1.00854
1.00856
1.00856
1.00854
1.00849
1.00837
1.00823
1.00812
1.00812
1.00817
1.00826
1.00843
1.00872
1.00903
1.00917
1.00922
1.00925
1.00927
1.00916
1.00886
1.00867
1.0087
1.0088
1.00898
1.0092
1.00936
1.00942
1.00944
1.00945
1.00943
1.0093
1.00909
1.00882
1.00846
1.00805
1.00789
1.00792
1.008
1.00816
1.0084
1.00852
1.00855
1.00857
1.00855
1.00842
1.00807
1.00759
1.00735
1.00736
1.00743
1.00752
1.00755
1.00756
1.00743
1.00701
1.0063
1.00571
1.00552
1.00549
1.00549
1.00549
1.00547
1.00536
1.00505
1.00441
1.00353
1.0029
1.00256
1.00226
1.00179
1.00103
1.00027
1.00002
1
1
1
1
1
1
1
1
1
1
1
1
1
1
1
1
1
1
1
1
1
1
1
1
1
1
1
1
1
1
1
1
1
1
1
1
1
1
1
1
1
1
1
1
1
1
1
1
1
1
1
1
1
1
1
1
1
1
1
1
1
1
1
1
1
1
1
1
1
1
1
1
1
1
1
1
1
1
1
1
1
1
1
1
0.998827
0.996886
0.99361
0.989326
0.987007
0.985867
0.984848
0.983567
0.982025
0.980093
0.977215
0.973505
0.971586
0.971328
0.971705
0.972756
0.973319
0.973385
0.973081
0.972109
0.972648
0.973462
0.97465
0.976774
0.979038
0.980349
0.981136
0.981781
0.982462
0.983336
0.984561
0.9864
0.987971
0.988572
0.98908
0.989593
0.990112
0.990568
0.991099
0.992075
0.993156
0.993464
0.993618
0.993697
0.993858
0.994072
0.994419
0.995233
0.996371
0.996616
0.996661
0.996691
0.996549
0.996513
0.996637
0.996805
0.997186
0.998082
0.998851
0.999068
0.999209
0.999281
0.999341
0.999478
0.999652
0.99998
1.0006
1.00101
1.00118
1.00136
1.00158
1.00194
1.00253
1.00303
1.00322
1.00337
1.00354
1.00373
1.00394
1.00424
1.00474
1.00557
1.00621
1.0064
1.00651
1.00655
1.00639
1.00636
1.00648
1.00662
1.00683
1.00717
1.00748
1.00761
1.0077
1.00772
1.00752
1.00737
1.00747
1.00759
1.00773
1.00786
1.00796
1.00801
1.008
1.00802
1.00812
1.00822
1.00833
1.00843
1.00852
1.0086
1.00865
1.00862
1.00853
1.00859
1.0087
1.00881
1.00893
1.00902
1.0091
1.00914
1.00913
1.00898
1.00883
1.00885
1.00892
1.009
1.00909
1.00916
1.00922
1.00926
1.00928
1.00924
1.00909
1.00888
1.0088
1.00885
1.00893
1.00907
1.00926
1.00946
1.00959
1.00965
1.00966
1.00963
1.00955
1.0095
1.00945
1.00937
1.00935
1.0094
1.00949
1.00962
1.00975
1.00982
1.00986
1.00988
1.00988
1.00976
1.00949
1.00922
1.00899
1.00873
1.00845
1.00839
1.00844
1.00854
1.00871
1.00888
1.00894
1.00896
1.00896
1.00894
1.0088
1.00841
1.0079
1.00773
1.00777
1.00786
1.00797
1.00801
1.00795
1.0076
1.00682
1.00593
1.00559
1.00555
1.00554
1.00553
1.00549
1.00542
1.00521
1.00473
1.00383
1.00271
1.00187
1.00139
1.00105
1.00067
1.00026
1.00004
1
1
1
1
1
1
1
1
1
1
1
1
1
1
1
1
1
1
1
1
1
1
1
1
1
1
1
1
1
1
1
1
1
1
1
1
1
1
1
1
1
1
1
1
1
1
1
1
1
1
1
1
1
1
1
1
1
1
1
1
1
1
1
1
1
1
1
1
1
1
1
1
1
1
1
1
1
1
1
1
1
1
1
1
1
1
1.00953
1.00608
1.00214
1.00034
0.999479
0.99876
0.997658
0.996233
0.994262
0.991026
0.987465
0.985886
0.985201
0.984836
0.984454
0.983848
0.982859
0.981002
0.978659
0.978159
0.978518
0.979511
0.981003
0.981722
0.982105
0.982002
0.982325
0.982802
0.983525
0.984965
0.986667
0.987529
0.987989
0.988298
0.988682
0.989244
0.989907
0.990835
0.992155
0.992922
0.993215
0.993415
0.993596
0.993978
0.994435
0.995076
0.996215
0.997224
0.997432
0.997516
0.997523
0.997435
0.997548
0.997748
0.998096
0.998891
0.999922
1.00033
1.0005
1.00061
1.00064
1.00072
1.00087
1.00111
1.00164
1.00231
1.00263
1.00281
1.00299
1.00322
1.00356
1.00411
1.00465
1.00488
1.00503
1.00519
1.00539
1.00565
1.00606
1.00668
1.00725
1.0075
1.00764
1.00771
1.00756
1.00739
1.00749
1.00761
1.00777
1.008
1.0083
1.0085
1.00862
1.00869
1.00859
1.00828
1.00826
1.00836
1.0085
1.0087
1.00895
1.0091
1.0092
1.00926
1.00918
1.00903
1.00906
1.00915
1.00925
1.00937
1.00955
1.00969
1.00977
1.00982
1.00974
1.00937
1.00911
1.00914
1.00921
1.00931
1.00949
1.00963
1.0097
1.00973
1.00966
1.00955
1.0096
1.00968
1.00978
1.00988
1.00995
1.01001
1.01004
1.00996
1.00969
1.00961
1.00968
1.00977
1.00992
1.01015
1.01035
1.01044
1.01048
1.0105
1.01043
1.01028
1.0102
1.01022
1.01025
1.01029
1.01031
1.01027
1.0102
1.01016
1.01015
1.01014
1.01012
1.01005
1.00992
1.00971
1.00946
1.00923
1.00906
1.00899
1.00903
1.00911
1.00924
1.00938
1.00947
1.0095
1.00953
1.00954
1.00953
1.00933
1.0088
1.00831
1.00825
1.00831
1.00838
1.00839
1.00835
1.00811
1.00749
1.00639
1.00555
1.0054
1.0054
1.00539
1.00536
1.00528
1.00508
1.0046
1.00372
1.00247
1.00133
1.00073
1.00047
1.00029
1.00014
1.00003
1
1
1
1
1
1
1
1
1
1
1
1
1
1
1
1
1
1
1
1
1
1
1
1
1
1
1
1
1
1
1
1
1
1
1
1
1
1
1
1
1
1
1
1
1
1
1
1
1
1
1
1
1
1
1
1
1
1
1
1
1
1
1
1
1
1
1
1
1
1
1
1
1
1
1
1
1
1
1
1
1
1
1
1
1
1
1
1
1.01825
1.0146
1.01308
1.01232
1.01169
1.01066
1.00931
1.00733
1.00403
1.00088
0.999592
0.998952
0.998411
0.997516
0.99636
0.994715
0.991984
0.989335
0.988497
0.988498
0.988939
0.989169
0.989098
0.988325
0.986804
0.986414
0.986743
0.987387
0.988677
0.9896
0.989987
0.990132
0.989724
0.989945
0.990358
0.990977
0.992177
0.993615
0.994204
0.994491
0.994634
0.99475
0.995139
0.995651
0.996337
0.997531
0.998752
0.999026
0.999151
0.999195
0.999156
0.999351
0.999643
1.00007
1.00094
1.00212
1.00259
1.00278
1.0029
1.00292
1.00301
1.00318
1.00346
1.00404
1.00475
1.00506
1.00526
1.00547
1.00571
1.00601
1.00646
1.00694
1.00715
1.00728
1.00742
1.00759
1.00782
1.0082
1.00873
1.00909
1.00924
1.00936
1.00943
1.00922
1.0089
1.00897
1.0091
1.00924
1.00944
1.00969
1.00985
1.00995
1.01002
1.00999
1.00963
1.00944
1.00955
1.00968
1.00987
1.01012
1.01027
1.01037
1.01047
1.01053
1.01047
1.01023
1.01017
1.01025
1.01034
1.01049
1.0107
1.01086
1.01096
1.01103
1.01102
1.0107
1.01027
1.01018
1.01023
1.0103
1.01037
1.01043
1.01049
1.01054
1.01057
1.01055
1.01048
1.0104
1.01039
1.01042
1.01045
1.01048
1.0105
1.01045
1.01041
1.01046
1.01053
1.01064
1.01075
1.01082
1.01086
1.01089
1.0109
1.01086
1.0108
1.01084
1.01091
1.01098
1.01103
1.01107
1.01107
1.01096
1.01077
1.01067
1.01064
1.01063
1.01058
1.01042
1.0101
1.00982
1.00976
1.0098
1.0099
1.01007
1.01021
1.0103
1.01038
1.01044
1.01044
1.01039
1.0103
1.01015
1.00977
1.00903
1.0085
1.00845
1.00845
1.00843
1.0084
1.00831
1.00799
1.0071
1.00571
1.005
1.00493
1.00493
1.00489
1.00479
1.00456
1.0041
1.00326
1.00205
1.00089
1.0003
1.00013
1.00008
1.00004
1.00001
1
1
1
1
1
1
1
1
1
1
1
1
1
1
1
1
1
1
1
1
1
1
1
1
1
1
1
1
1
1
1
1
1
1
1
1
1
1
1
1
1
1
1
1
1
1
1
1
1
1
1
1
1
1
1
1
1
1
1
1
1
1
1
1
1
1
1
1
1
1
1
1
1
1
1
1
1
1
1
1
1
1
1
1
1
1
1
1
1
1
1.02682
1.0255
1.02478
1.0241
1.02304
1.02164
1.01954
1.01617
1.01352
1.01249
1.01188
1.01119
1.01018
1.00884
1.00671
1.0036
1.00154
1.00082
1.0005
1.00015
0.999649
0.998822
0.997203
0.995062
0.994258
0.994319
0.994833
0.995446
0.995585
0.995575
0.994765
0.993449
0.99345
0.993799
0.994442
0.995734
0.99676
0.997067
0.997242
0.996951
0.996824
0.997165
0.997611
0.99841
0.999754
1.00056
1.00078
1.00088
1.00078
1.00088
1.00112
1.00149
1.00216
1.00329
1.0042
1.00451
1.00471
1.00485
1.00497
1.00513
1.00535
1.00577
1.00647
1.00706
1.00736
1.00759
1.00784
1.00811
1.00844
1.00885
1.00919
1.00936
1.00949
1.00962
1.00979
1.01002
1.01038
1.01076
1.01094
1.01107
1.01116
1.01101
1.01044
1.01026
1.01038
1.01053
1.01071
1.01096
1.01115
1.01126
1.01134
1.01133
1.01099
1.01061
1.01063
1.01074
1.01087
1.01111
1.01136
1.01148
1.01157
1.01165
1.01161
1.01139
1.01138
1.01147
1.01155
1.01159
1.01152
1.01125
1.01112
1.01118
1.01128
1.01138
1.01145
1.01151
1.01158
1.01161
1.01156
1.01143
1.01139
1.01144
1.01151
1.01158
1.01165
1.0117
1.01173
1.01173
1.01169
1.01161
1.01157
1.01159
1.01162
1.01163
1.01163
1.01167
1.01173
1.01178
1.01182
1.01185
1.01186
1.01182
1.0117
1.01154
1.01146
1.01146
1.01148
1.01149
1.01147
1.01139
1.01127
1.0112
1.01118
1.01119
1.01121
1.0112
1.01112
1.01087
1.01066
1.01068
1.01078
1.01099
1.01131
1.01145
1.01149
1.01141
1.01101
1.01057
1.01046
1.01043
1.01036
1.01009
1.00932
1.00844
1.00826
1.00826
1.00824
1.00818
1.008
1.00749
1.00628
1.00472
1.00414
1.00409
1.00405
1.00395
1.00373
1.0033
1.00255
1.00152
1.00056
1.00012
1.00002
1.00001
1.00001
1
1
1
1
1
1
1
1
1
1
1
1
1
1
1
1
1
1
1
1
1
1
1
1
1
1
1
1
1
1
1
1
1
1
1
1
1
1
1
1
1
1
1
1
1
1
1
1
1
1
1
1
1
1
1
1
1
1
1
1
1
1
1
1
1
1
1
1
1
1
1
1
1
1
1
1
1
1
1
1
1
1
1
1
1
1
1
1
1
1
1
1
1
1.03754
1.03683
1.03605
1.03492
1.03344
1.03114
1.02774
1.02552
1.02465
1.02406
1.02326
1.02215
1.02064
1.01814
1.01514
1.01366
1.01306
1.0126
1.01188
1.01092
1.00951
1.00726
1.00517
1.0045
1.00446
1.00448
1.0043
1.00385
1.00309
1.00159
1.00006
0.999853
1.00006
1.00063
1.0016
1.00204
1.00213
1.00197
1.00099
1.00057
1.00089
1.00134
1.00224
1.00351
1.00403
1.00418
1.00417
1.00374
1.00384
1.00411
1.00453
1.00537
1.00661
1.00725
1.00746
1.00757
1.0076
1.00773
1.00793
1.00819
1.00866
1.00926
1.0097
1.00998
1.01022
1.01046
1.0107
1.01099
1.01129
1.01148
1.01161
1.01172
1.01185
1.01199
1.01216
1.01241
1.01269
1.01284
1.01296
1.01304
1.01282
1.01211
1.01186
1.01198
1.01211
1.01227
1.01253
1.01275
1.01286
1.01294
1.01297
1.01267
1.01207
1.01201
1.01214
1.01231
1.01257
1.01276
1.01284
1.01286
1.01268
1.01226
1.01215
1.01224
1.0124
1.01266
1.0128
1.01287
1.01289
1.01266
1.0121
1.01177
1.01178
1.01184
1.01195
1.01218
1.01237
1.01245
1.01249
1.01241
1.01218
1.01214
1.0122
1.01226
1.01233
1.01243
1.01254
1.01261
1.01266
1.01268
1.01261
1.01257
1.0126
1.01262
1.01262
1.01262
1.01267
1.01272
1.01277
1.0128
1.0128
1.01269
1.01246
1.01238
1.0124
1.01242
1.01243
1.01243
1.01236
1.01222
1.0122
1.01227
1.01235
1.01241
1.01245
1.01245
1.01234
1.01214
1.01213
1.01219
1.01231
1.01246
1.01248
1.01238
1.0119
1.01109
1.01056
1.01045
1.01041
1.01033
1.0101
1.00937
1.00815
1.00764
1.00759
1.00754
1.00742
1.00713
1.00642
1.00498
1.00344
1.00295
1.00289
1.00281
1.00265
1.00233
1.00178
1.00101
1.00033
1.00005
1
1
1
1
1
1
1
1
1
1
1
1
1
1
1
1
1
1
1
1
1
1
1
1
1
1
1
1
1
1
1
1
1
1
1
1
1
1
1
1
1
1
1
1
1
1
1
1
1
1
1
1
1
1
1
1
1
1
1
1
1
1
1
1
1
1
1
1
1
1
1
1
1
1
1
1
1
1
1
1
1
1
1
1
1
1
1
1
1
1
1
1
1
1
1
1
1
1
1.04822
1.04738
1.0462
1.04465
1.04223
1.03887
1.03694
1.03613
1.0355
1.03462
1.03342
1.0317
1.02889
1.02637
1.02539
1.02487
1.02421
1.0233
1.02204
1.02011
1.01775
1.01631
1.01574
1.01541
1.01496
1.01428
1.01338
1.01214
1.01039
1.00897
1.0087
1.00881
1.00915
1.00944
1.00942
1.00908
1.00834
1.00711
1.00657
1.00678
1.00722
1.00813
1.00898
1.00918
1.00921
1.00871
1.0079
1.00796
1.00827
1.00886
1.00993
1.01077
1.01103
1.01112
1.01085
1.01073
1.01086
1.01107
1.0115
1.01206
1.01242
1.01265
1.01286
1.01309
1.0133
1.01349
1.0136
1.01366
1.01371
1.01376
1.01383
1.01395
1.01411
1.01429
1.01448
1.01464
1.01473
1.01475
1.0147
1.01441
1.01384
1.01353
1.01361
1.01369
1.01381
1.01401
1.01421
1.01432
1.0144
1.01442
1.01411
1.01357
1.01353
1.01366
1.01382
1.01409
1.01435
1.01445
1.01452
1.0145
1.01411
1.0135
1.01337
1.01342
1.01349
1.0136
1.01381
1.01401
1.0141
1.01413
1.01398
1.01354
1.01331
1.01337
1.01348
1.01361
1.0137
1.01376
1.01381
1.01378
1.0136
1.01345
1.01344
1.01346
1.01348
1.0135
1.01353
1.01354
1.01353
1.0135
1.01349
1.01351
1.01349
1.01339
1.01325
1.01325
1.01329
1.01333
1.01338
1.01341
1.01343
1.0134
1.01337
1.01343
1.01352
1.01368
1.01386
1.01392
1.01394
1.01394
1.01392
1.01391
1.01394
1.014
1.01405
1.01403
1.01362
1.01296
1.01278
1.01277
1.01273
1.01266
1.01251
1.01206
1.01102
1.01017
1.01002
1.00998
1.00989
1.00966
1.00902
1.00765
1.0065
1.00623
1.00612
1.00592
1.00552
1.00468
1.00323
1.002
1.00167
1.00161
1.00152
1.00135
1.00105
1.00061
1.0002
1.00003
1
1
1
1
1
1
1
1
1
1
1
1
1
1
1
1
1
1
1
1
1
1
1
1
1
1
1
1
1
1
1
1
1
1
1
1
1
1
1
1
1
1
1
1
1
1
1
1
1
1
1
1
1
1
1
1
1
1
1
1
1
1
1
1
1
1
1
1
1
1
1
1
1
1
1
1
1
1
1
1
1
1
1
1
1
1
1
1
1
1
1
1
1
1
1
1
1
1
1
1
1.05799
1.05681
1.05527
1.05289
1.04967
1.0479
1.04713
1.04648
1.04556
1.04433
1.04248
1.03964
1.03755
1.03677
1.03633
1.03572
1.03475
1.03323
1.03082
1.02888
1.02813
1.02775
1.02722
1.0264
1.02518
1.02381
1.02267
1.02163
1.02059
1.01994
1.01969
1.0196
1.01943
1.01907
1.01851
1.01756
1.01625
1.01568
1.01576
1.01615
1.01682
1.01714
1.01712
1.01668
1.01562
1.01477
1.01479
1.0151
1.01584
1.0168
1.01717
1.01725
1.01693
1.01609
1.01586
1.01596
1.01622
1.01665
1.01688
1.01701
1.01692
1.01694
1.01713
1.0173
1.01739
1.01744
1.01741
1.01705
1.01684
1.01692
1.01701
1.01712
1.01725
1.01733
1.01728
1.01698
1.01678
1.01672
1.01662
1.01631
1.01593
1.01591
1.01597
1.01602
1.01609
1.01616
1.01622
1.01625
1.01612
1.01559
1.01503
1.01501
1.01511
1.01527
1.01549
1.0156
1.01564
1.01565
1.01557
1.01534
1.01502
1.01486
1.01482
1.01478
1.01474
1.01476
1.01483
1.01492
1.01509
1.01522
1.01528
1.01525
1.01503
1.01486
1.0149
1.01496
1.01502
1.01507
1.0151
1.01507
1.01497
1.01493
1.01495
1.01495
1.0149
1.01481
1.01479
1.01484
1.01489
1.01496
1.01502
1.01507
1.01508
1.01497
1.01491
1.01496
1.01506
1.01521
1.01534
1.01539
1.0154
1.01531
1.01535
1.01544
1.01555
1.01576
1.01598
1.01608
1.01609
1.01572
1.01503
1.0148
1.01476
1.0147
1.01455
1.01413
1.01325
1.01259
1.01251
1.0125
1.01244
1.01228
1.01182
1.01066
1.00929
1.00888
1.00879
1.00866
1.00837
1.00772
1.00641
1.00492
1.00427
1.00404
1.00379
1.00336
1.00258
1.0015
1.00082
1.00068
1.00064
1.00058
1.00047
1.0003
1.00011
1.00002
1
1
1
1
1
1
1
1
1
1
1
1
1
1
1
1
1
1
1
1
1
1
1
1
1
1
1
1
1
1
1
1
1
1
1
1
1
1
1
1
1
1
1
1
1
1
1
1
1
1
1
1
1
1
1
1
1
1
1
1
1
1
1
1
1
1
1
1
1
1
1
1
1
1
1
1
1
1
1
1
1
1
1
1
1
1
1
1
1
1
1
1
1
1
1
1
1
1
1
1
1
1
1.06777
1.06639
1.06428
1.06138
1.05972
1.05904
1.05854
1.05775
1.05658
1.05477
1.05221
1.05065
1.05012
1.04989
1.04934
1.04838
1.04683
1.04462
1.04329
1.04283
1.04266
1.04221
1.04137
1.03993
1.03829
1.03757
1.03728
1.03691
1.03627
1.0354
1.03482
1.03453
1.03417
1.03363
1.03281
1.03161
1.03092
1.03091
1.03117
1.03144
1.03141
1.03099
1.03015
1.0289
1.02822
1.02819
1.02842
1.02897
1.0293
1.02932
1.0289
1.02782
1.02689
1.02666
1.02668
1.02694
1.02712
1.02713
1.02684
1.02605
1.02564
1.02562
1.02557
1.02551
1.02538
1.02501
1.02427
1.02365
1.02357
1.02357
1.02355
1.02355
1.02346
1.02303
1.0223
1.02172
1.02148
1.02131
1.02105
1.02055
1.02005
1.01995
1.01997
1.01999
1.01999
1.01999
1.0199
1.01955
1.01876
1.01814
1.01812
1.01821
1.01839
1.01854
1.01858
1.01858
1.01836
1.0177
1.01693
1.01672
1.01678
1.01693
1.01714
1.01721
1.01723
1.01712
1.0167
1.01624
1.01617
1.01622
1.01631
1.01647
1.01658
1.01663
1.01666
1.01655
1.01625
1.01606
1.01607
1.01612
1.01623
1.01647
1.01666
1.01672
1.01673
1.01661
1.0166
1.01667
1.01678
1.01695
1.01704
1.01708
1.01705
1.01709
1.01719
1.01734
1.0176
1.018
1.01821
1.01828
1.01823
1.01775
1.01735
1.01732
1.01733
1.0173
1.0172
1.01691
1.01612
1.01506
1.01464
1.01461
1.01458
1.0145
1.01427
1.01358
1.01231
1.01159
1.01146
1.01136
1.01115
1.01068
1.00962
1.00796
1.00695
1.00667
1.00645
1.00609
1.00539
1.00419
1.00287
1.00219
1.00194
1.00172
1.0014
1.00091
1.00041
1.0002
1.00017
1.00016
1.00014
1.0001
1.00005
1.00001
1
1
1
1
1
1
1
1
1
1
1
1
1
1
1
1
1
1
1
1
1
1
1
1
1
1
1
1
1
1
1
1
1
1
1
1
1
1
1
1
1
1
1
1
1
1
1
1
1
1
1
1
1
1
1
1
1
1
1
1
1
1
1
1
1
1
1
1
1
1
1
1
1
1
1
1
1
1
1
1
1
1
1
1
1
1
1
1
1
1
1
1
1
1
1
1
1
1
1
1
1
1
1
1
1.08283
1.08126
1.07919
1.07809
1.07782
1.07795
1.07771
1.07685
1.07545
1.07379
1.07309
1.07315
1.07353
1.07352
1.0728
1.07144
1.07011
1.06967
1.0698
1.07021
1.07015
1.06933
1.06797
1.06701
1.06677
1.067
1.06717
1.06666
1.06555
1.06464
1.06443
1.06441
1.06401
1.06327
1.06217
1.06123
1.06101
1.06112
1.06114
1.06068
1.05989
1.05858
1.05708
1.05645
1.05632
1.05647
1.05645
1.05606
1.05541
1.05412
1.05233
1.05135
1.05097
1.05075
1.05056
1.05034
1.04988
1.04869
1.04716
1.04643
1.04606
1.04565
1.04517
1.04455
1.04356
1.04199
1.04082
1.04047
1.04026
1.03998
1.03959
1.03895
1.03775
1.03602
1.03491
1.03446
1.03414
1.03379
1.03325
1.03234
1.03121
1.03039
1.02994
1.02963
1.02936
1.02904
1.02851
1.0275
1.02623
1.02561
1.0254
1.02523
1.02505
1.02487
1.02464
1.0243
1.02358
1.02234
1.02149
1.02131
1.02129
1.02133
1.02146
1.02151
1.02147
1.02126
1.02066
1.01966
1.01909
1.01905
1.01911
1.01934
1.01976
1.01993
1.01998
1.01994
1.01959
1.01932
1.01933
1.01941
1.01965
1.02
1.02014
1.02021
1.02021
1.0201
1.02014
1.02026
1.02048
1.02066
1.02073
1.02074
1.02039
1.01998
1.01997
1.02004
1.0201
1.02007
1.01989
1.01926
1.0181
1.01744
1.01738
1.01738
1.01735
1.01727
1.01706
1.01641
1.01498
1.01393
1.01379
1.01373
1.0136
1.01335
1.01278
1.01161
1.01012
1.00936
1.00906
1.00875
1.00821
1.0072
1.00568
1.00446
1.00395
1.00365
1.00328
1.00268
1.00181
1.00102
1.00068
1.00056
1.00047
1.00034
1.00017
1.00005
1.00002
1.00002
1.00002
1.00002
1.00001
1
1
1
1
1
1
1
1
1
1
1
1
1
1
1
1
1
1
1
1
1
1
1
1
1
1
1
1
1
1
1
1
1
1
1
1
1
1
1
1
1
1
1
1
1
1
1
1
1
1
1
1
1
1
1
1
1
1
1
1
1
1
1
1
1
1
1
1
1
1
1
1
1
1
1
1
1
1
1
1
1
1
1
1
1
1
1
1
1
1
1
1
1
1
1
1
1
1
1
1
1
1
1
1
1
1
1
1.1221
1.12078
1.1203
1.12092
1.12262
1.12369
1.12323
1.12183
1.12068
1.1206
1.12154
1.12279
1.12274
1.12157
1.11994
1.11898
1.11888
1.11944
1.11977
1.11906
1.11764
1.11599
1.11498
1.11459
1.11473
1.11433
1.11328
1.11163
1.1098
1.10892
1.10841
1.10777
1.1068
1.10553
1.10371
1.10216
1.10141
1.1007
1.09981
1.09869
1.09724
1.09517
1.09325
1.09247
1.09188
1.09118
1.09033
1.0892
1.08744
1.08486
1.08278
1.08197
1.08144
1.0809
1.08028
1.0794
1.07777
1.07509
1.07311
1.0723
1.07172
1.07111
1.07039
1.0694
1.0677
1.06535
1.06374
1.06304
1.0626
1.06211
1.0614
1.06025
1.0584
1.05625
1.05483
1.05406
1.05346
1.05283
1.05203
1.05091
1.04966
1.04863
1.04777
1.04695
1.04604
1.04494
1.04365
1.04241
1.0415
1.04081
1.04014
1.03936
1.03841
1.03727
1.03608
1.03506
1.03428
1.03368
1.03312
1.03242
1.03148
1.03044
1.02973
1.02935
1.02907
1.02876
1.02834
1.0277
1.02678
1.02585
1.02551
1.02551
1.02553
1.02553
1.02551
1.02541
1.02503
1.02459
1.02453
1.02459
1.02465
1.02465
1.02449
1.02381
1.02307
1.02294
1.02295
1.02297
1.02293
1.02282
1.02239
1.02143
1.02066
1.02057
1.02054
1.02048
1.02039
1.02021
1.0197
1.01839
1.01706
1.01682
1.01679
1.01673
1.01659
1.0163
1.01564
1.01414
1.0124
1.01181
1.01164
1.01142
1.01105
1.01036
1.00915
1.00757
1.00639
1.0058
1.00536
1.00478
1.00391
1.00278
1.00192
1.00154
1.00133
1.00109
1.00077
1.0004
1.00017
1.0001
1.00008
1.00006
1.00004
1.00001
1
1
1
1
1
1
1
1
1
1
1
1
1
1
1
1
1
1
1
1
1
1
1
1
1
1
1
1
1
1
1
1
1
1
1
1
1
1
1
1
1
1
1
1
1
1
1
1
1
1
1
1
1
1
1
1
1
1
1
1
1
1
1
1
1
1
1
1
1
1
1
1
1
1
1
1
1
1
1
1
1
1
1
1
1
1
1
1
1
1
1
1
1
1
1
1
1
1
1
1
1
1
1
1
1
1
1
1
1
1
1
1
1
1
1.18572
1.18426
1.18353
1.18371
1.18476
1.1845
1.1829
1.18076
1.1794
1.17876
1.17902
1.17863
1.17708
1.17479
1.17267
1.17159
1.17096
1.17021
1.16885
1.16708
1.16463
1.16267
1.16152
1.16034
1.15902
1.15758
1.15573
1.15329
1.15108
1.14953
1.14823
1.14688
1.14535
1.14354
1.14128
1.13899
1.13719
1.1358
1.13443
1.13288
1.13109
1.12887
1.12652
1.12475
1.12346
1.12226
1.12095
1.11935
1.11722
1.11457
1.11209
1.11071
1.10983
1.10888
1.10785
1.10649
1.10438
1.10146
1.09921
1.09801
1.09707
1.0962
1.09525
1.09397
1.09197
1.08955
1.08788
1.08687
1.08604
1.08519
1.08414
1.0827
1.08079
1.07882
1.07743
1.07658
1.07579
1.07483
1.07365
1.07232
1.07104
1.06996
1.06898
1.06794
1.06664
1.06486
1.06303
1.06209
1.06161
1.06108
1.06039
1.05946
1.05813
1.05615
1.05384
1.05255
1.05211
1.05174
1.05124
1.05049
1.04929
1.04752
1.04569
1.0445
1.04378
1.04318
1.0425
1.04166
1.04052
1.03906
1.03755
1.03642
1.03574
1.03521
1.03461
1.03377
1.03242
1.03083
1.02991
1.02953
1.0292
1.0287
1.02761
1.02587
1.02482
1.02455
1.02439
1.0242
1.02393
1.02336
1.02222
1.02079
1.02032
1.02026
1.02019
1.02005
1.01978
1.01918
1.01771
1.01577
1.01508
1.01494
1.01477
1.01449
1.01402
1.01315
1.01153
1.00954
1.0085
1.00814
1.00781
1.00733
1.00653
1.00534
1.00397
1.00301
1.00252
1.00216
1.00177
1.00126
1.00073
1.00042
1.0003
1.00024
1.00018
1.0001
1.00004
1.00001
1
1
1
1
1
1
1
1
1
1
1
1
1
1
1
1
1
1
1
1
1
1
1
1
1
1
1
1
1
1
1
1
1
1
1
1
1
1
1
1
1
1
1
1
1
1
1
1
1
1
1
1
1
1
1
1
1
1
1
1
1
1
1
1
1
1
1
1
1
1
1
1
1
1
1
1
1
1
1
1
1
1
1
1
1
1
1
1
1
1
1
1
1
1
1
1
1
1
1
1
1
1
1
1
1
1
1
1
1
1
1
1
1
1
1
1
1
1
1
1
1.21894
1.21699
1.21567
1.21453
1.21308
1.21131
1.20889
1.20652
1.20493
1.20348
1.202
1.20031
1.19805
1.19534
1.1933
1.19173
1.19016
1.18857
1.18667
1.18423
1.18154
1.17947
1.17783
1.17623
1.17455
1.17267
1.17033
1.16757
1.16532
1.16364
1.16213
1.16056
1.15878
1.1566
1.15398
1.15158
1.1498
1.14832
1.14685
1.14518
1.14318
1.14076
1.13839
1.13657
1.13511
1.1337
1.13219
1.13042
1.12821
1.12585
1.12398
1.12267
1.12154
1.12027
1.11873
1.11678
1.11454
1.1124
1.11078
1.10968
1.10868
1.10767
1.10645
1.10474
1.10251
1.10058
1.09936
1.09839
1.09746
1.09639
1.09497
1.09321
1.0915
1.09027
1.08942
1.08864
1.0877
1.0864
1.08473
1.08309
1.08194
1.08114
1.08044
1.07967
1.0786
1.07699
1.07506
1.07382
1.07325
1.07275
1.07215
1.07135
1.07017
1.06839
1.06636
1.06516
1.06465
1.06425
1.06377
1.06307
1.06193
1.06014
1.05827
1.05725
1.05674
1.05625
1.0556
1.05462
1.05315
1.05124
1.04946
1.04827
1.04741
1.04656
1.04544
1.04376
1.04136
1.03908
1.03781
1.03704
1.03625
1.03515
1.03341
1.03108
1.02936
1.02856
1.028
1.0274
1.02659
1.02521
1.02278
1.02068
1.01999
1.01966
1.01928
1.0187
1.01767
1.01579
1.01339
1.01203
1.0116
1.01125
1.01075
1.00998
1.00881
1.00716
1.00546
1.00449
1.00408
1.00373
1.00329
1.00266
1.00187
1.00115
1.00074
1.00057
1.00045
1.00032
1.00018
1.00008
1.00003
1.00002
1.00002
1.00001
1.00001
1
1
1
1
1
1
1
1
1
1
1
1
1
1
1
1
1
1
1
1
1
1
1
1
1
1
1
1
1
1
1
1
1
1
1
1
1
1
1
1
1
1
1
1
1
1
1
1
1
1
1
1
1
1
1
1
1
1
1
1
1
1
1
1
1
1
1
1
1
1
1
1
1
1
1
1
1
1
1
1
1
1
1
1
1
1
1
1
1
1
1
1
1
1
1
1
1
1
1
1
1
1
1
1
1
1
1
1
1
1
1
1
1
1
1
1
1
1
1
1
1
1
1
1.26587
1.26295
1.26051
1.25797
1.25521
1.25212
1.24863
1.24533
1.24258
1.24006
1.23744
1.23454
1.23116
1.2276
1.22469
1.2222
1.21974
1.21717
1.21428
1.21092
1.20751
1.20468
1.20233
1.20008
1.19769
1.19498
1.19181
1.18848
1.18568
1.18342
1.18136
1.17926
1.17694
1.17407
1.17083
1.16805
1.16591
1.16398
1.16211
1.16017
1.15788
1.155
1.15221
1.15011
1.14843
1.14683
1.14507
1.14301
1.14069
1.1385
1.13669
1.13512
1.13366
1.13219
1.1306
1.12861
1.12633
1.12451
1.12325
1.12228
1.12129
1.12015
1.1187
1.11679
1.11477
1.11341
1.11249
1.1116
1.11064
1.10949
1.10796
1.10617
1.10477
1.10394
1.10327
1.10255
1.10162
1.10027
1.0984
1.09666
1.09565
1.09502
1.09444
1.09373
1.09273
1.09119
1.08914
1.08753
1.08678
1.08628
1.08576
1.08508
1.08402
1.08234
1.0803
1.07884
1.07804
1.07741
1.07675
1.07589
1.07457
1.07255
1.07031
1.06889
1.06809
1.06738
1.06655
1.06535
1.06353
1.06115
1.05893
1.05743
1.05638
1.05537
1.05408
1.05214
1.04948
1.04706
1.04559
1.04459
1.04352
1.04192
1.03932
1.03627
1.03424
1.03314
1.03223
1.03106
1.02905
1.02564
1.022
1.02005
1.01905
1.01816
1.01705
1.01538
1.01282
1.00987
1.00809
1.00736
1.00684
1.00624
1.00544
1.00431
1.00293
1.00185
1.00138
1.00119
1.00104
1.00084
1.00059
1.00031
1.00013
1.00007
1.00005
1.00004
1.00002
1.00001
1
1
1
1
1
1
1
1
1
1
1
1
1
1
1
1
1
1
1
1
1
1
1
1
1
1
1
1
1
1
1
1
1
1
1
1
1
1
1
1
1
1
1
1
1
1
1
1
1
1
1
1
1
1
1
1
1
1
1
1
1
1
1
1
1
1
1
1
1
1
1
1
1
1
1
1
1
1
1
1
1
1
1
1
1
1
1
1
1
1
1
1
1
1
1
1
1
1
1
1
1
1
1
1
1
1
1
1
1
1
1
1
1
1
1
1
1
1
1
1
1
1
1
1
1
1
1
1
1
1
)
;

boundaryField
{
    inlet
    {
        type            fixedValue;
        value           nonuniform 0();
    }
    outlet
    {
        type            inletOutlet;
        inletValue      uniform 1;
        value           nonuniform List<scalar> 
16
(
1
1
1
1
1
1
1
1
1
1
1
1
1
1
1
1
)
;
    }
    bottom
    {
        type            symmetryPlane;
    }
    top
    {
        type            symmetryPlane;
    }
    obstacle
    {
        type            zeroGradient;
    }
    defaultFaces
    {
        type            empty;
    }
    procBoundary3to1
    {
        type            processor;
        value           nonuniform List<scalar> 
288
(
0.944493
0.941144
0.938373
0.93587
0.934582
0.935611
0.936677
0.938025
0.94125
0.94553
0.950271
0.955269
0.96072
0.966788
0.971264
0.973381
0.97505
0.97662
0.978574
0.981207
0.985063
0.989314
0.990946
0.991317
0.991352
0.991142
0.991226
0.991578
0.993009
0.994441
0.994507
0.994456
0.994233
0.993903
0.993758
0.99414
0.995517
0.996189
0.996107
0.995791
0.995446
0.995193
0.995019
0.995014
0.995356
0.995612
0.995573
0.995448
0.995326
0.995286
0.995368
0.995959
0.996908
0.997084
0.997042
0.996958
0.996785
0.996652
0.996593
0.996573
0.996642
0.997113
0.997744
0.997847
0.997875
0.997903
0.997937
0.998007
0.998076
0.998197
0.99846
0.998643
0.998764
0.998901
0.999061
0.999288
0.999727
1.00033
1.00056
1.00066
1.0007
1.00067
1.00074
1.00089
1.00115
1.0017
1.00278
1.0037
1.00391
1.00399
1.004
1.00392
1.00396
1.00406
1.00425
1.00463
1.00526
1.00569
1.00581
1.00589
1.00593
1.00596
1.00604
1.00613
1.00619
1.00622
1.00613
1.00601
1.00608
1.00619
1.00634
1.0065
1.00661
1.00668
1.00673
1.00672
1.00651
1.00628
1.00631
1.00642
1.0066
1.00689
1.00715
1.00725
1.00729
1.00723
1.00706
1.00703
1.00708
1.00714
1.00723
1.00735
1.00746
1.00754
1.00759
1.00763
1.00763
1.00758
1.00749
1.00743
1.0074
1.00736
1.00724
1.00694
1.0067
1.00673
1.00685
1.00713
1.00759
1.00789
1.00795
1.00797
1.00795
1.00781
1.00752
1.00718
1.00707
1.00711
1.00721
1.0074
1.00769
1.00805
1.00831
1.00839
1.00842
1.00842
1.00833
1.00799
1.00743
1.00702
1.00695
1.00698
1.00707
1.00727
1.00758
1.00776
1.00779
1.0078
1.00777
1.00757
1.00713
1.00668
1.00652
1.00653
1.00657
1.00661
1.00663
1.00664
1.00663
1.0065
1.00624
1.00586
1.00536
1.00465
1.00397
1.00379
1.00382
1.00388
1.004
1.00424
1.00451
1.0046
1.0046
1.00451
1.00416
1.00325
1.00167
1.00034
1.00002
1
1
1
1
1
1
1
1
1
1
1
1
1
1
1
1
1
1
1
1
1
1
1
1
1
1
1
1
1
1
1
1
1
1
1
1
1
1
1
1
1
1
1
1
1
1
1
1
1
1
1
1
1
1
1
1
1
1
1
1
1
1
1
1
1
1
1
1
1
1
1
1
1
1
1
1
1
1
1
)
;
    }
    procBoundary3to2
    {
        type            processor;
        value           nonuniform List<scalar> 
16
(
0.962068
0.975237
0.988111
1.00026
1.01156
1.02179
1.03007
1.03872
1.04898
1.05887
1.06878
1.08379
1.12281
1.18701
1.2213
1.2694
)
;
    }
}


// ************************************************************************* //
