/*--------------------------------*- C++ -*----------------------------------*\
  =========                 |
  \\      /  F ield         | OpenFOAM: The Open Source CFD Toolbox
   \\    /   O peration     | Website:  https://openfoam.org
    \\  /    A nd           | Version:  7
     \\/     M anipulation  |
\*---------------------------------------------------------------------------*/
FoamFile
{
    version     2.0;
    format      ascii;
    class       volVectorField;
    location    "1.6";
    object      U;
}
// * * * * * * * * * * * * * * * * * * * * * * * * * * * * * * * * * * * * * //

dimensions      [0 1 -1 0 0 0 0];

internalField   nonuniform List<vector> 
4608
(
(5 -5.03575e-18 0)
(5 9.81544e-17 0)
(5 -1.83692e-16 0)
(5 -6.64177e-16 0)
(5 -6.9638e-16 0)
(5 4.8723e-16 0)
(5 1.23856e-15 0)
(5 1.66407e-15 0)
(5 2.19454e-15 0)
(5 2.31411e-15 0)
(5 1.67111e-15 0)
(5 1.97084e-15 0)
(5 2.82816e-15 0)
(5 1.3324e-15 0)
(5 1.13461e-15 0)
(5 9.27286e-16 0)
(5 1.21163e-15 0)
(5 1.94893e-15 0)
(5 2.4362e-15 0)
(5 2.50406e-15 0)
(5 2.03916e-15 0)
(5 2.4855e-15 0)
(5 3.09756e-15 0)
(5 3.73253e-15 0)
(5 2.32888e-15 0)
(5 -4.17613e-16 0)
(5 -8.59851e-16 0)
(5 -8.17496e-17 0)
(5 4.52829e-16 0)
(5 1.41977e-15 0)
(5 2.01401e-15 0)
(5 2.40856e-15 0)
(5 2.68276e-15 0)
(5 2.90133e-15 0)
(5 1.46134e-15 0)
(5 -7.55167e-17 0)
(5 -1.18036e-15 0)
(5 -2.58326e-15 0)
(5 -2.31638e-15 0)
(5 -2.34709e-15 0)
(5 -1.33335e-15 0)
(5 -1.34649e-15 0)
(5 -2.58672e-15 0)
(5 -3.43149e-15 0)
(5 -3.97544e-15 0)
(5 -3.9067e-15 0)
(5 -2.84102e-15 0)
(5 -1.96012e-15 0)
(5 -1.16602e-15 0)
(5 -8.69215e-16 0)
(5 -1.18424e-15 0)
(5 -2.70021e-15 0)
(5 -3.04003e-15 0)
(5 -1.55463e-15 0)
(5 1.60692e-15 0)
(5 3.30937e-15 0)
(5 5.02169e-15 0)
(5 2.34458e-15 0)
(5 6.75632e-17 0)
(4.28771 0.00528935 0)
(1.22139 0.0118479 0)
(0.958389 0.00973505 0)
(0.9337 0.0129802 0)
(0.903398 0.0134766 0)
(0.87419 0.0143909 0)
(0.843143 0.0148611 0)
(0.812749 0.0141662 0)
(0.78468 0.0129993 0)
(0.75837 0.0126837 0)
(0.731774 0.0131951 0)
(0.704045 0.0134369 0)
(0.6761 0.0130511 0)
(0.648415 0.0128115 0)
(0.620637 0.0129031 0)
(0.592956 0.0130074 0)
(0.565943 0.0130031 0)
(0.539881 0.0129416 0)
(0.514518 0.0129537 0)
(0.489295 0.0130333 0)
(0.463813 0.0130911 0)
(0.437824 0.0131225 0)
(0.411253 0.0131012 0)
(0.384466 0.0129645 0)
(0.357922 0.0128143 0)
(0.331747 0.0127772 0)
(0.305719 0.0129055 0)
(0.279555 0.013117 0)
(0.253087 0.013396 0)
(0.226332 0.013638 0)
(0.199315 0.013949 0)
(0.171731 0.0142349 0)
(0.143171 0.0146686 0)
(0.113461 0.0151575 0)
(0.082187 0.015621 0)
(0.0497205 0.0157481 0)
(0.0167372 0.0157936 0)
(5 1.37309e-16 0)
(5 4.46591e-16 0)
(5 1.02319e-16 0)
(5 -1.03264e-16 0)
(5 -2.40909e-16 0)
(5 -3.26743e-16 0)
(5 1.19102e-15 0)
(5 2.39691e-15 0)
(5 2.27569e-15 0)
(5 1.92469e-15 0)
(5 2.71681e-15 0)
(5 3.40894e-15 0)
(5 3.90822e-15 0)
(5 3.30178e-15 0)
(5 2.62122e-15 0)
(5 2.01071e-15 0)
(5 1.75771e-15 0)
(5 2.14033e-15 0)
(5 2.63596e-15 0)
(5 4.04248e-15 0)
(5 4.05783e-15 0)
(5 4.92724e-15 0)
(5 6.1951e-15 0)
(5 6.96167e-15 0)
(5 5.23481e-15 0)
(5 4.61447e-15 0)
(5 3.50739e-15 0)
(5 2.61356e-15 0)
(5 1.48953e-15 0)
(5 8.78423e-16 0)
(5 1.35613e-15 0)
(5 2.00983e-15 0)
(5 2.23263e-15 0)
(5 1.96866e-15 0)
(5 4.89115e-16 0)
(5 -1.28281e-15 0)
(5 -2.14022e-15 0)
(5 -5.95902e-15 0)
(5 -4.95106e-15 0)
(5 -4.40654e-15 0)
(5 -3.67342e-15 0)
(5 -2.16783e-15 0)
(5 -1.92695e-15 0)
(5 -1.88178e-15 0)
(5 -1.37342e-15 0)
(5 -1.96312e-15 0)
(5 -2.08978e-15 0)
(5 -2.07319e-15 0)
(5 -7.78666e-16 0)
(5 -1.67806e-16 0)
(5 7.66755e-16 0)
(5 5.7234e-16 0)
(5 -1.39734e-15 0)
(5 -1.32327e-15 0)
(5 7.41037e-16 0)
(5 4.05623e-15 0)
(5 5.68058e-15 0)
(5 2.06046e-15 0)
(5 2.41372e-15 0)
(4.30128 0.0256804 0)
(1.21945 0.048073 0)
(0.947572 0.033725 0)
(0.920399 0.0312261 0)
(0.89172 0.0347293 0)
(0.863268 0.0386995 0)
(0.833132 0.0408187 0)
(0.803539 0.0394481 0)
(0.775801 0.03648 0)
(0.749343 0.0355111 0)
(0.722723 0.0370402 0)
(0.695131 0.0378333 0)
(0.667423 0.0368413 0)
(0.639873 0.0363194 0)
(0.612117 0.0367535 0)
(0.5844 0.0371324 0)
(0.557375 0.0371489 0)
(0.531349 0.0370015 0)
(0.506064 0.037087 0)
(0.480963 0.0373771 0)
(0.455676 0.0376196 0)
(0.429991 0.0378424 0)
(0.403847 0.0379778 0)
(0.377568 0.0378178 0)
(0.351547 0.0376294 0)
(0.325872 0.0377271 0)
(0.300365 0.0382347 0)
(0.274817 0.0389224 0)
(0.249097 0.0398056 0)
(0.22316 0.0406065 0)
(0.196949 0.0416411 0)
(0.17008 0.0426033 0)
(0.142235 0.0440176 0)
(0.113119 0.0456241 0)
(0.0822804 0.0471546 0)
(0.0500186 0.0476837 0)
(0.0169445 0.0480664 0)
(5 4.91691e-16 0)
(5 1.14119e-15 0)
(5 4.11976e-16 0)
(5 6.45834e-16 0)
(5 1.71262e-15 0)
(5 8.30284e-16 0)
(5 -5.7797e-16 0)
(5 -1.22864e-15 0)
(5 -2.10165e-15 0)
(5 -3.56439e-15 0)
(5 -2.63951e-15 0)
(5 -8.19874e-16 0)
(5 -5.70964e-16 0)
(5 -1.35771e-16 0)
(5 1.3265e-16 0)
(5 -4.26306e-16 0)
(5 -8.77791e-16 0)
(5 -3.09404e-16 0)
(5 5.60723e-16 0)
(5 8.47318e-16 0)
(5 6.50411e-17 0)
(5 8.65561e-16 0)
(5 1.84054e-15 0)
(5 4.03516e-15 0)
(5 4.27887e-15 0)
(5 3.71249e-15 0)
(5 2.76301e-15 0)
(5 1.07564e-15 0)
(5 -7.35122e-17 0)
(5 -7.76567e-16 0)
(5 -2.4564e-15 0)
(5 -2.39496e-15 0)
(5 -1.73414e-15 0)
(5 -7.54846e-16 0)
(5 3.62221e-16 0)
(5 1.2347e-15 0)
(5 -3.09217e-16 0)
(5 -2.80459e-15 0)
(5 -2.56885e-15 0)
(5 -2.61473e-15 0)
(5 -3.82221e-15 0)
(5 -4.56645e-15 0)
(5 -3.77939e-15 0)
(5 -1.51892e-15 0)
(5 -6.17512e-16 0)
(5 2.98149e-16 0)
(5 -4.74539e-16 0)
(5 -3.94744e-15 0)
(5 -2.25587e-15 0)
(5 -4.79614e-16 0)
(5 7.17782e-16 0)
(5 1.25942e-15 0)
(5 -6.44095e-17 0)
(5 -1.40063e-15 0)
(5 -1.58197e-15 0)
(5 -4.71235e-16 0)
(5 1.47297e-15 0)
(5 -7.64543e-17 0)
(5 -3.67966e-15 0)
(4.36031 0.0493849 0)
(1.23472 0.0843258 0)
(0.952224 0.0623189 0)
(0.920397 0.0560013 0)
(0.888875 0.0600179 0)
(0.859662 0.0653266 0)
(0.829988 0.0682473 0)
(0.801118 0.0664059 0)
(0.773543 0.0621958 0)
(0.746449 0.0607256 0)
(0.719162 0.0628719 0)
(0.691075 0.0638497 0)
(0.663053 0.0621264 0)
(0.635137 0.0612912 0)
(0.606946 0.061988 0)
(0.578727 0.0625085 0)
(0.55119 0.0623963 0)
(0.524674 0.0620206 0)
(0.498931 0.0620153 0)
(0.473423 0.0623 0)
(0.447806 0.0624598 0)
(0.421902 0.0625933 0)
(0.395651 0.0626427 0)
(0.369333 0.0622897 0)
(0.343274 0.0619629 0)
(0.317556 0.0621147 0)
(0.292091 0.0628868 0)
(0.266805 0.0638785 0)
(0.241664 0.06518 0)
(0.216596 0.0664054 0)
(0.191465 0.0681268 0)
(0.165717 0.0698285 0)
(0.139074 0.072361 0)
(0.111034 0.0752682 0)
(0.081095 0.0780621 0)
(0.0495002 0.079206 0)
(0.0168867 0.080172 0)
(5 -4.88029e-18 0)
(5 -2.68724e-16 0)
(5 -4.17886e-16 0)
(5 1.5634e-16 0)
(5 9.27032e-16 0)
(5 1.71826e-16 0)
(5 -1.78063e-15 0)
(5 -3.46815e-15 0)
(5 -3.15646e-15 0)
(5 -2.12292e-15 0)
(5 -2.59326e-15 0)
(5 -2.19178e-15 0)
(5 -1.20743e-15 0)
(5 -8.3727e-16 0)
(5 -1.4257e-15 0)
(5 -1.79416e-15 0)
(5 -1.3043e-15 0)
(5 -6.49484e-16 0)
(5 -2.90082e-16 0)
(5 -5.07006e-16 0)
(5 -6.66581e-16 0)
(5 -3.11871e-16 0)
(5 -9.0938e-16 0)
(5 -1.40154e-15 0)
(5 6.86017e-17 0)
(5 1.90527e-16 0)
(5 4.71509e-16 0)
(5 1.2944e-15 0)
(5 1.78386e-15 0)
(5 5.68111e-16 0)
(5 -1.98108e-15 0)
(5 -2.49321e-15 0)
(5 -1.06466e-15 0)
(5 2.94242e-15 0)
(5 4.13943e-15 0)
(5 2.00141e-15 0)
(5 7.48636e-16 0)
(5 7.5147e-16 0)
(5 1.53601e-15 0)
(5 2.14393e-15 0)
(5 -1.01059e-15 0)
(5 -2.3177e-15 0)
(5 -3.12445e-15 0)
(5 -2.4897e-15 0)
(5 -1.60328e-15 0)
(5 8.34948e-16 0)
(5 1.35109e-15 0)
(5 -2.79926e-16 0)
(5 -1.23846e-15 0)
(5 -1.51632e-15 0)
(5 -1.76177e-15 0)
(5 -4.10897e-16 0)
(5 8.83195e-17 0)
(5 7.35427e-16 0)
(5 1.33169e-15 0)
(5 1.18683e-15 0)
(5 -5.35411e-16 0)
(5 -2.14924e-15 0)
(5 -5.09389e-15 0)
(4.4438 0.0629165 0)
(1.25608 0.113481 0)
(0.960902 0.0911142 0)
(0.928887 0.0814548 0)
(0.896004 0.0852617 0)
(0.86655 0.0909999 0)
(0.837474 0.0940098 0)
(0.809265 0.0919395 0)
(0.781619 0.0874157 0)
(0.753698 0.086147 0)
(0.725515 0.0890983 0)
(0.696636 0.0903016 0)
(0.667971 0.0879619 0)
(0.639359 0.0869659 0)
(0.610464 0.0880702 0)
(0.581472 0.0888687 0)
(0.553102 0.0887477 0)
(0.525712 0.0882326 0)
(0.499093 0.0881637 0)
(0.472772 0.0884104 0)
(0.446446 0.0884301 0)
(0.419953 0.088423 0)
(0.393195 0.088366 0)
(0.36636 0.0878543 0)
(0.339659 0.0874534 0)
(0.313126 0.0876524 0)
(0.286748 0.0884901 0)
(0.260624 0.0893411 0)
(0.234915 0.0904568 0)
(0.209652 0.0915126 0)
(0.184752 0.0935003 0)
(0.159516 0.0957199 0)
(0.133917 0.0993685 0)
(0.107069 0.103713 0)
(0.0783993 0.107978 0)
(0.0479805 0.109985 0)
(0.0164825 0.111804 0)
(5 -1.69337e-16 0)
(5 -1.86353e-17 0)
(5 5.7323e-16 0)
(5 3.43037e-17 0)
(5 -1.67053e-15 0)
(5 -3.28305e-15 0)
(5 -3.59958e-15 0)
(5 -3.11469e-15 0)
(5 -3.17927e-16 0)
(5 7.67056e-16 0)
(5 -1.716e-15 0)
(5 -2.24332e-15 0)
(5 -8.6685e-16 0)
(5 -2.69465e-16 0)
(5 -6.48693e-16 0)
(5 3.03453e-16 0)
(5 2.79492e-15 0)
(5 3.02136e-15 0)
(5 1.91736e-15 0)
(5 1.41974e-15 0)
(5 2.45977e-15 0)
(5 1.78045e-15 0)
(5 1.0173e-15 0)
(5 9.06853e-16 0)
(5 9.41463e-16 0)
(5 2.05345e-15 0)
(5 3.74726e-15 0)
(5 5.3519e-15 0)
(5 7.30197e-15 0)
(5 5.78509e-15 0)
(5 1.11829e-15 0)
(5 -3.82889e-16 0)
(5 -3.32883e-17 0)
(5 2.37163e-15 0)
(5 3.48244e-15 0)
(5 7.42791e-16 0)
(5 -1.53396e-15 0)
(5 -1.18478e-15 0)
(5 1.08758e-16 0)
(5 2.09071e-15 0)
(5 3.56761e-15 0)
(5 2.98852e-15 0)
(5 1.78682e-15 0)
(5 1.40645e-16 0)
(5 -1.60743e-16 0)
(5 1.95151e-15 0)
(5 3.40241e-15 0)
(5 1.5123e-15 0)
(5 -8.54394e-17 0)
(5 -3.02816e-15 0)
(5 -2.52419e-15 0)
(5 3.13223e-16 0)
(5 1.85146e-15 0)
(5 1.84594e-15 0)
(5 1.70202e-15 0)
(5 2.29181e-15 0)
(5 1.11561e-15 0)
(5 -9.70559e-16 0)
(5 -3.898e-15 0)
(4.54485 0.071579 0)
(1.2824 0.138063 0)
(0.968245 0.118187 0)
(0.937678 0.107379 0)
(0.904698 0.110679 0)
(0.875903 0.115646 0)
(0.847992 0.117982 0)
(0.820666 0.116033 0)
(0.793242 0.11194 0)
(0.76513 0.111237 0)
(0.736734 0.114886 0)
(0.707619 0.116169 0)
(0.67873 0.113176 0)
(0.649785 0.112007 0)
(0.620576 0.113548 0)
(0.591169 0.114733 0)
(0.562236 0.114759 0)
(0.534149 0.114258 0)
(0.506772 0.114222 0)
(0.479723 0.114468 0)
(0.452763 0.114358 0)
(0.425736 0.114236 0)
(0.398494 0.11416 0)
(0.371116 0.113682 0)
(0.343689 0.113524 0)
(0.316171 0.114165 0)
(0.288557 0.11542 0)
(0.261034 0.116298 0)
(0.233934 0.117136 0)
(0.207443 0.117677 0)
(0.181628 0.119422 0)
(0.155757 0.121574 0)
(0.130186 0.125769 0)
(0.103786 0.131208 0)
(0.0759277 0.136802 0)
(0.0464397 0.139711 0)
(0.016017 0.142501 0)
(5 -1.76489e-16 0)
(5 7.59024e-16 0)
(5 6.31688e-16 0)
(5 5.5453e-17 0)
(5 -5.18848e-16 0)
(5 -1.63504e-15 0)
(5 -2.41652e-15 0)
(5 -2.01167e-15 0)
(5 -1.59539e-15 0)
(5 -2.32931e-15 0)
(5 -2.80999e-15 0)
(5 -4.806e-15 0)
(5 -5.56596e-15 0)
(5 -4.54258e-15 0)
(5 -3.373e-15 0)
(5 -3.14256e-15 0)
(5 -5.78463e-16 0)
(5 1.57946e-15 0)
(5 1.85891e-15 0)
(5 1.29293e-15 0)
(5 2.07723e-15 0)
(5 1.45814e-15 0)
(5 1.59775e-15 0)
(5 1.94869e-15 0)
(5 2.08873e-15 0)
(5 1.5474e-15 0)
(5 1.75352e-15 0)
(5 2.61938e-15 0)
(5 4.08569e-15 0)
(5 5.00912e-15 0)
(5 6.40394e-15 0)
(5 7.55589e-15 0)
(5 6.40705e-15 0)
(5 5.46305e-15 0)
(5 5.0341e-15 0)
(5 3.44579e-15 0)
(5 1.78353e-15 0)
(5 1.1592e-15 0)
(5 1.28396e-15 0)
(5 2.62605e-15 0)
(5 2.65216e-15 0)
(5 2.20044e-15 0)
(5 2.93636e-15 0)
(5 3.12268e-15 0)
(5 2.05044e-15 0)
(5 1.53958e-15 0)
(5 4.21081e-15 0)
(5 4.60476e-15 0)
(5 4.78444e-15 0)
(5 1.20177e-16 0)
(5 -1.57475e-15 0)
(5 -1.47068e-15 0)
(5 -2.6479e-15 0)
(5 -3.50908e-15 0)
(5 -3.17823e-15 0)
(5 4.1195e-16 0)
(5 4.35249e-15 0)
(5 3.85278e-15 0)
(5 8.89513e-16 0)
(4.65099 0.073263 0)
(1.31188 0.161586 0)
(0.970084 0.143209 0)
(0.939054 0.134066 0)
(0.90543 0.136942 0)
(0.876471 0.140623 0)
(0.848951 0.142576 0)
(0.822029 0.141166 0)
(0.794805 0.137857 0)
(0.766821 0.137892 0)
(0.738613 0.14222 0)
(0.70962 0.143636 0)
(0.680826 0.140106 0)
(0.651936 0.138654 0)
(0.623015 0.140426 0)
(0.594062 0.141838 0)
(0.565609 0.141876 0)
(0.53791 0.141243 0)
(0.510788 0.141062 0)
(0.483879 0.141144 0)
(0.456938 0.140828 0)
(0.429771 0.14062 0)
(0.402183 0.14064 0)
(0.374202 0.140357 0)
(0.345915 0.140594 0)
(0.317341 0.141768 0)
(0.288591 0.143436 0)
(0.26001 0.144235 0)
(0.232078 0.144616 0)
(0.205024 0.144435 0)
(0.178886 0.145737 0)
(0.152742 0.147554 0)
(0.127257 0.151915 0)
(0.101181 0.158129 0)
(0.0739412 0.164859 0)
(0.045146 0.168622 0)
(0.015627 0.172401 0)
(5 -1.93477e-16 0)
(5 -1.69504e-16 0)
(5 -3.17438e-17 0)
(5 2.49575e-16 0)
(5 1.26439e-15 0)
(5 1.73673e-15 0)
(5 1.75653e-15 0)
(5 2.60123e-17 0)
(5 -1.03118e-15 0)
(5 -3.02149e-15 0)
(5 -3.20924e-15 0)
(5 -2.57787e-15 0)
(5 -2.02474e-15 0)
(5 -3.7254e-15 0)
(5 -5.28277e-15 0)
(5 -4.50632e-15 0)
(5 -3.52138e-15 0)
(5 -2.30902e-15 0)
(5 3.77599e-16 0)
(5 1.44367e-15 0)
(5 2.76029e-15 0)
(5 2.69583e-15 0)
(5 1.71371e-15 0)
(5 3.37597e-16 0)
(5 9.45665e-17 0)
(5 1.24474e-15 0)
(5 1.80108e-15 0)
(5 3.05385e-15 0)
(5 4.64623e-15 0)
(5 6.02939e-15 0)
(5 6.28621e-15 0)
(5 6.69168e-15 0)
(5 5.94446e-15 0)
(5 4.42041e-15 0)
(5 4.98539e-15 0)
(5 6.70894e-15 0)
(5 5.2906e-15 0)
(5 2.65433e-15 0)
(5 3.55877e-15 0)
(5 5.0435e-15 0)
(5 4.61376e-15 0)
(5 4.54489e-15 0)
(5 5.27021e-15 0)
(5 6.09978e-15 0)
(5 5.8959e-15 0)
(5 4.2031e-15 0)
(5 4.86778e-15 0)
(5 6.94618e-15 0)
(5 9.83106e-15 0)
(5 1.08954e-14 0)
(5 7.11534e-15 0)
(5 1.79088e-15 0)
(5 7.7582e-16 0)
(5 1.3197e-15 0)
(5 3.03661e-15 0)
(5 3.98438e-15 0)
(5 5.41249e-15 0)
(5 6.2515e-15 0)
(5 1.82419e-15 0)
(4.75078 0.0791362 0)
(1.34312 0.191716 0)
(0.969882 0.166805 0)
(0.94209 0.160939 0)
(0.910491 0.163422 0)
(0.882374 0.165552 0)
(0.854933 0.166806 0)
(0.827552 0.165852 0)
(0.7996 0.16339 0)
(0.771078 0.164169 0)
(0.742733 0.168983 0)
(0.713938 0.170379 0)
(0.6856 0.166259 0)
(0.657118 0.164375 0)
(0.628615 0.166194 0)
(0.599939 0.1678 0)
(0.571472 0.168018 0)
(0.543452 0.167546 0)
(0.515795 0.167527 0)
(0.488265 0.167731 0)
(0.460694 0.167486 0)
(0.432912 0.167461 0)
(0.404715 0.167827 0)
(0.3761 0.167924 0)
(0.347178 0.168646 0)
(0.318004 0.170362 0)
(0.2887 0.172362 0)
(0.259655 0.172921 0)
(0.231411 0.172644 0)
(0.204201 0.17156 0)
(0.177978 0.172268 0)
(0.151679 0.173625 0)
(0.126151 0.177918 0)
(0.100158 0.184695 0)
(0.0731917 0.192452 0)
(0.0446185 0.197059 0)
(0.0155245 0.201881 0)
(5 -3.84157e-16 0)
(5 -3.04985e-16 0)
(5 -1.05865e-16 0)
(5 -1.51145e-17 0)
(5 3.17739e-16 0)
(5 1.66924e-15 0)
(5 3.01562e-15 0)
(5 3.95221e-15 0)
(5 3.05313e-15 0)
(5 6.49298e-16 0)
(5 4.97658e-17 0)
(5 8.05222e-16 0)
(5 1.81502e-15 0)
(5 1.91674e-15 0)
(5 2.02138e-15 0)
(5 2.28523e-15 0)
(5 1.10215e-15 0)
(5 1.89658e-15 0)
(5 3.04014e-15 0)
(5 3.61965e-15 0)
(5 2.62575e-15 0)
(5 1.62153e-15 0)
(5 1.04019e-15 0)
(5 2.35055e-15 0)
(5 2.50424e-15 0)
(5 1.97088e-15 0)
(5 1.58305e-15 0)
(5 4.16303e-16 0)
(5 6.11066e-16 0)
(5 4.86999e-16 0)
(5 -3.66679e-16 0)
(5 -1.48932e-15 0)
(5 1.05635e-15 0)
(5 4.25421e-15 0)
(5 5.98197e-15 0)
(5 7.04515e-15 0)
(5 7.24396e-15 0)
(5 7.24996e-15 0)
(5 4.93959e-15 0)
(5 3.12719e-15 0)
(5 3.22007e-15 0)
(5 3.82487e-15 0)
(5 3.20848e-15 0)
(5 3.11179e-15 0)
(5 4.62392e-15 0)
(5 5.80107e-15 0)
(5 6.65416e-15 0)
(5 8.24789e-15 0)
(5 8.31381e-15 0)
(5 8.0616e-15 0)
(5 8.24455e-15 0)
(5 5.60129e-15 0)
(5 4.65085e-15 0)
(5 4.4665e-15 0)
(5 5.33067e-15 0)
(5 6.59445e-15 0)
(5 5.71857e-15 0)
(5 7.67676e-15 0)
(5 -2.61591e-15 0)
(4.86789 0.0834711 0)
(1.39373 0.219283 0)
(0.985325 0.183632 0)
(0.959252 0.184603 0)
(0.928349 0.187613 0)
(0.899445 0.189609 0)
(0.870314 0.191338 0)
(0.840895 0.191601 0)
(0.811103 0.190142 0)
(0.78139 0.191309 0)
(0.752532 0.196074 0)
(0.723647 0.197149 0)
(0.695122 0.192558 0)
(0.665974 0.190505 0)
(0.636483 0.192657 0)
(0.606543 0.194774 0)
(0.576662 0.195388 0)
(0.547307 0.195107 0)
(0.518589 0.195111 0)
(0.490333 0.195235 0)
(0.462288 0.194899 0)
(0.434143 0.194976 0)
(0.405587 0.195679 0)
(0.376577 0.196143 0)
(0.347304 0.197277 0)
(0.317904 0.199415 0)
(0.288494 0.201601 0)
(0.259435 0.201781 0)
(0.231234 0.200758 0)
(0.204064 0.19878 0)
(0.177747 0.198908 0)
(0.151259 0.199816 0)
(0.125478 0.203952 0)
(0.0993658 0.211124 0)
(0.0725604 0.21985 0)
(0.0441213 0.225322 0)
(0.0154229 0.231255 0)
(5 9.04032e-18 0)
(5 -1.48324e-16 0)
(5 -7.15594e-16 0)
(5 -1.83218e-15 0)
(5 -1.80046e-15 0)
(5 -1.28538e-15 0)
(5 -3.32044e-16 0)
(5 7.77609e-16 0)
(5 1.01352e-15 0)
(5 7.51528e-16 0)
(5 -4.71385e-17 0)
(5 -1.55531e-15 0)
(5 -9.82532e-16 0)
(5 1.30132e-15 0)
(5 3.47908e-15 0)
(5 2.71809e-15 0)
(5 1.06709e-15 0)
(5 1.6758e-16 0)
(5 -4.10282e-16 0)
(5 -1.21751e-15 0)
(5 -1.21146e-15 0)
(5 -4.79476e-16 0)
(5 1.80538e-15 0)
(5 2.30832e-15 0)
(5 2.30307e-15 0)
(5 1.06935e-15 0)
(5 1.24535e-15 0)
(5 -6.07852e-17 0)
(5 -2.02611e-15 0)
(5 -2.54e-15 0)
(5 -2.97882e-15 0)
(5 -2.43531e-15 0)
(5 -2.39177e-15 0)
(5 -2.38117e-15 0)
(5 2.86455e-15 0)
(5 5.41413e-15 0)
(5 8.37173e-15 0)
(5 1.05423e-14 0)
(5 7.49605e-15 0)
(5 3.4957e-15 0)
(5 3.00184e-15 0)
(5 3.46414e-15 0)
(5 3.57836e-15 0)
(5 4.5499e-15 0)
(5 4.78345e-15 0)
(5 4.79199e-15 0)
(5 5.66197e-15 0)
(5 4.25994e-15 0)
(5 4.06284e-15 0)
(5 4.39669e-15 0)
(5 4.93147e-15 0)
(5 6.32351e-15 0)
(5 7.54975e-15 0)
(5 6.09712e-15 0)
(5 6.20867e-15 0)
(5 7.27817e-15 0)
(5 8.76599e-15 0)
(5 1.00032e-14 0)
(5 3.1998e-15 0)
(4.95273 0.0269195 0)
(1.43666 0.240782 0)
(0.997498 0.195235 0)
(0.977575 0.204586 0)
(0.949099 0.210186 0)
(0.919977 0.213462 0)
(0.889882 0.216328 0)
(0.859154 0.217861 0)
(0.828167 0.217127 0)
(0.797657 0.218122 0)
(0.768395 0.222386 0)
(0.739256 0.223346 0)
(0.709937 0.219087 0)
(0.679438 0.217601 0)
(0.64835 0.220485 0)
(0.616777 0.223199 0)
(0.585417 0.224039 0)
(0.554819 0.223673 0)
(0.525059 0.22345 0)
(0.495876 0.223348 0)
(0.46692 0.222901 0)
(0.437842 0.223129 0)
(0.408376 0.224219 0)
(0.378565 0.225011 0)
(0.348762 0.226383 0)
(0.319204 0.228716 0)
(0.289924 0.230888 0)
(0.261124 0.230584 0)
(0.233128 0.228846 0)
(0.205969 0.226136 0)
(0.179327 0.225883 0)
(0.152376 0.226459 0)
(0.125939 0.230394 0)
(0.0993121 0.237736 0)
(0.0723629 0.247269 0)
(0.0438301 0.253508 0)
(0.0153764 0.260496 0)
(5 1.8454e-16 0)
(5 -2.82556e-16 0)
(5 8.03889e-17 0)
(5 1.13817e-16 0)
(5 -6.54865e-16 0)
(5 -1.29199e-15 0)
(5 -1.36252e-15 0)
(5 -2.11825e-15 0)
(5 -1.92542e-15 0)
(5 -1.77326e-15 0)
(5 -3.36562e-15 0)
(5 -4.3353e-15 0)
(5 -4.27412e-15 0)
(5 -2.01028e-15 0)
(5 -1.94323e-16 0)
(5 -5.88808e-16 0)
(5 -1.67693e-15 0)
(5 -3.93101e-15 0)
(5 -4.62383e-15 0)
(5 -3.36151e-15 0)
(5 -1.91011e-15 0)
(5 2.19189e-15 0)
(5 3.06569e-15 0)
(5 2.88398e-15 0)
(5 2.09546e-15 0)
(5 1.71412e-15 0)
(5 3.79949e-16 0)
(5 -5.57928e-16 0)
(5 -1.74944e-15 0)
(5 3.59441e-16 0)
(5 1.50134e-15 0)
(5 1.33516e-15 0)
(5 -1.06535e-15 0)
(5 -2.20105e-15 0)
(5 -2.38155e-15 0)
(5 1.0434e-15 0)
(5 2.74365e-15 0)
(5 3.26354e-15 0)
(5 2.75665e-15 0)
(5 3.11376e-15 0)
(5 4.13719e-15 0)
(5 4.02997e-15 0)
(5 5.27767e-15 0)
(5 6.94381e-15 0)
(5 6.69248e-15 0)
(5 5.773e-15 0)
(5 5.12811e-15 0)
(5 4.68767e-15 0)
(5 4.82309e-15 0)
(5 7.21849e-15 0)
(5 7.95575e-15 0)
(5 6.51093e-15 0)
(5 7.42519e-15 0)
(5 7.98939e-15 0)
(5 7.37853e-15 0)
(5 7.51958e-15 0)
(5 8.53866e-15 0)
(5 1.00894e-14 0)
(5 5.13215e-15 0)
(4.99948 0.00441366 0)
(1.51289 0.250067 0)
(0.995188 0.207528 0)
(0.973606 0.227833 0)
(0.949962 0.236924 0)
(0.92378 0.240761 0)
(0.896765 0.244049 0)
(0.868573 0.246042 0)
(0.839659 0.245296 0)
(0.810823 0.245359 0)
(0.782866 0.248641 0)
(0.754683 0.249702 0)
(0.725514 0.246386 0)
(0.694599 0.245864 0)
(0.662774 0.24952 0)
(0.630309 0.252684 0)
(0.598005 0.253597 0)
(0.566383 0.253125 0)
(0.535471 0.252783 0)
(0.505024 0.252618 0)
(0.474757 0.252171 0)
(0.444436 0.252526 0)
(0.41392 0.25385 0)
(0.383324 0.254695 0)
(0.353099 0.255924 0)
(0.32352 0.258087 0)
(0.294491 0.260019 0)
(0.266 0.259197 0)
(0.23814 0.256905 0)
(0.210797 0.253739 0)
(0.18357 0.253439 0)
(0.155815 0.25392 0)
(0.128351 0.257691 0)
(0.100749 0.265016 0)
(0.0731857 0.275145 0)
(0.0441383 0.281968 0)
(0.0155068 0.289841 0)
(5 9.35557e-17 0)
(5 5.07804e-16 0)
(5 2.22012e-15 0)
(5 2.51126e-15 0)
(5 2.48084e-15 0)
(5 2.77715e-15 0)
(5 3.51445e-15 0)
(5 3.24648e-15 0)
(5 3.01182e-15 0)
(5 2.80652e-15 0)
(5 1.71976e-15 0)
(5 4.81486e-16 0)
(5 3.56537e-16 0)
(5 3.80884e-16 0)
(5 1.76717e-16 0)
(5 -4.41729e-16 0)
(5 -1.36551e-15 0)
(5 -1.0803e-15 0)
(5 -5.4122e-16 0)
(5 6.62399e-16 0)
(5 1.24157e-15 0)
(5 2.24319e-15 0)
(5 -7.79973e-16 0)
(5 -3.05501e-15 0)
(5 -3.77605e-15 0)
(5 -3.23833e-15 0)
(5 -3.91965e-15 0)
(5 -3.28042e-15 0)
(5 3.39841e-15 0)
(5 5.79134e-15 0)
(5 7.35366e-15 0)
(5 7.92344e-15 0)
(5 4.86172e-15 0)
(5 6.87892e-17 0)
(5 -1.55791e-16 0)
(5 -1.60981e-16 0)
(5 -9.38052e-16 0)
(5 -1.83573e-15 0)
(5 -9.81716e-16 0)
(5 1.7315e-16 0)
(5 -3.87049e-16 0)
(5 -5.82067e-16 0)
(5 1.38561e-15 0)
(5 2.79007e-15 0)
(5 3.55286e-15 0)
(5 4.75535e-15 0)
(5 4.73286e-15 0)
(5 4.33993e-15 0)
(5 4.31965e-15 0)
(5 5.91757e-15 0)
(5 8.72132e-15 0)
(5 9.96934e-15 0)
(5 1.01e-14 0)
(5 1.07391e-14 0)
(5 1.10492e-14 0)
(5 9.93222e-15 0)
(5 7.29347e-15 0)
(5 2.18781e-15 0)
(5 1.05339e-15 0)
(5.00012 4.14654e-05 0)
(1.62607 0.280796 0)
(0.989076 0.227509 0)
(0.955154 0.241557 0)
(0.935699 0.255522 0)
(0.91225 0.262161 0)
(0.888865 0.267573 0)
(0.864254 0.271317 0)
(0.838759 0.271664 0)
(0.813204 0.271419 0)
(0.788467 0.273999 0)
(0.763392 0.27536 0)
(0.73655 0.273349 0)
(0.707217 0.274181 0)
(0.676354 0.278806 0)
(0.644404 0.282494 0)
(0.612266 0.283596 0)
(0.580393 0.283263 0)
(0.548805 0.283094 0)
(0.51738 0.283076 0)
(0.486012 0.282674 0)
(0.454639 0.283016 0)
(0.42324 0.28432 0)
(0.391973 0.284902 0)
(0.361333 0.285625 0)
(0.331639 0.287307 0)
(0.302722 0.288866 0)
(0.274392 0.287593 0)
(0.246526 0.284979 0)
(0.218848 0.281655 0)
(0.190907 0.281663 0)
(0.162111 0.282379 0)
(0.133333 0.286164 0)
(0.104322 0.293421 0)
(0.0755786 0.304006 0)
(0.0454296 0.311251 0)
(0.0159592 0.31981 0)
(5 -1.77127e-16 0)
(5 6.21231e-16 0)
(5 3.45615e-16 0)
(5 3.60727e-16 0)
(5 1.12231e-15 0)
(5 2.07232e-15 0)
(5 3.48253e-15 0)
(5 5.00444e-15 0)
(5 4.15543e-15 0)
(5 2.92649e-15 0)
(5 1.76957e-15 0)
(5 -1.46244e-16 0)
(5 -1.71751e-16 0)
(5 -1.16398e-15 0)
(5 -2.10258e-15 0)
(5 -2.61531e-15 0)
(5 -1.3175e-15 0)
(5 5.08838e-18 0)
(5 4.3834e-16 0)
(5 4.51399e-16 0)
(5 6.93989e-16 0)
(5 2.0659e-15 0)
(5 1.31243e-15 0)
(5 -2.89614e-15 0)
(5 -3.77421e-15 0)
(5 -3.76088e-15 0)
(5 -2.65505e-15 0)
(5 -9.63591e-16 0)
(5 2.21694e-15 0)
(5 3.13442e-15 0)
(5 3.0456e-15 0)
(5 4.16927e-15 0)
(5 7.33837e-15 0)
(5 6.40075e-15 0)
(5 4.89941e-15 0)
(5 1.77426e-15 0)
(5 -2.0277e-15 0)
(5 -2.40476e-15 0)
(5 -1.62132e-15 0)
(5 7.41422e-16 0)
(5 7.95826e-16 0)
(5 6.72203e-16 0)
(5 6.85384e-16 0)
(5 1.04664e-15 0)
(5 1.73365e-15 0)
(5 2.76501e-15 0)
(5 2.79842e-15 0)
(5 2.58867e-15 0)
(5 2.9958e-15 0)
(5 2.85838e-15 0)
(5 3.17873e-15 0)
(5 4.26372e-15 0)
(5 4.31172e-15 0)
(5 4.51314e-15 0)
(5 4.22786e-15 0)
(5 4.9703e-15 0)
(5 2.00077e-15 0)
(5 -2.27184e-15 0)
(5 -3.50679e-15 0)
(5 -9.8994e-09 0)
(1.79781 0.318936 0)
(0.996629 0.260896 0)
(0.941172 0.262054 0)
(0.917115 0.2716 0)
(0.893349 0.278837 0)
(0.871494 0.286124 0)
(0.849519 0.292119 0)
(0.826895 0.294171 0)
(0.804479 0.294218 0)
(0.783102 0.296491 0)
(0.761723 0.29864 0)
(0.738488 0.298448 0)
(0.712706 0.300997 0)
(0.685041 0.306765 0)
(0.655722 0.311192 0)
(0.625547 0.312895 0)
(0.594798 0.313272 0)
(0.563496 0.313846 0)
(0.531721 0.314409 0)
(0.499661 0.314272 0)
(0.467529 0.314599 0)
(0.435461 0.315714 0)
(0.403671 0.315773 0)
(0.372666 0.315665 0)
(0.342776 0.316562 0)
(0.313803 0.317611 0)
(0.285415 0.315961 0)
(0.257294 0.313271 0)
(0.229028 0.310089 0)
(0.200188 0.310772 0)
(0.170111 0.312105 0)
(0.139818 0.316164 0)
(0.109132 0.3234 0)
(0.0788679 0.334352 0)
(0.0472909 0.341896 0)
(0.0165881 0.350963 0)
(5 1.11974e-16 0)
(5 7.514e-17 0)
(5 1.94135e-16 0)
(5 1.07107e-15 0)
(5 8.99296e-16 0)
(5 1.61373e-15 0)
(5 1.98289e-15 0)
(5 1.59402e-15 0)
(5 2.0378e-16 0)
(5 6.82663e-17 0)
(5 -9.19612e-16 0)
(5 -1.45575e-15 0)
(5 -2.18181e-15 0)
(5 -2.82581e-15 0)
(5 -3.29743e-15 0)
(5 -3.56369e-15 0)
(5 -2.16784e-15 0)
(5 4.4988e-16 0)
(5 1.95358e-16 0)
(5 2.48985e-16 0)
(5 1.1568e-15 0)
(5 2.77624e-15 0)
(5 4.0921e-15 0)
(5 3.00249e-15 0)
(5 2.12211e-15 0)
(5 1.65279e-15 0)
(5 3.19911e-15 0)
(5 4.45286e-15 0)
(5 4.78789e-15 0)
(5 4.90523e-15 0)
(5 4.63883e-15 0)
(5 4.95872e-15 0)
(5 6.48744e-15 0)
(5 4.94667e-15 0)
(5 1.83031e-15 0)
(5 7.18447e-16 0)
(5 -1.21303e-15 0)
(5 -1.88185e-15 0)
(5 -1.69448e-15 0)
(5 9.03308e-17 0)
(5 2.75909e-15 0)
(5 2.94725e-15 0)
(5 1.58986e-15 0)
(5 1.03799e-16 0)
(5 5.07651e-16 0)
(5 1.23215e-15 0)
(5 1.675e-15 0)
(5 3.09802e-15 0)
(5 5.53085e-16 0)
(5 -4.15058e-15 0)
(5 -3.52982e-15 0)
(5 -7.2472e-17 0)
(5 1.67414e-15 0)
(5 9.49562e-16 0)
(5 -2.05235e-15 0)
(5 -2.29666e-15 0)
(5 -2.65853e-15 0)
(5 -5.84218e-15 0)
(5 -4.8428e-15 0)
(5 -6.59394e-11 0)
(2.02975 0.359797 0)
(1.0152 0.302332 0)
(0.94033 0.294055 0)
(0.904751 0.294591 0)
(0.876035 0.297375 0)
(0.851987 0.302739 0)
(0.829998 0.308872 0)
(0.808325 0.311981 0)
(0.787343 0.311804 0)
(0.768329 0.314035 0)
(0.750431 0.317519 0)
(0.731032 0.319702 0)
(0.709736 0.324454 0)
(0.687031 0.331674 0)
(0.66239 0.337108 0)
(0.636006 0.339887 0)
(0.607877 0.341725 0)
(0.578128 0.343833 0)
(0.54709 0.345603 0)
(0.515232 0.346138 0)
(0.483014 0.346636 0)
(0.450712 0.347561 0)
(0.418609 0.346986 0)
(0.387198 0.345868 0)
(0.356795 0.345816 0)
(0.327232 0.346372 0)
(0.298137 0.344564 0)
(0.269135 0.342147 0)
(0.239784 0.33942 0)
(0.209793 0.341058 0)
(0.17832 0.343295 0)
(0.146541 0.347847 0)
(0.11421 0.35512 0)
(0.0823952 0.366379 0)
(0.0493343 0.374145 0)
(0.0172926 0.383599 0)
(5 5.3671e-16 0)
(5 -2.54428e-17 0)
(5 1.92795e-16 0)
(5 5.68631e-16 0)
(5 2.14433e-16 0)
(5 2.48539e-16 0)
(5 8.03391e-16 0)
(5 -1.61579e-16 0)
(5 -5.62607e-16 0)
(5 -6.64944e-17 0)
(5 1.7241e-16 0)
(5 1.83977e-16 0)
(5 -1.95345e-16 0)
(5 6.04671e-17 0)
(5 -8.95047e-16 0)
(5 -6.78016e-17 0)
(5 7.93667e-16 0)
(5 1.40437e-15 0)
(5 1.88017e-15 0)
(5 2.31627e-15 0)
(5 3.2142e-15 0)
(5 2.33226e-15 0)
(5 1.93263e-15 0)
(5 1.61317e-15 0)
(5 2.85768e-15 0)
(5 4.66372e-15 0)
(5 5.27082e-15 0)
(5 4.58588e-15 0)
(5 3.89637e-15 0)
(5 4.4253e-15 0)
(5 2.98428e-15 0)
(5 2.80935e-16 0)
(5 -8.61191e-16 0)
(5 -1.08744e-15 0)
(5 -2.5688e-15 0)
(5 -2.72884e-15 0)
(5 -2.84461e-15 0)
(5 -4.57599e-15 0)
(5 -4.75576e-15 0)
(5 -4.1349e-15 0)
(5 -2.48642e-15 0)
(5 8.76602e-17 0)
(5 -1.33237e-15 0)
(5 -2.61503e-15 0)
(5 -2.52961e-15 0)
(5 -1.70809e-15 0)
(5 5.5036e-17 0)
(5 8.14333e-16 0)
(5 -7.55985e-16 0)
(5 -1.83739e-15 0)
(5 -2.10423e-15 0)
(5 6.23904e-16 0)
(5 3.93304e-15 0)
(5 5.61456e-16 0)
(5 -5.79225e-15 0)
(5 -8.08537e-15 0)
(5 -8.29504e-15 0)
(5 -9.15529e-15 0)
(5 -5.79613e-15 0)
(5 -6.31819e-11 0)
(2.33572 0.398522 0)
(1.0432 0.345653 0)
(0.945208 0.337048 0)
(0.902687 0.325891 0)
(0.86863 0.322559 0)
(0.841377 0.324471 0)
(0.817496 0.329061 0)
(0.79439 0.331788 0)
(0.772186 0.330195 0)
(0.752162 0.3291 0)
(0.734814 0.331742 0)
(0.717276 0.335649 0)
(0.698655 0.34238 0)
(0.679566 0.351483 0)
(0.659283 0.358993 0)
(0.637556 0.363928 0)
(0.613907 0.367953 0)
(0.587962 0.372126 0)
(0.559756 0.375631 0)
(0.529755 0.377406 0)
(0.498605 0.378606 0)
(0.466759 0.379744 0)
(0.43463 0.378834 0)
(0.402754 0.376919 0)
(0.371442 0.376068 0)
(0.340645 0.376316 0)
(0.310099 0.374573 0)
(0.279549 0.372611 0)
(0.248644 0.370402 0)
(0.217296 0.372969 0)
(0.184468 0.376125 0)
(0.151439 0.381212 0)
(0.1178 0.388482 0)
(0.0848186 0.399948 0)
(0.0507008 0.407857 0)
(0.0177652 0.417615 0)
(5 -4.38396e-16 0)
(5 -5.62442e-16 0)
(5 -1.93111e-15 0)
(5 -2.94679e-15 0)
(5 -2.54257e-15 0)
(5 -2.90896e-15 0)
(5 -3.64849e-15 0)
(5 -3.3123e-15 0)
(5 -3.06637e-15 0)
(5 -3.09534e-15 0)
(5 -2.39071e-15 0)
(5 -1.74293e-15 0)
(5 -6.75654e-16 0)
(5 6.16477e-16 0)
(5 9.86535e-16 0)
(5 -6.71731e-16 0)
(5 -1.94998e-15 0)
(5 -1.46841e-15 0)
(5 9.72941e-16 0)
(5 1.2228e-15 0)
(5 6.03219e-17 0)
(5 -7.60113e-16 0)
(5 -2.69409e-15 0)
(5 -2.71049e-15 0)
(5 -1.63923e-15 0)
(5 -7.6337e-16 0)
(5 5.07346e-16 0)
(5 5.63652e-16 0)
(5 7.13663e-16 0)
(5 8.61995e-16 0)
(5 -7.01538e-16 0)
(5 -3.62798e-15 0)
(5 -5.18328e-15 0)
(5 -5.46777e-15 0)
(5 -3.58898e-15 0)
(5 -2.67653e-15 0)
(5 -2.64873e-15 0)
(5 -3.47487e-15 0)
(5 -3.15627e-15 0)
(5 -2.15087e-15 0)
(5 -1.00937e-15 0)
(5 -6.06426e-16 0)
(5 1.99037e-16 0)
(5 -1.62941e-16 0)
(5 -4.41485e-16 0)
(5 -1.84341e-15 0)
(5 -1.98202e-15 0)
(5 -1.8336e-15 0)
(5 -1.76237e-15 0)
(5 -1.05086e-15 0)
(5 -1.88715e-15 0)
(5 -1.80185e-15 0)
(5 -1.01176e-15 0)
(5 -3.57942e-15 0)
(5 -6.99357e-15 0)
(5 -6.54238e-15 0)
(5 -4.62092e-15 0)
(5 -2.60073e-15 0)
(5 -1.64035e-15 0)
(5 -6.37378e-12 0)
(2.72829 0.429041 0)
(1.08118 0.389732 0)
(0.956817 0.381618 0)
(0.915194 0.359404 0)
(0.877769 0.349996 0)
(0.846945 0.348056 0)
(0.819698 0.351581 0)
(0.793746 0.354923 0)
(0.768403 0.353152 0)
(0.744814 0.349519 0)
(0.724157 0.3491 0)
(0.705679 0.352466 0)
(0.687342 0.359192 0)
(0.669329 0.368277 0)
(0.651146 0.376506 0)
(0.632444 0.38328 0)
(0.612641 0.389915 0)
(0.590999 0.396838 0)
(0.566866 0.402853 0)
(0.540208 0.40671 0)
(0.511549 0.40944 0)
(0.481338 0.411519 0)
(0.450028 0.410908 0)
(0.418204 0.408715 0)
(0.386189 0.407419 0)
(0.354108 0.407598 0)
(0.321902 0.406069 0)
(0.289555 0.40462 0)
(0.256893 0.402882 0)
(0.224069 0.406241 0)
(0.189889 0.410232 0)
(0.155731 0.415846 0)
(0.120957 0.423076 0)
(0.0869643 0.434695 0)
(0.0519114 0.442716 0)
(0.0181952 0.452748 0)
(5 -2.25915e-16 0)
(5 -7.09191e-17 0)
(5 -1.72076e-16 0)
(5 -3.05251e-16 0)
(5 -2.14354e-16 0)
(5 -2.68468e-16 0)
(5 -7.84244e-16 0)
(5 -7.44282e-16 0)
(5 -6.55528e-16 0)
(5 -1.2637e-15 0)
(5 -1.60696e-15 0)
(5 -1.16897e-15 0)
(5 -7.9735e-16 0)
(5 1.35743e-15 0)
(5 2.28603e-15 0)
(5 1.97554e-15 0)
(5 2.24349e-16 0)
(5 -4.25206e-16 0)
(5 3.74198e-16 0)
(5 -5.79938e-16 0)
(5 -1.67004e-15 0)
(5 -1.41543e-15 0)
(5 4.13929e-16 0)
(5 1.52554e-15 0)
(5 1.55507e-15 0)
(5 1.01423e-15 0)
(5 1.04155e-15 0)
(5 1.25767e-15 0)
(5 9.4029e-16 0)
(5 8.71464e-16 0)
(5 -7.45997e-16 0)
(5 -3.53962e-15 0)
(5 -5.34336e-15 0)
(5 -6.41906e-15 0)
(5 -1.72069e-15 0)
(5 -3.34368e-16 0)
(5 -9.12451e-16 0)
(5 9.74517e-16 0)
(5 1.69417e-15 0)
(5 1.80501e-15 0)
(5 8.34007e-16 0)
(5 -8.20499e-16 0)
(5 -4.21281e-16 0)
(5 7.44175e-16 0)
(5 -1.05118e-15 0)
(5 -3.40565e-15 0)
(5 -3.55644e-15 0)
(5 -3.64561e-15 0)
(5 -3.79426e-15 0)
(5 -2.48286e-15 0)
(5 -1.97676e-15 0)
(5 -2.0207e-15 0)
(5 -3.99344e-15 0)
(5 -5.57709e-15 0)
(5 -6.21467e-15 0)
(5 -4.32397e-15 0)
(5 -1.91736e-15 0)
(5 -2.29767e-15 0)
(5 -1.9951e-15 0)
(5 -9.34347e-14 0)
(3.18211 0.437856 0)
(1.1126 0.444925 0)
(0.945822 0.423758 0)
(0.911709 0.394562 0)
(0.876005 0.380116 0)
(0.845563 0.374916 0)
(0.81737 0.377701 0)
(0.789901 0.379745 0)
(0.76268 0.377155 0)
(0.737107 0.371454 0)
(0.714554 0.367284 0)
(0.694911 0.368703 0)
(0.676766 0.375358 0)
(0.659002 0.384156 0)
(0.641763 0.392436 0)
(0.624753 0.400051 0)
(0.607323 0.408334 0)
(0.588892 0.417632 0)
(0.568465 0.426371 0)
(0.54544 0.432901 0)
(0.520031 0.437947 0)
(0.492427 0.441835 0)
(0.462846 0.44247 0)
(0.431821 0.44091 0)
(0.399635 0.439909 0)
(0.36655 0.440533 0)
(0.332712 0.439543 0)
(0.298421 0.438733 0)
(0.263771 0.437417 0)
(0.22921 0.441344 0)
(0.193564 0.445917 0)
(0.158291 0.451859 0)
(0.122572 0.458863 0)
(0.0878767 0.470472 0)
(0.0523221 0.478509 0)
(0.0183184 0.488756 0)
(5 -5.74525e-18 0)
(5 6.14819e-17 0)
(5 2.55767e-16 0)
(5 5.94523e-16 0)
(5 -3.32506e-16 0)
(5 -1.75514e-15 0)
(5 -1.8607e-15 0)
(5 -1.11906e-15 0)
(5 3.54044e-16 0)
(5 1.10297e-15 0)
(5 1.63484e-15 0)
(5 1.1065e-15 0)
(5 -8.61164e-16 0)
(5 -1.77629e-15 0)
(5 -5.39716e-16 0)
(5 3.51334e-15 0)
(5 5.74117e-15 0)
(5 4.28183e-15 0)
(5 6.97092e-16 0)
(5 -7.11712e-16 0)
(5 -1.0318e-15 0)
(5 -1.13879e-15 0)
(5 1.04624e-15 0)
(5 2.12811e-15 0)
(5 2.64195e-15 0)
(5 2.94768e-15 0)
(5 2.55264e-15 0)
(5 1.54169e-15 0)
(5 3.99934e-16 0)
(5 -6.15924e-16 0)
(5 -2.0019e-15 0)
(5 -3.17134e-15 0)
(5 -3.29287e-15 0)
(5 -2.68426e-15 0)
(5 -5.67579e-16 0)
(5 9.04008e-16 0)
(5 7.89406e-16 0)
(5 1.53302e-15 0)
(5 5.75602e-16 0)
(5 -4.71501e-16 0)
(5 -2.26847e-15 0)
(5 -3.11049e-15 0)
(5 -1.53428e-15 0)
(5 4.08712e-16 0)
(5 4.29993e-16 0)
(5 3.71722e-16 0)
(5 1.54442e-16 0)
(5 -1.15036e-15 0)
(5 -2.57828e-15 0)
(5 -3.08738e-15 0)
(5 -2.47165e-15 0)
(5 -2.90709e-15 0)
(5 -4.4133e-15 0)
(5 -6.66455e-15 0)
(5 -4.61944e-15 0)
(5 -3.47699e-15 0)
(5 -2.44243e-15 0)
(5 -1.56551e-15 0)
(5 -1.36188e-16 0)
(5 -2.91882e-15 0)
(3.69241 0.464505 0)
(1.16406 0.523748 0)
(0.959031 0.459787 0)
(0.936175 0.427947 0)
(0.900363 0.410846 0)
(0.865908 0.4036 0)
(0.832107 0.406301 0)
(0.799257 0.409652 0)
(0.766995 0.407343 0)
(0.737403 0.398545 0)
(0.711579 0.389801 0)
(0.68906 0.387486 0)
(0.66933 0.392525 0)
(0.650512 0.400316 0)
(0.632398 0.407196 0)
(0.615945 0.415006 0)
(0.600019 0.42454 0)
(0.583844 0.435653 0)
(0.566266 0.446709 0)
(0.546295 0.455887 0)
(0.523961 0.463567 0)
(0.499234 0.469873 0)
(0.471952 0.472625 0)
(0.442502 0.472666 0)
(0.411057 0.472819 0)
(0.377903 0.474509 0)
(0.343259 0.474474 0)
(0.307698 0.474496 0)
(0.271543 0.473638 0)
(0.23552 0.477999 0)
(0.198545 0.482967 0)
(0.16214 0.48907 0)
(0.125365 0.495701 0)
(0.0897189 0.507164 0)
(0.053331 0.515115 0)
(0.0186474 0.525512 0)
(5 1.57499e-16 0)
(5 3.49276e-16 0)
(5 5.56864e-16 0)
(5 2.93672e-16 0)
(5 -1.33198e-16 0)
(5 -1.06696e-15 0)
(5 -1.18873e-15 0)
(5 -1.71912e-15 0)
(5 -1.05457e-15 0)
(5 4.89731e-16 0)
(5 2.09283e-15 0)
(5 2.20171e-15 0)
(5 1.97792e-15 0)
(5 6.20121e-16 0)
(5 3.78065e-16 0)
(5 5.22824e-16 0)
(5 1.40938e-15 0)
(5 1.71746e-15 0)
(5 8.99546e-16 0)
(5 -6.54284e-16 0)
(5 -1.09435e-15 0)
(5 -2.20223e-15 0)
(5 -1.47351e-15 0)
(5 9.95665e-17 0)
(5 -1.12405e-15 0)
(5 -1.91849e-15 0)
(5 -1.05707e-15 0)
(5 8.64976e-16 0)
(5 1.83465e-15 0)
(5 1.17554e-15 0)
(5 2.66608e-16 0)
(5 -1.50357e-15 0)
(5 -4.49252e-16 0)
(5 6.96646e-17 0)
(5 -1.86083e-16 0)
(5 7.49204e-16 0)
(5 2.08406e-15 0)
(5 2.30576e-15 0)
(5 1.19738e-15 0)
(5 -2.14577e-15 0)
(5 -1.9465e-15 0)
(5 -2.06436e-15 0)
(5 -1.44066e-15 0)
(5 -2.06785e-15 0)
(5 -2.17705e-15 0)
(5 1.18332e-15 0)
(5 2.91297e-15 0)
(5 1.65972e-15 0)
(5 3.94149e-16 0)
(5 -2.07095e-15 0)
(5 -4.86843e-15 0)
(5 -4.86871e-15 0)
(5 -4.69454e-15 0)
(5 -3.00053e-15 0)
(5 8.38948e-18 0)
(5 9.71578e-16 0)
(5 6.66417e-16 0)
(5 7.36626e-16 0)
(5 -7.25871e-17 0)
(5 -4.13425e-15 0)
(4.4203 0.453081 0)
(1.3086 0.587069 0)
(1.03397 0.478002 0)
(1.01143 0.442463 0)
(0.96498 0.444007 0)
(0.918968 0.439184 0)
(0.874269 0.439729 0)
(0.832188 0.442745 0)
(0.791626 0.440545 0)
(0.754366 0.430746 0)
(0.722142 0.417785 0)
(0.694096 0.410512 0)
(0.66982 0.413273 0)
(0.647726 0.419628 0)
(0.626819 0.424093 0)
(0.608466 0.429919 0)
(0.592184 0.439267 0)
(0.576831 0.45143 0)
(0.561187 0.464504 0)
(0.543618 0.476181 0)
(0.523888 0.486474 0)
(0.501842 0.495427 0)
(0.47693 0.500863 0)
(0.449372 0.503305 0)
(0.41924 0.505467 0)
(0.386757 0.508968 0)
(0.352002 0.510509 0)
(0.315721 0.511776 0)
(0.278383 0.511627 0)
(0.24102 0.516449 0)
(0.202709 0.521716 0)
(0.165142 0.527824 0)
(0.12735 0.533912 0)
(0.0908561 0.545036 0)
(0.0538739 0.552754 0)
(0.0187498 0.563179 0)
(5 2.25588e-16 0)
(5 4.99956e-16 0)
(5 1.39452e-15 0)
(5 1.17474e-15 0)
(5 7.59968e-16 0)
(5 8.20026e-16 0)
(5 4.45927e-16 0)
(5 -1.83574e-16 0)
(5 9.83526e-16 0)
(5 1.98511e-15 0)
(5 2.49632e-15 0)
(5 2.73261e-15 0)
(5 3.53844e-15 0)
(5 2.74481e-15 0)
(5 1.24773e-15 0)
(5 -6.38753e-17 0)
(5 -1.81079e-15 0)
(5 -2.57809e-15 0)
(5 -2.07493e-15 0)
(5 -1.64982e-15 0)
(5 -2.55168e-16 0)
(5 -6.15884e-16 0)
(5 -1.45614e-15 0)
(5 -3.13622e-15 0)
(5 -5.06213e-15 0)
(5 -4.94084e-15 0)
(5 -2.1631e-15 0)
(5 -8.37549e-16 0)
(5 -2.00597e-16 0)
(5 -1.24124e-15 0)
(5 -1.46468e-15 0)
(5 -2.3666e-15 0)
(5 -1.33505e-15 0)
(5 2.56602e-16 0)
(5 1.22053e-15 0)
(5 1.82626e-15 0)
(5 1.42493e-15 0)
(5 5.97932e-16 0)
(5 -1.58075e-16 0)
(5 -1.87735e-15 0)
(5 -3.39574e-15 0)
(5 -3.97143e-15 0)
(5 -4.64606e-15 0)
(5 -3.50414e-15 0)
(5 -1.58739e-15 0)
(5 4.34538e-17 0)
(5 1.43048e-15 0)
(5 1.11151e-15 0)
(5 9.0775e-16 0)
(5 -1.87654e-15 0)
(5 -2.32285e-15 0)
(5 -1.42904e-15 0)
(5 4.44904e-16 0)
(5 1.08662e-15 0)
(5 -4.65328e-16 0)
(5 -8.77816e-16 0)
(5 -7.39326e-16 0)
(5 6.37513e-16 0)
(5 1.57068e-15 0)
(5 7.78177e-16 0)
(5.05155 0.0760028 0)
(1.534 0.555705 0)
(1.10401 0.496921 0)
(1.0839 0.480607 0)
(1.04063 0.477591 0)
(0.98919 0.476883 0)
(0.935497 0.481409 0)
(0.883551 0.485994 0)
(0.834954 0.481045 0)
(0.789978 0.468224 0)
(0.749345 0.451458 0)
(0.713086 0.439617 0)
(0.681517 0.43882 0)
(0.653718 0.443257 0)
(0.628379 0.444955 0)
(0.606318 0.447794 0)
(0.587483 0.455431 0)
(0.57079 0.467004 0)
(0.555206 0.480746 0)
(0.538945 0.494318 0)
(0.52112 0.507005 0)
(0.501348 0.518615 0)
(0.478656 0.527005 0)
(0.453092 0.53233 0)
(0.424731 0.537074 0)
(0.393755 0.542952 0)
(0.359924 0.546648 0)
(0.323995 0.549634 0)
(0.286389 0.550599 0)
(0.248346 0.556109 0)
(0.209093 0.561783 0)
(0.170404 0.567936 0)
(0.131412 0.573451 0)
(0.0936459 0.584137 0)
(0.0554931 0.591499 0)
(0.0192305 0.601832 0)
(5 -5.85652e-16 0)
(5 -7.03044e-16 0)
(5 -1.03743e-15 0)
(5 -7.52278e-16 0)
(5 -1.20793e-15 0)
(5 -1.56217e-15 0)
(5 -2.67909e-15 0)
(5 -3.86458e-15 0)
(5 -3.04343e-15 0)
(5 -2.31848e-15 0)
(5 -2.50631e-15 0)
(5 -2.46866e-15 0)
(5 -2.30979e-15 0)
(5 -2.39565e-15 0)
(5 -4.12742e-15 0)
(5 -5.68792e-15 0)
(5 -8.29183e-15 0)
(5 -8.00739e-15 0)
(5 -7.27345e-15 0)
(5 -5.61491e-15 0)
(5 -3.08249e-15 0)
(5 -1.86242e-15 0)
(5 -2.86853e-15 0)
(5 -6.81576e-15 0)
(5 -7.12523e-15 0)
(5 -4.59655e-15 0)
(5 -1.66243e-15 0)
(5 -7.69676e-16 0)
(5 -1.21619e-15 0)
(5 -1.5436e-15 0)
(5 -1.18727e-15 0)
(5 3.1859e-16 0)
(5 1.05438e-16 0)
(5 -1.23377e-16 0)
(5 1.21621e-15 0)
(5 5.25173e-16 0)
(5 -2.62589e-16 0)
(5 -6.73193e-16 0)
(5 -3.31576e-15 0)
(5 -6.0155e-15 0)
(5 -3.08526e-15 0)
(5 -9.896e-16 0)
(5 4.33665e-17 0)
(5 1.24713e-15 0)
(5 -1.35861e-16 0)
(5 -8.65083e-16 0)
(5 -1.74062e-16 0)
(5 9.81378e-16 0)
(5 1.76882e-15 0)
(5 6.96078e-16 0)
(5 9.47406e-16 0)
(5 2.09239e-15 0)
(5 2.4172e-15 0)
(5 3.08179e-15 0)
(5 3.61852e-15 0)
(5 3.80572e-15 0)
(5 4.82392e-15 0)
(5 5.71255e-15 0)
(5 8.1793e-15 0)
(5 6.18719e-15 0)
(5.02022 0.00157604 0)
(1.63315 0.499575 0)
(1.0841 0.505329 0)
(1.08257 0.528551 0)
(1.05527 0.530171 0)
(1.02292 0.527924 0)
(0.981554 0.527703 0)
(0.935296 0.527741 0)
(0.886481 0.524645 0)
(0.837483 0.512874 0)
(0.790624 0.493346 0)
(0.746567 0.476496 0)
(0.706298 0.471469 0)
(0.670936 0.472155 0)
(0.639448 0.470509 0)
(0.612174 0.469524 0)
(0.58899 0.474622 0)
(0.569208 0.484725 0)
(0.551718 0.497773 0)
(0.535108 0.511871 0)
(0.518023 0.526078 0)
(0.499769 0.539973 0)
(0.478827 0.551291 0)
(0.454914 0.559709 0)
(0.428124 0.567358 0)
(0.398676 0.576039 0)
(0.365927 0.582486 0)
(0.330564 0.587813 0)
(0.292852 0.59051 0)
(0.254271 0.597154 0)
(0.214113 0.603518 0)
(0.174431 0.609836 0)
(0.134427 0.61479 0)
(0.0956325 0.624917 0)
(0.056634 0.631786 0)
(0.0194865 0.641878 0)
(5 5.54153e-17 0)
(5 -6.05286e-16 0)
(5 -2.21862e-15 0)
(5 -2.63377e-15 0)
(5 -2.40755e-15 0)
(5 -2.27131e-15 0)
(5 -1.58938e-15 0)
(5 -2.68505e-15 0)
(5 -3.77362e-15 0)
(5 -5.23968e-15 0)
(5 -5.95174e-15 0)
(5 -5.17322e-15 0)
(5 -3.45434e-15 0)
(5 -2.93991e-15 0)
(5 -1.95919e-15 0)
(5 -2.81343e-15 0)
(5 -3.63604e-15 0)
(5 -3.78662e-15 0)
(5 -3.18679e-15 0)
(5 -3.66891e-15 0)
(5 -4.5029e-15 0)
(5 -4.94578e-15 0)
(5 -4.49515e-15 0)
(5 -4.15164e-15 0)
(5 -2.91355e-15 0)
(5 -1.99992e-15 0)
(5 -1.16098e-15 0)
(5 -6.55249e-17 0)
(5 -9.42881e-17 0)
(5 -9.85518e-16 0)
(5 -3.95293e-17 0)
(5 -2.25214e-16 0)
(5 -2.09471e-15 0)
(5 -2.75965e-15 0)
(5 -2.15041e-15 0)
(5 -4.38968e-15 0)
(5 -4.71806e-15 0)
(5 -5.25611e-15 0)
(5 -8.12425e-15 0)
(5 -8.53029e-15 0)
(5 -2.39369e-15 0)
(5 1.76717e-15 0)
(5 2.84079e-15 0)
(5 1.48051e-15 0)
(5 -3.30635e-15 0)
(5 -4.42847e-15 0)
(5 -3.8428e-15 0)
(5 -2.81029e-15 0)
(5 -1.03638e-15 0)
(5 1.2933e-15 0)
(5 4.20071e-15 0)
(5 3.93764e-15 0)
(5 4.2467e-15 0)
(5 4.26535e-15 0)
(5 4.61094e-15 0)
(5 4.25211e-15 0)
(5 4.02913e-15 0)
(5 5.3192e-15 0)
(5 5.97524e-15 0)
(5 3.24224e-15 0)
(5.00011 -3.11142e-06 0)
(1.80077 0.52273 0)
(1.04646 0.499386 0)
(1.05542 0.528369 0)
(1.03611 0.550057 0)
(1.01127 0.562969 0)
(0.982356 0.56883 0)
(0.952511 0.569584 0)
(0.919182 0.565337 0)
(0.879788 0.555025 0)
(0.835794 0.538331 0)
(0.78906 0.52098 0)
(0.742478 0.512183 0)
(0.699253 0.508936 0)
(0.660623 0.50273 0)
(0.626787 0.496824 0)
(0.597877 0.497915 0)
(0.573672 0.505504 0)
(0.552983 0.516893 0)
(0.53467 0.530384 0)
(0.5171 0.545034 0)
(0.499381 0.560449 0)
(0.479604 0.57435 0)
(0.456972 0.585825 0)
(0.431507 0.596452 0)
(0.403589 0.60809 0)
(0.372222 0.617612 0)
(0.337986 0.625692 0)
(0.300856 0.630599 0)
(0.262466 0.638747 0)
(0.222036 0.646158 0)
(0.181614 0.652928 0)
(0.140484 0.657583 0)
(0.100177 0.667301 0)
(0.0594814 0.673746 0)
(0.0204166 0.683619 0)
(5 5.53283e-17 0)
(5 -4.62561e-16 0)
(5 2.87564e-16 0)
(5 1.25028e-16 0)
(5 1.35587e-16 0)
(5 2.98527e-17 0)
(5 3.5332e-18 0)
(5 1.14588e-15 0)
(5 5.16216e-16 0)
(5 1.47543e-16 0)
(5 5.23444e-16 0)
(5 3.65095e-16 0)
(5 1.3997e-17 0)
(5 -4.28952e-17 0)
(5 1.39306e-16 0)
(5 1.65519e-15 0)
(5 2.16411e-15 0)
(5 2.02088e-15 0)
(5 7.49602e-16 0)
(5 -9.9945e-18 0)
(5 -1.83035e-15 0)
(5 -2.1716e-15 0)
(5 -2.24414e-15 0)
(5 -2.29959e-15 0)
(5 -7.55951e-16 0)
(5 -8.87856e-16 0)
(5 -3.73811e-16 0)
(5 -2.49272e-16 0)
(5 4.85187e-18 0)
(5 -2.35408e-15 0)
(5 -6.2785e-15 0)
(5 -6.60394e-15 0)
(5 -4.73672e-15 0)
(5 -3.43701e-15 0)
(5 -3.71435e-15 0)
(5 -4.02531e-15 0)
(5 -3.91887e-15 0)
(5 -5.20208e-15 0)
(5 -5.24914e-15 0)
(5 -1.79131e-15 0)
(5 -7.01246e-16 0)
(5 -1.26517e-15 0)
(5 -2.89261e-15 0)
(5 -3.30543e-15 0)
(5 -4.08882e-15 0)
(5 -4.15626e-15 0)
(5 -2.69479e-15 0)
(5 -1.56173e-15 0)
(5 -4.57741e-16 0)
(5 4.31643e-15 0)
(5 6.19209e-15 0)
(5 6.90927e-15 0)
(5 8.1785e-15 0)
(5 7.67257e-15 0)
(5 6.30183e-15 0)
(5 3.58544e-15 0)
(5 2.35408e-15 0)
(5 2.68349e-15 0)
(5 3.46804e-15 0)
(5 1.32839e-15 0)
(5 -6.41159e-07 0)
(2.09766 0.578071 0)
(1.05568 0.499283 0)
(1.00581 0.545029 0)
(0.986637 0.567332 0)
(0.969941 0.579662 0)
(0.955681 0.588715 0)
(0.940371 0.594466 0)
(0.922926 0.59477 0)
(0.900711 0.589057 0)
(0.869553 0.578056 0)
(0.829642 0.56501 0)
(0.784289 0.556428 0)
(0.737675 0.551007 0)
(0.692721 0.541806 0)
(0.651845 0.530897 0)
(0.615963 0.526686 0)
(0.585748 0.530375 0)
(0.560469 0.538877 0)
(0.539153 0.550681 0)
(0.519989 0.564873 0)
(0.501675 0.581019 0)
(0.482143 0.596959 0)
(0.460078 0.611297 0)
(0.435225 0.624868 0)
(0.408145 0.639513 0)
(0.377604 0.652316 0)
(0.344083 0.663506 0)
(0.307218 0.671148 0)
(0.268813 0.681252 0)
(0.22819 0.690245 0)
(0.187106 0.697896 0)
(0.145029 0.702614 0)
(0.103526 0.712072 0)
(0.0615674 0.71815 0)
(0.0209918 0.727782 0)
(5 -3.40388e-17 0)
(5 -4.63715e-18 0)
(5 7.27733e-17 0)
(5 5.98502e-16 0)
(5 1.41865e-15 0)
(5 1.57297e-15 0)
(5 7.75456e-16 0)
(5 2.4882e-16 0)
(5 -5.65506e-17 0)
(5 5.60052e-16 0)
(5 6.66999e-16 0)
(5 2.19947e-16 0)
(5 -5.05545e-16 0)
(5 -7.37136e-16 0)
(5 -1.35439e-15 0)
(5 -1.74872e-15 0)
(5 -1.15858e-15 0)
(5 -8.12028e-16 0)
(5 -9.16814e-16 0)
(5 -3.89255e-16 0)
(5 7.05852e-16 0)
(5 7.39457e-16 0)
(5 -1.59215e-15 0)
(5 -3.14879e-15 0)
(5 -4.24962e-15 0)
(5 -2.20494e-15 0)
(5 9.88613e-16 0)
(5 3.63607e-16 0)
(5 -2.70367e-16 0)
(5 1.43409e-16 0)
(5 -2.51488e-15 0)
(5 -3.80866e-15 0)
(5 -3.59726e-15 0)
(5 -2.72778e-15 0)
(5 -2.23717e-15 0)
(5 -1.31244e-15 0)
(5 -1.7177e-15 0)
(5 -1.14123e-15 0)
(5 4.85758e-16 0)
(5 4.35182e-15 0)
(5 3.93579e-15 0)
(5 6.29991e-16 0)
(5 -2.60766e-15 0)
(5 -2.18079e-15 0)
(5 -1.64229e-15 0)
(5 -1.78432e-15 0)
(5 -1.82335e-15 0)
(5 -6.41914e-16 0)
(5 2.92661e-15 0)
(5 3.19828e-15 0)
(5 2.57791e-15 0)
(5 2.92475e-15 0)
(5 3.59175e-15 0)
(5 4.03449e-15 0)
(5 3.42028e-15 0)
(5 3.18412e-15 0)
(5 2.16818e-15 0)
(5 1.94786e-15 0)
(5 1.28338e-15 0)
(5 1.75686e-15 0)
(5 -8.73375e-08 0)
(2.58492 0.639988 0)
(1.07749 0.577999 0)
(0.955508 0.563029 0)
(0.939802 0.569944 0)
(0.929108 0.575646 0)
(0.924017 0.585632 0)
(0.918894 0.597458 0)
(0.910695 0.607421 0)
(0.898223 0.611021 0)
(0.881498 0.6077 0)
(0.855316 0.602704 0)
(0.818743 0.599618 0)
(0.775839 0.596558 0)
(0.729896 0.586777 0)
(0.684547 0.572731 0)
(0.642406 0.562945 0)
(0.605689 0.561092 0)
(0.575013 0.564898 0)
(0.549466 0.573574 0)
(0.527632 0.586279 0)
(0.507775 0.602434 0)
(0.487653 0.619845 0)
(0.46562 0.636749 0)
(0.441015 0.653137 0)
(0.414563 0.670664 0)
(0.384938 0.686657 0)
(0.352532 0.700948 0)
(0.316597 0.711524 0)
(0.278849 0.723721 0)
(0.238713 0.734687 0)
(0.197191 0.743783 0)
(0.15389 0.749228 0)
(0.110459 0.758979 0)
(0.0660001 0.7651 0)
(0.022525 0.774723 0)
(5 -1.81842e-17 0)
(5 3.31386e-16 0)
(5 -1.67594e-16 0)
(5 -6.98345e-16 0)
(5 -1.09723e-15 0)
(5 -1.08224e-15 0)
(5 -6.11415e-16 0)
(5 -9.68101e-16 0)
(5 -1.23661e-15 0)
(5 -9.89567e-16 0)
(5 -3.49889e-16 0)
(5 -4.40237e-16 0)
(5 -8.43204e-16 0)
(5 -1.48199e-15 0)
(5 -1.3826e-15 0)
(5 -2.89252e-15 0)
(5 -3.05952e-15 0)
(5 -2.65974e-15 0)
(5 -2.13317e-15 0)
(5 -1.87907e-15 0)
(5 -2.2847e-15 0)
(5 -2.32184e-15 0)
(5 -4.5283e-15 0)
(5 -6.68226e-15 0)
(5 -6.83689e-15 0)
(5 -6.60907e-15 0)
(5 -6.69583e-15 0)
(5 -2.46938e-15 0)
(5 -1.03345e-15 0)
(5 1.79581e-16 0)
(5 8.13039e-17 0)
(5 6.11472e-18 0)
(5 -5.72147e-17 0)
(5 -1.0177e-15 0)
(5 -1.21999e-15 0)
(5 -1.40163e-15 0)
(5 -7.08759e-16 0)
(5 5.17906e-16 0)
(5 3.36062e-15 0)
(5 5.80555e-15 0)
(5 7.69017e-15 0)
(5 4.93069e-15 0)
(5 3.08784e-15 0)
(5 3.12471e-15 0)
(5 3.49021e-15 0)
(5 2.03071e-15 0)
(5 -1.19656e-15 0)
(5 -1.40452e-15 0)
(5 2.30228e-15 0)
(5 2.0051e-15 0)
(5 -3.66074e-16 0)
(5 -1.62307e-15 0)
(5 -2.66081e-15 0)
(5 -1.71529e-15 0)
(5 -1.16436e-15 0)
(5 1.36631e-16 0)
(5 1.34277e-15 0)
(5 2.55013e-15 0)
(5 3.33687e-15 0)
(5 4.7811e-15 0)
(5 -1.99592e-09 0)
(3.29329 0.710008 0)
(1.1396 0.703109 0)
(0.956493 0.610481 0)
(0.935184 0.583093 0)
(0.921897 0.582846 0)
(0.914459 0.592148 0)
(0.906099 0.603052 0)
(0.897071 0.611308 0)
(0.887845 0.618844 0)
(0.876359 0.624957 0)
(0.861302 0.630065 0)
(0.838403 0.63424 0)
(0.805782 0.636914 0)
(0.765651 0.631445 0)
(0.721677 0.617901 0)
(0.676573 0.605093 0)
(0.634371 0.598064 0)
(0.597383 0.596437 0)
(0.56651 0.60044 0)
(0.540373 0.610505 0)
(0.517641 0.625828 0)
(0.495932 0.64398 0)
(0.473346 0.66291 0)
(0.448701 0.681783 0)
(0.422547 0.70194 0)
(0.393496 0.721018 0)
(0.361686 0.738442 0)
(0.326179 0.752403 0)
(0.288249 0.767231 0)
(0.248016 0.780838 0)
(0.205605 0.792215 0)
(0.160902 0.79908 0)
(0.115699 0.809519 0)
(0.0692451 0.815926 0)
(0.0234414 0.825565 0)
(5 2.98322e-16 0)
(5 6.70738e-16 0)
(5 8.00541e-16 0)
(5 7.13073e-16 0)
(5 -2.17486e-16 0)
(5 2.26234e-16 0)
(5 8.37186e-17 0)
(5 3.76988e-16 0)
(5 5.07828e-16 0)
(5 3.58523e-16 0)
(5 1.37968e-16 0)
(5 4.32065e-17 0)
(5 2.84877e-16 0)
(5 1.57113e-16 0)
(5 3.76253e-16 0)
(5 1.29753e-15 0)
(5 1.75089e-15 0)
(5 1.11609e-17 0)
(5 -5.29474e-16 0)
(5 -2.29882e-15 0)
(5 -5.55878e-15 0)
(5 -6.96596e-15 0)
(5 -5.70703e-15 0)
(5 -3.46525e-15 0)
(5 -2.92987e-15 0)
(5 -3.64727e-15 0)
(5 -5.15945e-15 0)
(5 -3.20435e-15 0)
(5 5.9008e-17 0)
(5 -2.09664e-17 0)
(5 1.83488e-16 0)
(5 3.99577e-15 0)
(5 4.78729e-15 0)
(5 3.06035e-15 0)
(5 2.29078e-15 0)
(5 2.3593e-15 0)
(5 2.3397e-15 0)
(5 3.23052e-15 0)
(5 4.29914e-15 0)
(5 3.57702e-15 0)
(5 3.89621e-15 0)
(5 4.78692e-15 0)
(5 4.17762e-15 0)
(5 3.05946e-15 0)
(5 3.84535e-15 0)
(5 4.4978e-15 0)
(5 4.2078e-15 0)
(5 3.30666e-15 0)
(5 1.39382e-15 0)
(5 -8.52381e-16 0)
(5 -3.51939e-15 0)
(5 -5.09994e-15 0)
(5 -5.3019e-15 0)
(5 -4.09397e-15 0)
(5 -3.36723e-15 0)
(5 -3.09617e-15 0)
(5 -2.05327e-15 0)
(5 -2.34647e-16 0)
(5 1.68812e-15 0)
(5 4.4765e-15 0)
(5 -8.43295e-12 0)
(4.46069 0.576648 0)
(1.33949 0.799206 0)
(1.0658 0.644863 0)
(1.01705 0.598844 0)
(0.967581 0.605117 0)
(0.932079 0.61015 0)
(0.908251 0.617982 0)
(0.891827 0.623905 0)
(0.878681 0.628278 0)
(0.867032 0.634656 0)
(0.853741 0.64393 0)
(0.84203 0.658274 0)
(0.821702 0.668111 0)
(0.792371 0.669742 0)
(0.755256 0.661975 0)
(0.713008 0.650199 0)
(0.668987 0.640656 0)
(0.627632 0.633978 0)
(0.591072 0.632546 0)
(0.559745 0.638516 0)
(0.533062 0.651759 0)
(0.508988 0.669581 0)
(0.485457 0.689727 0)
(0.460579 0.710636 0)
(0.434601 0.73314 0)
(0.406296 0.755155 0)
(0.375324 0.77574 0)
(0.340605 0.793133 0)
(0.303623 0.810753 0)
(0.263692 0.827355 0)
(0.220678 0.841745 0)
(0.174191 0.851049 0)
(0.126206 0.863149 0)
(0.0759687 0.870677 0)
(0.0258315 0.880773 0)
(5 2.50675e-16 0)
(5 -9.52686e-17 0)
(5 2.16048e-17 0)
(5 5.33516e-16 0)
(5 4.48027e-16 0)
(5 2.95439e-16 0)
(5 -4.40408e-17 0)
(5 5.89527e-17 0)
(5 -6.42629e-16 0)
(5 -1.79492e-15 0)
(5 -3.64934e-15 0)
(5 -3.11891e-15 0)
(5 -6.14267e-16 0)
(5 2.92385e-15 0)
(5 3.60792e-15 0)
(5 3.40478e-15 0)
(5 2.31286e-15 0)
(5 -2.18711e-16 0)
(5 -2.51479e-15 0)
(5 -3.78338e-15 0)
(5 -4.88943e-15 0)
(5 -3.50504e-15 0)
(5 6.13801e-16 0)
(5 3.05503e-15 0)
(5 4.04479e-15 0)
(5 6.82164e-16 0)
(5 -1.45514e-15 0)
(5 -1.98853e-15 0)
(5 6.34467e-16 0)
(5 4.03771e-15 0)
(5 3.56709e-15 0)
(5 6.71163e-16 0)
(5 -1.34948e-16 0)
(5 6.16774e-16 0)
(5 1.01847e-15 0)
(5 2.19536e-15 0)
(5 2.07477e-15 0)
(5 1.15137e-15 0)
(5 1.07191e-15 0)
(5 7.25065e-16 0)
(5 -2.33819e-16 0)
(5 3.46053e-16 0)
(5 -7.15267e-18 0)
(5 -1.31863e-15 0)
(5 -2.12676e-15 0)
(5 3.61567e-16 0)
(5 3.34405e-15 0)
(5 4.14645e-15 0)
(5 2.68219e-15 0)
(5 -1.3564e-15 0)
(5 -2.77112e-15 0)
(5 -3.05584e-15 0)
(5 -4.57514e-15 0)
(5 -8.13087e-15 0)
(5 -9.11328e-15 0)
(5 -8.41008e-15 0)
(5 -5.33607e-15 0)
(5 -2.71147e-15 0)
(5 -4.25088e-15 0)
(5 -1.15307e-15 0)
(5 -6.6019e-15 0)
(5.19642 0.0298105 0)
(1.72403 0.749294 0)
(1.17903 0.687672 0)
(1.13561 0.666549 0)
(1.05999 0.661072 0)
(0.989506 0.650211 0)
(0.936577 0.645334 0)
(0.902634 0.643534 0)
(0.87946 0.644783 0)
(0.861728 0.648291 0)
(0.847748 0.656612 0)
(0.835257 0.670638 0)
(0.825715 0.688479 0)
(0.806963 0.698306 0)
(0.780461 0.698375 0)
(0.745367 0.693025 0)
(0.705007 0.684954 0)
(0.662621 0.676566 0)
(0.621987 0.670909 0)
(0.585313 0.672185 0)
(0.55361 0.682021 0)
(0.526009 0.698091 0)
(0.500764 0.718308 0)
(0.47531 0.740544 0)
(0.449297 0.765059 0)
(0.421363 0.789867 0)
(0.390854 0.813823 0)
(0.356338 0.83512 0)
(0.318798 0.856338 0)
(0.278226 0.877007 0)
(0.233667 0.895605 0)
(0.184885 0.908347 0)
(0.134172 0.922682 0)
(0.0808767 0.93177 0)
(0.0271373 0.942307 0)
(5 -6.82131e-16 0)
(5 -1.04049e-15 0)
(5 -2.03809e-16 0)
(5 -2.29882e-16 0)
(5 -4.97466e-16 0)
(5 -1.19312e-16 0)
(5 4.43299e-16 0)
(5 4.36618e-16 0)
(5 -4.00198e-16 0)
(5 -5.54239e-16 0)
(5 -8.86951e-16 0)
(5 -9.24364e-16 0)
(5 4.28287e-16 0)
(5 9.09767e-16 0)
(5 8.05204e-17 0)
(5 -5.25767e-16 0)
(5 -1.05724e-15 0)
(5 -2.94922e-15 0)
(5 -6.15629e-15 0)
(5 -6.07238e-15 0)
(5 -3.69082e-15 0)
(5 -1.0247e-15 0)
(5 2.06882e-15 0)
(5 2.23476e-15 0)
(5 1.01849e-15 0)
(5 6.71296e-18 0)
(5 -1.18843e-15 0)
(5 -1.68176e-15 0)
(5 -5.6098e-16 0)
(5 2.78332e-15 0)
(5 1.28203e-16 0)
(5 -2.12336e-15 0)
(5 -3.55089e-15 0)
(5 -3.53184e-15 0)
(5 -4.7705e-15 0)
(5 -4.61818e-15 0)
(5 -1.37519e-15 0)
(5 -4.39695e-16 0)
(5 -1.20195e-15 0)
(5 -2.93851e-16 0)
(5 8.22495e-16 0)
(5 9.8646e-16 0)
(5 1.60684e-15 0)
(5 6.07058e-16 0)
(5 -1.71511e-15 0)
(5 9.65849e-16 0)
(5 3.54929e-15 0)
(5 5.27097e-15 0)
(5 5.67735e-15 0)
(5 2.89133e-15 0)
(5 -8.05036e-16 0)
(5 -7.19883e-16 0)
(5 -2.44715e-15 0)
(5 -6.52721e-15 0)
(5 -6.58916e-15 0)
(5 -5.6597e-15 0)
(5 -2.86615e-15 0)
(5 -2.61328e-15 0)
(5 -3.93862e-15 0)
(5 -5.92451e-15 0)
(5 5.47128e-15 0)
(5.0095 -0.000693241 0)
(1.93339 0.692093 0)
(1.16167 0.740007 0)
(1.12943 0.744935 0)
(1.07974 0.736082 0)
(1.03438 0.711505 0)
(0.979471 0.691577 0)
(0.931639 0.677196 0)
(0.895652 0.66874 0)
(0.868746 0.667696 0)
(0.848354 0.673017 0)
(0.833373 0.684433 0)
(0.823037 0.700898 0)
(0.813343 0.717027 0)
(0.795555 0.725326 0)
(0.770411 0.728073 0)
(0.737291 0.726162 0)
(0.698895 0.719844 0)
(0.658057 0.71293 0)
(0.618093 0.710424 0)
(0.581672 0.716223 0)
(0.549709 0.729204 0)
(0.52178 0.748326 0)
(0.495078 0.771047 0)
(0.468886 0.797107 0)
(0.441446 0.824518 0)
(0.411844 0.851866 0)
(0.378423 0.877204 0)
(0.341641 0.90222 0)
(0.301358 0.927094 0)
(0.256798 0.950686 0)
(0.205792 0.968408 0)
(0.150981 0.986762 0)
(0.0917157 0.999148 0)
(0.0310534 1.01102 0)
(5 -2.47627e-17 0)
(5 4.3191e-16 0)
(5 4.50079e-16 0)
(5 4.82106e-16 0)
(5 3.87705e-16 0)
(5 8.8175e-16 0)
(5 1.00934e-15 0)
(5 -5.8426e-16 0)
(5 -9.45317e-16 0)
(5 4.32902e-16 0)
(5 1.23227e-15 0)
(5 8.30843e-16 0)
(5 -2.54728e-16 0)
(5 -1.54589e-15 0)
(5 -1.63998e-15 0)
(5 -1.27846e-15 0)
(5 -7.34117e-16 0)
(5 -2.09204e-17 0)
(5 -1.46326e-16 0)
(5 -6.00803e-16 0)
(5 -1.1604e-15 0)
(5 -1.50163e-15 0)
(5 -1.80067e-15 0)
(5 -1.99451e-15 0)
(5 -2.14289e-15 0)
(5 -2.61023e-16 0)
(5 3.69517e-16 0)
(5 -9.53185e-16 0)
(5 -1.48639e-15 0)
(5 -1.0263e-15 0)
(5 -2.51161e-15 0)
(5 -3.22408e-15 0)
(5 -3.94983e-15 0)
(5 -4.75381e-15 0)
(5 -4.26735e-15 0)
(5 -3.65156e-15 0)
(5 -2.27182e-15 0)
(5 -1.38462e-15 0)
(5 -2.53169e-16 0)
(5 6.86941e-16 0)
(5 3.5557e-16 0)
(5 6.14681e-16 0)
(5 9.58003e-16 0)
(5 1.43068e-15 0)
(5 1.04245e-15 0)
(5 6.65896e-16 0)
(5 2.86179e-15 0)
(5 3.46411e-15 0)
(5 3.75148e-15 0)
(5 2.06033e-17 0)
(5 -3.98776e-15 0)
(5 -3.78063e-15 0)
(5 -4.30466e-15 0)
(5 -7.08686e-15 0)
(5 -6.50572e-15 0)
(5 -4.82996e-15 0)
(5 -3.37871e-15 0)
(5 -1.51541e-15 0)
(5 -9.87002e-16 0)
(5 -3.77616e-15 0)
(5 -3.95013e-16 0)
(5.00015 -3.07698e-05 0)
(2.34982 0.715674 0)
(1.11589 0.737822 0)
(1.07733 0.757221 0)
(1.05091 0.758008 0)
(1.02759 0.749715 0)
(1.0001 0.734519 0)
(0.963351 0.717461 0)
(0.923877 0.70276 0)
(0.888859 0.694019 0)
(0.860828 0.693692 0)
(0.839877 0.701203 0)
(0.825802 0.714626 0)
(0.816064 0.730467 0)
(0.804399 0.744157 0)
(0.78718 0.754484 0)
(0.762213 0.760858 0)
(0.730287 0.760798 0)
(0.692937 0.757202 0)
(0.652897 0.754142 0)
(0.613644 0.756875 0)
(0.57777 0.765677 0)
(0.546687 0.782023 0)
(0.518437 0.803786 0)
(0.491864 0.830433 0)
(0.464904 0.860075 0)
(0.435956 0.890957 0)
(0.403006 0.921035 0)
(0.365828 0.951296 0)
(0.323863 0.98207 0)
(0.277258 1.01283 0)
(0.222922 1.03795 0)
(0.163808 1.06167 0)
(0.0997074 1.07829 0)
(0.032769 1.09128 0)
(5 1.72164e-16 0)
(5 4.02394e-16 0)
(5 -3.3238e-16 0)
(5 -7.19435e-16 0)
(5 5.40003e-17 0)
(5 8.45575e-17 0)
(5 1.16345e-17 0)
(5 -3.95599e-16 0)
(5 -1.05321e-16 0)
(5 -2.09259e-16 0)
(5 -2.83244e-16 0)
(5 2.99434e-16 0)
(5 1.5291e-16 0)
(5 2.36104e-16 0)
(5 1.97605e-16 0)
(5 1.28433e-15 0)
(5 3.41247e-15 0)
(5 3.23591e-15 0)
(5 2.35647e-15 0)
(5 2.22026e-15 0)
(5 2.66638e-15 0)
(5 1.58023e-15 0)
(5 -7.98671e-16 0)
(5 -2.52899e-15 0)
(5 -2.17281e-15 0)
(5 -1.5291e-15 0)
(5 -7.64248e-16 0)
(5 -7.18642e-16 0)
(5 -1.2965e-15 0)
(5 -8.19894e-16 0)
(5 -2.10449e-15 0)
(5 -2.75341e-15 0)
(5 -3.65856e-15 0)
(5 -5.24278e-15 0)
(5 -5.53499e-15 0)
(5 -1.81857e-15 0)
(5 -1.25435e-15 0)
(5 -1.12932e-15 0)
(5 -1.00453e-15 0)
(5 -8.7268e-16 0)
(5 -2.92316e-15 0)
(5 -3.36206e-15 0)
(5 -2.51331e-15 0)
(5 -7.76938e-16 0)
(5 2.78005e-16 0)
(5 1.37472e-15 0)
(5 3.88018e-15 0)
(5 4.05916e-15 0)
(5 3.20571e-15 0)
(5 -2.31849e-15 0)
(5 -6.28923e-15 0)
(5 -8.48609e-15 0)
(5 -1.05174e-14 0)
(5 -1.10662e-14 0)
(5 -7.54107e-15 0)
(5 -5.73676e-15 0)
(5 -2.7761e-15 0)
(5 1.17996e-15 0)
(5 -2.71741e-15 0)
(5 -3.95731e-15 0)
(5 -2.42905e-15 0)
(4.99999 -4.57796e-06 0)
(3.10872 0.795377 0)
(1.15916 0.817518 0)
(1.02776 0.775661 0)
(1.01826 0.765331 0)
(1.00981 0.75937 0)
(0.997038 0.754886 0)
(0.976365 0.748741 0)
(0.946764 0.738954 0)
(0.913252 0.727932 0)
(0.88169 0.720953 0)
(0.855386 0.721816 0)
(0.835585 0.730729 0)
(0.822297 0.744394 0)
(0.810976 0.759069 0)
(0.798798 0.773723 0)
(0.782164 0.786917 0)
(0.757775 0.794358 0)
(0.727342 0.796546 0)
(0.691018 0.796405 0)
(0.651977 0.798951 0)
(0.613563 0.804673 0)
(0.578874 0.81771 0)
(0.54807 0.837721 0)
(0.52013 0.864246 0)
(0.493451 0.895746 0)
(0.465587 0.930063 0)
(0.434261 0.96504 0)
(0.398741 1.00096 0)
(0.358136 1.03798 0)
(0.312259 1.07619 0)
(0.257731 1.11036 0)
(0.194139 1.14301 0)
(0.120745 1.16847 0)
(0.0405731 1.18551 0)
(5 1.57115e-17 0)
(5 -2.28348e-16 0)
(5 -3.873e-16 0)
(5 1.2753e-16 0)
(5 6.31456e-16 0)
(5 8.71231e-17 0)
(5 -2.4422e-16 0)
(5 4.91932e-16 0)
(5 5.38193e-16 0)
(5 9.08987e-17 0)
(5 -9.2365e-16 0)
(5 -2.8866e-15 0)
(5 -3.26206e-15 0)
(5 -1.78823e-15 0)
(5 5.12314e-16 0)
(5 6.31036e-16 0)
(5 1.30379e-15 0)
(5 4.16199e-15 0)
(5 3.20696e-15 0)
(5 2.38616e-15 0)
(5 1.12741e-15 0)
(5 -4.01392e-16 0)
(5 -1.07527e-15 0)
(5 -9.74093e-16 0)
(5 -7.69423e-16 0)
(5 -7.81574e-16 0)
(5 -2.8415e-15 0)
(5 -2.54382e-15 0)
(5 -2.6185e-15 0)
(5 -1.49219e-15 0)
(5 1.94605e-15 0)
(5 2.14865e-15 0)
(5 2.01736e-15 0)
(5 2.52966e-15 0)
(5 2.09875e-15 0)
(5 1.1105e-15 0)
(5 1.02989e-15 0)
(5 4.84245e-16 0)
(5 -1.49884e-15 0)
(5 -5.54691e-15 0)
(5 -4.24767e-15 0)
(5 -2.80322e-15 0)
(5 -3.03444e-15 0)
(5 -3.55114e-15 0)
(5 -3.11145e-15 0)
(5 -7.5886e-17 0)
(5 4.48742e-15 0)
(5 5.08633e-15 0)
(5 2.98038e-15 0)
(5 1.91002e-15 0)
(5 -5.66793e-16 0)
(5 -2.91473e-15 0)
(5 -4.43082e-15 0)
(5 -4.29789e-15 0)
(5 -1.58951e-15 0)
(5 -9.68376e-16 0)
(5 -2.29217e-15 0)
(5 -3.52616e-15 0)
(5 -3.25187e-15 0)
(5 -3.7716e-15 0)
(5 -3.51705e-15 0)
(5 -1.16827e-07 0)
(4.39302 0.648406 0)
(1.35899 0.945186 0)
(1.08812 0.799581 0)
(1.04931 0.775154 0)
(1.02096 0.769662 0)
(1.00245 0.771126 0)
(0.984303 0.769666 0)
(0.961755 0.767036 0)
(0.934935 0.760304 0)
(0.90511 0.752476 0)
(0.876345 0.748389 0)
(0.852367 0.751124 0)
(0.833655 0.760885 0)
(0.819625 0.77415 0)
(0.80739 0.789863 0)
(0.795417 0.807404 0)
(0.777828 0.822279 0)
(0.754469 0.83259 0)
(0.724111 0.838803 0)
(0.688971 0.844601 0)
(0.651366 0.849518 0)
(0.614913 0.858979 0)
(0.581938 0.875852 0)
(0.552182 0.900658 0)
(0.525509 0.932871 0)
(0.498734 0.970289 0)
(0.469136 1.01062 0)
(0.435209 1.05359 0)
(0.39511 1.09931 0)
(0.348138 1.14894 0)
(0.290027 1.19803 0)
(0.220674 1.246 0)
(0.13857 1.28551 0)
(0.0446766 1.30895 0)
(5 -7.59981e-17 0)
(5 -5.31548e-17 0)
(5 5.65299e-17 0)
(5 1.81235e-16 0)
(5 2.93412e-16 0)
(5 5.45875e-16 0)
(5 1.04252e-15 0)
(5 1.29518e-15 0)
(5 7.08309e-16 0)
(5 2.50348e-16 0)
(5 2.78004e-16 0)
(5 -3.61995e-16 0)
(5 -2.12181e-16 0)
(5 -3.10719e-16 0)
(5 2.14087e-16 0)
(5 -2.44026e-16 0)
(5 4.47315e-16 0)
(5 2.5353e-15 0)
(5 3.35835e-15 0)
(5 2.47082e-15 0)
(5 -8.23713e-17 0)
(5 -9.52031e-16 0)
(5 -8.04666e-16 0)
(5 8.55966e-16 0)
(5 1.86848e-15 0)
(5 6.56284e-16 0)
(5 -1.48417e-15 0)
(5 -3.87834e-15 0)
(5 -5.00576e-15 0)
(5 -4.79705e-15 0)
(5 -3.5939e-16 0)
(5 1.31614e-15 0)
(5 2.14454e-15 0)
(5 3.72931e-15 0)
(5 4.51097e-15 0)
(5 3.7234e-15 0)
(5 3.04579e-15 0)
(5 2.42787e-15 0)
(5 4.02042e-16 0)
(5 -1.46682e-15 0)
(5 -1.49039e-15 0)
(5 -7.70199e-16 0)
(5 -1.10655e-15 0)
(5 -2.12672e-15 0)
(5 -2.28214e-15 0)
(5 1.84587e-15 0)
(5 3.73522e-15 0)
(5 3.85362e-15 0)
(5 3.22729e-15 0)
(5 3.23736e-15 0)
(5 4.22398e-15 0)
(5 3.66103e-15 0)
(5 5.23406e-16 0)
(5 -3.83612e-15 0)
(5 -2.80543e-15 0)
(5 -1.40842e-15 0)
(5 -1.48827e-15 0)
(5 -3.36623e-15 0)
(5 -5.08284e-15 0)
(5 -5.94748e-15 0)
(5 -4.90864e-15 0)
(5 -5.99505e-10 0)
(5.24041 0.0457803 0)
(1.81997 0.978768 0)
(1.18703 0.84861 0)
(1.13341 0.814249 0)
(1.07234 0.79748 0)
(1.03127 0.791167 0)
(1.00241 0.790864 0)
(0.978039 0.790561 0)
(0.953135 0.788279 0)
(0.927172 0.782861 0)
(0.899908 0.778143 0)
(0.873845 0.776717 0)
(0.851215 0.781448 0)
(0.8332 0.791363 0)
(0.818749 0.805402 0)
(0.808368 0.823547 0)
(0.796454 0.842136 0)
(0.780978 0.858409 0)
(0.758308 0.871335 0)
(0.729515 0.883118 0)
(0.695209 0.891802 0)
(0.65871 0.90123 0)
(0.623724 0.916254 0)
(0.591312 0.939076 0)
(0.563592 0.970871 0)
(0.53805 1.01018 0)
(0.511497 1.0549 0)
(0.481904 1.10474 0)
(0.446691 1.15993 0)
(0.405304 1.22222 0)
(0.352391 1.2881 0)
(0.283089 1.35626 0)
(0.190073 1.42192 0)
(0.0620695 1.46113 0)
(5 -1.25494e-16 0)
(5 1.74841e-18 0)
(5 5.14648e-18 0)
(5 -2.21426e-16 0)
(5 -4.33323e-17 0)
(5 7.75707e-16 0)
(5 4.25145e-15 0)
(5 5.61243e-15 0)
(5 5.1781e-15 0)
(5 5.07202e-15 0)
(5 6.64349e-15 0)
(5 9.0124e-15 0)
(5 1.00631e-14 0)
(5 8.43655e-15 0)
(5 5.46135e-15 0)
(5 4.50341e-15 0)
(5 4.90196e-15 0)
(5 4.65429e-15 0)
(5 2.60038e-15 0)
(5 2.89603e-15 0)
(5 2.77996e-15 0)
(5 7.34582e-16 0)
(5 2.92777e-16 0)
(5 1.80391e-16 0)
(5 6.84761e-16 0)
(5 -6.48217e-16 0)
(5 -3.28317e-15 0)
(5 -5.8934e-15 0)
(5 -6.41508e-15 0)
(5 -5.92379e-15 0)
(5 -4.03399e-15 0)
(5 -1.98031e-15 0)
(5 7.71713e-16 0)
(5 4.83862e-15 0)
(5 5.49699e-15 0)
(5 5.82827e-15 0)
(5 2.64458e-15 0)
(5 -1.45585e-15 0)
(5 -1.45621e-15 0)
(5 -1.31377e-16 0)
(5 -8.89096e-16 0)
(5 -2.69168e-15 0)
(5 -1.98642e-15 0)
(5 -2.05882e-15 0)
(5 -2.32077e-15 0)
(5 2.31763e-15 0)
(5 5.6025e-15 0)
(5 5.77862e-15 0)
(5 5.41401e-15 0)
(5 6.3673e-15 0)
(5 6.96256e-15 0)
(5 6.65495e-15 0)
(5 2.41824e-15 0)
(5 -4.5502e-16 0)
(5 -9.98956e-16 0)
(5 2.24301e-15 0)
(5 3.34108e-15 0)
(5 3.65877e-15 0)
(5 3.37996e-15 0)
(5 3.19262e-15 0)
(5 -9.87756e-16 0)
(5 -6.64022e-13 0)
(5.01246 -0.000932705 0)
(2.35004 1.04938 0)
(1.18666 0.927274 0)
(1.14677 0.889508 0)
(1.10326 0.855697 0)
(1.06324 0.833977 0)
(1.03028 0.821277 0)
(1.00191 0.816659 0)
(0.976831 0.814511 0)
(0.952515 0.810726 0)
(0.927423 0.806869 0)
(0.901551 0.805276 0)
(0.876323 0.80763 0)
(0.853871 0.813902 0)
(0.834624 0.824559 0)
(0.820458 0.841517 0)
(0.808768 0.861998 0)
(0.796666 0.883094 0)
(0.780691 0.902533 0)
(0.760857 0.92042 0)
(0.735183 0.934083 0)
(0.704976 0.945405 0)
(0.672666 0.95972 0)
(0.640266 0.980439 0)
(0.611031 1.01083 0)
(0.585439 1.05125 0)
(0.560966 1.10011 0)
(0.536177 1.15738 0)
(0.508012 1.22337 0)
(0.476049 1.30162 0)
(0.432398 1.39397 0)
(0.370764 1.5065 0)
(0.275886 1.63045 0)
(0.149757 1.73713 0)
(5 -2.93479e-19 0)
(5 -4.38386e-17 0)
(5 1.49379e-18 0)
(5 1.75956e-18 0)
(5 2.37198e-17 0)
(5 6.88545e-17 0)
(5 -1.2839e-16 0)
(5 -3.63882e-16 0)
(5 -2.6293e-16 0)
(5 -1.92823e-16 0)
(5 3.76347e-16 0)
(5 3.86284e-16 0)
(5 5.29939e-16 0)
(5 7.84123e-16 0)
(5 1.08181e-15 0)
(5 1.28678e-15 0)
(5 1.09595e-15 0)
(5 7.37844e-17 0)
(5 -2.77826e-16 0)
(5 -7.00423e-16 0)
(5 -5.20713e-16 0)
(5 5.62508e-16 0)
(5 1.4193e-15 0)
(5 1.59496e-15 0)
(5 2.08445e-15 0)
(5 2.41689e-15 0)
(5 1.65158e-15 0)
(5 1.15962e-15 0)
(5 4.18767e-16 0)
(5 1.75732e-16 0)
(5 1.27086e-16 0)
(5 3.07261e-16 0)
(5 -6.4954e-16 0)
(5 -1.72664e-15 0)
(5 -2.12567e-15 0)
(5 -2.29669e-15 0)
(5 -2.05137e-15 0)
(5 -1.24746e-15 0)
(5 -6.36436e-16 0)
(5 -2.67245e-16 0)
(5 -6.40818e-17 0)
(5 -2.61178e-16 0)
(5 3.74982e-16 0)
(5 8.99356e-16 0)
(5 1.52367e-15 0)
(5 1.99867e-15 0)
(5 1.74295e-15 0)
(5 1.43872e-15 0)
(5 1.37722e-15 0)
(5 3.52252e-16 0)
(5 5.90089e-17 0)
(5 2.29083e-16 0)
(5 -6.04476e-16 0)
(5 -1.64711e-15 0)
(5 4.35097e-16 0)
(5 2.28171e-15 0)
(5 2.64634e-15 0)
(5 3.05342e-15 0)
(5 4.64771e-15 0)
(5 5.55089e-15 0)
(5 3.37626e-15 0)
(5 -9.09308e-15 0)
(5.0002 -1.20761e-05 0)
(4.91402 0.160994 0)
(1.74035 0.962531 0)
(1.19652 0.931116 0)
(1.16822 0.910504 0)
(1.15188 0.892132 0)
(1.12251 0.886555 0)
(1.09588 0.878287 0)
(1.06911 0.875406 0)
(1.04342 0.873379 0)
(1.01745 0.872724 0)
(0.991408 0.873431 0)
(0.96553 0.875238 0)
(0.940574 0.879413 0)
(0.91693 0.884948 0)
(0.895909 0.895783 0)
(0.878165 0.912283 0)
(0.863864 0.93367 0)
(0.850405 0.957728 0)
(0.837065 0.983564 0)
(0.822219 1.00898 0)
(0.805063 1.03249 0)
(0.78593 1.05506 0)
(0.766069 1.08002 0)
(0.746454 1.11051 0)
(0.729663 1.15072 0)
(0.71596 1.20144 0)
(0.70754 1.26445 0)
(0.704083 1.3415 0)
(0.71085 1.4392 0)
(0.729854 1.56556 0)
(0.77334 1.71644 0)
(0.904339 1.88615 0)
(1.2628 2.1135 0)
(5 5.74596e-18 0)
(5 5.20177e-17 0)
(5 1.35421e-16 0)
(5 1.62682e-16 0)
(5 5.24445e-18 0)
(5 7.93296e-17 0)
(5 -2.05669e-16 0)
(5 -1.63216e-15 0)
(5 -1.90434e-15 0)
(5 -2.00481e-15 0)
(5 -2.14085e-15 0)
(5 -2.55424e-15 0)
(5 -3.20428e-15 0)
(5 -3.37032e-15 0)
(5 -3.13775e-15 0)
(5 -1.31067e-15 0)
(5 -1.39432e-15 0)
(5 -1.49037e-15 0)
(5 -1.38958e-15 0)
(5 -9.74362e-16 0)
(5 1.17363e-15 0)
(5 1.53157e-15 0)
(5 2.44337e-15 0)
(5 2.00336e-15 0)
(5 1.69615e-15 0)
(5 3.10807e-15 0)
(5 4.83599e-15 0)
(5 5.16362e-15 0)
(5 4.6816e-15 0)
(5 5.6177e-15 0)
(5 6.19866e-15 0)
(5 5.74499e-15 0)
(5 5.08731e-15 0)
(5 4.31737e-15 0)
(5 3.25803e-15 0)
(5 2.88265e-15 0)
(5 2.9274e-15 0)
(5 2.92689e-15 0)
(5 2.13643e-15 0)
(5 9.88864e-16 0)
(5 1.75216e-15 0)
(5 1.99705e-15 0)
(5 2.14079e-15 0)
(5 1.63032e-15 0)
(5 1.0552e-15 0)
(5 4.17915e-16 0)
(5 -3.93196e-17 0)
(5 -1.63157e-16 0)
(5 -1.85648e-16 0)
(5 1.92166e-16 0)
(5 6.59847e-16 0)
(5 9.5567e-16 0)
(5 1.05199e-15 0)
(5 1.14033e-15 0)
(5 8.11741e-16 0)
(5 4.66507e-16 0)
(5 -6.7504e-16 0)
(5 -2.64517e-15 0)
(5 -3.89979e-15 0)
(5 -2.95613e-15 0)
(5 3.3011e-15 0)
(5 2.62737e-15 0)
(5 -6.84601e-07 0)
(5.0009 0.00109397 0)
(4.82813 0.192256 0)
(1.74433 0.916853 0)
(1.24862 0.957684 0)
(1.23181 0.993328 0)
(1.22165 0.995308 0)
(1.20117 1.00082 0)
(1.18002 0.999722 0)
(1.15785 0.99982 0)
(1.13563 1.00026 0)
(1.11349 1.00196 0)
(1.09146 1.00384 0)
(1.06998 1.0074 0)
(1.04913 1.01116 0)
(1.02916 1.01638 0)
(1.01083 1.02392 0)
(0.995065 1.03585 0)
(0.982529 1.05331 0)
(0.973736 1.07618 0)
(0.967898 1.10356 0)
(0.964816 1.13439 0)
(0.963193 1.16757 0)
(0.964018 1.20327 0)
(0.966872 1.24166 0)
(0.97404 1.2846 0)
(0.986863 1.33361 0)
(1.00869 1.39028 0)
(1.04278 1.45544 0)
(1.09481 1.53245 0)
(1.17887 1.62705 0)
(1.31451 1.72583 0)
(1.52443 1.82537 0)
(1.86241 1.89403 0)
(5 2.94868e-17 0)
(5 3.0774e-16 0)
(5 4.95676e-16 0)
(5 5.1872e-16 0)
(5 6.82508e-16 0)
(5 6.11517e-16 0)
(5 7.76898e-16 0)
(5 1.90554e-15 0)
(5 2.08658e-15 0)
(5 2.28785e-15 0)
(5 2.20958e-15 0)
(5 2.26913e-15 0)
(5 1.94896e-15 0)
(5 1.68497e-15 0)
(5 2.06842e-15 0)
(5 2.636e-15 0)
(5 2.75466e-15 0)
(5 4.12602e-15 0)
(5 5.90009e-15 0)
(5 7.1748e-15 0)
(5 7.62132e-15 0)
(5 6.80735e-15 0)
(5 4.87799e-15 0)
(5 4.56452e-15 0)
(5 3.65679e-15 0)
(5 2.68819e-15 0)
(5 2.25253e-15 0)
(5 3.29442e-15 0)
(5 3.62285e-15 0)
(5 4.02277e-15 0)
(5 4.53701e-15 0)
(5 4.59109e-15 0)
(5 5.45881e-15 0)
(5 6.0566e-15 0)
(5 6.22433e-15 0)
(5 6.51688e-15 0)
(5 6.23129e-15 0)
(5 3.58057e-15 0)
(5 2.21148e-15 0)
(5 7.25187e-16 0)
(5 2.49868e-16 0)
(5 5.29332e-17 0)
(5 1.65066e-16 0)
(5 -4.63245e-16 0)
(5 -8.30292e-16 0)
(5 -9.16952e-16 0)
(5 -4.25781e-16 0)
(5 -1.62843e-16 0)
(5 7.95259e-16 0)
(5 1.45125e-15 0)
(5 2.8397e-15 0)
(5 5.31697e-15 0)
(5 5.99949e-15 0)
(5 6.19673e-15 0)
(5 4.08598e-15 0)
(5 9.05893e-16 0)
(5 -1.45628e-16 0)
(5 -2.2682e-15 0)
(5 -5.46e-15 0)
(5 -5.28487e-15 0)
(5 -1.07558e-15 0)
(5 -4.67322e-16 0)
(5 -8.55623e-10 0)
(5 2.61595e-08 0)
(5.00198 0.00221497 0)
(4.73182 0.194421 0)
(2.01121 0.940907 0)
(1.31688 1.02197 0)
(1.2768 1.0839 0)
(1.27461 1.08536 0)
(1.25977 1.09131 0)
(1.24892 1.09286 0)
(1.23643 1.09473 0)
(1.22293 1.09903 0)
(1.2095 1.1025 0)
(1.19664 1.10655 0)
(1.18403 1.11103 0)
(1.17177 1.1172 0)
(1.16004 1.1234 0)
(1.14947 1.13201 0)
(1.1406 1.14147 0)
(1.13488 1.15641 0)
(1.13258 1.17496 0)
(1.135 1.19903 0)
(1.14184 1.22683 0)
(1.15345 1.25846 0)
(1.17016 1.29333 0)
(1.19374 1.33194 0)
(1.22522 1.37465 0)
(1.26785 1.42079 0)
(1.32459 1.47197 0)
(1.39991 1.52449 0)
(1.50061 1.57946 0)
(1.62905 1.62897 0)
(1.79761 1.67079 0)
(2.01445 1.69398 0)
(5 -3.51357e-19 0)
(5 4.69398e-17 0)
(5 -3.19991e-17 0)
(5 2.18553e-17 0)
(5 1.48659e-16 0)
(5 1.41588e-16 0)
(5 2.86471e-16 0)
(5 5.48517e-16 0)
(5 7.34499e-16 0)
(5 7.41582e-16 0)
(5 5.45875e-16 0)
(5 4.15644e-16 0)
(5 1.10524e-15 0)
(5 1.15689e-15 0)
(5 -3.84318e-17 0)
(5 -6.33281e-16 0)
(5 -8.17546e-16 0)
(5 1.23229e-15 0)
(5 2.54535e-15 0)
(5 2.72186e-15 0)
(5 2.48841e-15 0)
(5 2.8649e-15 0)
(5 3.1856e-15 0)
(5 3.84163e-15 0)
(5 3.96992e-15 0)
(5 2.95712e-15 0)
(5 1.31268e-15 0)
(5 5.66197e-16 0)
(5 4.61663e-16 0)
(5 3.24984e-16 0)
(5 2.34709e-16 0)
(5 -4.63828e-16 0)
(5 -4.80715e-16 0)
(5 -1.46366e-16 0)
(5 3.29849e-18 0)
(5 1.47326e-17 0)
(5 7.82192e-16 0)
(5 1.25354e-15 0)
(5 1.45836e-15 0)
(5 1.19263e-15 0)
(5 -3.33513e-16 0)
(5 -1.12216e-15 0)
(5 -8.47813e-16 0)
(5 -6.27537e-16 0)
(5 -9.80678e-16 0)
(5 -1.16121e-15 0)
(5 -8.21848e-16 0)
(5 -8.94773e-16 0)
(5 -2.98325e-15 0)
(5 -3.22301e-15 0)
(5 -2.27768e-15 0)
(5 -2.62964e-17 0)
(5 1.83702e-15 0)
(5 2.68138e-15 0)
(5 3.17061e-16 0)
(5 -2.72621e-15 0)
(5 -2.4646e-15 0)
(5 -6.3756e-16 0)
(5 5.76126e-16 0)
(5 6.976e-16 0)
(5 2.31485e-16 0)
(5 -3.63739e-16 0)
(5 -4.11326e-14 0)
(5 9.68284e-13 0)
(5 6.85855e-08 0)
(5.00141 0.00244068 0)
(4.7476 0.160954 0)
(2.74552 0.964269 0)
(1.40088 1.09066 0)
(1.32467 1.15422 0)
(1.32358 1.15869 0)
(1.31587 1.16133 0)
(1.30913 1.17083 0)
(1.30404 1.17547 0)
(1.29955 1.18217 0)
(1.29552 1.18965 0)
(1.29221 1.19757 0)
(1.28971 1.20688 0)
(1.28777 1.21632 0)
(1.28681 1.22697 0)
(1.28697 1.2379 0)
(1.28905 1.24833 0)
(1.29366 1.26301 0)
(1.30185 1.27683 0)
(1.31442 1.29689 0)
(1.33174 1.31877 0)
(1.35503 1.34231 0)
(1.38542 1.36828 0)
(1.4237 1.39701 0)
(1.47121 1.42684 0)
(1.53055 1.4585 0)
(1.60489 1.49007 0)
(1.68939 1.51733 0)
(1.79209 1.54224 0)
(1.91999 1.56078 0)
(2.05333 1.5672 0)
(5 4.56627e-17 0)
(5 1.28985e-16 0)
(5 4.46822e-17 0)
(5 1.50265e-17 0)
(5 -7.29747e-17 0)
(5 -9.09436e-18 0)
(5 6.39877e-17 0)
(5 6.92392e-17 0)
(5 -3.15449e-16 0)
(5 -4.1275e-16 0)
(5 -9.67993e-16 0)
(5 -1.8582e-15 0)
(5 -1.60507e-15 0)
(5 -1.00586e-15 0)
(5 -1.28173e-15 0)
(5 -1.67269e-15 0)
(5 -2.40907e-15 0)
(5 -2.1433e-15 0)
(5 -1.78352e-15 0)
(5 -9.53411e-16 0)
(5 -6.81574e-16 0)
(5 -9.29334e-16 0)
(5 -1.4495e-15 0)
(5 -1.77803e-15 0)
(5 -5.94091e-16 0)
(5 6.25789e-16 0)
(5 1.22698e-15 0)
(5 1.1032e-15 0)
(5 6.55056e-16 0)
(5 7.5707e-16 0)
(5 8.17049e-16 0)
(5 7.41437e-16 0)
(5 7.70981e-16 0)
(5 4.46383e-16 0)
(5 7.93229e-18 0)
(5 -1.83123e-16 0)
(5 1.75973e-15 0)
(5 2.26584e-15 0)
(5 3.1455e-15 0)
(5 3.58248e-15 0)
(5 2.60484e-15 0)
(5 -1.0953e-15 0)
(5 -1.88809e-15 0)
(5 -2.37777e-15 0)
(5 -2.6309e-15 0)
(5 -4.98867e-16 0)
(5 -6.82545e-16 0)
(5 -2.72052e-15 0)
(5 -3.6183e-15 0)
(5 -3.77247e-15 0)
(5 -3.79477e-15 0)
(5 -3.9269e-15 0)
(5 -3.59984e-15 0)
(5 -3.17359e-15 0)
(5 -1.85739e-15 0)
(5 6.65189e-16 0)
(5 1.90253e-15 0)
(5 2.70646e-15 0)
(5 2.0999e-15 0)
(5 3.63641e-16 0)
(5 -1.00162e-16 0)
(5 -1.17709e-15 0)
(5 -1.18072e-15 0)
(5 -2.20723e-15 0)
(5 2.28648e-12 0)
(5 2.50678e-07 0)
(5.00054 0.000911685 0)
(4.87827 0.150103 0)
(4.22319 0.614468 0)
(1.78701 1.11953 0)
(1.44618 1.21258 0)
(1.42064 1.22333 0)
(1.43302 1.21939 0)
(1.42123 1.2269 0)
(1.41919 1.23001 0)
(1.41588 1.23816 0)
(1.41501 1.24514 0)
(1.41504 1.25513 0)
(1.41705 1.26546 0)
(1.42077 1.27678 0)
(1.42617 1.28934 0)
(1.43394 1.30134 0)
(1.44392 1.31453 0)
(1.45736 1.32717 0)
(1.47354 1.34125 0)
(1.49439 1.35601 0)
(1.51998 1.37188 0)
(1.55182 1.38854 0)
(1.58956 1.40566 0)
(1.63372 1.42256 0)
(1.68709 1.43921 0)
(1.74786 1.45376 0)
(1.81424 1.46531 0)
(1.89406 1.47585 0)
(1.98564 1.4814 0)
(2.07561 1.47955 0)
(5 8.10175e-17 0)
(5 -5.53556e-17 0)
(5 6.6135e-17 0)
(5 4.44482e-16 0)
(5 8.25788e-16 0)
(5 8.75579e-16 0)
(5 8.14084e-16 0)
(5 7.51707e-16 0)
(5 7.02161e-16 0)
(5 7.18796e-16 0)
(5 5.57392e-16 0)
(5 6.45564e-16 0)
(5 -4.96703e-16 0)
(5 -1.08227e-15 0)
(5 -1.09852e-15 0)
(5 -4.69896e-16 0)
(5 -4.7041e-16 0)
(5 -2.90056e-15 0)
(5 -3.51831e-15 0)
(5 -3.84982e-15 0)
(5 -4.12456e-15 0)
(5 -4.10931e-15 0)
(5 -4.14368e-15 0)
(5 -5.77014e-15 0)
(5 -5.81804e-15 0)
(5 -5.02164e-15 0)
(5 -3.00507e-15 0)
(5 -2.0546e-15 0)
(5 -2.36492e-15 0)
(5 -3.55841e-15 0)
(5 -3.71085e-15 0)
(5 -2.8226e-15 0)
(5 -2.74186e-15 0)
(5 -3.07169e-15 0)
(5 -3.07933e-15 0)
(5 -6.59422e-16 0)
(5 -9.9428e-17 0)
(5 -1.0249e-16 0)
(5 1.39962e-15 0)
(5 5.8721e-15 0)
(5 1.13098e-15 0)
(5 -4.61185e-16 0)
(5 -9.6768e-16 0)
(5 1.10973e-16 0)
(5 1.32033e-15 0)
(5 1.68599e-15 0)
(5 -1.47079e-15 0)
(5 -5.67069e-15 0)
(5 -6.21301e-15 0)
(5 -5.48031e-15 0)
(5 -3.65869e-15 0)
(5 -2.97154e-15 0)
(5 -3.50604e-15 0)
(5 -4.3832e-15 0)
(5 -2.31289e-15 0)
(5 2.11498e-15 0)
(5 4.5346e-15 0)
(5 6.36211e-15 0)
(5 7.46725e-15 0)
(5 1.18371e-15 0)
(5 -1.50563e-15 0)
(5 -2.10537e-15 0)
(5 -1.70606e-15 0)
(5 -5.01897e-16 0)
(5 -3.1311e-15 0)
(5 3.89319e-12 0)
(5 8.37931e-08 0)
(5.00003 0.000383741 0)
(5.01133 0.0196524 0)
(4.49276 0.32428 0)
(2.707 1.08636 0)
(1.56901 1.21424 0)
(1.52183 1.3134 0)
(1.51313 1.32396 0)
(1.52244 1.32226 0)
(1.51087 1.32781 0)
(1.51275 1.3279 0)
(1.51347 1.33227 0)
(1.51802 1.3362 0)
(1.52433 1.34216 0)
(1.53411 1.34895 0)
(1.54644 1.357 0)
(1.56121 1.36608 0)
(1.57897 1.3756 0)
(1.59931 1.38569 0)
(1.62313 1.39609 0)
(1.65045 1.40661 0)
(1.68247 1.41708 0)
(1.71797 1.42721 0)
(1.75829 1.43654 0)
(1.80482 1.44471 0)
(1.8552 1.45103 0)
(1.91016 1.45606 0)
(1.97508 1.45942 0)
(2.04114 1.45897 0)
(2.10734 1.4546 0)
(5 -1.5563e-16 0)
(5 -2.54824e-16 0)
(5 -4.06043e-16 0)
(5 -4.63895e-16 0)
(5 -5.80116e-16 0)
(5 -7.67869e-16 0)
(5 -6.64893e-16 0)
(5 -4.56235e-16 0)
(5 -2.57682e-16 0)
(5 -9.44209e-17 0)
(5 7.70833e-17 0)
(5 7.45518e-16 0)
(5 3.3946e-16 0)
(5 -5.37112e-16 0)
(5 -6.86982e-16 0)
(5 -7.29132e-16 0)
(5 -6.16864e-16 0)
(5 -7.05141e-16 0)
(5 -9.3019e-16 0)
(5 -1.42468e-15 0)
(5 -2.2579e-15 0)
(5 -2.51494e-15 0)
(5 -3.25217e-15 0)
(5 -3.15468e-15 0)
(5 -3.74639e-15 0)
(5 -4.70997e-15 0)
(5 -5.08235e-15 0)
(5 -4.19164e-15 0)
(5 -3.60687e-15 0)
(5 -3.29418e-15 0)
(5 -2.95147e-15 0)
(5 -2.72584e-15 0)
(5 -2.73366e-15 0)
(5 -1.66671e-15 0)
(5 -8.05578e-16 0)
(5 -6.37242e-16 0)
(5 4.87729e-16 0)
(5 2.71632e-15 0)
(5 2.96385e-15 0)
(5 2.95168e-15 0)
(5 2.09244e-15 0)
(5 1.22506e-15 0)
(5 8.27756e-16 0)
(5 1.65e-15 0)
(5 1.58634e-15 0)
(5 7.49822e-16 0)
(5 -6.64153e-18 0)
(5 -1.42295e-16 0)
(5 -3.58926e-15 0)
(5 -8.50029e-15 0)
(5 -8.95711e-15 0)
(5 -8.25969e-15 0)
(5 -1.61599e-15 0)
(5 8.53809e-18 0)
(5 9.68381e-16 0)
(5 1.02714e-15 0)
(5 9.05129e-16 0)
(5 8.3553e-16 0)
(5 1.24023e-15 0)
(5 1.84199e-15 0)
(5 2.49863e-15 0)
(5 2.60334e-15 0)
(5 -2.22557e-16 0)
(5 -1.39655e-15 0)
(5 -2.16971e-15 0)
(5 -1.80722e-15 0)
(5 1.00226e-12 0)
(5 3.62347e-08 0)
(5.00001 8.6966e-06 0)
(5.0007 0.003554 0)
(4.84012 0.177396 0)
(4.1252 0.617866 0)
(2.39261 1.21954 0)
(1.68742 1.33376 0)
(1.62344 1.40096 0)
(1.61971 1.40227 0)
(1.63505 1.39413 0)
(1.62413 1.39306 0)
(1.62619 1.38996 0)
(1.6301 1.39036 0)
(1.63773 1.39202 0)
(1.64916 1.395 0)
(1.66373 1.39913 0)
(1.6813 1.40405 0)
(1.70191 1.40959 0)
(1.72559 1.41541 0)
(1.75235 1.42124 0)
(1.78269 1.42698 0)
(1.81547 1.43254 0)
(1.85183 1.43755 0)
(1.89266 1.44201 0)
(1.93683 1.44577 0)
(1.98589 1.44818 0)
(2.03836 1.44856 0)
(2.09068 1.44659 0)
(2.14472 1.44176 0)
(5 -1.65401e-17 0)
(5 2.16719e-17 0)
(5 -2.87186e-16 0)
(5 -7.72557e-16 0)
(5 -1.13132e-15 0)
(5 -1.10138e-15 0)
(5 -1.05783e-15 0)
(5 -1.12149e-15 0)
(5 -7.26318e-16 0)
(5 -2.31705e-16 0)
(5 4.02389e-16 0)
(5 5.46607e-16 0)
(5 1.02039e-15 0)
(5 1.9478e-15 0)
(5 2.49566e-15 0)
(5 2.60564e-15 0)
(5 2.759e-15 0)
(5 2.71009e-15 0)
(5 2.88196e-15 0)
(5 2.97452e-15 0)
(5 2.83992e-15 0)
(5 1.84866e-15 0)
(5 1.69718e-15 0)
(5 1.90308e-15 0)
(5 1.90901e-15 0)
(5 1.85564e-15 0)
(5 1.67828e-15 0)
(5 7.02846e-16 0)
(5 6.16377e-16 0)
(5 7.48451e-16 0)
(5 9.24492e-16 0)
(5 1.45955e-15 0)
(5 4.66366e-16 0)
(5 9.62231e-17 0)
(5 -4.63765e-16 0)
(5 -7.58711e-16 0)
(5 2.95073e-16 0)
(5 8.72685e-16 0)
(5 1.19265e-17 0)
(5 -1.82311e-15 0)
(5 -1.97322e-15 0)
(5 -1.58788e-15 0)
(5 -1.15068e-15 0)
(5 1.15538e-15 0)
(5 1.50506e-15 0)
(5 1.56339e-15 0)
(5 3.04229e-15 0)
(5 3.6002e-15 0)
(5 4.27634e-15 0)
(5 3.9898e-15 0)
(5 2.50406e-15 0)
(5 1.92912e-15 0)
(5 1.87523e-15 0)
(5 1.96974e-15 0)
(5 1.75927e-15 0)
(5 1.013e-15 0)
(5 1.0858e-15 0)
(5 6.29416e-16 0)
(5 6.96462e-17 0)
(5 -3.54211e-16 0)
(5 9.20522e-17 0)
(5 6.51048e-16 0)
(5 5.9612e-16 0)
(5 -1.0595e-16 0)
(5 -1.07223e-15 0)
(5 -6.67547e-16 0)
(5 -1.24452e-15 0)
(5 1.90712e-13 0)
(5 2.62989e-10 0)
(5 3.09044e-07 0)
(4.99994 0.000738713 0)
(5.00386 0.0122658 0)
(4.67592 0.283274 0)
(3.90487 0.781423 0)
(2.35675 1.30821 0)
(1.78894 1.40778 0)
(1.73417 1.47922 0)
(1.72579 1.47957 0)
(1.75765 1.47145 0)
(1.75332 1.46561 0)
(1.75448 1.45964 0)
(1.76066 1.4551 0)
(1.76884 1.45246 0)
(1.78098 1.4509 0)
(1.79699 1.45047 0)
(1.81609 1.45114 0)
(1.83823 1.45262 0)
(1.86378 1.4546 0)
(1.89224 1.45688 0)
(1.92416 1.45906 0)
(1.95971 1.46098 0)
(1.99888 1.46203 0)
(2.03988 1.46183 0)
(2.08233 1.45998 0)
(2.12529 1.45659 0)
(2.17076 1.45141 0)
(2.31322 2.18 0)
(2.6695 2.19352 0)
(2.82706 2.11194 0)
(2.8572 2.03287 0)
(2.76011 1.99563 0)
(2.69693 1.92762 0)
(2.85184 1.84334 0)
(2.92248 1.87567 0)
(2.89097 1.91705 0)
(2.82857 1.71722 0)
(3.00767 1.47373 0)
(3.18281 1.37031 0)
(3.26825 1.38667 0)
(3.36331 1.41347 0)
(3.36386 1.09877 0)
(3.45542 0.763532 0)
(3.59815 0.613347 0)
(3.69132 0.532541 0)
(3.66471 0.4765 0)
(3.64268 0.338519 0)
(3.68633 0.123648 0)
(3.72691 0.0402895 0)
(3.77146 0.0475084 0)
(3.7669 -0.0774175 0)
(3.76307 -0.296579 0)
(3.79593 -0.385213 0)
(3.80623 -0.326922 0)
(3.78031 -0.320464 0)
(3.70174 -0.462846 0)
(3.70488 -0.55883 0)
(3.71564 -0.50807 0)
(3.7169 -0.463064 0)
(3.69393 -0.543852 0)
(3.69978 -0.5687 0)
(3.6872 -0.549969 0)
(3.66051 -0.536293 0)
(3.63922 -0.543105 0)
(3.63413 -0.53951 0)
(3.64081 -0.542677 0)
(3.66081 -0.53224 0)
(3.69026 -0.498019 0)
(3.71166 -0.488401 0)
(3.72406 -0.506546 0)
(3.73079 -0.496001 0)
(3.71717 -0.451238 0)
(3.70904 -0.42068 0)
(3.69185 -0.42203 0)
(3.68133 -0.425896 0)
(3.67785 -0.390947 0)
(3.68853 -0.338383 0)
(3.69998 -0.316264 0)
(3.70189 -0.302085 0)
(3.68999 -0.286046 0)
(3.68394 -0.277236 0)
(3.67366 -0.250288 0)
(3.67214 -0.225419 0)
(3.66591 -0.208752 0)
(3.66433 -0.197358 0)
(3.67867 -0.186235 0)
(3.68283 -0.175444 0)
(3.67344 -0.168917 0)
(3.66114 -0.149752 0)
(3.64893 -0.137839 0)
(3.63687 -0.137926 0)
(3.62982 -0.130872 0)
(3.6306 -0.115606 0)
(3.6369 -0.100073 0)
(3.64001 -0.0908363 0)
(3.63803 -0.0880608 0)
(3.63743 -0.0855856 0)
(3.63408 -0.0784517 0)
(3.62717 -0.0615081 0)
(3.62459 -0.0527063 0)
(3.62564 -0.0514899 0)
(3.63292 -0.0492052 0)
(3.64789 -0.0412098 0)
(3.65963 -0.0313425 0)
(3.66396 -0.0282976 0)
(3.66648 -0.0256323 0)
(3.66385 -0.0230617 0)
(3.66347 -0.0166494 0)
(3.66985 -0.0112545 0)
(3.67557 -0.0087056 0)
(3.68412 -0.00748888 0)
(3.69629 -0.00572661 0)
(3.70178 -0.00420442 0)
(3.70692 -0.00160254 0)
(3.7085 0.00104454 0)
(3.70552 0.00293519 0)
(3.70675 0.00385635 0)
(3.71047 0.00421714 0)
(3.7141 0.00508985 0)
(3.72025 0.00586904 0)
(3.72675 0.0061478 0)
(3.72912 0.00616019 0)
(3.73129 0.0061883 0)
(2.38664 1.93583 0)
(2.7989 1.89347 0)
(3.17025 1.68387 0)
(3.39282 1.61275 0)
(3.5123 1.66712 0)
(3.65841 1.5133 0)
(3.80046 1.12649 0)
(3.83569 0.927277 0)
(3.87621 0.982824 0)
(3.89577 0.959693 0)
(3.99782 0.689722 0)
(3.99706 0.343508 0)
(3.99498 0.275786 0)
(3.99825 0.294484 0)
(4.0598 0.183763 0)
(4.10766 -0.029541 0)
(4.07513 -0.1975 0)
(4.06545 -0.234039 0)
(4.08283 -0.334637 0)
(4.097 -0.425263 0)
(4.10867 -0.552176 0)
(4.09425 -0.595332 0)
(4.09101 -0.611756 0)
(4.11167 -0.674869 0)
(4.13038 -0.747429 0)
(4.11962 -0.842264 0)
(4.10921 -0.85578 0)
(4.10642 -0.863115 0)
(4.12312 -0.888614 0)
(4.12381 -0.901361 0)
(4.12492 -0.931821 0)
(4.13884 -0.946684 0)
(4.15208 -0.946245 0)
(4.15745 -0.948616 0)
(4.15759 -0.94284 0)
(4.14944 -0.934473 0)
(4.1362 -0.91655 0)
(4.12816 -0.888824 0)
(4.11408 -0.877444 0)
(4.09749 -0.849762 0)
(4.05351 -0.781747 0)
(4.03025 -0.716659 0)
(4.01649 -0.694264 0)
(3.99329 -0.687661 0)
(3.95441 -0.641798 0)
(3.92169 -0.579136 0)
(3.91957 -0.521439 0)
(3.91489 -0.497069 0)
(3.91343 -0.47342 0)
(3.91249 -0.412564 0)
(3.90822 -0.344262 0)
(3.911 -0.31734 0)
(3.90245 -0.317618 0)
(3.88564 -0.304991 0)
(3.86533 -0.269027 0)
(3.85685 -0.233862 0)
(3.85283 -0.212895 0)
(3.84992 -0.208142 0)
(3.85344 -0.207371 0)
(3.85798 -0.19055 0)
(3.83896 -0.159622 0)
(3.82419 -0.129383 0)
(3.81286 -0.114556 0)
(3.79737 -0.119435 0)
(3.78473 -0.115952 0)
(3.77666 -0.0808723 0)
(3.78346 -0.0460882 0)
(3.78535 -0.037856 0)
(3.78083 -0.0400195 0)
(3.7726 -0.0384599 0)
(3.76614 -0.0337145 0)
(3.75701 -0.00982783 0)
(3.75268 0.00632229 0)
(3.74398 0.00692011 0)
(3.7449 0.00328483 0)
(3.7587 0.00476433 0)
(3.77053 0.018365 0)
(3.77103 0.0261523 0)
(3.76987 0.0276189 0)
(3.76882 0.0281006 0)
(3.76928 0.0307379 0)
(3.77177 0.0385756 0)
(3.77366 0.0442911 0)
(3.7769 0.0450019 0)
(3.78496 0.0426703 0)
(3.79099 0.0432307 0)
(3.79133 0.0443724 0)
(3.78994 0.0452338 0)
(3.78571 0.0435286 0)
(3.78163 0.039487 0)
(3.77953 0.035142 0)
(3.77994 0.0316883 0)
(3.7835 0.0279131 0)
(3.78968 0.0208588 0)
(3.79205 0.0143987 0)
(3.79157 0.0110604 0)
(2.23938 1.68799 0)
(2.48175 1.63303 0)
(2.69067 1.58428 0)
(2.84906 1.57006 0)
(3.03888 1.48243 0)
(3.22352 1.31845 0)
(3.32716 1.24788 0)
(3.39439 1.25909 0)
(3.49712 1.17795 0)
(3.64513 0.967715 0)
(3.6977 0.806023 0)
(3.73589 0.815343 0)
(3.77444 0.825726 0)
(3.89591 0.700972 0)
(3.9564 0.468999 0)
(3.94841 0.371557 0)
(3.95303 0.393362 0)
(3.97174 0.37013 0)
(4.06427 0.252766 0)
(4.08828 0.0859016 0)
(4.071 0.0161284 0)
(4.07986 0.042471 0)
(4.09273 0.044493 0)
(4.16856 -0.0673266 0)
(4.16973 -0.201578 0)
(4.1523 -0.239192 0)
(4.14578 -0.216265 0)
(4.13453 -0.221886 0)
(4.19046 -0.287344 0)
(4.20811 -0.37132 0)
(4.20585 -0.403289 0)
(4.21318 -0.381982 0)
(4.21699 -0.375493 0)
(4.2394 -0.431866 0)
(4.23973 -0.483477 0)
(4.23193 -0.486366 0)
(4.22982 -0.50199 0)
(4.24427 -0.515511 0)
(4.251 -0.528822 0)
(4.26128 -0.544216 0)
(4.27137 -0.54908 0)
(4.28115 -0.557033 0)
(4.2788 -0.573643 0)
(4.26368 -0.598308 0)
(4.25787 -0.605806 0)
(4.25086 -0.60575 0)
(4.25101 -0.597277 0)
(4.25467 -0.59702 0)
(4.24812 -0.628823 0)
(4.24762 -0.663583 0)
(4.24138 -0.648615 0)
(4.2353 -0.623564 0)
(4.22121 -0.618256 0)
(4.19619 -0.620961 0)
(4.16959 -0.622208 0)
(4.15144 -0.609864 0)
(4.14961 -0.586479 0)
(4.16275 -0.561495 0)
(4.17986 -0.539749 0)
(4.18827 -0.51538 0)
(4.17419 -0.484316 0)
(4.15934 -0.45714 0)
(4.15487 -0.435605 0)
(4.1517 -0.429034 0)
(4.14721 -0.42347 0)
(4.13424 -0.383114 0)
(4.13658 -0.314479 0)
(4.15 -0.279466 0)
(4.15321 -0.275438 0)
(4.14337 -0.258879 0)
(4.10868 -0.239813 0)
(4.08802 -0.211926 0)
(4.07956 -0.173481 0)
(4.06807 -0.155588 0)
(4.04838 -0.139236 0)
(4.04331 -0.11297 0)
(4.03267 -0.0950068 0)
(4.02099 -0.0758412 0)
(4.00717 -0.0692413 0)
(3.98567 -0.0626875 0)
(3.96018 -0.057059 0)
(3.94635 -0.0407564 0)
(3.93929 -0.0258716 0)
(3.92901 -0.0205126 0)
(3.92465 -0.0208112 0)
(3.92904 -0.0197154 0)
(3.9245 -0.0166118 0)
(3.91659 -0.0103719 0)
(3.90792 -0.000406796 0)
(3.89516 0.000863837 0)
(3.8866 -0.0020155 0)
(3.8841 -0.00423863 0)
(3.88646 0.000488463 0)
(3.89243 0.00788273 0)
(3.89256 0.0103199 0)
(3.89093 0.0106908 0)
(2.18126 1.55748 0)
(2.33103 1.53751 0)
(2.4632 1.51656 0)
(2.5946 1.47084 0)
(2.73195 1.40511 0)
(2.83229 1.37598 0)
(2.92604 1.33814 0)
(3.05684 1.23652 0)
(3.15791 1.13878 0)
(3.22319 1.13106 0)
(3.28211 1.11208 0)
(3.39471 1.0177 0)
(3.48728 0.871996 0)
(3.53471 0.819143 0)
(3.56949 0.833649 0)
(3.60974 0.796553 0)
(3.70407 0.663641 0)
(3.74329 0.516205 0)
(3.77027 0.498574 0)
(3.79273 0.522959 0)
(3.84332 0.483112 0)
(3.92367 0.363635 0)
(3.94304 0.233886 0)
(3.95341 0.206122 0)
(3.96084 0.219995 0)
(3.9714 0.184233 0)
(4.03103 0.103604 0)
(4.05096 -0.00716593 0)
(4.0528 -0.0527744 0)
(4.06957 -0.0363458 0)
(4.08464 -0.0438899 0)
(4.13834 -0.116654 0)
(4.14845 -0.218692 0)
(4.13769 -0.266248 0)
(4.13644 -0.268284 0)
(4.13438 -0.283545 0)
(4.16625 -0.338326 0)
(4.19075 -0.382635 0)
(4.19692 -0.438628 0)
(4.19343 -0.462007 0)
(4.20718 -0.474202 0)
(4.22381 -0.486636 0)
(4.22998 -0.533649 0)
(4.22569 -0.60255 0)
(4.21606 -0.63109 0)
(4.21844 -0.630032 0)
(4.22829 -0.638008 0)
(4.25756 -0.651906 0)
(4.26962 -0.669065 0)
(4.26884 -0.690784 0)
(4.25922 -0.703984 0)
(4.2488 -0.712637 0)
(4.24667 -0.714776 0)
(4.25053 -0.706561 0)
(4.25173 -0.699931 0)
(4.25072 -0.695578 0)
(4.25105 -0.691721 0)
(4.25581 -0.687808 0)
(4.26174 -0.679806 0)
(4.26499 -0.664345 0)
(4.25636 -0.646301 0)
(4.24535 -0.632263 0)
(4.24309 -0.630022 0)
(4.24107 -0.630481 0)
(4.24143 -0.626556 0)
(4.24384 -0.608236 0)
(4.24314 -0.566996 0)
(4.24168 -0.541649 0)
(4.23584 -0.535924 0)
(4.2238 -0.534641 0)
(4.20701 -0.528017 0)
(4.18535 -0.49895 0)
(4.17475 -0.459858 0)
(4.17126 -0.430886 0)
(4.16718 -0.422913 0)
(4.17176 -0.412675 0)
(4.16509 -0.372622 0)
(4.15153 -0.332545 0)
(4.13807 -0.307254 0)
(4.11628 -0.300115 0)
(4.09634 -0.29537 0)
(4.07437 -0.265816 0)
(4.06462 -0.225995 0)
(4.0634 -0.205612 0)
(4.06578 -0.198486 0)
(4.06542 -0.183035 0)
(4.04633 -0.171538 0)
(4.03404 -0.159836 0)
(4.02252 -0.131001 0)
(4.01894 -0.119398 0)
(4.00761 -0.110856 0)
(3.99808 -0.0952465 0)
(3.99887 -0.0842142 0)
(4.00529 -0.0723513 0)
(4.0025 -0.0557852 0)
(3.99644 -0.0450176 0)
(2.16903 1.47207 0)
(2.26561 1.46258 0)
(2.36484 1.44231 0)
(2.46903 1.41247 0)
(2.55604 1.39309 0)
(2.64376 1.358 0)
(2.7456 1.29856 0)
(2.82336 1.26602 0)
(2.88961 1.24764 0)
(2.98273 1.19203 0)
(3.07615 1.10497 0)
(3.13583 1.06819 0)
(3.17707 1.06518 0)
(3.23531 1.01765 0)
(3.32555 0.917534 0)
(3.37991 0.833307 0)
(3.41939 0.828647 0)
(3.44806 0.828169 0)
(3.51355 0.767325 0)
(3.58409 0.65845 0)
(3.61696 0.588241 0)
(3.64575 0.591918 0)
(3.66144 0.592161 0)
(3.7179 0.520067 0)
(3.76172 0.405002 0)
(3.7745 0.346462 0)
(3.79651 0.360445 0)
(3.81324 0.362698 0)
(3.86895 0.30573 0)
(3.90738 0.208202 0)
(3.91261 0.146266 0)
(3.92637 0.146559 0)
(3.93124 0.155204 0)
(3.94918 0.109845 0)
(3.98358 0.0332362 0)
(3.98155 -0.0334537 0)
(3.9933 -0.0396021 0)
(4.00787 -0.0186986 0)
(4.0301 -0.0348234 0)
(4.0639 -0.102071 0)
(4.06108 -0.17058 0)
(4.05631 -0.192851 0)
(4.05887 -0.184274 0)
(4.05758 -0.189375 0)
(4.07521 -0.224284 0)
(4.09187 -0.260259 0)
(4.09184 -0.301686 0)
(4.09802 -0.316992 0)
(4.11515 -0.306452 0)
(4.12229 -0.298698 0)
(4.12226 -0.340172 0)
(4.10871 -0.396679 0)
(4.10031 -0.421263 0)
(4.11096 -0.415108 0)
(4.12101 -0.406683 0)
(4.14132 -0.418852 0)
(4.15582 -0.441563 0)
(4.15481 -0.469849 0)
(4.15109 -0.483021 0)
(4.14909 -0.49005 0)
(4.14158 -0.499257 0)
(4.13847 -0.506466 0)
(4.13962 -0.50818 0)
(4.14094 -0.517802 0)
(4.14424 -0.538267 0)
(4.1529 -0.548473 0)
(4.15752 -0.546229 0)
(4.15697 -0.545256 0)
(4.1521 -0.548345 0)
(4.14367 -0.560044 0)
(4.14062 -0.564206 0)
(4.13957 -0.562254 0)
(4.1413 -0.556294 0)
(4.14654 -0.554995 0)
(4.15523 -0.556756 0)
(4.1634 -0.554073 0)
(4.15784 -0.546599 0)
(4.1513 -0.536978 0)
(4.14692 -0.527862 0)
(4.14083 -0.522171 0)
(4.13076 -0.511171 0)
(4.11825 -0.489688 0)
(4.11377 -0.466019 0)
(4.11845 -0.431751 0)
(4.12364 -0.389595 0)
(4.12201 -0.373243 0)
(4.11935 -0.366361 0)
(4.09595 -0.335326 0)
(4.08407 -0.289637 0)
(4.08331 -0.274688 0)
(4.08188 -0.267905 0)
(4.06823 -0.219762 0)
(4.07202 -0.180696 0)
(4.08089 -0.17791 0)
(4.07819 -0.159917 0)
(4.06068 -0.13284 0)
(2.17639 1.44754 0)
(2.24861 1.43652 0)
(2.32405 1.42191 0)
(2.39842 1.40547 0)
(2.47446 1.38069 0)
(2.54854 1.35309 0)
(2.61187 1.33512 0)
(2.68036 1.30646 0)
(2.76379 1.25719 0)
(2.8314 1.22082 0)
(2.88183 1.21064 0)
(2.94085 1.17564 0)
(3.01767 1.10338 0)
(3.07203 1.05284 0)
(3.11059 1.0477 0)
(3.15096 1.02485 0)
(3.22477 0.964615 0)
(3.2847 0.886517 0)
(3.32288 0.859479 0)
(3.35098 0.862365 0)
(3.3821 0.827614 0)
(3.44583 0.747969 0)
(3.48298 0.671039 0)
(3.51128 0.658662 0)
(3.53245 0.664878 0)
(3.56977 0.627135 0)
(3.62526 0.548884 0)
(3.6502 0.479437 0)
(3.67218 0.472135 0)
(3.6864 0.481418 0)
(3.71261 0.441793 0)
(3.75571 0.358952 0)
(3.76703 0.291206 0)
(3.78341 0.286153 0)
(3.79716 0.299129 0)
(3.82279 0.270769 0)
(3.86294 0.20759 0)
(3.87389 0.142432 0)
(3.88469 0.123714 0)
(3.8986 0.131299 0)
(3.90161 0.115181 0)
(3.92845 0.0603601 0)
(3.93927 -0.00240676 0)
(3.94134 -0.0333898 0)
(3.95807 -0.0244095 0)
(3.97059 -0.0205119 0)
(3.9998 -0.0581776 0)
(4.01427 -0.11984 0)
(4.01023 -0.162869 0)
(4.01529 -0.172629 0)
(4.02304 -0.173553 0)
(4.02947 -0.202783 0)
(4.04463 -0.234844 0)
(4.05107 -0.275603 0)
(4.04922 -0.299795 0)
(4.0661 -0.298191 0)
(4.08223 -0.302677 0)
(4.09883 -0.347636 0)
(4.09058 -0.398965 0)
(4.08098 -0.418461 0)
(4.07884 -0.420301 0)
(4.08402 -0.437022 0)
(4.10478 -0.454679 0)
(4.11477 -0.473912 0)
(4.11536 -0.491395 0)
(4.1174 -0.500781 0)
(4.1251 -0.510584 0)
(4.12989 -0.524603 0)
(4.12198 -0.540171 0)
(4.12221 -0.552355 0)
(4.12406 -0.559882 0)
(4.12835 -0.562973 0)
(4.13692 -0.561762 0)
(4.14977 -0.561661 0)
(4.15376 -0.563846 0)
(4.15316 -0.566107 0)
(4.14886 -0.5686 0)
(4.14275 -0.570513 0)
(4.14389 -0.567697 0)
(4.14704 -0.56285 0)
(4.1504 -0.557082 0)
(4.15446 -0.549447 0)
(4.15579 -0.546781 0)
(4.15972 -0.543185 0)
(4.16077 -0.535224 0)
(4.153 -0.524625 0)
(4.14903 -0.516558 0)
(4.14609 -0.511721 0)
(4.14264 -0.507854 0)
(4.14034 -0.499667 0)
(4.13594 -0.48106 0)
(4.12958 -0.455592 0)
(4.12607 -0.432203 0)
(4.12198 -0.425572 0)
(4.11402 -0.416914 0)
(4.09749 -0.387791 0)
(2.1999 1.43443 0)
(2.25761 1.42549 0)
(2.31615 1.41448 0)
(2.37809 1.39873 0)
(2.4396 1.38218 0)
(2.49678 1.36622 0)
(2.55834 1.34099 0)
(2.62007 1.31409 0)
(2.67226 1.29804 0)
(2.72829 1.27421 0)
(2.79516 1.23149 0)
(2.85094 1.19457 0)
(2.89142 1.18298 0)
(2.93208 1.16004 0)
(2.99646 1.10923 0)
(3.05257 1.05449 0)
(3.09164 1.04216 0)
(3.12345 1.03529 0)
(3.17531 0.990134 0)
(3.22867 0.918308 0)
(3.2615 0.881112 0)
(3.28644 0.880639 0)
(3.31088 0.86029 0)
(3.36711 0.808648 0)
(3.41186 0.741356 0)
(3.43991 0.712833 0)
(3.46384 0.718166 0)
(3.48195 0.6998 0)
(3.52771 0.634789 0)
(3.55535 0.563914 0)
(3.575 0.544759 0)
(3.59232 0.552154 0)
(3.61428 0.529412 0)
(3.66015 0.474577 0)
(3.68309 0.411471 0)
(3.69916 0.392124 0)
(3.71508 0.401824 0)
(3.7247 0.386151 0)
(3.75955 0.325612 0)
(3.77349 0.260723 0)
(3.78334 0.23973 0)
(3.79789 0.252125 0)
(3.81048 0.244599 0)
(3.84554 0.2013 0)
(3.86196 0.142209 0)
(3.86725 0.113156 0)
(3.88031 0.117561 0)
(3.88499 0.12161 0)
(3.89865 0.0843152 0)
(3.91711 0.0290331 0)
(3.91706 -0.00959118 0)
(3.92937 -0.010246 0)
(3.94123 0.00486566 0)
(3.95805 -0.00966081 0)
(3.98015 -0.0575914 0)
(3.98015 -0.104476 0)
(3.98194 -0.117388 0)
(3.98755 -0.109453 0)
(3.98625 -0.115305 0)
(4.00366 -0.145546 0)
(4.01527 -0.184411 0)
(4.01348 -0.210893 0)
(4.02533 -0.206694 0)
(4.03469 -0.191049 0)
(4.04663 -0.207797 0)
(4.05242 -0.254767 0)
(4.0445 -0.288763 0)
(4.0444 -0.29201 0)
(4.04544 -0.283206 0)
(4.05288 -0.291552 0)
(4.07291 -0.30947 0)
(4.07889 -0.334985 0)
(4.07989 -0.348364 0)
(4.08648 -0.350182 0)
(4.0926 -0.349465 0)
(4.08403 -0.355635 0)
(4.07979 -0.380982 0)
(4.08089 -0.401523 0)
(4.08518 -0.406621 0)
(4.09387 -0.40429 0)
(4.10803 -0.406916 0)
(4.1174 -0.413214 0)
(4.11939 -0.423249 0)
(4.11619 -0.436398 0)
(4.10888 -0.449803 0)
(4.10857 -0.452418 0)
(4.11318 -0.451915 0)
(4.11512 -0.450921 0)
(4.11697 -0.454896 0)
(4.12063 -0.464198 0)
(4.12658 -0.469389 0)
(4.12746 -0.468853 0)
(4.12626 -0.466668 0)
(4.12159 -0.46598 0)
(4.11879 -0.466853 0)
(4.11797 -0.467811 0)
(2.21695 1.44477 0)
(2.26567 1.4358 0)
(2.31509 1.42468 0)
(2.36425 1.4134 0)
(2.41334 1.40059 0)
(2.46561 1.38268 0)
(2.51622 1.36575 0)
(2.56296 1.35074 0)
(2.61571 1.32617 0)
(2.67009 1.29788 0)
(2.71431 1.28248 0)
(2.75775 1.26365 0)
(2.81337 1.22629 0)
(2.86302 1.18938 0)
(2.89975 1.17794 0)
(2.93433 1.16179 0)
(2.98778 1.12214 0)
(3.03867 1.07161 0)
(3.07402 1.05036 0)
(3.09968 1.0458 0)
(3.13264 1.01613 0)
(3.1848 0.959663 0)
(3.22051 0.915473 0)
(3.24848 0.912941 0)
(3.27276 0.905764 0)
(3.31642 0.862285 0)
(3.35612 0.800211 0)
(3.37983 0.768888 0)
(3.39862 0.76872 0)
(3.41178 0.753217 0)
(3.45368 0.709235 0)
(3.48998 0.651889 0)
(3.51176 0.624165 0)
(3.53366 0.630322 0)
(3.55038 0.622436 0)
(3.58505 0.56959 0)
(3.60647 0.506461 0)
(3.61972 0.484666 0)
(3.6327 0.490994 0)
(3.64444 0.477095 0)
(3.68193 0.437289 0)
(3.7064 0.38447 0)
(3.71931 0.357543 0)
(3.73596 0.363073 0)
(3.74364 0.364155 0)
(3.76464 0.32093 0)
(3.78193 0.261393 0)
(3.78797 0.23018 0)
(3.80117 0.235592 0)
(3.80984 0.239048 0)
(3.83598 0.211067 0)
(3.85861 0.164346 0)
(3.86437 0.128981 0)
(3.87497 0.123016 0)
(3.88413 0.128831 0)
(3.88552 0.109993 0)
(3.90506 0.0664274 0)
(3.91023 0.0246803 0)
(3.91718 0.00975788 0)
(3.93151 0.0202978 0)
(3.94321 0.0186004 0)
(3.96637 -0.0141934 0)
(3.9731 -0.0592905 0)
(3.97338 -0.0823252 0)
(3.98016 -0.0831819 0)
(3.98361 -0.087514 0)
(3.99116 -0.114554 0)
(4.00567 -0.139858 0)
(4.00865 -0.170058 0)
(4.01669 -0.179727 0)
(4.03082 -0.170983 0)
(4.0432 -0.180429 0)
(4.05468 -0.220831 0)
(4.05057 -0.257607 0)
(4.04924 -0.269856 0)
(4.04948 -0.272445 0)
(4.05361 -0.286912 0)
(4.07236 -0.302704 0)
(4.08239 -0.322886 0)
(4.08534 -0.340277 0)
(4.09079 -0.350609 0)
(4.09967 -0.356822 0)
(4.10245 -0.364193 0)
(4.09854 -0.391858 0)
(4.0952 -0.421268 0)
(4.09639 -0.428771 0)
(4.10234 -0.426079 0)
(4.11089 -0.428565 0)
(4.12625 -0.439282 0)
(4.13239 -0.451526 0)
(4.13369 -0.457592 0)
(4.13205 -0.462615 0)
(4.12523 -0.46952 0)
(4.12312 -0.475242 0)
(4.13117 -0.476755 0)
(4.13525 -0.477548 0)
)
;

boundaryField
{
    inlet
    {
        type            fixedValue;
        value           uniform (5 0 0);
    }
    outlet
    {
        type            inletOutlet;
        inletValue      nonuniform 0();
        value           nonuniform 0();
    }
    bottom
    {
        type            symmetryPlane;
    }
    top
    {
        type            symmetryPlane;
    }
    obstacle
    {
        type            slip;
    }
    defaultFaces
    {
        type            empty;
    }
    procBoundary0to1
    {
        type            processor;
        value           nonuniform List<vector> 8((3.73086 0.00596948 0) (3.78942 0.00627256 0) (3.88735 0.0109383 0) (3.98818 -0.0371532 0) (4.05653 -0.121896 0) (4.09023 -0.368455 0) (4.11774 -0.468977 0) (4.13897 -0.47817 0));
    }
    procBoundary0to2
    {
        type            processor;
        value           nonuniform List<vector> 
192
(
(5 -9.79901e-18 0)
(5 -4.58135e-18 0)
(5 -8.8484e-17 0)
(5 2.87127e-17 0)
(5 -2.54931e-16 0)
(5 -4.85643e-16 0)
(5 -7.83073e-16 0)
(5 -8.43398e-16 0)
(5 -6.91659e-16 0)
(5 -5.81672e-16 0)
(5 -5.40736e-16 0)
(5 -2.25636e-16 0)
(5 4.36653e-17 0)
(5 4.82906e-16 0)
(5 8.43907e-16 0)
(5 1.6782e-15 0)
(5 1.74766e-15 0)
(5 8.67137e-16 0)
(5 7.35232e-16 0)
(5 1.00729e-15 0)
(5 2.03182e-15 0)
(5 3.39623e-15 0)
(5 4.89025e-15 0)
(5 4.82853e-15 0)
(5 3.91825e-15 0)
(5 3.12003e-15 0)
(5 2.12493e-15 0)
(5 1.69359e-15 0)
(5 1.22971e-15 0)
(5 9.5416e-16 0)
(5 7.13984e-16 0)
(5 7.53739e-16 0)
(5 1.32136e-15 0)
(5 1.98783e-15 0)
(5 8.61377e-16 0)
(5 -6.46921e-16 0)
(5 -1.22564e-15 0)
(5 -1.10592e-15 0)
(5 -3.90269e-16 0)
(5 -3.49661e-16 0)
(5 -1.07889e-15 0)
(5 1.56734e-15 0)
(5 2.21373e-15 0)
(5 2.79153e-15 0)
(5 3.29722e-15 0)
(5 4.43841e-15 0)
(5 5.42775e-15 0)
(5 8.28169e-15 0)
(5 1.06191e-14 0)
(5 1.36589e-14 0)
(5 1.56024e-14 0)
(5 1.37072e-14 0)
(5 1.05214e-14 0)
(5 7.78412e-15 0)
(5 3.28884e-15 0)
(5 2.98168e-15 0)
(5 3.38054e-15 0)
(5 4.21902e-15 0)
(5 3.91957e-15 0)
(5 5.71929e-16 0)
(5 -3.35705e-15 0)
(5 -3.95907e-15 0)
(5 -3.11142e-15 0)
(5 -2.65581e-15 0)
(5 -2.55843e-15 0)
(5 -2.24476e-15 0)
(5 -1.9487e-15 0)
(5 -1.97658e-15 0)
(5 1.12959e-15 0)
(5 4.04904e-12 0)
(5 9.86248e-08 0)
(5.00001 2.5483e-06 0)
(4.99963 0.00211992 0)
(4.99901 0.0244239 0)
(4.61519 0.329883 0)
(3.79163 0.844169 0)
(2.53971 1.35981 0)
(1.89091 1.44326 0)
(1.86029 1.54257 0)
(1.84106 1.54736 0)
(1.87434 1.54181 0)
(1.8821 1.5339 0)
(1.88377 1.52237 0)
(1.89096 1.51347 0)
(1.90099 1.50688 0)
(1.91421 1.5009 0)
(1.93027 1.49578 0)
(1.95036 1.49092 0)
(1.97304 1.48675 0)
(1.99885 1.48287 0)
(2.02743 1.47924 0)
(2.05909 1.47534 0)
(2.09208 1.47114 0)
(2.12631 1.46631 0)
(2.16173 1.46077 0)
(2.2 1.45434 0)
(2.23914 1.44718 0)
(2.28065 1.43864 0)
(2.32346 1.42886 0)
(2.36638 1.41789 0)
(2.4098 1.40511 0)
(2.45292 1.39221 0)
(2.49554 1.37864 0)
(2.53993 1.36136 0)
(2.58352 1.34504 0)
(2.62464 1.33096 0)
(2.66988 1.30961 0)
(2.71742 1.28298 0)
(2.75698 1.26705 0)
(2.79358 1.25198 0)
(2.84066 1.22133 0)
(2.88673 1.18604 0)
(2.9212 1.17211 0)
(2.95043 1.16033 0)
(2.99385 1.12805 0)
(3.03955 1.08341 0)
(3.07238 1.06054 0)
(3.0969 1.05695 0)
(3.12475 1.03553 0)
(3.17136 0.991357 0)
(3.20786 0.947274 0)
(3.23418 0.935876 0)
(3.25247 0.933642 0)
(3.28168 0.901969 0)
(3.32216 0.847119 0)
(3.3467 0.811554 0)
(3.3681 0.812232 0)
(3.38654 0.806497 0)
(3.42369 0.769203 0)
(3.45739 0.716339 0)
(3.47715 0.685796 0)
(3.49423 0.68452 0)
(3.50112 0.677374 0)
(3.52878 0.639693 0)
(3.56012 0.588756 0)
(3.57669 0.558228 0)
(3.59629 0.563153 0)
(3.61193 0.563602 0)
(3.64175 0.525867 0)
(3.66276 0.469632 0)
(3.67172 0.440731 0)
(3.68236 0.442843 0)
(3.68696 0.437852 0)
(3.71076 0.407578 0)
(3.73789 0.367239 0)
(3.74915 0.332284 0)
(3.7652 0.328653 0)
(3.77819 0.337983 0)
(3.7901 0.31652 0)
(3.80719 0.262773 0)
(3.81006 0.223314 0)
(3.81857 0.219689 0)
(3.82604 0.226856 0)
(3.8422 0.210051 0)
(3.86778 0.179325 0)
(3.87774 0.142225 0)
(3.88525 0.126835 0)
(3.89747 0.129345 0)
(3.89869 0.128764 0)
(3.90561 0.0961163 0)
(3.91572 0.0552497 0)
(3.9176 0.0315484 0)
(3.92973 0.0356316 0)
(3.93937 0.0433229 0)
(3.96027 0.026204 0)
(3.9756 -0.0102303 0)
(3.97653 -0.0395689 0)
(3.97943 -0.0457648 0)
(3.98176 -0.0438877 0)
(3.97835 -0.0574097 0)
(3.99149 -0.0788207 0)
(4.00248 -0.105221 0)
(4.00448 -0.125549 0)
(4.01693 -0.123439 0)
(4.02787 -0.113017 0)
(4.03969 -0.126183 0)
(4.04436 -0.163997 0)
(4.03822 -0.192683 0)
(4.03725 -0.195632 0)
(4.03612 -0.192106 0)
(4.04454 -0.203101 0)
(4.06155 -0.213397 0)
(4.07018 -0.233984 0)
(4.07422 -0.246302 0)
(4.08184 -0.251316 0)
(4.08764 -0.252196 0)
(4.07912 -0.254259 0)
(4.0726 -0.27721 0)
(4.07532 -0.30079 0)
(4.07878 -0.309344 0)
(4.08771 -0.306729 0)
(4.09721 -0.306379 0)
)
;
    }
}


// ************************************************************************* //
