/*--------------------------------*- C++ -*----------------------------------*\
  =========                 |
  \\      /  F ield         | OpenFOAM: The Open Source CFD Toolbox
   \\    /   O peration     | Website:  https://openfoam.org
    \\  /    A nd           | Version:  7
     \\/     M anipulation  |
\*---------------------------------------------------------------------------*/
FoamFile
{
    version     2.0;
    format      ascii;
    class       volScalarField;
    location    "1.8";
    object      T;
}
// * * * * * * * * * * * * * * * * * * * * * * * * * * * * * * * * * * * * * //

dimensions      [0 0 0 1 0 0 0];

internalField   nonuniform List<scalar> 
1008
(
1.36336
1.44942
1.51486
1.50327
1.48189
1.47081
1.46871
1.46042
1.44768
1.43147
1.41983
1.41302
1.40974
1.40487
1.39791
1.38688
1.37979
1.37674
1.3751
1.37386
1.37163
1.36945
1.36598
1.36086
1.35731
1.3553
1.35425
1.35387
1.35343
1.35207
1.34952
1.34794
1.34782
1.34798
1.34766
1.34493
1.33925
1.33637
1.33724
1.33934
1.34055
1.33995
1.33444
1.32508
1.3184
1.31247
1.30431
1.29226
1.27733
1.26024
1.24204
1.2253
1.21325
1.20664
1.2031
1.19954
1.19434
1.18814
1.18101
1.17291
1.16251
1.15207
1.13042
1.24686
1.30571
1.39718
1.42812
1.4324
1.43057
1.43026
1.42544
1.4163
1.40575
1.39752
1.39245
1.3905
1.38749
1.38251
1.37424
1.36749
1.36389
1.36083
1.35823
1.35556
1.3529
1.35001
1.34655
1.34395
1.3423
1.3413
1.34094
1.34084
1.34041
1.33924
1.33874
1.3391
1.3399
1.34011
1.33873
1.3343
1.33052
1.33054
1.33263
1.33448
1.33434
1.33059
1.32263
1.31553
1.30985
1.30241
1.29119
1.27681
1.26015
1.24232
1.22594
1.21361
1.20611
1.20194
1.19838
1.19375
1.18814
1.18151
1.17377
1.16379
1.15344
1.1318
1.13636
1.15112
1.22694
1.31108
1.3523
1.36668
1.37098
1.37039
1.36803
1.36273
1.35606
1.35141
1.3465
1.34194
1.33722
1.33053
1.32468
1.32196
1.31953
1.31737
1.31496
1.31127
1.30771
1.30638
1.30667
1.30755
1.30842
1.30905
1.30924
1.30909
1.3092
1.3105
1.31265
1.31453
1.31554
1.31553
1.31411
1.31192
1.31057
1.31023
1.31016
1.30968
1.30769
1.30394
1.29953
1.29441
1.28739
1.27723
1.26462
1.24986
1.23361
1.21861
1.20648
1.19763
1.19167
1.18707
1.18261
1.17786
1.17235
1.16585
1.15729
1.14823
1.12886
1.09862
1.09971
1.1167
1.17649
1.24411
1.28001
1.29363
1.30359
1.30967
1.31447
1.31195
1.30777
1.30335
1.29819
1.29212
1.28493
1.27859
1.27407
1.27146
1.26995
1.26823
1.2649
1.26132
1.26073
1.26163
1.2636
1.26526
1.26611
1.26628
1.26601
1.26611
1.26784
1.27092
1.27356
1.27519
1.27614
1.27652
1.27648
1.27613
1.27522
1.27407
1.27289
1.27159
1.27027
1.26855
1.2655
1.26032
1.25243
1.24265
1.23172
1.21921
1.20628
1.19414
1.18392
1.17592
1.16967
1.16457
1.16015
1.15564
1.15047
1.14364
1.13605
1.11942
1.08256
1.07999
1.08497
1.10651
1.15444
1.19964
1.22759
1.24658
1.25759
1.26724
1.27038
1.27029
1.26873
1.26818
1.26644
1.26273
1.25672
1.25009
1.24304
1.23746
1.23306
1.22822
1.2231
1.22152
1.22175
1.22282
1.22404
1.22454
1.224
1.22315
1.2233
1.22483
1.22724
1.22912
1.23042
1.23147
1.2324
1.23295
1.23295
1.23236
1.23101
1.22984
1.22916
1.22856
1.22744
1.22533
1.22132
1.21535
1.20894
1.20171
1.19434
1.18623
1.17688
1.1669
1.15741
1.14965
1.1439
1.13956
1.13573
1.13158
1.12646
1.12062
1.10681
1.07469
1.07282
1.07453
1.08566
1.11482
1.14355
1.16199
1.18316
1.20512
1.22563
1.2379
1.24362
1.244
1.2437
1.24461
1.24405
1.24166
1.23722
1.23048
1.22408
1.21845
1.21262
1.20665
1.20244
1.19973
1.19791
1.19724
1.19647
1.19404
1.19262
1.19292
1.1936
1.1942
1.19459
1.1948
1.19499
1.19538
1.19588
1.19615
1.19596
1.19456
1.19246
1.19157
1.19104
1.18982
1.18775
1.1842
1.17915
1.17469
1.16965
1.16471
1.15943
1.15337
1.14598
1.13712
1.12945
1.12369
1.11933
1.11582
1.1122
1.1081
1.10341
1.092
1.07349
1.07263
1.07164
1.07644
1.09524
1.1224
1.13064
1.13611
1.14873
1.16799
1.18959
1.2084
1.21977
1.22263
1.22533
1.22893
1.22928
1.22686
1.22141
1.21369
1.21
1.20837
1.20496
1.20046
1.1953
1.18977
1.18472
1.18106
1.17764
1.1754
1.1748
1.17431
1.17302
1.17066
1.16838
1.16686
1.16652
1.16666
1.16726
1.16757
1.16677
1.16414
1.16243
1.16142
1.1598
1.1572
1.15361
1.14903
1.14545
1.1419
1.13799
1.13403
1.13057
1.12619
1.11963
1.11314
1.10766
1.1033
1.10007
1.09681
1.09313
1.08883
1.07889
1.07057
1.07192
1.06915
1.06678
1.07579
1.10242
1.11835
1.12249
1.12186
1.1241
1.13243
1.14798
1.168
1.18697
1.19765
1.20555
1.21348
1.21746
1.21674
1.20991
1.20339
1.20073
1.20018
1.19979
1.19666
1.19071
1.18277
1.17578
1.17138
1.16827
1.1662
1.16422
1.16173
1.15753
1.15215
1.14855
1.1472
1.14678
1.14687
1.14689
1.14622
1.1436
1.14135
1.13998
1.13852
1.13589
1.13248
1.12848
1.12501
1.12181
1.11798
1.11473
1.11212
1.10902
1.10472
1.09999
1.09572
1.09188
1.08885
1.0857
1.08199
1.07756
1.06905
1.04739
1.05768
1.0576
1.05328
1.05615
1.07883
1.1085
1.11638
1.11646
1.113
1.10945
1.10998
1.11657
1.1311
1.14775
1.16435
1.17898
1.19034
1.19869
1.20209
1.19836
1.19292
1.19174
1.19234
1.19147
1.18911
1.18372
1.17601
1.17034
1.16619
1.16287
1.15962
1.15601
1.1506
1.14355
1.13922
1.13711
1.13551
1.13427
1.1331
1.13155
1.12842
1.1258
1.12422
1.12288
1.1208
1.11795
1.11486
1.11162
1.10842
1.1052
1.10145
1.09682
1.09304
1.09069
1.08903
1.08668
1.08342
1.08044
1.07743
1.07384
1.06967
1.06226
0.984459
1.00564
1.02475
1.03315
1.03615
1.05337
1.09024
1.11216
1.11313
1.11042
1.10503
1.09968
1.09907
1.10041
1.10343
1.11036
1.12246
1.13849
1.15593
1.17025
1.17935
1.18267
1.17988
1.17926
1.17985
1.18058
1.17832
1.17462
1.17005
1.16484
1.1601
1.15648
1.15223
1.14646
1.1397
1.1354
1.13269
1.13033
1.12802
1.12572
1.12293
1.11857
1.11504
1.1132
1.11145
1.11045
1.10911
1.10687
1.10397
1.10081
1.09734
1.0929
1.08786
1.0845
1.08204
1.08101
1.08051
1.07893
1.07631
1.07322
1.06992
1.06616
1.05958
0.941417
0.94913
0.96492
0.984752
1.00351
1.01959
1.05461
1.09253
1.10995
1.10854
1.10378
1.09817
1.09373
1.0907
1.08823
1.0847
1.08519
1.08984
1.1009
1.11725
1.13354
1.14508
1.15329
1.15518
1.15741
1.16105
1.16414
1.1645
1.1627
1.15874
1.1537
1.14983
1.14645
1.14213
1.13722
1.13369
1.13111
1.12866
1.12609
1.12311
1.11934
1.11415
1.10962
1.1073
1.10544
1.10483
1.10438
1.10325
1.10083
1.09745
1.09354
1.08889
1.08429
1.08125
1.07834
1.07659
1.07657
1.07676
1.07567
1.07273
1.06952
1.06621
1.06049
0.937385
0.935243
0.934791
0.938528
0.948217
0.959723
0.984067
1.03286
1.07796
1.10258
1.10437
1.10074
1.09425
1.08617
1.07994
1.07655
1.07444
1.073
1.07228
1.07517
1.08074
1.08956
1.09984
1.1102
1.11948
1.12835
1.13649
1.14329
1.14665
1.14627
1.14283
1.13685
1.13467
1.13322
1.13108
1.12926
1.12786
1.12659
1.12437
1.1221
1.1188
1.1141
1.10937
1.10621
1.10425
1.10317
1.10278
1.10274
1.10161
1.09865
1.09431
1.08954
1.08522
1.08224
1.07962
1.07768
1.07727
1.07783
1.07792
1.07623
1.07327
1.07028
1.0653
0.942685
0.93452
0.931765
0.930747
0.92957
0.927711
0.930801
0.952857
1.0061
1.06602
1.09585
1.09851
1.09367
1.08267
1.07305
1.0688
1.06643
1.06511
1.0637
1.0608
1.05692
1.05486
1.05538
1.06055
1.06857
1.07945
1.09209
1.10353
1.11229
1.11905
1.12269
1.12104
1.1179
1.11792
1.11728
1.11603
1.1154
1.11569
1.11723
1.11662
1.11538
1.11323
1.10999
1.10685
1.1046
1.10261
1.102
1.10225
1.10239
1.10126
1.09767
1.09321
1.08911
1.08595
1.08322
1.08072
1.07919
1.07912
1.07925
1.07779
1.07486
1.07127
1.06603
0.954619
0.943801
0.93511
0.929311
0.92578
0.923424
0.921094
0.919539
0.931043
0.980153
1.04896
1.08418
1.08612
1.07891
1.0691
1.06266
1.05904
1.05744
1.05602
1.05278
1.04861
1.04352
1.04063
1.03887
1.03704
1.03825
1.04272
1.05044
1.06038
1.07126
1.08191
1.09035
1.09405
1.09539
1.09798
1.0993
1.09896
1.09985
1.10303
1.10584
1.10607
1.10546
1.10383
1.10165
1.09935
1.09751
1.09637
1.09575
1.09633
1.09657
1.09533
1.09191
1.08795
1.08444
1.08114
1.07809
1.0756
1.07389
1.07345
1.07285
1.07061
1.06717
1.06258
0.96842
0.95567
0.944488
0.936468
0.930575
0.925595
0.920753
0.917288
0.913892
0.918614
0.955992
1.02017
1.05836
1.06901
1.06657
1.06077
1.05506
1.04955
1.04588
1.0433
1.04054
1.0367
1.03324
1.03051
1.02747
1.02359
1.01971
1.01865
1.02035
1.02518
1.03304
1.04311
1.05178
1.05765
1.06255
1.06785
1.07293
1.07678
1.08171
1.08808
1.09261
1.09353
1.09326
1.09206
1.09022
1.08883
1.08753
1.0868
1.08679
1.08731
1.08738
1.08567
1.08208
1.07837
1.07492
1.07165
1.06864
1.06631
1.06544
1.06519
1.0639
1.06117
1.05852
0.981352
0.969981
0.957115
0.946438
0.938409
0.931773
0.925762
0.91983
0.914792
0.90949
0.910261
0.935051
0.988738
1.04104
1.05926
1.05888
1.05286
1.0442
1.0368
1.03361
1.03146
1.0302
1.0282
1.02556
1.02208
1.01688
1.01187
1.00862
1.00619
1.00478
1.00542
1.00766
1.01101
1.01433
1.01801
1.02335
1.03055
1.03907
1.04812
1.05746
1.06593
1.07107
1.07328
1.07421
1.07412
1.07376
1.0732
1.07301
1.07314
1.07364
1.07453
1.07463
1.07288
1.06952
1.06615
1.06269
1.05918
1.05589
1.05379
1.0534
1.05238
1.04984
1.04744
)
;

boundaryField
{
    inlet
    {
        type            fixedValue;
        value           nonuniform 0();
    }
    outlet
    {
        type            inletOutlet;
        inletValue      uniform 1;
        value           nonuniform List<scalar> 
16
(
1.12906
1.13039
1.12776
1.11845
1.10591
1.09129
1.0783
1.06864
1.06198
1.05946
1.06066
1.06562
1.06572
1.06204
1.05781
1.04579
)
;
    }
    bottom
    {
        type            symmetryPlane;
    }
    top
    {
        type            symmetryPlane;
    }
    obstacle
    {
        type            zeroGradient;
    }
    defaultFaces
    {
        type            empty;
    }
    procBoundary1to0
    {
        type            processor;
        value           nonuniform List<scalar> 
14
(
1.29769
1.21849
1.13721
1.10593
1.09043
1.08108
1.073
1.06136
1.0282
0.966048
0.940894
0.940347
0.952986
0.96583
)
;
    }
    procBoundary1to2
    {
        type            processor;
        value           nonuniform List<scalar> 2(0.979099 0.990355);
    }
    procBoundary1to3
    {
        type            processor;
        value           nonuniform List<scalar> 
63
(
0.99024
0.980504
0.96938
0.958035
0.948052
0.939614
0.931815
0.924226
0.917322
0.911412
0.906015
0.904859
0.919123
0.966885
1.02327
1.04666
1.04717
1.03947
1.02966
1.02484
1.02249
1.02248
1.0237
1.02221
1.01892
1.01319
1.00653
1.00209
0.999005
0.996359
0.993617
0.992073
0.991678
0.992238
0.993185
0.994191
0.996807
1.00211
1.00949
1.01748
1.02512
1.032
1.0372
1.04086
1.04355
1.04561
1.04717
1.04826
1.04887
1.04934
1.05047
1.05219
1.05209
1.05005
1.04711
1.04354
1.03949
1.03538
1.0319
1.02967
1.02833
1.02675
1.02412
)
;
    }
}


// ************************************************************************* //
