/*--------------------------------*- C++ -*----------------------------------*\
  =========                 |
  \\      /  F ield         | OpenFOAM: The Open Source CFD Toolbox
   \\    /   O peration     | Website:  https://openfoam.org
    \\  /    A nd           | Version:  7
     \\/     M anipulation  |
\*---------------------------------------------------------------------------*/
FoamFile
{
    version     2.0;
    format      ascii;
    class       volScalarField;
    location    "1.3";
    object      rho;
}
// * * * * * * * * * * * * * * * * * * * * * * * * * * * * * * * * * * * * * //

dimensions      [1 -3 0 0 0 0 0];

internalField   nonuniform List<scalar> 
4608
(
0.859454
0.858531
0.855699
0.852186
0.85206
0.853182
0.855447
0.860187
0.866803
0.868997
0.868921
0.868898
0.869098
0.869868
0.87179
0.874326
0.875185
0.87512
0.874575
0.872157
0.86707
0.864494
0.864145
0.864036
0.865451
0.870295
0.872634
0.872331
0.871337
0.868636
0.863856
0.861714
0.861597
0.861757
0.863185
0.868549
0.877903
0.881524
0.881288
0.88068
0.879972
0.878911
0.877588
0.876672
0.87596
0.874345
0.870293
0.865466
0.864025
0.86396
0.864144
0.865991
0.87158
0.87731
0.878329
0.878262
0.876942
0.872535
0.867169
0.865718
0.865629
0.866566
0.870622
0.878138
0.885645
0.889545
0.890455
0.890955
0.89126
0.891386
0.891303
0.890877
0.88992
0.886645
0.878539
0.873355
0.874008
0.875597
0.878083
0.883908
0.895689
0.903594
0.905971
0.90804
0.909915
0.910753
0.911474
0.912735
0.914549
0.919178
0.928254
0.933504
0.935915
0.938216
0.939807
0.940031
0.939361
0.938164
0.934225
0.930035
0.930305
0.932281
0.935256
0.938967
0.94295
0.94765
0.952617
0.954296
0.954651
0.954204
0.95424
0.955457
0.958132
0.963123
0.969253
0.971297
0.971994
0.972272
0.971431
0.967316
0.958227
0.951264
0.951089
0.952565
0.955292
0.956594
0.95738
0.957933
0.957845
0.957786
0.9584
0.959048
0.95983
0.961242
0.965191
0.974024
0.980555
0.98205
0.982872
0.983597
0.983637
0.979128
0.964436
0.951494
0.950862
0.952556
0.95526
0.958746
0.962335
0.966056
0.97066
0.978347
0.990155
0.997946
1.00111
1.00427
1.00914
1.01456
1.01773
1.02003
1.02094
1.01606
1.01356
1.01632
1.02
1.02467
1.03078
1.03839
1.04636
1.05307
1.05849
1.0637
1.06991
1.07853
1.09063
1.10493
1.11636
1.12232
1.12565
1.12821
1.12903
1.12344
1.11951
1.1211
1.12309
1.12522
1.12798
1.132
1.13798
1.14801
1.1664
1.18835
1.19785
1.20032
1.20188
1.20312
1.2037
1.19992
1.1879
1.1834
1.18524
1.18706
1.18872
1.19061
1.19261
1.19581
1.20423
1.22247
1.23867
1.24218
1.24239
1.24227
1.2415
1.23749
1.22234
1.19943
1.19213
1.19263
1.19365
1.1951
1.19896
1.20996
1.23214
1.24726
1.24765
1.24618
1.24428
1.24045
1.22946
1.2054
1.18682
1.18397
1.18363
1.18349
1.18499
1.1929
1.21117
1.22431
1.22405
1.22207
1.21946
1.21421
1.20092
1.17625
1.15914
1.15569
1.15455
1.15391
1.15497
1.16277
1.17707
1.18483
1.18488
1.1837
1.1803
1.17228
1.15817
1.14422
1.13838
1.13689
1.1362
1.13665
1.14164
1.14848
1.15035
1.15024
1.14861
1.14257
1.13496
1.13239
1.13134
1.13011
1.12974
1.1313
1.13811
1.14609
1.1516
1.15847
1.16975
1.18856
1.2067
1.21397
1.21774
1.2248
1.23285
1.23339
1.2313
1.22653
0.886189
0.883202
0.87833
0.874848
0.874183
0.874316
0.875495
0.878919
0.883119
0.883057
0.881681
0.880908
0.880835
0.881142
0.882703
0.885429
0.886503
0.886614
0.886438
0.884634
0.880272
0.878072
0.87787
0.877921
0.879468
0.884193
0.887137
0.887045
0.886474
0.884481
0.879589
0.876201
0.875836
0.875855
0.876785
0.881069
0.889266
0.893508
0.893701
0.89353
0.893215
0.892467
0.891064
0.889735
0.888795
0.887368
0.884062
0.87957
0.877875
0.877882
0.878226
0.880136
0.885083
0.889162
0.889599
0.889286
0.88776
0.883844
0.878659
0.876925
0.876728
0.877341
0.881242
0.888569
0.894604
0.89769
0.89855
0.899067
0.899501
0.899768
0.899828
0.899734
0.899415
0.898046
0.892873
0.886624
0.886392
0.887799
0.890235
0.895967
0.906551
0.912994
0.914808
0.916457
0.917833
0.918354
0.919342
0.921039
0.923428
0.928462
0.936849
0.941953
0.944327
0.946419
0.94782
0.948154
0.947728
0.946652
0.943354
0.940488
0.941232
0.94351
0.946028
0.949006
0.952456
0.95661
0.960105
0.961107
0.961362
0.960449
0.960182
0.961086
0.963304
0.967656
0.973146
0.975136
0.975895
0.976362
0.976164
0.973742
0.966557
0.959161
0.958403
0.959513
0.962584
0.965459
0.966549
0.967444
0.967744
0.967848
0.969388
0.971436
0.973963
0.977355
0.982868
0.992262
1.00269
1.00996
1.01515
1.01902
1.02202
1.02386
1.02105
1.01216
1.01227
1.01659
1.02343
1.03234
1.04166
1.05074
1.06057
1.0733
1.09006
1.10466
1.11334
1.12061
1.12942
1.13969
1.14624
1.14903
1.1503
1.15171
1.15402
1.15704
1.16114
1.16694
1.17545
1.18691
1.19744
1.20279
1.20566
1.20836
1.21176
1.21663
1.22429
1.23724
1.25282
1.26036
1.26269
1.26406
1.26425
1.25988
1.25103
1.2456
1.24479
1.24532
1.24603
1.24743
1.25001
1.25486
1.2661
1.2861
1.2968
1.29748
1.29745
1.29659
1.2945
1.28947
1.27761
1.26737
1.2668
1.26742
1.26788
1.26833
1.26905
1.27037
1.27397
1.28351
1.29541
1.29867
1.29834
1.2974
1.29601
1.29425
1.29049
1.28038
1.26577
1.25928
1.25875
1.25923
1.2606
1.26387
1.2718
1.28623
1.29552
1.29617
1.29536
1.29412
1.29155
1.2835
1.26621
1.25408
1.25249
1.25259
1.25369
1.25696
1.26517
1.27933
1.28829
1.28892
1.28839
1.28731
1.28363
1.27241
1.25297
1.24219
1.24047
1.24028
1.24183
1.2471
1.25787
1.2697
1.27425
1.2748
1.27476
1.27251
1.26505
1.25135
1.24038
1.23721
1.23658
1.23753
1.24237
1.24951
1.25227
1.2522
1.25143
1.24792
1.23991
1.23247
1.23018
1.22905
1.22822
1.22948
1.23595
1.24634
1.24827
1.24925
1.25588
1.26736
1.2811
1.28862
1.29046
1.29101
1.29558
1.30282
1.30295
1.29753
0.941344
0.937703
0.93152
0.928605
0.928287
0.928235
0.929389
0.930883
0.93047
0.928131
0.923522
0.921419
0.92098
0.921279
0.923585
0.925198
0.925139
0.924603
0.922835
0.918862
0.91592
0.915648
0.915866
0.917046
0.92051
0.924525
0.925007
0.92464
0.924119
0.921693
0.916217
0.913171
0.912888
0.912941
0.913556
0.915503
0.920062
0.926042
0.928937
0.92971
0.930123
0.92984
0.928529
0.926437
0.923308
0.918306
0.913369
0.911875
0.911988
0.912826
0.915418
0.920715
0.925169
0.925835
0.925424
0.923749
0.920136
0.915674
0.913491
0.913006
0.912832
0.913739
0.918764
0.926292
0.929353
0.930072
0.930641
0.931201
0.931538
0.931664
0.93109
0.929333
0.927202
0.924302
0.919971
0.918347
0.919308
0.92142
0.925696
0.933842
0.940285
0.941879
0.942723
0.943154
0.943341
0.944737
0.94695
0.949868
0.954584
0.961624
0.966629
0.969023
0.970679
0.971601
0.971676
0.970234
0.968633
0.966914
0.965558
0.966405
0.968135
0.970033
0.972289
0.975363
0.979729
0.982558
0.983685
0.984307
0.984145
0.983077
0.98344
0.985079
0.988471
0.994059
0.999607
1.0025
1.00439
1.00619
1.00763
1.00727
1.00326
1.00344
1.00658
1.01197
1.02041
1.0308
1.03848
1.0441
1.04991
1.05675
1.06487
1.07416
1.0845
1.09616
1.1095
1.12376
1.13799
1.15184
1.16524
1.17522
1.18093
1.18502
1.18673
1.18941
1.19419
1.20004
1.20742
1.21619
1.22576
1.23604
1.24804
1.26312
1.27986
1.29321
1.30193
1.30963
1.31745
1.32161
1.32317
1.3229
1.3187
1.31487
1.31496
1.31632
1.31817
1.32089
1.32539
1.33281
1.34221
1.34691
1.34727
1.34685
1.34614
1.34608
1.34686
1.35063
1.35918
1.36681
1.36893
1.36949
1.36967
1.36784
1.36183
1.35283
1.34481
1.34076
1.33973
1.33938
1.33921
1.33985
1.34348
1.35439
1.36884
1.37197
1.37097
1.36915
1.36638
1.36173
1.35208
1.33687
1.32949
1.3287
1.32841
1.32825
1.32846
1.33012
1.33538
1.34527
1.34984
1.34922
1.34762
1.34522
1.34251
1.34035
1.33853
1.33601
1.33082
1.32225
1.31611
1.31464
1.31448
1.31524
1.31759
1.32244
1.33064
1.33769
1.33945
1.33942
1.33919
1.3379
1.33233
1.32007
1.31175
1.31098
1.31145
1.31292
1.31613
1.32237
1.33221
1.34064
1.34293
1.3432
1.34299
1.34007
1.33041
1.31653
1.31142
1.31108
1.31188
1.31477
1.32083
1.33095
1.34156
1.34637
1.34766
1.34839
1.34745
1.33996
1.32852
1.32423
1.32362
1.32436
1.32805
1.33507
1.34205
1.34481
1.34545
1.34578
1.34386
1.33678
1.33167
1.3317
1.33223
1.33362
1.33719
1.34607
1.35926
1.36224
1.36329
1.36807
1.3736
1.37887
1.38361
1.38694
1.38949
1.3937
1.40185
1.40375
0.948726
0.951096
0.954419
0.955908
0.958602
0.962197
0.963579
0.963979
0.963987
0.96461
0.964943
0.965164
0.966136
0.970854
0.976205
0.976792
0.97653
0.975256
0.971813
0.967387
0.965933
0.965634
0.96549
0.967509
0.972446
0.972888
0.971622
0.970262
0.968567
0.965584
0.960344
0.955099
0.953499
0.953058
0.952792
0.952703
0.953466
0.957331
0.963498
0.965986
0.965985
0.96548
0.964114
0.960644
0.953086
0.94593
0.944409
0.944432
0.945215
0.948525
0.955937
0.962137
0.963064
0.962753
0.961154
0.956967
0.951137
0.949129
0.94929
0.94973
0.950805
0.954042
0.961025
0.966765
0.96831
0.969096
0.969803
0.969953
0.969478
0.96783
0.964562
0.959806
0.955311
0.953301
0.953583
0.954691
0.957174
0.962547
0.969251
0.973033
0.97464
0.975399
0.975275
0.975257
0.976447
0.978193
0.981396
0.988691
0.997492
1.00088
1.0027
1.00437
1.00581
1.00646
1.00498
1.00127
0.99901
0.999351
1.00115
1.00357
1.00647
1.01017
1.01549
1.02248
1.02746
1.03032
1.03305
1.03584
1.0388
1.04242
1.04742
1.05494
1.06654
1.08096
1.09582
1.10695
1.11399
1.12158
1.12973
1.13744
1.14583
1.15612
1.16828
1.18232
1.19829
1.21518
1.23155
1.245
1.25558
1.26655
1.27985
1.29408
1.30667
1.31858
1.3312
1.34542
1.36242
1.37901
1.3858
1.38748
1.3859
1.38512
1.38715
1.3881
1.3878
1.38805
1.38841
1.38881
1.3903
1.394
1.4012
1.41369
1.42924
1.44036
1.44539
1.44613
1.44574
1.44458
1.44118
1.43422
1.42493
1.41779
1.41515
1.41425
1.41367
1.41368
1.41448
1.41583
1.41824
1.42226
1.42468
1.42442
1.42343
1.42102
1.41817
1.41734
1.41716
1.41872
1.42121
1.42183
1.42178
1.42146
1.41981
1.41595
1.40924
1.40037
1.3944
1.39265
1.3921
1.39195
1.39246
1.3954
1.40445
1.4148
1.41607
1.41472
1.41262
1.40925
1.40268
1.38825
1.37188
1.36737
1.36651
1.36586
1.36563
1.3673
1.37485
1.3858
1.38852
1.38784
1.38605
1.38266
1.37812
1.37467
1.37312
1.37216
1.37094
1.36835
1.36325
1.35805
1.356
1.35549
1.35537
1.35595
1.3583
1.36343
1.37023
1.37403
1.37487
1.37516
1.37493
1.37065
1.36019
1.35442
1.3543
1.355
1.35636
1.35853
1.36312
1.37157
1.37997
1.38287
1.38347
1.38363
1.38114
1.37165
1.36243
1.36109
1.36145
1.36284
1.36557
1.37106
1.38077
1.39063
1.39446
1.39563
1.39645
1.39448
1.38645
1.38255
1.3826
1.38311
1.38435
1.38731
1.39346
1.40172
1.40676
1.40813
1.40902
1.40838
1.40364
1.40285
1.40449
1.40645
1.40915
1.41355
1.42211
1.43554
1.44104
1.44007
1.44154
1.44664
1.45325
1.45838
1.46242
1.46648
1.47241
1.48243
0.929674
0.937675
0.950599
0.957282
0.961289
0.966461
0.9682
0.968454
0.967487
0.968522
0.970665
0.971584
0.972487
0.977568
0.983594
0.985061
0.985144
0.984519
0.982697
0.980429
0.980282
0.981198
0.982323
0.984623
0.989761
0.99446
0.995381
0.995287
0.994697
0.993542
0.991118
0.987083
0.983192
0.981357
0.980851
0.980722
0.981241
0.985
0.992674
0.996025
0.996063
0.99555
0.99362
0.988064
0.979445
0.976415
0.976108
0.976142
0.977989
0.984615
0.992625
0.994666
0.99443
0.993016
0.989482
0.98225
0.975519
0.97459
0.974925
0.975754
0.977551
0.981992
0.989047
0.992326
0.992909
0.993238
0.993289
0.992541
0.989901
0.984527
0.978841
0.977092
0.977424
0.978243
0.979969
0.984531
0.993177
0.998991
1.00058
1.00181
1.00282
1.00341
1.00442
1.0058
1.00744
1.00976
1.0141
1.022
1.02822
1.03086
1.03291
1.03509
1.03748
1.03959
1.03991
1.04196
1.04592
1.05012
1.05545
1.06239
1.07202
1.0861
1.10362
1.11975
1.13254
1.14401
1.15693
1.17112
1.18474
1.19931
1.21519
1.23314
1.25628
1.28457
1.31207
1.32911
1.33983
1.35301
1.36666
1.37648
1.38595
1.39562
1.40566
1.41748
1.43086
1.44583
1.46049
1.47252
1.48009
1.48322
1.48696
1.49131
1.49487
1.49833
1.50296
1.51073
1.52025
1.52294
1.52294
1.52071
1.51599
1.51068
1.50584
1.50166
1.49684
1.49077
1.48444
1.48086
1.47951
1.48054
1.48761
1.50055
1.51312
1.516
1.51512
1.51248
1.50735
1.49992
1.49077
1.48155
1.47445
1.47003
1.46685
1.46346
1.45909
1.45562
1.45422
1.4534
1.45311
1.45474
1.46012
1.46289
1.46216
1.46037
1.4564
1.45115
1.44903
1.44824
1.44756
1.44722
1.44766
1.44803
1.44764
1.44654
1.44423
1.43879
1.42799
1.41884
1.41634
1.41543
1.41491
1.41509
1.41888
1.43017
1.44153
1.44303
1.44178
1.43955
1.43555
1.42508
1.40411
1.3922
1.39078
1.39029
1.39023
1.39197
1.39953
1.41302
1.41888
1.41855
1.41724
1.41419
1.40813
1.40185
1.4001
1.39959
1.39919
1.39862
1.3976
1.39526
1.39088
1.38712
1.38578
1.38525
1.38512
1.38636
1.39143
1.40049
1.40645
1.4077
1.40806
1.40733
1.40074
1.38933
1.38546
1.38543
1.38581
1.3868
1.38907
1.39507
1.40653
1.41569
1.41787
1.41842
1.41828
1.41347
1.4027
1.39783
1.39764
1.3979
1.39882
1.40164
1.40958
1.4228
1.43087
1.43262
1.43346
1.43323
1.42773
1.42291
1.42276
1.42296
1.42317
1.42414
1.42837
1.43857
1.44955
1.45361
1.45464
1.45532
1.45286
1.4507
1.45209
1.45414
1.45646
1.45946
1.46529
1.47811
1.4936
1.50028
1.50071
1.50003
1.49909
1.49932
1.50086
1.50384
1.50891
1.5228
0.8306
0.849732
0.879791
0.898672
0.902459
0.908578
0.918477
0.9227
0.922978
0.926592
0.931963
0.941395
0.948987
0.954485
0.961065
0.966828
0.971689
0.974693
0.976839
0.979043
0.980717
0.982837
0.985267
0.988163
0.992579
0.997805
1.00015
1.0005
1.00046
0.999596
0.997291
0.993419
0.989404
0.987326
0.986543
0.9863
0.986863
0.990789
0.998915
1.00275
1.003
1.00287
1.00154
0.99725
0.991822
0.990328
0.990007
0.990086
0.992793
1.00043
1.00639
1.00733
1.00725
1.00603
1.00248
0.995054
0.98776
0.986277
0.986239
0.986397
0.987571
0.991803
0.999933
1.00446
1.005
1.00513
1.00482
1.00322
0.998848
0.992157
0.989646
0.989964
0.990819
0.992503
0.996499
1.00516
1.01244
1.01436
1.01562
1.01688
1.01755
1.01917
1.02156
1.02443
1.02818
1.0332
1.03954
1.04718
1.05719
1.06954
1.08158
1.09215
1.10289
1.11508
1.12916
1.14579
1.16416
1.18289
1.20171
1.22265
1.24879
1.28223
1.31298
1.33979
1.36319
1.38221
1.40181
1.41786
1.43228
1.44993
1.4616
1.47169
1.48903
1.51179
1.53022
1.54488
1.55097
1.55348
1.55852
1.56071
1.55949
1.55606
1.55643
1.5587
1.56495
1.57886
1.59204
1.59547
1.59493
1.59199
1.58472
1.57535
1.571
1.56983
1.56909
1.56948
1.57389
1.57557
1.57407
1.57088
1.56558
1.55757
1.5471
1.53607
1.52893
1.52557
1.5231
1.52142
1.52278
1.53206
1.54219
1.54317
1.54149
1.53921
1.53501
1.52788
1.51953
1.5134
1.5087
1.50464
1.50147
1.49838
1.49461
1.48932
1.48205
1.47582
1.47301
1.47135
1.47039
1.47154
1.47669
1.47757
1.47616
1.47409
1.46974
1.46204
1.45711
1.45559
1.45478
1.45457
1.45556
1.45641
1.45585
1.45488
1.45343
1.44992
1.44091
1.42879
1.42315
1.42158
1.4209
1.421
1.42419
1.43577
1.45322
1.45911
1.45872
1.45737
1.45388
1.44241
1.41742
1.40164
1.39998
1.39963
1.39952
1.40136
1.40966
1.42612
1.43636
1.43688
1.4356
1.43176
1.42361
1.41616
1.41464
1.41441
1.41452
1.41564
1.41626
1.41593
1.4141
1.40963
1.40536
1.4042
1.40391
1.40427
1.40776
1.41718
1.42729
1.43046
1.43121
1.43146
1.42716
1.41394
1.40582
1.40507
1.40505
1.40565
1.40808
1.41529
1.42961
1.44158
1.44441
1.44489
1.44471
1.44077
1.42922
1.42175
1.42115
1.42131
1.42223
1.42571
1.43613
1.45369
1.46416
1.46594
1.4665
1.46566
1.45856
1.45039
1.44946
1.44989
1.45041
1.45205
1.45852
1.47408
1.49001
1.49464
1.49536
1.49537
1.49061
1.48479
1.48503
1.48642
1.48826
1.49118
1.49855
1.51604
1.53607
1.54299
1.54349
1.54256
1.53637
1.52893
1.52789
1.52884
1.53194
1.54678
0.726291
0.739486
0.756435
0.766019
0.769897
0.77613
0.785199
0.792301
0.80104
0.811892
0.822211
0.834666
0.852797
0.866087
0.875779
0.889344
0.907991
0.920059
0.929913
0.94206
0.946968
0.950092
0.95466
0.959312
0.965217
0.976312
0.987046
0.989775
0.990818
0.991272
0.989612
0.985816
0.98265
0.98225
0.982004
0.981772
0.982725
0.986928
0.995537
1.00101
1.00146
1.00126
1.00012
0.997186
0.993568
0.992455
0.992233
0.992412
0.995301
1.00285
1.00846
1.00958
1.00973
1.00884
1.00552
0.998657
0.991436
0.989248
0.988963
0.988943
0.989615
0.993147
1.00135
1.00806
1.00944
1.00971
1.00969
1.00848
1.00451
0.999156
0.998268
0.999285
1.00125
1.00464
1.01095
1.0212
1.03039
1.03628
1.04033
1.04472
1.05121
1.05985
1.0703
1.08293
1.0982
1.11664
1.13834
1.16256
1.19074
1.22448
1.25656
1.28571
1.3119
1.33336
1.358
1.38713
1.40901
1.4278
1.45076
1.47465
1.49632
1.52357
1.54457
1.55754
1.57373
1.5905
1.59632
1.59558
1.59481
1.59904
1.60292
1.60784
1.61649
1.62731
1.63323
1.6326
1.63052
1.62873
1.62606
1.62005
1.61282
1.60972
1.60842
1.60786
1.6122
1.62418
1.62753
1.62556
1.62258
1.61556
1.60018
1.58242
1.57593
1.57363
1.572
1.57214
1.57854
1.58452
1.58386
1.58161
1.57681
1.56705
1.55458
1.54693
1.54342
1.54163
1.54147
1.54614
1.55696
1.56088
1.55843
1.55445
1.54813
1.53586
1.52095
1.51479
1.51257
1.51111
1.5105
1.50977
1.50804
1.5052
1.50099
1.49391
1.48454
1.47869
1.47559
1.47318
1.47205
1.47398
1.47714
1.47615
1.47389
1.47057
1.46501
1.45601
1.44977
1.44803
1.44721
1.44681
1.44609
1.44507
1.44415
1.44335
1.44242
1.44028
1.4337
1.42388
1.42058
1.41993
1.41972
1.42154
1.4286
1.44176
1.44851
1.44805
1.44721
1.44619
1.44264
1.42974
1.4069
1.39631
1.39535
1.39525
1.39596
1.39943
1.41004
1.42971
1.44305
1.44498
1.44486
1.44336
1.43517
1.41983
1.41409
1.41378
1.41386
1.41533
1.42007
1.42369
1.42369
1.42188
1.4168
1.41368
1.41335
1.41391
1.41778
1.42822
1.43882
1.44153
1.44178
1.4413
1.43619
1.42339
1.41511
1.41422
1.41423
1.4152
1.41922
1.43054
1.44869
1.45877
1.46034
1.46089
1.46019
1.45174
1.43727
1.43157
1.43143
1.43175
1.43334
1.43983
1.45643
1.47689
1.48457
1.4854
1.48582
1.48322
1.47005
1.46021
1.45963
1.46025
1.4616
1.46587
1.47924
1.50198
1.51607
1.51807
1.51838
1.51615
1.50419
1.49504
1.49496
1.49634
1.49886
1.50421
1.51864
1.54444
1.56174
1.56464
1.56565
1.56315
1.55067
1.54069
1.54027
1.5416
1.54533
1.56324
0.718387
0.720626
0.720271
0.719082
0.718024
0.716946
0.713484
0.708113
0.708404
0.711315
0.715599
0.721073
0.728958
0.740501
0.754063
0.769364
0.786879
0.798573
0.807467
0.819318
0.829499
0.839247
0.851549
0.863471
0.875952
0.896025
0.922628
0.931363
0.93352
0.938357
0.944132
0.945523
0.944655
0.947622
0.952562
0.954257
0.957066
0.963122
0.971336
0.982571
0.991667
0.993614
0.993902
0.991278
0.988196
0.988416
0.989075
0.989891
0.992344
0.998154
1.0026
1.00395
1.00405
1.00273
0.999782
0.995292
0.989127
0.985366
0.984495
0.984563
0.985479
0.988774
0.995733
1.00566
1.01238
1.01566
1.01804
1.02028
1.02229
1.0236
1.0277
1.0343
1.04343
1.05607
1.07405
1.09944
1.13021
1.1559
1.17625
1.1981
1.22091
1.24353
1.26856
1.29116
1.31201
1.33616
1.36167
1.38872
1.42178
1.47327
1.50124
1.51333
1.53078
1.53988
1.54743
1.55972
1.57565
1.58672
1.59729
1.61218
1.62332
1.62891
1.63468
1.63962
1.64304
1.64563
1.64512
1.64354
1.63955
1.63844
1.64067
1.64458
1.64944
1.65521
1.65695
1.65389
1.65041
1.64674
1.64136
1.63241
1.6244
1.62219
1.62112
1.62066
1.62451
1.6317
1.63133
1.62741
1.62089
1.60974
1.59246
1.57986
1.57454
1.57163
1.57037
1.5731
1.58017
1.57957
1.57662
1.57299
1.56482
1.54872
1.54013
1.53864
1.53763
1.53738
1.54135
1.54758
1.54656
1.54417
1.54127
1.536
1.52495
1.51011
1.50176
1.49914
1.49774
1.49713
1.4979
1.49814
1.4964
1.49371
1.48961
1.48175
1.4709
1.46597
1.46456
1.46348
1.46289
1.46371
1.46749
1.46991
1.46868
1.46671
1.46388
1.45744
1.44532
1.43784
1.43599
1.43479
1.43404
1.43379
1.4337
1.43327
1.4323
1.42984
1.42416
1.41904
1.4175
1.41675
1.41644
1.41783
1.42405
1.4322
1.43419
1.43357
1.43287
1.4317
1.42774
1.41572
1.39957
1.39422
1.39347
1.39321
1.39441
1.40108
1.41874
1.44166
1.44952
1.44993
1.4497
1.4452
1.42806
1.40896
1.40488
1.40459
1.40456
1.40585
1.41177
1.4219
1.42632
1.42622
1.42439
1.42095
1.42002
1.42063
1.42504
1.43009
1.43146
1.43169
1.43184
1.43182
1.42986
1.42315
1.41731
1.41637
1.41634
1.41785
1.42515
1.44266
1.46021
1.46477
1.4653
1.46451
1.45405
1.43724
1.4324
1.43242
1.43289
1.43415
1.43815
1.45136
1.47566
1.49134
1.49363
1.49415
1.49208
1.47839
1.46201
1.45853
1.45872
1.45963
1.46245
1.47304
1.49879
1.52216
1.52705
1.52806
1.52705
1.51536
1.4976
1.49236
1.4922
1.49313
1.49729
1.50984
1.53684
1.56201
1.56803
1.56879
1.5661
1.55124
1.53688
1.53543
1.53636
1.54028
1.55168
1.57806
0.73897
0.738097
0.735888
0.733546
0.731235
0.727749
0.719663
0.711593
0.710529
0.710481
0.71163
0.71496
0.72052
0.727358
0.732844
0.734948
0.735923
0.736646
0.735127
0.733597
0.735245
0.738421
0.743111
0.749877
0.760686
0.777958
0.794481
0.806235
0.813854
0.817738
0.822646
0.831764
0.839457
0.846918
0.85951
0.873737
0.883214
0.894923
0.910409
0.925786
0.940679
0.954145
0.958183
0.959366
0.962758
0.96634
0.969663
0.973817
0.980012
0.986403
0.988815
0.990624
0.992911
0.995361
0.996181
0.997168
0.998089
0.998448
0.997517
0.996566
0.998383
1.00366
1.01224
1.0263
1.05147
1.08214
1.10564
1.1261
1.14647
1.16778
1.1936
1.21548
1.23402
1.25906
1.2955
1.33427
1.37661
1.41484
1.42596
1.4368
1.45607
1.46888
1.48127
1.48956
1.49247
1.49969
1.5113
1.53332
1.56359
1.59153
1.60581
1.61044
1.61189
1.61094
1.60774
1.60855
1.61374
1.62197
1.63471
1.65142
1.65923
1.66056
1.66075
1.65842
1.65111
1.64325
1.64065
1.63974
1.63862
1.63974
1.64968
1.66239
1.66411
1.6617
1.65704
1.64897
1.63797
1.62531
1.61123
1.60155
1.59901
1.59788
1.5982
1.6018
1.60234
1.60082
1.59811
1.59369
1.58554
1.57076
1.55674
1.55155
1.54911
1.54796
1.55024
1.56071
1.56585
1.56345
1.55967
1.55389
1.54091
1.52386
1.5186
1.51724
1.51652
1.51799
1.52458
1.52916
1.52776
1.52534
1.5215
1.51241
1.49915
1.4928
1.49079
1.48957
1.48979
1.49546
1.50224
1.50194
1.49998
1.49681
1.48953
1.47566
1.46483
1.46145
1.45981
1.45888
1.45939
1.46375
1.46632
1.46497
1.46304
1.46058
1.45609
1.44641
1.43375
1.42861
1.42684
1.4256
1.42527
1.42691
1.42812
1.42725
1.42555
1.42254
1.41901
1.41773
1.41711
1.41672
1.41715
1.42076
1.42573
1.42694
1.42645
1.42567
1.42459
1.42252
1.41716
1.40638
1.39898
1.39801
1.39803
1.39896
1.4024
1.41218
1.43078
1.44353
1.44425
1.4432
1.44083
1.43268
1.41397
1.40104
1.39958
1.39947
1.39973
1.40149
1.40877
1.42434
1.43615
1.43833
1.4383
1.43533
1.42827
1.4249
1.4246
1.42437
1.42509
1.42727
1.42766
1.42724
1.42542
1.42206
1.42059
1.42058
1.42132
1.42498
1.43637
1.45528
1.4652
1.46622
1.46604
1.46017
1.44291
1.43052
1.42915
1.42912
1.42941
1.43209
1.44306
1.46725
1.48948
1.49441
1.49483
1.49328
1.48076
1.45969
1.45121
1.45103
1.45169
1.45427
1.46354
1.48723
1.51753
1.52793
1.52831
1.52635
1.51279
1.48831
1.47794
1.47746
1.47822
1.48216
1.49456
1.52279
1.54861
1.55302
1.55395
1.55258
1.53749
1.51587
1.51091
1.51138
1.51394
1.52404
1.54926
1.56366
0.79939
0.796735
0.793037
0.788659
0.783046
0.772675
0.75862
0.752585
0.750517
0.749134
0.748782
0.750252
0.754024
0.754288
0.752545
0.750757
0.748036
0.740459
0.732752
0.731508
0.731163
0.731109
0.732319
0.73505
0.736763
0.73778
0.73833
0.738684
0.737022
0.730179
0.72747
0.729148
0.732901
0.737793
0.744517
0.756013
0.771006
0.786955
0.807258
0.823038
0.832713
0.843025
0.851474
0.859538
0.870437
0.884495
0.897704
0.911765
0.929758
0.945637
0.953923
0.959792
0.967228
0.977038
0.988435
0.998271
1.01297
1.03442
1.05781
1.08241
1.11239
1.14362
1.17321
1.20841
1.25957
1.30853
1.33935
1.37194
1.40092
1.41387
1.43216
1.44781
1.45425
1.46497
1.48744
1.51974
1.54814
1.56032
1.56199
1.56213
1.5597
1.5503
1.53801
1.53864
1.54355
1.5509
1.5657
1.59009
1.60492
1.60706
1.60893
1.60951
1.60298
1.59409
1.59213
1.59258
1.5947
1.60634
1.62962
1.641
1.64305
1.64358
1.64204
1.63386
1.62103
1.61209
1.60877
1.6081
1.61007
1.62073
1.6386
1.64193
1.639
1.63317
1.62221
1.60773
1.59296
1.58036
1.57324
1.56962
1.5679
1.56835
1.57272
1.57455
1.57266
1.5698
1.56624
1.56034
1.54856
1.53518
1.53027
1.52891
1.52835
1.52936
1.5342
1.54651
1.55631
1.55598
1.55335
1.54681
1.53031
1.51376
1.51044
1.50949
1.50911
1.5125
1.51952
1.52017
1.51823
1.51505
1.50816
1.49519
1.48671
1.4853
1.48503
1.48694
1.49443
1.49988
1.49879
1.49654
1.494
1.4896
1.47925
1.46555
1.45935
1.45698
1.4553
1.45455
1.45627
1.46309
1.46546
1.4634
1.4608
1.4574
1.45158
1.4403
1.42851
1.4243
1.42248
1.42122
1.42076
1.42224
1.4264
1.42829
1.42766
1.42619
1.4233
1.41954
1.41817
1.41761
1.41741
1.4192
1.4231
1.42375
1.4229
1.42171
1.42012
1.41712
1.41019
1.40344
1.40236
1.40239
1.40293
1.40457
1.40959
1.42221
1.4386
1.44361
1.44305
1.44199
1.43876
1.4258
1.40537
1.3976
1.39709
1.39696
1.39758
1.40169
1.41472
1.43565
1.44711
1.44832
1.44823
1.44411
1.43067
1.42222
1.42117
1.42089
1.42141
1.42449
1.42772
1.42823
1.42795
1.42648
1.42587
1.42613
1.42754
1.43319
1.44676
1.45869
1.46123
1.46126
1.45974
1.45136
1.43573
1.42869
1.42814
1.42811
1.4292
1.43566
1.45495
1.48014
1.48829
1.48871
1.48809
1.48032
1.46065
1.44687
1.44549
1.44584
1.4474
1.45369
1.47268
1.50034
1.51134
1.51236
1.51211
1.50586
1.48617
1.47015
1.46797
1.46817
1.46999
1.47888
1.5037
1.52962
1.53529
1.53588
1.53508
1.52414
1.50161
1.49269
1.49291
1.49509
1.5021
1.52022
1.54035
1.54352
0.857934
0.854836
0.850823
0.845135
0.83353
0.814144
0.805316
0.80255
0.80025
0.799151
0.799933
0.801656
0.800257
0.796565
0.791971
0.785185
0.772565
0.757706
0.751832
0.750103
0.749126
0.748934
0.751417
0.75403
0.7535
0.752747
0.752053
0.749258
0.738962
0.727317
0.725162
0.724683
0.724594
0.725945
0.730286
0.738367
0.747826
0.752094
0.753834
0.754997
0.75533
0.753301
0.754348
0.758127
0.764743
0.775393
0.790708
0.809002
0.828041
0.84639
0.864576
0.889306
0.919101
0.954817
0.99998
1.04766
1.1036
1.1621
1.2048
1.24365
1.28639
1.31631
1.3437
1.37767
1.42605
1.45551
1.4727
1.48957
1.49591
1.49826
1.50798
1.5186
1.52626
1.53579
1.54931
1.56377
1.57386
1.57608
1.57531
1.57358
1.56823
1.56173
1.56186
1.56497
1.5704
1.58064
1.5997
1.61313
1.61529
1.61587
1.61536
1.61123
1.60071
1.5946
1.5947
1.59488
1.59581
1.6008
1.60749
1.60855
1.6089
1.60677
1.59711
1.58333
1.57418
1.56853
1.56525
1.56542
1.57282
1.58944
1.59967
1.60141
1.60132
1.59677
1.58338
1.57115
1.56552
1.56376
1.56528
1.56893
1.56912
1.56776
1.56621
1.56447
1.56202
1.55845
1.55342
1.54539
1.53358
1.52495
1.52197
1.5205
1.52039
1.52351
1.53344
1.54347
1.54378
1.54162
1.53785
1.52827
1.51235
1.50535
1.50458
1.50423
1.50642
1.51364
1.51648
1.51541
1.51358
1.50917
1.49934
1.48787
1.48332
1.48166
1.48085
1.48323
1.49242
1.49625
1.49476
1.49305
1.49048
1.4832
1.46789
1.45576
1.45253
1.45111
1.45019
1.45012
1.45376
1.46429
1.47018
1.46889
1.46605
1.46124
1.45043
1.43468
1.42704
1.4246
1.42291
1.42201
1.42291
1.42786
1.43181
1.43178
1.43066
1.42785
1.42265
1.42001
1.41906
1.41829
1.418
1.42057
1.42465
1.42485
1.42387
1.42216
1.41857
1.41065
1.40365
1.40264
1.40274
1.40354
1.40509
1.40851
1.41786
1.43465
1.44593
1.44687
1.44619
1.44328
1.43203
1.41102
1.39819
1.3968
1.39659
1.39689
1.39966
1.4102
1.43248
1.45048
1.45368
1.45397
1.45151
1.4385
1.42226
1.41818
1.41773
1.41746
1.41789
1.42246
1.43135
1.43553
1.43604
1.43511
1.43297
1.43278
1.43352
1.43743
1.44701
1.45538
1.45686
1.45685
1.45507
1.44597
1.43348
1.43019
1.43015
1.43082
1.43412
1.44511
1.46758
1.48399
1.48592
1.48554
1.48144
1.46582
1.44689
1.44236
1.44228
1.44281
1.44659
1.46016
1.48463
1.49862
1.50027
1.5005
1.49675
1.48065
1.46384
1.4605
1.46054
1.46168
1.46809
1.48774
1.51266
1.51927
1.51984
1.51924
1.51047
1.49017
1.47988
1.47966
1.48099
1.48618
1.50151
1.52189
1.52735
1.52636
0.923301
0.918904
0.913371
0.903786
0.886728
0.875466
0.86914
0.86456
0.862609
0.862333
0.863813
0.862509
0.858522
0.853278
0.84606
0.832622
0.817168
0.811031
0.806262
0.802725
0.801421
0.801244
0.799361
0.796499
0.793652
0.79058
0.785279
0.77236
0.758725
0.755619
0.754419
0.753626
0.753511
0.755201
0.760439
0.766578
0.769941
0.772711
0.774968
0.776025
0.780082
0.788587
0.802173
0.821018
0.84522
0.874392
0.902493
0.931453
0.964006
0.993561
1.02746
1.06709
1.10028
1.1332
1.17768
1.20591
1.22943
1.25714
1.27265
1.2882
1.30663
1.32505
1.34309
1.36562
1.38929
1.40052
1.40788
1.41273
1.41461
1.41826
1.42565
1.4387
1.45688
1.47771
1.49782
1.50479
1.5062
1.50647
1.50312
1.49987
1.5017
1.50643
1.51441
1.52499
1.53708
1.55317
1.56396
1.5658
1.56623
1.56252
1.55444
1.5517
1.54873
1.54507
1.54564
1.54843
1.5535
1.55857
1.56012
1.5599
1.5582
1.5549
1.55008
1.55026
1.55244
1.55289
1.55388
1.55805
1.56504
1.57133
1.5739
1.57433
1.57427
1.57244
1.56535
1.55958
1.55864
1.55802
1.55834
1.55846
1.55662
1.55512
1.55437
1.55388
1.55284
1.55071
1.5468
1.53967
1.53082
1.52651
1.5242
1.52258
1.52286
1.52851
1.53826
1.53961
1.53748
1.53421
1.52624
1.51144
1.50158
1.4999
1.49958
1.50116
1.50786
1.51487
1.51508
1.51351
1.50986
1.50105
1.48862
1.48359
1.48205
1.48132
1.48373
1.49064
1.49182
1.48996
1.48824
1.48595
1.48022
1.4677
1.45368
1.4477
1.4458
1.44468
1.44456
1.4485
1.46062
1.47101
1.47108
1.46932
1.46647
1.45872
1.4423
1.43044
1.42717
1.42526
1.4241
1.42464
1.42992
1.43541
1.43516
1.43347
1.43065
1.42535
1.41982
1.41806
1.41713
1.41648
1.41687
1.42174
1.42687
1.42723
1.42636
1.42405
1.41793
1.40734
1.40227
1.40182
1.40177
1.40222
1.40399
1.41082
1.42689
1.44223
1.44543
1.44524
1.44339
1.43444
1.41443
1.39958
1.39751
1.39731
1.39765
1.40034
1.40935
1.42838
1.44858
1.45355
1.45326
1.45039
1.43841
1.42073
1.41513
1.41462
1.41434
1.41448
1.41667
1.42568
1.43776
1.44163
1.44188
1.44077
1.43641
1.4347
1.43468
1.43494
1.43644
1.44213
1.44583
1.44559
1.44418
1.43942
1.43248
1.43056
1.43085
1.43235
1.43781
1.45156
1.46689
1.47082
1.47074
1.46965
1.46282
1.4477
1.4395
1.43913
1.4395
1.44189
1.45114
1.47176
1.48666
1.48851
1.48885
1.48605
1.47131
1.4551
1.4524
1.45282
1.45425
1.45933
1.47521
1.49696
1.50328
1.50378
1.50315
1.4951
1.47676
1.46772
1.46762
1.46888
1.47315
1.48592
1.50466
1.51055
1.51094
1.50809
0.984048
0.9779
0.967718
0.948396
0.935662
0.931271
0.925162
0.921087
0.919949
0.920855
0.920049
0.916232
0.910908
0.903215
0.888071
0.870154
0.864399
0.860387
0.855831
0.853521
0.85299
0.851258
0.848304
0.844783
0.839686
0.828641
0.810987
0.80399
0.803723
0.804314
0.807088
0.815554
0.82569
0.834322
0.845072
0.857807
0.867169
0.878657
0.893237
0.919227
0.948173
0.978882
1.03032
1.06109
1.08637
1.12281
1.13527
1.15097
1.17865
1.1932
1.20853
1.23392
1.26381
1.26887
1.27123
1.27298
1.27047
1.26343
1.2612
1.26079
1.26196
1.26838
1.27964
1.28287
1.28089
1.27685
1.2694
1.26323
1.26145
1.26197
1.26594
1.27443
1.28904
1.29864
1.29901
1.29677
1.30026
1.30478
1.30926
1.3155
1.3249
1.3385
1.36061
1.38864
1.39815
1.39818
1.40092
1.40447
1.40851
1.4122
1.41598
1.42463
1.4389
1.45452
1.47048
1.48143
1.48608
1.48783
1.48813
1.49216
1.49788
1.50386
1.51287
1.52947
1.55227
1.56573
1.57112
1.57382
1.57317
1.5693
1.56513
1.56249
1.56127
1.56275
1.56391
1.56444
1.56599
1.56482
1.56147
1.55748
1.55312
1.55042
1.54945
1.54911
1.54801
1.5455
1.54133
1.53568
1.53297
1.53203
1.53148
1.53195
1.53596
1.54187
1.54186
1.53916
1.53444
1.52612
1.51338
1.50347
1.50134
1.50039
1.50037
1.50406
1.50931
1.50856
1.50563
1.5015
1.49517
1.48687
1.4831
1.48182
1.48162
1.48509
1.48899
1.48819
1.48659
1.48549
1.48375
1.47789
1.46583
1.4544
1.44786
1.44495
1.44353
1.44322
1.44632
1.45746
1.46933
1.47045
1.469
1.4671
1.46272
1.45067
1.43437
1.42817
1.42644
1.42566
1.42739
1.43091
1.43092
1.42938
1.42749
1.42517
1.4217
1.4172
1.41471
1.41336
1.41228
1.41197
1.41573
1.42321
1.4256
1.42523
1.42416
1.42069
1.41155
1.40312
1.40166
1.40149
1.40183
1.40342
1.4079
1.41978
1.43636
1.44235
1.44208
1.4408
1.43529
1.42004
1.40127
1.39564
1.39504
1.39475
1.39664
1.40682
1.42715
1.43999
1.4411
1.44063
1.43823
1.43011
1.41537
1.40693
1.40596
1.40584
1.40628
1.40986
1.42167
1.43948
1.44788
1.44882
1.4478
1.44163
1.43404
1.43222
1.43169
1.43121
1.43167
1.43572
1.44178
1.44341
1.44332
1.44045
1.43549
1.43405
1.43388
1.43471
1.44042
1.45209
1.45849
1.45911
1.45876
1.45437
1.44181
1.43444
1.43442
1.43525
1.43761
1.44424
1.45975
1.47216
1.47415
1.4744
1.47285
1.46213
1.44617
1.44215
1.44264
1.44412
1.44887
1.46344
1.4825
1.48778
1.48826
1.4878
1.48073
1.46398
1.45537
1.45516
1.45623
1.46017
1.47203
1.48851
1.49335
1.49383
1.49353
1.48651
1.04274
1.03167
1.01088
0.994008
0.990687
0.986037
0.979929
0.977257
0.977324
0.976914
0.973214
0.967549
0.95952
0.944517
0.92536
0.920286
0.918727
0.914306
0.911447
0.91132
0.913593
0.914565
0.912926
0.910902
0.907454
0.89962
0.899827
0.908486
0.924748
0.945837
0.973333
1.00722
1.03849
1.07516
1.09571
1.11156
1.1449
1.16816
1.19253
1.23588
1.26324
1.28741
1.3175
1.32243
1.31934
1.32298
1.32061
1.32253
1.32973
1.33893
1.3479
1.35141
1.34966
1.34453
1.33431
1.31882
1.30661
1.30049
1.29632
1.29413
1.29395
1.28897
1.28179
1.27514
1.26564
1.2479
1.23299
1.22966
1.22853
1.22785
1.22798
1.22728
1.22416
1.22022
1.21364
1.20349
1.19876
1.19724
1.1963
1.19694
1.20186
1.21019
1.21956
1.22484
1.22556
1.22393
1.21823
1.21897
1.22448
1.23373
1.24564
1.26165
1.28593
1.31748
1.33678
1.34307
1.34738
1.35542
1.36784
1.38103
1.39412
1.41092
1.43518
1.4695
1.50976
1.53213
1.53942
1.54181
1.54167
1.53971
1.53601
1.54018
1.55161
1.56511
1.57751
1.58396
1.58395
1.58004
1.57137
1.55926
1.55429
1.55379
1.55535
1.55933
1.55865
1.55425
1.54793
1.54028
1.53619
1.53541
1.53705
1.54207
1.54695
1.54619
1.54169
1.5339
1.52102
1.50534
1.5
1.49926
1.49885
1.50018
1.50507
1.50668
1.50376
1.49833
1.49091
1.48365
1.48106
1.48018
1.47982
1.48254
1.48782
1.48685
1.48443
1.48277
1.48166
1.47911
1.47253
1.46213
1.45278
1.44847
1.44655
1.44557
1.4462
1.451
1.45821
1.46023
1.4588
1.457
1.45501
1.45205
1.44587
1.43535
1.42886
1.42732
1.42657
1.42777
1.4316
1.43147
1.42953
1.42743
1.4244
1.41953
1.41603
1.41453
1.41334
1.41247
1.41243
1.41633
1.42392
1.42643
1.42585
1.42473
1.42261
1.41822
1.40923
1.40067
1.39864
1.39808
1.3978
1.39985
1.41012
1.42426
1.42863
1.42826
1.42697
1.42318
1.41288
1.39918
1.39459
1.39429
1.39445
1.39625
1.40384
1.42182
1.43728
1.43904
1.438
1.43496
1.42439
1.40658
1.3986
1.398
1.39822
1.39954
1.40327
1.41492
1.4345
1.4421
1.44202
1.43998
1.43081
1.41765
1.41374
1.41355
1.41369
1.41556
1.42162
1.43021
1.43303
1.43284
1.43133
1.42604
1.42151
1.42084
1.42075
1.422
1.42846
1.43867
1.4426
1.44286
1.44251
1.43847
1.42939
1.42475
1.42456
1.42557
1.43136
1.44609
1.45777
1.45979
1.45996
1.45894
1.4514
1.43738
1.43204
1.43228
1.4338
1.43806
1.45032
1.46635
1.47121
1.47172
1.47154
1.46636
1.45238
1.4444
1.44429
1.44547
1.4486
1.45812
1.47135
1.47559
1.47598
1.47574
1.47156
1.4632
1.09421
1.0714
1.05005
1.046
1.04333
1.03701
1.0325
1.03135
1.03129
1.02885
1.02436
1.01631
1.00016
0.9833
0.980452
0.980468
0.981792
0.987741
0.994892
1.00426
1.02077
1.0363
1.04348
1.05677
1.07888
1.10253
1.13704
1.17764
1.2164
1.27229
1.31295
1.33357
1.36898
1.38553
1.38345
1.39517
1.40779
1.42211
1.44382
1.46191
1.46846
1.4689
1.46469
1.44978
1.43124
1.42196
1.41691
1.41387
1.41631
1.42282
1.41878
1.41053
1.39938
1.38211
1.3556
1.3377
1.33295
1.32978
1.3248
1.3176
1.31081
1.30427
1.2967
1.28666
1.27014
1.24831
1.23905
1.23519
1.23187
1.22981
1.22765
1.22505
1.22234
1.21822
1.20943
1.19645
1.19107
1.18928
1.18797
1.18749
1.1894
1.19329
1.19303
1.19161
1.18775
1.1769
1.16585
1.16317
1.16225
1.16161
1.16186
1.16571
1.17389
1.17954
1.18088
1.18138
1.17959
1.1808
1.18675
1.19771
1.21088
1.22653
1.25033
1.28408
1.30593
1.31961
1.33842
1.35371
1.36674
1.38445
1.40891
1.43018
1.4547
1.48632
1.52098
1.53923
1.54082
1.53612
1.5301
1.53415
1.54226
1.55221
1.56594
1.57379
1.57256
1.56617
1.55099
1.53449
1.53199
1.5325
1.53544
1.54065
1.53972
1.53237
1.5214
1.50781
1.4914
1.48453
1.48445
1.48558
1.4896
1.49882
1.50443
1.50213
1.49643
1.48712
1.47847
1.47684
1.47713
1.47839
1.48143
1.48738
1.48701
1.48341
1.48082
1.47789
1.47282
1.46419
1.45553
1.45174
1.45023
1.4493
1.45048
1.45604
1.46228
1.46272
1.46097
1.45874
1.45595
1.45207
1.4465
1.43875
1.43084
1.42736
1.42651
1.42654
1.42957
1.43433
1.43441
1.43261
1.43036
1.42677
1.42054
1.41577
1.41417
1.41307
1.41229
1.41292
1.41731
1.41928
1.41821
1.4165
1.41443
1.41131
1.40575
1.39934
1.39748
1.39685
1.3963
1.39619
1.39731
1.40336
1.41557
1.422
1.42195
1.42094
1.41663
1.40567
1.39276
1.38814
1.38757
1.38741
1.38924
1.39789
1.41359
1.42274
1.42361
1.42321
1.42161
1.41576
1.40237
1.39146
1.38942
1.38913
1.38944
1.39293
1.40529
1.42147
1.42601
1.426
1.425
1.41943
1.40668
1.39882
1.39782
1.39761
1.39851
1.40336
1.41521
1.42472
1.4259
1.42558
1.4235
1.41761
1.41231
1.41154
1.41206
1.41444
1.41982
1.42545
1.42692
1.42699
1.42538
1.42131
1.42017
1.42035
1.42092
1.42375
1.43136
1.4397
1.44245
1.44275
1.44236
1.43784
1.4278
1.4231
1.4233
1.42452
1.4274
1.43648
1.44851
1.45262
1.45306
1.45291
1.44917
1.43921
1.43348
1.43361
1.43489
1.4382
1.44748
1.45638
1.45814
1.45837
1.45776
1.45343
1.44679
1.44689
1.13075
1.10646
1.10179
1.10133
1.09755
1.09281
1.09267
1.09662
1.09811
1.09631
1.09364
1.08598
1.08318
1.09194
1.11052
1.13454
1.16613
1.21235
1.24542
1.28225
1.3132
1.33687
1.37132
1.39617
1.42404
1.4707
1.50598
1.53258
1.56479
1.5789
1.57597
1.57461
1.56949
1.55806
1.55571
1.55706
1.55955
1.56711
1.57387
1.57005
1.56128
1.54557
1.51974
1.49467
1.48326
1.47686
1.47288
1.47388
1.47018
1.46215
1.45488
1.446
1.42836
1.39971
1.3803
1.37338
1.36894
1.36624
1.36468
1.36006
1.35445
1.34795
1.33707
1.3141
1.29531
1.29079
1.28711
1.28386
1.28091
1.27806
1.27519
1.27183
1.26757
1.25989
1.24493
1.22949
1.22479
1.22257
1.22041
1.21676
1.21291
1.20947
1.20587
1.20107
1.1915
1.17532
1.1665
1.16429
1.16305
1.16261
1.16394
1.16717
1.16946
1.16877
1.16724
1.16481
1.15807
1.15068
1.14814
1.14641
1.145
1.14511
1.15077
1.15596
1.15661
1.15594
1.15413
1.15661
1.16482
1.17593
1.19143
1.2162
1.24443
1.27112
1.29907
1.33357
1.35672
1.3731
1.39178
1.41628
1.4451
1.46662
1.49253
1.51263
1.51688
1.51703
1.51371
1.51534
1.52144
1.52593
1.53219
1.53521
1.52874
1.51635
1.50286
1.49103
1.48147
1.47932
1.48097
1.48426
1.48956
1.49712
1.49589
1.49071
1.48568
1.47897
1.47367
1.47292
1.47274
1.47326
1.47614
1.47637
1.47296
1.46984
1.46694
1.46239
1.45572
1.45145
1.45057
1.45005
1.45071
1.45654
1.46387
1.46427
1.46229
1.45986
1.45557
1.45043
1.44643
1.44245
1.43704
1.43039
1.42618
1.42476
1.42454
1.42589
1.43001
1.43281
1.43189
1.43054
1.42879
1.42566
1.41962
1.41412
1.41214
1.41117
1.4109
1.41371
1.4173
1.41632
1.41436
1.41206
1.40871
1.40318
1.39483
1.38975
1.38853
1.38786
1.38777
1.39161
1.40223
1.40945
1.40991
1.40901
1.40689
1.40147
1.39086
1.38343
1.38228
1.38198
1.38204
1.38428
1.3926
1.40569
1.41013
1.4101
1.40997
1.40823
1.40199
1.39077
1.38373
1.38251
1.38215
1.38237
1.38582
1.39732
1.41086
1.41348
1.41325
1.41221
1.40607
1.39308
1.38579
1.38504
1.38487
1.38483
1.38716
1.39542
1.40388
1.40592
1.40595
1.40505
1.40086
1.396
1.39552
1.39633
1.3976
1.40116
1.40876
1.41331
1.41389
1.41398
1.41157
1.40654
1.4053
1.40574
1.40732
1.4115
1.41935
1.42338
1.4238
1.42372
1.4209
1.41482
1.41277
1.41305
1.41402
1.41827
1.42775
1.43362
1.43455
1.4348
1.43381
1.42823
1.42163
1.42073
1.42154
1.42328
1.42835
1.43746
1.44134
1.442
1.44226
1.44078
1.43523
1.43232
1.43275
1.43564
)
;

boundaryField
{
    inlet
    {
        type            calculated;
        value           nonuniform 0();
    }
    outlet
    {
        type            calculated;
        value           nonuniform List<scalar> 
16
(
1.22759
1.29894
1.40505
1.48304
1.52326
1.54658
1.56214
1.57631
1.56313
1.54335
1.52661
1.50864
1.48744
1.46385
1.44678
1.43546
)
;
    }
    bottom
    {
        type            symmetryPlane;
    }
    top
    {
        type            symmetryPlane;
    }
    obstacle
    {
        type            calculated;
        value           nonuniform List<scalar> 
288
(
0.859454
0.858531
0.855699
0.852186
0.85206
0.853182
0.855447
0.860187
0.866803
0.868997
0.868921
0.868898
0.869098
0.869868
0.87179
0.874326
0.875185
0.87512
0.874575
0.872157
0.86707
0.864494
0.864145
0.864036
0.865451
0.870295
0.872634
0.872331
0.871337
0.868636
0.863856
0.861714
0.861597
0.861757
0.863185
0.868549
0.877903
0.881524
0.881288
0.88068
0.879972
0.878911
0.877588
0.876672
0.87596
0.874345
0.870293
0.865466
0.864025
0.86396
0.864144
0.865991
0.87158
0.87731
0.878329
0.878262
0.876942
0.872535
0.867169
0.865718
0.865629
0.866566
0.870622
0.878138
0.885645
0.889545
0.890455
0.890955
0.89126
0.891386
0.891303
0.890877
0.88992
0.886645
0.878539
0.873355
0.874008
0.875597
0.878083
0.883908
0.895689
0.903594
0.905971
0.90804
0.909915
0.910753
0.911474
0.912735
0.914549
0.919178
0.928254
0.933504
0.935915
0.938216
0.939807
0.940031
0.939361
0.938164
0.934225
0.930035
0.930305
0.932281
0.935256
0.938967
0.94295
0.94765
0.952617
0.954296
0.954651
0.954204
0.95424
0.955457
0.958132
0.963123
0.969253
0.971297
0.971994
0.972272
0.971431
0.967316
0.958227
0.951264
0.951089
0.952565
0.955292
0.956594
0.95738
0.957933
0.957845
0.957786
0.9584
0.959048
0.95983
0.961242
0.965191
0.974024
0.980555
0.98205
0.982872
0.983597
0.983637
0.979128
0.964436
0.951494
0.950862
0.952556
0.95526
0.958746
0.962335
0.966056
0.97066
0.978347
0.990155
0.997946
1.00111
1.00427
1.00914
1.01456
1.01773
1.02003
1.02094
1.01606
1.01356
1.01632
1.02
1.02467
1.03078
1.03839
1.04636
1.05307
1.05849
1.0637
1.06991
1.07853
1.09063
1.10493
1.11636
1.12232
1.12565
1.12821
1.12903
1.12344
1.11951
1.1211
1.12309
1.12522
1.12798
1.132
1.13798
1.14801
1.1664
1.18835
1.19785
1.20032
1.20188
1.20312
1.2037
1.19992
1.1879
1.1834
1.18524
1.18706
1.18872
1.19061
1.19261
1.19581
1.20423
1.22247
1.23867
1.24218
1.24239
1.24227
1.2415
1.23749
1.22234
1.19943
1.19213
1.19263
1.19365
1.1951
1.19896
1.20996
1.23214
1.24726
1.24765
1.24618
1.24428
1.24045
1.22946
1.2054
1.18682
1.18397
1.18363
1.18349
1.18499
1.1929
1.21117
1.22431
1.22405
1.22207
1.21946
1.21421
1.20092
1.17625
1.15914
1.15569
1.15455
1.15391
1.15497
1.16277
1.17707
1.18483
1.18488
1.1837
1.1803
1.17228
1.15817
1.14422
1.13838
1.13689
1.1362
1.13665
1.14164
1.14848
1.15035
1.15024
1.14861
1.14257
1.13496
1.13239
1.13134
1.13011
1.12974
1.1313
1.13811
1.14609
1.1516
1.15847
1.16975
1.18856
1.2067
1.21397
1.21774
1.2248
1.23285
1.23339
1.2313
1.22653
)
;
    }
    defaultFaces
    {
        type            empty;
    }
    procBoundary1to0
    {
        type            processor;
        value           nonuniform List<scalar> 8(0.85956 0.887151 0.942692 0.948888 0.925355 0.815463 0.715403 0.715721);
    }
    procBoundary1to2
    {
        type            processor;
        value           nonuniform List<scalar> 8(0.739184 0.800735 0.859065 0.925617 0.987839 1.04875 1.10549 1.15517);
    }
    procBoundary1to3
    {
        type            processor;
        value           nonuniform List<scalar> 
288
(
1.17639
1.17403
1.17545
1.1818
1.19101
1.20133
1.22162
1.25312
1.26522
1.28372
1.30916
1.33217
1.37299
1.41249
1.45542
1.51898
1.56618
1.60938
1.64477
1.64989
1.64884
1.65288
1.65653
1.66624
1.68658
1.71461
1.73096
1.73293
1.72973
1.71431
1.68176
1.65435
1.64484
1.63859
1.63426
1.63689
1.64204
1.63565
1.62634
1.61406
1.59401
1.56031
1.53349
1.52612
1.52113
1.51753
1.51677
1.5143
1.50825
1.50176
1.49327
1.47586
1.44508
1.4283
1.42316
1.41876
1.41668
1.41642
1.41292
1.40802
1.402
1.39175
1.37032
1.35109
1.34605
1.34305
1.34097
1.33976
1.33651
1.33231
1.32813
1.3233
1.314
1.29593
1.28495
1.28042
1.2756
1.27073
1.26694
1.26318
1.25908
1.2543
1.24796
1.23694
1.22068
1.21284
1.20879
1.20487
1.20167
1.19923
1.19676
1.19363
1.18996
1.18559
1.17997
1.17112
1.15856
1.15024
1.1476
1.14616
1.14433
1.14321
1.14284
1.14167
1.13876
1.13254
1.12694
1.12511
1.12368
1.12238
1.12222
1.1252
1.13131
1.13712
1.13909
1.14276
1.1506
1.16526
1.18346
1.20367
1.23131
1.2711
1.30673
1.33477
1.36725
1.39916
1.41315
1.42827
1.44746
1.46474
1.47971
1.49226
1.49679
1.49844
1.49825
1.49419
1.49275
1.49506
1.49675
1.4973
1.50128
1.49891
1.4913
1.48584
1.48099
1.47515
1.47286
1.4723
1.47173
1.47275
1.47088
1.46668
1.46299
1.45921
1.45346
1.44762
1.4455
1.44455
1.44388
1.44612
1.45351
1.45538
1.45326
1.4511
1.44777
1.44146
1.43704
1.43594
1.43493
1.43262
1.43009
1.42747
1.42338
1.41895
1.41721
1.41645
1.41608
1.41802
1.42226
1.42212
1.42047
1.41803
1.41297
1.40549
1.40268
1.40192
1.40256
1.40529
1.40513
1.40382
1.40233
1.39988
1.39451
1.3871
1.38416
1.38327
1.38267
1.38277
1.3868
1.39741
1.40568
1.40583
1.40444
1.40205
1.39495
1.38066
1.37213
1.37065
1.37018
1.37007
1.37174
1.37887
1.3904
1.39516
1.39515
1.39429
1.39112
1.38263
1.37379
1.37166
1.37151
1.37151
1.3726
1.37909
1.3926
1.3991
1.39866
1.39788
1.3959
1.38896
1.37728
1.37188
1.37138
1.3716
1.37352
1.37921
1.38772
1.39112
1.39155
1.39165
1.39004
1.38494
1.38161
1.38147
1.38205
1.3851
1.39243
1.39732
1.39798
1.3982
1.39773
1.39431
1.39014
1.38963
1.39039
1.39253
1.39818
1.40486
1.40654
1.40679
1.40645
1.40262
1.39836
1.39816
1.39907
1.40243
1.41036
1.41638
1.41761
1.41804
1.41816
1.41593
1.40915
1.40503
1.40529
1.40675
1.41006
1.41771
1.42371
1.42513
1.42571
1.42602
1.42437
1.42026
1.41984
1.4208
1.4226
1.42843
)
;
    }
}


// ************************************************************************* //
