/*--------------------------------*- C++ -*----------------------------------*\
  =========                 |
  \\      /  F ield         | OpenFOAM: The Open Source CFD Toolbox
   \\    /   O peration     | Website:  https://openfoam.org
    \\  /    A nd           | Version:  7
     \\/     M anipulation  |
\*---------------------------------------------------------------------------*/
FoamFile
{
    version     2.0;
    format      ascii;
    class       volScalarField;
    location    "3.7";
    object      p;
}
// * * * * * * * * * * * * * * * * * * * * * * * * * * * * * * * * * * * * * //

dimensions      [1 -1 -2 0 0 0 0];

internalField   nonuniform List<scalar> 
4608
(
25.7863
5.28656
3.44921
3.44355
3.44071
3.44039
3.44328
3.45026
3.45833
3.46389
3.46592
3.46398
3.46085
3.45857
3.45901
3.46308
3.47377
3.48395
3.49027
3.4929
3.49215
3.49008
3.48864
3.48895
3.4941
3.50314
3.51227
3.51983
3.52267
3.52322
3.52377
3.5258
3.53031
3.53727
3.54496
3.5519
3.55785
3.56271
3.56785
3.57377
3.58006
3.58532
3.58921
3.5923
3.59606
3.60229
3.61114
3.6205
3.62829
3.63442
3.64011
3.64651
3.65399
3.66243
3.67134
3.6804
3.68948
3.69764
3.70362
3.70698
3.70874
3.71148
3.71968
3.73436
3.75292
3.77147
3.78764
3.80119
3.81315
3.82462
3.83402
3.84038
3.84518
3.85063
3.85808
3.8681
3.87997
3.89061
3.89769
3.90221
3.90624
3.91148
3.91984
3.93118
3.94217
3.95007
3.95477
3.95651
3.95619
3.95702
3.96045
3.96573
3.97097
3.97496
3.977
3.97815
25.7838
5.28658
3.44914
3.44347
3.44065
3.44033
3.44325
3.45028
3.45838
3.46393
3.46588
3.46391
3.46061
3.45828
3.45868
3.46275
3.47356
3.4839
3.49023
3.49283
3.49202
3.4898
3.48834
3.4886
3.49376
3.50273
3.51179
3.51934
3.52226
3.52299
3.52363
3.52567
3.5301
3.53691
3.54453
3.55154
3.55765
3.56269
3.56771
3.57342
3.5795
3.58459
3.58832
3.59139
3.59531
3.60184
3.6111
3.62088
3.62896
3.63515
3.64059
3.64642
3.65322
3.66115
3.66994
3.67931
3.68895
3.69756
3.70359
3.70662
3.70775
3.71015
3.71842
3.73357
3.75275
3.77181
3.78822
3.80171
3.81342
3.82442
3.83322
3.83925
3.84366
3.84888
3.8566
3.8673
3.87978
3.89065
3.89751
3.90141
3.90485
3.91016
3.91919
3.93113
3.94223
3.94967
3.95358
3.95494
3.95494
3.95629
3.96017
3.96555
3.97048
3.974
3.97565
3.97669
25.7808
5.28611
3.44902
3.44332
3.44053
3.4402
3.44317
3.45028
3.45841
3.46394
3.46577
3.46371
3.46022
3.45784
3.4582
3.46232
3.47333
3.48387
3.4902
3.49269
3.49185
3.48945
3.48782
3.48813
3.49336
3.50227
3.51128
3.51881
3.52182
3.52274
3.52347
3.5255
3.5298
3.53639
3.54388
3.55096
3.55726
3.56262
3.56762
3.57295
3.5788
3.58368
3.58725
3.59024
3.59423
3.601
3.61066
3.62094
3.6295
3.63598
3.6413
3.64653
3.65238
3.65941
3.66778
3.67742
3.68783
3.69723
3.70366
3.70661
3.70709
3.70886
3.71668
3.73196
3.75177
3.77159
3.78842
3.80196
3.81348
3.82395
3.83219
3.83797
3.84199
3.84675
3.85436
3.86548
3.87865
3.89012
3.89714
3.90054
3.90316
3.90815
3.91764
3.93036
3.94194
3.94914
3.95214
3.95278
3.95287
3.95476
3.95939
3.96521
3.97001
3.97303
3.97412
3.97492
25.7756
5.28563
3.44886
3.44312
3.44033
3.43998
3.44303
3.45024
3.45841
3.46391
3.4656
3.46345
3.45973
3.45728
3.45758
3.46177
3.47299
3.4838
3.4901
3.49242
3.49166
3.48907
3.48716
3.48755
3.49273
3.50158
3.51058
3.51812
3.52119
3.52225
3.52302
3.52503
3.52921
3.53563
3.5431
3.55029
3.55671
3.56239
3.56739
3.57228
3.57786
3.5824
3.58583
3.5889
3.59312
3.60016
3.61013
3.62084
3.62984
3.63658
3.64179
3.64633
3.65103
3.65696
3.66477
3.67475
3.68617
3.69665
3.70371
3.70676
3.70679
3.70807
3.7153
3.73023
3.75021
3.77062
3.78787
3.8015
3.81273
3.82261
3.83034
3.83599
3.83989
3.84447
3.85196
3.86318
3.8767
3.88872
3.89603
3.89914
3.90112
3.90579
3.91553
3.92888
3.94102
3.94815
3.95046
3.9503
3.95013
3.95239
3.95766
3.96396
3.96874
3.97132
3.97183
3.97238
25.7688
5.28493
3.44864
3.44285
3.44002
3.4396
3.44274
3.45007
3.45831
3.46381
3.46541
3.46315
3.45922
3.45668
3.45689
3.4611
3.47252
3.48363
3.48989
3.49211
3.49151
3.48868
3.48645
3.48693
3.49203
3.50079
3.5098
3.51737
3.52048
3.5216
3.52236
3.52437
3.52849
3.53476
3.54225
3.54956
3.55613
3.56199
3.56685
3.57152
3.57661
3.58093
3.58442
3.5878
3.59236
3.59953
3.60943
3.62015
3.62937
3.63641
3.64162
3.64562
3.64934
3.6543
3.66153
3.67171
3.68399
3.69553
3.70338
3.70675
3.70666
3.7077
3.71445
3.72876
3.74836
3.76872
3.78618
3.79997
3.81089
3.82027
3.82765
3.83339
3.83756
3.84233
3.84984
3.8608
3.87405
3.88611
3.89373
3.89698
3.89882
3.90326
3.9129
3.92646
3.93904
3.94644
3.94855
3.94777
3.94709
3.94928
3.95485
3.96156
3.96657
3.96904
3.96922
3.96962
25.7603
5.28408
3.44836
3.44249
3.43958
3.43909
3.44229
3.44971
3.45808
3.46364
3.46518
3.46284
3.4587
3.45605
3.45617
3.46035
3.47192
3.4833
3.48956
3.49186
3.49137
3.48827
3.48573
3.48631
3.49137
3.50003
3.50902
3.51657
3.51965
3.52074
3.52145
3.52353
3.5277
3.53388
3.54134
3.54871
3.55532
3.5612
3.56609
3.57062
3.57503
3.5793
3.58314
3.58708
3.59206
3.59924
3.60873
3.61901
3.6281
3.63521
3.64036
3.64403
3.64721
3.65165
3.65868
3.66913
3.68184
3.69387
3.70224
3.70603
3.70628
3.70748
3.71398
3.7276
3.74647
3.7663
3.78359
3.79735
3.80792
3.81685
3.82399
3.82996
3.83481
3.84031
3.84815
3.85872
3.87106
3.88243
3.89005
3.89379
3.89611
3.90063
3.90996
3.92325
3.936
3.94388
3.94632
3.94529
3.94397
3.94555
3.9509
3.95779
3.96318
3.9659
3.96614
3.96662
25.75
5.28307
3.44799
3.44204
3.43903
3.43846
3.44165
3.44915
3.45768
3.46334
3.4649
3.46251
3.4582
3.45541
3.45544
3.45953
3.47116
3.48277
3.48909
3.49164
3.49122
3.4879
3.48501
3.48559
3.49074
3.49931
3.50823
3.51577
3.51875
3.51971
3.52037
3.52258
3.52682
3.53285
3.54022
3.54761
3.55423
3.56015
3.56516
3.56932
3.57327
3.57766
3.58204
3.58659
3.59198
3.59904
3.60798
3.61759
3.62622
3.633
3.63787
3.6414
3.64465
3.64932
3.65687
3.66771
3.68024
3.69182
3.70001
3.70401
3.70497
3.70672
3.71332
3.7264
3.74445
3.76352
3.78042
3.79397
3.8041
3.81241
3.81926
3.82554
3.83138
3.83809
3.84665
3.85688
3.86793
3.87804
3.88528
3.88957
3.89276
3.89771
3.90674
3.91944
3.93201
3.9403
3.94333
3.94245
3.94058
3.94133
3.94608
3.95288
3.95865
3.96193
3.96268
3.96356
25.7379
5.28192
3.44751
3.4415
3.43839
3.43775
3.44085
3.44841
3.45711
3.46291
3.46453
3.46217
3.45771
3.45478
3.45471
3.45868
3.47026
3.48199
3.48853
3.49136
3.49103
3.48755
3.48434
3.4849
3.49004
3.49849
3.5074
3.51488
3.51768
3.51851
3.51916
3.52153
3.5258
3.53169
3.53884
3.54621
3.55285
3.55883
3.56381
3.56759
3.5715
3.576
3.58095
3.58601
3.59162
3.59852
3.60694
3.61591
3.6239
3.63006
3.63445
3.63796
3.64189
3.64766
3.65626
3.66738
3.67925
3.68961
3.69678
3.70041
3.70203
3.70472
3.71192
3.72494
3.74237
3.76076
3.77716
3.7903
3.79979
3.80722
3.81359
3.82021
3.82722
3.83545
3.84496
3.85493
3.86461
3.87323
3.87979
3.88442
3.88853
3.89416
3.90312
3.91521
3.92732
3.93567
3.93925
3.93883
3.93675
3.9368
3.9408
3.94719
3.95315
3.95702
3.95854
3.96003
25.724
5.28062
3.44693
3.44086
3.43764
3.43692
3.43993
3.44753
3.45643
3.46235
3.46407
3.46176
3.4572
3.45414
3.45398
3.45784
3.46928
3.48103
3.48787
3.4909
3.49066
3.4871
3.48366
3.48423
3.48931
3.49757
3.50648
3.51368
3.51644
3.51722
3.51793
3.52038
3.52463
3.53036
3.53721
3.5445
3.55118
3.55713
3.56201
3.56582
3.56979
3.57439
3.57963
3.58496
3.59061
3.59739
3.60543
3.61389
3.62129
3.62675
3.6306
3.63425
3.63931
3.64666
3.65635
3.66748
3.67829
3.68691
3.69253
3.69543
3.6974
3.70136
3.70982
3.7233
3.74036
3.75815
3.77394
3.78643
3.79507
3.80137
3.80718
3.8142
3.82245
3.83217
3.84255
3.85229
3.86079
3.86809
3.87394
3.87867
3.8835
3.88987
3.89899
3.91065
3.92214
3.93013
3.93388
3.93402
3.93221
3.93194
3.93531
3.94114
3.94701
3.95123
3.95348
3.9556
25.7082
5.27919
3.44622
3.4401
3.43678
3.43598
3.43892
3.44655
3.45563
3.46168
3.46353
3.46128
3.45669
3.45352
3.4533
3.45709
3.46829
3.47994
3.48704
3.49019
3.49009
3.48658
3.48297
3.48348
3.48845
3.49647
3.50526
3.51212
3.51502
3.51593
3.51668
3.51908
3.52328
3.5288
3.53539
3.54254
3.54923
3.55511
3.56001
3.56402
3.56809
3.5729
3.57788
3.58325
3.58885
3.59551
3.60328
3.61134
3.6183
3.62327
3.62689
3.63097
3.63713
3.64571
3.65618
3.66714
3.67668
3.6834
3.68726
3.68927
3.69168
3.6972
3.70735
3.7216
3.73839
3.75556
3.7706
3.7822
3.78985
3.79494
3.80029
3.80786
3.81735
3.82826
3.83912
3.84851
3.85613
3.86254
3.86792
3.87265
3.87788
3.88479
3.89419
3.90558
3.91642
3.92376
3.92724
3.92783
3.92673
3.92659
3.92972
3.93504
3.94048
3.94467
3.94732
3.94988
25.6905
5.27763
3.44539
3.43923
3.43582
3.43493
3.43782
3.44544
3.4547
3.46088
3.46292
3.46072
3.45618
3.45291
3.45265
3.45637
3.46729
3.47877
3.48606
3.48931
3.48941
3.48587
3.48221
3.48265
3.48741
3.49504
3.50365
3.5103
3.51351
3.51466
3.51546
3.5177
3.5218
3.5271
3.53345
3.54041
3.54706
3.55285
3.55786
3.56215
3.56652
3.57108
3.57583
3.58094
3.58658
3.593
3.60044
3.60811
3.61483
3.61979
3.62375
3.62855
3.63542
3.64449
3.65503
3.66543
3.67365
3.67865
3.68109
3.68253
3.68579
3.69325
3.70507
3.71989
3.73623
3.75257
3.76679
3.77737
3.78397
3.78804
3.79315
3.80141
3.81205
3.82371
3.83453
3.84338
3.85037
3.85635
3.86164
3.86648
3.87189
3.87904
3.88858
3.89978
3.91004
3.91661
3.91956
3.92036
3.92004
3.92052
3.92388
3.92883
3.93368
3.93747
3.94005
3.9427
25.671
5.276
3.44446
3.43825
3.43476
3.4338
3.43664
3.4442
3.45358
3.45992
3.46217
3.46007
3.45562
3.45228
3.45199
3.45568
3.46628
3.47756
3.48498
3.48832
3.48858
3.48503
3.4814
3.48174
3.48615
3.49331
3.50177
3.50842
3.51198
3.51341
3.51424
3.51628
3.52024
3.5253
3.53138
3.53812
3.54468
3.55044
3.55554
3.56008
3.5646
3.56899
3.57372
3.57842
3.58406
3.59008
3.59698
3.6042
3.61093
3.61644
3.62131
3.62691
3.63402
3.6428
3.65262
3.66196
3.66894
3.67274
3.67437
3.67593
3.68068
3.69021
3.70322
3.71805
3.73359
3.74877
3.76208
3.77176
3.77747
3.78085
3.786
3.7949
3.8064
3.81838
3.82879
3.83697
3.84351
3.84942
3.85495
3.86009
3.86561
3.8727
3.88212
3.89309
3.90288
3.9088
3.91113
3.9119
3.91219
3.91343
3.91735
3.92224
3.92651
3.92959
3.93168
3.93411
25.6496
5.27432
3.44345
3.4372
3.43363
3.43258
3.43535
3.44278
3.45223
3.45875
3.46123
3.4593
3.45499
3.45159
3.45127
3.45492
3.4652
3.47625
3.48373
3.48713
3.48758
3.48419
3.48055
3.4807
3.48476
3.49148
3.49982
3.50659
3.51046
3.51214
3.51303
3.51488
3.51867
3.52346
3.52922
3.53566
3.54204
3.5478
3.55297
3.55774
3.5623
3.56673
3.5713
3.57616
3.58141
3.58696
3.59312
3.59988
3.60683
3.61331
3.61935
3.6256
3.63251
3.64035
3.64881
3.65684
3.66285
3.66609
3.6676
3.67007
3.67678
3.688
3.70156
3.71588
3.73022
3.74395
3.75628
3.76535
3.77051
3.77363
3.77895
3.78816
3.8001
3.81209
3.82201
3.82956
3.83577
3.84177
3.8477
3.85327
3.85889
3.86573
3.87474
3.88533
3.89477
3.90028
3.90212
3.90272
3.90328
3.90512
3.90963
3.91475
3.91867
3.92102
3.92243
3.92451
25.6265
5.27262
3.44242
3.43614
3.43247
3.4313
3.43396
3.44118
3.45063
3.45734
3.46003
3.45836
3.45422
3.45078
3.4504
3.45396
3.46391
3.47473
3.48225
3.48576
3.48645
3.48334
3.47973
3.47963
3.4833
3.48977
3.49788
3.50476
3.50887
3.51078
3.51174
3.51348
3.51708
3.52159
3.52694
3.53292
3.53904
3.54482
3.55016
3.55516
3.55977
3.56427
3.56899
3.57399
3.5785
3.58365
3.58907
3.59555
3.60289
3.61038
3.61744
3.62405
3.63044
3.63703
3.64398
3.65078
3.65609
3.65917
3.66122
3.66525
3.67386
3.6861
3.6996
3.71296
3.72588
3.7381
3.74951
3.75827
3.76332
3.76652
3.77194
3.78097
3.79289
3.80475
3.81432
3.82146
3.82744
3.83349
3.83976
3.84575
3.85149
3.85797
3.86638
3.87646
3.88568
3.89114
3.8928
3.89314
3.89355
3.89559
3.9004
3.9058
3.90962
3.9115
3.91233
3.91408
25.6016
5.27092
3.44141
3.43512
3.43133
3.43001
3.4325
3.43944
3.44879
3.45567
3.45852
3.45719
3.45322
3.44974
3.44931
3.45274
3.46235
3.47295
3.48049
3.48416
3.48517
3.48241
3.47886
3.47854
3.48185
3.48805
3.49592
3.50286
3.50717
3.50926
3.5103
3.51203
3.51543
3.5196
3.52443
3.52989
3.53573
3.54159
3.54722
3.55252
3.55734
3.56204
3.56683
3.57143
3.57556
3.58013
3.58518
3.59161
3.59931
3.60745
3.61509
3.62179
3.62764
3.63315
3.63881
3.6445
3.64921
3.6523
3.65537
3.66126
3.67133
3.68392
3.69686
3.70902
3.72048
3.73136
3.74204
3.75074
3.75601
3.75945
3.76471
3.77315
3.78469
3.79644
3.80592
3.8129
3.81869
3.82468
3.83111
3.83737
3.84314
3.84923
3.85694
3.86644
3.87553
3.88121
3.88302
3.88313
3.88305
3.88474
3.88941
3.89499
3.89902
3.90094
3.90162
3.90327
25.575
5.26924
3.44047
3.4342
3.43027
3.42875
3.43103
3.43759
3.44676
3.45377
3.45676
3.45578
3.45195
3.44845
3.44799
3.45123
3.46047
3.47085
3.47845
3.48237
3.48372
3.48131
3.47787
3.47737
3.48035
3.48623
3.49382
3.50071
3.50518
3.50742
3.50865
3.51046
3.51359
3.51737
3.52167
3.52668
3.53233
3.53835
3.54437
3.55007
3.55521
3.56003
3.56461
3.56866
3.57248
3.57651
3.58161
3.58812
3.59587
3.60416
3.61198
3.6187
3.62429
3.62916
3.63378
3.63833
3.64235
3.64559
3.65002
3.65766
3.6686
3.68097
3.69307
3.70403
3.71423
3.72397
3.73412
3.74287
3.74851
3.75215
3.75698
3.76469
3.77559
3.78732
3.79698
3.80399
3.80957
3.81533
3.82168
3.82798
3.83369
3.83936
3.84636
3.85528
3.86433
3.87048
3.87274
3.87279
3.87201
3.87276
3.87678
3.88222
3.88656
3.88896
3.88997
3.89184
25.5466
5.26757
3.43961
3.43339
3.42933
3.42756
3.42959
3.4357
3.44462
3.45171
3.45483
3.45419
3.45046
3.44697
3.44648
3.44947
3.45827
3.46845
3.47613
3.4804
3.48206
3.47999
3.47668
3.47606
3.47869
3.4842
3.49142
3.49817
3.50277
3.50524
3.50677
3.50871
3.5115
3.51486
3.5188
3.52357
3.5292
3.53544
3.54187
3.54795
3.55333
3.55804
3.56219
3.56565
3.56908
3.57294
3.57843
3.58478
3.59214
3.60017
3.60803
3.61497
3.62067
3.62523
3.6289
3.63219
3.63542
3.63909
3.64507
3.65398
3.66514
3.67696
3.68822
3.69825
3.70745
3.71618
3.72582
3.73458
3.74055
3.74432
3.74876
3.75574
3.7658
3.77753
3.78755
3.79469
3.80001
3.80536
3.8114
3.81757
3.82311
3.82834
3.83464
3.84295
3.85198
3.85867
3.86152
3.86163
3.86008
3.85952
3.86247
3.86754
3.87229
3.87553
3.87737
3.87982
25.5165
5.26591
3.43883
3.43269
3.42851
3.42644
3.42819
3.43381
3.44244
3.44961
3.45287
3.45256
3.4489
3.4454
3.44488
3.44759
3.45587
3.46582
3.4736
3.47821
3.48016
3.4784
3.47528
3.47455
3.47681
3.48189
3.48866
3.49521
3.49995
3.50277
3.5047
3.50677
3.50916
3.5122
3.51604
3.52088
3.52665
3.53308
3.53976
3.54598
3.55133
3.55568
3.55927
3.56224
3.56539
3.5695
3.57535
3.58126
3.58793
3.59552
3.60348
3.61083
3.61683
3.62111
3.62379
3.62585
3.62845
3.63297
3.64034
3.64978
3.66064
3.67185
3.68254
3.69201
3.70048
3.70817
3.71711
3.72562
3.7318
3.73586
3.74018
3.74648
3.75566
3.76712
3.77747
3.78477
3.78986
3.7947
3.80026
3.80611
3.81138
3.81617
3.82179
3.82951
3.83851
3.84577
3.84926
3.84955
3.84729
3.84529
3.84691
3.85128
3.85622
3.86032
3.86315
3.86629
25.4845
5.2642
3.43808
3.43207
3.42778
3.42536
3.42683
3.43195
3.44026
3.44754
3.45099
3.45105
3.44745
3.44392
3.44331
3.44575
3.45339
3.46305
3.47088
3.4758
3.47801
3.4766
3.47366
3.47286
3.47471
3.47931
3.4856
3.49191
3.49681
3.50011
3.50248
3.50458
3.50664
3.50962
3.51374
3.51879
3.52457
3.531
3.53766
3.54374
3.54878
3.5526
3.55561
3.55832
3.56151
3.56612
3.57189
3.57731
3.58339
3.59066
3.5987
3.60638
3.61248
3.61628
3.61799
3.61916
3.62178
3.62741
3.63555
3.64479
3.65504
3.66582
3.6763
3.68556
3.69346
3.70001
3.70782
3.71572
3.72214
3.72689
3.73143
3.73721
3.74532
3.75601
3.7665
3.77402
3.779
3.78334
3.7883
3.79367
3.79855
3.80287
3.80785
3.81501
3.82389
3.83149
3.83539
3.83574
3.83283
3.82958
3.82991
3.83356
3.83856
3.84349
3.8473
3.85113
25.4506
5.26237
3.43734
3.43151
3.42713
3.42431
3.4255
3.43014
3.4381
3.44552
3.44925
3.44973
3.44625
3.44268
3.44187
3.44403
3.45094
3.46022
3.46802
3.47321
3.47568
3.47461
3.47188
3.47102
3.47246
3.47655
3.48234
3.48842
3.49351
3.49734
3.5001
3.50213
3.50403
3.50724
3.51178
3.51687
3.52246
3.52857
3.53495
3.54076
3.54545
3.54878
3.55125
3.55388
3.55733
3.56236
3.56784
3.5731
3.57897
3.58606
3.59393
3.60149
3.60718
3.61026
3.61128
3.61234
3.6158
3.62233
3.63043
3.63894
3.6485
3.65909
3.66971
3.67898
3.68634
3.69154
3.69783
3.70481
3.71164
3.71758
3.72262
3.72802
3.73478
3.74404
3.75435
3.76221
3.76729
3.7713
3.77561
3.78029
3.78457
3.78834
3.79274
3.79945
3.80816
3.81589
3.81994
3.8203
3.8169
3.81263
3.8118
3.81466
3.81933
3.82454
3.82886
3.83303
25.4148
5.26034
3.43657
3.43098
3.42654
3.42329
3.42418
3.42837
3.43593
3.44353
3.44762
3.44858
3.44533
3.44175
3.44057
3.44243
3.44855
3.45739
3.46514
3.47052
3.47326
3.4725
3.47002
3.46907
3.47013
3.4737
3.47901
3.48489
3.49015
3.49445
3.49743
3.49941
3.50153
3.50526
3.50983
3.51434
3.51929
3.52501
3.53122
3.5369
3.54138
3.54433
3.54639
3.54903
3.55267
3.55782
3.56338
3.56913
3.57511
3.5819
3.58901
3.59575
3.60058
3.60295
3.60393
3.60605
3.6107
3.6174
3.62475
3.63234
3.6413
3.65188
3.66283
3.67218
3.67895
3.68262
3.6871
3.69305
3.70057
3.70809
3.71387
3.71873
3.72394
3.73126
3.74092
3.74914
3.75466
3.75861
3.7623
3.7661
3.76953
3.7726
3.77646
3.78282
3.79128
3.79877
3.80254
3.8025
3.79842
3.79342
3.79174
3.79402
3.79841
3.80361
3.80813
3.81246
25.3771
5.25804
3.43573
3.43048
3.42602
3.42231
3.42286
3.42662
3.43368
3.44146
3.44601
3.44745
3.44455
3.44101
3.43934
3.44091
3.44625
3.4546
3.46229
3.46783
3.47086
3.47035
3.46814
3.46707
3.46777
3.4708
3.47568
3.48138
3.4868
3.49139
3.49438
3.49647
3.49925
3.5034
3.50754
3.51111
3.51508
3.52046
3.52666
3.5324
3.53679
3.53941
3.54112
3.54382
3.54779
3.55287
3.55898
3.5657
3.57195
3.57791
3.5834
3.58867
3.59247
3.59482
3.59701
3.60081
3.60612
3.61218
3.61838
3.6251
3.63367
3.64438
3.65567
3.66501
3.67104
3.67312
3.67572
3.68075
3.68916
3.69834
3.70501
3.70904
3.71265
3.71783
3.72615
3.73474
3.74102
3.74516
3.74828
3.7511
3.75344
3.75563
3.75889
3.76493
3.77305
3.78009
3.78343
3.78283
3.77802
3.77251
3.77013
3.77173
3.77547
3.7799
3.78393
3.78781
25.3377
5.25539
3.43479
3.42999
3.42559
3.42141
3.42156
3.42484
3.43128
3.43919
3.44425
3.4462
3.44371
3.44027
3.43812
3.4394
3.444
3.45185
3.45947
3.46521
3.46859
3.46829
3.46633
3.46507
3.46536
3.46786
3.47234
3.47789
3.48343
3.4881
3.49106
3.49348
3.49691
3.50105
3.50447
3.50709
3.51033
3.51555
3.52183
3.5276
3.53181
3.53413
3.53558
3.5383
3.5428
3.54833
3.55538
3.5629
3.56911
3.57333
3.57632
3.57989
3.58331
3.58701
3.59136
3.59647
3.60152
3.60634
3.61127
3.61733
3.62579
3.63666
3.64812
3.6573
3.66247
3.66307
3.66395
3.66834
3.67768
3.68818
3.69565
3.69883
3.70085
3.7038
3.71033
3.7192
3.72634
3.73082
3.73351
3.73538
3.73644
3.73762
3.74018
3.74576
3.75332
3.75962
3.76221
3.76052
3.75453
3.74826
3.74532
3.74644
3.74969
3.75351
3.75699
3.76028
25.2966
5.25234
3.43369
3.42946
3.42526
3.42069
3.42026
3.423
3.42871
3.43661
3.44223
3.44468
3.44266
3.4394
3.4368
3.43777
3.4417
3.44908
3.4567
3.46268
3.4665
3.46641
3.4646
3.46306
3.46289
3.46488
3.46901
3.47441
3.47995
3.48457
3.48768
3.49058
3.49426
3.4979
3.50049
3.50256
3.50561
3.51071
3.51692
3.52242
3.52633
3.52854
3.53016
3.53314
3.53811
3.54454
3.55259
3.56028
3.56551
3.56719
3.56748
3.56978
3.57424
3.58052
3.58693
3.5924
3.59643
3.59974
3.60353
3.60926
3.61785
3.62877
3.64005
3.64886
3.6531
3.65253
3.6522
3.65617
3.66615
3.67732
3.68524
3.6879
3.6884
3.68924
3.69397
3.70263
3.71045
3.71534
3.71771
3.71873
3.71856
3.71873
3.72027
3.72501
3.73171
3.73712
3.73893
3.73617
3.7291
3.72202
3.71843
3.71861
3.72066
3.72317
3.72522
3.72718
25.254
5.24883
3.43239
3.42881
3.42506
3.42016
3.41896
3.42111
3.42605
3.43376
3.4399
3.44284
3.44139
3.43835
3.43529
3.43593
3.43928
3.44623
3.4539
3.4602
3.4645
3.46465
3.46289
3.461
3.46036
3.46191
3.46575
3.47096
3.47638
3.4809
3.48437
3.48774
3.49121
3.49405
3.49597
3.49808
3.50133
3.50618
3.51194
3.51686
3.52046
3.52295
3.52533
3.52898
3.53458
3.54183
3.55023
3.55712
3.56004
3.5587
3.5573
3.55993
3.56657
3.57536
3.5829
3.58789
3.5905
3.59233
3.59543
3.60125
3.61
3.62061
3.63126
3.63941
3.64273
3.64168
3.64088
3.64462
3.65455
3.66558
3.67358
3.67601
3.67536
3.67451
3.67745
3.68528
3.69339
3.69868
3.70095
3.70118
3.69993
3.69904
3.69945
3.70271
3.70815
3.71245
3.71331
3.70902
3.70007
3.69132
3.68648
3.68549
3.68677
3.68852
3.68945
3.69046
25.21
5.24484
3.43081
3.42795
3.4249
3.41972
3.41773
3.4192
3.42339
3.43075
3.43737
3.44075
3.43994
3.43711
3.4337
3.43375
3.43666
3.44325
3.45102
3.45764
3.46242
3.46285
3.46112
3.45888
3.45784
3.45903
3.4626
3.46756
3.47278
3.4772
3.48104
3.48462
3.48769
3.48992
3.4917
3.49414
3.4975
3.50173
3.50646
3.51089
3.51473
3.51812
3.5217
3.5262
3.53225
3.53969
3.5474
3.55244
3.55224
3.54867
3.54743
3.55175
3.5605
3.57062
3.57824
3.58221
3.58339
3.58427
3.5874
3.59364
3.60231
3.61209
3.62155
3.62872
3.63126
3.6307
3.63037
3.63383
3.64281
3.65285
3.66055
3.6629
3.66155
3.6596
3.66091
3.66728
3.67514
3.68073
3.68298
3.68269
3.68047
3.67819
3.67734
3.6788
3.6823
3.68535
3.68522
3.67942
3.6688
3.65828
3.65179
3.64902
3.64834
3.64756
3.6459
3.64484
25.1647
5.24041
3.42892
3.42678
3.42461
3.41935
3.41655
3.41729
3.42082
3.42777
3.43481
3.43859
3.43839
3.43584
3.43206
3.4313
3.4339
3.44015
3.44797
3.45485
3.46006
3.46082
3.45918
3.45671
3.45539
3.45626
3.45952
3.46418
3.46922
3.47359
3.47753
3.48097
3.48374
3.48582
3.48804
3.49082
3.49392
3.49709
3.50063
3.50507
3.51005
3.51488
3.51959
3.52449
3.53014
3.53657
3.54252
3.54513
3.5425
3.53894
3.5396
3.54575
3.55542
3.56539
3.57216
3.57498
3.57522
3.5761
3.58001
3.58663
3.59472
3.60311
3.61079
3.61666
3.61879
3.61966
3.62062
3.62362
3.63089
3.63936
3.64623
3.64862
3.64704
3.6446
3.64461
3.64891
3.65588
3.66164
3.66397
3.66347
3.66039
3.65631
3.6536
3.65325
3.65459
3.6561
3.65468
3.64692
3.6335
3.61942
3.60917
3.60351
3.60087
3.59846
3.59534
3.59388
25.1181
5.23562
3.42668
3.42522
3.42406
3.41895
3.4154
3.41541
3.41844
3.42497
3.43234
3.43649
3.43692
3.4347
3.43049
3.42875
3.43111
3.43698
3.44466
3.45172
3.45733
3.45846
3.457
3.45452
3.45305
3.45359
3.45643
3.46078
3.46566
3.46997
3.47373
3.47688
3.47947
3.48188
3.48469
3.48758
3.49014
3.49234
3.49525
3.5002
3.5069
3.51319
3.51834
3.52269
3.52678
3.53099
3.53452
3.53496
3.53213
3.53112
3.53446
3.54164
3.55063
3.55905
3.56421
3.56615
3.56645
3.56838
3.57338
3.57992
3.58682
3.59332
3.59885
3.60336
3.60575
3.6087
3.61126
3.61368
3.6188
3.62528
3.63087
3.63316
3.63168
3.62931
3.62818
3.63027
3.6357
3.64147
3.64395
3.64332
3.63922
3.63304
3.62809
3.62562
3.62486
3.6244
3.62125
3.61147
3.5952
3.57734
3.56328
3.5542
3.5475
3.54009
3.53146
3.52534
25.0704
5.2306
3.42411
3.42322
3.42314
3.41833
3.41418
3.4136
3.41624
3.42238
3.42995
3.43449
3.43558
3.4337
3.42904
3.42632
3.42838
3.43375
3.44113
3.44831
3.45421
3.45572
3.45456
3.45227
3.45076
3.45096
3.45334
3.45729
3.46191
3.4661
3.46967
3.47256
3.47522
3.47805
3.48114
3.48381
3.48592
3.48787
3.49101
3.49675
3.50477
3.51166
3.51611
3.51877
3.52043
3.5224
3.52398
3.52381
3.52332
3.52597
3.53167
3.53858
3.54528
3.55107
3.55454
3.55636
3.55794
3.5616
3.56736
3.5731
3.57826
3.58249
3.5859
3.58942
3.59286
3.59794
3.60186
3.60361
3.60647
3.61056
3.61464
3.61683
3.61588
3.61364
3.61149
3.61175
3.6151
3.62035
3.62303
3.62229
3.61699
3.60861
3.60116
3.59615
3.59304
3.59044
3.58525
3.5731
3.55281
3.52867
3.50712
3.49039
3.4768
3.46411
3.45151
3.44518
25.0216
5.22544
3.42124
3.42077
3.42177
3.41736
3.41287
3.4119
3.4142
3.41997
3.42766
3.43265
3.43438
3.43283
3.42772
3.42426
3.42569
3.43044
3.43745
3.44469
3.45065
3.45264
3.45183
3.44977
3.44824
3.44818
3.45014
3.45363
3.45792
3.46193
3.46543
3.4683
3.47109
3.47414
3.47711
3.47945
3.48149
3.484
3.48793
3.49425
3.50251
3.5091
3.51205
3.5123
3.5113
3.51131
3.51245
3.51386
3.51712
3.52315
3.53011
3.53535
3.53861
3.54139
3.54385
3.54666
3.55038
3.55577
3.56148
3.56555
3.56858
3.57036
3.57191
3.57538
3.5805
3.58722
3.59201
3.59316
3.59396
3.5954
3.59776
3.59955
3.59928
3.59703
3.59423
3.59349
3.59494
3.59856
3.60076
3.59941
3.59305
3.58299
3.57318
3.56524
3.55904
3.55354
3.54573
3.53102
3.5069
3.47663
3.44729
3.4221
3.39946
3.37532
3.34742
3.32444
24.9721
5.22026
3.41818
3.41795
3.41986
3.41595
3.41148
3.41022
3.41218
3.41752
3.42523
3.43073
3.43307
3.43185
3.4266
3.42253
3.42295
3.42713
3.43361
3.44085
3.44682
3.44935
3.44899
3.44717
3.44561
3.44531
3.44688
3.44986
3.45355
3.4574
3.46087
3.46381
3.46672
3.46985
3.47283
3.47526
3.47772
3.48072
3.48504
3.49137
3.49904
3.50467
3.50605
3.50334
3.50004
3.49908
3.50129
3.5063
3.51378
3.5217
3.5283
3.53063
3.53016
3.53041
3.53291
3.53781
3.54398
3.55048
3.55517
3.55723
3.55787
3.55735
3.55788
3.56202
3.56871
3.57638
3.58145
3.58207
3.58125
3.58034
3.58112
3.58209
3.58209
3.57953
3.57672
3.57522
3.57488
3.57672
3.57788
3.57539
3.56803
3.55666
3.5446
3.53356
3.52385
3.51484
3.50364
3.48565
3.45704
3.41938
3.37804
3.33643
3.29247
3.24468
3.19821
3.15879
24.9217
5.21493
3.4149
3.41475
3.41748
3.41415
3.40993
3.40854
3.41023
3.41518
3.42295
3.42888
3.43168
3.43072
3.42567
3.42113
3.42026
3.42376
3.4297
3.43682
3.44273
3.44567
3.44566
3.44412
3.44257
3.44204
3.4431
3.44559
3.44876
3.4525
3.45605
3.45907
3.46216
3.46559
3.46903
3.4722
3.47535
3.47841
3.48196
3.48695
3.49241
3.49562
3.4956
3.49266
3.49013
3.4907
3.49545
3.50362
3.51282
3.52048
3.5236
3.52206
3.51937
3.51923
3.52315
3.5307
3.53885
3.54504
3.54778
3.54725
3.54533
3.54362
3.5444
3.54942
3.55697
3.56483
3.56993
3.5705
3.56865
3.56576
3.56439
3.56353
3.56299
3.56114
3.56005
3.55804
3.55534
3.55429
3.55287
3.54912
3.54167
3.53017
3.5162
3.50162
3.48737
3.4737
3.45869
3.43814
3.40668
3.3627
3.30917
3.25126
3.18978
3.12128
3.05223
3.02509
24.7939
5.20049
3.40672
3.4065
3.41039
3.4085
3.40496
3.40293
3.40358
3.40743
3.41497
3.42195
3.42659
3.42703
3.42344
3.41841
3.41516
3.41608
3.42002
3.42587
3.43167
3.43548
3.43672
3.43602
3.43454
3.43357
3.43365
3.43526
3.43763
3.44094
3.44481
3.44823
3.45164
3.45532
3.45893
3.46213
3.46483
3.46671
3.46797
3.46953
3.47134
3.47285
3.47435
3.47646
3.47949
3.48328
3.48797
3.49336
3.49813
3.50082
3.50089
3.4986
3.49703
3.49856
3.50395
3.51147
3.51791
3.52148
3.52175
3.51921
3.51576
3.51414
3.51557
3.51984
3.52563
3.53153
3.53581
3.53717
3.53552
3.53124
3.52512
3.51876
3.51439
3.51243
3.51255
3.51105
3.50606
3.49846
3.48952
3.48031
3.47028
3.45769
3.44142
3.42125
3.39809
3.3722
3.3445
3.31208
3.27093
3.21262
3.13592
3.03464
2.91156
2.73487
2.4989
1.89038
24.5855
5.17523
3.39349
3.39339
3.39841
3.39912
3.39682
3.3934
3.39213
3.39387
3.39898
3.40612
3.4124
3.41657
3.4162
3.41227
3.40755
3.40496
3.40555
3.40904
3.41408
3.41882
3.42219
3.42312
3.42246
3.42116
3.41974
3.41948
3.42042
3.42262
3.42617
3.42984
3.43304
3.43594
3.4385
3.44077
3.44258
3.44378
3.44423
3.44416
3.44477
3.44713
3.45139
3.45624
3.45983
3.4615
3.46187
3.46195
3.46261
3.46386
3.46587
3.46757
3.46863
3.46962
3.47132
3.47318
3.47481
3.47599
3.47643
3.47576
3.47389
3.47232
3.47145
3.47155
3.47264
3.47418
3.47573
3.47618
3.47498
3.4707
3.46315
3.4533
3.44346
3.43588
3.43012
3.42432
3.41645
3.40507
3.39058
3.37374
3.35528
3.33464
3.31148
3.28403
3.25172
3.21265
3.16721
3.11329
3.04962
2.97046
2.87129
2.7464
2.5843
2.38705
2.09516
1.73022
24.3694
5.14802
3.38012
3.37973
3.38508
3.38827
3.38803
3.38592
3.38291
3.38146
3.38329
3.3879
3.39391
3.39962
3.40263
3.40176
3.39834
3.39458
3.39262
3.39343
3.39684
3.40132
3.40568
3.40841
3.40917
3.40817
3.40615
3.40442
3.40383
3.40461
3.40673
3.40983
3.41273
3.41507
3.41697
3.41867
3.42011
3.42142
3.42235
3.42265
3.42328
3.42479
3.42726
3.42997
3.43189
3.43234
3.43148
3.43024
3.42987
3.43099
3.43348
3.43602
3.43744
3.43729
3.43598
3.43388
3.43218
3.4319
3.43265
3.4332
3.43229
3.42976
3.42612
3.42227
3.41906
3.41654
3.41467
3.41275
3.41058
3.40598
3.39852
3.38858
3.37698
3.36502
3.35298
3.34059
3.32738
3.31233
3.29499
3.27423
3.25017
3.22263
3.19256
3.15922
3.12181
3.0773
3.0243
2.96065
2.8868
2.80118
2.70114
2.58603
2.44288
2.27673
2.066
1.84928
24.1452
5.12134
3.36765
3.36643
3.37079
3.37492
3.37746
3.37756
3.37477
3.37182
3.36998
3.37115
3.37469
3.37958
3.38417
3.38661
3.38612
3.38339
3.38024
3.37837
3.37894
3.38145
3.38528
3.38889
3.39145
3.39242
3.39167
3.39014
3.38833
3.38726
3.38751
3.38913
3.39145
3.39373
3.3956
3.397
3.39817
3.39922
3.3998
3.39981
3.3993
3.39872
3.39871
3.39952
3.40088
3.40209
3.40252
3.40206
3.40115
3.40048
3.4005
3.40091
3.40136
3.40096
3.39955
3.39686
3.39398
3.39272
3.39188
3.39011
3.38742
3.38344
3.37831
3.37277
3.36725
3.36193
3.35682
3.35204
3.34752
3.34158
3.33327
3.323
3.31131
3.2983
3.28413
3.26801
3.24963
3.22883
3.20679
3.18316
3.15741
3.12784
3.09441
3.05673
3.01535
2.96836
2.91484
2.85271
2.78132
2.70294
2.61179
2.51737
2.40213
2.27599
2.13461
2.01804
23.9072
5.09583
3.35688
3.35428
3.35672
3.36016
3.36382
3.36593
3.36551
3.36296
3.35991
3.35806
3.35839
3.36075
3.36435
3.36777
3.36971
3.3694
3.36734
3.36438
3.36227
3.36195
3.36372
3.36655
3.36983
3.37266
3.37412
3.37435
3.37291
3.37053
3.36857
3.36822
3.36919
3.37082
3.37249
3.3739
3.37498
3.37572
3.37591
3.37522
3.37349
3.37126
3.36957
3.36917
3.37009
3.37168
3.37307
3.37346
3.37251
3.37051
3.36818
3.366
3.36456
3.36334
3.36179
3.35963
3.35669
3.3544
3.35186
3.34762
3.34297
3.33768
3.33164
3.32504
3.31824
3.31092
3.30327
3.29571
3.28858
3.2807
3.27141
3.26035
3.24805
3.23457
3.21993
3.20271
3.18211
3.15798
3.13226
3.10591
3.07921
3.05002
3.01709
2.97891
2.93639
2.88978
2.83872
2.78387
2.72131
2.65541
2.57775
2.50027
2.40967
2.31954
2.23924
2.16029
23.6495
5.07177
3.34703
3.34298
3.34343
3.34516
3.34812
3.35119
3.35293
3.35256
3.35045
3.34752
3.34543
3.34495
3.34633
3.34874
3.35122
3.35285
3.35266
3.35057
3.34786
3.34574
3.34491
3.34536
3.34703
3.35009
3.35294
3.35475
3.35509
3.35333
3.35019
3.34748
3.34614
3.346
3.34675
3.34798
3.34942
3.35084
3.35179
3.35144
3.34933
3.34584
3.34216
3.33965
3.33897
3.33972
3.34112
3.34223
3.34229
3.34087
3.33804
3.33421
3.33018
3.32649
3.32298
3.32001
3.31715
3.31393
3.31108
3.30676
3.30104
3.29469
3.28762
3.27977
3.27142
3.26242
3.25307
3.24344
3.23408
3.22446
3.21433
3.20274
3.18985
3.17547
3.15987
3.14198
3.12132
3.09744
3.07142
3.04435
3.01687
2.98814
2.95708
2.92182
2.882
2.83904
2.79162
2.74345
2.68904
2.63507
2.57255
2.50947
2.44331
2.38103
2.31981
2.25254
23.3679
5.04692
3.33625
3.33194
3.33132
3.33103
3.33248
3.33468
3.33722
3.33889
3.33901
3.33749
3.33522
3.33314
3.33208
3.3323
3.33368
3.3357
3.33678
3.3365
3.33503
3.33303
3.3304
3.32811
3.32728
3.32779
3.32998
3.33259
3.33455
3.33483
3.33282
3.32905
3.325
3.32206
3.3206
3.32061
3.32176
3.32381
3.32612
3.32767
3.32705
3.3239
3.319
3.31364
3.30939
3.30731
3.30711
3.30798
3.30901
3.30917
3.30774
3.30436
3.29926
3.29327
3.2871
3.28142
3.27695
3.27268
3.26879
3.26547
3.26063
3.25431
3.24705
3.23858
3.22904
3.21856
3.20762
3.19631
3.18512
3.17378
3.16256
3.1505
3.13763
3.12301
3.10701
3.08885
3.06873
3.04624
3.02177
2.99604
2.96917
2.94155
2.91228
2.88087
2.8456
2.80814
2.76587
2.72344
2.67606
2.62998
2.57904
2.52901
2.47829
2.42612
2.37095
2.31336
23.0624
5.02086
3.32387
3.32021
3.31972
3.3182
3.31793
3.31868
3.3205
3.3226
3.32428
3.32474
3.32403
3.32251
3.32038
3.31884
3.3188
3.31993
3.3212
3.3216
3.32139
3.32016
3.3176
3.31409
3.31083
3.30865
3.30796
3.30924
3.31175
3.31408
3.31493
3.31314
3.30891
3.30342
3.29842
3.2952
3.29411
3.29463
3.29667
3.29977
3.30249
3.30265
3.29973
3.29418
3.28707
3.28029
3.27544
3.27309
3.27265
3.27323
3.27364
3.27257
3.26937
3.26406
3.25721
3.24952
3.24204
3.23521
3.22874
3.2235
3.21936
3.21388
3.20743
3.19989
3.19119
3.18091
3.16922
3.15641
3.14336
3.1302
3.11736
3.10428
3.0912
3.07706
3.06206
3.045
3.02618
3.00506
2.98208
2.9578
2.93208
2.90588
2.878
2.84951
2.81803
2.78581
2.74942
2.71313
2.67297
2.63293
2.59092
2.54835
2.50385
2.45721
2.40909
2.36042
0.808391
0.476912
0.335473
0.243733
0.17154
0.136591
0.120998
0.102708
0.0795608
0.0777081
0.0826972
0.0801744
0.0783983
0.0799958
0.0877625
0.101401
0.111003
0.119215
0.131565
0.155641
0.171519
0.185308
0.210206
0.248477
0.279907
0.311933
0.350669
0.391315
0.437877
0.486941
0.532263
0.576029
0.620105
0.664054
0.706996
0.749868
0.791351
0.837852
0.878013
0.918861
0.965884
1.01116
1.05226
1.10342
1.15694
1.19309
1.23305
1.27691
1.30634
1.30978
1.30074
1.29378
1.28259
1.26502
1.25764
1.26076
1.27044
1.28863
1.32006
1.35522
1.39028
1.42732
1.45799
1.47846
1.49286
1.50573
1.51402
1.51591
1.51634
1.51671
1.51818
1.52183
1.52861
1.53715
1.54697
1.55977
1.57519
1.58998
1.6026
1.61235
1.62041
1.62735
1.63284
1.63755
1.64238
1.64716
1.65174
1.65595
1.65981
1.66349
1.66724
1.67174
1.67848
1.68897
1.69876
1.70263
1.25855
0.974142
0.831282
0.719849
0.606588
0.540117
0.50855
0.466478
0.405504
0.382757
0.38084
0.367397
0.341241
0.328851
0.332381
0.334234
0.325523
0.317523
0.320029
0.327057
0.324293
0.323984
0.334787
0.339636
0.337706
0.33983
0.346391
0.352126
0.360228
0.375611
0.388126
0.403064
0.423301
0.445949
0.472236
0.502796
0.528796
0.558355
0.595587
0.625728
0.65887
0.704175
0.751234
0.799935
0.865931
0.924336
0.979626
1.04542
1.09565
1.14031
1.17037
1.19178
1.2048
1.21276
1.22268
1.23384
1.2517
1.27522
1.30708
1.35188
1.3947
1.42439
1.44722
1.46151
1.46941
1.47491
1.4804
1.49232
1.50297
1.51037
1.51643
1.5213
1.52635
1.53448
1.5428
1.55201
1.56386
1.57693
1.58932
1.60199
1.61542
1.62517
1.63067
1.63528
1.63898
1.6427
1.64737
1.65179
1.6563
1.66114
1.66567
1.66971
1.67342
1.67675
1.68076
1.68653
1.61963
1.43198
1.31719
1.19557
1.0865
1.01811
0.948384
0.859806
0.793648
0.771491
0.744428
0.697081
0.659607
0.646421
0.628143
0.596326
0.561899
0.550119
0.544079
0.534865
0.517078
0.503433
0.497884
0.488245
0.469695
0.461403
0.459199
0.452477
0.448571
0.448992
0.446308
0.440598
0.43714
0.439879
0.448476
0.460489
0.476606
0.494513
0.512534
0.531741
0.549975
0.571751
0.599115
0.62616
0.660203
0.705855
0.749308
0.799394
0.848221
0.897532
0.963573
1.02277
1.0864
1.15674
1.19266
1.22235
1.25152
1.27844
1.31207
1.35634
1.40651
1.43605
1.45166
1.4577
1.45639
1.45719
1.46702
1.48543
1.50857
1.52587
1.53763
1.54563
1.55178
1.5567
1.56107
1.56426
1.56659
1.57183
1.57916
1.58814
1.60085
1.61749
1.62824
1.63405
1.63831
1.63975
1.64271
1.64839
1.65486
1.66439
1.67382
1.67799
1.67913
1.67519
1.67202
1.67379
1.883
1.74819
1.65672
1.54937
1.46028
1.38701
1.29313
1.22337
1.17204
1.10462
1.04894
1.01939
0.989125
0.946639
0.89276
0.862211
0.843228
0.817167
0.783832
0.76836
0.755423
0.734763
0.705874
0.676476
0.666721
0.664019
0.656497
0.641234
0.629613
0.621505
0.607925
0.588524
0.57556
0.573363
0.575323
0.573137
0.569273
0.565303
0.559235
0.552811
0.55275
0.55611
0.564859
0.573579
0.579713
0.585975
0.59321
0.60413
0.619721
0.642964
0.681109
0.734181
0.797879
0.885213
0.955568
1.01405
1.0776
1.12319
1.16924
1.2293
1.28397
1.32604
1.35747
1.37454
1.38982
1.4118
1.43422
1.46312
1.49147
1.51215
1.52721
1.53985
1.55666
1.57148
1.5787
1.58392
1.58195
1.57527
1.57747
1.58286
1.59126
1.6086
1.62494
1.63045
1.6338
1.6322
1.63128
1.63693
1.64445
1.65647
1.66745
1.67202
1.67409
1.67022
1.66173
1.65947
2.06355
1.96243
1.87101
1.79043
1.71943
1.63666
1.55215
1.5029
1.45007
1.37992
1.33327
1.28746
1.22953
1.19083
1.1615
1.1214
1.07775
1.05002
1.02782
1.00074
0.960337
0.924663
0.909093
0.891309
0.868064
0.852731
0.843736
0.829963
0.810111
0.77862
0.752145
0.746305
0.741052
0.730176
0.722015
0.717054
0.707907
0.690883
0.665802
0.654263
0.652021
0.648725
0.645666
0.642105
0.638463
0.632821
0.624088
0.6226
0.627254
0.636832
0.648107
0.657783
0.665269
0.677122
0.696751
0.722927
0.761266
0.809664
0.863389
0.936714
1.00727
1.07108
1.14463
1.19802
1.24704
1.30489
1.3493
1.39002
1.42602
1.44977
1.47156
1.49334
1.52225
1.55457
1.56926
1.57801
1.57603
1.56491
1.56628
1.57215
1.58184
1.60496
1.62567
1.63143
1.63352
1.62966
1.63017
1.6356
1.64413
1.65638
1.66318
1.66683
1.66843
1.66685
1.66341
1.66191
2.17836
2.10024
2.02389
1.9553
1.88754
1.81321
1.74845
1.70295
1.66526
1.6137
1.54799
1.48912
1.45357
1.41691
1.36884
1.32637
1.29743
1.26135
1.21663
1.18735
1.16169
1.12782
1.09207
1.07028
1.05758
1.0432
1.02197
0.990748
0.965293
0.942692
0.920619
0.907243
0.90079
0.896424
0.886327
0.867663
0.846486
0.832549
0.817877
0.80446
0.797891
0.792078
0.783394
0.772202
0.756426
0.744361
0.73744
0.730165
0.720184
0.716015
0.714164
0.711383
0.710437
0.709879
0.708437
0.709019
0.71063
0.714346
0.721585
0.735072
0.755247
0.780106
0.814848
0.863128
0.919065
0.994017
1.06832
1.13699
1.21141
1.26633
1.31624
1.3715
1.43305
1.50012
1.53439
1.54854
1.54843
1.5383
1.5411
1.54875
1.56183
1.59096
1.61282
1.619
1.62129
1.61816
1.61984
1.62499
1.63408
1.64238
1.64655
1.6491
1.64973
1.652
1.6558
1.65885
2.25406
2.19204
2.13138
2.07403
2.01355
1.95087
1.89789
1.85883
1.82622
1.77855
1.719
1.67081
1.63419
1.59683
1.55277
1.49897
1.45343
1.42603
1.40172
1.37215
1.33457
1.28734
1.26444
1.24404
1.21738
1.19823
1.18022
1.15315
1.11656
1.08946
1.07832
1.07062
1.05656
1.03656
1.02151
1.00397
0.980567
0.965242
0.958594
0.949224
0.935215
0.913467
0.895133
0.888782
0.881369
0.87058
0.863193
0.855616
0.841593
0.821547
0.809411
0.801732
0.796138
0.792022
0.786007
0.779025
0.77249
0.763143
0.749726
0.745195
0.746881
0.751982
0.760636
0.773454
0.788903
0.803844
0.822822
0.847382
0.880792
0.926275
0.980612
1.05227
1.1475
1.2375
1.32286
1.38865
1.42291
1.44382
1.46492
1.48947
1.52307
1.5675
1.58974
1.59787
1.60029
1.60432
1.61123
1.62206
1.62738
1.62963
1.62984
1.62919
1.63179
1.63581
1.64358
1.65108
2.31113
2.26147
2.21341
2.16586
2.11472
2.06312
2.01877
1.98326
1.94492
1.89837
1.85389
1.81719
1.78125
1.73853
1.68678
1.63666
1.60359
1.58116
1.55562
1.52268
1.48411
1.4399
1.40611
1.38579
1.37102
1.34949
1.31811
1.28384
1.26353
1.24821
1.2288
1.20647
1.18746
1.16408
1.13911
1.12588
1.11741
1.10726
1.09334
1.07212
1.04202
1.02493
1.01663
1.00963
1.0049
0.999274
0.990026
0.976287
0.952548
0.929884
0.922048
0.917793
0.911668
0.904265
0.897653
0.890014
0.88013
0.865659
0.842729
0.823205
0.817106
0.815464
0.816448
0.819569
0.822225
0.823181
0.824207
0.818985
0.809031
0.810343
0.818554
0.835787
0.865932
0.910016
0.959925
1.0201
1.07734
1.14216
1.21575
1.28091
1.35043
1.42879
1.48732
1.5193
1.54467
1.56553
1.58852
1.60666
1.61251
1.61187
1.60658
1.60764
1.61151
1.6185
1.63081
1.63865
)
;

boundaryField
{
    inlet
    {
        type            fixedValue;
        value           uniform 1;
    }
    outlet
    {
        type            zeroGradient;
    }
    bottom
    {
        type            symmetryPlane;
    }
    top
    {
        type            symmetryPlane;
    }
    obstacle
    {
        type            zeroGradient;
    }
    defaultFaces
    {
        type            empty;
    }
    procBoundary0to1
    {
        type            processor;
        value           nonuniform List<scalar> 8(1.7031 1.69228 1.67619 1.66128 1.66293 1.65986 1.6543 1.64242);
    }
    procBoundary0to2
    {
        type            processor;
        value           nonuniform List<scalar> 
192
(
22.7353
4.9949
3.3099
3.30716
3.30723
3.30581
3.30482
3.30403
3.30442
3.3056
3.30721
3.30876
3.30984
3.30948
3.3076
3.30525
3.30405
3.30399
3.30463
3.30541
3.30569
3.30559
3.30439
3.3016
3.29758
3.29294
3.28912
3.28759
3.28773
3.28974
3.29293
3.29533
3.29453
3.29053
3.28399
3.27618
3.27002
3.26688
3.266
3.26732
3.27116
3.27638
3.27923
3.2774
3.27149
3.26201
3.2517
3.24301
3.23738
3.23486
3.23499
3.23679
3.23743
3.2356
3.23128
3.22443
3.21572
3.20604
3.19599
3.18597
3.17869
3.17332
3.16769
3.16155
3.15471
3.14658
3.13677
3.1245
3.11033
3.0952
3.08011
3.06536
3.05106
3.03672
3.02237
3.00703
2.99066
2.97213
2.95145
2.92874
2.90407
2.87875
2.85176
2.82492
2.79587
2.76717
2.73573
2.70465
2.67115
2.63724
2.60144
2.56408
2.52474
2.48399
2.44259
2.40106
2.35969
2.31888
2.2789
2.23824
2.19533
2.1531
2.11536
2.07978
2.03914
1.99691
1.96087
1.92783
1.89017
1.84592
1.79964
1.76451
1.73872
1.71494
1.6848
1.64531
1.60063
1.56931
1.54842
1.52697
1.49967
1.46832
1.43972
1.41803
1.39989
1.38159
1.35937
1.32817
1.29421
1.27426
1.26308
1.25539
1.24461
1.23002
1.20882
1.17537
1.14841
1.13801
1.132
1.12904
1.122
1.11143
1.09689
1.0754
1.05381
1.0402
1.02977
1.02021
1.01206
1.00402
0.996091
0.988245
0.979187
0.96709
0.947221
0.921609
0.909972
0.90497
0.901187
0.896563
0.890913
0.884644
0.875954
0.862025
0.842053
0.835472
0.834997
0.83748
0.845956
0.856783
0.865071
0.87276
0.882205
0.897283
0.922432
0.959314
1.01112
1.07798
1.16099
1.24388
1.32224
1.39541
1.44687
1.48646
1.52317
1.55216
1.56602
1.5772
1.58807
1.60201
1.61439
1.6206
)
;
    }
}


// ************************************************************************* //
