/*--------------------------------*- C++ -*----------------------------------*\
  =========                 |
  \\      /  F ield         | OpenFOAM: The Open Source CFD Toolbox
   \\    /   O peration     | Website:  https://openfoam.org
    \\  /    A nd           | Version:  7
     \\/     M anipulation  |
\*---------------------------------------------------------------------------*/
FoamFile
{
    version     2.0;
    format      ascii;
    class       volScalarField;
    location    "3.8";
    object      rho;
}
// * * * * * * * * * * * * * * * * * * * * * * * * * * * * * * * * * * * * * //

dimensions      [1 -3 0 0 0 0 0];

internalField   nonuniform List<scalar> 
4608
(
1.45615
1.44882
1.44088
1.43238
1.42341
1.41373
1.40357
1.39215
1.37815
1.36194
1.35174
1.34739
1.34445
1.34248
1.34107
1.34162
1.34145
1.34011
1.33637
1.33748
1.34475
1.36041
1.38874
1.42833
1.48068
1.54392
1.59451
1.64065
1.6902
1.72417
1.7476
1.77179
1.7938
1.81625
1.82691
1.82776
1.82297
1.81323
1.80975
1.80943
1.81323
1.82386
1.82727
1.82412
1.81987
1.81124
1.79309
1.77088
1.76087
1.7571
1.754
1.75157
1.75168
1.75994
1.77785
1.78455
1.78139
1.77736
1.7718
1.76046
1.73621
1.71088
1.70267
1.69922
1.6962
1.69426
1.69621
1.70894
1.72182
1.72068
1.71678
1.71235
1.70529
1.68877
1.6628
1.6503
1.64665
1.64354
1.64106
1.64068
1.64786
1.66091
1.66242
1.65933
1.65587
1.65106
1.6408
1.61871
1.59837
1.59225
1.58898
1.5862
1.58494
1.5892
1.59856
1.59932
1.59659
1.59355
1.58935
1.58024
1.56238
1.54902
1.54465
1.5415
1.53891
1.5379
1.53992
1.54003
1.53723
1.53409
1.53064
1.52622
1.51851
1.50494
1.49478
1.49096
1.48801
1.48536
1.48352
1.48311
1.48288
1.48074
1.47789
1.47484
1.47144
1.46723
1.46019
1.44636
1.43375
1.42959
1.42695
1.42455
1.42293
1.42336
1.42542
1.42421
1.42171
1.41901
1.4158
1.41062
1.40081
1.39209
1.38886
1.38664
1.3845
1.3824
1.38034
1.37826
1.37577
1.37217
1.36827
1.36597
1.36407
1.36207
1.35991
1.35756
1.35494
1.35177
1.34697
1.33798
1.32825
1.32439
1.3222
1.32021
1.31862
1.31752
1.31583
1.31367
1.31127
1.30841
1.30444
1.29742
1.28782
1.28265
1.27994
1.27744
1.27513
1.27286
1.27044
1.26788
1.26513
1.2621
1.25834
1.252
1.24224
1.23627
1.23386
1.2317
1.22972
1.22823
1.22702
1.2254
1.22338
1.22141
1.21942
1.21687
1.21272
1.20512
1.19822
1.19596
1.19511
1.19462
1.19468
1.19522
1.19658
1.19915
1.2037
1.2103
1.22076
1.23444
1.24483
1.25878
1.27523
1.29142
1.31383
1.33554
1.35882
1.38933
1.4126
1.43564
1.46729
1.48765
1.50057
1.5169
1.52466
1.52765
1.53151
1.53073
1.53354
1.54052
1.54747
1.55502
1.56058
1.56104
1.56061
1.55782
1.55015
1.54024
1.53495
1.53214
1.53064
1.53122
1.53865
1.54509
1.5439
1.54165
1.53856
1.53127
1.51797
1.50539
1.50025
1.49795
1.49605
1.49585
1.50079
1.50615
1.50547
1.50382
1.5016
1.4948
1.48113
1.47247
1.47002
1.46817
1.46707
1.46866
1.4716
1.47068
1.46901
1.46674
1.46168
1.45468
1.45154
1.44977
1.44793
1.44617
1.44424
1.44225
1.44029
1.4381
1.43409
1.42825
1.4255
1.42397
1.42252
1.42183
1.42189
1.41859
1.4954
1.48907
1.48218
1.47463
1.46663
1.45793
1.44648
1.43006
1.41366
1.40269
1.39449
1.38668
1.37839
1.37033
1.36344
1.35693
1.34921
1.33728
1.32691
1.32456
1.32441
1.32587
1.32972
1.33528
1.3444
1.35623
1.37201
1.39547
1.42956
1.47216
1.51686
1.57296
1.62536
1.66711
1.70807
1.737
1.749
1.75652
1.7677
1.78059
1.79985
1.81531
1.8165
1.8128
1.80304
1.7865
1.76531
1.75341
1.74926
1.74519
1.74132
1.73961
1.74426
1.76127
1.77509
1.77465
1.77155
1.76713
1.75653
1.73151
1.70377
1.69506
1.69209
1.68915
1.68682
1.68725
1.69742
1.71477
1.71722
1.71387
1.71011
1.70382
1.68884
1.662
1.64504
1.64071
1.63765
1.63492
1.6337
1.63826
1.65186
1.65699
1.65382
1.64999
1.64533
1.63723
1.61913
1.59611
1.58724
1.58393
1.58114
1.57936
1.58122
1.59098
1.59549
1.59267
1.58918
1.58505
1.57844
1.56441
1.54709
1.54022
1.53688
1.53384
1.53163
1.53215
1.53536
1.534
1.53094
1.52769
1.5238
1.51809
1.5074
1.4935
1.48708
1.48402
1.48122
1.47878
1.47716
1.47698
1.47691
1.47487
1.47215
1.46917
1.46562
1.46007
1.44824
1.43265
1.42591
1.42297
1.4203
1.41807
1.41722
1.41986
1.42131
1.41932
1.41697
1.41445
1.41075
1.40245
1.38939
1.38254
1.37983
1.37755
1.37598
1.37575
1.37559
1.37406
1.37207
1.3695
1.36534
1.36069
1.35823
1.35637
1.35442
1.35227
1.34975
1.34611
1.3389
1.32707
1.31983
1.31706
1.31477
1.31283
1.31189
1.31146
1.3097
1.30751
1.30498
1.30161
1.29564
1.28565
1.27885
1.2759
1.27334
1.271
1.26885
1.26677
1.2647
1.26261
1.26037
1.25703
1.24977
1.24007
1.23566
1.2341
1.23287
1.23183
1.23122
1.23069
1.22963
1.22846
1.22722
1.22578
1.22356
1.21772
1.21165
1.21086
1.21304
1.21801
1.22537
1.23532
1.24641
1.26089
1.27789
1.29684
1.31935
1.34421
1.37434
1.39687
1.41768
1.44568
1.46031
1.47418
1.49429
1.50521
1.5177
1.53403
1.5487
1.56409
1.5762
1.57984
1.58181
1.58056
1.5737
1.56887
1.56808
1.56769
1.56832
1.57124
1.57663
1.57818
1.57666
1.57337
1.56706
1.55782
1.54709
1.54104
1.53896
1.53731
1.53698
1.54234
1.54955
1.54883
1.54661
1.54342
1.53659
1.52377
1.51121
1.50694
1.50535
1.50409
1.50446
1.50861
1.51066
1.50919
1.50733
1.505
1.50086
1.49175
1.48143
1.47831
1.47662
1.47504
1.47455
1.47536
1.47402
1.47194
1.46963
1.46597
1.46034
1.45732
1.45605
1.45482
1.45384
1.45316
1.45169
1.44993
1.44769
1.44315
1.43568
1.4316
1.43004
1.42868
1.42813
1.42953
1.42921
1.42559
1.52919
1.5242
1.51865
1.51268
1.50485
1.49097
1.46934
1.45481
1.44836
1.44243
1.43557
1.42825
1.42065
1.41281
1.40434
1.39286
1.37336
1.35361
1.34524
1.34007
1.33611
1.33402
1.33281
1.33127
1.33088
1.32982
1.32762
1.32326
1.32237
1.32624
1.33694
1.35611
1.38511
1.41796
1.45711
1.50319
1.5483
1.58881
1.62803
1.67235
1.72054
1.74417
1.75111
1.74976
1.74423
1.73749
1.73065
1.72946
1.72966
1.72929
1.72912
1.73318
1.74844
1.76415
1.7637
1.76053
1.75642
1.74682
1.72393
1.69541
1.68396
1.68011
1.67721
1.6751
1.67558
1.68421
1.70307
1.70953
1.70621
1.7022
1.69661
1.68439
1.65915
1.63794
1.63166
1.62808
1.62502
1.62331
1.62641
1.64082
1.65301
1.65165
1.64811
1.64355
1.63515
1.61612
1.59005
1.57907
1.57571
1.57283
1.5707
1.57143
1.58126
1.59325
1.59262
1.58936
1.58551
1.57932
1.56559
1.54358
1.53219
1.52873
1.5258
1.52325
1.52233
1.52658
1.53103
1.52896
1.52587
1.52245
1.51817
1.51108
1.4971
1.48337
1.47839
1.47541
1.47264
1.47024
1.46886
1.46991
1.47125
1.46922
1.46646
1.46335
1.45901
1.44988
1.43314
1.42229
1.4189
1.41623
1.41393
1.4128
1.41497
1.41772
1.41586
1.41313
1.4102
1.40647
1.39962
1.38733
1.37902
1.37628
1.37414
1.3723
1.37114
1.37038
1.3688
1.36671
1.3642
1.36046
1.35523
1.35174
1.34969
1.34772
1.34565
1.34335
1.34055
1.33614
1.32737
1.31643
1.31147
1.30903
1.30691
1.30533
1.30457
1.30343
1.3015
1.29924
1.29656
1.29291
1.28665
1.27767
1.27268
1.27027
1.26817
1.2665
1.26525
1.26379
1.26208
1.26041
1.25849
1.2549
1.24712
1.24148
1.23996
1.23896
1.23857
1.23933
1.2417
1.24383
1.24577
1.24893
1.25256
1.25517
1.26015
1.26907
1.28227
1.29871
1.32072
1.3437
1.3664
1.39417
1.41543
1.43518
1.46064
1.48439
1.50257
1.52383
1.54802
1.5556
1.56333
1.57439
1.57793
1.57969
1.58253
1.58463
1.58838
1.59507
1.60137
1.60258
1.60126
1.59846
1.59499
1.59032
1.58471
1.58224
1.5811
1.58003
1.58047
1.57976
1.57712
1.57496
1.5723
1.5681
1.56111
1.55296
1.54936
1.54799
1.547
1.5473
1.54977
1.55017
1.54855
1.5467
1.5443
1.54053
1.53263
1.52132
1.51678
1.51537
1.51429
1.51409
1.51532
1.51511
1.51346
1.51167
1.5096
1.50681
1.5018
1.49316
1.48814
1.48658
1.48509
1.48379
1.48245
1.48044
1.47808
1.47507
1.47075
1.46674
1.46482
1.4635
1.46245
1.46133
1.45994
1.45828
1.45607
1.45247
1.44648
1.44073
1.43821
1.4367
1.43538
1.4347
1.43624
1.43729
1.4359
1.43213
1.55917
1.55339
1.54637
1.53551
1.51832
1.49992
1.48995
1.48444
1.47943
1.47492
1.46978
1.464
1.45764
1.44923
1.43455
1.41223
1.39651
1.38958
1.38346
1.37724
1.37058
1.36359
1.35675
1.35042
1.34448
1.33764
1.32705
1.31632
1.31295
1.31158
1.31113
1.31068
1.30995
1.30755
1.3087
1.31759
1.33466
1.36119
1.39837
1.44454
1.49167
1.53781
1.57433
1.59665
1.61603
1.63974
1.65992
1.6728
1.68408
1.69486
1.70678
1.72484
1.74798
1.75532
1.75242
1.74511
1.73264
1.7121
1.68659
1.67304
1.66785
1.66321
1.65978
1.65924
1.66635
1.68603
1.69757
1.69602
1.69269
1.68734
1.67548
1.65052
1.62695
1.62032
1.61703
1.61362
1.61105
1.6119
1.62317
1.63793
1.63884
1.63587
1.63243
1.62663
1.6116
1.5843
1.56852
1.56472
1.56198
1.55966
1.55906
1.56493
1.57845
1.58165
1.57865
1.57516
1.57066
1.56174
1.54193
1.52292
1.51726
1.51447
1.51208
1.51093
1.51489
1.52624
1.53007
1.52741
1.52413
1.52014
1.51369
1.49987
1.48013
1.47094
1.46761
1.46468
1.46207
1.46041
1.46151
1.46592
1.4653
1.46255
1.45947
1.45545
1.44785
1.4321
1.41761
1.41297
1.4102
1.40765
1.40594
1.40708
1.4139
1.41558
1.41327
1.41067
1.40736
1.40067
1.38634
1.37363
1.36969
1.36723
1.365
1.36371
1.36435
1.3646
1.36307
1.36123
1.35889
1.35494
1.34788
1.34137
1.33815
1.3357
1.33323
1.33061
1.3275
1.32262
1.31377
1.3054
1.30219
1.30024
1.29871
1.29794
1.29794
1.29756
1.2963
1.29469
1.29245
1.28769
1.27886
1.27319
1.27141
1.26986
1.26863
1.26811
1.26806
1.26772
1.26685
1.26575
1.26391
1.25935
1.25783
1.26015
1.2654
1.2733
1.28379
1.2978
1.31474
1.33066
1.34698
1.36274
1.38034
1.39931
1.41456
1.43456
1.46034
1.48037
1.50442
1.53114
1.54514
1.5605
1.57475
1.58045
1.58845
1.59748
1.60307
1.60966
1.61582
1.61806
1.61881
1.61872
1.61729
1.61499
1.61465
1.61482
1.61593
1.61772
1.61613
1.61384
1.61141
1.60793
1.60259
1.59429
1.58725
1.58446
1.58289
1.58159
1.5807
1.5795
1.57738
1.57496
1.57223
1.56795
1.5616
1.55885
1.55775
1.55686
1.55635
1.55623
1.55503
1.55314
1.55111
1.5489
1.54629
1.54247
1.53572
1.52866
1.52617
1.52441
1.52269
1.52161
1.52101
1.51924
1.51718
1.51505
1.5127
1.51001
1.50647
1.50061
1.49544
1.49362
1.49224
1.49079
1.48912
1.48714
1.4846
1.48086
1.47593
1.47286
1.4709
1.46899
1.4673
1.46572
1.46406
1.46227
1.45995
1.45579
1.44923
1.44553
1.44401
1.44249
1.44128
1.44111
1.44237
1.44153
1.43998
1.4362
1.58272
1.57315
1.5591
1.54187
1.52824
1.52132
1.51607
1.51156
1.50764
1.50252
1.49679
1.48976
1.4785
1.46097
1.44324
1.43384
1.42828
1.42306
1.419
1.41386
1.40749
1.40068
1.39335
1.38448
1.37073
1.3511
1.33711
1.33079
1.32613
1.32201
1.31808
1.31416
1.30777
1.29633
1.29099
1.28957
1.28917
1.2908
1.29478
1.3024
1.3134
1.32225
1.33651
1.36035
1.39008
1.42887
1.47323
1.51522
1.55295
1.58643
1.62471
1.672
1.69762
1.70373
1.7036
1.69487
1.68064
1.66487
1.65468
1.65193
1.64995
1.64729
1.6457
1.65091
1.66958
1.68188
1.68046
1.67798
1.67346
1.66153
1.63711
1.61333
1.60489
1.60157
1.59892
1.59706
1.59798
1.60774
1.62502
1.62775
1.62442
1.62052
1.61412
1.5996
1.57412
1.55688
1.55175
1.54871
1.54633
1.54559
1.55032
1.56455
1.57239
1.57025
1.5668
1.56225
1.55369
1.53507
1.5139
1.50662
1.50376
1.50134
1.4998
1.5009
1.50913
1.51752
1.51707
1.51435
1.51103
1.50637
1.49727
1.47838
1.46211
1.45731
1.45441
1.45171
1.44987
1.45084
1.4579
1.4602
1.45766
1.45468
1.45091
1.44412
1.42925
1.4115
1.4049
1.40212
1.39969
1.39805
1.39897
1.40635
1.41021
1.40818
1.40552
1.40244
1.39736
1.38552
1.36995
1.36397
1.36138
1.35898
1.35718
1.35677
1.35672
1.35499
1.35272
1.35009
1.34661
1.34067
1.33241
1.32743
1.32477
1.32229
1.31961
1.31675
1.31361
1.30909
1.30268
1.29895
1.29746
1.29651
1.29644
1.29737
1.29746
1.29677
1.29605
1.29503
1.29212
1.28565
1.28037
1.27927
1.27913
1.2801
1.28305
1.28753
1.29405
1.30079
1.30605
1.31419
1.32468
1.33776
1.35284
1.37063
1.39394
1.41714
1.44055
1.47217
1.49125
1.50577
1.52633
1.53602
1.54573
1.55856
1.56651
1.57872
1.59435
1.6068
1.61959
1.6282
1.63039
1.63003
1.63101
1.63302
1.63465
1.63661
1.63867
1.63911
1.63838
1.63529
1.62932
1.62412
1.62164
1.62016
1.6196
1.62189
1.62509
1.62361
1.62121
1.61878
1.61597
1.6109
1.60055
1.58958
1.58571
1.58382
1.58223
1.58233
1.5859
1.58687
1.58539
1.58371
1.58173
1.57859
1.57113
1.56356
1.5612
1.55963
1.55873
1.5596
1.55992
1.55838
1.55676
1.55503
1.55282
1.54951
1.54212
1.53383
1.53076
1.52893
1.52754
1.52747
1.52812
1.52655
1.52455
1.52242
1.51958
1.51445
1.50562
1.50078
1.49897
1.4976
1.49702
1.49675
1.49547
1.49391
1.49215
1.48969
1.48533
1.47818
1.47343
1.47138
1.46967
1.46833
1.46678
1.465
1.46312
1.46081
1.45713
1.45333
1.45147
1.44986
1.44842
1.44754
1.44722
1.446
1.44456
1.44073
1.5975
1.58234
1.56697
1.55747
1.5516
1.54639
1.54185
1.53639
1.53035
1.52352
1.51389
1.49928
1.4822
1.47013
1.46401
1.45901
1.45492
1.45231
1.44757
1.44172
1.43546
1.42805
1.41669
1.39893
1.38326
1.37452
1.36819
1.36197
1.35535
1.34783
1.33814
1.32503
1.31136
1.303
1.29875
1.29532
1.29233
1.28981
1.28662
1.28309
1.27371
1.25635
1.2497
1.25042
1.2543
1.26353
1.28157
1.30886
1.345
1.3874
1.43427
1.489
1.53083
1.55428
1.56744
1.57642
1.58882
1.5986
1.60428
1.6098
1.61553
1.62119
1.63034
1.64977
1.66875
1.66897
1.66395
1.65639
1.64351
1.6213
1.59973
1.59059
1.58513
1.5807
1.57863
1.58016
1.59016
1.6084
1.61471
1.61204
1.60755
1.6005
1.58611
1.5603
1.54262
1.53804
1.53476
1.53186
1.53073
1.53466
1.5491
1.55927
1.5582
1.55534
1.5515
1.54416
1.52703
1.50389
1.49451
1.49164
1.48918
1.48734
1.48782
1.49608
1.50757
1.50781
1.50519
1.50218
1.49785
1.48915
1.47076
1.45117
1.44438
1.44144
1.43885
1.43719
1.43833
1.44659
1.45181
1.44986
1.44707
1.4437
1.43787
1.42436
1.40471
1.39602
1.39313
1.39072
1.38906
1.38978
1.39814
1.40493
1.40333
1.40075
1.39777
1.39269
1.38084
1.36263
1.35361
1.35039
1.3476
1.34546
1.34601
1.34939
1.34847
1.34617
1.34363
1.33986
1.33189
1.3218
1.31772
1.31566
1.31368
1.31161
1.30937
1.30647
1.30238
1.29874
1.29752
1.29713
1.29711
1.29821
1.30118
1.30371
1.3044
1.30503
1.3059
1.30633
1.30649
1.31079
1.31835
1.32882
1.34377
1.36158
1.38109
1.40386
1.42118
1.43835
1.45861
1.47209
1.48741
1.50772
1.52343
1.54104
1.56608
1.583
1.59589
1.6117
1.61903
1.62329
1.6279
1.62777
1.62808
1.63168
1.63633
1.64461
1.65295
1.6552
1.65527
1.65355
1.65278
1.65246
1.65276
1.65467
1.65666
1.6557
1.65348
1.6501
1.6442
1.63463
1.62506
1.62159
1.61998
1.61895
1.62059
1.62651
1.62805
1.62667
1.62514
1.62333
1.61843
1.60584
1.59293
1.58906
1.58737
1.58604
1.5861
1.5913
1.5979
1.59767
1.59587
1.59378
1.59009
1.58055
1.56937
1.56553
1.56376
1.5625
1.5628
1.56637
1.56777
1.56643
1.56484
1.56293
1.5596
1.5506
1.53866
1.53391
1.53202
1.53045
1.52989
1.53295
1.53639
1.5353
1.5335
1.5314
1.52704
1.51633
1.50649
1.5036
1.50175
1.50037
1.50081
1.50282
1.50208
1.50046
1.49874
1.49609
1.48932
1.47921
1.47484
1.47293
1.47115
1.46992
1.46997
1.4697
1.4683
1.46676
1.46493
1.46133
1.45538
1.4523
1.45066
1.44943
1.4492
1.44851
1.44707
1.44344
1.6068
1.59463
1.58753
1.58171
1.57644
1.57057
1.56416
1.55725
1.54857
1.53581
1.51935
1.5048
1.49675
1.49139
1.48652
1.48331
1.48092
1.4759
1.47017
1.46413
1.45646
1.44334
1.42442
1.41082
1.40414
1.39843
1.39239
1.38587
1.37881
1.3709
1.36094
1.34709
1.33388
1.32647
1.3207
1.31524
1.30989
1.30318
1.2917
1.27345
1.25429
1.24422
1.24095
1.2387
1.23771
1.2382
1.24116
1.24638
1.25263
1.26097
1.27499
1.29425
1.30742
1.32054
1.34256
1.37042
1.40124
1.43629
1.47332
1.50103
1.5242
1.55128
1.58762
1.62055
1.62967
1.63019
1.62398
1.61218
1.5974
1.58268
1.57521
1.57222
1.56904
1.56589
1.56599
1.57644
1.59381
1.59808
1.59616
1.59275
1.58529
1.56915
1.54413
1.52661
1.52181
1.51944
1.51742
1.51658
1.51983
1.53417
1.54588
1.54437
1.54136
1.53754
1.52985
1.51284
1.49063
1.48027
1.47685
1.47437
1.47274
1.47336
1.48087
1.49314
1.49478
1.49202
1.48874
1.48435
1.47614
1.45872
1.43853
1.43076
1.42757
1.42501
1.42367
1.42543
1.43415
1.44019
1.43885
1.43621
1.43301
1.4278
1.41592
1.39644
1.38621
1.38319
1.38078
1.379
1.37928
1.38721
1.39488
1.39355
1.39081
1.3876
1.38256
1.37147
1.35224
1.34059
1.33694
1.33421
1.33234
1.33291
1.3374
1.33803
1.33592
1.33361
1.3309
1.3257
1.31495
1.30858
1.30732
1.30694
1.30717
1.30767
1.30707
1.30614
1.30425
1.30337
1.30395
1.30585
1.31025
1.31847
1.33065
1.3436
1.35736
1.37242
1.38872
1.40434
1.42219
1.44471
1.46641
1.48932
1.52006
1.53995
1.5552
1.57601
1.58692
1.59321
1.60309
1.607
1.61288
1.62205
1.63247
1.64439
1.6558
1.66192
1.66392
1.66423
1.66248
1.65645
1.65159
1.65173
1.65387
1.65811
1.66625
1.67314
1.67394
1.67337
1.67065
1.66302
1.65823
1.65656
1.65587
1.65627
1.65567
1.65453
1.65294
1.64995
1.64309
1.63332
1.6291
1.62739
1.62616
1.62722
1.63331
1.63615
1.63489
1.6333
1.63118
1.62607
1.61306
1.59784
1.59282
1.59136
1.59027
1.59034
1.59535
1.60507
1.60731
1.60567
1.60373
1.60006
1.58961
1.57548
1.57007
1.56834
1.56686
1.56641
1.57099
1.57851
1.57841
1.57639
1.5742
1.5703
1.55997
1.54459
1.53763
1.53552
1.53365
1.53244
1.5345
1.54094
1.54192
1.54022
1.53834
1.53474
1.52536
1.51298
1.50826
1.50633
1.50454
1.50405
1.50806
1.51059
1.50902
1.50711
1.50487
1.49984
1.48836
1.47975
1.47756
1.47599
1.47474
1.4748
1.47557
1.47445
1.47276
1.47098
1.46835
1.46303
1.45744
1.45528
1.45401
1.45362
1.45469
1.45423
1.45267
1.44873
1.62424
1.61772
1.61174
1.60538
1.59855
1.59132
1.58317
1.57229
1.55729
1.54105
1.53011
1.52387
1.51839
1.51385
1.51126
1.50755
1.50179
1.49571
1.48903
1.47966
1.46395
1.44558
1.43488
1.42908
1.42356
1.41777
1.41154
1.40473
1.39725
1.38864
1.37836
1.36863
1.362
1.35657
1.35081
1.34205
1.32655
1.30582
1.28658
1.27051
1.26074
1.25558
1.25099
1.24718
1.24514
1.24591
1.24788
1.24632
1.24445
1.24303
1.24066
1.23675
1.22544
1.21041
1.20884
1.2141
1.22659
1.24725
1.27669
1.31175
1.34705
1.39051
1.448
1.48554
1.50465
1.51507
1.51788
1.52661
1.53176
1.53212
1.53572
1.54011
1.54361
1.54861
1.56202
1.58372
1.58826
1.58439
1.57843
1.56772
1.54926
1.52701
1.51336
1.50663
1.5024
1.50044
1.50064
1.50549
1.51953
1.53185
1.53124
1.52722
1.52171
1.51238
1.49339
1.4717
1.4638
1.46057
1.45769
1.45619
1.45797
1.46761
1.47869
1.47956
1.47718
1.47401
1.4693
1.46019
1.44161
1.42194
1.41544
1.41278
1.41037
1.40921
1.41222
1.42435
1.43049
1.42844
1.42577
1.42246
1.41649
1.40317
1.3831
1.3727
1.36952
1.36707
1.36529
1.36605
1.375
1.38277
1.38143
1.37865
1.37534
1.37
1.35805
1.33729
1.32499
1.32186
1.31981
1.31853
1.32019
1.32794
1.33338
1.33288
1.33147
1.32997
1.32636
1.31476
1.30497
1.30383
1.30397
1.30555
1.3104
1.3198
1.32945
1.33811
1.34801
1.36065
1.3755
1.39305
1.41564
1.43937
1.46329
1.49238
1.5143
1.53344
1.5569
1.57218
1.58794
1.60962
1.62664
1.64022
1.65263
1.65837
1.66031
1.66069
1.65814
1.65185
1.64925
1.65172
1.65754
1.66844
1.68233
1.68791
1.68885
1.6892
1.68671
1.67838
1.66613
1.65905
1.65812
1.65867
1.66196
1.67311
1.68384
1.68455
1.68329
1.68018
1.67017
1.65643
1.65156
1.65014
1.64972
1.65261
1.65505
1.65396
1.65252
1.65027
1.64466
1.6368
1.63377
1.63241
1.63119
1.63119
1.63485
1.63693
1.63541
1.63357
1.63105
1.62468
1.6108
1.60052
1.59831
1.59677
1.59559
1.59714
1.60561
1.61099
1.60987
1.60814
1.60564
1.59917
1.58529
1.57501
1.5724
1.57048
1.56905
1.57046
1.57629
1.57705
1.5754
1.57369
1.57148
1.56621
1.55344
1.54275
1.54011
1.53836
1.53689
1.53768
1.54332
1.54454
1.54257
1.54053
1.538
1.53278
1.52179
1.51402
1.51221
1.51084
1.51004
1.51149
1.51457
1.51401
1.51211
1.51009
1.50757
1.50257
1.49215
1.48351
1.48097
1.47927
1.4778
1.47736
1.47778
1.47672
1.47494
1.47304
1.47096
1.46837
1.4643
1.45773
1.45203
1.44944
1.448
1.44719
1.44606
1.44275
1.64758
1.6408
1.6336
1.62605
1.618
1.60854
1.59571
1.5794
1.5651
1.55704
1.55106
1.54555
1.54154
1.5386
1.53337
1.52715
1.52065
1.51319
1.502
1.48428
1.4665
1.45733
1.45171
1.44607
1.44024
1.43413
1.42766
1.42074
1.41299
1.40412
1.39599
1.38996
1.38402
1.37468
1.35869
1.33884
1.32058
1.30578
1.29577
1.29009
1.2854
1.28101
1.27782
1.27507
1.27093
1.26626
1.26128
1.25618
1.25136
1.24596
1.23619
1.21751
1.19811
1.1916
1.18964
1.18843
1.18837
1.19036
1.19461
1.20179
1.21365
1.23363
1.25822
1.27082
1.28763
1.31114
1.33295
1.35949
1.392
1.42178
1.44362
1.46199
1.48178
1.5101
1.5423
1.5554
1.5559
1.55093
1.53981
1.52448
1.50887
1.50042
1.49695
1.49367
1.49039
1.48977
1.49636
1.51064
1.51726
1.51561
1.51225
1.50649
1.49489
1.47393
1.45273
1.44565
1.44332
1.44134
1.44032
1.44248
1.45378
1.46411
1.46306
1.46032
1.45734
1.4525
1.44172
1.4214
1.40355
1.39807
1.3957
1.3939
1.3937
1.39802
1.41109
1.41821
1.41614
1.41304
1.40917
1.40242
1.38774
1.36637
1.35555
1.35194
1.34924
1.34775
1.34964
1.35988
1.36708
1.36613
1.36384
1.361
1.35642
1.34551
1.32465
1.31243
1.31038
1.30941
1.30946
1.31326
1.32325
1.33323
1.33523
1.33451
1.3339
1.33352
1.32826
1.32167
1.32616
1.33702
1.35225
1.37291
1.39898
1.42707
1.45905
1.48364
1.505
1.5302
1.5485
1.56668
1.58923
1.60363
1.61747
1.63204
1.63645
1.64154
1.65056
1.66072
1.67352
1.6882
1.69563
1.69628
1.696
1.69307
1.68429
1.67128
1.6631
1.66135
1.66153
1.66556
1.67895
1.69534
1.69959
1.69934
1.69769
1.69291
1.68276
1.66755
1.6591
1.65818
1.65812
1.66071
1.67249
1.68824
1.69071
1.68916
1.68604
1.67779
1.66183
1.65146
1.64904
1.64758
1.6475
1.65204
1.6585
1.65906
1.65787
1.65573
1.64956
1.64017
1.63644
1.63509
1.63386
1.63355
1.63596
1.63658
1.63498
1.63277
1.62855
1.61961
1.61004
1.60715
1.60545
1.60403
1.60433
1.60944
1.61242
1.61075
1.60889
1.60648
1.60133
1.59081
1.58158
1.57866
1.57672
1.57506
1.57461
1.57751
1.57837
1.57631
1.57427
1.5721
1.56897
1.56174
1.54989
1.54419
1.5425
1.5409
1.53983
1.54172
1.54614
1.54525
1.54298
1.54075
1.53817
1.53395
1.52511
1.51609
1.51329
1.51163
1.50993
1.50858
1.50892
1.51154
1.51142
1.50953
1.50748
1.5049
1.49984
1.49109
1.48488
1.48262
1.48087
1.47915
1.47776
1.47778
1.47883
1.47772
1.4759
1.4738
1.47095
1.46601
1.45856
1.45051
1.44453
1.44137
1.43931
1.43738
1.66857
1.66071
1.65247
1.64363
1.63293
1.61858
1.60219
1.59078
1.58398
1.5778
1.57241
1.56873
1.5646
1.55838
1.55178
1.54477
1.53634
1.52332
1.50418
1.48774
1.48001
1.47432
1.46848
1.46252
1.45639
1.45007
1.44353
1.43654
1.42909
1.42211
1.41562
1.40606
1.38993
1.36939
1.35054
1.33634
1.3269
1.3213
1.31664
1.31228
1.30859
1.30653
1.30466
1.30008
1.2948
1.28933
1.28353
1.2775
1.26784
1.24981
1.22524
1.20659
1.19874
1.1945
1.19097
1.18899
1.18911
1.1899
1.18914
1.18966
1.18951
1.18761
1.18515
1.17889
1.16805
1.1669
1.17385
1.18841
1.21166
1.24071
1.27143
1.3059
1.34697
1.39742
1.43362
1.44868
1.45381
1.45625
1.46212
1.4631
1.46256
1.46616
1.47013
1.47326
1.47739
1.48855
1.50633
1.5088
1.50432
1.49855
1.48968
1.47561
1.45644
1.44034
1.43268
1.42878
1.42697
1.4265
1.42934
1.43948
1.4483
1.4471
1.44329
1.4386
1.43218
1.41997
1.39961
1.38649
1.38267
1.37999
1.37833
1.37842
1.3839
1.39528
1.39989
1.39814
1.39512
1.39099
1.38381
1.36889
1.34746
1.33708
1.33418
1.33213
1.33103
1.33318
1.34342
1.35156
1.35158
1.34984
1.3482
1.34574
1.33722
1.31863
1.30776
1.30682
1.30701
1.30927
1.31621
1.33066
1.3469
1.35893
1.37252
1.38489
1.39422
1.40716
1.4217
1.43943
1.4631
1.48688
1.51167
1.54449
1.57357
1.5959
1.6176
1.62996
1.64022
1.64926
1.65644
1.66548
1.67175
1.67288
1.6702
1.67037
1.67194
1.67446
1.68186
1.69491
1.70536
1.70822
1.70768
1.70464
1.69842
1.68838
1.67413
1.6649
1.66341
1.66282
1.66566
1.6777
1.69096
1.6933
1.69342
1.69268
1.68869
1.67802
1.66273
1.65667
1.65593
1.65559
1.65786
1.66717
1.68033
1.68324
1.68252
1.68052
1.67469
1.66207
1.65237
1.65008
1.64877
1.64828
1.65131
1.6564
1.65656
1.65537
1.65342
1.64792
1.63936
1.63574
1.63434
1.6336
1.6348
1.63605
1.63473
1.63287
1.63018
1.62435
1.61564
1.61153
1.60993
1.60854
1.60813
1.61121
1.6164
1.61616
1.61393
1.61138
1.60698
1.59727
1.58441
1.57878
1.57703
1.57589
1.57611
1.57985
1.58497
1.58457
1.58237
1.58009
1.57735
1.57307
1.56325
1.54975
1.54444
1.54286
1.54141
1.54017
1.53957
1.5406
1.54517
1.54702
1.5456
1.54396
1.54215
1.53909
1.53194
1.52011
1.51349
1.51131
1.50949
1.50767
1.50608
1.50538
1.50667
1.50721
1.50591
1.50425
1.5021
1.49793
1.49088
1.48607
1.48365
1.48145
1.47893
1.47563
1.47266
1.47085
1.46919
1.46752
1.4658
1.46403
1.46145
1.45607
1.44751
1.44026
1.43734
1.4354
1.68593
1.67714
1.66763
1.65591
1.64051
1.62539
1.61637
1.60971
1.60339
1.59817
1.59437
1.58894
1.58222
1.57533
1.56789
1.55865
1.54431
1.52449
1.50952
1.50263
1.49673
1.49065
1.48454
1.47832
1.47188
1.46512
1.45805
1.45106
1.44444
1.43613
1.42157
1.4006
1.37905
1.36334
1.3537
1.34804
1.34341
1.33909
1.33523
1.33249
1.33064
1.32666
1.32146
1.31612
1.31041
1.30476
1.29744
1.28362
1.26212
1.23954
1.22587
1.22006
1.21577
1.21219
1.21041
1.2089
1.20571
1.20186
1.19803
1.19434
1.19037
1.18318
1.16791
1.14913
1.14274
1.14094
1.13988
1.14012
1.14244
1.14737
1.1559
1.17174
1.19689
1.21716
1.2298
1.24657
1.26456
1.28642
1.31167
1.33932
1.36597
1.38387
1.40002
1.41949
1.44611
1.47182
1.48068
1.48
1.47379
1.46263
1.44887
1.43555
1.42833
1.42508
1.42182
1.41859
1.41814
1.42507
1.43303
1.43419
1.43227
1.42886
1.42259
1.41168
1.39549
1.378
1.37035
1.36816
1.36647
1.36535
1.36595
1.37376
1.38114
1.37958
1.37681
1.3735
1.36828
1.35871
1.34269
1.32698
1.32135
1.31967
1.31915
1.32099
1.32652
1.33709
1.34496
1.34632
1.3468
1.34654
1.34219
1.33315
1.32078
1.31969
1.32606
1.33704
1.35394
1.37825
1.40828
1.44267
1.46959
1.49
1.51436
1.53056
1.54575
1.56373
1.57539
1.5909
1.61218
1.63344
1.65226
1.66827
1.67601
1.67802
1.67825
1.67854
1.67819
1.67322
1.67157
1.67247
1.67273
1.67259
1.67364
1.67778
1.6832
1.68913
1.69573
1.70001
1.69962
1.69779
1.69377
1.68597
1.67262
1.66114
1.65815
1.65754
1.65897
1.66585
1.67806
1.68444
1.68483
1.68454
1.6818
1.67429
1.66197
1.65391
1.65277
1.65302
1.65547
1.66219
1.67334
1.6793
1.67873
1.67723
1.67241
1.66179
1.65018
1.64633
1.64544
1.64608
1.6501
1.65841
1.66233
1.6609
1.65826
1.65197
1.63964
1.62973
1.62713
1.6261
1.62687
1.63264
1.63781
1.63669
1.63458
1.63113
1.62238
1.60842
1.60207
1.60056
1.59962
1.60038
1.60779
1.6205
1.62268
1.6204
1.61753
1.61204
1.59834
1.57835
1.56991
1.56804
1.5669
1.56699
1.57218
1.58657
1.59392
1.59229
1.58994
1.58698
1.58171
1.56888
1.54849
1.53857
1.53636
1.53474
1.53353
1.53358
1.53714
1.54332
1.54384
1.54198
1.53999
1.53782
1.53493
1.5299
1.52127
1.51429
1.51164
1.50976
1.50823
1.50729
1.50603
1.50416
1.502
1.49932
1.49641
1.49442
1.49306
1.49244
1.49199
1.49017
1.4882
1.48608
1.48342
1.47912
1.4716
1.46541
1.46295
1.46103
1.45906
1.45696
1.45479
1.45261
1.44929
1.44279
1.43703
1.43431
1.70005
1.68992
1.67688
1.66081
1.64802
1.6403
1.63346
1.62704
1.62202
1.61782
1.6115
1.6045
1.59736
1.58961
1.57978
1.56436
1.54435
1.53124
1.52475
1.51853
1.51214
1.50574
1.49929
1.49273
1.48608
1.47967
1.4736
1.46644
1.45431
1.43406
1.40946
1.39004
1.37861
1.37232
1.36752
1.36302
1.35875
1.35495
1.35249
1.35055
1.34618
1.341
1.3357
1.33036
1.32469
1.31443
1.29562
1.27176
1.25472
1.24702
1.24288
1.23937
1.23741
1.23654
1.2332
1.22838
1.22327
1.21843
1.21372
1.20678
1.19274
1.1709
1.1526
1.14485
1.14096
1.13788
1.13605
1.1357
1.13647
1.13803
1.14053
1.14025
1.13854
1.1353
1.12595
1.1162
1.11866
1.12828
1.14522
1.16778
1.19741
1.22808
1.25752
1.29767
1.34729
1.37086
1.38269
1.38781
1.38893
1.39192
1.39047
1.38947
1.39323
1.39743
1.40166
1.40802
1.42205
1.43362
1.43134
1.42471
1.41774
1.40821
1.39318
1.37494
1.36182
1.35568
1.35246
1.35072
1.35072
1.35498
1.36387
1.36792
1.36574
1.36163
1.35625
1.34753
1.33173
1.31662
1.3124
1.31121
1.31046
1.31252
1.3186
1.33006
1.34388
1.35183
1.35582
1.35993
1.36458
1.36469
1.36632
1.38079
1.39805
1.42108
1.44931
1.48321
1.5266
1.5698
1.5973
1.61938
1.63196
1.63895
1.64183
1.63892
1.63654
1.63972
1.64492
1.6564
1.67869
1.69954
1.70476
1.70574
1.70511
1.70024
1.69103
1.6802
1.66974
1.66148
1.65881
1.65796
1.65834
1.66344
1.67548
1.68455
1.68675
1.68717
1.68692
1.68561
1.68125
1.67118
1.65695
1.64683
1.6443
1.64422
1.64685
1.65501
1.67027
1.68157
1.6831
1.68299
1.68123
1.67395
1.65897
1.64618
1.64326
1.64309
1.64483
1.65202
1.66764
1.67951
1.68027
1.6788
1.6754
1.66544
1.64754
1.63562
1.63322
1.63248
1.63444
1.64438
1.65826
1.66064
1.65899
1.65631
1.6494
1.63355
1.61904
1.61545
1.61412
1.61405
1.62
1.62984
1.63108
1.62931
1.62703
1.62161
1.60804
1.59528
1.59192
1.59039
1.58961
1.5936
1.60663
1.61396
1.61299
1.61102
1.60811
1.60011
1.58045
1.56422
1.56052
1.5587
1.55733
1.55853
1.56977
1.58443
1.58655
1.58493
1.58304
1.5801
1.57217
1.55241
1.53448
1.53017
1.5283
1.52668
1.526
1.52956
1.54002
1.54361
1.54217
1.5405
1.53845
1.53394
1.52378
1.51436
1.51154
1.50998
1.50898
1.50947
1.50946
1.50779
1.50583
1.50354
1.49947
1.49192
1.48692
1.48509
1.48349
1.48237
1.4823
1.48216
1.48069
1.47902
1.47718
1.47421
1.46785
1.46053
1.45735
1.45545
1.45366
1.45202
1.45087
1.44962
1.44799
1.44591
1.44212
1.4341
1.70781
1.69409
1.67912
1.66874
1.66144
1.6544
1.64794
1.64317
1.63884
1.6321
1.62485
1.61753
1.60963
1.59962
1.5836
1.5636
1.55178
1.54531
1.53879
1.53214
1.52544
1.5186
1.51151
1.50419
1.49693
1.48947
1.47912
1.46319
1.44134
1.41867
1.40352
1.39577
1.39067
1.38599
1.38146
1.37701
1.37322
1.37075
1.36746
1.36243
1.35715
1.35176
1.34646
1.33907
1.3251
1.30351
1.282
1.27019
1.26494
1.26101
1.25798
1.25694
1.25713
1.25448
1.25022
1.24571
1.24102
1.23418
1.22168
1.20245
1.18122
1.16641
1.15993
1.15581
1.15219
1.14981
1.1496
1.15142
1.15154
1.14934
1.1459
1.14031
1.13006
1.11162
1.09535
1.09082
1.08903
1.0879
1.08773
1.08988
1.09637
1.10855
1.12622
1.1515
1.17054
1.17779
1.19245
1.2142
1.2297
1.2508
1.27897
1.29827
1.31278
1.32921
1.34928
1.37815
1.39961
1.40458
1.40334
1.39794
1.38894
1.37641
1.36176
1.35127
1.34624
1.34274
1.33994
1.33937
1.34739
1.35463
1.35535
1.35549
1.35444
1.35145
1.34157
1.32251
1.31163
1.31137
1.31315
1.31763
1.32724
1.34323
1.36646
1.39345
1.41993
1.43903
1.45417
1.46873
1.48221
1.49579
1.51095
1.52741
1.54937
1.57724
1.60977
1.64732
1.67885
1.69114
1.69633
1.69676
1.68992
1.67594
1.66413
1.66018
1.65993
1.66189
1.66833
1.68411
1.70156
1.70698
1.70565
1.70345
1.69938
1.69078
1.6758
1.65984
1.65087
1.64677
1.64425
1.64278
1.64529
1.65852
1.67078
1.67334
1.67364
1.67374
1.67346
1.67031
1.65869
1.64219
1.63645
1.63655
1.63757
1.64027
1.64866
1.66677
1.67919
1.68104
1.68089
1.67877
1.67057
1.65372
1.64209
1.63993
1.63935
1.63934
1.64345
1.65881
1.67334
1.67538
1.6743
1.67153
1.66243
1.64311
1.62973
1.6269
1.62554
1.62514
1.6298
1.6434
1.65127
1.6507
1.6486
1.64364
1.63113
1.6159
1.61077
1.60908
1.60802
1.60899
1.61577
1.62139
1.62061
1.61859
1.61517
1.60753
1.59633
1.59075
1.5886
1.58703
1.58656
1.59051
1.59947
1.60222
1.60062
1.59801
1.59311
1.58225
1.56739
1.56033
1.55792
1.5561
1.55494
1.55595
1.56408
1.57462
1.57596
1.57428
1.57191
1.56721
1.55507
1.53673
1.52841
1.5259
1.52395
1.5226
1.52367
1.53152
1.53723
1.53656
1.53494
1.5332
1.53019
1.52222
1.51078
1.50614
1.50432
1.50263
1.50125
1.50092
1.50138
1.50013
1.49837
1.49652
1.49377
1.48825
1.48143
1.47849
1.4768
1.47541
1.475
1.47535
1.47408
1.47218
1.47017
1.46748
1.46306
1.45806
1.45509
1.4532
1.45153
1.44979
1.44797
1.44601
1.44369
1.44055
1.43651
1.43144
1.70915
1.69536
1.68654
1.67923
1.67195
1.66517
1.66005
1.65643
1.65021
1.64287
1.63553
1.62776
1.618
1.60233
1.5824
1.57095
1.56431
1.55753
1.5506
1.54353
1.53616
1.52842
1.52057
1.51285
1.50401
1.49065
1.47028
1.44599
1.42787
1.41828
1.4126
1.40772
1.40318
1.39868
1.39443
1.39092
1.3871
1.382
1.37649
1.37086
1.36532
1.35934
1.34898
1.33071
1.30785
1.29277
1.2861
1.28203
1.27912
1.27764
1.2747
1.27015
1.26501
1.25972
1.25499
1.24965
1.24084
1.22639
1.2076
1.19263
1.18517
1.18115
1.17831
1.17639
1.17342
1.16961
1.16544
1.16102
1.15662
1.15093
1.14153
1.12715
1.10961
1.09726
1.09209
1.08904
1.08612
1.0832
1.08102
1.0804
1.08215
1.08236
1.08072
1.07921
1.07581
1.06787
1.06441
1.06876
1.08003
1.09534
1.11964
1.145
1.16757
1.19678
1.23228
1.2707
1.29271
1.3014
1.30693
1.31509
1.3212
1.32189
1.31874
1.31886
1.32128
1.32377
1.32936
1.34178
1.34921
1.349
1.34988
1.35289
1.35444
1.35124
1.34549
1.35089
1.3606
1.37368
1.39201
1.41541
1.44386
1.47631
1.50917
1.539
1.56712
1.5872
1.60122
1.6143
1.62657
1.63885
1.64965
1.6589
1.67042
1.6859
1.70172
1.71282
1.71815
1.71793
1.71441
1.70887
1.7026
1.69906
1.69627
1.69294
1.68938
1.68648
1.68694
1.68824
1.68735
1.68516
1.68126
1.67528
1.66805
1.66095
1.65584
1.65146
1.64656
1.64288
1.64092
1.64033
1.64238
1.64846
1.65229
1.65233
1.6521
1.65186
1.65104
1.64744
1.64018
1.63716
1.6381
1.6399
1.64251
1.64745
1.65739
1.66628
1.6689
1.66922
1.66776
1.66337
1.65512
1.64773
1.64468
1.64339
1.6427
1.64362
1.64936
1.65741
1.65975
1.65895
1.65706
1.65324
1.64544
1.63598
1.63087
1.62891
1.62778
1.62892
1.63394
1.63614
1.63502
1.63296
1.62927
1.62283
1.61617
1.61284
1.61071
1.60943
1.6099
1.6112
1.61002
1.60838
1.60607
1.60229
1.59767
1.59492
1.5932
1.59135
1.5902
1.59035
1.591
1.58978
1.58797
1.58597
1.5828
1.57791
1.57161
1.56702
1.56448
1.56222
1.5604
1.55935
1.55999
1.56195
1.56119
1.5597
1.55809
1.55576
1.55252
1.54729
1.5392
1.53264
1.52958
1.52744
1.5258
1.52537
1.52887
1.53287
1.53229
1.53062
1.52882
1.5261
1.52011
1.50962
1.50287
1.50059
1.4988
1.49704
1.49553
1.49491
1.49611
1.49627
1.49463
1.49277
1.49065
1.48774
1.48233
1.47433
1.47038
1.46864
1.46724
1.46659
1.4673
1.46711
1.46543
1.46362
1.46164
1.45925
1.45554
1.45005
1.44631
1.44422
1.4423
1.44043
1.43864
1.43688
1.43547
1.43268
1.70967
1.70138
1.69393
1.68646
1.67924
1.67311
1.66892
1.66338
1.65612
1.64876
1.64119
1.63278
1.62154
1.60457
1.58875
1.58034
1.57328
1.56625
1.55912
1.55176
1.54406
1.53596
1.52705
1.51573
1.49944
1.47692
1.45337
1.43895
1.43188
1.42657
1.42155
1.4168
1.41228
1.40838
1.40559
1.40213
1.39693
1.39132
1.38552
1.37918
1.37071
1.35608
1.33378
1.31327
1.30356
1.29861
1.29468
1.2923
1.29235
1.29126
1.28713
1.28231
1.27722
1.27127
1.26159
1.24577
1.22605
1.21124
1.20369
1.19928
1.19604
1.19459
1.1963
1.19606
1.19238
1.18799
1.18306
1.17607
1.16335
1.14429
1.12522
1.11297
1.10631
1.10217
1.09894
1.09745
1.09797
1.09709
1.09456
1.09146
1.08741
1.08098
1.06943
1.05057
1.03793
1.03481
1.03275
1.03153
1.03161
1.03355
1.03875
1.04719
1.05832
1.07496
1.08601
1.09326
1.10791
1.12232
1.13898
1.16173
1.18583
1.21082
1.23536
1.25605
1.27653
1.30225
1.333
1.35363
1.36429
1.37535
1.38869
1.40386
1.4233
1.44392
1.46541
1.48943
1.51707
1.54915
1.58322
1.60761
1.62211
1.6318
1.63742
1.64046
1.64266
1.64637
1.65058
1.65711
1.6696
1.69039
1.71074
1.71934
1.72061
1.71702
1.71248
1.70708
1.69668
1.68665
1.68234
1.68049
1.68068
1.68656
1.69643
1.69979
1.69919
1.69772
1.69316
1.68404
1.66964
1.65699
1.64978
1.64601
1.64427
1.64496
1.6509
1.65784
1.65908
1.65791
1.6562
1.65338
1.648
1.63916
1.63185
1.62812
1.62612
1.62568
1.62707
1.63095
1.63771
1.64614
1.65359
1.65785
1.66016
1.6612
1.6606
1.65719
1.65287
1.65049
1.64976
1.65027
1.65264
1.65501
1.65574
1.65524
1.65401
1.65185
1.64858
1.6435
1.63802
1.63561
1.63486
1.63529
1.63738
1.63906
1.63943
1.6384
1.63653
1.63354
1.62863
1.62106
1.61483
1.61197
1.61042
1.60989
1.61212
1.61663
1.618
1.6166
1.61418
1.61
1.6023
1.59442
1.59111
1.58962
1.5889
1.59045
1.59567
1.6003
1.60011
1.59804
1.59447
1.58696
1.5747
1.56576
1.56248
1.56089
1.56025
1.56212
1.5679
1.57313
1.5735
1.57198
1.56959
1.56501
1.55521
1.54307
1.53678
1.53402
1.53215
1.53108
1.53172
1.53465
1.53673
1.5367
1.53603
1.53497
1.53298
1.53049
1.52787
1.52496
1.52166
1.51704
1.50957
1.50266
1.4998
1.49794
1.49615
1.4945
1.49333
1.49374
1.4968
1.49762
1.49616
1.49449
1.49261
1.48938
1.48133
1.46974
1.46471
1.46271
1.46093
1.45954
1.45959
1.46323
1.46522
1.46391
1.46226
1.46037
1.45718
1.4508
1.44491
1.4427
1.44105
1.43962
1.43898
1.44044
1.44151
1.43832
1.71442
1.7068
1.69916
1.69162
1.68457
1.67904
1.67384
1.66664
1.6592
1.65165
1.64371
1.63493
1.62426
1.61065
1.59713
1.58756
1.57993
1.57261
1.56517
1.55729
1.54865
1.5389
1.52711
1.51023
1.48369
1.45864
1.44868
1.44321
1.43813
1.43331
1.42864
1.42403
1.41998
1.41691
1.41287
1.40743
1.40186
1.39621
1.38993
1.381
1.36367
1.33549
1.31801
1.31226
1.30813
1.30502
1.30421
1.3041
1.30077
1.29605
1.2912
1.28608
1.2796
1.26835
1.24682
1.22415
1.21553
1.21138
1.20805
1.2062
1.20752
1.20873
1.20556
1.20126
1.19679
1.1917
1.18419
1.16952
1.14401
1.12521
1.119
1.11524
1.11218
1.11076
1.11277
1.11342
1.11016
1.10603
1.1017
1.09669
1.08854
1.07091
1.04407
1.03034
1.02624
1.02299
1.02021
1.01865
1.01915
1.02266
1.02615
1.02523
1.02362
1.02243
1.01976
1.00844
0.996865
0.998823
1.00736
1.02375
1.04693
1.07753
1.11676
1.16014
1.21064
1.27105
1.32358
1.35983
1.39289
1.42303
1.45144
1.47993
1.51097
1.54577
1.58203
1.61939
1.66419
1.71859
1.75216
1.76788
1.77924
1.78314
1.7765
1.76007
1.74911
1.74674
1.7459
1.74663
1.75614
1.78102
1.79486
1.79017
1.78105
1.7657
1.74241
1.71123
1.68181
1.67143
1.66774
1.66498
1.66509
1.6758
1.69467
1.70078
1.69936
1.69649
1.69085
1.67452
1.64591
1.63312
1.63141
1.63041
1.63031
1.63478
1.64956
1.66389
1.66448
1.66252
1.66038
1.65675
1.64715
1.62787
1.61522
1.61306
1.6127
1.61301
1.61531
1.62338
1.6411
1.65642
1.66136
1.66432
1.66659
1.6664
1.65819
1.64777
1.64567
1.64563
1.64542
1.64707
1.65549
1.66448
1.66432
1.66227
1.65988
1.65514
1.64399
1.63153
1.62779
1.62666
1.62598
1.62748
1.63493
1.64314
1.64366
1.64208
1.63966
1.63405
1.62146
1.60966
1.60621
1.60453
1.60318
1.60416
1.6127
1.62141
1.62106
1.61902
1.61601
1.60855
1.59514
1.58781
1.58579
1.58428
1.584
1.58969
1.60057
1.60269
1.60081
1.59834
1.59338
1.58035
1.56277
1.5564
1.55457
1.55312
1.55299
1.55959
1.57383
1.57863
1.57721
1.57531
1.57227
1.564
1.54558
1.53112
1.52756
1.52574
1.52407
1.52324
1.52731
1.53881
1.54435
1.54329
1.54146
1.53946
1.53677
1.53191
1.52541
1.52075
1.5174
1.51347
1.50757
1.50225
1.49977
1.49794
1.49612
1.49438
1.4931
1.49344
1.49619
1.49639
1.49476
1.49301
1.49103
1.4875
1.47872
1.46705
1.46265
1.4608
1.45906
1.45772
1.45837
1.46309
1.46463
1.46308
1.46134
1.45937
1.45612
1.44946
1.44289
1.44032
1.43847
1.43672
1.43558
1.43652
1.43823
1.43532
)
;

boundaryField
{
    inlet
    {
        type            calculated;
        value           nonuniform 0();
    }
    outlet
    {
        type            calculated;
        value           nonuniform List<scalar> 
16
(
1.41833
1.42535
1.43193
1.43607
1.44064
1.44335
1.4487
1.44272
1.43726
1.43528
1.4342
1.43443
1.43144
1.43255
1.43821
1.43518
)
;
    }
    bottom
    {
        type            symmetryPlane;
    }
    top
    {
        type            symmetryPlane;
    }
    obstacle
    {
        type            calculated;
        value           nonuniform 0();
    }
    defaultFaces
    {
        type            empty;
    }
    procBoundary3to1
    {
        type            processor;
        value           nonuniform List<scalar> 
288
(
1.40562
1.39817
1.39078
1.38343
1.37534
1.36843
1.36269
1.35664
1.34854
1.33823
1.33524
1.33574
1.33726
1.34055
1.34648
1.35791
1.37566
1.39956
1.43414
1.4773
1.52407
1.57777
1.63206
1.67999
1.72924
1.77898
1.81734
1.83524
1.84072
1.83925
1.84079
1.84383
1.84768
1.85668
1.86172
1.85968
1.8536
1.84057
1.82725
1.82188
1.81972
1.82183
1.82998
1.8327
1.82982
1.82576
1.81742
1.79756
1.77328
1.76456
1.76187
1.75929
1.75737
1.7587
1.77051
1.78729
1.78867
1.78522
1.78159
1.77639
1.76398
1.73642
1.71241
1.70606
1.70289
1.70013
1.69895
1.70423
1.72075
1.72837
1.72526
1.7213
1.71617
1.70571
1.68291
1.66119
1.65475
1.65143
1.64858
1.6468
1.64869
1.65921
1.66676
1.66471
1.66132
1.65731
1.65089
1.63593
1.61242
1.6011
1.59756
1.59463
1.59248
1.59321
1.59975
1.60241
1.59982
1.59664
1.59282
1.58694
1.57463
1.55831
1.55124
1.54796
1.5451
1.54341
1.54489
1.54666
1.54438
1.54128
1.53789
1.53333
1.52468
1.51067
1.50194
1.49841
1.49543
1.49263
1.49032
1.48912
1.48932
1.48823
1.48559
1.48269
1.4796
1.47603
1.47078
1.45991
1.44395
1.43617
1.43325
1.43066
1.42834
1.42701
1.42833
1.42983
1.42808
1.42575
1.42323
1.41975
1.41262
1.40169
1.39593
1.39341
1.391
1.3883
1.38487
1.3806
1.37745
1.3754
1.3737
1.37209
1.37036
1.36844
1.36636
1.36416
1.36178
1.35905
1.35521
1.34771
1.336
1.32946
1.32683
1.32455
1.32263
1.32159
1.32086
1.31903
1.3169
1.31453
1.31145
1.30588
1.29576
1.2882
1.28517
1.28265
1.28032
1.27882
1.27746
1.2752
1.27276
1.2702
1.26719
1.26232
1.25263
1.24218
1.23773
1.23514
1.23276
1.2307
1.22942
1.22846
1.22673
1.2249
1.22309
1.2211
1.21834
1.21257
1.20183
1.19276
1.18946
1.18806
1.18711
1.18659
1.18616
1.18568
1.18528
1.18509
1.18516
1.18525
1.18477
1.18466
1.18532
1.18484
1.18552
1.19125
1.2006
1.21403
1.23046
1.24995
1.27516
1.29914
1.32283
1.35328
1.37386
1.38895
1.41154
1.43379
1.44734
1.4647
1.48746
1.49832
1.50721
1.51783
1.52316
1.52709
1.52921
1.52907
1.52707
1.52371
1.52374
1.52549
1.52933
1.53485
1.53533
1.53369
1.53137
1.52831
1.52257
1.51252
1.50113
1.49565
1.49372
1.49215
1.49202
1.49536
1.49659
1.4949
1.49326
1.49111
1.48497
1.47397
1.46845
1.46644
1.46476
1.46407
1.46501
1.46437
1.4628
1.46115
1.45872
1.4533
1.44562
1.4414
1.43889
1.43666
1.4349
1.43373
1.43239
1.43099
1.42951
1.42695
1.422
1.41888
1.4172
1.41559
1.41485
1.41181
)
;
    }
    procBoundary3to2
    {
        type            processor;
        value           nonuniform List<scalar> 
16
(
1.46291
1.50112
1.53318
1.56388
1.58982
1.60906
1.62245
1.63343
1.6542
1.67606
1.69438
1.70904
1.71858
1.72392
1.72158
1.72208
)
;
    }
}


// ************************************************************************* //
