/*--------------------------------*- C++ -*----------------------------------*\
  =========                 |
  \\      /  F ield         | OpenFOAM: The Open Source CFD Toolbox
   \\    /   O peration     | Website:  https://openfoam.org
    \\  /    A nd           | Version:  7
     \\/     M anipulation  |
\*---------------------------------------------------------------------------*/
FoamFile
{
    version     2.0;
    format      ascii;
    class       volScalarField;
    location    "3";
    object      p;
}
// * * * * * * * * * * * * * * * * * * * * * * * * * * * * * * * * * * * * * //

dimensions      [1 -1 -2 0 0 0 0];

internalField   nonuniform List<scalar> 
4608
(
1.69237
1.69335
1.69251
1.69176
1.69201
1.69414
1.70153
1.71535
1.72261
1.72333
1.72305
1.72131
1.7174
1.71188
1.70638
1.70245
1.69912
1.69597
1.69361
1.69185
1.69201
1.697
1.70465
1.7068
1.70294
1.69843
1.69415
1.69007
1.68579
1.68079
1.67425
1.6678
1.66341
1.65957
1.65662
1.65773
1.6653
1.66833
1.66393
1.6585
1.65154
1.63937
1.61924
1.60475
1.59959
1.59546
1.5915
1.58867
1.59075
1.60237
1.61106
1.60774
1.60268
1.59728
1.59018
1.57798
1.55877
1.54538
1.53999
1.53549
1.53138
1.52928
1.53393
1.54505
1.54638
1.5416
1.53655
1.53036
1.51869
1.49392
1.4688
1.46026
1.45583
1.45187
1.45049
1.45945
1.47986
1.48526
1.48126
1.47676
1.47109
1.45729
1.42984
1.41212
1.4086
1.40641
1.40435
1.40513
1.41752
1.43663
1.43956
1.43642
1.43286
1.42714
1.4117
1.38388
1.3692
1.36585
1.36338
1.36237
1.36923
1.38554
1.38988
1.38703
1.38345
1.3781
1.36478
1.34033
1.3255
1.32083
1.3173
1.31417
1.31327
1.32172
1.33076
1.32823
1.32462
1.32055
1.31403
1.29852
1.27474
1.2637
1.25927
1.25523
1.25225
1.25372
1.26311
1.26557
1.26253
1.25955
1.2558
1.24719
1.22632
1.20772
1.20276
1.19975
1.19675
1.1948
1.19789
1.20614
1.2056
1.20185
1.19802
1.19332
1.18445
1.16669
1.15319
1.14895
1.14572
1.14294
1.14196
1.14566
1.14726
1.14475
1.14205
1.139
1.13335
1.11862
1.09945
1.09283
1.0901
1.0874
1.08499
1.08411
1.0873
1.08813
1.08507
1.08182
1.07842
1.07378
1.06469
1.05182
1.04595
1.0432
1.0406
1.03829
1.03695
1.03697
1.03534
1.03259
1.02983
1.02615
1.01795
1.00086
0.989047
0.985856
0.98351
0.981198
0.979232
0.978329
0.980113
0.981116
0.978419
0.975251
0.972094
0.967716
0.959217
0.949686
0.945906
0.943661
0.941538
0.939519
0.937807
0.936402
0.934139
0.931256
0.927423
0.919069
0.904759
0.897336
0.895034
0.893163
0.891556
0.890862
0.892473
0.894278
0.893414
0.892152
0.889959
0.886569
0.88039
0.869925
0.862637
0.859427
0.857294
0.855409
0.853624
0.851965
0.850328
0.848498
0.846123
0.841372
0.832153
0.825513
0.822694
0.820531
0.818755
0.817746
0.816678
0.815624
0.81459
0.813271
0.811678
0.809054
0.802625
0.794658
0.790388
0.787269
0.785008
0.783138
0.781464
0.779888
0.778296
0.776628
0.774783
0.772341
0.767653
0.76058
0.757483
0.755655
0.754119
0.753342
0.751719
0.750236
0.749023
0.747666
0.745356
0.74062
0.731978
0.727344
0.725861
0.724252
0.722329
0.721961
0.721398
0.719717
0.718072
0.716499
0.714165
0.709722
0.702458
0.698861
0.697826
0.696928
0.696127
0.695581
0.695321
0.693208
1.69047
1.6921
1.69181
1.69151
1.69189
1.69381
1.69964
1.71293
1.72342
1.72485
1.72461
1.72221
1.71559
1.70628
1.70137
1.69916
1.69657
1.69337
1.69078
1.68942
1.69072
1.69567
1.6978
1.69533
1.69176
1.68803
1.68527
1.68293
1.68109
1.67864
1.67494
1.66959
1.6635
1.65929
1.65577
1.65396
1.65693
1.66078
1.65813
1.65331
1.64798
1.64046
1.62711
1.61051
1.60215
1.59784
1.59387
1.59048
1.58978
1.59585
1.60362
1.60204
1.59723
1.59216
1.58638
1.57861
1.56652
1.5517
1.54231
1.53721
1.53283
1.52932
1.52958
1.5364
1.54076
1.53765
1.5328
1.52739
1.52006
1.50691
1.4848
1.46551
1.45789
1.45366
1.45064
1.45265
1.46416
1.47728
1.47754
1.47319
1.4687
1.4621
1.44797
1.4254
1.41098
1.40708
1.40482
1.40379
1.40888
1.424
1.43459
1.43336
1.43001
1.42605
1.41839
1.39996
1.37589
1.36655
1.36383
1.36192
1.36349
1.37454
1.38579
1.38494
1.3814
1.3771
1.36942
1.35212
1.33014
1.32054
1.31659
1.31315
1.311
1.31479
1.32543
1.32572
1.32226
1.31843
1.31344
1.30381
1.28348
1.26487
1.2587
1.25467
1.25119
1.25016
1.25628
1.26264
1.26049
1.25736
1.254
1.24829
1.23418
1.21257
1.20303
1.19976
1.19669
1.19413
1.19463
1.20185
1.20402
1.20061
1.19684
1.19272
1.18651
1.17335
1.1559
1.14866
1.14532
1.14229
1.14041
1.14227
1.14532
1.14336
1.14067
1.13784
1.13359
1.12337
1.10447
1.09384
1.09068
1.08799
1.08545
1.0839
1.08561
1.08718
1.08452
1.08128
1.078
1.07398
1.06691
1.05426
1.04567
1.04255
1.03991
1.03744
1.03572
1.0355
1.03468
1.03214
1.02942
1.02618
1.02013
1.00598
0.991196
0.986612
0.984161
0.981809
0.979672
0.978275
0.978911
0.980484
0.978651
0.975638
0.972625
0.968889
0.962135
0.952101
0.946705
0.944271
0.94215
0.940133
0.938381
0.936974
0.934938
0.93217
0.92859
0.921674
0.90838
0.899448
0.896854
0.894998
0.893388
0.89256
0.893664
0.895751
0.895027
0.893685
0.891612
0.888436
0.883296
0.873928
0.865537
0.861862
0.859735
0.857849
0.856008
0.854218
0.852423
0.850504
0.848283
0.844572
0.836836
0.829472
0.826756
0.824794
0.823122
0.821689
0.820139
0.818814
0.817377
0.815722
0.813851
0.811204
0.805653
0.797625
0.792698
0.789487
0.787285
0.785479
0.783853
0.78233
0.780849
0.779426
0.778011
0.776288
0.773249
0.767236
0.763222
0.761182
0.759325
0.757754
0.755691
0.753868
0.752096
0.750199
0.747704
0.74361
0.735873
0.730668
0.729268
0.727869
0.726101
0.725605
0.725109
0.723398
0.721724
0.720189
0.718227
0.715014
0.709305
0.704354
0.702877
0.70184
0.700822
0.69992
0.699105
0.696495
1.6941
1.69602
1.69492
1.69111
1.68974
1.69126
1.69501
1.70528
1.72087
1.72709
1.72785
1.72583
1.71631
1.69953
1.69185
1.69022
1.68869
1.68737
1.6869
1.68977
1.69879
1.70427
1.70331
1.70101
1.69555
1.68629
1.68101
1.6791
1.67746
1.67665
1.67707
1.67532
1.67175
1.66781
1.66383
1.66013
1.65656
1.65277
1.64867
1.64403
1.63916
1.63347
1.62473
1.6137
1.6078
1.60426
1.60112
1.59883
1.59822
1.59942
1.59734
1.59274
1.5875
1.58137
1.57556
1.56976
1.56296
1.55589
1.55025
1.54512
1.54041
1.5364
1.53316
1.52988
1.52611
1.52348
1.52131
1.51761
1.51299
1.50744
1.49951
1.48786
1.47341
1.46142
1.455
1.45067
1.44884
1.45174
1.45862
1.46181
1.45941
1.45611
1.45218
1.44509
1.43263
1.41782
1.40966
1.40661
1.40485
1.40708
1.4155
1.42287
1.42243
1.4196
1.41623
1.41046
1.39785
1.37836
1.36689
1.36359
1.36141
1.3618
1.36845
1.37586
1.37504
1.37143
1.36705
1.36014
1.34644
1.32767
1.31768
1.31371
1.31062
1.30922
1.31322
1.3192
1.31738
1.31406
1.31024
1.30513
1.29531
1.27648
1.26137
1.25623
1.25244
1.24921
1.24809
1.25153
1.25256
1.24938
1.24608
1.2423
1.23596
1.22219
1.20584
1.19983
1.19689
1.19411
1.19221
1.19333
1.19768
1.1967
1.19325
1.18963
1.18551
1.17904
1.16601
1.15136
1.14577
1.14259
1.13973
1.13799
1.13781
1.13639
1.13361
1.13068
1.12725
1.12162
1.10945
1.09621
1.09174
1.08918
1.08675
1.08497
1.08501
1.08549
1.08306
1.07999
1.07686
1.07338
1.06843
1.05899
1.04715
1.04194
1.03924
1.03671
1.03433
1.03216
1.02984
1.02719
1.02433
1.02113
1.01663
1.0076
0.99418
0.987665
0.985148
0.98297
0.980985
0.979327
0.97824
0.977402
0.975426
0.972698
0.969813
0.966669
0.962778
0.956778
0.948545
0.943025
0.940164
0.937747
0.935387
0.933012
0.930498
0.92764
0.923885
0.917247
0.906187
0.898926
0.896603
0.894881
0.893324
0.892192
0.891928
0.891519
0.890009
0.888431
0.886626
0.884191
0.880794
0.874908
0.866477
0.860352
0.857324
0.855149
0.853141
0.851234
0.849409
0.847487
0.845368
0.842637
0.838237
0.830802
0.82407
0.821279
0.81917
0.817062
0.815479
0.814168
0.812917
0.811579
0.810107
0.808247
0.805029
0.79914
0.792931
0.788854
0.786199
0.784179
0.782313
0.780503
0.778715
0.777011
0.775356
0.773479
0.770787
0.765375
0.758267
0.755229
0.753229
0.751834
0.750125
0.748548
0.747223
0.745859
0.744088
0.741703
0.738244
0.73266
0.727984
0.726033
0.724068
0.722544
0.721707
0.719887
0.718114
0.716472
0.714586
0.712097
0.708439
0.702275
0.696933
0.695359
0.694436
0.693529
0.692977
0.691231
1.69952
1.7033
1.70126
1.69159
1.6865
1.68636
1.6884
1.69797
1.7152
1.72305
1.72406
1.72269
1.71322
1.69112
1.67643
1.67375
1.67267
1.67204
1.67281
1.67904
1.69403
1.70397
1.70514
1.70446
1.70002
1.687
1.67388
1.67018
1.66833
1.66646
1.66637
1.6721
1.67488
1.67223
1.6689
1.6647
1.65857
1.64933
1.63994
1.63358
1.62864
1.62308
1.61554
1.60976
1.60679
1.60409
1.60206
1.60205
1.60471
1.60284
1.59848
1.5933
1.58609
1.57444
1.56303
1.55788
1.55404
1.55086
1.54944
1.55035
1.54907
1.54524
1.5406
1.53404
1.52324
1.51349
1.50871
1.50485
1.50212
1.50071
1.49748
1.49299
1.48755
1.47998
1.46786
1.45252
1.44468
1.44081
1.43871
1.43945
1.44483
1.44811
1.44665
1.44429
1.44144
1.43643
1.42663
1.41242
1.40459
1.40192
1.4008
1.40322
1.40997
1.41231
1.41038
1.40772
1.40405
1.3963
1.38066
1.36556
1.3605
1.35772
1.3561
1.35816
1.36487
1.3659
1.36254
1.35852
1.35317
1.34292
1.32592
1.31488
1.31071
1.30721
1.30502
1.30675
1.31079
1.3089
1.30542
1.30151
1.29638
1.28664
1.26877
1.25545
1.25067
1.24687
1.24354
1.2422
1.24409
1.24279
1.23941
1.23622
1.23258
1.22625
1.21332
1.20101
1.19692
1.19412
1.19138
1.18951
1.19032
1.19241
1.19016
1.18665
1.18303
1.1787
1.17153
1.15801
1.14554
1.14083
1.13756
1.13462
1.13266
1.13098
1.12835
1.1256
1.12278
1.11917
1.11229
1.10024
1.09277
1.09005
1.08761
1.08551
1.08454
1.08408
1.08164
1.0786
1.07553
1.07223
1.06805
1.06067
1.04882
1.0414
1.03825
1.03549
1.03275
1.02997
1.02719
1.02441
1.02157
1.01851
1.01454
1.00713
0.995336
0.988722
0.986189
0.984084
0.98195
0.979671
0.977396
0.975031
0.972571
0.970122
0.967591
0.964901
0.961902
0.957728
0.950713
0.942802
0.938329
0.935451
0.932748
0.930021
0.927241
0.924268
0.920656
0.915148
0.90697
0.900399
0.897189
0.895089
0.893184
0.891416
0.889707
0.887799
0.885668
0.883384
0.881578
0.879739
0.877325
0.873807
0.867976
0.860445
0.855207
0.852464
0.850381
0.84847
0.846661
0.844902
0.843099
0.841183
0.838712
0.834445
0.826826
0.819332
0.816057
0.813721
0.811573
0.810093
0.808827
0.807621
0.806297
0.804805
0.802968
0.800002
0.795027
0.78938
0.78534
0.782783
0.780824
0.778976
0.7772
0.775573
0.774083
0.772469
0.770291
0.766062
0.757637
0.751794
0.749706
0.748092
0.746439
0.744759
0.743435
0.742269
0.741121
0.739908
0.73822
0.735528
0.730796
0.725724
0.723333
0.721285
0.719783
0.717888
0.716214
0.714659
0.713215
0.711485
0.708912
0.703936
0.695999
0.691504
0.690177
0.689133
0.688438
0.687223
1.69512
1.70032
1.69843
1.68851
1.68497
1.68596
1.69004
1.70244
1.72044
1.72649
1.72646
1.72451
1.71644
1.69576
1.67415
1.66815
1.66603
1.66421
1.66352
1.66855
1.68597
1.70131
1.70397
1.7041
1.70093
1.68731
1.66742
1.66057
1.65872
1.65704
1.6578
1.66723
1.67416
1.67177
1.66849
1.66412
1.65609
1.64417
1.63527
1.63045
1.62648
1.62207
1.61605
1.60829
1.60309
1.59994
1.59716
1.59535
1.59628
1.60024
1.59875
1.59485
1.58973
1.58012
1.56357
1.55268
1.54852
1.54491
1.54279
1.54541
1.54831
1.54498
1.54072
1.53563
1.52679
1.51159
1.50084
1.49641
1.49264
1.49004
1.48973
1.48864
1.48483
1.48034
1.47408
1.46316
1.44745
1.43762
1.43341
1.43058
1.43079
1.4361
1.4394
1.43822
1.43622
1.43412
1.43095
1.42347
1.40945
1.40002
1.39728
1.396
1.39875
1.40426
1.40396
1.40155
1.39895
1.39534
1.38773
1.37192
1.3582
1.35383
1.3509
1.34907
1.35201
1.35923
1.35947
1.35622
1.35256
1.34764
1.33728
1.31939
1.30876
1.30461
1.30091
1.29849
1.30047
1.30377
1.30147
1.29796
1.29427
1.28939
1.27906
1.26074
1.25042
1.24643
1.24261
1.23945
1.23839
1.23883
1.23607
1.23287
1.2297
1.22586
1.2192
1.2069
1.19715
1.19366
1.19076
1.18797
1.18602
1.18615
1.18629
1.18339
1.17992
1.17629
1.17193
1.16449
1.1507
1.14064
1.13663
1.13309
1.13012
1.12712
1.12383
1.12084
1.11812
1.11531
1.11155
1.1047
1.09487
1.08912
1.08644
1.08393
1.08196
1.08084
1.07845
1.07536
1.07227
1.06899
1.06505
1.05901
1.04861
1.03885
1.03486
1.03215
1.02948
1.02682
1.02415
1.02145
1.01865
1.01559
1.01174
1.00542
0.995171
0.988092
0.985417
0.983342
0.981322
0.97913
0.9766
0.973648
0.970459
0.967348
0.964384
0.961393
0.958079
0.953633
0.946573
0.939114
0.935184
0.932565
0.930046
0.927382
0.924476
0.921405
0.918146
0.914137
0.908193
0.901116
0.896793
0.894458
0.892626
0.890965
0.889312
0.887481
0.885073
0.881225
0.876548
0.87392
0.871877
0.869432
0.866315
0.861894
0.855833
0.8508
0.847902
0.845683
0.843526
0.841454
0.839632
0.837944
0.836225
0.834136
0.830746
0.824411
0.81667
0.812551
0.810154
0.808037
0.805998
0.803969
0.802032
0.800322
0.798744
0.796998
0.794725
0.791593
0.787264
0.782457
0.778976
0.776807
0.775
0.773378
0.77193
0.770471
0.76871
0.766101
0.760507
0.751726
0.747956
0.746338
0.744563
0.742377
0.740669
0.739086
0.737727
0.736595
0.735523
0.734225
0.732309
0.728762
0.723551
0.720751
0.718809
0.716685
0.714834
0.713311
0.711981
0.710736
0.709072
0.706434
0.701643
0.694226
0.688595
0.686645
0.685708
0.684024
1.68138
1.68585
1.68365
1.67444
1.67068
1.67182
1.67694
1.68947
1.70661
1.71325
1.71426
1.71401
1.71045
1.69979
1.68028
1.66695
1.66432
1.66264
1.66144
1.66514
1.68328
1.70232
1.70431
1.7032
1.69979
1.68675
1.66395
1.65428
1.6521
1.65048
1.65212
1.66275
1.66886
1.66632
1.66316
1.65777
1.64658
1.63629
1.63292
1.63054
1.62805
1.62482
1.62025
1.6126
1.60102
1.5935
1.58975
1.58655
1.58495
1.58869
1.59605
1.59513
1.5917
1.58631
1.57381
1.55417
1.54459
1.54061
1.5373
1.53707
1.54182
1.54107
1.53716
1.53278
1.52685
1.51535
1.49832
1.48963
1.48573
1.48244
1.48105
1.481
1.47809
1.47413
1.4701
1.46482
1.45564
1.44211
1.43339
1.42969
1.42686
1.42492
1.42552
1.42953
1.43027
1.42823
1.42576
1.42239
1.41535
1.40355
1.39562
1.39317
1.39176
1.39069
1.39193
1.39484
1.39358
1.39085
1.38666
1.37736
1.36171
1.35239
1.34927
1.34688
1.34614
1.35224
1.35988
1.35826
1.35469
1.3506
1.34371
1.32874
1.30979
1.30194
1.29815
1.29472
1.29295
1.29767
1.30301
1.30035
1.29634
1.29204
1.28526
1.26962
1.24628
1.23537
1.23145
1.22794
1.22511
1.22478
1.23006
1.23236
1.22976
1.22678
1.22328
1.21687
1.203
1.18914
1.18452
1.18165
1.17896
1.17752
1.18177
1.18746
1.18521
1.1814
1.17731
1.17133
1.15856
1.13693
1.12495
1.12108
1.11794
1.11523
1.11383
1.11507
1.11542
1.11336
1.11099
1.10813
1.10373
1.09604
1.08768
1.08339
1.08015
1.07698
1.07398
1.07119
1.06825
1.06517
1.062
1.05842
1.05362
1.04597
1.03498
1.02803
1.0248
1.022
1.01928
1.01657
1.01379
1.01092
1.00789
1.00445
0.999758
0.993259
0.988518
0.985473
0.982569
0.979456
0.9759
0.97183
0.968063
0.965061
0.962242
0.959309
0.955937
0.951044
0.943261
0.936654
0.933451
0.930962
0.92838
0.925417
0.922217
0.91961
0.917347
0.914974
0.911968
0.907096
0.901499
0.898816
0.896899
0.894688
0.892242
0.88937
0.885708
0.880543
0.874702
0.87116
0.868986
0.866896
0.864561
0.861504
0.856459
0.850629
0.847103
0.844778
0.842649
0.840461
0.83816
0.835836
0.83364
0.831474
0.828803
0.824335
0.816747
0.811379
0.808885
0.806687
0.80449
0.802242
0.799884
0.79747
0.795251
0.793396
0.791754
0.789954
0.787482
0.784007
0.779713
0.775719
0.772988
0.770997
0.769225
0.767524
0.765767
0.76372
0.76033
0.752643
0.746228
0.744367
0.742768
0.740734
0.738775
0.73714
0.735595
0.734092
0.732696
0.731437
0.729991
0.727857
0.723821
0.719375
0.717179
0.71504
0.712949
0.711322
0.709723
0.70821
0.706849
0.705166
0.702377
0.696608
0.689839
0.686719
0.685184
0.68276
1.65758
1.66402
1.66676
1.6657
1.66285
1.66157
1.66406
1.67007
1.67778
1.68487
1.69203
1.69761
1.69998
1.69926
1.69189
1.67486
1.66199
1.6596
1.65809
1.65938
1.67311
1.69567
1.70037
1.69803
1.69413
1.68254
1.66067
1.64931
1.64656
1.64516
1.64839
1.65734
1.65819
1.65544
1.65152
1.64323
1.6333
1.62968
1.62739
1.62671
1.62899
1.62713
1.62302
1.61632
1.60254
1.58438
1.57637
1.57258
1.56985
1.57164
1.58523
1.59423
1.59207
1.58851
1.58129
1.56316
1.54266
1.53569
1.53168
1.52816
1.52724
1.53233
1.53202
1.52796
1.52353
1.51701
1.50411
1.48634
1.47726
1.47306
1.46915
1.4661
1.46558
1.46698
1.4646
1.46094
1.4568
1.45035
1.43902
1.42756
1.42267
1.41942
1.41622
1.41321
1.41123
1.41056
1.41127
1.41123
1.40969
1.40735
1.40279
1.39453
1.38621
1.38315
1.38184
1.38048
1.37908
1.3769
1.37416
1.37081
1.36477
1.35561
1.34982
1.34679
1.34471
1.34441
1.34604
1.34518
1.34255
1.33952
1.33609
1.33005
1.31633
1.30168
1.29581
1.29197
1.28883
1.28793
1.28969
1.28797
1.28448
1.28081
1.27614
1.26688
1.24729
1.23239
1.22789
1.22454
1.2217
1.22172
1.23096
1.23849
1.23615
1.23241
1.2284
1.22182
1.20614
1.18726
1.18128
1.17853
1.17605
1.17569
1.18001
1.18013
1.17659
1.17274
1.16846
1.16199
1.14737
1.12705
1.11899
1.11575
1.11282
1.11054
1.11055
1.11727
1.12136
1.11935
1.11664
1.11317
1.10535
1.08939
1.07911
1.07575
1.07282
1.07008
1.06889
1.07174
1.07184
1.06889
1.06587
1.06243
1.05629
1.04239
1.02889
1.02453
1.02184
1.01922
1.01702
1.0164
1.01699
1.01504
1.01233
1.00954
1.00586
0.999141
0.986648
0.977133
0.97371
0.971181
0.968974
0.96791
0.968239
0.967041
0.964742
0.962252
0.959203
0.95334
0.94121
0.931344
0.928049
0.925826
0.923784
0.922227
0.92207
0.923267
0.922459
0.920631
0.9184
0.915207
0.909603
0.899435
0.889218
0.884757
0.881856
0.878882
0.875844
0.873515
0.871639
0.869916
0.868019
0.865634
0.861921
0.855508
0.849877
0.846998
0.844807
0.842794
0.840911
0.839123
0.837379
0.835593
0.833618
0.831385
0.828464
0.821761
0.812188
0.80782
0.805753
0.803655
0.80143
0.799275
0.797464
0.795843
0.794194
0.792327
0.789898
0.787848
0.786315
0.784515
0.781874
0.777741
0.773186
0.770244
0.768257
0.766462
0.764414
0.7607
0.752264
0.744956
0.743048
0.741726
0.740299
0.739018
0.737251
0.735673
0.734239
0.732712
0.731181
0.729774
0.72834
0.726379
0.722153
0.717227
0.715267
0.713669
0.711902
0.71028
0.708831
0.707284
0.705636
0.703632
0.700024
0.693038
0.687947
0.686209
0.685067
0.682908
1.57719
1.60118
1.62684
1.64449
1.65224
1.65214
1.64431
1.64241
1.64576
1.65007
1.65977
1.68016
1.69661
1.69874
1.69695
1.6867
1.66758
1.65873
1.65656
1.65576
1.66367
1.68478
1.69375
1.69098
1.68607
1.67405
1.65299
1.64304
1.64063
1.64006
1.64593
1.65253
1.65143
1.64891
1.64256
1.62871
1.61989
1.61738
1.61547
1.61761
1.6268
1.62758
1.62317
1.61633
1.60131
1.57779
1.567
1.56349
1.56109
1.56268
1.57663
1.59063
1.58962
1.58624
1.5809
1.5672
1.5426
1.52886
1.52453
1.52091
1.51849
1.52002
1.52389
1.52105
1.51676
1.51213
1.5048
1.48919
1.47132
1.46448
1.46054
1.45693
1.45453
1.45584
1.4602
1.45878
1.45535
1.4515
1.44559
1.43373
1.41777
1.4105
1.40715
1.40392
1.40083
1.39828
1.39699
1.3981
1.40082
1.40081
1.3997
1.39737
1.39107
1.37957
1.37149
1.36916
1.36745
1.3655
1.36348
1.36223
1.36058
1.35752
1.35441
1.35086
1.34678
1.34232
1.33827
1.33533
1.33244
1.3291
1.32526
1.32082
1.31463
1.30499
1.29669
1.29187
1.28786
1.2845
1.28204
1.2797
1.27656
1.27305
1.26875
1.26143
1.24657
1.23246
1.2274
1.22393
1.22103
1.22055
1.22592
1.22864
1.22584
1.22241
1.21886
1.21283
1.19825
1.18194
1.17675
1.17393
1.17125
1.16988
1.17294
1.17476
1.17172
1.16808
1.164
1.15705
1.14077
1.12163
1.11527
1.11212
1.10934
1.10821
1.11321
1.1185
1.11681
1.11398
1.11088
1.10633
1.09605
1.08032
1.07337
1.07037
1.06748
1.06525
1.06576
1.06753
1.06506
1.06182
1.05863
1.05459
1.04673
1.03206
1.02323
1.02032
1.01778
1.01554
1.01451
1.01456
1.01244
1.00937
1.00621
1.0026
0.99712
0.986883
0.978795
0.975898
0.973565
0.971641
0.969827
0.967487
0.964944
0.962316
0.959594
0.956567
0.95252
0.945975
0.938787
0.934839
0.932171
0.929707
0.92747
0.925395
0.923269
0.920811
0.917651
0.913987
0.910126
0.904914
0.895312
0.886301
0.883341
0.881419
0.879651
0.87846
0.878542
0.878823
0.877389
0.875501
0.873425
0.870862
0.866327
0.858914
0.854907
0.85292
0.850902
0.848863
0.846855
0.844907
0.843002
0.840982
0.838365
0.83329
0.82154
0.809355
0.805515
0.80371
0.801954
0.80055
0.800597
0.80287
0.802312
0.800929
0.799536
0.797977
0.795862
0.791835
0.783652
0.777361
0.775191
0.773515
0.772067
0.770893
0.769605
0.768217
0.76604
0.760472
0.748832
0.742411
0.740925
0.739642
0.738337
0.737268
0.735882
0.734333
0.732879
0.731436
0.729931
0.728141
0.725273
0.720133
0.71634
0.715082
0.714032
0.713142
0.712192
0.710946
0.709788
0.708647
0.707492
0.70522
0.699469
0.690388
0.685909
0.684375
0.683281
0.681374
1.34806
1.41057
1.47961
1.52725
1.56327
1.58294
1.59229
1.59459
1.60339
1.61365
1.63111
1.66195
1.68058
1.6838
1.68424
1.67758
1.66113
1.65039
1.64858
1.64757
1.65367
1.67343
1.68296
1.68081
1.67553
1.66127
1.64195
1.63627
1.63475
1.63588
1.64503
1.65022
1.64851
1.64506
1.63396
1.61532
1.60806
1.60545
1.60399
1.61011
1.62348
1.6238
1.61912
1.61184
1.59545
1.57062
1.56043
1.55765
1.55597
1.55891
1.57385
1.58406
1.58148
1.57748
1.57199
1.56147
1.53944
1.52138
1.51638
1.51303
1.51062
1.51206
1.51851
1.51741
1.51317
1.50851
1.50207
1.48915
1.468
1.45628
1.45181
1.44787
1.44501
1.4462
1.45454
1.45698
1.45385
1.45031
1.44587
1.4376
1.42011
1.4032
1.3976
1.39421
1.39086
1.38788
1.38608
1.38693
1.38999
1.39018
1.38916
1.38802
1.38583
1.378
1.36435
1.35755
1.35563
1.35404
1.35223
1.35058
1.35177
1.35714
1.35682
1.35372
1.3501
1.34475
1.33525
1.32403
1.31873
1.3157
1.31285
1.31033
1.30846
1.30534
1.30162
1.29729
1.29192
1.28419
1.27421
1.26843
1.26488
1.26117
1.25695
1.2515
1.24316
1.23391
1.22899
1.22559
1.22303
1.22249
1.22374
1.22222
1.21901
1.2157
1.21218
1.20672
1.19424
1.17864
1.17296
1.17016
1.16768
1.16685
1.16941
1.16874
1.16544
1.16194
1.15782
1.15062
1.13463
1.11858
1.11359
1.11056
1.10806
1.10814
1.11437
1.11674
1.11429
1.11145
1.10826
1.10276
1.08956
1.07383
1.06822
1.06513
1.06217
1.06021
1.06239
1.06547
1.06315
1.06015
1.05711
1.05231
1.04065
1.02496
1.01907
1.01638
1.01379
1.01165
1.01158
1.01348
1.01172
1.00882
1.0059
1.0023
0.995453
0.982787
0.974449
0.971351
0.968684
0.966279
0.964971
0.965263
0.963869
0.961338
0.958776
0.95579
0.950474
0.939719
0.930805
0.92765
0.925335
0.923115
0.921196
0.920044
0.919278
0.91736
0.915176
0.912812
0.908939
0.89982
0.88726
0.881781
0.879458
0.877329
0.875287
0.873753
0.87318
0.871886
0.869745
0.86753
0.865165
0.862024
0.856264
0.849329
0.846339
0.844354
0.842393
0.840558
0.83866
0.83673
0.834764
0.832583
0.829274
0.821633
0.810361
0.805517
0.803749
0.802067
0.800445
0.799344
0.799354
0.798408
0.796605
0.794945
0.793319
0.791525
0.789183
0.785297
0.780421
0.778159
0.776692
0.775182
0.773554
0.771852
0.76977
0.765943
0.757689
0.749173
0.746513
0.745148
0.743829
0.742554
0.741399
0.740407
0.739127
0.737769
0.736436
0.735095
0.733649
0.731794
0.728191
0.720559
0.715117
0.713644
0.712493
0.71141
0.710106
0.708762
0.707429
0.705915
0.703114
0.696249
0.686954
0.683815
0.682753
0.681836
0.682298
0.684059
0.962687
1.01897
1.08696
1.14582
1.20318
1.26322
1.3099
1.35385
1.40299
1.45426
1.50856
1.56442
1.60254
1.61833
1.62685
1.62688
1.61562
1.61069
1.61442
1.61999
1.63512
1.66236
1.67375
1.67341
1.66914
1.65429
1.637
1.63259
1.63087
1.63397
1.64606
1.64925
1.64644
1.64021
1.62203
1.6015
1.59554
1.59213
1.59154
1.60316
1.61648
1.61451
1.60982
1.60131
1.58137
1.56052
1.55547
1.55368
1.55274
1.5579
1.57398
1.58044
1.57698
1.57241
1.56569
1.55115
1.525
1.51001
1.50608
1.50312
1.50124
1.50395
1.51431
1.51606
1.51193
1.50687
1.49903
1.4819
1.45725
1.44614
1.44164
1.43754
1.4346
1.4368
1.44903
1.45452
1.45163
1.44798
1.44358
1.43641
1.42008
1.39695
1.38722
1.38349
1.37999
1.37684
1.37499
1.37678
1.3813
1.38158
1.38022
1.37871
1.37647
1.37044
1.35606
1.34554
1.34324
1.34232
1.34152
1.34115
1.3453
1.35488
1.35649
1.35372
1.35037
1.34499
1.33323
1.316
1.30774
1.30452
1.30159
1.29897
1.29795
1.30036
1.29983
1.2966
1.29262
1.28597
1.27221
1.25713
1.25165
1.24831
1.24477
1.24107
1.23771
1.2345
1.23124
1.22788
1.22465
1.22152
1.21824
1.21504
1.21204
1.20896
1.20556
1.20046
1.18945
1.17543
1.16991
1.16711
1.16464
1.16357
1.16411
1.16208
1.15883
1.15546
1.15155
1.14512
1.13133
1.11712
1.11244
1.10955
1.10712
1.10671
1.11086
1.11193
1.10923
1.10627
1.10289
1.09695
1.08332
1.06928
1.06468
1.06175
1.05918
1.05853
1.06118
1.06055
1.05763
1.05473
1.05148
1.0458
1.03276
1.01945
1.01525
1.0127
1.01027
1.00881
1.01016
1.01031
1.00757
1.00463
1.0015
0.997009
0.987715
0.97637
0.972074
0.969521
0.967046
0.965165
0.964183
0.962078
0.959405
0.956691
0.953707
0.94961
0.941783
0.931835
0.927716
0.925442
0.923261
0.921402
0.920173
0.918461
0.916176
0.913767
0.911095
0.907423
0.900246
0.8882
0.881167
0.878556
0.876279
0.874082
0.872485
0.872308
0.871986
0.870038
0.867901
0.865718
0.86328
0.859584
0.852434
0.84625
0.843906
0.842045
0.840224
0.838447
0.836657
0.834828
0.832657
0.828925
0.820321
0.809808
0.806096
0.804403
0.802689
0.801178
0.800506
0.800766
0.799375
0.797591
0.796047
0.794584
0.793147
0.791626
0.789397
0.78427
0.776282
0.772824
0.771235
0.769588
0.767825
0.76597
0.763868
0.760832
0.75484
0.746238
0.742088
0.740558
0.739332
0.738211
0.737252
0.736509
0.73559
0.734369
0.733031
0.731624
0.730137
0.728499
0.726469
0.72382
0.72099
0.718767
0.717054
0.715384
0.713711
0.71187
0.70911
0.702684
0.690985
0.684622
0.68308
0.682011
0.680786
0.679383
0.678227
0.676732
0.850451
0.858473
0.868634
0.87677
0.887572
0.905686
0.930961
0.966916
1.0128
1.07043
1.14316
1.21587
1.29284
1.35049
1.39121
1.44035
1.48556
1.50841
1.53492
1.56428
1.59558
1.63393
1.65033
1.65338
1.65182
1.63964
1.62636
1.62407
1.62388
1.63104
1.64404
1.64527
1.6413
1.63001
1.60601
1.58498
1.57948
1.57629
1.579
1.59617
1.60731
1.60487
1.60108
1.59366
1.57378
1.55366
1.54946
1.54777
1.54725
1.55581
1.57347
1.57598
1.57151
1.56614
1.5577
1.53793
1.50788
1.49541
1.49218
1.48975
1.48885
1.49503
1.51053
1.5143
1.51011
1.50485
1.49567
1.47388
1.44572
1.43529
1.43093
1.42688
1.42426
1.42803
1.44445
1.45306
1.45038
1.44667
1.4422
1.43386
1.41219
1.38491
1.37565
1.37179
1.36815
1.36509
1.36414
1.36942
1.37531
1.37451
1.37232
1.36985
1.36591
1.35525
1.33771
1.33108
1.33043
1.33036
1.33084
1.33277
1.34031
1.35183
1.35347
1.35112
1.34797
1.34273
1.33074
1.31019
1.29902
1.29545
1.29241
1.29005
1.29058
1.29454
1.29333
1.2904
1.28703
1.28198
1.26986
1.2506
1.24141
1.23795
1.23482
1.23186
1.23
1.23122
1.23174
1.22896
1.22571
1.22185
1.2163
1.20876
1.2031
1.1997
1.19643
1.19248
1.18585
1.17489
1.16754
1.16436
1.1617
1.15963
1.15813
1.15538
1.1522
1.14892
1.14513
1.13931
1.12746
1.1147
1.11018
1.1074
1.10497
1.10397
1.10623
1.10613
1.10332
1.10035
1.097
1.09154
1.07951
1.06626
1.06154
1.05861
1.05596
1.05458
1.0557
1.05484
1.05203
1.04921
1.04595
1.03976
1.02618
1.01493
1.01153
1.00906
1.00681
1.00576
1.00708
1.00619
1.00341
1.00062
0.997524
0.992539
0.982093
0.972031
0.968428
0.965766
0.963217
0.961501
0.960992
0.959252
0.956786
0.954248
0.951432
0.9471
0.937935
0.927921
0.924109
0.921715
0.919403
0.917258
0.915549
0.913845
0.91157
0.90914
0.906423
0.902354
0.893732
0.8834
0.879375
0.877224
0.875145
0.873164
0.871676
0.870972
0.869613
0.867521
0.865274
0.86285
0.859893
0.854913
0.847344
0.842567
0.840245
0.838188
0.836132
0.834038
0.831862
0.829532
0.82678
0.822421
0.814191
0.807109
0.804849
0.803299
0.801736
0.800229
0.798951
0.798189
0.796767
0.794884
0.793045
0.791161
0.789066
0.786312
0.781477
0.774949
0.771962
0.770453
0.769029
0.767661
0.766182
0.764443
0.761879
0.756327
0.747736
0.742701
0.74058
0.739146
0.738029
0.737079
0.736355
0.736025
0.736001
0.73546
0.734454
0.733136
0.731694
0.730127
0.727972
0.723719
0.716436
0.711737
0.709763
0.708125
0.706517
0.704737
0.70212
0.696753
0.687576
0.681689
0.68034
0.679506
0.679073
0.678891
0.678565
0.678992
0.871632
0.86996
0.868503
0.866894
0.862911
0.853635
0.848974
0.84949
0.852695
0.860931
0.875506
0.89604
0.920223
0.949954
0.986717
1.03218
1.08955
1.1486
1.20886
1.28722
1.35524
1.40881
1.46588
1.50058
1.5206
1.53799
1.54607
1.55727
1.57141
1.59233
1.60933
1.6119
1.60929
1.6006
1.5826
1.57083
1.56887
1.56798
1.57437
1.59286
1.60193
1.5988
1.59453
1.58714
1.56954
1.55135
1.54637
1.54411
1.5432
1.55192
1.56583
1.56378
1.55811
1.55223
1.54274
1.51984
1.49011
1.48056
1.47809
1.47642
1.47725
1.48847
1.50803
1.5107
1.50636
1.50108
1.49075
1.46478
1.43554
1.42645
1.42237
1.41877
1.41696
1.42334
1.44377
1.45306
1.44994
1.44602
1.4414
1.43213
1.40752
1.37559
1.36437
1.36002
1.35613
1.35321
1.35375
1.36367
1.37053
1.36875
1.36592
1.3626
1.35609
1.33825
1.31991
1.31689
1.31667
1.31717
1.31907
1.32398
1.3363
1.34847
1.34946
1.34762
1.34401
1.33671
1.31961
1.29831
1.29029
1.2867
1.2834
1.28128
1.2835
1.28814
1.28671
1.2843
1.28149
1.27716
1.26589
1.24468
1.23346
1.23009
1.22709
1.22435
1.22348
1.22798
1.22935
1.22646
1.22337
1.21994
1.21517
1.20613
1.19532
1.1898
1.18644
1.18318
1.17966
1.17503
1.16778
1.16119
1.15755
1.15447
1.15149
1.14845
1.14544
1.1424
1.139
1.13403
1.12397
1.11166
1.10673
1.10397
1.10153
1.10024
1.10093
1.1
1.09734
1.09453
1.09129
1.08579
1.07398
1.06251
1.05851
1.05569
1.0532
1.05191
1.05128
1.04899
1.04627
1.04348
1.03984
1.03249
1.01883
1.01055
1.00772
1.00526
1.0032
1.00258
1.00304
1.001
0.998238
0.995448
0.992045
0.985765
0.97496
0.968797
0.966291
0.963944
0.961946
0.960725
0.958679
0.956048
0.953351
0.950443
0.946795
0.940363
0.929544
0.922879
0.920238
0.91795
0.915739
0.913741
0.912032
0.910108
0.907921
0.905587
0.90269
0.897245
0.8869
0.879505
0.876873
0.874735
0.872655
0.871081
0.870609
0.869813
0.867939
0.865811
0.863538
0.860849
0.856188
0.847509
0.841295
0.838875
0.836851
0.83488
0.832973
0.831065
0.829167
0.827179
0.824627
0.819477
0.809781
0.803718
0.801598
0.799741
0.797892
0.796467
0.79689
0.798872
0.79777
0.79591
0.794208
0.792442
0.790104
0.785662
0.777544
0.771318
0.768946
0.767263
0.765619
0.763933
0.762128
0.760099
0.757663
0.754059
0.747518
0.741473
0.739069
0.737431
0.736013
0.734791
0.73357
0.732216
0.730765
0.729252
0.72759
0.725714
0.723597
0.720988
0.716926
0.712229
0.70994
0.708571
0.707477
0.706448
0.705268
0.703614
0.699706
0.691146
0.684913
0.683979
0.683942
0.684468
0.686299
0.690255
0.696653
0.718126
0.920824
0.91578
0.909999
0.902777
0.890526
0.872515
0.864563
0.861878
0.860334
0.860573
0.862738
0.862723
0.861501
0.859875
0.857647
0.85917
0.865399
0.875628
0.89323
0.924336
0.965392
1.00568
1.05416
1.10415
1.15212
1.21384
1.2715
1.31639
1.37499
1.43819
1.47324
1.50599
1.52983
1.5375
1.54335
1.54686
1.54677
1.55212
1.56351
1.58167
1.58921
1.58833
1.58585
1.57976
1.56482
1.5479
1.54144
1.53646
1.53425
1.54233
1.54905
1.54505
1.5407
1.53649
1.52745
1.50435
1.47881
1.47153
1.46912
1.46752
1.4703
1.48717
1.50204
1.49937
1.49477
1.48969
1.47979
1.45502
1.42845
1.42058
1.41674
1.41368
1.4133
1.42419
1.44183
1.44243
1.43795
1.43329
1.42764
1.41703
1.39172
1.36413
1.35482
1.35035
1.34659
1.34444
1.34826
1.3609
1.36464
1.36216
1.35915
1.35465
1.34245
1.31859
1.30575
1.30391
1.30324
1.3037
1.30691
1.3164
1.33386
1.34466
1.3456
1.34441
1.34055
1.33046
1.3076
1.28685
1.28106
1.27747
1.2742
1.27297
1.27838
1.28221
1.2801
1.27767
1.27472
1.26874
1.25227
1.23264
1.22657
1.22384
1.22116
1.21936
1.22214
1.22792
1.22617
1.223
1.21973
1.2155
1.20696
1.19276
1.1844
1.18094
1.17795
1.17493
1.17182
1.16865
1.16532
1.16137
1.15537
1.14788
1.1434
1.14036
1.13749
1.13465
1.13166
1.12784
1.12079
1.10987
1.10386
1.10102
1.09854
1.09679
1.09597
1.09393
1.09115
1.08828
1.08495
1.07987
1.06995
1.05913
1.05497
1.0522
1.0496
1.04765
1.04542
1.04266
1.03991
1.03696
1.03305
1.02517
1.01258
1.00644
1.004
1.00174
0.999905
0.999208
0.998395
0.996024
0.993427
0.990706
0.98712
0.980102
0.969707
0.964692
0.962169
0.959726
0.957685
0.956769
0.955402
0.952864
0.95019
0.947259
0.942969
0.934046
0.922893
0.918268
0.915871
0.913656
0.911549
0.909704
0.907983
0.905911
0.903695
0.901188
0.89738
0.889503
0.880731
0.877374
0.875304
0.873314
0.871643
0.870671
0.869448
0.867499
0.865387
0.863184
0.860727
0.856987
0.84933
0.84138
0.838222
0.836133
0.834083
0.832027
0.829954
0.82784
0.825594
0.82292
0.818698
0.811104
0.805001
0.80279
0.801105
0.79944
0.797756
0.796036
0.79426
0.79235
0.79037
0.788393
0.786392
0.784155
0.780933
0.775376
0.770299
0.768342
0.767019
0.765751
0.764516
0.763217
0.761771
0.759919
0.756228
0.747636
0.740462
0.738224
0.736496
0.734815
0.733674
0.732387
0.730861
0.729328
0.727851
0.72644
0.725096
0.723744
0.722206
0.719364
0.712783
0.707256
0.705841
0.705694
0.706053
0.706254
0.705431
0.704309
0.70215
0.69935
0.701577
0.710527
0.725107
0.746202
0.775432
0.809443
0.845656
0.916875
0.98087
0.975134
0.968008
0.956972
0.937962
0.922379
0.915771
0.910655
0.905749
0.900554
0.895431
0.889917
0.882841
0.87193
0.864021
0.861524
0.859861
0.860143
0.861613
0.86178
0.861215
0.861414
0.86031
0.859415
0.866224
0.881318
0.907076
0.942482
0.98906
1.05042
1.10656
1.164
1.22568
1.26637
1.31222
1.36482
1.39488
1.4292
1.47063
1.49725
1.51931
1.5303
1.53268
1.53175
1.52299
1.513
1.50954
1.50901
1.51419
1.52906
1.53615
1.53403
1.53108
1.52616
1.51535
1.49343
1.47375
1.46826
1.46569
1.46434
1.47058
1.48813
1.49091
1.48586
1.48089
1.47522
1.46494
1.44226
1.42085
1.41495
1.41173
1.40942
1.411
1.42484
1.43664
1.43386
1.42938
1.42442
1.41665
1.39842
1.36819
1.35192
1.3468
1.34301
1.34053
1.34223
1.35369
1.35874
1.35567
1.35216
1.34757
1.33819
1.31839
1.30064
1.29588
1.29362
1.29234
1.29325
1.30045
1.31427
1.3227
1.32467
1.3253
1.32463
1.32109
1.31094
1.29195
1.27846
1.27411
1.27047
1.26719
1.26643
1.27272
1.27686
1.27505
1.27268
1.26952
1.26177
1.24227
1.22399
1.21931
1.21659
1.21414
1.21406
1.22208
1.22642
1.22371
1.22056
1.21668
1.20875
1.19203
1.18
1.17636
1.1737
1.17114
1.16858
1.16599
1.16325
1.16029
1.157
1.15308
1.14694
1.13742
1.131
1.12785
1.12499
1.12197
1.11851
1.11346
1.10619
1.10153
1.09885
1.09679
1.09487
1.09247
1.08996
1.08744
1.08473
1.08113
1.07387
1.06116
1.05371
1.05083
1.04827
1.04573
1.04312
1.04052
1.03793
1.0352
1.03191
1.02632
1.01485
1.0044
1.00102
0.998704
0.996496
0.994885
0.994492
0.993378
0.991048
0.988593
0.985838
0.981531
0.972646
0.96406
0.961109
0.959039
0.957002
0.955315
0.953868
0.951497
0.948888
0.946131
0.94269
0.936617
0.925193
0.916504
0.913448
0.911138
0.908944
0.907049
0.905701
0.904034
0.90193
0.899717
0.897126
0.892808
0.884391
0.877503
0.874857
0.872712
0.870684
0.869207
0.868172
0.866382
0.864303
0.862198
0.859944
0.856762
0.850055
0.840723
0.836562
0.834491
0.832463
0.830522
0.828694
0.826668
0.824606
0.822498
0.820108
0.816385
0.809001
0.801299
0.79837
0.796598
0.79488
0.793154
0.791518
0.790244
0.788868
0.786954
0.784998
0.783018
0.78075
0.776847
0.770403
0.765916
0.763923
0.762326
0.760752
0.759116
0.757303
0.755184
0.752492
0.748472
0.742485
0.737424
0.734649
0.732444
0.730312
0.727987
0.725756
0.724434
0.72357
0.722821
0.721685
0.720608
0.719651
0.718529
0.714702
0.710521
0.70945
0.709642
0.711185
0.71625
0.726729
0.738969
0.754982
0.782235
0.811149
0.845891
0.895605
0.935491
0.981101
1.03583
1.07029
1.10596
1.15685
1.03179
1.02511
1.01414
0.993929
0.977944
0.972428
0.96801
0.96326
0.957904
0.951985
0.945037
0.935245
0.92043
0.907788
0.901756
0.896799
0.891719
0.887461
0.883245
0.878736
0.873344
0.864747
0.850507
0.841924
0.840372
0.839901
0.841038
0.844983
0.851495
0.859324
0.867458
0.876426
0.891506
0.913911
0.942542
0.983773
1.03078
1.08269
1.15002
1.20655
1.258
1.32128
1.3555
1.38198
1.41721
1.43124
1.44127
1.45717
1.47234
1.49072
1.50667
1.51046
1.51175
1.51023
1.50181
1.48488
1.47001
1.4636
1.46093
1.46021
1.46667
1.47381
1.47116
1.46637
1.46169
1.45661
1.44854
1.43181
1.41226
1.40587
1.40338
1.40166
1.40442
1.41681
1.42181
1.41775
1.41314
1.40775
1.39743
1.37308
1.34871
1.34165
1.33802
1.33518
1.33567
1.34728
1.35815
1.35594
1.35218
1.34697
1.33544
1.31196
1.29424
1.28948
1.28647
1.28422
1.28371
1.28961
1.30262
1.3084
1.30921
1.31012
1.31008
1.30546
1.293
1.28211
1.27735
1.27374
1.27103
1.26898
1.26923
1.27151
1.2691
1.26497
1.26096
1.25667
1.25051
1.23873
1.22261
1.21511
1.21236
1.20998
1.20869
1.21352
1.22223
1.22153
1.21867
1.21575
1.21087
1.19715
1.17709
1.16953
1.16685
1.16426
1.16237
1.16296
1.16255
1.16013
1.1573
1.15356
1.14628
1.13225
1.12307
1.12024
1.11804
1.11622
1.11391
1.11118
1.10837
1.10567
1.10255
1.09853
1.09271
1.08543
1.08112
1.07851
1.07599
1.07339
1.07051
1.0664
1.05831
1.04922
1.04536
1.04277
1.04017
1.03752
1.03485
1.03214
1.0293
1.02596
1.01999
1.00811
0.999655
0.996895
0.994647
0.992596
0.991344
0.990879
0.989061
0.986586
0.983965
0.980533
0.973817
0.962873
0.957114
0.954755
0.952525
0.950591
0.949847
0.949326
0.947316
0.945021
0.942561
0.939007
0.930811
0.917649
0.911472
0.909156
0.907116
0.905208
0.903669
0.902241
0.900269
0.898112
0.895706
0.892393
0.886036
0.877843
0.874277
0.872234
0.870223
0.868364
0.866861
0.864963
0.862769
0.860555
0.858192
0.855166
0.849621
0.840346
0.834925
0.832888
0.83107
0.829217
0.827289
0.825273
0.823216
0.821073
0.818621
0.815102
0.808477
0.800474
0.797095
0.795307
0.793659
0.792094
0.790758
0.789804
0.788633
0.786844
0.784853
0.782678
0.779658
0.773829
0.766126
0.762229
0.760285
0.758534
0.756885
0.755363
0.75382
0.752159
0.750268
0.747689
0.74267
0.734435
0.73037
0.72868
0.72717
0.725795
0.72473
0.72461
0.724809
0.725142
0.725789
0.726269
0.726365
0.726923
0.726763
0.729921
0.740447
0.757163
0.784295
0.817806
0.854541
0.907506
0.948363
0.988582
1.04432
1.07718
1.11086
1.15253
1.17388
1.19241
1.21028
1.22679
1.24314
1.24707
1.07433
1.06276
1.04209
1.02666
1.02129
1.01716
1.0139
1.00942
1.00416
0.998119
0.989874
0.975938
0.960931
0.953834
0.948657
0.94333
0.937611
0.931433
0.924712
0.916851
0.904997
0.885628
0.872292
0.867548
0.863803
0.861074
0.859658
0.857865
0.855531
0.853385
0.850779
0.843907
0.833384
0.82973
0.82989
0.832054
0.837588
0.845852
0.862256
0.888612
0.91604
0.950317
0.987155
1.02514
1.07725
1.12488
1.16558
1.22143
1.26901
1.29978
1.34191
1.37675
1.39365
1.41726
1.42709
1.42783
1.42881
1.42439
1.42365
1.42847
1.43342
1.43739
1.43912
1.44183
1.44385
1.4429
1.43979
1.43189
1.41717
1.40678
1.40288
1.39992
1.4018
1.4096
1.40843
1.40391
1.39917
1.39267
1.37902
1.35376
1.33853
1.3351
1.33237
1.33115
1.33828
1.35139
1.35097
1.34691
1.34219
1.33436
1.31662
1.29272
1.28302
1.27914
1.27586
1.27404
1.27808
1.29259
1.29949
1.29824
1.29684
1.29518
1.28919
1.27199
1.25765
1.25639
1.25694
1.25746
1.26031
1.26927
1.27459
1.27209
1.26795
1.26249
1.25422
1.24241
1.22887
1.21766
1.21181
1.2089
1.20656
1.20511
1.2075
1.21818
1.22215
1.21979
1.21691
1.21355
1.20649
1.18693
1.16663
1.16188
1.1596
1.1577
1.15884
1.16556
1.16528
1.1619
1.15831
1.1535
1.1434
1.1239
1.11219
1.10922
1.10682
1.10463
1.10375
1.10543
1.10487
1.1023
1.09926
1.09521
1.08843
1.07887
1.07263
1.06959
1.0671
1.06458
1.06173
1.05831
1.05404
1.04834
1.04173
1.03728
1.03453
1.03182
1.02904
1.0261
1.0225
1.01654
1.00585
0.997829
0.995249
0.993216
0.991447
0.990559
0.990517
0.98926
0.987208
0.984959
0.982261
0.977536
0.966816
0.955803
0.952345
0.95028
0.948328
0.946703
0.945011
0.942784
0.940438
0.937924
0.934821
0.929531
0.91868
0.908763
0.905552
0.903474
0.901526
0.899987
0.89938
0.89836
0.896499
0.894511
0.892074
0.887676
0.87861
0.871653
0.869293
0.867293
0.865368
0.864109
0.863876
0.862692
0.860712
0.858697
0.856433
0.852526
0.843171
0.832698
0.829206
0.827274
0.825351
0.823496
0.822132
0.821029
0.81931
0.817457
0.815436
0.812472
0.806143
0.797796
0.794087
0.792243
0.790594
0.789009
0.787483
0.785951
0.784196
0.782225
0.780062
0.777451
0.773315
0.766199
0.759986
0.757127
0.755203
0.753391
0.751466
0.749915
0.748555
0.747036
0.74529
0.742529
0.736446
0.730743
0.730011
0.729857
0.729713
0.729776
0.730298
0.731919
0.735086
0.74193
0.754929
0.76889
0.789711
0.820791
0.85294
0.898631
0.947077
0.991677
1.05702
1.10244
1.13635
1.18041
1.20058
1.21538
1.23436
1.24228
1.24822
1.25472
1.25826
1.26222
1.26743
1.27388
1.27592
1.27248
)
;

boundaryField
{
    inlet
    {
        type            fixedValue;
        value           nonuniform 0();
    }
    outlet
    {
        type            zeroGradient;
    }
    bottom
    {
        type            symmetryPlane;
    }
    top
    {
        type            symmetryPlane;
    }
    obstacle
    {
        type            zeroGradient;
    }
    defaultFaces
    {
        type            empty;
    }
    procBoundary1to0
    {
        type            processor;
        value           nonuniform List<scalar> 8(1.68887 1.68643 1.68929 1.69294 1.68711 1.67412 1.64664 1.55701);
    }
    procBoundary1to2
    {
        type            processor;
        value           nonuniform List<scalar> 8(1.2934 0.917852 0.845044 0.873253 0.925055 0.985882 1.03723 1.08147);
    }
    procBoundary1to3
    {
        type            processor;
        value           nonuniform List<scalar> 
288
(
1.10559
1.08347
1.07012
1.06489
1.06084
1.05814
1.05382
1.0485
1.04251
1.03418
1.01892
1.00275
0.996364
0.991706
0.98687
0.981773
0.976368
0.970395
0.963024
0.951044
0.931652
0.919153
0.914284
0.909908
0.906298
0.902271
0.897427
0.892248
0.886453
0.879614
0.86865
0.849951
0.837894
0.83443
0.831807
0.83015
0.829661
0.830901
0.832441
0.831569
0.830126
0.828359
0.825171
0.82436
0.829431
0.841633
0.859472
0.884666
0.919029
0.95404
0.99698
1.04754
1.09143
1.14817
1.20173
1.23101
1.27004
1.30172
1.32225
1.35217
1.3693
1.37577
1.38723
1.39834
1.41187
1.41988
1.42056
1.41677
1.40642
1.39691
1.39423
1.39375
1.39887
1.40182
1.39894
1.39521
1.38912
1.37887
1.3605
1.33978
1.33297
1.33045
1.32857
1.33115
1.3428
1.34599
1.34177
1.33672
1.32971
1.31611
1.29235
1.27813
1.27423
1.27135
1.26939
1.27044
1.28214
1.29077
1.2884
1.28543
1.28251
1.27678
1.25973
1.23717
1.23189
1.23306
1.23571
1.24062
1.25245
1.26901
1.27144
1.26848
1.26334
1.25301
1.2355
1.21906
1.21202
1.20913
1.20691
1.20501
1.20412
1.20601
1.20841
1.20659
1.20386
1.20149
1.19919
1.19662
1.19156
1.17767
1.16001
1.15442
1.15207
1.14983
1.14927
1.15253
1.15161
1.14829
1.14479
1.14019
1.13062
1.11328
1.10365
1.10091
1.09869
1.09678
1.09619
1.09949
1.10026
1.09785
1.09519
1.0923
1.08767
1.07725
1.06477
1.05926
1.05644
1.05412
1.05215
1.05064
1.04941
1.04733
1.04413
1.03921
1.03172
1.02479
1.02091
1.0178
1.01452
1.00989
1.00181
0.994005
0.990659
0.988662
0.98689
0.985487
0.984335
0.982361
0.980045
0.977587
0.974601
0.969695
0.959665
0.949498
0.946001
0.943767
0.941616
0.939814
0.938616
0.936729
0.934491
0.93213
0.929306
0.924145
0.913116
0.90432
0.901525
0.899464
0.897635
0.896587
0.896224
0.894745
0.892843
0.890896
0.888297
0.882889
0.87275
0.866432
0.864188
0.862281
0.86038
0.858603
0.857169
0.855448
0.853371
0.851218
0.848483
0.843226
0.833283
0.8271
0.825119
0.823439
0.821801
0.820322
0.818738
0.817142
0.815552
0.813801
0.811409
0.806774
0.798277
0.792097
0.789551
0.787575
0.785741
0.784008
0.782275
0.780426
0.778527
0.776645
0.774628
0.772169
0.768062
0.760787
0.75558
0.753492
0.752242
0.751238
0.750379
0.749517
0.748762
0.748061
0.746634
0.742606
0.737904
0.737378
0.738331
0.742168
0.751211
0.765197
0.787737
0.820213
0.854298
0.903223
0.957046
0.999043
1.05776
1.10833
1.14019
1.18343
1.21645
1.23941
1.26672
1.28111
1.28577
1.28642
1.28655
1.28641
1.28428
1.28101
1.27916
1.27791
1.27673
1.2759
1.27716
1.27562
1.27247
1.26503
)
;
    }
}


// ************************************************************************* //
