/*--------------------------------*- C++ -*----------------------------------*\
  =========                 |
  \\      /  F ield         | OpenFOAM: The Open Source CFD Toolbox
   \\    /   O peration     | Website:  https://openfoam.org
    \\  /    A nd           | Version:  7
     \\/     M anipulation  |
\*---------------------------------------------------------------------------*/
FoamFile
{
    version     2.0;
    format      ascii;
    class       volScalarField;
    location    "2.9";
    object      T;
}
// * * * * * * * * * * * * * * * * * * * * * * * * * * * * * * * * * * * * * //

dimensions      [0 0 0 1 0 0 0];

internalField   nonuniform List<scalar> 
4032
(
1
1
1
1
1
1
1
1
1
1
1
1
1
1
1
1
1
1
1
1
1
1
1
1
1
1
1
1
1
3.6147
5.75333
5.84302
5.86148
5.88642
5.91327
5.94036
5.96301
5.97692
5.98168
5.98196
5.98297
5.9881
5.99863
6.01109
6.02061
6.02544
6.02746
6.02909
1
1
1
1
1
1
1
1
1
1
1
1
1
1
1
1
1
1
1
1
1
1
1
1
1
1
1
1
1
3.58111
5.74397
5.84335
5.86207
5.8868
5.91356
5.94052
5.96286
5.97628
5.98062
5.98065
5.98156
5.9867
5.99716
6.00937
6.0186
6.02326
6.02528
6.02691
1
1
1
1
1
1
1
1
1
1
1
1
1
1
1
1
1
1
1
1
1
1
1
1
1
1
1
1
1
3.48333
5.72447
5.84094
5.85974
5.88467
5.91171
5.93884
5.96095
5.97374
5.97757
5.9775
5.97854
5.98397
5.99448
6.00632
6.01507
6.01948
6.02154
6.02328
1
1
1
1
1
1
1
1
1
1
1
1
1
1
1
1
1
1
1
1
1
1
1
1
1
1
1
1
1
3.31874
5.68093
5.8329
5.85457
5.88106
5.90901
5.9366
5.95852
5.9706
5.97382
5.97361
5.97484
5.9807
5.9913
6.00246
6.01022
6.01395
6.01571
6.01734
1
1
1
1
1
1
1
1
1
1
1
1
1
1
1
1
1
1
1
1
1
1
1
1
1
1
1
1
1
3.07778
5.60601
5.81703
5.844
5.87312
5.90244
5.93086
5.95297
5.96484
5.96784
5.96769
5.96927
5.97575
5.98667
5.99747
6.00449
6.00758
6.00884
6.01023
1
1
1
1
1
1
1
1
1
1
1
1
1
1
1
1
1
1
1
1
1
1
1
1
1
1
1
1
1
2.78383
5.51416
5.80206
5.83077
5.86153
5.8913
5.92037
5.94343
5.95618
5.95988
5.96027
5.96242
5.96943
5.98053
5.99099
5.99736
5.99992
6.00064
6.00176
1
1
1
1
1
1
1
1
1
1
1
1
1
1
1
1
1
1
1
1
1
1
1
1
1
1
1
1
1
2.41644
5.39147
5.79677
5.81909
5.84761
5.87605
5.90543
5.93003
5.94487
5.95018
5.95145
5.95408
5.96126
5.97229
5.98248
5.98848
5.99076
5.99105
5.99204
1
1
1
1
1
1
1
1
1
1
1
1
1
1
1
1
1
1
1
1
1
1
1
1
1
1
1
1
1
1.91418
5.20409
5.80086
5.80333
5.82797
5.85438
5.88392
5.91088
5.92927
5.93767
5.94069
5.94418
5.95158
5.96245
5.97232
5.97788
5.97977
5.97952
5.98019
1
1
1
1
1
1
1
1
1
1
1
1
1
1
1
1
1
1
1
1
1
1
1
1
1
1
1
1
1
1.31489
4.98266
5.80668
5.79021
5.80838
5.82905
5.8565
5.88499
5.90742
5.92013
5.92601
5.93093
5.93879
5.94954
5.95921
5.96459
5.96648
5.96612
5.9668
1
1
1
1
1
1
1
1
1
1
1
1
1
1
1
1
1
1
1
1
1
1
1
1
1
1
1
1
1
1.00613
4.78339
5.79057
5.78361
5.79722
5.81101
5.83201
5.85851
5.88255
5.89884
5.90796
5.9147
5.92333
5.93426
5.94385
5.94875
5.95018
5.94939
5.94961
1
1
1
1
1
1
1
1
1
1
1
1
1
1
1
1
1
1
1
1
1
1
1
1
1
1
1
1
1
1
4.50421
5.79585
5.79229
5.80013
5.81031
5.82254
5.83779
5.85719
5.8739
5.8853
5.89396
5.90352
5.91444
5.92378
5.92831
5.92958
5.92907
5.9297
1
1
1
1
1
1
1
1
1
1
1
1
1
1
1
1
1
1
1
1
1
1
1
1
1
1
1
1
1
1
4.09784
5.7473
5.78566
5.79722
5.80619
5.81206
5.82142
5.83391
5.84705
5.85836
5.86829
5.87873
5.88973
5.8995
5.90397
5.9046
5.90257
5.90093
1
1
1
1
1
1
1
1
1
1
1
1
1
1
1
1
1
1
1
1
1
1
1
1
1
1
1
1
1
1
3.561
5.60267
5.7685
5.79363
5.80849
5.81242
5.81352
5.81718
5.82396
5.83125
5.83974
5.84948
5.8592
5.86771
5.87014
5.86989
5.86651
5.86582
1
1
1
1
1
1
1
1
1
1
1
1
1
1
1
1
1
1
1
1
1
1
1
1
1
1
1
1
1
1
2.7394
5.26914
5.71615
5.76587
5.79286
5.80396
5.8055
5.80535
5.80553
5.80681
5.81021
5.81516
5.82191
5.82863
5.83028
5.82919
5.81987
5.80603
1
1
1
1
1
1
1
1
1
1
1
1
1
1
1
1
1
1
1
1
1
1
1
1
1
1
1
1
1
1
1.42615
4.85574
5.66485
5.70342
5.74894
5.77703
5.7877
5.78994
5.78775
5.78463
5.78209
5.77947
5.78052
5.7816
5.77717
5.76335
5.7426
5.72358
1
1
1
1
1
1
1
1
1
1
1
1
1
1
1
1
1
1
1
1
1
1
1
1
1
1
1
1
1
1
1.01215
4.63368
5.59676
5.63102
5.6777
5.72285
5.75245
5.76545
5.76551
5.76144
5.75368
5.74366
5.73454
5.72481
5.71045
5.68878
5.66843
5.67502
1
1
1
1
1
1
1
1
1
1
1
1
1
1
1
1
1
1
1
1
1
1
1
1
1
1
1
1
1
1
0.99998
4.14701
5.53658
5.58815
5.62605
5.66608
5.70303
5.72819
5.7361
5.7332
5.72317
5.7078
5.6884
5.66712
5.63604
5.58241
5.4544
5.20066
1
1
1
1
1
1
1
1
1
1
1
1
1
1
1
1
1
1
1
1
1
1
1
1
1
1
1
1
1
1
0.999995
3.30789
5.36732
5.55626
5.59544
5.623
5.65171
5.68021
5.69638
5.69715
5.68826
5.66973
5.64132
5.60396
5.54896
5.45386
5.30093
4.90651
1
1
1
1
1
1
1
1
1
1
1
1
1
1
1
1
1
1
1
1
1
1
1
1
1
1
1
1
1
1
1
1.94632
4.96962
5.52471
5.55188
5.57652
5.60097
5.62654
5.64676
5.65322
5.64656
5.62755
5.59346
5.54334
5.46801
5.35744
5.14854
4.75356
1
1
1
1
1
1
1
1
1
1
1
1
1
1
1
1
1
1
1
1
1
1
1
1
1
1
1
1
1
1
1
1.06199
4.61961
5.50566
5.50059
5.51977
5.5448
5.56797
5.58908
5.60041
5.59617
5.57924
5.54296
5.48598
5.39666
5.27221
5.04206
4.68887
1
1
1
1
1
1
1
1
1
1
1
1
1
1
1
1
1
1
1
1
1
1
1
1
1
1
1
1
1
1
1
1.00004
3.9328
5.38232
5.45611
5.48534
5.49758
5.51245
5.52902
5.54083
5.53868
5.52489
5.4906
5.43157
5.33892
5.20463
4.9825
4.70439
1
1
1
1
1
1
1
1
1
1
1
1
1
1
1
1
1
1
1
1
1
1
1
1
1
1
1
1
1
1
1
0.999982
2.56144
5.04478
5.40968
5.44631
5.46077
5.46894
5.47596
5.48097
5.47775
5.46468
5.43329
5.37745
5.28868
5.15335
4.95549
4.7243
1
1
1
1
1
1
1
1
1
1
1
1
1
1
1
1
1
1
1
1
1
1
1
1
1
1
1
1
1
1
1
0.999997
1.1773
4.61363
5.41235
5.40851
5.41629
5.42335
5.42363
5.42217
5.41627
5.40179
5.37275
5.32205
5.2395
5.11344
4.94591
4.74972
1
1
1
1
1
1
1
1
1
1
1
1
1
1
1
1
1
1
1
1
1
1
1
1
1
1
1
1
1
1
1
1
1.0014
3.91759
5.25558
5.33632
5.36501
5.37211
5.36993
5.36498
5.3549
5.3384
5.30948
5.26396
5.18907
5.08019
4.93929
4.77032
1
1
1
1
1
1
1
1
1
1
1
1
1
1
1
1
1
1
1
1
1
1
1
1
1
1
1
1
1
1
1
1
0.999998
2.27306
4.84243
5.28773
5.30907
5.32362
5.32388
5.31832
5.30483
5.28342
5.25061
5.20578
5.13869
5.0474
4.92924
4.79015
1
1
1
1
1
1
1
1
1
1
1
1
1
1
1
1
1
1
1
1
1
1
1
1
1
1
1
1
1
1
1
1
1
1.1079
4.43394
5.24248
5.23667
5.25492
5.26576
5.26381
5.25263
5.2304
5.19646
5.15064
5.08887
5.01083
4.91141
4.78963
1
1
1
1
1
1
1
1
1
1
1
1
1
1
1
1
1
1
1
1
1
1
1
1
1
1
1
1
1
1
1
1
1
1.0003
3.31765
4.98792
5.14363
5.18435
5.20382
5.20874
5.20115
5.18086
5.14743
5.10147
5.04257
4.9721
4.8862
4.78308
1
1
1
1
1
1
1
1
1
1
1
1
1
1
1
1
1
1
1
1
1
1
1
1
1
1
1
1
1
1
1
1
1
0.999979
1.46708
4.50391
5.15344
5.1419
5.1504
5.15576
5.14822
5.12957
5.09887
5.05583
5.00042
4.9353
4.85801
4.76852
1
1
1
1
1
1
1
1
1
1
1
1
1
1
1
1
1
1
1
1
1
1
1
1
1
1
1
1
1
1
1
1
1
0.999997
1.0111
3.78005
4.98532
5.06698
5.08759
5.09002
5.08421
5.07036
5.04592
5.00911
4.95938
4.89938
4.8286
4.74891
1
1
1
1
1
1
1
1
1
1
1
1
1
1
1
1
1
1
1
1
1
1
1
1
1
1
1
1
1
1
1
1
1
1
0.99999
1.83989
4.4524
5.03828
5.03608
5.0347
5.02777
5.01472
4.99313
4.96056
4.91684
4.86321
4.79945
4.72859
1
1
1
1
1
1
1
1
1
1
1
1
1
1
1
1
1
1
1
1
1
1
1
1
1
1
1
1
1
1
1
1
1
1
0.999997
1.0402
3.90533
4.92926
4.97142
4.96655
4.96024
4.95016
4.93237
4.90474
4.86772
4.82141
4.76599
4.70452
1
1
1
1
1
1
1
1
1
1
1
1
1
1
1
1
1
1
1
1
1
1
1
1
1
1
1
1
1
1
1
1
1
1
1
1.00001
2.04797
4.40691
4.91631
4.90301
4.90317
4.89662
4.88103
4.85692
4.82525
4.78528
4.7361
4.68092
1
1
1
1
1
1
1
1
1
1
1
1
1
1
1
1
1
1
1
1
1
1
1
1
1
1
1
1
1
1
1
1
1
1
1
0.999992
1.06442
3.85378
4.84425
4.84239
4.83777
4.83126
4.81939
4.80024
4.77409
4.74068
4.69913
4.64998
1
1
1
1
1
1
1
1
1
1
1
1
1
1
1
1
1
1
1
1
1
1
1
1
1
1
1
1
1
1
1
1
1
1
1
0.999999
1.00008
2.04868
4.31598
4.78525
4.76612
4.76739
4.76189
4.74838
4.72714
4.69876
4.6639
4.62106
1
1
1
1
1
1
1
1
1
1
1
1
1
1
1
1
1
1
1
1
1
1
1
1
1
1
1
1
1
1
1
1
1
1
1
1
0.999991
1.06337
3.58502
4.68763
4.7241
4.71484
4.70389
4.69205
4.67543
4.65223
4.62254
4.58675
1
1
1
1
1
1
1
1
1
1
1
1
1
1
1
1
1
1
1
1
1
1
1
1
1
1
1
1
1
1
1
1
1
1
1
1
0.999999
1.0001
1.81582
4.13169
4.66735
4.64245
4.64116
4.63444
4.62256
4.6049
4.58004
4.54974
1
1
1
1
1
1
1
1
1
1
1
1
1
1
1
1
1
1
1
1
1
1
1
1
1
1
1
1
1
1
1
1
1
1
1
1
1
0.999996
1.03419
2.99507
4.37928
4.60389
4.58968
4.5824
4.57288
4.55881
4.53896
4.51206
1
1
1
1
1
1
1
1
1
1
1
1
1
1
1
1
1
1
1
1
1
1
1
1
1
1
1
1
1
1
1
1
1
1
1
1
1
0.999999
1.00005
1.41214
3.76927
4.56037
4.53076
4.52772
4.52064
4.50881
4.49341
4.47184
1
1
1
1
1
1
1
1
1
1
1
1
1
1
1
1
1
1
1
1
1
1
1
1
1
1
1
1
1
1
1
1
1
1
1
1
1
1
1
1.00722
2.27365
4.05115
4.46318
4.4438
4.44507
4.44182
4.43296
4.41957
1
1
1
1
1
1
1
1
1
1
1
1
1
1
1
1
1
1
1
1
1
1
1
1
1
1
1
1
1
1
1
1
1
1
1
1
1
1
1
1.00001
1.12036
3.2007
4.27025
4.41643
4.40757
4.40208
4.39394
4.38176
1
1
1
1
1
1
1
1
1
1
1
1
1
1
1
1
1
1
1
1
1
1
1
1
1
1
1
1
1
1
1
1
1
1
1
1
1
1
1
1
1.00059
1.62318
3.65455
4.34582
4.3398
4.34042
4.33745
4.328
1
1
1
1
1
1
1
1
1
1
1
1
1
1
1
1
1
1
1
1
1
1
1
1
1
1
1
1
1
1
1
1
1
1
1
1
1
1
1
1
1
1.01832
2.27541
3.86841
4.27412
4.2562
4.25875
4.25978
1
1
1
1
1
1
1
1
1
1
1
1
1
1
1
1
1
1
1
1
1
1
1
1
1
1
1
1
1
1
1
1
1
1
1
1
1
1
1
1
1
1.00003
1.12679
2.94187
3.99941
4.22584
4.20968
4.20682
1
1
1
1
1
1
1
1
1
1
1
1
1
1
1
1
1
1
1
1
1
1
1
1
1
1
1
1
1
1
1
1
1
1
1
1
1
1
1
1
1
1
1.00075
1.4743
3.34016
4.08052
4.17198
4.16176
1
1
1
1
1
1
1
1
1
1
1
1
1
1
1
1
1
1
1
1
1
1
1
1
1
1
1
1
1
1
1
1
1
1
1
1
1
1
1
1
1
1
1
1.01016
1.93323
3.53841
4.06349
4.09807
3.35232
2.15517
1.14927
0.971912
1.68217
2.2843
2.3723
2.43643
2.71411
2.84992
2.84209
2.82154
2.83459
2.9044
2.99771
3.08751
3.19628
3.33233
3.37611
3.36395
3.309
3.28906
3.29495
3.32673
3.37386
3.39316
3.38763
3.34765
3.31158
3.31559
3.35905
3.41707
3.4234
3.41375
3.37643
3.34146
3.33677
3.3407
3.34867
3.34821
3.34471
3.344
3.34317
3.33642
3.33257
3.32959
3.32705
3.32209
3.31267
3.30762
3.30814
3.31432
3.32083
3.32082
3.31894
3.31559
3.31096
3.30713
3.30733
3.31115
3.31582
3.31884
3.31873
3.31398
3.30245
3.28838
3.85924
3.1868
2.73631
2.23554
2.16519
2.28556
2.26134
2.22699
2.2479
2.22706
2.23235
2.28252
2.33728
2.40392
2.51776
2.64725
2.75667
2.84036
2.91015
2.99706
3.05723
3.07581
3.09595
3.14548
3.20269
3.24477
3.25334
3.23767
3.21766
3.21902
3.25142
3.29946
3.30766
3.30423
3.28703
3.27145
3.27215
3.28086
3.29002
3.29314
3.29513
3.29696
3.29406
3.28787
3.28256
3.28007
3.28059
3.27956
3.2751
3.27248
3.27198
3.27132
3.27086
3.27152
3.27198
3.27337
3.27593
3.27672
3.27601
3.27657
3.27911
3.28028
3.28131
3.28043
3.2755
3.26594
4.05575
3.54837
3.24482
2.93248
2.66168
2.54836
2.47212
2.36195
2.21893
2.14915
2.15874
2.19044
2.20868
2.23742
2.3017
2.36304
2.40694
2.43915
2.48645
2.59343
2.73652
2.78826
2.82234
2.87856
2.94217
2.99998
3.03838
3.06134
3.06577
3.06997
3.09989
3.1393
3.14118
3.13874
3.13436
3.13398
3.13623
3.14494
3.14816
3.15165
3.1633
3.17652
3.18139
3.18155
3.17765
3.17234
3.17201
3.17265
3.17606
3.18533
3.19227
3.19208
3.18743
3.17698
3.1729
3.174
3.1784
3.18631
3.19385
3.196
3.19537
3.19282
3.18926
3.18706
3.18617
3.18548
4.19296
3.82668
3.55271
3.30847
3.03908
2.83208
2.72804
2.65806
2.5579
2.41798
2.36814
2.38451
2.37379
2.33195
2.28784
2.2885
2.28855
2.2877
2.29566
2.32899
2.40466
2.49536
2.57093
2.64959
2.71404
2.76273
2.79693
2.84185
2.88188
2.90362
2.93259
2.96342
2.98045
2.98751
2.99823
3.01348
3.02454
3.02668
3.02449
3.02461
3.03429
3.04918
3.05769
3.05898
3.05403
3.04431
3.04264
3.04368
3.0521
3.07261
3.0874
3.0898
3.08744
3.07497
3.06398
3.06374
3.06557
3.07209
3.08048
3.08647
3.08772
3.08771
3.08527
3.07983
3.07815
3.07882
4.34315
4.02263
3.75544
3.54767
3.37167
3.17002
2.94842
2.84577
2.79411
2.72992
2.62127
2.57646
2.53613
2.45498
2.38828
2.39284
2.38862
2.36187
2.3529
2.35811
2.36122
2.36546
2.37766
2.40864
2.46669
2.53622
2.60149
2.67175
2.74621
2.79047
2.81143
2.83079
2.85344
2.86928
2.88774
2.91122
2.93157
2.94684
2.95234
2.95567
2.96566
2.98341
2.99047
2.98905
2.97865
2.96439
2.96209
2.96285
2.97061
2.99132
3.0093
3.01313
3.01323
3.00701
2.98908
2.97678
2.97595
2.97824
2.98446
2.99377
3.0004
3.0019
3.0013
2.99735
2.99268
2.99165
4.44066
4.17996
3.9459
3.72904
3.56297
3.39697
3.225
3.05541
2.9878
2.92795
2.82872
2.74788
2.70707
2.63177
2.5452
2.52633
2.51523
2.4916
2.46516
2.44153
2.41468
2.37628
2.36478
2.36787
2.37628
2.39404
2.42568
2.47485
2.54717
2.62649
2.66455
2.68992
2.73198
2.77001
2.80367
2.83756
2.86938
2.89404
2.90022
2.90617
2.91819
2.93581
2.94617
2.94655
2.9427
2.93198
2.92542
2.92538
2.93037
2.94581
2.96392
2.96819
2.96805
2.96397
2.94828
2.93088
2.92816
2.93003
2.93603
2.9491
2.96071
2.96277
2.96229
2.95951
2.95349
2.9462
4.52486
4.3035
4.0826
3.89775
3.7363
3.56818
3.39962
3.25561
3.15875
3.08952
3.01648
2.90979
2.83394
2.77086
2.70394
2.64862
2.62924
2.60999
2.57758
2.54053
2.51174
2.47534
2.43995
2.41879
2.41094
2.41134
2.41998
2.42953
2.44023
2.45394
2.47277
2.49374
2.53714
2.60813
2.67631
2.73845
2.79745
2.85535
2.86825
2.87307
2.88203
2.89669
2.91337
2.92185
2.92239
2.92081
2.91415
2.90851
2.90781
2.91328
2.92814
2.94086
2.94225
2.93928
2.92923
2.91652
2.9134
2.9147
2.91882
2.92936
2.93872
2.94002
2.93942
2.93648
2.93095
2.92497
4.58125
4.39268
4.19413
4.02482
3.87289
3.71906
3.5646
3.4257
3.2931
3.21681
3.16061
3.07466
2.97228
2.90105
2.84572
2.78123
2.73649
2.72219
2.70126
2.66633
2.62223
2.58142
2.53716
2.50367
2.48046
2.47185
2.46343
2.45042
2.44134
2.44358
2.4364
2.42678
2.43012
2.44837
2.49051
2.55672
2.63159
2.71109
2.78292
2.80875
2.82499
2.83753
2.85476
2.88536
2.90878
2.91631
2.91921
2.9182
2.90925
2.90165
2.90243
2.90932
2.91737
2.92038
2.92029
2.91574
2.91269
2.91306
2.91504
2.92132
2.92728
2.92741
2.92591
2.92205
2.91582
2.9129
4.63018
4.45995
4.29348
4.13733
3.98239
3.83464
3.70169
3.5796
3.44677
3.33975
3.26723
3.20246
3.11245
3.02976
2.97465
2.92044
2.8501
2.82135
2.79465
2.75858
2.71637
2.67682
2.64
2.60088
2.56711
2.55935
2.54936
2.53391
2.51913
2.50152
2.47153
2.43814
2.43183
2.43447
2.44242
2.45506
2.47786
2.51742
2.57312
2.62605
2.67935
2.73021
2.77034
2.81249
2.85782
2.90218
2.91515
2.91559
2.91498
2.90535
2.89433
2.89543
2.90316
2.9138
2.91658
2.91555
2.91293
2.91326
2.91619
2.92279
2.92612
2.92513
2.92344
2.92016
2.91351
2.90819
4.65738
4.51408
4.36092
4.22103
4.09098
3.94885
3.81085
3.69725
3.58635
3.47607
3.39109
3.31629
3.23554
3.15223
3.08799
3.03039
2.96716
2.92753
2.89867
2.86164
2.80882
2.76045
2.72235
2.69096
2.65879
2.64808
2.63453
2.6158
2.60041
2.58138
2.54878
2.496
2.45806
2.45382
2.45416
2.45708
2.46437
2.47716
2.48282
2.48527
2.49454
2.53045
2.596
2.67174
2.74616
2.80824
2.85757
2.8942
2.90478
2.90449
2.89618
2.8929
2.90217
2.91584
2.91658
2.91531
2.91023
2.90916
2.91275
2.9205
2.92482
2.92592
2.92582
2.92369
2.91796
2.90941
4.67141
4.5484
4.41723
4.29155
4.16064
4.03578
3.92428
3.80734
3.68444
3.58885
3.51176
3.42938
3.346
3.27151
3.20331
3.13656
3.06698
3.02512
2.99107
2.94946
2.9046
2.86402
2.82414
2.76668
2.73074
2.72272
2.70802
2.68652
2.67212
2.65625
2.62762
2.57875
2.539
2.53346
2.52672
2.51304
2.4986
2.49348
2.48753
2.4756
2.4577
2.45517
2.46404
2.49181
2.55626
2.639
2.71776
2.77119
2.80558
2.83989
2.86232
2.87701
2.90088
2.90985
2.9095
2.90703
2.89862
2.89332
2.89508
2.90337
2.91462
2.92171
2.92296
2.92213
2.91826
2.91028
4.66928
4.56498
4.45331
4.33622
4.21867
4.11133
4.00902
3.89865
3.77401
3.68698
3.61177
3.5336
3.45168
3.37256
3.30056
3.23463
3.16857
3.12359
3.08304
3.0296
2.97725
2.94358
2.90837
2.86199
2.82545
2.80848
2.78707
2.75554
2.73374
2.71432
2.68513
2.64132
2.6054
2.59943
2.59201
2.57718
2.56343
2.55344
2.53914
2.50982
2.47178
2.4625
2.46189
2.46353
2.47613
2.49887
2.53173
2.57436
2.61639
2.67047
2.73491
2.78656
2.84622
2.86704
2.8794
2.89006
2.89251
2.88687
2.88556
2.89164
2.90178
2.91018
2.91347
2.91259
2.90943
2.90373
4.66072
4.56723
4.47324
4.37155
4.2646
4.16362
4.06878
3.97226
3.87239
3.77652
3.68994
3.61364
3.54339
3.47364
3.39669
3.32023
3.25699
3.20696
3.16154
3.11355
3.06832
3.02695
2.98083
2.92456
2.90207
2.88547
2.86432
2.83674
2.80768
2.77459
2.73694
2.69262
2.66928
2.66558
2.65694
2.6406
2.62502
2.61364
2.59583
2.5649
2.52225
2.50381
2.49791
2.48998
2.48853
2.49453
2.49486
2.49215
2.49385
2.50918
2.55587
2.62107
2.6985
2.76835
2.81644
2.85818
2.87833
2.88533
2.88773
2.89388
2.89997
2.90025
2.89945
2.89553
2.89247
2.88904
4.64819
4.56321
4.48235
4.39223
4.29139
4.20333
4.11933
4.02476
3.93612
3.8533
3.76893
3.68225
3.61136
3.55007
3.48162
3.40766
3.34196
3.28773
3.23335
3.18203
3.14493
3.10554
3.05956
3.00729
2.97653
2.95292
2.92505
2.89324
2.86476
2.83309
2.79975
2.75777
2.73796
2.73032
2.71742
2.69975
2.68579
2.67116
2.64788
2.60621
2.5623
2.55271
2.54744
2.53645
2.52749
2.52158
2.51237
2.49745
2.48815
2.48697
2.48937
2.49868
2.52827
2.5853
2.63763
2.69387
2.75163
2.80173
2.8393
2.87419
2.89
2.8926
2.89464
2.89135
2.88559
2.88112
4.63275
4.55588
4.4812
4.39986
4.31395
4.23438
4.14922
4.06323
3.99055
3.90963
3.82196
3.74045
3.68319
3.61686
3.54513
3.47412
3.42079
3.36317
3.3071
3.2565
3.21976
3.17537
3.12677
3.07966
3.05261
3.02139
2.98905
2.95247
2.91596
2.88059
2.85
2.81683
2.80274
2.79231
2.77707
2.75555
2.73645
2.71741
2.69258
2.65448
2.62033
2.61207
2.6037
2.59118
2.57611
2.56821
2.5567
2.53441
2.50897
2.49878
2.49039
2.48673
2.48856
2.49588
2.50439
2.52325
2.56807
2.62537
2.69142
2.7603
2.8226
2.86848
2.88046
2.88397
2.88212
2.87308
4.61733
4.54749
4.47726
4.40306
4.32867
4.25438
4.1701
4.09254
4.02646
3.95311
3.86296
3.7943
3.73647
3.67315
3.6002
3.53894
3.48358
3.42696
3.36968
3.32701
3.28789
3.2409
3.18778
3.14514
3.11548
3.08189
3.04206
3.00282
2.96948
2.93757
2.90912
2.87511
2.8595
2.84463
2.82665
2.80829
2.78948
2.76327
2.72957
2.68844
2.67007
2.665
2.6566
2.64397
2.62994
2.61714
2.59919
2.57526
2.54666
2.5296
2.51831
2.50545
2.49612
2.49535
2.49164
2.48923
2.49131
2.50086
2.53485
2.59645
2.66428
2.73408
2.7797
2.82166
2.83946
2.83951
4.59357
4.53434
4.47076
4.39983
4.33313
4.26795
4.19101
4.11619
4.05255
3.9842
3.90416
3.84282
3.78239
3.7178
3.64706
3.59702
3.54262
3.48772
3.42644
3.38681
3.34381
3.2981
3.24769
3.20889
3.17243
3.13287
3.0919
3.05343
3.02036
2.98998
2.96122
2.93371
2.91654
2.89773
2.87586
2.85164
2.82839
2.79907
2.76575
2.72901
2.71816
2.71186
2.70087
2.68758
2.67347
2.65963
2.64199
2.61884
2.58979
2.57133
2.55887
2.54662
2.53353
2.52257
2.51152
2.49798
2.48787
2.4883
2.49119
2.49803
2.51691
2.55605
2.60426
2.65797
2.71015
2.75414
4.57013
4.51839
4.46221
4.39699
4.3351
4.27448
4.20437
4.13721
4.07599
4.00693
3.93652
3.88059
3.82195
3.75296
3.69052
3.64294
3.59135
3.53548
3.48003
3.43963
3.39173
3.34248
3.29449
3.26245
3.22293
3.18118
3.13263
3.10188
3.07253
3.04279
3.00977
2.98297
2.96484
2.94158
2.91976
2.8986
2.86964
2.83234
2.7945
2.76748
2.76186
2.75539
2.74432
2.73044
2.71663
2.70025
2.68025
2.65678
2.62923
2.60772
2.59176
2.57638
2.56276
2.55285
2.54161
2.52857
2.51824
2.50852
2.49473
2.49203
2.49173
2.49207
2.49479
2.50492
2.53767
2.59055
4.5443
4.49643
4.44448
4.39043
4.33486
4.27385
4.21057
4.1533
4.09324
4.02516
3.96595
3.91127
3.85214
3.7821
3.73173
3.68411
3.63349
3.57084
3.52511
3.48307
3.4375
3.38566
3.34059
3.30421
3.26228
3.22025
3.17926
3.15382
3.12423
3.09198
3.05241
3.03061
3.01061
2.98646
2.95845
2.93359
2.90233
2.86658
2.83376
2.81142
2.8051
2.79526
2.78019
2.7633
2.75037
2.73493
2.71624
2.69068
2.66318
2.64381
2.63079
2.61765
2.60558
2.5945
2.58071
2.56311
2.54994
2.53908
2.5217
2.50648
2.5004
2.49709
2.49108
2.48088
2.48012
2.48645
4.51513
4.47356
4.42493
4.37783
4.32866
4.27161
4.2162
4.16246
4.1031
4.03796
3.98737
3.93542
3.87695
3.81316
3.76497
3.7148
3.66271
3.60407
3.5636
3.51948
3.47436
3.42105
3.3816
3.34224
3.30146
3.25521
3.22186
3.199
3.16963
3.13757
3.09811
3.07305
3.04757
3.02052
2.99343
2.96496
2.92874
2.897
2.86858
2.85339
2.84726
2.83526
2.81951
2.79905
2.78165
2.76249
2.74209
2.71626
2.69182
2.67473
2.66357
2.65255
2.64343
2.63302
2.62055
2.60431
2.58172
2.56136
2.54307
2.52436
2.51664
2.51059
2.49941
2.4866
2.4801
2.48106
4.47969
4.44438
4.40567
4.36153
4.3125
4.26242
4.21676
4.16609
4.10632
4.04948
4.00265
3.95131
3.89094
3.84046
3.79394
3.74302
3.68297
3.63209
3.59405
3.55056
3.50596
3.45607
3.41796
3.37626
3.337
3.29218
3.26662
3.2398
3.20804
3.17
3.138
3.11448
3.08727
3.05741
3.01895
2.98764
2.95579
2.93272
2.9105
2.89777
2.88743
2.87052
2.8507
2.83175
2.81437
2.79421
2.76968
2.73641
2.71594
2.70309
2.69273
2.68161
2.67401
2.66361
2.65016
2.63483
2.61727
2.59933
2.58396
2.56866
2.55182
2.53349
2.51045
2.49215
2.48721
2.48825
4.44157
4.40996
4.37957
4.34356
4.2966
4.24992
4.20899
4.16433
4.11101
4.06136
4.01086
3.95833
3.90109
3.86009
3.81475
3.76451
3.70278
3.66151
3.62019
3.5779
3.52999
3.48959
3.45248
3.41137
3.37084
3.33002
3.30526
3.27356
3.24064
3.20172
3.17251
3.14586
3.11721
3.08512
3.04631
3.01449
2.98778
2.96745
2.94641
2.93647
2.92353
2.90562
2.88291
2.85949
2.83769
2.81548
2.79091
2.76157
2.7453
2.7345
2.72394
2.71184
2.7028
2.68962
2.67244
2.65145
2.63709
2.62503
2.6131
2.60033
2.58519
2.56668
2.54721
2.53108
2.51966
2.51146
4.39936
4.37247
4.34292
4.31323
4.27827
4.23815
4.19401
4.14987
4.10687
4.06403
4.0156
3.9605
3.9098
3.8703
3.82694
3.7774
3.72602
3.68879
3.64621
3.60178
3.55124
3.51816
3.47968
3.44277
3.40036
3.36748
3.33799
3.30198
3.26546
3.2288
3.20415
3.17511
3.14504
3.10448
3.06854
3.04484
3.02474
3.00678
2.98715
2.97358
2.95369
2.93123
2.9085
2.88806
2.86518
2.84049
2.80733
2.78349
2.7736
2.76344
2.75245
2.74186
2.7323
2.71772
2.69927
2.6764
2.66043
2.647
2.63337
2.61836
2.60521
2.59126
2.57767
2.56482
2.55547
2.54684
4.36531
4.34274
4.31324
4.28321
4.25359
4.21958
4.17816
4.13354
4.09721
4.05702
4.01541
3.96474
3.92308
3.8793
3.8364
3.78683
3.74909
3.71136
3.67005
3.62055
3.57614
3.5433
3.50464
3.46804
3.42601
3.39762
3.36315
3.32801
3.28902
3.25769
3.2316
3.20002
3.1685
3.12601
3.10021
3.07962
3.06079
3.03963
3.0219
3.00565
2.98234
2.95731
2.92968
2.90696
2.88298
2.86022
2.83059
2.81385
2.80456
2.79375
2.77869
2.7648
2.75295
2.7371
2.71995
2.70143
2.68619
2.67157
2.65602
2.63731
2.62482
2.6144
2.60489
2.59303
2.58198
2.57286
4.314
4.29632
4.27241
4.24422
4.21573
4.18741
4.15347
4.11937
4.08296
4.04507
4.00505
3.96838
3.93108
3.88793
3.84189
3.79641
3.76444
3.72443
3.68429
3.63354
3.5987
3.56289
3.52653
3.48572
3.44916
3.41993
3.3833
3.3491
3.31026
3.28497
3.25547
3.224
3.18712
3.15082
3.13347
3.11334
3.09444
3.07073
3.05158
3.0291
3.00336
2.97788
2.95331
2.92987
2.9044
2.87749
2.85023
2.84174
2.83345
2.82241
2.80922
2.79477
2.77776
2.75753
2.73395
2.71669
2.70464
2.69223
2.67887
2.66255
2.64944
2.6377
2.6255
2.61454
2.60596
2.59744
4.25482
4.24292
4.22713
4.20829
4.18498
4.15786
4.13034
4.10322
4.07136
4.0355
3.99807
3.96632
3.92757
3.88866
3.84207
3.80857
3.77251
3.73284
3.68875
3.64581
3.61574
3.57876
3.54403
3.50078
3.47157
3.43881
3.40429
3.36793
3.33422
3.309
3.27638
3.24645
3.20702
3.18413
3.16632
3.14444
3.12202
3.09638
3.0758
3.04954
3.02385
2.99643
2.973
2.94908
2.92536
2.9011
2.87944
2.8715
2.86021
2.84572
2.82855
2.81479
2.79812
2.77944
2.75735
2.73756
2.72141
2.7064
2.69316
2.68181
2.67274
2.66316
2.65069
2.63567
2.62557
2.61645
4.20576
4.20094
4.19154
4.17725
4.15814
4.13432
4.11052
4.08371
4.05443
4.01851
3.98753
3.95512
3.9203
3.88196
3.84106
3.80891
3.76998
3.73456
3.69029
3.65998
3.62709
3.59189
3.55248
3.51526
3.48957
3.45534
3.424
3.38497
3.35781
3.32825
3.29602
3.26418
3.23046
3.21487
3.19306
3.17083
3.14425
3.11824
3.0939
3.066
3.04097
3.01395
2.99234
2.96784
2.94598
2.92183
2.90784
2.89963
2.88656
2.87195
2.8525
2.8327
2.81167
2.79274
2.77407
2.75895
2.74397
2.73005
2.71461
2.70022
2.69052
2.68066
2.66986
2.65859
2.64881
2.63889
4.15512
4.15016
4.1441
4.13339
4.11658
4.09837
4.07798
4.05387
4.02457
3.99495
3.96748
3.93514
3.90458
3.86735
3.83931
3.80462
3.76962
3.73143
3.69597
3.67009
3.63476
3.60251
3.55958
3.53164
3.50275
3.47047
3.43735
3.40253
3.37737
3.34444
3.31574
3.28026
3.25814
3.23996
3.21463
3.19108
3.16126
3.13725
3.11001
3.08388
3.05817
3.03263
3.01158
2.98808
2.96913
2.9474
2.93614
2.92422
2.90823
2.89018
2.87076
2.85143
2.83104
2.81178
2.7892
2.77327
2.7597
2.74837
2.73769
2.72565
2.71353
2.70044
2.68504
2.67293
2.66376
2.65332
4.09352
4.09135
4.08633
4.0778
4.06714
4.05467
4.03642
4.01514
3.99245
3.97213
3.9441
3.91578
3.88333
3.85903
3.83275
3.79918
3.76763
3.7284
3.70496
3.6735
3.64098
3.6052
3.56886
3.5454
)
;

boundaryField
{
    inlet
    {
        type            fixedValue;
        value           uniform 1;
    }
    outlet
    {
        type            inletOutlet;
        inletValue      nonuniform 0();
        value           nonuniform 0();
    }
    bottom
    {
        type            symmetryPlane;
    }
    top
    {
        type            symmetryPlane;
    }
    obstacle
    {
        type            zeroGradient;
    }
    defaultFaces
    {
        type            empty;
    }
    procBoundary0to1
    {
        type            processor;
        value           nonuniform List<scalar> 
28
(
3.27609
3.25586
3.18399
3.07938
2.9913
2.94168
2.92297
2.91367
2.90797
2.90571
2.90392
2.89892
2.88911
2.879
2.86533
2.84284
2.80028
2.65788
2.51025
2.48367
2.48924
2.50268
2.53559
2.56338
2.5872
2.60593
2.62301
2.63401
)
;
    }
    procBoundary0to2
    {
        type            processor;
        value           nonuniform List<scalar> 
115
(
1
1
1
1
1
1
1
1
1
1
1
1
1
1
1
1
1
1
1
1
1
1
1
1
1
1
1
1
1
1
1
1
1
1
1
1
1
1
1
1
1
1
1
1.00002
1.05452
2.35912
3.649
4.03137
3.5128
3.48329
3.44556
3.41813
3.39046
3.35945
3.3312
3.29892
3.28224
3.25815
3.23304
3.20468
3.17588
3.15222
3.12394
3.10086
3.07338
3.05173
3.03041
3.0092
2.99063
2.97174
2.96089
2.94505
2.92752
2.90672
2.88493
2.8644
2.84581
2.82833
2.8083
2.79334
2.78037
2.76685
2.75318
2.74242
2.73139
2.71946
2.70686
2.69536
2.68309
2.66218
4.02117
4.02374
4.02787
4.02415
4.01922
4.01105
3.99854
3.97946
3.96415
3.94556
3.92341
3.89695
3.86962
3.84849
3.81912
3.793
3.75877
3.73023
3.70439
3.6707
3.64185
3.60339
3.57903
3.5128
3.5507
)
;
    }
}


// ************************************************************************* //
