/*--------------------------------*- C++ -*----------------------------------*\
  =========                 |
  \\      /  F ield         | OpenFOAM: The Open Source CFD Toolbox
   \\    /   O peration     | Website:  https://openfoam.org
    \\  /    A nd           | Version:  7
     \\/     M anipulation  |
\*---------------------------------------------------------------------------*/
FoamFile
{
    version     2.0;
    format      ascii;
    class       volVectorField;
    location    "1.3";
    object      U;
}
// * * * * * * * * * * * * * * * * * * * * * * * * * * * * * * * * * * * * * //

dimensions      [0 1 -1 0 0 0 0];

internalField   nonuniform List<vector> 
1008
(
(0.863223 0.391688 0)
(0.883573 0.401354 0)
(0.910323 0.410544 0)
(0.941464 0.422124 0)
(0.977336 0.429537 0)
(1.01442 0.432192 0)
(1.5 -1.96162e-16 0)
(1.5 -1.26533e-16 0)
(1.5 -2.57108e-16 0)
(1.5 -2.34896e-16 0)
(1.5 -5.09878e-16 0)
(1.5 5.01501e-17 0)
(1.5 2.14654e-16 0)
(1.5 3.32225e-16 0)
(1.5 -3.36374e-16 0)
(1.5 1.60051e-08 0)
(1.49907 0.00422177 0)
(1.2239 0.206509 0)
(0.852278 0.31453 0)
(0.814625 0.333185 0)
(0.828759 0.342447 0)
(0.833854 0.355955 0)
(0.848013 0.368375 0)
(0.861793 0.381672 0)
(0.878283 0.391732 0)
(0.897527 0.40027 0)
(0.921891 0.407392 0)
(0.950915 0.416046 0)
(0.983511 0.42206 0)
(1.01809 0.424762 0)
(1.5 -3.24987e-17 0)
(1.5 -4.48938e-16 0)
(1.5 -2.65155e-16 0)
(1.5 -3.07529e-16 0)
(1.5 -1.4945e-16 0)
(1.5 5.00382e-16 0)
(1.5 4.32868e-16 0)
(1.5 6.54692e-16 0)
(1.5 2.1725e-16 0)
(1.5 3.41645e-12 0)
(1.49996 9.83238e-05 0)
(1.45877 0.0672306 0)
(0.958681 0.293435 0)
(0.837493 0.334619 0)
(0.840242 0.34571 0)
(0.848776 0.358087 0)
(0.860166 0.36886 0)
(0.875638 0.379154 0)
(0.892067 0.387774 0)
(0.910419 0.396191 0)
(0.932986 0.404353 0)
(0.959295 0.411278 0)
(0.988769 0.416126 0)
(1.02093 0.418448 0)
(1.5 1.78679e-16 0)
(1.5 -1.27047e-16 0)
(1.5 4.63058e-16 0)
(1.5 3.79904e-16 0)
(1.5 4.469e-16 0)
(1.5 4.60249e-16 0)
(1.5 4.16116e-16 0)
(1.5 7.68357e-16 0)
(1.5 3.12727e-16 0)
(1.5 5.77324e-16 0)
(1.5 3.97251e-07 0)
(1.49796 0.00696027 0)
(1.21977 0.217998 0)
(0.876232 0.328239 0)
(0.848984 0.348733 0)
(0.864448 0.356399 0)
(0.871981 0.366786 0)
(0.887585 0.376589 0)
(0.905187 0.387164 0)
(0.923868 0.394107 0)
(0.94424 0.400666 0)
(0.967789 0.406514 0)
(0.994883 0.411333 0)
(1.02504 0.414253 0)
(1.5 4.8464e-17 0)
(1.5 6.24065e-17 0)
(1.5 6.80053e-16 0)
(1.5 8.31429e-16 0)
(1.5 7.76973e-16 0)
(1.5 3.99448e-16 0)
(1.5 6.03971e-16 0)
(1.5 1.84723e-16 0)
(1.5 2.06239e-16 0)
(1.5 9.64216e-17 0)
(1.5 2.5597e-10 0)
(1.49991 0.000205325 0)
(1.45784 0.0686329 0)
(0.994191 0.302126 0)
(0.867692 0.34891 0)
(0.875512 0.358516 0)
(0.884985 0.367578 0)
(0.898358 0.375393 0)
(0.915633 0.382526 0)
(0.934137 0.389145 0)
(0.953817 0.395483 0)
(0.975866 0.401051 0)
(1.00098 0.405724 0)
(1.02851 0.408671 0)
(1.5 -1.36669e-17 0)
(1.5 1.2511e-16 0)
(1.5 2.13491e-16 0)
(1.5 2.59741e-16 0)
(1.5 2.57073e-16 0)
(1.5 2.40283e-17 0)
(1.5 3.27031e-16 0)
(1.5 -1.66388e-16 0)
(1.5 4.1377e-17 0)
(1.5 2.63269e-18 0)
(1.5 2.3756e-14 0)
(1.5 1.15088e-06 0)
(1.49727 0.00717964 0)
(1.26173 0.205079 0)
(0.912412 0.337082 0)
(0.884021 0.360388 0)
(0.898119 0.365131 0)
(0.908745 0.37305 0)
(0.924859 0.379679 0)
(0.943526 0.387372 0)
(0.963474 0.392978 0)
(0.984693 0.398137 0)
(1.00801 0.402254 0)
(1.03308 0.40472 0)
(1.5 2.48027e-16 0)
(1.5 -4.75202e-17 0)
(1.5 -2.16421e-16 0)
(1.5 1.0167e-16 0)
(1.5 4.92257e-17 0)
(1.5 -2.05661e-17 0)
(1.5 8.05976e-17 0)
(1.5 -2.6208e-16 0)
(1.5 1.46251e-16 0)
(1.5 2.36687e-16 0)
(1.5 -1.16366e-18 0)
(1.5 1.17042e-09 0)
(1.4999 0.000208335 0)
(1.46624 0.055197 0)
(1.06379 0.300089 0)
(0.896935 0.355008 0)
(0.905772 0.370033 0)
(0.91782 0.373223 0)
(0.931934 0.377766 0)
(0.95159 0.384651 0)
(0.972186 0.390217 0)
(0.992656 0.394749 0)
(1.01414 0.398591 0)
(1.0371 0.40097 0)
(1.5 -4.61847e-17 0)
(1.5 4.08143e-17 0)
(1.5 3.6378e-17 0)
(1.5 3.38661e-17 0)
(1.5 -1.02013e-16 0)
(1.5 -1.26356e-16 0)
(1.5 -5.08293e-16 0)
(1.5 -7.03575e-16 0)
(1.5 -1.91776e-16 0)
(1.5 -1.75768e-16 0)
(1.5 -6.24667e-16 0)
(1.5 1.78331e-13 0)
(1.5 1.16936e-06 0)
(1.4977 0.00498788 0)
(1.33913 0.165937 0)
(0.965775 0.335352 0)
(0.916266 0.370974 0)
(0.926428 0.373718 0)
(0.941038 0.37981 0)
(0.959905 0.38397 0)
(0.979971 0.387919 0)
(0.999556 0.392138 0)
(1.01947 0.39644 0)
(1.04063 0.399301 0)
(1.5 -2.19886e-16 0)
(1.5 1.98152e-16 0)
(1.5 2.34889e-16 0)
(1.5 -2.01078e-16 0)
(1.5 -3.91086e-16 0)
(1.5 -2.00397e-16 0)
(1.5 -4.36759e-16 0)
(1.5 -2.5782e-16 0)
(1.5 -1.83229e-16 0)
(1.5 -8.10005e-17 0)
(1.5 -3.64827e-16 0)
(1.5 -1.56445e-16 0)
(1.5 1.25692e-09 0)
(1.49994 0.000109412 0)
(1.48123 0.0328547 0)
(1.16512 0.270518 0)
(0.934976 0.356278 0)
(0.933332 0.375537 0)
(0.951582 0.378727 0)
(0.967711 0.383159 0)
(0.986964 0.386072 0)
(1.00544 0.390444 0)
(1.0239 0.395022 0)
(1.04368 0.397731 0)
(1.5 1.03234e-17 0)
(1.5 1.95521e-16 0)
(1.5 -3.74683e-16 0)
(1.5 -2.66417e-16 0)
(1.5 -2.9465e-16 0)
(1.5 -2.65898e-16 0)
(1.5 -3.18459e-16 0)
(1.5 2.04463e-18 0)
(1.5 1.61991e-16 0)
(1.5 2.70797e-16 0)
(1.5 3.35187e-16 0)
(1.5 3.58847e-16 0)
(1.5 2.08017e-13 0)
(1.5 4.80629e-07 0)
(1.49892 0.0020873 0)
(1.42014 0.104452 0)
(1.0474 0.32361 0)
(0.946629 0.378269 0)
(0.957555 0.377736 0)
(0.973516 0.379891 0)
(0.993727 0.384023 0)
(1.01134 0.388937 0)
(1.02842 0.393253 0)
(1.04652 0.394602 0)
(1.5 4.50043e-17 0)
(1.5 -5.06698e-16 0)
(1.5 -4.67119e-16 0)
(1.5 -5.52037e-16 0)
(1.5 -3.18632e-16 0)
(1.5 -5.28077e-16 0)
(1.5 -6.38106e-16 0)
(1.5 -3.68983e-17 0)
(1.5 3.93157e-16 0)
(1.5 2.37786e-16 0)
(1.5 2.16693e-16 0)
(1.5 4.29259e-16 0)
(1.5 8.26752e-16 0)
(1.5 4.11961e-10 0)
(1.49998 2.90238e-05 0)
(1.49211 0.0140659 0)
(1.30196 0.204409 0)
(0.985462 0.355102 0)
(0.964394 0.371834 0)
(0.983608 0.377648 0)
(1.00191 0.383797 0)
(1.01706 0.388542 0)
(1.03284 0.391221 0)
(1.05052 0.391821 0)
(1.5 -2.02503e-16 0)
(1.5 -9.85621e-16 0)
(1.5 -8.34069e-16 0)
(1.5 -4.50243e-16 0)
(1.5 -4.12565e-16 0)
(1.5 -4.60813e-16 0)
(1.5 -2.2747e-16 0)
(1.5 -8.45611e-17 0)
(1.5 3.82601e-16 0)
(1.5 1.01933e-16 0)
(1.5 2.05024e-16 0)
(1.5 4.89425e-16 0)
(1.5 3.0772e-16 0)
(1.5 5.50015e-14 0)
(1.5 8.85533e-08 0)
(1.4997 0.000533329 0)
(1.46879 0.049124 0)
(1.17928 0.275406 0)
(0.980633 0.367457 0)
(0.988399 0.383342 0)
(1.00484 0.385391 0)
(1.02048 0.388302 0)
(1.03608 0.389039 0)
(1.05425 0.389352 0)
(1.5 -1.47342e-17 0)
(1.5 -2.82093e-16 0)
(1.5 -3.76006e-16 0)
(1.5 -2.61962e-16 0)
(1.5 -3.92186e-16 0)
(1.5 -1.67419e-16 0)
(1.5 1.9988e-17 0)
(1.5 1.71068e-16 0)
(1.5 3.88049e-16 0)
(1.5 4.23306e-16 0)
(1.5 6.45641e-16 0)
(1.5 7.92447e-16 0)
(1.5 2.80312e-16 0)
(1.5 1.87306e-16 0)
(1.5 5.11291e-11 0)
(1.5 4.37044e-06 0)
(1.49777 0.00391467 0)
(1.41971 0.105859 0)
(1.08248 0.321584 0)
(1.00835 0.373597 0)
(1.01089 0.383413 0)
(1.02581 0.386829 0)
(1.04132 0.388329 0)
(1.0591 0.389446 0)
(1.5 7.40558e-17 0)
(1.5 1.97809e-16 0)
(1.5 1.81908e-16 0)
(1.5 -2.01546e-16 0)
(1.5 -5.57251e-17 0)
(1.5 7.59749e-17 0)
(1.5 1.42538e-16 0)
(1.5 3.7729e-16 0)
(1.5 4.98826e-16 0)
(1.5 6.66091e-16 0)
(1.5 5.79986e-16 0)
(1.5 7.13497e-17 0)
(1.5 -1.47991e-16 0)
(1.5 -7.84967e-17 0)
(1.5 4.78498e-15 0)
(1.5 7.59561e-09 0)
(1.49996 7.18681e-05 0)
(1.49167 0.0143133 0)
(1.33578 0.17061 0)
(1.06145 0.347171 0)
(1.01692 0.389548 0)
(1.02638 0.385862 0)
(1.04638 0.385253 0)
(1.06136 0.387657 0)
(1.5 1.48126e-16 0)
(1.5 5.57217e-16 0)
(1.5 3.54839e-16 0)
(1.5 1.43099e-16 0)
(1.5 1.0908e-16 0)
(1.5 -7.67136e-17 0)
(1.5 2.9699e-16 0)
(1.5 5.07697e-16 0)
(1.5 4.7713e-16 0)
(1.5 7.6698e-16 0)
(1.5 5.04642e-16 0)
(1.5 -6.69847e-17 0)
(1.5 -2.09877e-16 0)
(1.5 6.11603e-17 0)
(1.5 -4.89487e-16 0)
(1.5 2.15847e-12 0)
(1.5 3.02064e-07 0)
(1.4997 0.000520548 0)
(1.47458 0.0352281 0)
(1.26852 0.235763 0)
(1.04097 0.376747 0)
(1.03523 0.377675 0)
(1.05576 0.383088 0)
(1.05463 0.368135 0)
(1.5 2.70327e-16 0)
(1.5 6.37904e-16 0)
(1.5 3.25649e-16 0)
(1.5 1.03643e-16 0)
(1.5 -6.82076e-17 0)
(1.5 9.01559e-18 0)
(1.5 -1.02647e-16 0)
(1.5 -2.59685e-17 0)
(1.5 2.38575e-16 0)
(1.5 3.67152e-16 0)
(1.5 3.5561e-16 0)
(1.5 2.20681e-16 0)
(1.5 3.0511e-17 0)
(1.5 1.10233e-16 0)
(1.5 -5.6716e-16 0)
(1.5 -9.30131e-17 0)
(1.5 2.399e-10 0)
(1.5 4.37078e-06 0)
(1.49856 0.00229655 0)
(1.44815 0.0704953 0)
(1.20316 0.282786 0)
(1.07283 0.372182 0)
(1.05231 0.37645 0)
(0.94342 0.26354 0)
(1.5 8.05866e-17 0)
(1.5 -1.48509e-16 0)
(1.5 -1.68654e-16 0)
(1.5 -2.13865e-16 0)
(1.5 -3.57403e-16 0)
(1.5 -1.87186e-16 0)
(1.5 -1.33219e-16 0)
(1.5 -1.44489e-16 0)
(1.5 -1.58816e-17 0)
(1.5 -1.54532e-16 0)
(1.5 4.50353e-16 0)
(1.5 1.56283e-16 0)
(1.5 2.81273e-16 0)
(1.5 -2.35184e-17 0)
(1.5 -9.12877e-17 0)
(1.5 -4.7119e-16 0)
(1.5 2.86765e-14 0)
(1.5 7.90371e-09 0)
(1.49998 3.68267e-05 0)
(1.49548 0.00710992 0)
(1.41783 0.106071 0)
(1.18237 0.326616 0)
(0.976923 0.26728 0)
(0.785074 0.116107 0)
(1.5 -8.53268e-17 0)
(1.5 -4.0062e-16 0)
(1.5 -2.27895e-16 0)
(1.5 -2.48686e-18 0)
(1.5 -3.60816e-17 0)
(1.5 -1.7728e-16 0)
(1.5 1.04186e-16 0)
(1.5 2.01236e-16 0)
(1.5 -5.80179e-18 0)
(1.5 -1.31361e-16 0)
(1.5 1.67711e-16 0)
(1.5 -3.02211e-17 0)
(1.5 2.14998e-16 0)
(1.5 -4.6072e-17 0)
(1.5 -8.53052e-17 0)
(1.5 -3.69671e-16 0)
(1.5 -2.35805e-16 0)
(1.5 2.00876e-12 0)
(1.5 1.03445e-07 0)
(1.49987 0.00012427 0)
(1.48732 0.0100798 0)
(1.34171 0.0754183 0)
(0.817922 0.127995 0)
(0.689307 0.0818074 0)
(1.05412 0.430494 0)
(1.09708 0.424737 0)
(1.14004 0.416936 0)
(1.18253 0.408345 0)
(1.22901 0.3943 0)
(1.27538 0.374285 0)
(1.31425 0.35788 0)
(1.35288 0.336612 0)
(1.4002 0.304694 0)
(1.43949 0.278915 0)
(1.46948 0.25958 0)
(1.50625 0.225946 0)
(1.53871 0.195699 0)
(1.564 0.176853 0)
(1.59236 0.139595 0)
(1.61698 0.102687 0)
(1.63882 0.0873473 0)
(1.66021 0.0620502 0)
(1.68182 0.0265157 0)
(1.70004 0.00430951 0)
(1.71635 -0.0120807 0)
(1.73006 -0.0400419 0)
(1.73588 -0.0712987 0)
(1.74107 -0.112168 0)
(1.73325 -0.179065 0)
(1.71234 -0.27378 0)
(1.6925 -0.360369 0)
(1.64481 -0.458063 0)
(1.64923 -0.504282 0)
(1.6443 -0.547966 0)
(1.64354 -0.582839 0)
(1.65189 -0.599319 0)
(1.66393 -0.603534 0)
(1.0552 0.424624 0)
(1.09514 0.421009 0)
(1.13591 0.413879 0)
(1.17477 0.405701 0)
(1.21552 0.393609 0)
(1.25904 0.374979 0)
(1.29725 0.357776 0)
(1.33071 0.340476 0)
(1.37344 0.315669 0)
(1.41459 0.288704 0)
(1.44682 0.271927 0)
(1.4806 0.244596 0)
(1.51326 0.213994 0)
(1.53866 0.197439 0)
(1.56542 0.167739 0)
(1.59219 0.130755 0)
(1.61454 0.112701 0)
(1.63907 0.089043 0)
(1.66025 0.0593829 0)
(1.67409 0.037933 0)
(1.68948 0.00878803 0)
(1.69366 -0.038488 0)
(1.68507 -0.10566 0)
(1.66958 -0.190054 0)
(1.63289 -0.302646 0)
(1.64023 -0.379757 0)
(1.60495 -0.441066 0)
(1.59349 -0.488635 0)
(1.60473 -0.507116 0)
(1.61567 -0.518861 0)
(1.63242 -0.530811 0)
(1.6491 -0.541509 0)
(1.66633 -0.545857 0)
(1.05561 0.41844 0)
(1.09288 0.415648 0)
(1.1316 0.409071 0)
(1.16805 0.401134 0)
(1.20435 0.390755 0)
(1.24473 0.374656 0)
(1.2823 0.357409 0)
(1.31356 0.34302 0)
(1.35096 0.323941 0)
(1.39268 0.298539 0)
(1.42613 0.281977 0)
(1.45768 0.260681 0)
(1.49061 0.231311 0)
(1.51719 0.213488 0)
(1.54219 0.190772 0)
(1.56942 0.158239 0)
(1.58836 0.139754 0)
(1.6173 0.112031 0)
(1.63056 0.0802977 0)
(1.63811 0.0351923 0)
(1.63151 -0.0362327 0)
(1.62334 -0.132005 0)
(1.59392 -0.229706 0)
(1.57818 -0.304169 0)
(1.5751 -0.367008 0)
(1.56957 -0.425471 0)
(1.5663 -0.444625 0)
(1.57824 -0.458447 0)
(1.59355 -0.465796 0)
(1.61152 -0.469454 0)
(1.6283 -0.476459 0)
(1.64315 -0.483074 0)
(1.65979 -0.486023 0)
(1.05732 0.414387 0)
(1.09162 0.411368 0)
(1.12773 0.40451 0)
(1.16239 0.396268 0)
(1.19508 0.387834 0)
(1.23127 0.375567 0)
(1.26844 0.359381 0)
(1.29967 0.346505 0)
(1.33238 0.331129 0)
(1.37249 0.309771 0)
(1.40667 0.291776 0)
(1.43825 0.273654 0)
(1.47064 0.247726 0)
(1.49692 0.229661 0)
(1.52225 0.209528 0)
(1.54272 0.18335 0)
(1.56281 0.151269 0)
(1.57824 0.104335 0)
(1.57461 0.0306535 0)
(1.56014 -0.0597816 0)
(1.53331 -0.170273 0)
(1.54686 -0.250626 0)
(1.52442 -0.310288 0)
(1.52288 -0.346184 0)
(1.53411 -0.375246 0)
(1.5438 -0.391527 0)
(1.55899 -0.404419 0)
(1.57679 -0.413443 0)
(1.59058 -0.418027 0)
(1.60285 -0.419642 0)
(1.61885 -0.425722 0)
(1.63695 -0.434158 0)
(1.65409 -0.440541 0)
(1.05796 0.409006 0)
(1.08945 0.406225 0)
(1.12361 0.399966 0)
(1.15735 0.391974 0)
(1.18815 0.38499 0)
(1.22084 0.37591 0)
(1.25711 0.361927 0)
(1.28895 0.349298 0)
(1.31811 0.337031 0)
(1.35508 0.320126 0)
(1.39065 0.301199 0)
(1.421 0.285358 0)
(1.45069 0.264063 0)
(1.47655 0.2426 0)
(1.49672 0.214066 0)
(1.50856 0.166008 0)
(1.50517 0.0920858 0)
(1.49689 -0.00671017 0)
(1.48619 -0.100417 0)
(1.46372 -0.186006 0)
(1.47415 -0.2425 0)
(1.4863 -0.293105 0)
(1.49015 -0.315763 0)
(1.50293 -0.332122 0)
(1.51851 -0.338621 0)
(1.53664 -0.348013 0)
(1.55533 -0.359854 0)
(1.56955 -0.369331 0)
(1.58248 -0.375841 0)
(1.59744 -0.379831 0)
(1.61402 -0.3857 0)
(1.63105 -0.393388 0)
(1.64657 -0.399965 0)
(1.05983 0.404726 0)
(1.08846 0.402233 0)
(1.1201 0.397131 0)
(1.15304 0.38942 0)
(1.18315 0.383239 0)
(1.21312 0.376532 0)
(1.24722 0.365619 0)
(1.27947 0.353188 0)
(1.30753 0.342779 0)
(1.33999 0.32906 0)
(1.37322 0.312592 0)
(1.4027 0.294472 0)
(1.42701 0.266702 0)
(1.44184 0.2209 0)
(1.43878 0.142321 0)
(1.43194 0.0514222 0)
(1.40701 -0.053083 0)
(1.42187 -0.124583 0)
(1.42038 -0.18015 0)
(1.42067 -0.218732 0)
(1.44039 -0.244638 0)
(1.45891 -0.264197 0)
(1.47964 -0.280984 0)
(1.49799 -0.291304 0)
(1.51259 -0.297439 0)
(1.52856 -0.306925 0)
(1.54483 -0.31806 0)
(1.56041 -0.32982 0)
(1.57573 -0.339944 0)
(1.59203 -0.345634 0)
(1.60851 -0.350658 0)
(1.62469 -0.358023 0)
(1.63995 -0.366133 0)
(1.06159 0.401531 0)
(1.08781 0.399987 0)
(1.11709 0.396211 0)
(1.14935 0.389396 0)
(1.17966 0.382934 0)
(1.20815 0.377307 0)
(1.23982 0.368844 0)
(1.27181 0.357485 0)
(1.29892 0.347597 0)
(1.32615 0.334427 0)
(1.35389 0.312874 0)
(1.37046 0.268784 0)
(1.36842 0.193605 0)
(1.35715 0.0938303 0)
(1.35428 -0.00279535 0)
(1.34004 -0.0818535 0)
(1.34959 -0.129584 0)
(1.37221 -0.167345 0)
(1.38284 -0.192014 0)
(1.40028 -0.214956 0)
(1.41979 -0.224337 0)
(1.44295 -0.233466 0)
(1.46649 -0.243657 0)
(1.48762 -0.253416 0)
(1.50739 -0.26563 0)
(1.52378 -0.276996 0)
(1.53495 -0.283045 0)
(1.54719 -0.291798 0)
(1.56531 -0.304217 0)
(1.58502 -0.31435 0)
(1.60391 -0.321859 0)
(1.62021 -0.327125 0)
(1.63335 -0.331497 0)
(1.06325 0.400002 0)
(1.08789 0.398215 0)
(1.11568 0.394397 0)
(1.14699 0.388638 0)
(1.17708 0.383112 0)
(1.2044 0.379349 0)
(1.23342 0.372949 0)
(1.26166 0.363002 0)
(1.28552 0.346024 0)
(1.30043 0.307619 0)
(1.29675 0.234759 0)
(1.29035 0.140789 0)
(1.27149 0.0415462 0)
(1.27942 -0.0322419 0)
(1.30022 -0.0781032 0)
(1.30701 -0.101882 0)
(1.3248 -0.126564 0)
(1.34673 -0.146974 0)
(1.37198 -0.169431 0)
(1.39222 -0.185626 0)
(1.41082 -0.193349 0)
(1.43285 -0.202389 0)
(1.45577 -0.21189 0)
(1.478 -0.222632 0)
(1.49872 -0.235923 0)
(1.51507 -0.246581 0)
(1.5273 -0.253529 0)
(1.54059 -0.263245 0)
(1.55775 -0.273282 0)
(1.57674 -0.280666 0)
(1.59609 -0.287304 0)
(1.61408 -0.293587 0)
(1.62898 -0.298631 0)
(1.06501 0.397917 0)
(1.0886 0.396035 0)
(1.11526 0.393185 0)
(1.1453 0.388977 0)
(1.175 0.384253 0)
(1.20051 0.381391 0)
(1.22549 0.372393 0)
(1.24219 0.345416 0)
(1.23615 0.279165 0)
(1.21683 0.180399 0)
(1.20651 0.0796111 0)
(1.20151 -0.000307834 0)
(1.2162 -0.0416859 0)
(1.24263 -0.0725029 0)
(1.26293 -0.0935125 0)
(1.28119 -0.10831 0)
(1.30287 -0.120353 0)
(1.33025 -0.132036 0)
(1.35623 -0.14453 0)
(1.38122 -0.156563 0)
(1.40451 -0.167442 0)
(1.4253 -0.176647 0)
(1.44515 -0.185101 0)
(1.46665 -0.196239 0)
(1.48785 -0.209521 0)
(1.50639 -0.221306 0)
(1.52244 -0.229982 0)
(1.53731 -0.237059 0)
(1.55363 -0.243653 0)
(1.57156 -0.248777 0)
(1.58987 -0.254027 0)
(1.60733 -0.260168 0)
(1.62339 -0.268022 0)
(1.06696 0.394433 0)
(1.08972 0.393181 0)
(1.11541 0.391349 0)
(1.14417 0.388493 0)
(1.17112 0.384592 0)
(1.19107 0.371359 0)
(1.18681 0.31972 0)
(1.16541 0.224548 0)
(1.14446 0.125226 0)
(1.12845 0.0422741 0)
(1.15399 0.00382906 0)
(1.17565 -0.0270157 0)
(1.19635 -0.0467923 0)
(1.22213 -0.0610513 0)
(1.25042 -0.0778546 0)
(1.27425 -0.0944551 0)
(1.29418 -0.103624 0)
(1.31969 -0.113783 0)
(1.34545 -0.12394 0)
(1.37031 -0.133558 0)
(1.39382 -0.143191 0)
(1.41544 -0.152496 0)
(1.43673 -0.162881 0)
(1.458 -0.174398 0)
(1.47769 -0.185205 0)
(1.49572 -0.193406 0)
(1.51322 -0.199312 0)
(1.53059 -0.205231 0)
(1.54835 -0.211972 0)
(1.56686 -0.218654 0)
(1.58541 -0.225877 0)
(1.60255 -0.233129 0)
(1.61766 -0.240004 0)
(1.07018 0.39138 0)
(1.09156 0.390997 0)
(1.11543 0.390561 0)
(1.14 0.387089 0)
(1.1483 0.357137 0)
(1.12731 0.27838 0)
(1.08699 0.163947 0)
(1.07596 0.0731675 0)
(1.07495 0.0184429 0)
(1.09169 -0.0107654 0)
(1.12335 -0.0217479 0)
(1.15195 -0.0380777 0)
(1.18078 -0.0471503 0)
(1.20949 -0.0543263 0)
(1.23653 -0.0634004 0)
(1.26318 -0.0752585 0)
(1.28904 -0.0874841 0)
(1.31427 -0.0978071 0)
(1.33933 -0.107051 0)
(1.36433 -0.116495 0)
(1.38799 -0.126069 0)
(1.41026 -0.135339 0)
(1.4314 -0.144052 0)
(1.4513 -0.152519 0)
(1.47058 -0.16053 0)
(1.49024 -0.167188 0)
(1.51023 -0.172724 0)
(1.52949 -0.178521 0)
(1.54754 -0.185223 0)
(1.56492 -0.192235 0)
(1.58194 -0.199855 0)
(1.59804 -0.207129 0)
(1.61301 -0.213124 0)
(1.07316 0.389436 0)
(1.09263 0.389443 0)
(1.11122 0.383719 0)
(1.10165 0.33531 0)
(1.06035 0.229052 0)
(1.01745 0.118573 0)
(1.0201 0.0554607 0)
(1.04002 0.0245837 0)
(1.06223 0.00371164 0)
(1.08437 -0.00248172 0)
(1.11527 -0.0121152 0)
(1.146 -0.0297963 0)
(1.17492 -0.0405049 0)
(1.20251 -0.0461248 0)
(1.22963 -0.0528038 0)
(1.25552 -0.0607677 0)
(1.28016 -0.0692222 0)
(1.30534 -0.0790299 0)
(1.33114 -0.0890163 0)
(1.35634 -0.0982522 0)
(1.3804 -0.107434 0)
(1.40308 -0.115951 0)
(1.42451 -0.122863 0)
(1.44505 -0.129131 0)
(1.46521 -0.135546 0)
(1.48533 -0.141305 0)
(1.5053 -0.146573 0)
(1.52475 -0.152793 0)
(1.54332 -0.159866 0)
(1.56084 -0.166092 0)
(1.5777 -0.171812 0)
(1.59429 -0.177545 0)
(1.61051 -0.183488 0)
(1.07446 0.388588 0)
(1.08537 0.375836 0)
(1.05577 0.307021 0)
(0.986881 0.181414 0)
(0.958817 0.0865139 0)
(0.958899 0.0335254 0)
(0.98632 0.0144909 0)
(1.01955 0.00172934 0)
(1.04912 -0.0054094 0)
(1.07782 -0.00469536 0)
(1.10623 -0.00854766 0)
(1.13824 -0.0188277 0)
(1.17145 -0.0309778 0)
(1.2003 -0.0386735 0)
(1.22825 -0.0453384 0)
(1.25371 -0.0519418 0)
(1.2772 -0.0584559 0)
(1.30111 -0.0661866 0)
(1.32587 -0.0739394 0)
(1.35125 -0.0816291 0)
(1.37637 -0.0897592 0)
(1.40005 -0.0971002 0)
(1.42239 -0.102779 0)
(1.44419 -0.108359 0)
(1.46543 -0.114836 0)
(1.48545 -0.120917 0)
(1.50421 -0.125892 0)
(1.52226 -0.130955 0)
(1.54026 -0.136473 0)
(1.55848 -0.14121 0)
(1.57666 -0.145244 0)
(1.59413 -0.149269 0)
(1.61049 -0.154258 0)
(1.0639 0.369421 0)
(1.00933 0.279477 0)
(0.926271 0.145543 0)
(0.908884 0.0691681 0)
(0.927185 0.040955 0)
(0.954039 0.0280537 0)
(0.981504 0.0196256 0)
(1.01452 0.00603729 0)
(1.04526 -0.00348158 0)
(1.0762 -0.00715684 0)
(1.10547 -0.00933579 0)
(1.13481 -0.0126418 0)
(1.1652 -0.0189646 0)
(1.19402 -0.0261996 0)
(1.22253 -0.0340262 0)
(1.24906 -0.0417169 0)
(1.27418 -0.0495795 0)
(1.29817 -0.0559433 0)
(1.3223 -0.060928 0)
(1.34698 -0.0659458 0)
(1.37168 -0.0716392 0)
(1.39537 -0.0770155 0)
(1.41795 -0.0817798 0)
(1.43984 -0.0872129 0)
(1.46077 -0.0934214 0)
(1.47996 -0.0989872 0)
(1.49746 -0.103322 0)
(1.51462 -0.10712 0)
(1.5324 -0.110651 0)
(1.55042 -0.113736 0)
(1.56792 -0.117041 0)
(1.58462 -0.120383 0)
(1.60177 -0.122842 0)
(0.97112 0.264307 0)
(0.864695 0.123996 0)
(0.851897 0.050926 0)
(0.876725 0.0210984 0)
(0.91784 0.0127254 0)
(0.94633 0.0166282 0)
(0.975861 0.0160386 0)
(1.00685 0.00873434 0)
(1.04077 0.00242925 0)
(1.07615 -0.00502177 0)
(1.10771 -0.0101084 0)
(1.13611 -0.0109193 0)
(1.164 -0.0130802 0)
(1.1909 -0.0169725 0)
(1.21874 -0.0237583 0)
(1.24594 -0.0326201 0)
(1.27112 -0.040153 0)
(1.29557 -0.0452509 0)
(1.32048 -0.0489804 0)
(1.34577 -0.0528464 0)
(1.37071 -0.0572429 0)
(1.39452 -0.0610696 0)
(1.41726 -0.0639182 0)
(1.43932 -0.0675966 0)
(1.46061 -0.0728415 0)
(1.48063 -0.0777056 0)
(1.49883 -0.0815326 0)
(1.51531 -0.0849459 0)
(1.53133 -0.0874251 0)
(1.54859 -0.0887069 0)
(1.5677 -0.0895018 0)
(1.58749 -0.0895934 0)
(1.60584 -0.0901115 0)
(0.8192 0.119245 0)
(0.804483 0.050893 0)
(0.835464 0.0374937 0)
(0.876503 0.0269263 0)
(0.918436 0.012008 0)
(0.950755 0.00983701 0)
(0.978239 0.00882444 0)
(1.00593 0.00673656 0)
(1.03752 0.00429462 0)
(1.0738 -0.000438555 0)
(1.10871 -0.00677037 0)
(1.13734 -0.00854191 0)
(1.16389 -0.00924341 0)
(1.18943 -0.0116653 0)
(1.21586 -0.0164465 0)
(1.24191 -0.0226948 0)
(1.26717 -0.028226 0)
(1.29249 -0.0321069 0)
(1.31808 -0.0352469 0)
(1.3433 -0.038422 0)
(1.36719 -0.0415292 0)
(1.38914 -0.0438934 0)
(1.4096 -0.0457138 0)
(1.42981 -0.0479598 0)
(1.44999 -0.051388 0)
(1.46945 -0.0556826 0)
(1.48913 -0.0589399 0)
(1.50963 -0.061552 0)
(1.52959 -0.0634048 0)
(1.54886 -0.0626353 0)
(1.56736 -0.059615 0)
(1.58436 -0.0577352 0)
(1.59946 -0.0597008 0)
(0.748141 0.0265087 0)
(0.779461 0.00495535 0)
(0.825541 0.0146163 0)
(0.869589 0.0164325 0)
(0.912831 0.00898877 0)
(0.95055 0.00350012 0)
(0.980922 0.00164745 0)
(1.00848 0.00191195 0)
(1.03835 0.00101114 0)
(1.0734 0.000602095 0)
(1.10822 -0.00195149 0)
(1.13711 -0.00393365 0)
(1.16508 -0.00573652 0)
(1.19068 -0.00765179 0)
(1.21435 -0.011106 0)
(1.23792 -0.0148039 0)
(1.26365 -0.0172276 0)
(1.29082 -0.0193704 0)
(1.31785 -0.0215743 0)
(1.34384 -0.0239219 0)
(1.36839 -0.0259238 0)
(1.39121 -0.0269717 0)
(1.41167 -0.0274703 0)
(1.42955 -0.0288266 0)
(1.44716 -0.0314805 0)
(1.46821 -0.0342566 0)
(1.49102 -0.0361557 0)
(1.51262 -0.0366976 0)
(1.53376 -0.0360059 0)
(1.55482 -0.0348845 0)
(1.57494 -0.0345004 0)
(1.59248 -0.0347193 0)
(1.60429 -0.0334189 0)
(0.713094 0.0542145 0)
(0.781444 0.0293239 0)
(0.834903 0.0159684 0)
(0.87707 0.00862652 0)
(0.915719 0.00755817 0)
(0.952916 0.0041263 0)
(0.984182 0.00131373 0)
(1.01279 0.000559659 0)
(1.04154 -0.000217099 0)
(1.07453 8.37256e-05 0)
(1.10856 -9.65988e-05 0)
(1.1366 -0.000573787 0)
(1.16514 -0.00121774 0)
(1.19145 -0.00264092 0)
(1.21393 -0.00457414 0)
(1.23731 -0.00565316 0)
(1.26363 -0.00599815 0)
(1.2909 -0.0062128 0)
(1.31791 -0.00653899 0)
(1.34374 -0.00700259 0)
(1.36774 -0.0073828 0)
(1.3897 -0.00761266 0)
(1.40969 -0.00816104 0)
(1.42838 -0.00929064 0)
(1.44699 -0.0104862 0)
(1.46583 -0.0114677 0)
(1.48513 -0.0129304 0)
(1.50544 -0.0143333 0)
(1.52628 -0.0147784 0)
(1.54665 -0.0145513 0)
(1.56545 -0.0142273 0)
(1.58075 -0.0136928 0)
(1.59187 -0.0139804 0)
)
;

boundaryField
{
    inlet
    {
        type            fixedValue;
        value           uniform (1.5 0 0);
    }
    outlet
    {
        type            inletOutlet;
        inletValue      nonuniform 0();
        value           nonuniform 0();
    }
    bottom
    {
        type            symmetryPlane;
    }
    top
    {
        type            symmetryPlane;
    }
    obstacle
    {
        type            slip;
    }
    defaultFaces
    {
        type            empty;
    }
    procBoundary2to0
    {
        type            processor;
        value           nonuniform List<vector> 
58
(
(0.847786 0.391284 0)
(0.869515 0.402522 0)
(0.897736 0.414862 0)
(0.930604 0.428933 0)
(0.9694 0.43757 0)
(1.01018 0.440831 0)
(1.5 1.61338e-16 0)
(1.5 5.78181e-16 0)
(1.5 6.56099e-17 0)
(1.5 9.05628e-17 0)
(1.5 -7.81496e-17 0)
(1.5 6.31886e-17 0)
(1.5 3.11885e-16 0)
(1.5 3.17809e-16 0)
(1.5 7.77401e-16 0)
(1.5 1.04783e-05 0)
(1.47674 0.048321 0)
(0.959102 0.276853 0)
(0.811559 0.31592 0)
(0.803301 0.331529 0)
(0.813079 0.344038 0)
(0.819832 0.356776 0)
(0.834035 0.369069 0)
(0.846726 0.381893 0)
(0.846726 0.381893 0)
(1.05351 0.438455 0)
(1.09966 0.430726 0)
(1.14536 0.421358 0)
(1.19288 0.410311 0)
(1.24452 0.39265 0)
(1.29228 0.37338 0)
(1.33358 0.356076 0)
(1.38092 0.32823 0)
(1.42826 0.29168 0)
(1.46456 0.269908 0)
(1.49494 0.244204 0)
(1.53548 0.202898 0)
(1.56679 0.175669 0)
(1.59211 0.151622 0)
(1.62114 0.106055 0)
(1.64366 0.0754705 0)
(1.66321 0.0619935 0)
(1.68517 0.0302975 0)
(1.7066 -0.0112151 0)
(1.72455 -0.0306845 0)
(1.73607 -0.0444683 0)
(1.75248 -0.0799777 0)
(1.76414 -0.1037 0)
(1.7771 -0.116542 0)
(1.79275 -0.146227 0)
(1.78308 -0.192969 0)
(1.76996 -0.26444 0)
(1.73948 -0.355248 0)
(1.72658 -0.438933 0)
(1.68858 -0.538062 0)
(1.69595 -0.581244 0)
(1.67543 -0.633544 0)
(1.65761 -0.621806 0)
)
;
    }
    procBoundary2to1
    {
        type            processor;
        value           nonuniform List<vector> 2((1.66178 -0.585613 0) (1.67784 -0.542691 0));
    }
    procBoundary2to3
    {
        type            processor;
        value           nonuniform List<vector> 
16
(
(1.68375 -0.4948 0)
(1.6738 -0.447786 0)
(1.66187 -0.407167 0)
(1.65366 -0.372945 0)
(1.64508 -0.336406 0)
(1.63984 -0.302963 0)
(1.63708 -0.27597 0)
(1.63176 -0.246772 0)
(1.6269 -0.217392 0)
(1.62551 -0.188757 0)
(1.62579 -0.159418 0)
(1.61767 -0.124373 0)
(1.62325 -0.0921853 0)
(1.61285 -0.0631828 0)
(1.6124 -0.0317582 0)
(1.60014 -0.0158131 0)
)
;
    }
}


// ************************************************************************* //
