/*--------------------------------*- C++ -*----------------------------------*\
  =========                 |
  \\      /  F ield         | OpenFOAM: The Open Source CFD Toolbox
   \\    /   O peration     | Website:  https://openfoam.org
    \\  /    A nd           | Version:  7
     \\/     M anipulation  |
\*---------------------------------------------------------------------------*/
FoamFile
{
    version     2.0;
    format      ascii;
    class       volVectorField;
    location    "1.2";
    object      U;
}
// * * * * * * * * * * * * * * * * * * * * * * * * * * * * * * * * * * * * * //

dimensions      [0 1 -1 0 0 0 0];

internalField   nonuniform List<vector> 
4032
(
(1.5 -2.58881e-17 0)
(1.5 7.15559e-17 0)
(1.5 1.69179e-16 0)
(1.5 1.20521e-16 0)
(1.5 7.95331e-17 0)
(1.5 -2.02401e-16 0)
(1.5 -1.90073e-16 0)
(1.5 -8.09983e-17 0)
(1.5 1.31652e-17 0)
(1.5 7.32937e-16 0)
(1.5 1.13703e-15 0)
(1.5 7.31295e-16 0)
(1.5 5.80119e-16 0)
(1.5 4.43911e-16 0)
(1.5 6.49668e-16 0)
(1.5 6.66638e-16 0)
(1.5 3.85939e-16 0)
(1.5 -2.22787e-16 0)
(1.5 -3.80133e-16 0)
(1.5 -4.49334e-16 0)
(1.5 -8.53165e-16 0)
(1.5 4.98231e-12 0)
(1.49997 7.35262e-05 0)
(1.45756 0.0669909 0)
(0.954304 0.302108 0)
(0.815941 0.31606 0)
(0.812509 0.329481 0)
(0.815511 0.339292 0)
(0.820076 0.346452 0)
(0.825901 0.352755 0)
(0.830977 0.357362 0)
(0.834435 0.361604 0)
(0.83851 0.367241 0)
(0.844212 0.373877 0)
(0.850469 0.381408 0)
(0.857904 0.387893 0)
(0.866637 0.392966 0)
(0.876652 0.398001 0)
(0.887947 0.403239 0)
(0.900167 0.408647 0)
(0.912781 0.414796 0)
(0.925925 0.420464 0)
(0.939027 0.424508 0)
(0.952783 0.426998 0)
(0.96803 0.428705 0)
(0.985434 0.430761 0)
(1.00482 0.432673 0)
(1.0252 0.433824 0)
(1.5 -4.44267e-17 0)
(1.5 2.40287e-17 0)
(1.5 -4.17382e-17 0)
(1.5 -8.19016e-17 0)
(1.5 -1.8255e-16 0)
(1.5 -2.56163e-16 0)
(1.5 -3.34366e-16 0)
(1.5 5.95365e-16 0)
(1.5 9.05522e-16 0)
(1.5 1.27433e-15 0)
(1.5 1.08909e-15 0)
(1.5 8.46954e-17 0)
(1.5 5.35252e-17 0)
(1.5 4.20548e-16 0)
(1.5 6.43388e-16 0)
(1.5 5.86275e-16 0)
(1.5 1.04027e-16 0)
(1.5 -3.03743e-16 0)
(1.5 -2.58988e-16 0)
(1.5 -1.11912e-16 0)
(1.5 -5.53451e-16 0)
(1.5 -2.44124e-16 0)
(1.5 2.47228e-07 0)
(1.49801 0.0066979 0)
(1.19765 0.232798 0)
(0.85251 0.318233 0)
(0.816067 0.332167 0)
(0.821259 0.339489 0)
(0.826638 0.350586 0)
(0.834849 0.35755 0)
(0.839936 0.360286 0)
(0.843182 0.362771 0)
(0.845829 0.367009 0)
(0.850159 0.373017 0)
(0.85638 0.380838 0)
(0.864593 0.388546 0)
(0.874758 0.393857 0)
(0.885813 0.39853 0)
(0.896252 0.403139 0)
(0.906727 0.407565 0)
(0.918076 0.412743 0)
(0.930732 0.418826 0)
(0.944077 0.423408 0)
(0.957963 0.426154 0)
(0.972967 0.427534 0)
(0.989713 0.428751 0)
(1.00795 0.430098 0)
(1.02711 0.431409 0)
(1.5 -5.76284e-17 0)
(1.5 -2.53116e-17 0)
(1.5 -4.06384e-16 0)
(1.5 -1.95409e-16 0)
(1.5 2.32211e-17 0)
(1.5 2.42371e-16 0)
(1.5 3.7125e-16 0)
(1.5 5.33345e-16 0)
(1.5 8.94216e-16 0)
(1.5 9.96427e-16 0)
(1.5 8.72938e-16 0)
(1.5 4.83459e-16 0)
(1.5 2.88213e-16 0)
(1.5 4.08895e-16 0)
(1.5 4.72577e-16 0)
(1.5 -2.4991e-17 0)
(1.5 -2.05738e-16 0)
(1.5 -2.72474e-16 0)
(1.5 -3.08251e-16 0)
(1.5 9.79919e-17 0)
(1.5 5.86432e-17 0)
(1.5 -7.37341e-16 0)
(1.5 1.26129e-10 0)
(1.49992 0.000185312 0)
(1.44591 0.0818329 0)
(0.960141 0.306407 0)
(0.824356 0.332107 0)
(0.826132 0.338711 0)
(0.834306 0.34932 0)
(0.843202 0.359051 0)
(0.848046 0.363066 0)
(0.851128 0.365456 0)
(0.853137 0.368348 0)
(0.856743 0.372994 0)
(0.862776 0.379916 0)
(0.871315 0.388204 0)
(0.882393 0.394549 0)
(0.893862 0.398598 0)
(0.903452 0.402181 0)
(0.913019 0.406093 0)
(0.923481 0.410514 0)
(0.935205 0.416007 0)
(0.948333 0.420989 0)
(0.962223 0.424155 0)
(0.977382 0.42576 0)
(0.993998 0.426665 0)
(1.01153 0.427757 0)
(1.02963 0.429099 0)
(1.5 -1.4463e-16 0)
(1.5 -3.32859e-16 0)
(1.5 -2.5268e-16 0)
(1.5 -7.63621e-18 0)
(1.5 3.34363e-16 0)
(1.5 7.93768e-16 0)
(1.5 8.24171e-16 0)
(1.5 1.68986e-16 0)
(1.5 2.06104e-16 0)
(1.5 4.03195e-16 0)
(1.5 3.80487e-16 0)
(1.5 2.60422e-16 0)
(1.5 2.3984e-16 0)
(1.5 1.96032e-16 0)
(1.5 1.17888e-16 0)
(1.5 -2.85566e-16 0)
(1.5 -5.70956e-16 0)
(1.5 -6.12668e-16 0)
(1.5 -1.41891e-16 0)
(1.5 -2.93562e-16 0)
(1.5 -5.00394e-17 0)
(1.5 -9.66303e-16 0)
(1.5 9.14679e-15 0)
(1.5 9.37636e-07 0)
(1.49706 0.00896625 0)
(1.20424 0.237578 0)
(0.852148 0.320402 0)
(0.833018 0.337123 0)
(0.844347 0.348636 0)
(0.851644 0.360592 0)
(0.855756 0.364904 0)
(0.858382 0.36674 0)
(0.859734 0.368388 0)
(0.863463 0.372022 0)
(0.869559 0.378289 0)
(0.878297 0.386873 0)
(0.889855 0.393746 0)
(0.901174 0.397437 0)
(0.910297 0.400589 0)
(0.919182 0.404016 0)
(0.928836 0.407927 0)
(0.939752 0.412779 0)
(0.95224 0.417697 0)
(0.965969 0.421214 0)
(0.981395 0.423132 0)
(0.998334 0.424221 0)
(1.01533 0.425259 0)
(1.03214 0.426398 0)
(1.5 -2.01568e-16 0)
(1.5 -4.92487e-16 0)
(1.5 -1.69701e-16 0)
(1.5 -8.31433e-17 0)
(1.5 4.17175e-16 0)
(1.5 7.6039e-16 0)
(1.5 6.32257e-16 0)
(1.5 1.96435e-16 0)
(1.5 7.53464e-17 0)
(1.5 -6.57857e-17 0)
(1.5 -2.42854e-16 0)
(1.5 -9.48862e-17 0)
(1.5 1.7858e-16 0)
(1.5 1.63214e-17 0)
(1.5 -1.10943e-16 0)
(1.5 -6.16785e-16 0)
(1.5 -8.15435e-16 0)
(1.5 -8.29665e-16 0)
(1.5 -4.41036e-16 0)
(1.5 -4.9464e-16 0)
(1.5 -7.03261e-16 0)
(1.5 -9.18938e-16 0)
(1.5 -1.13131e-15 0)
(1.5 7.80248e-10 0)
(1.49988 0.000271166 0)
(1.44911 0.0818394 0)
(0.965503 0.303368 0)
(0.84077 0.344676 0)
(0.849291 0.350413 0)
(0.858368 0.360239 0)
(0.862376 0.365178 0)
(0.864343 0.36778 0)
(0.866076 0.369505 0)
(0.870549 0.372369 0)
(0.876759 0.377569 0)
(0.885463 0.385101 0)
(0.896819 0.391649 0)
(0.90772 0.395409 0)
(0.916518 0.398547 0)
(0.925007 0.40164 0)
(0.933764 0.404976 0)
(0.944075 0.409279 0)
(0.955911 0.41377 0)
(0.96951 0.417443 0)
(0.985381 0.419985 0)
(1.00276 0.42141 0)
(1.01893 0.422297 0)
(1.03418 0.422925 0)
(1.5 3.91773e-16 0)
(1.5 1.31617e-16 0)
(1.5 -1.18772e-16 0)
(1.5 -1.17714e-16 0)
(1.5 1.53802e-18 0)
(1.5 7.19997e-17 0)
(1.5 2.0229e-16 0)
(1.5 4.677e-16 0)
(1.5 2.06138e-16 0)
(1.5 -6.57196e-16 0)
(1.5 -5.53566e-16 0)
(1.5 4.27105e-16 0)
(1.5 4.52677e-16 0)
(1.5 2.81846e-16 0)
(1.5 5.97475e-17 0)
(1.5 -5.2399e-16 0)
(1.5 -5.98297e-16 0)
(1.5 -4.1529e-16 0)
(1.5 -6.65013e-16 0)
(1.5 -6.48678e-16 0)
(1.5 -7.78924e-16 0)
(1.5 -7.73425e-16 0)
(1.5 -6.77314e-16 0)
(1.5 8.98542e-14 0)
(1.5 1.52459e-06 0)
(1.49702 0.00893196 0)
(1.22628 0.225455 0)
(0.868856 0.335403 0)
(0.857498 0.347983 0)
(0.866095 0.357923 0)
(0.868842 0.364793 0)
(0.870289 0.367895 0)
(0.872863 0.370277 0)
(0.877586 0.372858 0)
(0.883622 0.377072 0)
(0.892035 0.383299 0)
(0.903217 0.389766 0)
(0.913984 0.39426 0)
(0.92246 0.397576 0)
(0.930584 0.400555 0)
(0.938729 0.403218 0)
(0.948606 0.406742 0)
(0.960022 0.410588 0)
(0.973484 0.414123 0)
(0.9897 0.416859 0)
(1.00692 0.418316 0)
(1.02198 0.419154 0)
(1.03603 0.419197 0)
(1.5 2.10271e-16 0)
(1.5 8.21598e-17 0)
(1.5 -4.49376e-16 0)
(1.5 -2.30616e-16 0)
(1.5 -2.40126e-16 0)
(1.5 2.93079e-17 0)
(1.5 4.83626e-16 0)
(1.5 8.03113e-16 0)
(1.5 5.67875e-16 0)
(1.5 -2.31264e-16 0)
(1.5 -5.60051e-16 0)
(1.5 -2.92293e-16 0)
(1.5 -2.33609e-16 0)
(1.5 -1.46391e-16 0)
(1.5 -1.2014e-16 0)
(1.5 -1.99211e-16 0)
(1.5 -1.04163e-16 0)
(1.5 2.97969e-17 0)
(1.5 -2.31068e-16 0)
(1.5 -5.34615e-16 0)
(1.5 -6.66065e-16 0)
(1.5 -4.89157e-16 0)
(1.5 -2.90919e-16 0)
(1.5 -2.80019e-16 0)
(1.5 1.49363e-09 0)
(1.49988 0.0002705 0)
(1.46078 0.0692828 0)
(0.9875 0.303955 0)
(0.873412 0.354449 0)
(0.86998 0.361224 0)
(0.874083 0.363584 0)
(0.876695 0.367758 0)
(0.87957 0.37134 0)
(0.883909 0.374214 0)
(0.889678 0.377385 0)
(0.897954 0.382287 0)
(0.909334 0.388622 0)
(0.919832 0.393552 0)
(0.927936 0.397128 0)
(0.935597 0.400121 0)
(0.943346 0.402394 0)
(0.953047 0.405252 0)
(0.964365 0.408397 0)
(0.977921 0.411478 0)
(0.994248 0.414227 0)
(1.01058 0.41566 0)
(1.02459 0.416648 0)
(1.03788 0.416431 0)
(1.5 9.8271e-17 0)
(1.5 -2.84255e-16 0)
(1.5 -2.98342e-16 0)
(1.5 1.19387e-16 0)
(1.5 2.12268e-16 0)
(1.5 3.60849e-16 0)
(1.5 6.27515e-16 0)
(1.5 8.01408e-16 0)
(1.5 7.36244e-16 0)
(1.5 3.34564e-17 0)
(1.5 -7.40358e-16 0)
(1.5 -7.41263e-16 0)
(1.5 -5.46147e-16 0)
(1.5 -6.34544e-16 0)
(1.5 -4.22208e-16 0)
(1.5 -9.95546e-17 0)
(1.5 -2.90354e-16 0)
(1.5 -5.47769e-16 0)
(1.5 -4.41625e-16 0)
(1.5 -6.50212e-16 0)
(1.5 -5.16253e-16 0)
(1.5 -3.01903e-16 0)
(1.5 -4.20074e-16 0)
(1.5 -5.49122e-16 0)
(1.5 2.1882e-13 0)
(1.5 1.53467e-06 0)
(1.49748 0.00696453 0)
(1.26936 0.200988 0)
(0.906709 0.3473 0)
(0.875453 0.360496 0)
(0.880041 0.361428 0)
(0.882967 0.366425 0)
(0.884799 0.370703 0)
(0.889008 0.373893 0)
(0.895024 0.37705 0)
(0.904014 0.382112 0)
(0.915828 0.388583 0)
(0.925366 0.393272 0)
(0.933001 0.39699 0)
(0.940128 0.39989 0)
(0.947863 0.402015 0)
(0.957636 0.404534 0)
(0.969014 0.407112 0)
(0.982633 0.40988 0)
(0.998766 0.412415 0)
(1.01374 0.413956 0)
(1.02671 0.415313 0)
(1.03925 0.415497 0)
(1.5 -2.42649e-16 0)
(1.5 -4.09281e-16 0)
(1.5 -1.87312e-17 0)
(1.5 2.47875e-16 0)
(1.5 4.31693e-16 0)
(1.5 3.45754e-16 0)
(1.5 1.4456e-16 0)
(1.5 3.82272e-16 0)
(1.5 4.95658e-16 0)
(1.5 1.66458e-16 0)
(1.5 -9.46579e-16 0)
(1.5 -8.19426e-16 0)
(1.5 -6.56334e-16 0)
(1.5 -5.37359e-16 0)
(1.5 -5.68206e-16 0)
(1.5 -3.49967e-16 0)
(1.5 -7.25114e-16 0)
(1.5 -7.75077e-16 0)
(1.5 -3.9339e-16 0)
(1.5 -5.05932e-16 0)
(1.5 -9.60453e-16 0)
(1.5 -9.69686e-16 0)
(1.5 -6.4945e-16 0)
(1.5 -6.06169e-16 0)
(1.5 -7.97654e-16 0)
(1.5 1.58705e-09 0)
(1.49991 0.000185192 0)
(1.47079 0.0513238 0)
(1.04813 0.301884 0)
(0.897922 0.357027 0)
(0.887143 0.362306 0)
(0.887966 0.366632 0)
(0.888925 0.370879 0)
(0.893644 0.37339 0)
(0.900476 0.376876 0)
(0.910938 0.382596 0)
(0.922407 0.388568 0)
(0.930492 0.39273 0)
(0.937621 0.396362 0)
(0.944245 0.398961 0)
(0.952251 0.401102 0)
(0.96209 0.403452 0)
(0.973517 0.405904 0)
(0.987346 0.408733 0)
(1.00312 0.411362 0)
(1.01672 0.413266 0)
(1.02887 0.414977 0)
(1.04106 0.415599 0)
(1.5 -3.65961e-16 0)
(1.5 -4.529e-17 0)
(1.5 5.29962e-16 0)
(1.5 1.95853e-16 0)
(1.5 3.88801e-18 0)
(1.5 2.64418e-16 0)
(1.5 2.16365e-16 0)
(1.5 1.70183e-16 0)
(1.5 3.30428e-16 0)
(1.5 6.45978e-16 0)
(1.5 -9.80198e-17 0)
(1.5 -9.82692e-16 0)
(1.5 -8.45881e-16 0)
(1.5 -2.22962e-16 0)
(1.5 -5.11628e-16 0)
(1.5 -8.04444e-16 0)
(1.5 -3.97043e-16 0)
(1.5 1.28326e-16 0)
(1.5 -9.03496e-17 0)
(1.5 -3.30623e-16 0)
(1.5 -7.53503e-16 0)
(1.5 -8.78924e-16 0)
(1.5 -8.14346e-16 0)
(1.5 -3.25711e-16 0)
(1.5 -5.74006e-16 0)
(1.5 2.50691e-13 0)
(1.5 9.09215e-07 0)
(1.49818 0.00428753 0)
(1.33498 0.163572 0)
(0.952181 0.345073 0)
(0.890522 0.365858 0)
(0.889805 0.366208 0)
(0.892778 0.369803 0)
(0.898351 0.373136 0)
(0.907015 0.377572 0)
(0.918422 0.383702 0)
(0.928041 0.388797 0)
(0.935186 0.3925 0)
(0.941796 0.395669 0)
(0.948171 0.397684 0)
(0.956288 0.399544 0)
(0.966077 0.401708 0)
(0.977629 0.404279 0)
(0.991965 0.40765 0)
(1.0072 0.410619 0)
(1.01967 0.412901 0)
(1.03136 0.414688 0)
(1.04317 0.415298 0)
(1.5 1.89571e-16 0)
(1.5 6.82046e-16 0)
(1.5 6.47148e-16 0)
(1.5 3.6168e-16 0)
(1.5 1.79639e-16 0)
(1.5 3.7635e-16 0)
(1.5 2.65265e-16 0)
(1.5 4.14259e-16 0)
(1.5 1.47996e-16 0)
(1.5 2.54571e-16 0)
(1.5 -7.95417e-17 0)
(1.5 -4.94582e-16 0)
(1.5 -4.67518e-16 0)
(1.5 -5.53354e-16 0)
(1.5 -7.06318e-16 0)
(1.5 -7.65084e-16 0)
(1.5 -1.91826e-16 0)
(1.5 3.83871e-16 0)
(1.5 8.83709e-17 0)
(1.5 -4.00905e-16 0)
(1.5 -2.93616e-16 0)
(1.5 -4.3862e-16 0)
(1.5 -3.90289e-16 0)
(1.5 -2.71333e-16 0)
(1.5 -1.39862e-17 0)
(1.5 3.43386e-16 0)
(1.5 8.19956e-10 0)
(1.49996 8.34798e-05 0)
(1.48209 0.0318036 0)
(1.14006 0.283663 0)
(0.914331 0.3538 0)
(0.893135 0.36541 0)
(0.899555 0.367329 0)
(0.905695 0.372317 0)
(0.915109 0.379418 0)
(0.925504 0.3853 0)
(0.932836 0.389067 0)
(0.939457 0.39235 0)
(0.945571 0.394757 0)
(0.951789 0.396075 0)
(0.959946 0.39763 0)
(0.969706 0.399775 0)
(0.981809 0.402846 0)
(0.996797 0.406902 0)
(1.0108 0.409838 0)
(1.02234 0.412221 0)
(1.03359 0.413543 0)
(1.0447 0.413625 0)
(1.5 7.51794e-17 0)
(1.5 2.12184e-16 0)
(1.5 4.21937e-16 0)
(1.5 3.02715e-16 0)
(1.5 2.92601e-16 0)
(1.5 3.99045e-16 0)
(1.5 3.59528e-16 0)
(1.5 3.08587e-16 0)
(1.5 2.55069e-16 0)
(1.5 -3.42851e-16 0)
(1.5 -3.32606e-16 0)
(1.5 -1.88551e-17 0)
(1.5 -4.60568e-16 0)
(1.5 -5.79455e-16 0)
(1.5 -8.35802e-16 0)
(1.5 -5.49125e-16 0)
(1.5 2.08084e-16 0)
(1.5 1.67766e-16 0)
(1.5 -1.11366e-17 0)
(1.5 -4.61194e-16 0)
(1.5 -3.86771e-16 0)
(1.5 -3.34631e-16 0)
(1.5 1.69698e-16 0)
(1.5 1.04687e-16 0)
(1.5 2.75077e-16 0)
(1.5 -3.09018e-17 0)
(1.5 1.11295e-13 0)
(1.5 3.11021e-07 0)
(1.49904 0.00196696 0)
(1.41332 0.116782 0)
(0.994888 0.329371 0)
(0.89985 0.370071 0)
(0.904337 0.372506 0)
(0.914221 0.374722 0)
(0.922711 0.380213 0)
(0.930678 0.384846 0)
(0.936962 0.388361 0)
(0.942953 0.391388 0)
(0.948555 0.393039 0)
(0.955146 0.393964 0)
(0.963662 0.395738 0)
(0.973799 0.398433 0)
(0.986849 0.402482 0)
(1.00152 0.406574 0)
(1.01361 0.408963 0)
(1.02453 0.410758 0)
(1.03524 0.411184 0)
(1.04567 0.41056 0)
(1.5 -2.92968e-16 0)
(1.5 -4.66161e-16 0)
(1.5 1.07492e-16 0)
(1.5 8.84116e-17 0)
(1.5 9.92645e-17 0)
(1.5 3.12844e-16 0)
(1.5 4.39106e-16 0)
(1.5 2.49302e-16 0)
(1.5 2.38921e-16 0)
(1.5 -5.15056e-17 0)
(1.5 2.39631e-16 0)
(1.5 2.13685e-16 0)
(1.5 -2.11719e-16 0)
(1.5 -4.26657e-16 0)
(1.5 -3.42339e-16 0)
(1.5 -3.32178e-16 0)
(1.5 -1.8617e-16 0)
(1.5 -2.43514e-16 0)
(1.5 -4.44298e-16 0)
(1.5 -3.9552e-16 0)
(1.5 -1.73259e-16 0)
(1.5 4.52623e-17 0)
(1.5 -3.53086e-17 0)
(1.5 1.54382e-16 0)
(1.5 2.55947e-16 0)
(1.5 -1.7316e-16 0)
(1.5 -3.74149e-16 0)
(1.5 2.17841e-10 0)
(1.49999 2.53535e-05 0)
(1.49252 0.0159483 0)
(1.24642 0.227777 0)
(0.934118 0.352541 0)
(0.913661 0.374867 0)
(0.920572 0.37525 0)
(0.928999 0.379478 0)
(0.935465 0.383864 0)
(0.940833 0.387098 0)
(0.946218 0.389175 0)
(0.951763 0.390262 0)
(0.959155 0.391956 0)
(0.968012 0.394659 0)
(0.979281 0.398485 0)
(0.992827 0.403345 0)
(1.00516 0.406233 0)
(1.0156 0.407999 0)
(1.02598 0.408655 0)
(1.03602 0.408065 0)
(1.04616 0.406493 0)
(1.5 -2.9772e-17 0)
(1.5 -4.10893e-16 0)
(1.5 -6.91152e-18 0)
(1.5 1.69826e-16 0)
(1.5 2.11389e-16 0)
(1.5 2.64801e-16 0)
(1.5 5.54441e-16 0)
(1.5 2.05627e-16 0)
(1.5 -1.45501e-16 0)
(1.5 3.78402e-16 0)
(1.5 7.7712e-16 0)
(1.5 1.77532e-16 0)
(1.5 -3.59626e-16 0)
(1.5 -6.20742e-16 0)
(1.5 -3.05179e-16 0)
(1.5 -2.07017e-16 0)
(1.5 -4.28881e-16 0)
(1.5 -5.29727e-16 0)
(1.5 -3.36313e-16 0)
(1.5 -1.1584e-16 0)
(1.5 1.06511e-16 0)
(1.5 4.99582e-16 0)
(1.5 2.85084e-16 0)
(1.5 3.58263e-16 0)
(1.5 2.67174e-16 0)
(1.5 3.62292e-16 0)
(1.5 -3.07752e-16 0)
(1.5 2.26203e-14 0)
(1.5 6.4609e-08 0)
(1.49968 0.000622387 0)
(1.45942 0.0628557 0)
(1.07948 0.305264 0)
(0.929049 0.379255 0)
(0.92527 0.374191 0)
(0.935312 0.378686 0)
(0.939006 0.383681 0)
(0.94291 0.386189 0)
(0.948302 0.3866 0)
(0.955292 0.387613 0)
(0.963747 0.390406 0)
(0.974321 0.394585 0)
(0.986565 0.400095 0)
(0.99806 0.403895 0)
(1.00764 0.405941 0)
(1.01728 0.406465 0)
(1.02695 0.405706 0)
(1.03661 0.40406 0)
(1.04736 0.403238 0)
(1.5 7.60385e-17 0)
(1.5 -2.72489e-16 0)
(1.5 -3.58756e-16 0)
(1.5 -3.07453e-16 0)
(1.5 -1.94095e-16 0)
(1.5 1.03497e-17 0)
(1.5 1.87905e-16 0)
(1.5 -1.42047e-16 0)
(1.5 -3.51818e-16 0)
(1.5 1.29694e-16 0)
(1.5 3.30979e-16 0)
(1.5 1.8314e-16 0)
(1.5 -4.04502e-16 0)
(1.5 -6.59093e-16 0)
(1.5 -4.38702e-16 0)
(1.5 5.84063e-17 0)
(1.5 -6.35796e-17 0)
(1.5 -2.44746e-17 0)
(1.5 1.0139e-16 0)
(1.5 4.51331e-16 0)
(1.5 4.54185e-16 0)
(1.5 5.93494e-16 0)
(1.5 7.4821e-16 0)
(1.5 7.71929e-16 0)
(1.5 5.62614e-16 0)
(1.5 7.53893e-16 0)
(1.5 4.5961e-16 0)
(1.5 2.33864e-16 0)
(1.5 2.91879e-11 0)
(1.5 4.83837e-06 0)
(1.497 0.0058933 0)
(1.35619 0.155081 0)
(0.997348 0.357083 0)
(0.93489 0.375435 0)
(0.938755 0.378561 0)
(0.938904 0.382561 0)
(0.943692 0.383638 0)
(0.950397 0.384825 0)
(0.958899 0.387029 0)
(0.969819 0.391208 0)
(0.981781 0.39733 0)
(0.992425 0.401637 0)
(1.00115 0.404258 0)
(1.00988 0.404968 0)
(1.01882 0.40397 0)
(1.02793 0.402074 0)
(1.03792 0.4012 0)
(1.04906 0.401907 0)
(1.5 -2.75901e-16 0)
(1.5 -1.1827e-16 0)
(1.5 -7.34765e-16 0)
(1.5 -6.36846e-16 0)
(1.5 -7.03066e-16 0)
(1.5 -6.85266e-16 0)
(1.5 -5.63653e-16 0)
(1.5 -3.74327e-16 0)
(1.5 -1.64967e-16 0)
(1.5 -3.53409e-16 0)
(1.5 2.52187e-16 0)
(1.5 2.15695e-16 0)
(1.5 -2.50802e-16 0)
(1.5 -3.9767e-16 0)
(1.5 -5.38141e-16 0)
(1.5 1.16581e-16 0)
(1.5 1.14759e-16 0)
(1.5 3.66664e-16 0)
(1.5 6.99454e-16 0)
(1.5 4.02723e-16 0)
(1.5 3.85367e-16 0)
(1.5 4.84476e-16 0)
(1.5 9.84396e-16 0)
(1.5 1.22567e-15 0)
(1.5 7.7848e-16 0)
(1.5 4.44315e-16 0)
(1.5 3.17956e-16 0)
(1.5 -6.58805e-17 0)
(1.5 2.84039e-15 0)
(1.5 7.75925e-09 0)
(1.49992 0.000136564 0)
(1.48302 0.0279145 0)
(1.20806 0.262169 0)
(0.97347 0.369495 0)
(0.940482 0.375596 0)
(0.940709 0.380971 0)
(0.946597 0.382623 0)
(0.954055 0.382956 0)
(0.964904 0.38667 0)
(0.976968 0.393327 0)
(0.987132 0.398536 0)
(0.995202 0.401774 0)
(1.00325 0.403647 0)
(1.01153 0.403216 0)
(1.02001 0.400936 0)
(1.02941 0.399361 0)
(1.03993 0.399843 0)
(1.05116 0.401751 0)
(1.5 5.65792e-18 0)
(1.5 -9.03921e-18 0)
(1.5 -3.74373e-16 0)
(1.5 -4.49111e-16 0)
(1.5 -7.76392e-16 0)
(1.5 -9.60585e-16 0)
(1.5 -6.30828e-16 0)
(1.5 1.8836e-17 0)
(1.5 -1.99329e-16 0)
(1.5 -1.52353e-16 0)
(1.5 -3.29873e-17 0)
(1.5 4.98155e-17 0)
(1.5 1.65979e-16 0)
(1.5 1.4186e-16 0)
(1.5 -4.12582e-16 0)
(1.5 -3.82506e-16 0)
(1.5 -1.44942e-16 0)
(1.5 2.07214e-17 0)
(1.5 2.65451e-16 0)
(1.5 1.42503e-16 0)
(1.5 1.96423e-16 0)
(1.5 1.7309e-16 0)
(1.5 3.60724e-16 0)
(1.5 3.25587e-16 0)
(1.5 4.60545e-16 0)
(1.5 1.41194e-16 0)
(1.5 4.13194e-16 0)
(1.5 3.99894e-16 0)
(1.5 -6.49973e-17 0)
(1.5 2.12708e-12 0)
(1.5 6.72797e-07 0)
(1.49911 0.00159772 0)
(1.43899 0.0838601 0)
(1.10361 0.324317 0)
(0.942199 0.368258 0)
(0.944344 0.385477 0)
(0.950944 0.383573 0)
(0.960288 0.384599 0)
(0.972781 0.388354 0)
(0.982635 0.393727 0)
(0.989831 0.397814 0)
(0.997159 0.400821 0)
(1.00488 0.40173 0)
(1.01284 0.399997 0)
(1.02161 0.397853 0)
(1.03165 0.397986 0)
(1.04228 0.399875 0)
(1.05377 0.402751 0)
(1.5 4.62565e-16 0)
(1.5 4.9419e-16 0)
(1.5 2.00883e-16 0)
(1.5 -4.71608e-16 0)
(1.5 -8.72464e-16 0)
(1.5 -6.2877e-16 0)
(1.5 -6.35815e-16 0)
(1.5 -1.13965e-16 0)
(1.5 1.41675e-16 0)
(1.5 -1.72965e-16 0)
(1.5 -4.54301e-16 0)
(1.5 -4.82966e-16 0)
(1.5 2.60019e-16 0)
(1.5 -1.34935e-16 0)
(1.5 -1.97861e-16 0)
(1.5 -2.04353e-16 0)
(1.5 -3.6908e-16 0)
(1.5 -5.83279e-16 0)
(1.5 -7.94222e-16 0)
(1.5 -4.80684e-16 0)
(1.5 -2.05312e-16 0)
(1.5 -2.54437e-16 0)
(1.5 -2.20852e-16 0)
(1.5 -5.39444e-16 0)
(1.5 -2.58454e-16 0)
(1.5 2.40111e-16 0)
(1.5 3.05478e-16 0)
(1.5 5.46071e-16 0)
(1.5 9.48165e-17 0)
(1.5 -5.22569e-16 0)
(1.5 6.62521e-10 0)
(1.49999 1.9524e-05 0)
(1.49501 0.00886564 0)
(1.36041 0.163423 0)
(1.01595 0.338054 0)
(0.953093 0.391716 0)
(0.953194 0.386034 0)
(0.968115 0.383673 0)
(0.979707 0.388429 0)
(0.986054 0.393872 0)
(0.991868 0.397724 0)
(0.998233 0.399497 0)
(1.00538 0.398227 0)
(1.01397 0.39586 0)
(1.02391 0.395845 0)
(1.03427 0.397836 0)
(1.0453 0.401236 0)
(1.05709 0.404672 0)
(1.5 4.59215e-17 0)
(1.5 -3.07424e-18 0)
(1.5 -1.47229e-16 0)
(1.5 -3.60115e-16 0)
(1.5 -4.04359e-16 0)
(1.5 -6.35176e-16 0)
(1.5 -6.98484e-16 0)
(1.5 -3.15822e-16 0)
(1.5 -3.24057e-16 0)
(1.5 -4.11038e-16 0)
(1.5 -7.39928e-16 0)
(1.5 -6.29421e-16 0)
(1.5 -4.04503e-16 0)
(1.5 -2.2656e-16 0)
(1.5 -2.68759e-17 0)
(1.5 -3.62675e-16 0)
(1.5 -5.79526e-16 0)
(1.5 -9.68558e-16 0)
(1.5 -1.11898e-15 0)
(1.5 -8.02256e-16 0)
(1.5 -5.817e-16 0)
(1.5 -6.17534e-16 0)
(1.5 -6.75752e-16 0)
(1.5 -1.6023e-17 0)
(1.5 9.67395e-17 0)
(1.5 -3.33169e-18 0)
(1.5 -8.03364e-17 0)
(1.5 1.14699e-16 0)
(1.5 -2.23278e-16 0)
(1.5 -6.7081e-16 0)
(1.5 9.87892e-14 0)
(1.5 4.88795e-08 0)
(1.49988 0.000222353 0)
(1.48235 0.0287113 0)
(1.23711 0.24409 0)
(0.970238 0.380806 0)
(0.960476 0.3785 0)
(0.980446 0.384 0)
(0.98512 0.390049 0)
(0.98864 0.395232 0)
(0.992698 0.397678 0)
(0.99813 0.396231 0)
(1.00627 0.393975 0)
(1.01604 0.393811 0)
(1.02653 0.395527 0)
(1.03765 0.39915 0)
(1.04908 0.403161 0)
(1.05965 0.405554 0)
(1.5 -9.22935e-18 0)
(1.5 -2.98229e-16 0)
(1.5 -5.32937e-16 0)
(1.5 -2.74509e-16 0)
(1.5 -1.53886e-16 0)
(1.5 -2.35663e-16 0)
(1.5 -4.25004e-16 0)
(1.5 -3.66382e-16 0)
(1.5 -6.65439e-16 0)
(1.5 -3.75857e-16 0)
(1.5 -5.77978e-16 0)
(1.5 -4.60769e-16 0)
(1.5 -6.81714e-16 0)
(1.5 9.16951e-17 0)
(1.5 7.40989e-17 0)
(1.5 -8.77742e-16 0)
(1.5 -1.12545e-15 0)
(1.5 -7.94074e-16 0)
(1.5 -8.57988e-16 0)
(1.5 -9.23937e-16 0)
(1.5 -9.29091e-16 0)
(1.5 -5.31934e-16 0)
(1.5 -1.96992e-16 0)
(1.5 2.01181e-16 0)
(1.5 1.24064e-16 0)
(1.5 -3.6168e-17 0)
(1.5 -1.41048e-16 0)
(1.5 -4.00445e-16 0)
(1.5 -3.72489e-16 0)
(1.5 -2.92827e-16 0)
(1.5 -2.29603e-16 0)
(1.5 1.91827e-11 0)
(1.5 1.16336e-06 0)
(1.49904 0.00161742 0)
(1.44851 0.074687 0)
(1.11632 0.309476 0)
(0.990122 0.381014 0)
(0.983724 0.390903 0)
(0.983813 0.392967 0)
(0.987837 0.396025 0)
(0.992863 0.395065 0)
(1.00014 0.392312 0)
(1.00936 0.391625 0)
(1.01921 0.393417 0)
(1.02988 0.397208 0)
(1.0413 0.401317 0)
(1.05165 0.40389 0)
(1.06159 0.404923 0)
(1.5 -1.76187e-16 0)
(1.5 -5.02425e-18 0)
(1.5 -1.51339e-16 0)
(1.5 -2.90587e-16 0)
(1.5 -7.57391e-17 0)
(1.5 1.29794e-16 0)
(1.5 -1.00734e-16 0)
(1.5 -8.53071e-16 0)
(1.5 -4.73132e-16 0)
(1.5 -7.36283e-16 0)
(1.5 -6.24002e-16 0)
(1.5 -3.08908e-16 0)
(1.5 -3.61944e-16 0)
(1.5 -2.26655e-16 0)
(1.5 -2.56779e-16 0)
(1.5 -3.69053e-16 0)
(1.5 -5.3601e-16 0)
(1.5 -5.35072e-16 0)
(1.5 -8.31669e-16 0)
(1.5 -1.26785e-15 0)
(1.5 -8.52581e-16 0)
(1.5 1.87352e-16 0)
(1.5 5.15378e-16 0)
(1.5 3.08578e-16 0)
(1.5 -1.01669e-16 0)
(1.5 -1.45698e-16 0)
(1.5 -3.34891e-16 0)
(1.5 -9.0323e-16 0)
(1.5 -8.13044e-16 0)
(1.5 -3.92127e-16 0)
(1.5 -2.99292e-16 0)
(1.5 9.84464e-16 0)
(1.5 1.28446e-09 0)
(1.49999 2.11963e-05 0)
(1.49568 0.00774177 0)
(1.37675 0.139002 0)
(1.0663 0.350295 0)
(0.990438 0.383333 0)
(0.98562 0.390228 0)
(0.989302 0.393295 0)
(0.995246 0.390986 0)
(1.00417 0.389345 0)
(1.01341 0.391339 0)
(1.02295 0.395446 0)
(1.03362 0.399866 0)
(1.04377 0.402397 0)
(1.05355 0.403404 0)
(1.06327 0.402539 0)
(1.5 9.00256e-17 0)
(1.5 4.70385e-17 0)
(1.5 -3.80603e-17 0)
(1.5 -1.15456e-16 0)
(1.5 -1.41486e-16 0)
(1.5 -1.3779e-16 0)
(1.5 -3.62143e-16 0)
(1.5 -6.23847e-16 0)
(1.5 -4.35887e-16 0)
(1.5 -5.35021e-16 0)
(1.5 -5.15072e-16 0)
(1.5 -2.35998e-16 0)
(1.5 5.76054e-17 0)
(1.5 -7.87429e-17 0)
(1.5 -3.9227e-16 0)
(1.5 -2.6557e-16 0)
(1.5 -3.67551e-17 0)
(1.5 -9.12619e-16 0)
(1.5 -9.07646e-16 0)
(1.5 -6.43131e-16 0)
(1.5 3.52224e-16 0)
(1.5 5.9595e-16 0)
(1.5 1.97559e-16 0)
(1.5 4.5953e-16 0)
(1.5 1.07429e-16 0)
(1.5 -3.35975e-16 0)
(1.5 -9.33371e-16 0)
(1.5 -6.75188e-16 0)
(1.5 -7.78047e-16 0)
(1.5 -7.06125e-16 0)
(1.5 -7.59383e-16 0)
(1.5 -8.67197e-16 0)
(1.5 2.58467e-13 0)
(1.5 6.42493e-08 0)
(1.49989 0.000192067 0)
(1.48549 0.0222174 0)
(1.29591 0.210498 0)
(1.04053 0.364058 0)
(0.98812 0.395944 0)
(0.991055 0.391756 0)
(0.998383 0.386699 0)
(1.00836 0.387278 0)
(1.01818 0.391999 0)
(1.02796 0.398184 0)
(1.0369 0.401626 0)
(1.04572 0.403086 0)
(1.05488 0.402029 0)
(1.06361 0.399539 0)
(1.5 4.03885e-16 0)
(1.5 2.321e-16 0)
(1.5 -7.75234e-17 0)
(1.5 -3.85291e-17 0)
(1.5 2.89976e-17 0)
(1.5 -3.13612e-16 0)
(1.5 -5.88909e-16 0)
(1.5 -7.07328e-16 0)
(1.5 -4.27653e-16 0)
(1.5 -3.28986e-16 0)
(1.5 -4.91711e-16 0)
(1.5 -2.88279e-16 0)
(1.5 -6.2997e-17 0)
(1.5 1.04576e-16 0)
(1.5 -1.37676e-16 0)
(1.5 -6.00465e-17 0)
(1.5 -1.34567e-16 0)
(1.5 -5.67204e-16 0)
(1.5 -9.48813e-17 0)
(1.5 2.73872e-16 0)
(1.5 5.91244e-16 0)
(1.5 4.66196e-16 0)
(1.5 5.0963e-16 0)
(1.5 1.65158e-16 0)
(1.5 -6.23606e-17 0)
(1.5 -2.40259e-16 0)
(1.5 -5.09957e-16 0)
(1.5 -4.26083e-16 0)
(1.5 -2.39349e-16 0)
(1.5 -5.88689e-16 0)
(1.5 -9.3835e-16 0)
(1.5 -6.08963e-16 0)
(1.5 -3.61235e-16 0)
(1.5 3.39927e-11 0)
(1.5 1.02396e-06 0)
(1.49942 0.00100776 0)
(1.46439 0.0494862 0)
(1.21699 0.276775 0)
(1.0091 0.38459 0)
(0.99549 0.380355 0)
(1.00183 0.385264 0)
(1.01178 0.390006 0)
(1.02319 0.395739 0)
(1.03256 0.400182 0)
(1.04057 0.402466 0)
(1.04884 0.402167 0)
(1.05597 0.399479 0)
(1.06307 0.396738 0)
(1.5 -9.73903e-17 0)
(1.5 -6.59677e-17 0)
(1.5 2.66149e-16 0)
(1.5 1.23635e-17 0)
(1.5 4.48527e-17 0)
(1.5 -1.01855e-16 0)
(1.5 -3.1142e-16 0)
(1.5 -8.84226e-16 0)
(1.5 -9.96033e-16 0)
(1.5 -9.364e-16 0)
(1.5 -5.98682e-16 0)
(1.5 -2.81128e-16 0)
(1.5 -4.35696e-17 0)
(1.5 -1.39154e-16 0)
(1.5 -1.33761e-16 0)
(1.5 4.74354e-17 0)
(1.5 -4.22913e-16 0)
(1.5 -5.0602e-16 0)
(1.5 5.90167e-16 0)
(1.5 5.81288e-16 0)
(1.5 6.56036e-16 0)
(1.5 4.50532e-16 0)
(1.5 5.52244e-16 0)
(1.5 2.0877e-16 0)
(1.5 -5.94687e-17 0)
(1.5 -3.14238e-16 0)
(1.5 -1.16036e-16 0)
(1.5 6.94626e-17 0)
(1.5 -3.59448e-16 0)
(1.5 -6.48118e-16 0)
(1.5 -5.27501e-16 0)
(1.5 -9.75886e-17 0)
(1.5 -1.62537e-16 0)
(1.5 2.83722e-15 0)
(1.5 1.02585e-09 0)
(1.49999 9.94533e-06 0)
(1.49774 0.00365995 0)
(1.42568 0.0965146 0)
(1.15797 0.319194 0)
(1.00479 0.370977 0)
(1.0013 0.395023 0)
(1.01028 0.39605 0)
(1.02329 0.397273 0)
(1.0344 0.398178 0)
(1.04302 0.400211 0)
(1.05024 0.400111 0)
(1.05528 0.397642 0)
(1.06222 0.396317 0)
(1.5 -2.66308e-16 0)
(1.5 -3.00264e-16 0)
(1.5 1.37653e-16 0)
(1.5 2.46519e-16 0)
(1.5 -1.49592e-16 0)
(1.5 -1.94566e-16 0)
(1.5 -2.83097e-16 0)
(1.5 -5.84288e-16 0)
(1.5 -1.42256e-15 0)
(1.5 -8.0075e-16 0)
(1.5 -5.82198e-16 0)
(1.5 -3.17691e-16 0)
(1.5 -1.41929e-16 0)
(1.5 1.44502e-16 0)
(1.5 2.82501e-16 0)
(1.5 -7.69573e-17 0)
(1.5 2.70648e-16 0)
(1.5 1.99783e-16 0)
(1.5 4.18106e-16 0)
(1.5 5.81167e-16 0)
(1.5 5.1468e-16 0)
(1.5 -2.37531e-16 0)
(1.5 -1.45134e-16 0)
(1.5 6.0129e-17 0)
(1.5 4.05266e-16 0)
(1.5 1.27628e-16 0)
(1.5 4.45504e-16 0)
(1.5 4.61996e-16 0)
(1.5 -2.1284e-16 0)
(1.5 2.44377e-17 0)
(1.5 7.36838e-17 0)
(1.5 -1.21249e-16 0)
(1.5 -3.76439e-16 0)
(1.5 -5.53862e-16 0)
(1.5 1.53706e-13 0)
(1.5 1.96736e-08 0)
(1.49996 6.48151e-05 0)
(1.49273 0.0112954 0)
(1.37954 0.148783 0)
(1.10733 0.329945 0)
(1.00991 0.394881 0)
(1.01017 0.395097 0)
(1.02616 0.393867 0)
(1.03839 0.393838 0)
(1.04687 0.396219 0)
(1.05265 0.39769 0)
(1.05542 0.397323 0)
(1.06193 0.397707 0)
(1.5 4.33679e-17 0)
(1.5 6.65291e-17 0)
(1.5 3.78319e-16 0)
(1.5 4.01228e-16 0)
(1.5 1.60627e-16 0)
(1.5 -3.79107e-16 0)
(1.5 -6.33668e-16 0)
(1.5 -8.40625e-16 0)
(1.5 -1.27389e-15 0)
(1.5 -8.68249e-16 0)
(1.5 -1.5838e-16 0)
(1.5 -2.45083e-16 0)
(1.5 -1.10624e-16 0)
(1.5 2.79686e-16 0)
(1.5 8.37966e-16 0)
(1.5 7.96391e-16 0)
(1.5 8.27296e-16 0)
(1.5 6.16454e-16 0)
(1.5 9.74602e-17 0)
(1.5 4.17109e-17 0)
(1.5 -1.7143e-17 0)
(1.5 1.99551e-16 0)
(1.5 -6.71638e-17 0)
(1.5 2.38702e-16 0)
(1.5 2.79013e-16 0)
(1.5 5.99778e-16 0)
(1.5 5.34467e-16 0)
(1.5 2.65947e-16 0)
(1.5 3.37838e-16 0)
(1.5 7.14743e-16 0)
(1.5 5.68289e-16 0)
(1.5 4.13671e-16 0)
(1.5 -2.86114e-16 0)
(1.5 -7.34947e-16 0)
(1.5 -1.1307e-15 0)
(1.5 6.23277e-12 0)
(1.5 2.66431e-07 0)
(1.4998 0.000338301 0)
(1.48403 0.0241748 0)
(1.32883 0.193052 0)
(1.05807 0.359519 0)
(1.01961 0.398562 0)
(1.03099 0.395463 0)
(1.04244 0.39265 0)
(1.05047 0.394413 0)
(1.05504 0.39677 0)
(1.05596 0.398116 0)
(1.06262 0.39966 0)
(1.5 -2.05007e-17 0)
(1.5 8.4133e-17 0)
(1.5 2.18144e-16 0)
(1.5 2.33453e-16 0)
(1.5 2.01089e-16 0)
(1.5 -3.33703e-16 0)
(1.5 -4.3575e-16 0)
(1.5 -1.13679e-15 0)
(1.5 -9.58869e-16 0)
(1.5 -5.18489e-16 0)
(1.5 2.462e-16 0)
(1.5 1.74013e-16 0)
(1.5 -4.78158e-16 0)
(1.5 -3.72166e-16 0)
(1.5 4.45562e-16 0)
(1.5 9.86301e-16 0)
(1.5 6.21501e-16 0)
(1.5 2.70445e-16 0)
(1.5 -4.35553e-16 0)
(1.5 -2.70305e-16 0)
(1.5 6.1659e-17 0)
(1.5 3.43393e-16 0)
(1.5 -4.24813e-17 0)
(1.5 3.96698e-17 0)
(1.5 1.29738e-16 0)
(1.5 5.03345e-16 0)
(1.5 3.91357e-16 0)
(1.5 -1.451e-16 0)
(1.5 1.09277e-16 0)
(1.5 3.76644e-16 0)
(1.5 4.21974e-16 0)
(1.5 1.30821e-16 0)
(1.5 -2.90658e-16 0)
(1.5 -7.01343e-16 0)
(1.5 -1.08566e-15 0)
(1.5 -3.60923e-16 0)
(1.5 2.09052e-10 0)
(1.5 2.26335e-06 0)
(1.49936 0.00105535 0)
(1.46921 0.0446376 0)
(1.271 0.24177 0)
(1.04405 0.379324 0)
(1.03144 0.39525 0)
(1.04248 0.392479 0)
(1.05202 0.393392 0)
(1.05687 0.395371 0)
(1.05847 0.397028 0)
(1.06506 0.399316 0)
(1.5 -2.44085e-16 0)
(1.5 -2.97263e-16 0)
(1.5 -2.90262e-16 0)
(1.5 -2.00809e-16 0)
(1.5 -2.48257e-16 0)
(1.5 -2.01777e-16 0)
(1.5 -1.90926e-16 0)
(1.5 -5.09581e-16 0)
(1.5 -2.70309e-16 0)
(1.5 -3.84489e-16 0)
(1.5 -6.09901e-17 0)
(1.5 4.85219e-17 0)
(1.5 -5.83152e-16 0)
(1.5 -1.68149e-16 0)
(1.5 5.78427e-16 0)
(1.5 5.90359e-16 0)
(1.5 3.236e-16 0)
(1.5 1.83621e-16 0)
(1.5 2.41721e-16 0)
(1.5 1.94981e-16 0)
(1.5 2.29742e-16 0)
(1.5 3.92749e-16 0)
(1.5 4.128e-16 0)
(1.5 2.89563e-16 0)
(1.5 3.83532e-16 0)
(1.5 2.85351e-16 0)
(1.5 1.14527e-16 0)
(1.5 1.21439e-16 0)
(1.5 2.81359e-16 0)
(1.5 2.24341e-18 0)
(1.5 9.38352e-17 0)
(1.5 -1.49816e-16 0)
(1.5 -3.94704e-16 0)
(1.5 -2.91327e-16 0)
(1.5 -2.35117e-16 0)
(1.5 -5.13768e-16 0)
(1.5 2.58087e-14 0)
(1.5 2.72238e-09 0)
(1.49999 1.08223e-05 0)
(1.49816 0.00301291 0)
(1.44674 0.0723033 0)
(1.23294 0.274721 0)
(1.04196 0.390259 0)
(1.03884 0.391138 0)
(1.05242 0.395838 0)
(1.05612 0.396685 0)
(1.0609 0.396665 0)
(1.0682 0.397077 0)
(1.5 -3.37042e-17 0)
(1.5 1.72119e-16 0)
(1.5 4.88334e-17 0)
(1.5 -1.87399e-16 0)
(1.5 -2.2649e-16 0)
(1.5 -6.49296e-16 0)
(1.5 -6.69247e-16 0)
(1.5 -1.54009e-16 0)
(1.5 4.33792e-16 0)
(1.5 1.69805e-17 0)
(1.5 -6.24704e-16 0)
(1.5 -4.48754e-16 0)
(1.5 -2.54994e-16 0)
(1.5 5.12309e-17 0)
(1.5 3.19868e-16 0)
(1.5 1.39447e-16 0)
(1.5 1.65516e-16 0)
(1.5 4.22425e-16 0)
(1.5 8.68553e-16 0)
(1.5 6.06432e-16 0)
(1.5 3.92336e-16 0)
(1.5 6.29741e-16 0)
(1.5 8.7489e-16 0)
(1.5 7.33709e-16 0)
(1.5 -8.7993e-17 0)
(1.5 7.55747e-17 0)
(1.5 2.208e-16 0)
(1.5 7.41984e-16 0)
(1.5 4.9026e-16 0)
(1.5 -7.4074e-17 0)
(1.5 -6.17797e-17 0)
(1.5 1.07633e-16 0)
(1.5 -1.13158e-17 0)
(1.5 2.55638e-16 0)
(1.5 4.99501e-16 0)
(1.5 3.05231e-16 0)
(1.5 2.43166e-16 0)
(1.5 4.71766e-13 0)
(1.5 2.29766e-08 0)
(1.49997 4.79644e-05 0)
(1.49581 0.00660046 0)
(1.425 0.100365 0)
(1.17803 0.305381 0)
(1.0681 0.379972 0)
(1.05506 0.401322 0)
(1.05289 0.40125 0)
(1.0607 0.398085 0)
(1.06984 0.393948 0)
(1.5 9.40642e-17 0)
(1.5 3.12492e-16 0)
(1.5 1.07359e-16 0)
(1.5 5.41849e-17 0)
(1.5 -1.70568e-16 0)
(1.5 -5.30925e-16 0)
(1.5 -5.15072e-16 0)
(1.5 -2.61055e-16 0)
(1.5 -2.50925e-16 0)
(1.5 -3.35473e-16 0)
(1.5 -7.84115e-16 0)
(1.5 -7.10164e-16 0)
(1.5 -4.08594e-16 0)
(1.5 -2.97941e-16 0)
(1.5 -6.21403e-16 0)
(1.5 -5.17173e-16 0)
(1.5 5.2849e-17 0)
(1.5 7.43077e-16 0)
(1.5 7.38241e-16 0)
(1.5 9.62131e-16 0)
(1.5 9.69237e-16 0)
(1.5 3.1904e-16 0)
(1.5 -1.77932e-16 0)
(1.5 -3.07862e-16 0)
(1.5 -1.98903e-16 0)
(1.5 1.30019e-16 0)
(1.5 4.39659e-16 0)
(1.5 1.96989e-16 0)
(1.5 2.35057e-16 0)
(1.5 9.7116e-17 0)
(1.5 2.16745e-17 0)
(1.5 6.03762e-16 0)
(1.5 6.79235e-16 0)
(1.5 7.47884e-16 0)
(1.5 7.69951e-16 0)
(1.5 5.78783e-16 0)
(1.5 1.10986e-16 0)
(1.5 1.2188e-16 0)
(1.5 8.0913e-12 0)
(1.5 1.60732e-07 0)
(1.49991 0.000146499 0)
(1.49257 0.0118371 0)
(1.38875 0.129998 0)
(1.1672 0.324817 0)
(1.06916 0.38162 0)
(1.0553 0.402766 0)
(1.06095 0.39973 0)
(1.07162 0.39435 0)
(1.5 3.74485e-16 0)
(1.5 5.246e-16 0)
(1.5 5.09869e-16 0)
(1.5 2.78543e-16 0)
(1.5 -5.44463e-16 0)
(1.5 -3.52971e-16 0)
(1.5 -3.53086e-16 0)
(1.5 -4.1868e-16 0)
(1.5 -4.48858e-16 0)
(1.5 -6.93644e-16 0)
(1.5 -6.57929e-16 0)
(1.5 -5.29286e-16 0)
(1.5 -3.95124e-16 0)
(1.5 -1.43866e-16 0)
(1.5 -5.43341e-16 0)
(1.5 -3.9523e-16 0)
(1.5 -2.6979e-16 0)
(1.5 1.41404e-16 0)
(1.5 2.15851e-16 0)
(1.5 1.78088e-16 0)
(1.5 3.75452e-16 0)
(1.5 2.03806e-16 0)
(1.5 -5.82967e-16 0)
(1.5 -3.97601e-16 0)
(1.5 -2.51555e-16 0)
(1.5 -3.35719e-16 0)
(1.5 -2.79457e-16 0)
(1.5 -1.58355e-16 0)
(1.5 -1.49093e-16 0)
(1.5 -2.60481e-16 0)
(1.5 -2.10956e-16 0)
(1.5 4.14023e-16 0)
(1.5 9.41222e-16 0)
(1.5 8.90862e-16 0)
(1.5 5.12016e-16 0)
(1.5 2.17848e-16 0)
(1.5 -5.28222e-17 0)
(1.5 -2.48335e-16 0)
(1.5 1.78682e-16 0)
(1.5 9.23667e-11 0)
(1.5 7.05366e-07 0)
(1.49979 0.000354113 0)
(1.48686 0.018993 0)
(1.3647 0.158194 0)
(1.15318 0.331844 0)
(1.06992 0.404592 0)
(1.06078 0.397767 0)
(1.07253 0.392918 0)
(1.5 8.41856e-17 0)
(1.5 5.82691e-16 0)
(1.5 6.05696e-16 0)
(1.5 3.00123e-16 0)
(1.5 -3.8521e-16 0)
(1.5 -5.92161e-16 0)
(1.5 -4.41288e-16 0)
(1.5 -1.32178e-16 0)
(1.5 6.58357e-17 0)
(1.5 -9.13987e-17 0)
(1.5 -1.94827e-16 0)
(1.5 -2.4703e-16 0)
(1.5 3.21234e-17 0)
(1.5 -1.95687e-16 0)
(1.5 -5.10147e-16 0)
(1.5 -2.5591e-16 0)
(1.5 -5.01668e-16 0)
(1.5 -2.75689e-16 0)
(1.5 -5.66489e-16 0)
(1.5 -5.96975e-16 0)
(1.5 -8.81858e-16 0)
(1.5 -6.35987e-16 0)
(1.5 -7.38284e-16 0)
(1.5 -4.62233e-16 0)
(1.5 -3.39748e-16 0)
(1.5 -5.92373e-16 0)
(1.5 -7.30036e-16 0)
(1.5 -4.2682e-16 0)
(1.5 -1.66354e-16 0)
(1.5 1.24413e-16 0)
(1.5 2.16431e-16 0)
(1.5 4.58117e-16 0)
(1.5 7.71541e-16 0)
(1.5 5.32368e-16 0)
(1.5 4.14376e-16 0)
(1.5 -5.81592e-17 0)
(1.5 -2.62945e-16 0)
(1.5 -8.01222e-16 0)
(1.5 -1.08345e-15 0)
(1.5 7.06846e-15 0)
(1.5 6.05453e-10 0)
(1.5 2.32888e-06 0)
(1.49954 0.000771115 0)
(1.48017 0.0276124 0)
(1.3399 0.1868 0)
(1.13463 0.359247 0)
(1.07701 0.384791 0)
(1.08199 0.389988 0)
(1.5 -1.0313e-16 0)
(1.5 -3.58336e-17 0)
(1.5 -1.39992e-16 0)
(1.5 -1.41712e-16 0)
(1.5 2.05832e-16 0)
(1.5 -1.80543e-16 0)
(1.5 -2.86279e-16 0)
(1.5 2.38349e-16 0)
(1.5 5.3276e-16 0)
(1.5 4.51275e-16 0)
(1.5 1.46255e-16 0)
(1.5 1.00276e-16 0)
(1.5 -3.69356e-17 0)
(1.5 -1.01629e-15 0)
(1.5 -9.92651e-16 0)
(1.5 -4.8203e-16 0)
(1.5 -5.07373e-16 0)
(1.5 -4.72815e-16 0)
(1.5 -7.02792e-16 0)
(1.5 -5.75233e-16 0)
(1.5 -6.31407e-16 0)
(1.5 -6.25054e-16 0)
(1.5 -5.31239e-16 0)
(1.5 -6.07892e-16 0)
(1.5 -2.42208e-16 0)
(1.5 -3.61183e-16 0)
(1.5 -5.28513e-16 0)
(1.5 -5.42813e-16 0)
(1.5 -2.78774e-16 0)
(1.5 3.67849e-16 0)
(1.5 5.93768e-16 0)
(1.5 5.53997e-16 0)
(1.5 4.97641e-16 0)
(1.5 4.1001e-16 0)
(1.5 2.56815e-16 0)
(1.5 3.18581e-17 0)
(1.5 -1.03774e-16 0)
(1.5 -3.18224e-16 0)
(1.5 -8.91535e-16 0)
(1.5 -8.00972e-16 0)
(1.5 7.53878e-14 0)
(1.5 2.9427e-09 0)
(1.5 7.22072e-06 0)
(1.49913 0.0013894 0)
(1.47047 0.0413612 0)
(1.32796 0.207664 0)
(1.12326 0.351052 0)
(1.08949 0.410481 0)
(1.5 9.53566e-17 0)
(1.5 -3.98928e-16 0)
(1.5 -5.80654e-16 0)
(1.5 -2.52489e-16 0)
(1.5 -8.75115e-18 0)
(1.5 -2.28345e-16 0)
(1.5 -3.16051e-16 0)
(1.5 -1.02008e-16 0)
(1.5 6.24988e-16 0)
(1.5 6.1539e-16 0)
(1.5 1.99416e-16 0)
(1.5 8.05556e-17 0)
(1.5 -8.07432e-16 0)
(1.5 -8.4961e-16 0)
(1.5 -7.84353e-16 0)
(1.5 -9.73722e-16 0)
(1.5 -4.46269e-16 0)
(1.5 -3.35727e-16 0)
(1.5 -1.95478e-17 0)
(1.5 -7.27529e-17 0)
(1.5 -1.45277e-16 0)
(1.5 -3.21727e-16 0)
(1.5 -2.64728e-16 0)
(1.5 -2.49628e-16 0)
(1.5 -2.46465e-16 0)
(1.5 -1.19466e-16 0)
(1.5 -1.72434e-18 0)
(1.5 -1.9479e-16 0)
(1.5 3.26217e-17 0)
(1.5 3.74983e-16 0)
(1.5 5.39166e-16 0)
(1.5 2.30057e-16 0)
(1.5 5.02778e-16 0)
(1.5 3.13857e-16 0)
(1.5 -3.51996e-17 0)
(1.5 -3.23873e-18 0)
(1.5 2.2327e-16 0)
(1.5 3.58116e-16 0)
(1.5 5.03154e-17 0)
(1.5 -4.92289e-16 0)
(1.5 -4.57428e-16 0)
(1.5 5.9731e-13 0)
(1.5 1.33822e-08 0)
(1.49999 1.696e-05 0)
(1.49845 0.0025206 0)
(1.4649 0.0505718 0)
(1.32132 0.211855 0)
(1.14561 0.386946 0)
(1.5 -2.77258e-17 0)
(1.5 -5.48259e-16 0)
(1.5 -5.81135e-16 0)
(1.5 -3.14234e-16 0)
(1.5 -2.02783e-16 0)
(1.5 -4.46856e-17 0)
(1.5 -6.36956e-17 0)
(1.5 -6.8189e-18 0)
(1.5 5.16208e-16 0)
(1.5 4.56553e-16 0)
(1.5 2.69885e-16 0)
(1.5 -3.84597e-17 0)
(1.5 -5.24451e-16 0)
(1.5 -1.87959e-16 0)
(1.5 -4.33487e-16 0)
(1.5 -5.98719e-16 0)
(1.5 -3.98963e-16 0)
(1.5 -1.28321e-16 0)
(1.5 1.31494e-17 0)
(1.5 1.16507e-16 0)
(1.5 5.78424e-17 0)
(1.5 2.39715e-17 0)
(1.5 7.26458e-17 0)
(1.5 -1.14331e-16 0)
(1.5 -2.61515e-16 0)
(1.5 -1.3787e-16 0)
(1.5 5.50899e-17 0)
(1.5 1.58095e-16 0)
(1.5 5.11259e-16 0)
(1.5 5.48536e-16 0)
(1.5 3.10061e-16 0)
(1.5 9.9447e-17 0)
(1.5 4.18126e-16 0)
(1.5 3.89271e-16 0)
(1.5 6.07564e-17 0)
(1.5 6.05035e-17 0)
(1.5 6.93066e-17 0)
(1.5 1.92338e-16 0)
(1.5 1.90711e-16 0)
(1.5 -1.25751e-17 0)
(1.5 -2.98133e-16 0)
(1.5 -3.38777e-16 0)
(1.5 3.25082e-12 0)
(1.5 3.2311e-08 0)
(1.49998 2.66988e-05 0)
(1.49736 0.00229931 0)
(1.44291 0.0370008 0)
(1.21437 0.134696 0)
(1.55165 0.207342 0)
(1.56777 0.196464 0)
(1.58479 0.177978 0)
(1.59894 0.160812 0)
(1.60966 0.1512 0)
(1.61782 0.131219 0)
(1.62827 0.103532 0)
(1.63481 0.0892208 0)
(1.64319 0.0758359 0)
(1.65806 0.0583799 0)
(1.66852 0.0475339 0)
(1.67812 0.0387304 0)
(1.69141 0.0244593 0)
(1.7001 0.0136903 0)
(1.71201 0.00027133 0)
(1.72166 -0.0162804 0)
(1.7298 -0.0237136 0)
(1.73524 -0.029301 0)
(1.74266 -0.0483206 0)
(1.74683 -0.0616634 0)
(1.75141 -0.0683717 0)
(1.76064 -0.0862979 0)
(1.76439 -0.105511 0)
(1.76623 -0.113523 0)
(1.76811 -0.128942 0)
(1.77018 -0.141104 0)
(1.7732 -0.145065 0)
(1.7784 -0.152181 0)
(1.78652 -0.15985 0)
(1.7908 -0.16825 0)
(1.79781 -0.178317 0)
(1.80418 -0.188705 0)
(1.80872 -0.19766 0)
(1.81189 -0.205848 0)
(1.80827 -0.217259 0)
(1.79892 -0.235873 0)
(1.79496 -0.247476 0)
(1.79506 -0.258165 0)
(1.79055 -0.287616 0)
(1.78144 -0.336931 0)
(1.76216 -0.412256 0)
(1.73486 -0.472699 0)
(1.04576 0.434235 0)
(1.06645 0.434177 0)
(1.08719 0.433949 0)
(1.10811 0.433075 0)
(1.12992 0.430642 0)
(1.15213 0.426474 0)
(1.17424 0.420885 0)
(1.19726 0.413223 0)
(1.22029 0.4034 0)
(1.24112 0.393292 0)
(1.26011 0.383267 0)
(1.28067 0.374084 0)
(1.30394 0.366429 0)
(1.32832 0.358444 0)
(1.35187 0.348782 0)
(1.37221 0.338192 0)
(1.39156 0.324175 0)
(1.4125 0.305652 0)
(1.42991 0.28849 0)
(1.44229 0.276015 0)
(1.45859 0.264211 0)
(1.4779 0.252506 0)
(1.49915 0.240809 0)
(1.52121 0.228465 0)
(1.54004 0.218597 0)
(1.55542 0.210378 0)
(1.57027 0.193278 0)
(1.58446 0.169575 0)
(1.59455 0.15373 0)
(1.59859 0.141271 0)
(1.61015 0.117751 0)
(1.62117 0.099076 0)
(1.62962 0.0902884 0)
(1.64422 0.0776974 0)
(1.65732 0.06251 0)
(1.66769 0.0549342 0)
(1.6799 0.0428601 0)
(1.68928 0.0312366 0)
(1.69885 0.0199805 0)
(1.71017 0.0030817 0)
(1.71761 -0.0105569 0)
(1.72493 -0.0160276 0)
(1.73109 -0.0313484 0)
(1.7347 -0.0483238 0)
(1.737 -0.0537516 0)
(1.74409 -0.0682491 0)
(1.74988 -0.0891169 0)
(1.75246 -0.0973113 0)
(1.75748 -0.110054 0)
(1.76294 -0.124046 0)
(1.76694 -0.127602 0)
(1.77272 -0.133856 0)
(1.77816 -0.141437 0)
(1.78253 -0.148478 0)
(1.78929 -0.158331 0)
(1.79652 -0.170853 0)
(1.80059 -0.183558 0)
(1.79961 -0.193082 0)
(1.79339 -0.211886 0)
(1.78118 -0.241738 0)
(1.77284 -0.272203 0)
(1.7573 -0.32131 0)
(1.7354 -0.386433 0)
(1.71518 -0.461076 0)
(1.70776 -0.51345 0)
(1.70564 -0.557167 0)
(1.04699 0.432382 0)
(1.06737 0.432699 0)
(1.08759 0.432277 0)
(1.10752 0.430748 0)
(1.12781 0.42745 0)
(1.14837 0.422573 0)
(1.16872 0.416536 0)
(1.1898 0.408822 0)
(1.21187 0.399604 0)
(1.23296 0.390649 0)
(1.25336 0.383615 0)
(1.2746 0.377742 0)
(1.2973 0.370617 0)
(1.32021 0.361926 0)
(1.34174 0.352495 0)
(1.36092 0.34084 0)
(1.37758 0.326238 0)
(1.3975 0.309235 0)
(1.41718 0.293004 0)
(1.43231 0.282362 0)
(1.44829 0.273252 0)
(1.46811 0.262856 0)
(1.48761 0.251735 0)
(1.50828 0.239817 0)
(1.52815 0.227566 0)
(1.54459 0.21744 0)
(1.55541 0.204285 0)
(1.5667 0.181329 0)
(1.57773 0.158469 0)
(1.58508 0.144618 0)
(1.59343 0.130923 0)
(1.60812 0.114714 0)
(1.61836 0.105328 0)
(1.63084 0.0943116 0)
(1.64629 0.0788866 0)
(1.65732 0.0695352 0)
(1.66838 0.0598635 0)
(1.67894 0.0463018 0)
(1.68694 0.036686 0)
(1.69634 0.0228982 0)
(1.70548 0.00502575 0)
(1.71247 -0.00494528 0)
(1.71962 -0.016374 0)
(1.72314 -0.0331043 0)
(1.7241 -0.0414596 0)
(1.72741 -0.0535587 0)
(1.73646 -0.0736929 0)
(1.74098 -0.0831797 0)
(1.74828 -0.0919499 0)
(1.7556 -0.104358 0)
(1.75969 -0.108388 0)
(1.76596 -0.11505 0)
(1.77138 -0.124888 0)
(1.77505 -0.131272 0)
(1.77994 -0.140708 0)
(1.78579 -0.155353 0)
(1.78467 -0.171316 0)
(1.7727 -0.203979 0)
(1.75962 -0.253119 0)
(1.74014 -0.31561 0)
(1.71261 -0.382563 0)
(1.7007 -0.439083 0)
(1.66883 -0.510776 0)
(1.67807 -0.528385 0)
(1.67511 -0.550403 0)
(1.6736 -0.58127 0)
(1.04839 0.430013 0)
(1.06775 0.429966 0)
(1.08711 0.428983 0)
(1.10601 0.426877 0)
(1.125 0.423195 0)
(1.14428 0.418039 0)
(1.16347 0.411755 0)
(1.18335 0.404821 0)
(1.20488 0.397477 0)
(1.22729 0.390575 0)
(1.24846 0.385967 0)
(1.26882 0.381135 0)
(1.2902 0.373196 0)
(1.31174 0.363147 0)
(1.33155 0.35343 0)
(1.34894 0.341917 0)
(1.3653 0.326836 0)
(1.38422 0.312707 0)
(1.40475 0.301437 0)
(1.42478 0.29051 0)
(1.44179 0.281344 0)
(1.45656 0.273409 0)
(1.47539 0.26208 0)
(1.49628 0.247874 0)
(1.5148 0.234736 0)
(1.5303 0.223748 0)
(1.54079 0.211382 0)
(1.5483 0.191567 0)
(1.56235 0.167829 0)
(1.57324 0.149938 0)
(1.58194 0.141775 0)
(1.59637 0.130826 0)
(1.60858 0.119767 0)
(1.61941 0.109275 0)
(1.63484 0.0949393 0)
(1.64582 0.0849394 0)
(1.65661 0.0758433 0)
(1.66874 0.0600007 0)
(1.67728 0.0464799 0)
(1.68379 0.0384445 0)
(1.69282 0.0228713 0)
(1.6998 0.00768697 0)
(1.70657 -0.00329312 0)
(1.71068 -0.0171997 0)
(1.71132 -0.0288547 0)
(1.71383 -0.0422625 0)
(1.72424 -0.0570522 0)
(1.73094 -0.067383 0)
(1.73931 -0.0739731 0)
(1.74865 -0.0850965 0)
(1.75324 -0.0903262 0)
(1.7582 -0.0956684 0)
(1.76342 -0.108234 0)
(1.76395 -0.11931 0)
(1.76678 -0.136843 0)
(1.76001 -0.170209 0)
(1.74428 -0.223097 0)
(1.72175 -0.29311 0)
(1.69172 -0.378688 0)
(1.6819 -0.428575 0)
(1.65283 -0.4886 0)
(1.65064 -0.515433 0)
(1.64987 -0.53488 0)
(1.65436 -0.544263 0)
(1.65635 -0.554614 0)
(1.65799 -0.561149 0)
(1.04945 0.426889 0)
(1.06755 0.426201 0)
(1.08591 0.424485 0)
(1.10396 0.421915 0)
(1.1223 0.418394 0)
(1.14087 0.414084 0)
(1.15914 0.408911 0)
(1.17857 0.403276 0)
(1.20044 0.398008 0)
(1.22304 0.39261 0)
(1.24384 0.387822 0)
(1.26267 0.382577 0)
(1.28212 0.374225 0)
(1.30262 0.36347 0)
(1.32165 0.352787 0)
(1.33826 0.34163 0)
(1.3542 0.32904 0)
(1.37404 0.318297 0)
(1.3961 0.308768 0)
(1.41641 0.300148 0)
(1.43331 0.292418 0)
(1.4484 0.281969 0)
(1.46557 0.268018 0)
(1.48286 0.25452 0)
(1.49939 0.24214 0)
(1.51649 0.227107 0)
(1.52865 0.211427 0)
(1.53287 0.197735 0)
(1.54299 0.181562 0)
(1.56056 0.163901 0)
(1.57328 0.150484 0)
(1.58527 0.144851 0)
(1.59854 0.135135 0)
(1.60956 0.124046 0)
(1.62362 0.109734 0)
(1.63492 0.0980791 0)
(1.64492 0.0899114 0)
(1.65673 0.075605 0)
(1.66661 0.0578727 0)
(1.67393 0.0477728 0)
(1.68002 0.038632 0)
(1.68757 0.0221365 0)
(1.69237 0.009945 0)
(1.69624 -0.00271394 0)
(1.6992 -0.0172163 0)
(1.70331 -0.0299585 0)
(1.71431 -0.0403729 0)
(1.72332 -0.0504955 0)
(1.73102 -0.0562782 0)
(1.74093 -0.0658659 0)
(1.74561 -0.0741785 0)
(1.74778 -0.0834808 0)
(1.74588 -0.104416 0)
(1.73943 -0.142214 0)
(1.72378 -0.201117 0)
(1.69959 -0.275083 0)
(1.67994 -0.346395 0)
(1.64629 -0.429994 0)
(1.64867 -0.459617 0)
(1.62958 -0.493182 0)
(1.62785 -0.521379 0)
(1.63111 -0.519614 0)
(1.64088 -0.525547 0)
(1.6463 -0.528754 0)
(1.65207 -0.532832 0)
(1.65568 -0.536114 0)
(1.04995 0.422555 0)
(1.06698 0.421228 0)
(1.08476 0.419235 0)
(1.10246 0.417352 0)
(1.12014 0.415221 0)
(1.13818 0.412022 0)
(1.15667 0.408137 0)
(1.1763 0.404461 0)
(1.19736 0.400204 0)
(1.21864 0.39422 0)
(1.23859 0.387834 0)
(1.25645 0.381589 0)
(1.27346 0.374023 0)
(1.29285 0.364 0)
(1.31233 0.352656 0)
(1.32908 0.342797 0)
(1.34591 0.334126 0)
(1.3666 0.326207 0)
(1.38774 0.316943 0)
(1.40668 0.30925 0)
(1.42485 0.300226 0)
(1.44107 0.287601 0)
(1.45369 0.274576 0)
(1.46801 0.260981 0)
(1.48619 0.246198 0)
(1.50235 0.231013 0)
(1.51377 0.216788 0)
(1.52037 0.203518 0)
(1.52968 0.191207 0)
(1.54666 0.180178 0)
(1.56347 0.164093 0)
(1.57596 0.154778 0)
(1.5887 0.147916 0)
(1.60124 0.136281 0)
(1.61278 0.123167 0)
(1.62384 0.110623 0)
(1.63429 0.100992 0)
(1.64418 0.0900899 0)
(1.65517 0.0727604 0)
(1.66185 0.0595698 0)
(1.66817 0.0501441 0)
(1.67537 0.0356763 0)
(1.68029 0.0210614 0)
(1.68214 0.00977144 0)
(1.6898 -0.00655484 0)
(1.69638 -0.0154872 0)
(1.70515 -0.0228991 0)
(1.71442 -0.0306924 0)
(1.72105 -0.039903 0)
(1.72796 -0.0531518 0)
(1.72933 -0.0762266 0)
(1.71825 -0.12155 0)
(1.70178 -0.182797 0)
(1.67651 -0.263285 0)
(1.65429 -0.329933 0)
(1.63817 -0.389006 0)
(1.61111 -0.453249 0)
(1.61886 -0.467317 0)
(1.61402 -0.484597 0)
(1.61224 -0.500209 0)
(1.61937 -0.507108 0)
(1.62657 -0.504089 0)
(1.63613 -0.499556 0)
(1.64699 -0.501626 0)
(1.65397 -0.506805 0)
(1.65622 -0.511225 0)
(1.05075 0.41804 0)
(1.06716 0.416932 0)
(1.0842 0.416005 0)
(1.10125 0.414941 0)
(1.11874 0.413531 0)
(1.13716 0.411646 0)
(1.15593 0.409352 0)
(1.17454 0.406435 0)
(1.19379 0.401677 0)
(1.21369 0.394687 0)
(1.23277 0.386954 0)
(1.25001 0.379963 0)
(1.266 0.372757 0)
(1.28417 0.364687 0)
(1.30406 0.355689 0)
(1.32262 0.347847 0)
(1.34018 0.341876 0)
(1.3587 0.334851 0)
(1.379 0.324613 0)
(1.39843 0.31292 0)
(1.41482 0.304097 0)
(1.42767 0.29455 0)
(1.4417 0.279905 0)
(1.45725 0.264174 0)
(1.47167 0.25104 0)
(1.48651 0.237908 0)
(1.50064 0.222511 0)
(1.51113 0.209189 0)
(1.51987 0.200945 0)
(1.53263 0.192763 0)
(1.55008 0.181679 0)
(1.56671 0.165901 0)
(1.57977 0.15485 0)
(1.59017 0.148148 0)
(1.59888 0.138365 0)
(1.61146 0.124622 0)
(1.62482 0.109584 0)
(1.63456 0.098607 0)
(1.6409 0.089086 0)
(1.6483 0.0740479 0)
(1.65481 0.0607885 0)
(1.66179 0.0472007 0)
(1.66906 0.0321341 0)
(1.67308 0.0210058 0)
(1.68168 0.00864593 0)
(1.68958 -0.000108438 0)
(1.69535 -0.0083911 0)
(1.7007 -0.0204047 0)
(1.70101 -0.0465713 0)
(1.69303 -0.0957542 0)
(1.67684 -0.163898 0)
(1.65677 -0.248769 0)
(1.62562 -0.328208 0)
(1.62737 -0.365708 0)
(1.5946 -0.41647 0)
(1.59022 -0.448224 0)
(1.59614 -0.458157 0)
(1.59793 -0.465584 0)
(1.60141 -0.477821 0)
(1.60906 -0.48169 0)
(1.61784 -0.47786 0)
(1.62703 -0.47195 0)
(1.63812 -0.472883 0)
(1.64821 -0.477274 0)
(1.65082 -0.483464 0)
(1.64894 -0.489638 0)
(1.05171 0.415658 0)
(1.0672 0.415326 0)
(1.08392 0.414633 0)
(1.10113 0.413926 0)
(1.11885 0.413465 0)
(1.13711 0.412546 0)
(1.15512 0.410491 0)
(1.17244 0.406948 0)
(1.18964 0.401801 0)
(1.20794 0.394889 0)
(1.22676 0.386611 0)
(1.24389 0.379232 0)
(1.25988 0.372709 0)
(1.27818 0.366719 0)
(1.29817 0.36092 0)
(1.31725 0.355013 0)
(1.33489 0.348562 0)
(1.35148 0.340066 0)
(1.36904 0.32915 0)
(1.38751 0.316563 0)
(1.40472 0.305052 0)
(1.4186 0.295057 0)
(1.42894 0.283877 0)
(1.44273 0.269803 0)
(1.45948 0.255532 0)
(1.47494 0.243005 0)
(1.48899 0.231213 0)
(1.50137 0.220225 0)
(1.51279 0.210524 0)
(1.52454 0.201589 0)
(1.53797 0.192533 0)
(1.55426 0.180307 0)
(1.5693 0.165718 0)
(1.58059 0.155519 0)
(1.59078 0.146329 0)
(1.60163 0.134612 0)
(1.61195 0.12348 0)
(1.62298 0.111203 0)
(1.63001 0.100118 0)
(1.63473 0.0873273 0)
(1.64215 0.0709014 0)
(1.64989 0.0565851 0)
(1.65858 0.0443813 0)
(1.66576 0.0339017 0)
(1.67312 0.0222624 0)
(1.67632 0.00721124 0)
(1.67362 -0.0233664 0)
(1.66307 -0.0739214 0)
(1.64146 -0.147812 0)
(1.62804 -0.225752 0)
(1.59766 -0.315197 0)
(1.60612 -0.349114 0)
(1.58885 -0.382252 0)
(1.56973 -0.418908 0)
(1.57254 -0.432656 0)
(1.57953 -0.438496 0)
(1.58536 -0.442254 0)
(1.59279 -0.450499 0)
(1.5987 -0.453354 0)
(1.60795 -0.449798 0)
(1.61817 -0.444909 0)
(1.63 -0.446751 0)
(1.64001 -0.451757 0)
(1.6434 -0.457307 0)
(1.64045 -0.46426 0)
(1.63896 -0.470619 0)
(1.05269 0.415334 0)
(1.06793 0.415308 0)
(1.08465 0.414866 0)
(1.10201 0.414387 0)
(1.11947 0.413927 0)
(1.13683 0.412707 0)
(1.15369 0.410255 0)
(1.16982 0.406357 0)
(1.18564 0.401101 0)
(1.2025 0.394723 0)
(1.22089 0.387358 0)
(1.23878 0.380385 0)
(1.25595 0.375005 0)
(1.2743 0.370503 0)
(1.29293 0.365686 0)
(1.3112 0.359466 0)
(1.32833 0.351268 0)
(1.34282 0.342128 0)
(1.35831 0.330928 0)
(1.37708 0.31801 0)
(1.39483 0.305172 0)
(1.40888 0.295715 0)
(1.41871 0.286261 0)
(1.43153 0.274011 0)
(1.44871 0.261531 0)
(1.46416 0.25081 0)
(1.47872 0.241024 0)
(1.49282 0.230501 0)
(1.50575 0.220177 0)
(1.51785 0.209664 0)
(1.52905 0.20043 0)
(1.54165 0.190946 0)
(1.55671 0.179026 0)
(1.5713 0.165051 0)
(1.58306 0.154165 0)
(1.59302 0.144877 0)
(1.5995 0.137396 0)
(1.60617 0.126726 0)
(1.61533 0.111607 0)
(1.62284 0.0945495 0)
(1.62847 0.0811837 0)
(1.63947 0.0666779 0)
(1.64818 0.0527752 0)
(1.65201 0.0346139 0)
(1.64887 0.000419141 0)
(1.63656 -0.054967 0)
(1.61004 -0.133083 0)
(1.59657 -0.204303 0)
(1.56252 -0.296869 0)
(1.5721 -0.328411 0)
(1.57253 -0.354232 0)
(1.56342 -0.379067 0)
(1.55182 -0.404288 0)
(1.55764 -0.41405 0)
(1.56482 -0.412583 0)
(1.57441 -0.4155 0)
(1.58259 -0.422901 0)
(1.5868 -0.424734 0)
(1.59673 -0.423173 0)
(1.60794 -0.419427 0)
(1.62069 -0.422238 0)
(1.6318 -0.427449 0)
(1.63643 -0.433051 0)
(1.63331 -0.43975 0)
(1.6302 -0.445998 0)
(1.63145 -0.451284 0)
(1.05434 0.415868 0)
(1.06924 0.415813 0)
(1.08563 0.415043 0)
(1.10259 0.41387 0)
(1.11941 0.412755 0)
(1.13595 0.411283 0)
(1.15193 0.408934 0)
(1.16713 0.405282 0)
(1.18195 0.400267 0)
(1.19788 0.394476 0)
(1.21597 0.388556 0)
(1.23461 0.382615 0)
(1.25251 0.377534 0)
(1.27014 0.37266 0)
(1.28768 0.366875 0)
(1.30495 0.359498 0)
(1.32079 0.350941 0)
(1.33446 0.341872 0)
(1.34913 0.331151 0)
(1.36684 0.319156 0)
(1.38399 0.307108 0)
(1.3986 0.297953 0)
(1.41035 0.288149 0)
(1.42324 0.27732 0)
(1.43811 0.268674 0)
(1.45313 0.260683 0)
(1.46937 0.25109 0)
(1.48585 0.238073 0)
(1.49858 0.226815 0)
(1.50841 0.218962 0)
(1.51842 0.210094 0)
(1.53254 0.199007 0)
(1.54716 0.187879 0)
(1.56108 0.176488 0)
(1.57377 0.165545 0)
(1.58391 0.156592 0)
(1.59074 0.148008 0)
(1.5955 0.13532 0)
(1.59977 0.119606 0)
(1.60913 0.100961 0)
(1.61789 0.0816592 0)
(1.6222 0.0594192 0)
(1.61949 0.0220996 0)
(1.60722 -0.0413344 0)
(1.58076 -0.123267 0)
(1.57216 -0.187496 0)
(1.53279 -0.27581 0)
(1.53465 -0.308955 0)
(1.54356 -0.323391 0)
(1.54461 -0.345894 0)
(1.53931 -0.365622 0)
(1.53869 -0.384075 0)
(1.54464 -0.38526 0)
(1.55341 -0.385402 0)
(1.56457 -0.389581 0)
(1.56822 -0.396911 0)
(1.57223 -0.39755 0)
(1.58325 -0.397449 0)
(1.5969 -0.396612 0)
(1.61054 -0.399696 0)
(1.6216 -0.404223 0)
(1.6281 -0.409138 0)
(1.62617 -0.41533 0)
(1.6207 -0.421502 0)
(1.62243 -0.429703 0)
(1.63016 -0.435365 0)
(1.05588 0.41523 0)
(1.07008 0.414614 0)
(1.08588 0.413271 0)
(1.10246 0.411558 0)
(1.11885 0.410221 0)
(1.13483 0.408892 0)
(1.15017 0.406904 0)
(1.16464 0.40369 0)
(1.17876 0.399083 0)
(1.19413 0.393963 0)
(1.21187 0.388866 0)
(1.23044 0.383228 0)
(1.24813 0.377813 0)
(1.26527 0.372164 0)
(1.28213 0.365673 0)
(1.29823 0.358289 0)
(1.31319 0.349602 0)
(1.32685 0.340185 0)
(1.34061 0.330733 0)
(1.35678 0.320856 0)
(1.37445 0.309971 0)
(1.39027 0.300195 0)
(1.40326 0.292168 0)
(1.41483 0.284453 0)
(1.42884 0.276585 0)
(1.4458 0.267228 0)
(1.46161 0.257627 0)
(1.47592 0.247497 0)
(1.48792 0.237072 0)
(1.49932 0.226346 0)
(1.51058 0.216597 0)
(1.52426 0.207072 0)
(1.53846 0.197372 0)
(1.55188 0.187813 0)
(1.56272 0.178693 0)
(1.5708 0.169026 0)
(1.5765 0.15595 0)
(1.57945 0.137733 0)
(1.58591 0.11318 0)
(1.58892 0.085422 0)
(1.58474 0.040112 0)
(1.57104 -0.0286799 0)
(1.54345 -0.112502 0)
(1.54562 -0.175577 0)
(1.51505 -0.250881 0)
(1.50874 -0.284175 0)
(1.51499 -0.296781 0)
(1.51681 -0.317434 0)
(1.51579 -0.334918 0)
(1.51969 -0.350312 0)
(1.52642 -0.354825 0)
(1.53438 -0.35672 0)
(1.54486 -0.359349 0)
(1.55322 -0.365199 0)
(1.55371 -0.371647 0)
(1.55996 -0.373811 0)
(1.57111 -0.37536 0)
(1.58524 -0.37538 0)
(1.59934 -0.37672 0)
(1.6101 -0.380255 0)
(1.61784 -0.385154 0)
(1.61765 -0.391189 0)
(1.61332 -0.3992 0)
(1.61444 -0.408744 0)
(1.62055 -0.414037 0)
(1.63004 -0.415575 0)
(1.05659 0.413014 0)
(1.07012 0.411983 0)
(1.08552 0.410444 0)
(1.10217 0.408687 0)
(1.11837 0.407412 0)
(1.13386 0.406329 0)
(1.14857 0.404627 0)
(1.16229 0.401631 0)
(1.17577 0.397153 0)
(1.19064 0.392299 0)
(1.20798 0.387496 0)
(1.22618 0.382077 0)
(1.24342 0.376842 0)
(1.26024 0.370971 0)
(1.27635 0.364402 0)
(1.29118 0.35752 0)
(1.30577 0.348549 0)
(1.31962 0.338993 0)
(1.33288 0.330739 0)
(1.34847 0.322803 0)
(1.36593 0.314292 0)
(1.38237 0.305719 0)
(1.39642 0.298757 0)
(1.40835 0.291611 0)
(1.42125 0.283161 0)
(1.43789 0.273197 0)
(1.45315 0.263043 0)
(1.46656 0.254551 0)
(1.47787 0.245888 0)
(1.49099 0.234693 0)
(1.50423 0.223921 0)
(1.51813 0.21517 0)
(1.53067 0.207244 0)
(1.54079 0.199487 0)
(1.55075 0.186325 0)
(1.5557 0.1723 0)
(1.55768 0.146042 0)
(1.55444 0.107242 0)
(1.5479 0.0537639 0)
(1.53384 -0.0193156 0)
(1.50615 -0.104442 0)
(1.50626 -0.16119 0)
(1.48291 -0.227384 0)
(1.49416 -0.251517 0)
(1.49493 -0.272908 0)
(1.48838 -0.290909 0)
(1.48988 -0.306864 0)
(1.49749 -0.317132 0)
(1.50739 -0.322124 0)
(1.51563 -0.326653 0)
(1.52569 -0.329921 0)
(1.5362 -0.334379 0)
(1.5402 -0.341741 0)
(1.54223 -0.347548 0)
(1.55015 -0.352678 0)
(1.5608 -0.354155 0)
(1.5741 -0.353524 0)
(1.58734 -0.353689 0)
(1.59849 -0.35663 0)
(1.60719 -0.360867 0)
(1.60828 -0.368114 0)
(1.60651 -0.377865 0)
(1.60756 -0.387128 0)
(1.61155 -0.392671 0)
(1.62037 -0.394729 0)
(1.63016 -0.395291 0)
(1.057 0.409331 0)
(1.07046 0.408361 0)
(1.08585 0.407497 0)
(1.1024 0.406338 0)
(1.11821 0.40528 0)
(1.13312 0.404266 0)
(1.1471 0.402566 0)
(1.1599 0.399429 0)
(1.17274 0.394904 0)
(1.18725 0.390412 0)
(1.20409 0.386098 0)
(1.22191 0.38098 0)
(1.23876 0.375975 0)
(1.25498 0.37053 0)
(1.27054 0.363944 0)
(1.28463 0.357085 0)
(1.29867 0.348729 0)
(1.31278 0.340232 0)
(1.32621 0.333205 0)
(1.34169 0.326625 0)
(1.35904 0.319474 0)
(1.37526 0.312315 0)
(1.38953 0.306149 0)
(1.40256 0.298089 0)
(1.41401 0.289061 0)
(1.42861 0.279109 0)
(1.44434 0.2681 0)
(1.45761 0.26027 0)
(1.46949 0.253521 0)
(1.48296 0.244372 0)
(1.49791 0.233218 0)
(1.51076 0.224799 0)
(1.52194 0.214641 0)
(1.52971 0.202374 0)
(1.53078 0.178114 0)
(1.5222 0.132496 0)
(1.51159 0.0666804 0)
(1.49771 -0.0118856 0)
(1.46741 -0.0995206 0)
(1.46877 -0.153125 0)
(1.45117 -0.206347 0)
(1.46252 -0.221118 0)
(1.46985 -0.245648 0)
(1.46668 -0.261736 0)
(1.46787 -0.279362 0)
(1.4754 -0.285639 0)
(1.48464 -0.289204 0)
(1.49456 -0.29399 0)
(1.50653 -0.299405 0)
(1.5172 -0.304856 0)
(1.5227 -0.311475 0)
(1.52667 -0.319316 0)
(1.5319 -0.326667 0)
(1.54116 -0.332101 0)
(1.55142 -0.33204 0)
(1.56383 -0.330214 0)
(1.57571 -0.330443 0)
(1.58691 -0.333705 0)
(1.59453 -0.338815 0)
(1.59671 -0.346373 0)
(1.59854 -0.355136 0)
(1.60031 -0.364672 0)
(1.60279 -0.371683 0)
(1.6109 -0.37443 0)
(1.62061 -0.374644 0)
(1.63048 -0.373205 0)
(1.05801 0.405594 0)
(1.07155 0.405661 0)
(1.08667 0.405698 0)
(1.10288 0.405033 0)
(1.11817 0.404228 0)
(1.13247 0.403251 0)
(1.14563 0.401215 0)
(1.15732 0.39741 0)
(1.16969 0.392818 0)
(1.18408 0.388765 0)
(1.2005 0.384954 0)
(1.21791 0.3804 0)
(1.23445 0.375775 0)
(1.25 0.371023 0)
(1.26506 0.364918 0)
(1.27882 0.358137 0)
(1.2925 0.350941 0)
(1.30691 0.344164 0)
(1.32058 0.338327 0)
(1.33593 0.332187 0)
(1.35267 0.325305 0)
(1.36865 0.318443 0)
(1.3836 0.311289 0)
(1.39679 0.302825 0)
(1.40721 0.294155 0)
(1.41996 0.284903 0)
(1.43473 0.275501 0)
(1.44864 0.267537 0)
(1.46413 0.258918 0)
(1.4766 0.251814 0)
(1.48902 0.241305 0)
(1.49928 0.227737 0)
(1.50167 0.204194 0)
(1.49162 0.157769 0)
(1.47598 0.0848847 0)
(1.4612 0.00286005 0)
(1.42713 -0.0974352 0)
(1.43539 -0.144172 0)
(1.42137 -0.183325 0)
(1.43333 -0.196192 0)
(1.4382 -0.216148 0)
(1.4398 -0.231006 0)
(1.44677 -0.246959 0)
(1.45408 -0.253162 0)
(1.46225 -0.259935 0)
(1.4726 -0.264774 0)
(1.48477 -0.26949 0)
(1.49376 -0.275381 0)
(1.50009 -0.283489 0)
(1.50723 -0.290671 0)
(1.51404 -0.297823 0)
(1.52147 -0.306328 0)
(1.53144 -0.309963 0)
(1.54192 -0.308983 0)
(1.55315 -0.307564 0)
(1.56423 -0.308841 0)
(1.57448 -0.31149 0)
(1.5816 -0.316735 0)
(1.58753 -0.324037 0)
(1.59098 -0.332191 0)
(1.59074 -0.341765 0)
(1.59242 -0.349433 0)
(1.60109 -0.353605 0)
(1.61075 -0.354479 0)
(1.62105 -0.353163 0)
(1.63208 -0.350746 0)
(1.05947 0.403754 0)
(1.07279 0.404769 0)
(1.0879 0.405316 0)
(1.10367 0.404996 0)
(1.11834 0.404156 0)
(1.1319 0.402702 0)
(1.14388 0.399799 0)
(1.15454 0.39547 0)
(1.16687 0.391383 0)
(1.18138 0.387962 0)
(1.19756 0.384626 0)
(1.21475 0.380639 0)
(1.23104 0.37663 0)
(1.24604 0.372871 0)
(1.26061 0.367843 0)
(1.27409 0.36168 0)
(1.28711 0.355463 0)
(1.30136 0.349541 0)
(1.31511 0.343926 0)
(1.33012 0.337519 0)
(1.34654 0.3302 0)
(1.36266 0.32258 0)
(1.37793 0.314605 0)
(1.39093 0.306491 0)
(1.40076 0.2995 0)
(1.40965 0.291897 0)
(1.42497 0.283356 0)
(1.44122 0.273377 0)
(1.45588 0.263972 0)
(1.46876 0.250865 0)
(1.47075 0.224981 0)
(1.46115 0.177334 0)
(1.44101 0.100659 0)
(1.42506 0.0204475 0)
(1.38842 -0.0834266 0)
(1.39069 -0.137268 0)
(1.39528 -0.15636 0)
(1.40631 -0.174798 0)
(1.40471 -0.191867 0)
(1.40899 -0.208145 0)
(1.41879 -0.217748 0)
(1.43053 -0.221486 0)
(1.44148 -0.229269 0)
(1.45151 -0.235151 0)
(1.46112 -0.241748 0)
(1.46755 -0.249554 0)
(1.47537 -0.256349 0)
(1.48458 -0.262916 0)
(1.49317 -0.270144 0)
(1.50187 -0.278057 0)
(1.51 -0.283423 0)
(1.51988 -0.285073 0)
(1.53127 -0.285954 0)
(1.54306 -0.287089 0)
(1.5544 -0.289054 0)
(1.56416 -0.291639 0)
(1.57263 -0.295784 0)
(1.57879 -0.301874 0)
(1.58003 -0.310857 0)
(1.58015 -0.321004 0)
(1.58316 -0.328685 0)
(1.59164 -0.332564 0)
(1.60146 -0.332952 0)
(1.61176 -0.331963 0)
(1.62302 -0.33015 0)
(1.63306 -0.32936 0)
(1.06113 0.40357 0)
(1.07466 0.405335 0)
(1.08974 0.406416 0)
(1.10455 0.405955 0)
(1.11838 0.40428 0)
(1.13099 0.401651 0)
(1.14182 0.398039 0)
(1.15202 0.393939 0)
(1.16457 0.390872 0)
(1.17926 0.388401 0)
(1.19551 0.385671 0)
(1.21273 0.382341 0)
(1.22894 0.37904 0)
(1.24348 0.376143 0)
(1.25702 0.371977 0)
(1.26931 0.366158 0)
(1.28148 0.359629 0)
(1.29548 0.353417 0)
(1.30962 0.347485 0)
(1.32477 0.340807 0)
(1.34105 0.333344 0)
(1.35709 0.325556 0)
(1.37226 0.318026 0)
(1.38475 0.311302 0)
(1.39417 0.305487 0)
(1.40235 0.297025 0)
(1.41678 0.28655 0)
(1.43131 0.272385 0)
(1.43515 0.243285 0)
(1.42838 0.190888 0)
(1.40899 0.11042 0)
(1.3899 0.0283819 0)
(1.35742 -0.0653376 0)
(1.3477 -0.121319 0)
(1.36092 -0.13351 0)
(1.37316 -0.152201 0)
(1.37461 -0.167929 0)
(1.38035 -0.182384 0)
(1.39004 -0.189505 0)
(1.40131 -0.194183 0)
(1.41408 -0.200283 0)
(1.42808 -0.20567 0)
(1.43834 -0.213525 0)
(1.44299 -0.222963 0)
(1.45079 -0.230761 0)
(1.4598 -0.237652 0)
(1.46928 -0.244403 0)
(1.47909 -0.251184 0)
(1.48774 -0.255489 0)
(1.49656 -0.259222 0)
(1.50861 -0.262949 0)
(1.52054 -0.264971 0)
(1.53227 -0.266631 0)
(1.54317 -0.268156 0)
(1.55312 -0.270615 0)
(1.5621 -0.274957 0)
(1.56703 -0.2821 0)
(1.56831 -0.291587 0)
(1.5702 -0.301074 0)
(1.5743 -0.30893 0)
(1.58292 -0.312742 0)
(1.59299 -0.31253 0)
(1.60363 -0.310409 0)
(1.6148 -0.307879 0)
(1.62497 -0.307367 0)
(1.63479 -0.309015 0)
(1.06348 0.404302 0)
(1.07735 0.406698 0)
(1.09147 0.407412 0)
(1.10498 0.406242 0)
(1.11774 0.403566 0)
(1.12935 0.40009 0)
(1.13957 0.396107 0)
(1.15014 0.392822 0)
(1.16317 0.39123 0)
(1.17797 0.389845 0)
(1.19448 0.387779 0)
(1.2117 0.384912 0)
(1.2274 0.381954 0)
(1.24123 0.378801 0)
(1.25289 0.374152 0)
(1.2632 0.367887 0)
(1.27508 0.361156 0)
(1.28978 0.354808 0)
(1.30502 0.348356 0)
(1.32059 0.342011 0)
(1.33625 0.335717 0)
(1.35223 0.328736 0)
(1.36623 0.322719 0)
(1.37778 0.316436 0)
(1.38629 0.308512 0)
(1.39456 0.292076 0)
(1.39492 0.260742 0)
(1.38811 0.205596 0)
(1.36995 0.124032 0)
(1.35321 0.038736 0)
(1.32266 -0.0560336 0)
(1.31636 -0.101862 0)
(1.32996 -0.113082 0)
(1.33376 -0.134876 0)
(1.33957 -0.150458 0)
(1.35082 -0.157183 0)
(1.36189 -0.163988 0)
(1.37184 -0.169492 0)
(1.3851 -0.173505 0)
(1.39998 -0.178953 0)
(1.41245 -0.186773 0)
(1.41966 -0.19606 0)
(1.42708 -0.20466 0)
(1.43565 -0.21286 0)
(1.44611 -0.2211 0)
(1.45629 -0.226014 0)
(1.46549 -0.228242 0)
(1.47502 -0.232836 0)
(1.48512 -0.239599 0)
(1.4964 -0.242942 0)
(1.50826 -0.244095 0)
(1.51982 -0.245526 0)
(1.53116 -0.24733 0)
(1.54188 -0.250328 0)
(1.55115 -0.254919 0)
(1.555 -0.263364 0)
(1.55646 -0.273337 0)
(1.55979 -0.282206 0)
(1.56506 -0.289198 0)
(1.57412 -0.29249 0)
(1.58429 -0.292353 0)
(1.59536 -0.290267 0)
(1.60651 -0.287799 0)
(1.6169 -0.286853 0)
(1.62682 -0.287023 0)
(1.63573 -0.289163 0)
(1.06651 0.405722 0)
(1.07958 0.407185 0)
(1.09245 0.406897 0)
(1.10498 0.405112 0)
(1.11661 0.402211 0)
(1.12726 0.398343 0)
(1.13753 0.394726 0)
(1.14928 0.393016 0)
(1.16272 0.392543 0)
(1.17773 0.391539 0)
(1.1943 0.389468 0)
(1.21058 0.386375 0)
(1.22509 0.382982 0)
(1.2377 0.378794 0)
(1.24789 0.373389 0)
(1.25756 0.366966 0)
(1.26968 0.360556 0)
(1.28502 0.35459 0)
(1.30155 0.348309 0)
(1.31702 0.34338 0)
(1.33237 0.338444 0)
(1.34598 0.33311 0)
(1.35976 0.324878 0)
(1.36776 0.312903 0)
(1.36214 0.277587 0)
(1.35168 0.21739 0)
(1.32846 0.133196 0)
(1.31438 0.0525458 0)
(1.28209 -0.0418289 0)
(1.28865 -0.0773053 0)
(1.29939 -0.0927445 0)
(1.3 -0.111514 0)
(1.30702 -0.125439 0)
(1.32071 -0.13508 0)
(1.33128 -0.139913 0)
(1.34336 -0.143795 0)
(1.35698 -0.148158 0)
(1.37121 -0.153995 0)
(1.38339 -0.161536 0)
(1.39326 -0.171777 0)
(1.40177 -0.180578 0)
(1.41027 -0.188149 0)
(1.42075 -0.196448 0)
(1.43156 -0.201474 0)
(1.44244 -0.203786 0)
(1.45367 -0.206764 0)
(1.46446 -0.212173 0)
(1.47258 -0.218028 0)
(1.48207 -0.222102 0)
(1.4944 -0.224351 0)
(1.50696 -0.226255 0)
(1.51935 -0.22827 0)
(1.53093 -0.231346 0)
(1.53975 -0.236537 0)
(1.54197 -0.245734 0)
(1.5439 -0.255538 0)
(1.54849 -0.263987 0)
(1.55493 -0.270031 0)
(1.56455 -0.272137 0)
(1.57495 -0.271037 0)
(1.58621 -0.268873 0)
(1.5973 -0.267697 0)
(1.60786 -0.268059 0)
(1.61798 -0.268881 0)
(1.62751 -0.270608 0)
(1.6343 -0.2741 0)
(1.06885 0.406448 0)
(1.08092 0.406422 0)
(1.09307 0.404938 0)
(1.10445 0.402554 0)
(1.11484 0.399508 0)
(1.12493 0.396317 0)
(1.13636 0.394702 0)
(1.14919 0.394564 0)
(1.16299 0.39424 0)
(1.17799 0.39289 0)
(1.1936 0.38997 0)
(1.20837 0.385969 0)
(1.22166 0.381842 0)
(1.23325 0.377295 0)
(1.24277 0.371692 0)
(1.2524 0.365265 0)
(1.26544 0.359523 0)
(1.28147 0.354713 0)
(1.29919 0.349042 0)
(1.31299 0.3459 0)
(1.32742 0.34057 0)
(1.33831 0.32908 0)
(1.33484 0.296278 0)
(1.32086 0.233761 0)
(1.29437 0.145376 0)
(1.27399 0.0572093 0)
(1.24239 -0.027038 0)
(1.24895 -0.0572644 0)
(1.26383 -0.0790351 0)
(1.26822 -0.0979164 0)
(1.27418 -0.10574 0)
(1.28713 -0.113966 0)
(1.29876 -0.11869 0)
(1.31337 -0.12097 0)
(1.32783 -0.124362 0)
(1.34244 -0.130428 0)
(1.3546 -0.137485 0)
(1.36459 -0.146669 0)
(1.37395 -0.156115 0)
(1.38396 -0.165004 0)
(1.3943 -0.173079 0)
(1.40524 -0.179095 0)
(1.41716 -0.182264 0)
(1.42957 -0.184382 0)
(1.44196 -0.187017 0)
(1.45179 -0.191827 0)
(1.45834 -0.197967 0)
(1.46902 -0.203227 0)
(1.48169 -0.20569 0)
(1.4944 -0.207342 0)
(1.50695 -0.209688 0)
(1.51939 -0.213415 0)
(1.52711 -0.22044 0)
(1.52926 -0.229563 0)
(1.53215 -0.237697 0)
(1.53694 -0.244659 0)
(1.54495 -0.250168 0)
(1.55551 -0.251997 0)
(1.56626 -0.250922 0)
(1.57766 -0.249229 0)
(1.58871 -0.248576 0)
(1.59929 -0.248539 0)
(1.60914 -0.249236 0)
(1.61851 -0.252105 0)
(1.62534 -0.25741 0)
(1.6248 -0.266606 0)
(1.07051 0.405938 0)
(1.08191 0.404352 0)
(1.09285 0.40188 0)
(1.10302 0.399079 0)
(1.11296 0.396488 0)
(1.12366 0.395421 0)
(1.13617 0.395919 0)
(1.1498 0.396037 0)
(1.16379 0.395279 0)
(1.17782 0.39311 0)
(1.1916 0.389429 0)
(1.20503 0.384827 0)
(1.21751 0.380211 0)
(1.22846 0.375302 0)
(1.23781 0.369551 0)
(1.24842 0.36403 0)
(1.26287 0.359794 0)
(1.27899 0.356198 0)
(1.29423 0.351691 0)
(1.30772 0.342702 0)
(1.30694 0.313971 0)
(1.29147 0.25357 0)
(1.26208 0.162714 0)
(1.24102 0.0714961 0)
(1.20998 -0.0141388 0)
(1.22404 -0.035266 0)
(1.22525 -0.0558769 0)
(1.23285 -0.0730578 0)
(1.24748 -0.0827963 0)
(1.25872 -0.0890061 0)
(1.26928 -0.0958502 0)
(1.28246 -0.100989 0)
(1.29729 -0.104565 0)
(1.31173 -0.109045 0)
(1.32383 -0.116379 0)
(1.33554 -0.125572 0)
(1.34609 -0.133569 0)
(1.35654 -0.141226 0)
(1.36732 -0.149521 0)
(1.3783 -0.156742 0)
(1.39025 -0.161125 0)
(1.40316 -0.163422 0)
(1.41617 -0.165518 0)
(1.42848 -0.16886 0)
(1.43708 -0.174614 0)
(1.44536 -0.181134 0)
(1.45662 -0.185707 0)
(1.46918 -0.187079 0)
(1.48187 -0.188163 0)
(1.49497 -0.190952 0)
(1.50662 -0.196489 0)
(1.51268 -0.205397 0)
(1.51645 -0.213868 0)
(1.52101 -0.221189 0)
(1.52647 -0.227107 0)
(1.53422 -0.230362 0)
(1.54482 -0.230353 0)
(1.55615 -0.229389 0)
(1.56797 -0.22886 0)
(1.57934 -0.229368 0)
(1.5902 -0.230392 0)
(1.60071 -0.231247 0)
(1.61034 -0.233368 0)
(1.61593 -0.238112 0)
(1.61471 -0.248632 0)
(1.61367 -0.259503 0)
(1.07184 0.403783 0)
(1.08198 0.401308 0)
(1.09179 0.3985 0)
(1.10157 0.396485 0)
(1.11178 0.39583 0)
(1.12348 0.396623 0)
(1.13695 0.397142 0)
(1.15092 0.396574 0)
(1.16425 0.39506 0)
(1.17682 0.392282 0)
(1.18891 0.388593 0)
(1.2013 0.383971 0)
(1.21291 0.378761 0)
(1.22382 0.37339 0)
(1.23407 0.368105 0)
(1.24683 0.364392 0)
(1.26027 0.361596 0)
(1.27474 0.354708 0)
(1.27818 0.329735 0)
(1.26462 0.272692 0)
(1.23381 0.184798 0)
(1.20648 0.0902112 0)
(1.17359 0.00516723 0)
(1.18689 -0.0204085 0)
(1.19084 -0.0501636 0)
(1.19578 -0.0646311 0)
(1.20759 -0.0718799 0)
(1.22223 -0.0748051 0)
(1.23794 -0.0767976 0)
(1.25298 -0.0787819 0)
(1.26799 -0.0836946 0)
(1.28192 -0.0899466 0)
(1.29359 -0.0963374 0)
(1.30436 -0.104294 0)
(1.31595 -0.113082 0)
(1.32826 -0.121228 0)
(1.33997 -0.128439 0)
(1.35135 -0.134566 0)
(1.36314 -0.139365 0)
(1.37611 -0.14258 0)
(1.38929 -0.14519 0)
(1.40241 -0.148116 0)
(1.41317 -0.15297 0)
(1.42236 -0.158927 0)
(1.43258 -0.164755 0)
(1.44443 -0.167839 0)
(1.45691 -0.168412 0)
(1.4696 -0.16979 0)
(1.48262 -0.173408 0)
(1.49146 -0.181117 0)
(1.49716 -0.190106 0)
(1.50339 -0.197866 0)
(1.50998 -0.204406 0)
(1.51645 -0.20956 0)
(1.52475 -0.212002 0)
(1.53547 -0.211682 0)
(1.54646 -0.210775 0)
(1.55751 -0.210129 0)
(1.5683 -0.209912 0)
(1.57896 -0.210361 0)
(1.59 -0.212041 0)
(1.60024 -0.215559 0)
(1.60643 -0.221655 0)
(1.60502 -0.231607 0)
(1.60402 -0.241525 0)
(1.60926 -0.248106 0)
(1.07245 0.40037 0)
(1.08157 0.397918 0)
(1.09094 0.396519 0)
(1.10082 0.396334 0)
(1.11206 0.397272 0)
(1.12477 0.398292 0)
(1.13845 0.398078 0)
(1.1516 0.39654 0)
(1.16369 0.394067 0)
(1.17493 0.390882 0)
(1.18568 0.387501 0)
(1.19711 0.383213 0)
(1.20823 0.378266 0)
(1.22068 0.373356 0)
(1.23166 0.368725 0)
(1.24471 0.364752 0)
(1.24932 0.345153 0)
(1.23657 0.292269 0)
(1.20535 0.203126 0)
(1.17799 0.108586 0)
(1.1479 0.0298607 0)
(1.16112 0.00200646 0)
(1.15702 -0.0242104 0)
(1.16253 -0.0413253 0)
(1.17781 -0.0483059 0)
(1.18895 -0.0553128 0)
(1.20424 -0.06201 0)
(1.22063 -0.0654794 0)
(1.23669 -0.068077 0)
(1.25173 -0.071693 0)
(1.26467 -0.078576 0)
(1.27514 -0.0866554 0)
(1.28558 -0.0940623 0)
(1.29753 -0.101007 0)
(1.31103 -0.108786 0)
(1.32367 -0.115183 0)
(1.33576 -0.119154 0)
(1.34871 -0.121633 0)
(1.36208 -0.123703 0)
(1.37537 -0.126624 0)
(1.38641 -0.132319 0)
(1.39605 -0.138928 0)
(1.40741 -0.144393 0)
(1.41961 -0.148951 0)
(1.43248 -0.150661 0)
(1.44516 -0.150966 0)
(1.45797 -0.152629 0)
(1.4683 -0.157801 0)
(1.47452 -0.166285 0)
(1.48129 -0.174203 0)
(1.48966 -0.181212 0)
(1.49832 -0.187288 0)
(1.50696 -0.191777 0)
(1.51614 -0.193102 0)
(1.52575 -0.192282 0)
(1.53556 -0.19194 0)
(1.54619 -0.192615 0)
(1.55767 -0.193507 0)
(1.56957 -0.193952 0)
(1.58074 -0.19483 0)
(1.59094 -0.196648 0)
(1.59537 -0.202593 0)
(1.59434 -0.213891 0)
(1.59484 -0.223656 0)
(1.59919 -0.227879 0)
(1.60817 -0.22792 0)
(1.07225 0.397193 0)
(1.08119 0.396458 0)
(1.09065 0.396968 0)
(1.10155 0.398231 0)
(1.11394 0.399239 0)
(1.12686 0.399244 0)
(1.13946 0.397837 0)
(1.15111 0.395417 0)
(1.16187 0.39252 0)
(1.17228 0.389483 0)
(1.18248 0.386142 0)
(1.19359 0.382262 0)
(1.20509 0.378193 0)
(1.21724 0.374168 0)
(1.22527 0.360212 0)
(1.21523 0.316922 0)
(1.18032 0.230291 0)
(1.14549 0.129035 0)
(1.11253 0.0464951 0)
(1.1263 0.012028 0)
(1.12217 -0.0196089 0)
(1.12785 -0.033488 0)
(1.13891 -0.0425175 0)
(1.15198 -0.0456276 0)
(1.16847 -0.0449444 0)
(1.18709 -0.0459367 0)
(1.2047 -0.0511585 0)
(1.22052 -0.0564392 0)
(1.23487 -0.0612236 0)
(1.2475 -0.0682572 0)
(1.25812 -0.0769891 0)
(1.26845 -0.0848136 0)
(1.28012 -0.0912129 0)
(1.29399 -0.0970849 0)
(1.3078 -0.101527 0)
(1.32132 -0.104054 0)
(1.33479 -0.105273 0)
(1.34851 -0.106802 0)
(1.36091 -0.110672 0)
(1.36983 -0.117888 0)
(1.37986 -0.124594 0)
(1.39248 -0.130067 0)
(1.40574 -0.133269 0)
(1.41907 -0.134599 0)
(1.43264 -0.135856 0)
(1.44569 -0.138405 0)
(1.45402 -0.144422 0)
(1.45895 -0.151535 0)
(1.46589 -0.158349 0)
(1.47522 -0.164386 0)
(1.48558 -0.169483 0)
(1.49627 -0.172892 0)
(1.50708 -0.174073 0)
(1.51748 -0.174277 0)
(1.52676 -0.174535 0)
(1.53601 -0.175178 0)
(1.547 -0.175788 0)
(1.55871 -0.176442 0)
(1.5705 -0.177967 0)
(1.58061 -0.181303 0)
(1.58376 -0.188331 0)
(1.58282 -0.197635 0)
(1.58457 -0.205584 0)
(1.59207 -0.211335 0)
(1.60198 -0.212877 0)
(1.61184 -0.210331 0)
(1.07179 0.396172 0)
(1.08126 0.397114 0)
(1.09195 0.398763 0)
(1.1041 0.400204 0)
(1.11631 0.400361 0)
(1.12792 0.399028 0)
(1.13899 0.396528 0)
(1.14938 0.393804 0)
(1.15955 0.391077 0)
(1.16957 0.388289 0)
(1.17987 0.385276 0)
(1.1902 0.381348 0)
(1.20094 0.373987 0)
(1.19589 0.341973 0)
(1.16458 0.264157 0)
(1.1237 0.158873 0)
(1.086 0.0712933 0)
(1.09692 0.0347695 0)
(1.08903 0.00340346 0)
(1.09991 -0.0121615 0)
(1.11176 -0.0206685 0)
(1.12212 -0.0291303 0)
(1.13645 -0.0370021 0)
(1.15176 -0.0390508 0)
(1.16888 -0.0387041 0)
(1.18644 -0.0407653 0)
(1.20204 -0.0461976 0)
(1.21613 -0.0527182 0)
(1.22938 -0.0594423 0)
(1.24145 -0.067272 0)
(1.25276 -0.0751167 0)
(1.26423 -0.0813592 0)
(1.27713 -0.0849591 0)
(1.29117 -0.0866513 0)
(1.30574 -0.0881048 0)
(1.32026 -0.0900695 0)
(1.33414 -0.0924999 0)
(1.34604 -0.0974616 0)
(1.35478 -0.104325 0)
(1.3649 -0.110515 0)
(1.37779 -0.115078 0)
(1.39148 -0.117146 0)
(1.40532 -0.118777 0)
(1.41909 -0.120819 0)
(1.43131 -0.125293 0)
(1.44009 -0.131745 0)
(1.44675 -0.137695 0)
(1.45337 -0.143084 0)
(1.46161 -0.147762 0)
(1.4721 -0.151268 0)
(1.48401 -0.153182 0)
(1.49624 -0.15429 0)
(1.50815 -0.155525 0)
(1.51825 -0.157211 0)
(1.52647 -0.158534 0)
(1.53629 -0.158829 0)
(1.54764 -0.159479 0)
(1.55893 -0.161266 0)
(1.56709 -0.165692 0)
(1.57112 -0.173091 0)
(1.57321 -0.181343 0)
(1.57587 -0.187297 0)
(1.58133 -0.190279 0)
(1.59064 -0.189628 0)
(1.60061 -0.187536 0)
(1.61238 -0.185229 0)
(1.07149 0.396728 0)
(1.08251 0.397637 0)
(1.09553 0.399244 0)
(1.10745 0.400356 0)
(1.11785 0.400273 0)
(1.12764 0.398312 0)
(1.13745 0.395407 0)
(1.14724 0.3923 0)
(1.15754 0.389469 0)
(1.16735 0.387139 0)
(1.1772 0.383223 0)
(1.17899 0.364024 0)
(1.15482 0.302332 0)
(1.11024 0.198382 0)
(1.0566 0.0958698 0)
(1.06209 0.0448618 0)
(1.04768 0.00612634 0)
(1.06225 -0.00564788 0)
(1.07279 -0.0165883 0)
(1.08689 -0.0220108 0)
(1.10265 -0.0220382 0)
(1.119 -0.0246051 0)
(1.13617 -0.0282016 0)
(1.15206 -0.0310846 0)
(1.16894 -0.033781 0)
(1.18444 -0.0379012 0)
(1.19764 -0.0441356 0)
(1.20999 -0.0517917 0)
(1.22314 -0.0590917 0)
(1.23593 -0.0650216 0)
(1.24837 -0.0701228 0)
(1.26187 -0.0731243 0)
(1.27622 -0.074011 0)
(1.29128 -0.0748009 0)
(1.30589 -0.0763768 0)
(1.31962 -0.0800298 0)
(1.33087 -0.0862709 0)
(1.34069 -0.0924631 0)
(1.35111 -0.0977413 0)
(1.36337 -0.101144 0)
(1.37694 -0.102648 0)
(1.39065 -0.104272 0)
(1.40352 -0.107378 0)
(1.41489 -0.112609 0)
(1.42518 -0.118481 0)
(1.43464 -0.124297 0)
(1.44304 -0.129546 0)
(1.45104 -0.133416 0)
(1.4606 -0.135142 0)
(1.47204 -0.135475 0)
(1.48426 -0.135832 0)
(1.49621 -0.136901 0)
(1.50656 -0.139 0)
(1.51634 -0.141496 0)
(1.52724 -0.142941 0)
(1.53833 -0.143827 0)
(1.54808 -0.146031 0)
(1.55395 -0.151256 0)
(1.55786 -0.158545 0)
(1.56213 -0.166063 0)
(1.5676 -0.172082 0)
(1.57517 -0.175774 0)
(1.58534 -0.174726 0)
(1.5959 -0.170882 0)
(1.60734 -0.166762 0)
(1.61841 -0.16349 0)
(1.07137 0.398341 0)
(1.08448 0.397924 0)
(1.09942 0.397652 0)
(1.11038 0.398554 0)
(1.11927 0.399006 0)
(1.12685 0.39752 0)
(1.13473 0.394635 0)
(1.14478 0.391494 0)
(1.15492 0.388446 0)
(1.16315 0.379865 0)
(1.14965 0.339721 0)
(1.10548 0.245089 0)
(1.04575 0.132564 0)
(1.034 0.0668129 0)
(1.0168 0.02149 0)
(1.03363 0.0107785 0)
(1.0428 0.00286299 0)
(1.05518 -0.00418448 0)
(1.07037 -0.0129438 0)
(1.08539 -0.0183518 0)
(1.10096 -0.0190714 0)
(1.11776 -0.0210446 0)
(1.13516 -0.0243655 0)
(1.14969 -0.0271632 0)
(1.16498 -0.0307403 0)
(1.17966 -0.0362052 0)
(1.19288 -0.0425101 0)
(1.20487 -0.0492116 0)
(1.21766 -0.0545 0)
(1.23137 -0.0578858 0)
(1.24572 -0.0597316 0)
(1.26104 -0.0606441 0)
(1.27588 -0.0618382 0)
(1.29048 -0.064015 0)
(1.30367 -0.0686567 0)
(1.31525 -0.0749962 0)
(1.32624 -0.0808883 0)
(1.33729 -0.0855778 0)
(1.3493 -0.0884732 0)
(1.36235 -0.0900127 0)
(1.37551 -0.0918703 0)
(1.38772 -0.0949674 0)
(1.39902 -0.0994694 0)
(1.40992 -0.104699 0)
(1.42033 -0.109752 0)
(1.43029 -0.114267 0)
(1.44013 -0.11786 0)
(1.45045 -0.119331 0)
(1.46132 -0.11933 0)
(1.47228 -0.119725 0)
(1.48304 -0.121172 0)
(1.49376 -0.123245 0)
(1.50497 -0.125156 0)
(1.51642 -0.126293 0)
(1.52738 -0.12767 0)
(1.53611 -0.131008 0)
(1.5418 -0.136224 0)
(1.54628 -0.142799 0)
(1.55128 -0.149518 0)
(1.5575 -0.154678 0)
(1.56653 -0.158066 0)
(1.57697 -0.15779 0)
(1.58796 -0.153664 0)
(1.59924 -0.148812 0)
(1.61005 -0.144951 0)
(1.62009 -0.143325 0)
(1.07218 0.40016 0)
(1.08617 0.398735 0)
(1.10171 0.396562 0)
(1.11226 0.396418 0)
(1.12058 0.396913 0)
(1.12622 0.396091 0)
(1.13253 0.393775 0)
(1.14172 0.39104 0)
(1.14274 0.372271 0)
(1.11245 0.303078 0)
(1.04408 0.1838 0)
(1.00899 0.0906763 0)
(0.976738 0.0307127 0)
(0.993677 0.015373 0)
(1.00647 -0.000866406 0)
(1.02053 -0.00329988 0)
(1.03582 -0.00270646 0)
(1.05145 -0.00489713 0)
(1.06744 -0.00778263 0)
(1.08383 -0.0111052 0)
(1.10054 -0.0143901 0)
(1.11655 -0.0177609 0)
(1.13295 -0.0226741 0)
(1.14774 -0.0267311 0)
(1.162 -0.0296838 0)
(1.17565 -0.0339373 0)
(1.18841 -0.0390108 0)
(1.20109 -0.0443603 0)
(1.21568 -0.047736 0)
(1.23087 -0.0493074 0)
(1.24682 -0.050485 0)
(1.26149 -0.0518982 0)
(1.27543 -0.0542964 0)
(1.28779 -0.0581811 0)
(1.29941 -0.0635516 0)
(1.31089 -0.0691959 0)
(1.3225 -0.0736514 0)
(1.33491 -0.0767451 0)
(1.34815 -0.0791315 0)
(1.36146 -0.0814888 0)
(1.374 -0.0841017 0)
(1.38551 -0.0872723 0)
(1.39648 -0.0909788 0)
(1.40736 -0.0948981 0)
(1.41818 -0.0986143 0)
(1.42901 -0.101413 0)
(1.44005 -0.102912 0)
(1.45124 -0.104037 0)
(1.46217 -0.105622 0)
(1.47263 -0.107861 0)
(1.48301 -0.110361 0)
(1.49388 -0.111959 0)
(1.50498 -0.112411 0)
(1.51529 -0.113295 0)
(1.52371 -0.116202 0)
(1.53024 -0.121291 0)
(1.53569 -0.127403 0)
(1.54119 -0.133203 0)
(1.5482 -0.137757 0)
(1.55822 -0.140088 0)
(1.56878 -0.139265 0)
(1.58061 -0.136177 0)
(1.59322 -0.132446 0)
(1.60412 -0.130222 0)
(1.61462 -0.129381 0)
(1.62291 -0.130103 0)
(1.07399 0.400563 0)
(1.08666 0.399836 0)
(1.10194 0.39741 0)
(1.1124 0.395845 0)
(1.1206 0.395834 0)
(1.1256 0.395214 0)
(1.13017 0.389521 0)
(1.11738 0.356745 0)
(1.05965 0.257126 0)
(0.999533 0.136319 0)
(0.9587 0.0569527 0)
(0.973215 0.0376092 0)
(0.972932 0.0226004 0)
(0.988695 0.0133083 0)
(1.00222 0.00407211 0)
(1.01861 -0.0016235 0)
(1.03547 -0.00399859 0)
(1.05232 -0.00605173 0)
(1.06758 -0.00693318 0)
(1.0821 -0.00797089 0)
(1.09684 -0.0106107 0)
(1.11295 -0.015328 0)
(1.12961 -0.0210991 0)
(1.14588 -0.0260235 0)
(1.16039 -0.0286682 0)
(1.17335 -0.0312665 0)
(1.18586 -0.0343667 0)
(1.1992 -0.0366483 0)
(1.21416 -0.0383337 0)
(1.23017 -0.0406948 0)
(1.24554 -0.0434488 0)
(1.25997 -0.046355 0)
(1.27313 -0.049639 0)
(1.28473 -0.0533373 0)
(1.29586 -0.057588 0)
(1.30816 -0.0619033 0)
(1.32112 -0.0653248 0)
(1.33427 -0.0681682 0)
(1.34735 -0.0711859 0)
(1.36005 -0.0743987 0)
(1.37228 -0.0773905 0)
(1.38394 -0.0799084 0)
(1.39493 -0.0818195 0)
(1.40545 -0.0833009 0)
(1.41594 -0.0846509 0)
(1.42669 -0.0861579 0)
(1.43757 -0.0882637 0)
(1.44851 -0.0909998 0)
(1.45952 -0.0939003 0)
(1.47058 -0.0965514 0)
(1.48167 -0.0987087 0)
(1.49282 -0.100239 0)
(1.50356 -0.101649 0)
(1.51269 -0.103712 0)
(1.51976 -0.106918 0)
(1.52563 -0.111435 0)
(1.5315 -0.116638 0)
(1.53848 -0.120796 0)
(1.54812 -0.122109 0)
(1.55871 -0.120719 0)
(1.57072 -0.117194 0)
(1.58313 -0.114036 0)
(1.59468 -0.113667 0)
(1.60598 -0.114797 0)
(1.61466 -0.11672 0)
(1.61785 -0.120867 0)
(1.0768 0.398228 0)
(1.08818 0.399315 0)
(1.10137 0.398412 0)
(1.11101 0.397182 0)
(1.11863 0.396564 0)
(1.12012 0.385386 0)
(1.08964 0.331219 0)
(1.012 0.20932 0)
(0.93153 0.0907102 0)
(0.938351 0.0436453 0)
(0.935287 0.0172492 0)
(0.951337 0.0130346 0)
(0.965677 0.00855006 0)
(0.98117 0.00682347 0)
(0.997211 0.00440469 0)
(1.01553 0.00247164 0)
(1.03593 -0.00141467 0)
(1.05415 -0.00475327 0)
(1.06797 -0.00572307 0)
(1.08082 -0.00707952 0)
(1.09431 -0.0099388 0)
(1.10971 -0.0140712 0)
(1.12658 -0.0186739 0)
(1.14325 -0.0228721 0)
(1.15865 -0.0254201 0)
(1.1723 -0.0272443 0)
(1.18567 -0.0288954 0)
(1.19946 -0.0301948 0)
(1.21416 -0.0323696 0)
(1.22914 -0.0355863 0)
(1.24377 -0.0389577 0)
(1.25782 -0.0422269 0)
(1.27098 -0.0452893 0)
(1.28281 -0.0481806 0)
(1.29368 -0.0511026 0)
(1.30555 -0.0540322 0)
(1.31872 -0.0568105 0)
(1.3321 -0.0596479 0)
(1.34524 -0.0627246 0)
(1.3581 -0.0657675 0)
(1.37076 -0.0684584 0)
(1.38317 -0.0704745 0)
(1.39496 -0.0716945 0)
(1.40568 -0.0723914 0)
(1.41551 -0.0732861 0)
(1.42545 -0.0750038 0)
(1.43626 -0.0773661 0)
(1.4478 -0.0800222 0)
(1.45966 -0.082723 0)
(1.47156 -0.0852046 0)
(1.48326 -0.0875132 0)
(1.49395 -0.0899659 0)
(1.50303 -0.0926098 0)
(1.51084 -0.095306 0)
(1.51733 -0.0978457 0)
(1.52273 -0.100452 0)
(1.52998 -0.103503 0)
(1.54059 -0.104541 0)
(1.55144 -0.103057 0)
(1.5641 -0.0996284 0)
(1.57632 -0.0972366 0)
(1.58796 -0.0976062 0)
(1.59895 -0.0996495 0)
(1.60705 -0.102771 0)
(1.61049 -0.107999 0)
(1.61165 -0.114155 0)
(1.07982 0.394001 0)
(1.09111 0.396876 0)
(1.10123 0.399037 0)
(1.10853 0.399569 0)
(1.108 0.383693 0)
(1.05981 0.3043 0)
(0.958339 0.163285 0)
(0.911583 0.0744954 0)
(0.89908 0.0308251 0)
(0.917158 0.0270361 0)
(0.931233 0.0214326 0)
(0.948158 0.013477 0)
(0.964292 0.0050517 0)
(0.979622 0.00205366 0)
(0.995584 0.00260972 0)
(1.01552 0.00287024 0)
(1.03632 0.000998635 0)
(1.05277 -0.00182587 0)
(1.06678 -0.00427252 0)
(1.07959 -0.00710023 0)
(1.09308 -0.0104628 0)
(1.10795 -0.0134985 0)
(1.12414 -0.0159401 0)
(1.14153 -0.0187958 0)
(1.15799 -0.0211039 0)
(1.17242 -0.0225776 0)
(1.18636 -0.023828 0)
(1.19916 -0.0253981 0)
(1.21282 -0.0280683 0)
(1.22744 -0.0315665 0)
(1.24204 -0.035061 0)
(1.25619 -0.0381042 0)
(1.26956 -0.0407641 0)
(1.28185 -0.0428129 0)
(1.29317 -0.0443781 0)
(1.30486 -0.046123 0)
(1.31759 -0.0481858 0)
(1.33069 -0.0505047 0)
(1.34387 -0.0530452 0)
(1.35725 -0.0554815 0)
(1.37071 -0.0576666 0)
(1.3838 -0.0597987 0)
(1.39577 -0.061891 0)
(1.40614 -0.063658 0)
(1.41543 -0.0650315 0)
(1.42494 -0.0662531 0)
(1.43551 -0.0675673 0)
(1.44707 -0.0689578 0)
(1.45915 -0.0705393 0)
(1.47121 -0.0725752 0)
(1.48253 -0.0755157 0)
(1.4925 -0.0792133 0)
(1.50135 -0.0829002 0)
(1.50935 -0.086106 0)
(1.5162 -0.0887955 0)
(1.52261 -0.0899523 0)
(1.53114 -0.0876586 0)
(1.54125 -0.0841096 0)
(1.55199 -0.0817023 0)
(1.56324 -0.0813258 0)
(1.57457 -0.0827542 0)
(1.58557 -0.0841106 0)
(1.59458 -0.0855413 0)
(1.60022 -0.0906142 0)
(1.60338 -0.0989792 0)
(1.60613 -0.106191 0)
(1.08341 0.394429 0)
(1.09399 0.397363 0)
(1.10094 0.399577 0)
(1.09574 0.381831 0)
(1.02521 0.281604 0)
(0.918911 0.134565 0)
(0.854409 0.0427469 0)
(0.872512 0.0224391 0)
(0.892546 0.00996463 0)
(0.909844 0.013319 0)
(0.926079 0.0158658 0)
(0.943939 0.0129304 0)
(0.961235 0.00662032 0)
(0.978628 0.00380316 0)
(0.996265 0.00283207 0)
(1.01736 0.00260057 0)
(1.03668 0.000922289 0)
(1.0514 -0.000777389 0)
(1.06495 -0.00357689 0)
(1.078 -0.00715508 0)
(1.09199 -0.0104284 0)
(1.10692 -0.0125158 0)
(1.12321 -0.0137491 0)
(1.14116 -0.0149017 0)
(1.15783 -0.0164595 0)
(1.17239 -0.0176619 0)
(1.18641 -0.019363 0)
(1.19871 -0.0215681 0)
(1.21168 -0.0243728 0)
(1.22638 -0.027376 0)
(1.24095 -0.0308769 0)
(1.25493 -0.0335363 0)
(1.26854 -0.0356332 0)
(1.28168 -0.0374531 0)
(1.29407 -0.0386556 0)
(1.30582 -0.0389982 0)
(1.31809 -0.0394381 0)
(1.3314 -0.0405579 0)
(1.34487 -0.042247 0)
(1.35813 -0.044541 0)
(1.37109 -0.0470867 0)
(1.38353 -0.049855 0)
(1.39519 -0.0529602 0)
(1.40597 -0.0559309 0)
(1.41584 -0.0577461 0)
(1.42555 -0.0583074 0)
(1.43584 -0.0583868 0)
(1.44671 -0.0588056 0)
(1.45785 -0.0601204 0)
(1.46895 -0.0624054 0)
(1.47982 -0.0652802 0)
(1.49042 -0.0683493 0)
(1.50023 -0.0714093 0)
(1.50839 -0.0740636 0)
(1.51503 -0.0756351 0)
(1.52378 -0.0748441 0)
(1.53511 -0.0726794 0)
(1.54676 -0.0706016 0)
(1.5581 -0.0691032 0)
(1.56839 -0.0687388 0)
(1.5767 -0.0696914 0)
(1.58274 -0.0727035 0)
(1.58726 -0.0782052 0)
(1.59063 -0.084565 0)
(1.59518 -0.0897325 0)
(1.60305 -0.0925198 0)
(1.08494 0.396988 0)
(1.09399 0.400306 0)
(1.08505 0.380742 0)
(0.997053 0.265567 0)
(0.873426 0.113598 0)
(0.843222 0.0492864 0)
(0.846186 0.027904 0)
(0.868906 0.0236205 0)
(0.891989 0.0147028 0)
(0.911665 0.00918328 0)
(0.927633 0.0100869 0)
(0.943457 0.00930119 0)
(0.959713 0.007497 0)
(0.976996 0.00601122 0)
(0.996448 0.004306 0)
(1.01814 0.00200517 0)
(1.03641 -0.000398999 0)
(1.05058 -0.00177592 0)
(1.06377 -0.00397024 0)
(1.07697 -0.00687704 0)
(1.09141 -0.00933281 0)
(1.1068 -0.0107436 0)
(1.1241 -0.0113158 0)
(1.1423 -0.0116369 0)
(1.1582 -0.0129352 0)
(1.1725 -0.0141939 0)
(1.18603 -0.0160669 0)
(1.19803 -0.0183207 0)
(1.21047 -0.0204831 0)
(1.22459 -0.0226388 0)
(1.23929 -0.0251452 0)
(1.25363 -0.0276807 0)
(1.26753 -0.0295339 0)
(1.28139 -0.0309007 0)
(1.29473 -0.0318109 0)
(1.30688 -0.0319351 0)
(1.31812 -0.0313879 0)
(1.32957 -0.0315402 0)
(1.34214 -0.0329691 0)
(1.35511 -0.0353181 0)
(1.36769 -0.0384361 0)
(1.37964 -0.041742 0)
(1.39119 -0.0444954 0)
(1.40268 -0.0466014 0)
(1.41431 -0.0481636 0)
(1.42572 -0.0489866 0)
(1.43664 -0.0490893 0)
(1.44692 -0.0493246 0)
(1.45676 -0.0504918 0)
(1.46665 -0.0524458 0)
(1.47645 -0.0544236 0)
(1.48605 -0.0559949 0)
(1.49554 -0.0572392 0)
(1.5048 -0.0583479 0)
(1.51386 -0.0585532 0)
(1.52346 -0.0574474 0)
(1.5337 -0.0566988 0)
(1.54415 -0.0566155 0)
(1.55427 -0.0569023 0)
(1.5635 -0.0573089 0)
(1.57097 -0.0583901 0)
(1.57628 -0.0620318 0)
(1.58033 -0.0678427 0)
(1.58458 -0.0716031 0)
(1.59157 -0.07284 0)
(1.60169 -0.0717606 0)
(1.09085 0.399395 0)
(1.08131 0.380985 0)
(0.970191 0.258165 0)
(0.837032 0.102961 0)
(0.800156 0.0279619 0)
(0.817426 0.0104331 0)
(0.842363 0.0103425 0)
(0.862679 0.0155749 0)
(0.887436 0.014019 0)
(0.909479 0.00887385 0)
(0.929031 0.00552786 0)
(0.945228 0.0050347 0)
(0.960623 0.00554333 0)
(0.977593 0.00562914 0)
(0.997234 0.00498529 0)
(1.01844 0.0026995 0)
(1.03625 -0.000802516 0)
(1.05038 -0.00296628 0)
(1.06374 -0.00491507 0)
(1.07771 -0.00651408 0)
(1.09233 -0.00736198 0)
(1.1082 -0.00747749 0)
(1.12633 -0.00671177 0)
(1.14362 -0.00736675 0)
(1.1586 -0.00941837 0)
(1.17243 -0.0117217 0)
(1.18531 -0.0139946 0)
(1.19772 -0.015662 0)
(1.21089 -0.01652 0)
(1.22476 -0.0171657 0)
(1.23906 -0.0180041 0)
(1.25371 -0.0192383 0)
(1.26862 -0.0210177 0)
(1.28268 -0.022479 0)
(1.29629 -0.0237185 0)
(1.3087 -0.0250033 0)
(1.31944 -0.0256665 0)
(1.33029 -0.0258248 0)
(1.34193 -0.0263396 0)
(1.35424 -0.0276626 0)
(1.36699 -0.0294288 0)
(1.37998 -0.0314893 0)
(1.39283 -0.0336845 0)
(1.4051 -0.0354842 0)
(1.41681 -0.036981 0)
(1.42764 -0.0386214 0)
(1.4374 -0.0400294 0)
(1.44683 -0.0405827 0)
(1.45651 -0.0408222 0)
(1.46649 -0.0414104 0)
(1.47708 -0.0421525 0)
(1.48801 -0.0426177 0)
(1.49871 -0.0428234 0)
(1.50903 -0.0426663 0)
(1.51897 -0.0422947 0)
(1.52867 -0.0426507 0)
(1.53818 -0.0436725 0)
(1.54737 -0.0448203 0)
(1.55597 -0.0458349 0)
(1.5633 -0.0470909 0)
(1.56873 -0.0493833 0)
(1.57281 -0.0522128 0)
(1.57797 -0.0546573 0)
(1.58709 -0.0560724 0)
(1.59636 -0.0542619 0)
(1.60667 -0.0485183 0)
(1.07988 0.388053 0)
(0.967963 0.251836 0)
(0.813852 0.103628 0)
(0.776583 0.0378213 0)
(0.789195 0.023149 0)
(0.8186 0.0161756 0)
(0.846704 0.00784649 0)
(0.867661 0.00833117 0)
(0.888134 0.0104789 0)
(0.90943 0.00842947 0)
(0.929578 0.0044827 0)
(0.947591 0.00159205 0)
(0.96401 0.00140728 0)
(0.981312 0.00319518 0)
(1.00009 0.00453235 0)
(1.01898 0.00331908 0)
(1.03535 0.000283236 0)
(1.05003 -0.00283718 0)
(1.06472 -0.00533689 0)
(1.07974 -0.0064928 0)
(1.09521 -0.00595671 0)
(1.11198 -0.00381508 0)
(1.12869 -0.00269381 0)
(1.14345 -0.0034771 0)
(1.15773 -0.00625217 0)
(1.17101 -0.00996578 0)
(1.18438 -0.0126416 0)
(1.19831 -0.0137469 0)
(1.21262 -0.0134211 0)
(1.22662 -0.0121779 0)
(1.2402 -0.0108831 0)
(1.25392 -0.0105051 0)
(1.26806 -0.0116306 0)
(1.28163 -0.0138256 0)
(1.29467 -0.0164276 0)
(1.30747 -0.0189043 0)
(1.32002 -0.0208769 0)
(1.33197 -0.0219202 0)
(1.34338 -0.0216517 0)
(1.35466 -0.0207688 0)
(1.36581 -0.019977 0)
(1.37717 -0.0201432 0)
(1.3893 -0.0215214 0)
(1.40166 -0.0232346 0)
(1.41336 -0.0253343 0)
(1.42437 -0.0278462 0)
(1.43511 -0.0304464 0)
(1.44574 -0.0317084 0)
(1.45644 -0.0311627 0)
(1.46662 -0.0297836 0)
(1.47567 -0.0285815 0)
(1.48432 -0.0282752 0)
(1.49346 -0.0286079 0)
(1.50322 -0.0287965 0)
(1.51364 -0.0289755 0)
(1.5243 -0.0296328 0)
(1.53457 -0.03089 0)
(1.54424 -0.032435 0)
(1.55309 -0.0343048 0)
(1.56082 -0.0363887 0)
(1.56701 -0.0385905 0)
(1.5721 -0.0402163 0)
(1.57863 -0.0386053 0)
(1.58682 -0.0340415 0)
(1.59589 -0.0299141 0)
(1.60587 -0.0281994 0)
(0.968664 0.263967 0)
(0.790641 0.0930896 0)
(0.735494 0.0129783 0)
(0.752726 -0.00236508 0)
(0.783564 0.00635879 0)
(0.815053 0.00931426 0)
(0.846387 0.00297727 0)
(0.873037 0.00112269 0)
(0.892422 0.00565602 0)
(0.910623 0.00609306 0)
(0.929004 0.00390476 0)
(0.948381 0.000849511 0)
(0.968069 -0.000702943 0)
(0.986565 0.00112037 0)
(1.00347 0.00292368 0)
(1.01926 0.00250866 0)
(1.03422 0.000839113 0)
(1.04937 -0.00173968 0)
(1.06503 -0.00386294 0)
(1.08162 -0.00461402 0)
(1.0988 -0.00265876 0)
(1.11518 -0.000622173 0)
(1.12971 -0.000495115 0)
(1.14319 -0.00132215 0)
(1.15578 -0.0041657 0)
(1.16866 -0.00736014 0)
(1.18319 -0.00917981 0)
(1.19839 -0.0095035 0)
(1.2139 -0.0083477 0)
(1.22852 -0.00663881 0)
(1.24236 -0.00508137 0)
(1.25528 -0.00392623 0)
(1.26717 -0.00452907 0)
(1.27927 -0.0073619 0)
(1.29173 -0.0106158 0)
(1.30428 -0.0131705 0)
(1.31732 -0.0147619 0)
(1.3308 -0.0153428 0)
(1.34425 -0.0152267 0)
(1.3569 -0.0138929 0)
(1.36867 -0.0118084 0)
(1.37956 -0.0103179 0)
(1.38958 -0.0102787 0)
(1.39928 -0.0124909 0)
(1.40914 -0.0158661 0)
(1.41933 -0.0184908 0)
(1.43143 -0.0194777 0)
(1.4453 -0.0194205 0)
(1.4582 -0.0184367 0)
(1.46979 -0.0172438 0)
(1.47995 -0.0166821 0)
(1.48844 -0.0163614 0)
(1.49619 -0.0158156 0)
(1.50516 -0.0157812 0)
(1.51541 -0.0166778 0)
(1.52604 -0.017952 0)
(1.53661 -0.0192122 0)
(1.54651 -0.0204832 0)
(1.55541 -0.0219315 0)
(1.56264 -0.0236861 0)
(1.56854 -0.0245921 0)
(1.57505 -0.0229846 0)
(1.58357 -0.0201074 0)
(1.59303 -0.0179624 0)
(1.6026 -0.0166896 0)
(1.61152 -0.0156821 0)
(0.808596 0.133708 0)
(0.697421 0.0913349 0)
(0.7055 0.0502974 0)
(0.758883 0.0219731 0)
(0.794136 0.00947391 0)
(0.822808 0.00627902 0)
(0.85242 0.00287544 0)
(0.879151 0.000322978 0)
(0.898385 0.000964461 0)
(0.913452 0.00147543 0)
(0.928886 0.0015087 0)
(0.948144 0.00180523 0)
(0.970339 0.00131881 0)
(0.990206 0.000682618 0)
(1.00501 0.000632253 0)
(1.01926 0.000538532 0)
(1.03347 1.69224e-05 0)
(1.0484 -0.000450491 0)
(1.06487 -0.000985366 0)
(1.0833 -0.00107057 0)
(1.10143 -0.000600512 0)
(1.11638 -0.000573209 0)
(1.13037 -0.000897724 0)
(1.14242 -0.00164392 0)
(1.15398 -0.00233022 0)
(1.1677 -0.00288771 0)
(1.18292 -0.0033385 0)
(1.20015 -0.00328852 0)
(1.21637 -0.0025124 0)
(1.23083 -0.00225158 0)
(1.24388 -0.00223402 0)
(1.2545 -0.002678 0)
(1.26423 -0.00330481 0)
(1.27603 -0.00397907 0)
(1.28983 -0.00460457 0)
(1.30412 -0.00514117 0)
(1.31805 -0.00539163 0)
(1.33171 -0.00523469 0)
(1.34491 -0.00468154 0)
(1.35687 -0.00420569 0)
(1.36679 -0.00426516 0)
(1.37569 -0.00440805 0)
(1.38472 -0.00463938 0)
(1.39487 -0.00532879 0)
(1.40672 -0.00620399 0)
(1.41969 -0.00681024 0)
(1.43257 -0.006705 0)
(1.4449 -0.0064337 0)
(1.45623 -0.00683332 0)
(1.46617 -0.00728377 0)
(1.47468 -0.00710947 0)
(1.4823 -0.00669057 0)
(1.49023 -0.00666273 0)
(1.49942 -0.00716712 0)
(1.50983 -0.00793225 0)
(1.52051 -0.00870806 0)
(1.53059 -0.00933447 0)
(1.53976 -0.00976477 0)
(1.5478 -0.00988433 0)
(1.55513 -0.0098045 0)
(1.56267 -0.00962839 0)
(1.57102 -0.00942408 0)
(1.57988 -0.00919538 0)
(1.58888 -0.00921503 0)
(1.59758 -0.00944254 0)
(1.60568 -0.00983885 0)
)
;

boundaryField
{
    inlet
    {
        type            fixedValue;
        value           uniform (1.5 0 0);
    }
    outlet
    {
        type            inletOutlet;
        inletValue      nonuniform 0();
        value           nonuniform 0();
    }
    bottom
    {
        type            symmetryPlane;
    }
    top
    {
        type            symmetryPlane;
    }
    obstacle
    {
        type            slip;
    }
    defaultFaces
    {
        type            empty;
    }
    procBoundary2to0
    {
        type            processor;
        value           nonuniform List<vector> 
115
(
(1.5 -1.51556e-16 0)
(1.5 6.61131e-17 0)
(1.5 -4.35231e-17 0)
(1.5 -9.38699e-18 0)
(1.5 -1.87301e-16 0)
(1.5 -5.6842e-16 0)
(1.5 -3.0338e-16 0)
(1.5 -3.82776e-16 0)
(1.5 -6.32169e-17 0)
(1.5 6.54462e-16 0)
(1.5 6.92534e-16 0)
(1.5 5.77691e-16 0)
(1.5 2.19933e-16 0)
(1.5 3.89751e-16 0)
(1.5 3.73442e-16 0)
(1.5 2.74685e-16 0)
(1.5 1.41306e-16 0)
(1.5 -2.05949e-17 0)
(1.5 -1.80999e-16 0)
(1.5 -2.73451e-16 0)
(1.5 -2.83774e-16 0)
(1.5 2.13886e-08 0)
(1.49918 0.00363589 0)
(1.22353 0.208506 0)
(0.850593 0.322574 0)
(0.806034 0.322324 0)
(0.807545 0.330872 0)
(0.808824 0.339229 0)
(0.812075 0.346025 0)
(0.816671 0.350678 0)
(0.821633 0.355179 0)
(0.826186 0.360539 0)
(0.831679 0.366929 0)
(0.838245 0.374184 0)
(0.844177 0.381457 0)
(0.850331 0.387769 0)
(0.858087 0.392467 0)
(0.867585 0.397524 0)
(0.879646 0.403509 0)
(0.893655 0.410004 0)
(0.907554 0.416506 0)
(0.920163 0.421164 0)
(0.933193 0.425272 0)
(0.947079 0.427929 0)
(0.962898 0.430325 0)
(0.981221 0.433342 0)
(1.00204 0.435797 0)
(1.02387 0.436514 0)
(1.56163 0.194068 0)
(1.58079 0.179741 0)
(1.59793 0.16179 0)
(1.61323 0.152248 0)
(1.62547 0.140496 0)
(1.63746 0.115769 0)
(1.64533 0.0957913 0)
(1.65047 0.0814967 0)
(1.66097 0.0587887 0)
(1.67082 0.0413972 0)
(1.67919 0.0335068 0)
(1.69108 0.0202438 0)
(1.70369 0.00375718 0)
(1.71268 -0.00547388 0)
(1.72483 -0.0202889 0)
(1.73253 -0.0341399 0)
(1.7403 -0.0382297 0)
(1.7449 -0.0470604 0)
(1.75396 -0.0650843 0)
(1.75898 -0.0754958 0)
(1.76676 -0.0861771 0)
(1.77489 -0.10523 0)
(1.77816 -0.121816 0)
(1.7802 -0.129449 0)
(1.77973 -0.145995 0)
(1.77829 -0.157668 0)
(1.77917 -0.165004 0)
(1.78634 -0.171784 0)
(1.79393 -0.178869 0)
(1.79847 -0.188321 0)
(1.80651 -0.198097 0)
(1.81247 -0.207075 0)
(1.81719 -0.2142 0)
(1.82158 -0.221859 0)
(1.82059 -0.234246 0)
(1.80996 -0.250452 0)
(1.80497 -0.261946 0)
(1.80897 -0.266679 0)
(1.8124 -0.276372 0)
(1.81568 -0.289763 0)
(1.80773 -0.306735 0)
(1.76357 -0.3098 0)
(1.04498 0.435995 0)
(1.06549 0.435017 0)
(1.08607 0.434041 0)
(1.10765 0.433267 0)
(1.13086 0.431908 0)
(1.15493 0.428985 0)
(1.17923 0.424129 0)
(1.2043 0.416545 0)
(1.22871 0.406931 0)
(1.25056 0.39681 0)
(1.26942 0.385052 0)
(1.28816 0.372653 0)
(1.31119 0.362585 0)
(1.33697 0.352931 0)
(1.36074 0.343092 0)
(1.38238 0.3333 0)
(1.40561 0.319214 0)
(1.42745 0.300961 0)
(1.44372 0.286633 0)
(1.456 0.271879 0)
(1.47286 0.254099 0)
(1.48894 0.240448 0)
(1.51064 0.229419 0)
(1.53308 0.216644 0)
(1.53308 0.216644 0)
)
;
    }
    procBoundary2to1
    {
        type            processor;
        value           nonuniform List<vector> 4((1.6946 -0.477081 0) (1.68869 -0.595808 0) (1.66656 -0.598633 0) (1.66143 -0.567457 0));
    }
    procBoundary2to3
    {
        type            processor;
        value           nonuniform List<vector> 
32
(
(1.66006 -0.538859 0)
(1.65504 -0.515226 0)
(1.64743 -0.494802 0)
(1.6405 -0.4739 0)
(1.63966 -0.457236 0)
(1.63955 -0.437035 0)
(1.63973 -0.415791 0)
(1.63999 -0.394072 0)
(1.64024 -0.371258 0)
(1.64194 -0.349865 0)
(1.64317 -0.329613 0)
(1.64431 -0.311524 0)
(1.64203 -0.294438 0)
(1.63255 -0.283667 0)
(1.62171 -0.276382 0)
(1.61585 -0.264119 0)
(1.61878 -0.250458 0)
(1.61793 -0.225609 0)
(1.6235 -0.205477 0)
(1.62452 -0.182984 0)
(1.62851 -0.162792 0)
(1.62921 -0.144132 0)
(1.62529 -0.134517 0)
(1.61706 -0.127816 0)
(1.61255 -0.119029 0)
(1.61114 -0.10912 0)
(1.61278 -0.0927603 0)
(1.61227 -0.0682758 0)
(1.61765 -0.0438697 0)
(1.61566 -0.0287658 0)
(1.61943 -0.0143951 0)
(1.6127 -0.0104368 0)
)
;
    }
}


// ************************************************************************* //
