/*--------------------------------*- C++ -*----------------------------------*\
  =========                 |
  \\      /  F ield         | OpenFOAM: The Open Source CFD Toolbox
   \\    /   O peration     | Website:  https://openfoam.org
    \\  /    A nd           | Version:  7
     \\/     M anipulation  |
\*---------------------------------------------------------------------------*/
FoamFile
{
    version     2.0;
    format      ascii;
    class       volScalarField;
    location    "2.2";
    object      rho;
}
// * * * * * * * * * * * * * * * * * * * * * * * * * * * * * * * * * * * * * //

dimensions      [1 -3 0 0 0 0 0];

internalField   nonuniform List<scalar> 
4032
(
1.11521
1.11304
1.10832
1.10016
1.09354
1.09185
1.09111
1.09163
1.09161
1.09011
1.08856
1.08614
1.08306
1.08202
1.08229
1.0859
1.09116
1.09149
1.08957
1.08312
1.07459
1.07198
1.07118
1.07118
1.07218
1.0712
1.06929
1.06612
1.06147
1.05859
1.05703
1.05521
1.05264
1.04873
1.04252
1.03609
1.03322
1.03168
1.03086
1.64842
2.98686
3.31089
3.37039
3.40548
3.41718
3.41673
3.40353
3.39107
3.38031
3.36886
3.35734
3.34797
3.34205
3.3378
3.32954
3.31077
3.28239
3.25271
3.22778
3.21296
3.21273
3.20925
3.17971
3.1436
3.10738
3.077
3.05166
3.03602
3.03012
3.01756
2.99286
2.96508
2.93288
2.89936
2.87543
2.85736
2.84208
2.82939
2.81605
2.80099
2.78526
2.76968
2.75535
2.74338
2.73385
2.72406
2.70946
2.69056
2.6626
2.62841
2.60202
2.58501
2.57289
2.56578
2.56559
2.56501
2.55576
2.54131
2.5175
2.48903
2.46663
2.45126
2.43933
2.43065
2.427
2.42397
2.41598
2.40365
2.38641
2.35916
2.32809
2.30584
2.29297
2.28457
2.27951
2.28371
2.29188
2.2879
2.27677
2.26006
2.23085
2.18962
2.15951
2.14548
2.13783
2.13266
1.11801
1.1172
1.1151
1.11139
1.10651
1.10287
1.10047
1.09856
1.09726
1.09661
1.09592
1.09479
1.09365
1.09248
1.09191
1.09287
1.09459
1.09453
1.09316
1.08913
1.08323
1.08013
1.07893
1.07825
1.07744
1.07597
1.07406
1.07117
1.06633
1.06118
1.05927
1.0583
1.05683
1.05468
1.05149
1.04738
1.04158
1.0364
1.0405
1.55917
3.0803
3.46306
3.4467
3.46226
3.46358
3.45595
3.44071
3.429
3.42007
3.4113
3.39806
3.37937
3.35994
3.34517
3.33779
3.33191
3.31658
3.29023
3.26076
3.23561
3.21867
3.20777
3.18865
3.15797
3.12424
3.08928
3.06084
3.03874
3.02618
3.01824
3.00288
2.98118
2.95869
2.93292
2.90592
2.88578
2.86956
2.85535
2.84193
2.82597
2.80686
2.78621
2.76523
2.74681
2.73068
2.71566
2.70136
2.68587
2.66965
2.65282
2.63231
2.6082
2.58694
2.57391
2.56464
2.55615
2.55022
2.54151
2.52706
2.51016
2.48953
2.46798
2.4498
2.43703
2.42599
2.41362
2.40238
2.39274
2.38121
2.36663
2.35155
2.33232
2.31142
2.29699
2.28987
2.28552
2.27921
2.27312
2.26558
2.25353
2.23473
2.21133
2.18559
2.16128
2.14752
2.13803
1.14113
1.13705
1.13405
1.13275
1.13187
1.13091
1.12961
1.12741
1.12328
1.11751
1.11442
1.11363
1.11361
1.11505
1.11655
1.11601
1.11405
1.11043
1.10422
1.09903
1.09751
1.09672
1.09592
1.09505
1.09362
1.09171
1.08939
1.08661
1.08264
1.07723
1.07216
1.06848
1.06689
1.06618
1.06528
1.06289
1.05956
1.06769
1.13595
1.55951
3.15972
3.7564
3.66683
3.63445
3.61909
3.61017
3.58844
3.57792
3.56429
3.55186
3.53975
3.51826
3.48632
3.45199
3.42415
3.40502
3.39127
3.37641
3.3569
3.33207
3.30467
3.27884
3.2505
3.22061
3.18948
3.15812
3.12884
3.10185
3.07764
3.05533
3.034
3.01413
2.99446
2.97412
2.95023
2.92505
2.90619
2.89089
2.87955
2.87106
2.8586
2.84078
2.81792
2.78714
2.75028
2.71984
2.69958
2.68559
2.67902
2.67815
2.67093
2.65712
2.63775
2.60851
2.57628
2.55758
2.54506
2.53506
2.53233
2.53048
2.52091
2.50756
2.48851
2.46211
2.43468
2.4159
2.40156
2.38728
2.37598
2.37155
2.37028
2.36249
2.35127
2.33435
2.31189
2.29261
2.28059
2.26862
2.25682
2.24495
2.23519
2.22637
2.21577
2.20025
2.1793
2.15012
1.17899
1.17376
1.16918
1.16684
1.1655
1.16453
1.16372
1.16255
1.15964
1.15381
1.14928
1.14727
1.14601
1.14562
1.14602
1.14552
1.14456
1.14209
1.13516
1.12661
1.12379
1.12302
1.12233
1.12147
1.12035
1.11886
1.11668
1.11348
1.10954
1.10508
1.10047
1.09711
1.09502
1.09285
1.08979
1.08648
1.09179
1.18198
1.55558
1.90749
2.5875
3.4637
3.80699
3.87635
3.83761
3.79337
3.73686
3.72044
3.70859
3.69481
3.67199
3.64184
3.60982
3.57569
3.54169
3.51376
3.49002
3.46535
3.44036
3.41588
3.39186
3.36672
3.33753
3.30487
3.27025
3.23633
3.20547
3.17818
3.15296
3.12876
3.106
3.08508
3.06479
3.04324
3.01812
2.98808
2.96017
2.94109
2.92574
2.91433
2.90389
2.88944
2.87119
2.8449
2.80681
2.76782
2.74274
2.72782
2.71901
2.71626
2.71173
2.70125
2.68663
2.66302
2.62539
2.58744
2.56538
2.55421
2.54945
2.54998
2.54874
2.54042
2.52794
2.50687
2.4735
2.43762
2.41165
2.39713
2.38879
2.38695
2.39098
2.39264
2.38689
2.37632
2.35668
2.3241
2.29117
2.27049
2.25716
2.24812
2.24383
2.24304
2.24022
2.23172
2.22069
2.18472
1.20919
1.20158
1.19778
1.19656
1.19575
1.19524
1.19468
1.19353
1.19024
1.18526
1.18252
1.18108
1.17997
1.17891
1.17745
1.17582
1.17389
1.1706
1.16447
1.15702
1.15208
1.1496
1.14806
1.14688
1.14607
1.1453
1.14416
1.1421
1.13858
1.13329
1.12712
1.12425
1.12271
1.12067
1.11837
1.12454
1.19906
1.58675
2.12362
2.27585
2.32354
2.67893
3.34679
3.77463
3.95909
3.9529
3.88649
3.8241
3.7944
3.77405
3.75859
3.74425
3.71735
3.68266
3.64437
3.61013
3.579
3.54827
3.51887
3.49161
3.46401
3.43345
3.40015
3.36632
3.33387
3.30334
3.27412
3.24547
3.21677
3.18963
3.16692
3.14761
3.12964
3.11112
3.08877
3.0598
3.02952
3.00445
2.98376
2.96579
2.94892
2.93134
2.91089
2.88527
2.85376
2.82224
2.79803
2.78174
2.77028
2.76179
2.75213
2.73937
2.72331
2.70114
2.67162
2.64014
2.61462
2.59729
2.58592
2.57848
2.57449
2.56714
2.55509
2.53666
2.50975
2.47858
2.45135
2.43354
2.42331
2.41788
2.41798
2.41828
2.41281
2.4034
2.38834
2.36228
2.32787
2.29727
2.2795
2.27088
2.26624
2.26548
2.26281
2.25572
2.24725
2.21729
1.22274
1.21704
1.21522
1.21486
1.21607
1.21773
1.21742
1.21525
1.2104
1.20764
1.20702
1.20628
1.20479
1.20231
1.1992
1.19563
1.19128
1.18608
1.18055
1.17569
1.17201
1.16982
1.16901
1.16873
1.16831
1.16742
1.1663
1.16444
1.16066
1.15393
1.14702
1.14411
1.1431
1.14294
1.14985
1.22281
1.59422
2.15657
2.36558
2.38139
2.35228
2.36178
2.59341
3.1655
3.71347
3.94998
3.9437
3.86548
3.82478
3.80199
3.79749
3.78595
3.76026
3.72418
3.68482
3.65201
3.62218
3.59186
3.55955
3.52508
3.48913
3.45345
3.42178
3.39482
3.37019
3.34585
3.31947
3.28944
3.25692
3.226
3.20154
3.18323
3.16673
3.14981
3.12892
3.10063
3.07083
3.0449
3.02074
2.99724
2.97559
2.95601
2.93697
2.91733
2.89744
2.87757
2.85583
2.83177
2.80912
2.79177
2.77738
2.76253
2.74553
2.72647
2.70718
2.68872
2.66932
2.64732
2.62514
2.60941
2.59821
2.58623
2.57155
2.55404
2.53583
2.51976
2.50422
2.48594
2.46698
2.4543
2.44548
2.43777
2.42946
2.41844
2.40298
2.3834
2.36205
2.34047
2.31992
2.304
2.29454
2.28736
2.2815
2.27463
2.26521
2.23881
1.22432
1.22439
1.22578
1.22905
1.23071
1.22996
1.22553
1.21702
1.21282
1.21226
1.21206
1.21267
1.21264
1.21094
1.20782
1.20338
1.19834
1.19391
1.19111
1.18936
1.18774
1.18567
1.18328
1.18114
1.17919
1.17699
1.17447
1.17149
1.1678
1.16242
1.15853
1.15802
1.15878
1.1679
1.26519
1.6172
2.17868
2.40164
2.41002
2.39911
2.3792
2.36008
2.36902
2.50831
2.97791
3.61571
3.86839
3.84761
3.8231
3.81369
3.80736
3.78345
3.75257
3.71254
3.68096
3.65709
3.63366
3.60505
3.57076
3.5288
3.48729
3.45634
3.43195
3.41155
3.39015
3.36721
3.3412
3.30968
3.2778
3.25002
3.22545
3.2027
3.18177
3.15893
3.1328
3.10616
3.08377
3.06295
3.04134
3.01739
2.99189
2.96859
2.95029
2.93574
2.92274
2.90829
2.88999
2.86719
2.8391
2.80952
2.78539
2.76588
2.75018
2.73839
2.72884
2.71854
2.70529
2.68801
2.66401
2.63484
2.60935
2.59103
2.577
2.56673
2.55896
2.55233
2.54395
2.53234
2.51449
2.48887
2.46513
2.44932
2.43567
2.42188
2.40831
2.39772
2.38893
2.37919
2.36571
2.3465
2.32418
2.30853
2.29865
2.28728
2.27338
2.25324
1.22181
1.22667
1.2348
1.23817
1.23786
1.2331
1.22178
1.21185
1.20966
1.20947
1.21024
1.21242
1.21469
1.21454
1.212
1.20739
1.20326
1.20098
1.19972
1.19852
1.19625
1.19258
1.18815
1.18408
1.1809
1.17844
1.17604
1.17357
1.17095
1.16811
1.16738
1.16726
1.17534
1.29212
1.70953
2.18281
2.42866
2.43037
2.41333
2.39871
2.38609
2.37324
2.34775
2.33626
2.41011
2.78983
3.41942
3.71428
3.80322
3.82567
3.79914
3.75846
3.71915
3.6884
3.66693
3.65084
3.63265
3.60624
3.57197
3.52623
3.48374
3.45569
3.43465
3.41761
3.39714
3.3745
3.34796
3.31967
3.29447
3.2708
3.24439
3.21228
3.17544
3.14206
3.1184
3.10181
3.08806
3.07365
3.05677
3.03778
3.01432
2.98714
2.96414
2.94834
2.93383
2.91743
2.90086
2.88388
2.8616
2.82866
2.7925
2.76819
2.75465
2.74482
2.73809
2.72945
2.71841
2.70536
2.68679
2.65891
2.62415
2.59761
2.58431
2.57602
2.57166
2.57022
2.56552
2.55638
2.54253
2.51706
2.48036
2.44946
2.42861
2.41449
2.40672
2.4053
2.40745
2.40378
2.39526
2.38247
2.35879
2.32564
2.29828
2.27926
2.26888
2.26157
1.22089
1.23141
1.23929
1.23907
1.23608
1.22737
1.21314
1.2075
1.20685
1.20684
1.2086
1.21309
1.21528
1.21482
1.21246
1.20885
1.20589
1.20358
1.20098
1.19745
1.19333
1.18891
1.18486
1.18221
1.18038
1.17907
1.17806
1.17723
1.17559
1.17448
1.17196
1.17666
1.28484
1.75438
2.22576
2.40302
2.43504
2.42311
2.41771
2.40957
2.3871
2.36971
2.34861
2.32638
2.3136
2.34845
2.63098
3.19983
3.62701
3.79353
3.79015
3.73726
3.68815
3.66951
3.65521
3.64616
3.62581
3.60082
3.56653
3.52364
3.48923
3.4638
3.44229
3.41661
3.38554
3.35866
3.33951
3.32187
3.30196
3.28098
3.25587
3.21921
3.1713
3.13237
3.11171
3.09673
3.08815
3.08228
3.06935
3.0534
3.03313
3.0033
2.96882
2.93978
2.92047
2.90956
2.90112
2.88798
2.86985
2.84522
2.81436
2.78319
2.75945
2.74323
2.73023
2.72301
2.72004
2.70975
2.6957
2.67801
2.6538
2.62387
2.59911
2.58678
2.57908
2.57509
2.56943
2.55894
2.54443
2.52316
2.49209
2.45438
2.4287
2.41818
2.41245
2.4146
2.42451
2.42099
2.41099
2.39808
2.37631
2.33893
2.29924
2.27791
2.27099
2.2662
1.22192
1.23242
1.23446
1.23321
1.22968
1.21957
1.20775
1.20492
1.20439
1.20489
1.20979
1.21455
1.21529
1.21466
1.21083
1.20615
1.20337
1.20117
1.19855
1.19463
1.18898
1.18395
1.18134
1.17987
1.17902
1.17905
1.18096
1.1812
1.18024
1.17634
1.18029
1.2744
1.73407
2.24513
2.40629
2.4481
2.4537
2.43684
2.42277
2.40209
2.37369
2.35422
2.34099
2.3299
2.31585
2.30349
2.32209
2.51179
3.01341
3.53884
3.74283
3.71173
3.66985
3.65836
3.65526
3.64463
3.61882
3.58536
3.54687
3.51856
3.49673
3.47838
3.45415
3.42081
3.38149
3.34881
3.32668
3.3092
3.29728
3.28117
3.25826
3.22587
3.1804
3.13938
3.11538
3.09874
3.08737
3.08373
3.07547
3.05928
3.03884
3.00968
2.97365
2.94128
2.91714
2.89742
2.88331
2.87256
2.86254
2.84977
2.83318
2.8079
2.77534
2.74772
2.73002
2.71675
2.70547
2.70062
2.69744
2.68633
2.67217
2.6518
2.62243
2.59399
2.57348
2.55861
2.5489
2.54071
2.53105
2.51824
2.50077
2.47849
2.45493
2.4373
2.42788
2.42018
2.41265
2.40903
2.40255
2.39078
2.37233
2.34721
2.31852
2.29403
2.28187
2.27382
1.22206
1.23061
1.23106
1.23005
1.22472
1.21203
1.20384
1.2025
1.20221
1.20541
1.21236
1.21366
1.21266
1.20926
1.20432
1.20067
1.19876
1.19712
1.19501
1.19144
1.18626
1.18183
1.17999
1.17916
1.17912
1.18241
1.18483
1.18416
1.18
1.18567
1.29096
1.71928
2.2703
2.42499
2.4545
2.46418
2.45952
2.43005
2.40225
2.38129
2.35885
2.34742
2.34089
2.34015
2.32919
2.31019
2.28651
2.28808
2.39752
2.8133
3.39195
3.63741
3.65441
3.65801
3.66921
3.65008
3.61689
3.56873
3.527
3.50448
3.49292
3.48562
3.46522
3.43683
3.39314
3.34804
3.32076
3.30013
3.28202
3.26637
3.24886
3.22651
3.19697
3.16675
3.13749
3.11062
3.09
3.07243
3.05783
3.04463
3.02836
3.00747
2.98336
2.95437
2.92054
2.89172
2.87289
2.86044
2.85313
2.84795
2.83654
2.82073
2.79883
2.76916
2.73815
2.716
2.7021
2.69141
2.68478
2.68356
2.67562
2.66086
2.63843
2.60575
2.57464
2.55341
2.53626
2.52451
2.51634
2.51145
2.50599
2.49799
2.48696
2.46834
2.44237
2.41942
2.40357
2.39314
2.38392
2.37345
2.36108
2.35052
2.34132
2.32732
2.3073
2.28291
1.22319
1.23022
1.23034
1.22821
1.2187
1.20412
1.19905
1.19857
1.20036
1.20827
1.21412
1.21377
1.21138
1.20616
1.19907
1.19516
1.19388
1.19279
1.19135
1.18881
1.18448
1.18203
1.18114
1.18097
1.1836
1.18549
1.18447
1.18134
1.19101
1.32473
1.75275
2.26216
2.48293
2.49863
2.48139
2.45755
2.44286
2.42018
2.39389
2.37195
2.36045
2.35271
2.34729
2.34283
2.32922
2.3103
2.28585
2.2601
2.25204
2.30944
2.63235
3.20098
3.52946
3.64416
3.68502
3.66172
3.62178
3.5621
3.51771
3.49403
3.48451
3.48539
3.47012
3.44821
3.41212
3.36589
3.32834
3.29913
3.27523
3.2538
3.23409
3.21707
3.20205
3.18484
3.16314
3.13404
3.09922
3.06711
3.04172
3.02402
3.01062
3.00107
2.98667
2.9686
2.94352
2.90939
2.87639
2.85473
2.84066
2.83011
2.82601
2.82054
2.80761
2.79016
2.76379
2.73119
2.70462
2.68788
2.6763
2.66789
2.66162
2.65312
2.63943
2.61874
2.59066
2.55891
2.53512
2.52124
2.51282
2.50991
2.51514
2.51063
2.49952
2.48273
2.45577
2.42303
2.39781
2.37889
2.36665
2.35946
2.35888
2.36171
2.35494
2.34466
2.32945
2.29115
1.22703
1.23065
1.22931
1.22257
1.20777
1.19518
1.19385
1.19523
1.19989
1.20996
1.21524
1.21455
1.21132
1.20417
1.19607
1.19284
1.19193
1.19077
1.18872
1.18616
1.18424
1.18338
1.18296
1.18463
1.18699
1.18628
1.18357
1.19312
1.34928
1.83405
2.26076
2.49079
2.51365
2.50069
2.4731
2.44021
2.42363
2.41301
2.39803
2.38283
2.37195
2.35987
2.34533
2.33463
2.32278
2.30565
2.28291
2.2572
2.24077
2.23412
2.26376
2.49307
3.00576
3.41901
3.63352
3.65375
3.62541
3.56127
3.51684
3.49249
3.48266
3.48081
3.46953
3.44892
3.41682
3.38588
3.35542
3.32031
3.2814
3.24804
3.22624
3.21059
3.20092
3.19162
3.17449
3.15212
3.11671
3.06952
3.03463
3.01438
2.99969
2.98978
2.98553
2.97618
2.96101
2.93805
2.89975
2.86008
2.83729
2.82355
2.81264
2.8073
2.80573
2.79534
2.78045
2.75785
2.72527
2.69358
2.67194
2.65617
2.64518
2.63781
2.63187
2.62175
2.60759
2.586
2.55653
2.52979
2.51557
2.50653
2.49909
2.49639
2.49143
2.48061
2.46284
2.43543
2.40214
2.3775
2.36367
2.35565
2.35011
2.34924
2.35202
2.34601
2.33446
2.29875
1.22664
1.22694
1.22124
1.20717
1.1929
1.18848
1.18979
1.19325
1.2005
1.21134
1.21469
1.21345
1.20916
1.20228
1.19503
1.19233
1.19177
1.19079
1.18849
1.18536
1.18429
1.18445
1.18647
1.18712
1.18652
1.18533
1.19468
1.33757
1.90377
2.30823
2.45662
2.51102
2.51553
2.49681
2.47444
2.44084
2.41903
2.40915
2.40283
2.38856
2.3717
2.35574
2.33961
2.32691
2.31581
2.30389
2.28694
2.26479
2.24063
2.22836
2.21693
2.22882
2.37019
2.77229
3.27736
3.56385
3.58407
3.55601
3.52996
3.51097
3.49714
3.4749
3.4464
3.42236
3.40731
3.39335
3.37545
3.34911
3.30823
3.2574
3.22544
3.20747
3.19479
3.19029
3.17698
3.15818
3.13279
3.08891
3.04108
3.01358
2.99694
2.98564
2.98346
2.9798
2.96768
2.95223
2.92828
2.88984
2.84993
2.82449
2.80951
2.79792
2.79079
2.79015
2.78257
2.7695
2.74995
2.71672
2.67735
2.65167
2.63723
2.6275
2.62324
2.62208
2.61402
2.60278
2.5861
2.55891
2.52672
2.50399
2.4905
2.48173
2.47552
2.47031
2.46098
2.44554
2.4246
2.3985
2.37276
2.35783
2.34982
2.34398
2.33855
2.3331
2.32508
2.30119
1.21219
1.21263
1.20663
1.19339
1.18533
1.18515
1.18724
1.19126
1.19975
1.20878
1.21032
1.20915
1.20568
1.19961
1.19414
1.19302
1.193
1.1924
1.19046
1.1877
1.18604
1.18598
1.18563
1.18505
1.18459
1.19985
1.33369
1.87221
2.4003
2.48521
2.50528
2.5235
2.52362
2.50415
2.48388
2.4485
2.41726
2.40614
2.39851
2.38673
2.36673
2.34877
2.33478
2.32416
2.31551
2.30342
2.28681
2.26433
2.23892
2.22363
2.21082
2.2038
2.20361
2.27115
2.56308
3.07276
3.42202
3.50377
3.55077
3.54573
3.5302
3.48811
3.43636
3.40381
3.38963
3.38524
3.38202
3.3634
3.337
3.29317
3.24225
3.21149
3.19306
3.17769
3.16957
3.15758
3.13821
3.1102
3.07516
3.03944
3.01054
2.99172
2.97653
2.96591
2.96283
2.95465
2.93895
2.9175
2.88664
2.8486
2.8161
2.79734
2.78487
2.77616
2.77537
2.7709
2.7578
2.73846
2.70771
2.66876
2.64134
2.62773
2.61806
2.61329
2.61394
2.60811
2.5978
2.58184
2.55043
2.51206
2.48753
2.47213
2.4621
2.45519
2.45188
2.4474
2.43824
2.42498
2.4027
2.37272
2.34843
2.33324
2.32418
2.31695
2.31129
2.29845
1.19488
1.20005
1.20184
1.19811
1.19109
1.18568
1.18506
1.18746
1.19653
1.20328
1.20459
1.205
1.20311
1.19723
1.19334
1.19343
1.19377
1.19358
1.1922
1.19051
1.19002
1.18868
1.1863
1.18554
1.20113
1.39334
1.85563
2.40622
2.51167
2.53171
2.53746
2.53888
2.53042
2.4948
2.46248
2.43574
2.41605
2.40635
2.39967
2.3888
2.36963
2.35063
2.33713
2.3245
2.3098
2.29372
2.27744
2.25886
2.23759
2.22275
2.21395
2.2036
2.19367
2.18284
2.20955
2.38941
2.82416
3.23362
3.4813
3.55774
3.55985
3.52511
3.44733
3.39848
3.38112
3.37257
3.37597
3.36707
3.34854
3.32365
3.28582
3.24122
3.20241
3.17717
3.15797
3.14246
3.13078
3.11859
3.10347
3.08255
3.05183
3.01336
2.98129
2.96096
2.94612
2.93741
2.93498
2.92543
2.91153
2.88986
2.85456
2.81354
2.78773
2.77437
2.76392
2.7592
2.75707
2.74717
2.73214
2.70738
2.67076
2.63789
2.62114
2.61119
2.60562
2.60626
2.60132
2.58896
2.56851
2.53452
2.49423
2.46984
2.45761
2.44994
2.44844
2.45167
2.44669
2.43768
2.42343
2.3933
2.35358
2.32978
2.31731
2.30851
2.303
2.29873
1.16675
1.18747
1.18989
1.18958
1.18617
1.17823
1.17762
1.18528
1.19766
1.20214
1.20303
1.20361
1.20206
1.19594
1.18984
1.18702
1.18733
1.18832
1.18907
1.19085
1.19298
1.19268
1.19117
1.2043
1.39921
1.96541
2.37734
2.54503
2.54206
2.53573
2.54062
2.54016
2.51535
2.47386
2.4427
2.42669
2.41909
2.41276
2.40304
2.39024
2.3736
2.35291
2.33338
2.31578
2.29884
2.28255
2.26714
2.2534
2.24216
2.23341
2.22647
2.21544
2.19904
2.17881
2.16339
2.16901
2.26425
2.59855
3.07931
3.42521
3.53873
3.55164
3.4933
3.42262
3.38835
3.37028
3.36366
3.35937
3.34735
3.33251
3.31423
3.28724
3.24888
3.20059
3.15995
3.13798
3.12442
3.11913
3.11961
3.1097
3.09128
3.06053
3.01136
2.96579
2.94276
2.92902
2.92022
2.92201
2.92333
2.91221
2.8938
2.86141
2.81519
2.77987
2.76431
2.75536
2.75374
2.75217
2.74293
2.72928
2.70826
2.67584
2.63902
2.61502
2.60217
2.59228
2.58589
2.58127
2.57158
2.55318
2.52529
2.49148
2.46629
2.45468
2.447
2.44258
2.44437
2.44024
2.42839
2.40766
2.37493
2.33913
2.31891
2.30909
2.30395
2.30193
1.03669
1.08399
1.1122
1.1409
1.15251
1.15527
1.16472
1.18436
1.20288
1.20689
1.20681
1.20618
1.20234
1.19443
1.18624
1.1818
1.1824
1.18466
1.18706
1.18977
1.19448
1.19682
1.21031
1.37762
2.01798
2.42297
2.55201
2.54809
2.54095
2.54253
2.53691
2.5314
2.50392
2.45734
2.43369
2.42414
2.42553
2.41738
2.40351
2.38919
2.37261
2.35165
2.33078
2.31251
2.2946
2.27603
2.26087
2.25187
2.24783
2.24637
2.24143
2.2305
2.21053
2.18086
2.16023
2.15354
2.15414
2.19743
2.42462
2.8828
3.2896
3.48814
3.51219
3.48393
3.4414
3.39663
3.36482
3.34743
3.33584
3.33151
3.33089
3.31719
3.29526
3.25576
3.19369
3.14773
3.12992
3.12038
3.122
3.12569
3.11443
3.09504
3.06145
3.00569
2.95411
2.93102
2.92013
2.91584
2.92281
2.92475
2.91372
2.89695
2.86822
2.8234
2.78182
2.76256
2.75171
2.74587
2.74492
2.73728
2.72547
2.7091
2.67997
2.63782
2.60558
2.59
2.57988
2.57273
2.56715
2.55923
2.54814
2.53037
2.50056
2.46831
2.45088
2.44157
2.433
2.42601
2.41891
2.409
2.39378
2.37095
2.34189
2.32084
2.31399
2.30566
0.903171
0.937699
0.985088
1.03544
1.07928
1.11813
1.15177
1.17464
1.19541
1.20096
1.20091
1.19919
1.1964
1.18988
1.18191
1.17901
1.18051
1.18359
1.18658
1.19065
1.19599
1.22242
1.39202
1.95638
2.53748
2.56466
2.56104
2.54799
2.54385
2.55069
2.54027
2.52059
2.49092
2.44937
2.42844
2.42177
2.42468
2.41815
2.40227
2.38599
2.36861
2.35441
2.33892
2.31805
2.2945
2.27378
2.26113
2.25396
2.25288
2.25576
2.25061
2.24107
2.22372
2.19246
2.17153
2.15995
2.15011
2.14972
2.16602
2.29522
2.64031
3.08497
3.38137
3.47811
3.50354
3.46626
3.39944
3.35438
3.33935
3.33156
3.33609
3.33452
3.32092
3.29769
3.25493
3.19769
3.15499
3.13601
3.12711
3.12732
3.12532
3.11143
3.08978
3.05648
3.00959
2.96301
2.93629
2.92553
2.91938
2.92189
2.92601
2.91763
2.90296
2.87804
2.83271
2.78271
2.75815
2.74699
2.73933
2.73825
2.73452
2.72383
2.70893
2.68112
2.63497
2.59688
2.58085
2.57167
2.56735
2.56769
2.56272
2.55274
2.53683
2.5063
2.46787
2.4431
2.42972
2.41964
2.41262
2.40849
2.40264
2.39359
2.37894
2.35301
2.32739
2.31059
0.871894
0.872042
0.879066
0.898904
0.942782
1.00088
1.06397
1.11163
1.14869
1.17265
1.17656
1.18079
1.18539
1.1863
1.18261
1.18025
1.18112
1.18362
1.18925
1.19541
1.22257
1.48117
1.9719
2.50677
2.6359
2.60754
2.56337
2.54408
2.5362
2.55014
2.5297
2.50637
2.48411
2.45299
2.42725
2.41879
2.41546
2.41227
2.39798
2.38421
2.37285
2.3624
2.34915
2.32812
2.29697
2.27618
2.26645
2.26023
2.25961
2.25989
2.25262
2.24394
2.23178
2.2083
2.18417
2.17322
2.16481
2.14753
2.14357
2.14558
2.19791
2.41881
2.8434
3.22885
3.43364
3.48482
3.45818
3.4103
3.37283
3.3447
3.3325
3.33524
3.32998
3.3166
3.29569
3.26335
3.22004
3.1737
3.14437
3.13111
3.12305
3.11726
3.10404
3.08587
3.06244
3.02838
2.98317
2.94582
2.93012
2.92323
2.92607
2.92876
2.91971
2.90482
2.87937
2.83451
2.78301
2.75429
2.74281
2.73642
2.73664
2.73284
2.72232
2.70722
2.67919
2.63393
2.59602
2.58094
2.57367
2.57144
2.57173
2.56473
2.55379
2.53674
2.50512
2.46218
2.43318
2.42135
2.41472
2.41261
2.41268
2.40802
2.39977
2.38509
2.35837
2.32173
0.873732
0.861265
0.858286
0.859386
0.865527
0.886283
0.928311
0.992913
1.05435
1.11033
1.13677
1.15609
1.17308
1.17878
1.17555
1.17263
1.17462
1.18041
1.19144
1.21649
1.46533
2.09739
2.47888
2.63311
2.61323
2.58319
2.55586
2.55244
2.54806
2.54017
2.52248
2.49635
2.47548
2.45546
2.43601
2.42143
2.41297
2.405
2.39688
2.38836
2.37902
2.36761
2.35473
2.33959
2.31901
2.29598
2.2802
2.27149
2.26714
2.25931
2.24821
2.23902
2.23034
2.21681
2.20019
2.19074
2.17994
2.16126
2.13952
2.12682
2.12571
2.14214
2.26334
2.58855
3.01218
3.33076
3.4393
3.46841
3.44337
3.39386
3.34106
3.32045
3.31153
3.31661
3.3164
3.30375
3.2842
3.24798
3.19261
3.14576
3.12524
3.11356
3.11056
3.10564
3.09324
3.07643
3.04781
3.0006
2.95464
2.93428
2.92439
2.92165
2.92305
2.91376
2.8985
2.87523
2.83707
2.79
2.75802
2.74492
2.73638
2.73313
2.72942
2.71912
2.70407
2.67892
2.6402
2.60417
2.58737
2.57906
2.57391
2.57085
2.56243
2.55022
2.53241
2.50226
2.46246
2.43738
2.42817
2.42215
2.4195
2.41673
2.40962
2.39957
2.38353
2.34275
0.888476
0.867029
0.860704
0.859947
0.86157
0.868216
0.880365
0.900127
0.930291
0.968167
1.01342
1.05468
1.08764
1.11949
1.13513
1.14585
1.15441
1.16743
1.20152
1.40524
2.09712
2.49564
2.62735
2.61121
2.58672
2.55544
2.54117
2.54319
2.54531
2.53446
2.50281
2.47756
2.46361
2.45904
2.45035
2.43694
2.41745
2.40278
2.39395
2.38527
2.37537
2.36317
2.35248
2.34422
2.33501
2.32145
2.30357
2.28568
2.26885
2.25219
2.2383
2.2296
2.22348
2.21851
2.2133
2.20836
2.19917
2.18062
2.14934
2.1233
2.11082
2.11032
2.11275
2.16302
2.3647
2.75942
3.16601
3.3674
3.45453
3.45442
3.39272
3.33195
3.31044
3.30315
3.31553
3.32475
3.31767
3.29901
3.25831
3.19285
3.14072
3.12133
3.11171
3.11198
3.11275
3.10281
3.08722
3.06075
3.01249
2.95943
2.93221
2.92075
2.91472
2.91424
2.90701
2.89438
2.8766
2.8473
2.80422
2.76453
2.74574
2.73651
2.73116
2.72682
2.71789
2.70512
2.68426
2.65006
2.61274
2.59128
2.58174
2.57518
2.57039
2.56199
2.55067
2.53545
2.50982
2.47288
2.44583
2.43514
2.42812
2.42219
2.41519
2.40604
2.39536
2.36383
0.914264
0.895198
0.889447
0.884995
0.881673
0.880512
0.882041
0.887387
0.88915
0.892672
0.901003
0.917305
0.951934
1.00097
1.05997
1.11356
1.12852
1.1646
1.40083
1.97642
2.54812
2.63013
2.62946
2.60543
2.57685
2.56984
2.5535
2.54175
2.53499
2.51871
2.49106
2.46976
2.45763
2.46014
2.4652
2.45436
2.43713
2.41073
2.39009
2.38027
2.36979
2.35873
2.35166
2.35009
2.34654
2.33823
2.32655
2.30672
2.27558
2.24938
2.23337
2.22219
2.21724
2.2189
2.22149
2.21819
2.21137
2.2002
2.17485
2.13719
2.11275
2.10236
2.09825
2.09729
2.11467
2.22156
2.51616
2.91293
3.25237
3.40738
3.43625
3.38746
3.34069
3.31879
3.30938
3.31986
3.32379
3.31473
3.29443
3.25595
3.197
3.14549
3.12458
3.11534
3.11508
3.11562
3.10584
3.09035
3.06419
3.01897
2.9647
2.92951
2.91592
2.90893
2.9092
2.90597
2.89615
2.88207
2.85784
2.81681
2.7715
2.74638
2.73608
2.72992
2.72641
2.71893
2.70736
2.68873
2.65756
2.61974
2.59533
2.58497
2.57818
2.57434
2.56775
2.55781
2.54356
2.5171
2.47839
2.44917
2.43654
2.42842
2.42135
2.41334
2.40486
2.38307
0.936167
0.926166
0.922208
0.918354
0.915157
0.911129
0.904935
0.898291
0.892014
0.881458
0.869544
0.86873
0.873775
0.89106
0.932235
0.993562
1.0521
1.36334
1.9292
2.41825
2.58865
2.5886
2.58602
2.5761
2.57176
2.59202
2.59365
2.56455
2.54169
2.51169
2.48289
2.47267
2.4639
2.4628
2.47601
2.47031
2.45275
2.42636
2.39065
2.37079
2.36292
2.35624
2.35014
2.34858
2.35115
2.34358
2.33337
2.32057
2.29603
2.25851
2.23426
2.22232
2.21542
2.21491
2.22049
2.21891
2.2133
2.20582
2.19416
2.17052
2.13704
2.11367
2.10175
2.09329
2.09387
2.09785
2.13602
2.29209
2.6271
3.01023
3.30491
3.37334
3.39051
3.36764
3.33215
3.31796
3.31082
3.31403
3.3073
3.2924
3.26262
3.20983
3.15509
3.12767
3.11648
3.11142
3.11125
3.10397
3.09017
3.0693
3.03218
2.9778
2.93245
2.91479
2.90616
2.90563
2.90733
2.89907
2.88636
2.86637
2.82876
2.7794
2.74845
2.73694
2.72986
2.72597
2.71935
2.70872
2.69307
2.66649
2.62932
2.60199
2.59112
2.58424
2.57897
2.57137
2.56049
2.54376
2.51566
2.47864
2.45114
2.43854
2.43091
2.4245
2.41774
2.40189
0.969609
0.965491
0.96063
0.953943
0.948944
0.944381
0.936932
0.926521
0.913354
0.893489
0.872711
0.869062
0.86887
0.869821
0.879163
0.905651
1.14777
1.79416
2.17841
2.38276
2.4016
2.4085
2.45644
2.5171
2.55956
2.5897
2.60455
2.57826
2.52622
2.49442
2.48033
2.47438
2.47315
2.48083
2.49318
2.48285
2.46436
2.44068
2.40626
2.37177
2.3564
2.34949
2.34378
2.34128
2.34877
2.34866
2.33687
2.32624
2.31272
2.28572
2.24816
2.22622
2.21527
2.21085
2.21338
2.21358
2.20892
2.20388
2.19706
2.18862
2.17359
2.15192
2.13058
2.10958
2.09484
2.08749
2.08572
2.09287
2.1566
2.36322
2.73942
3.11216
3.29842
3.38728
3.37234
3.33304
3.32194
3.31741
3.31562
3.30875
3.29807
3.27064
3.21989
3.16291
3.12674
3.11299
3.1054
3.1068
3.10868
3.09749
3.0807
3.04832
2.99058
2.93718
2.91659
2.90802
2.90576
2.91003
2.90394
2.89204
2.87378
2.8375
2.78618
2.75237
2.73966
2.73192
2.72759
2.72241
2.71342
2.70092
2.67814
2.64203
2.61064
2.59605
2.58674
2.57771
2.56766
2.55514
2.53851
2.51465
2.4832
2.45775
2.44699
2.43989
2.43566
2.42233
1.00187
0.999174
0.994262
0.989176
0.984216
0.976745
0.964562
0.94838
0.93149
0.912152
0.893579
0.888339
0.885058
0.883266
0.893022
1.0317
1.6328
2.06112
2.15326
2.15926
2.15581
2.19209
2.26012
2.34939
2.42893
2.46686
2.49563
2.50471
2.48194
2.46675
2.46796
2.47272
2.48435
2.50025
2.49835
2.48515
2.46844
2.44734
2.41844
2.38854
2.36553
2.35111
2.34338
2.34047
2.34862
2.35144
2.33913
2.32664
2.31433
2.30001
2.27697
2.25279
2.23588
2.22569
2.21645
2.20444
2.19723
2.19338
2.19189
2.19028
2.18922
2.18419
2.17137
2.1456
2.11092
2.08756
2.07698
2.07429
2.07268
2.09368
2.19837
2.47603
2.84419
3.17775
3.34558
3.33462
3.33973
3.33368
3.32116
3.31868
3.31543
3.30264
3.27749
3.23223
3.17195
3.12999
3.11591
3.11052
3.11527
3.11814
3.10765
3.09135
3.05795
3.00042
2.9477
2.92504
2.91647
2.9143
2.91439
2.9067
2.89551
2.87697
2.84077
2.79292
2.76086
2.74705
2.73878
2.73378
2.72977
2.72211
2.71066
2.68734
2.64809
2.61356
2.5963
2.58499
2.5747
2.56477
2.55429
2.54199
2.52326
2.49414
2.46856
2.45836
2.45368
2.44076
1.03528
1.03211
1.02631
1.02052
1.01599
1.00927
0.998261
0.980847
0.953268
0.925631
0.915825
0.911919
0.908625
0.918754
1.02377
1.50875
2.09909
2.16587
2.12308
2.08957
2.07333
2.07914
2.10757
2.14275
2.17717
2.20371
2.22372
2.25256
2.29554
2.33882
2.38223
2.42025
2.46722
2.47795
2.4767
2.47082
2.45969
2.44285
2.41876
2.40111
2.39371
2.37967
2.36497
2.35599
2.34826
2.33934
2.33122
2.3169
2.30442
2.29724
2.29217
2.28649
2.28022
2.26467
2.23563
2.20405
2.18778
2.18025
2.1742
2.17488
2.19119
2.20235
2.19745
2.18212
2.14931
2.10122
2.07673
2.06634
2.05954
2.05958
2.075
2.12354
2.26576
2.55788
2.95187
3.20812
3.2938
3.32517
3.33522
3.33727
3.33833
3.32894
3.31061
3.28865
3.2513
3.19146
3.14776
3.13189
3.12739
3.12917
3.12253
3.11037
3.09213
3.06061
3.01356
2.96753
2.94327
2.93198
2.9226
2.91461
2.90595
2.89436
2.87516
2.84414
2.80676
2.77594
2.75782
2.74856
2.74248
2.73693
2.7282
2.71323
2.68463
2.64404
2.61268
2.59737
2.58781
2.58024
2.57289
2.56484
2.55483
2.53639
2.50495
2.47658
2.46772
2.45451
1.06664
1.06289
1.05739
1.05139
1.04446
1.03491
1.02138
1.00108
0.975232
0.959162
0.953657
0.947072
0.950794
1.06465
1.48689
2.08915
2.23673
2.18415
2.14421
2.13392
2.12007
2.11931
2.12033
2.10511
2.09391
2.0829
2.07054
2.06389
2.06774
2.10456
2.18102
2.26292
2.32003
2.34529
2.35855
2.36952
2.3812
2.39512
2.40021
2.39466
2.39983
2.40642
2.39446
2.37458
2.3487
2.3271
2.31189
2.29772
2.28693
2.28482
2.29634
2.30818
2.30411
2.29164
2.26486
2.21635
2.18246
2.17174
2.16637
2.16618
2.18633
2.20918
2.20773
2.19881
2.18181
2.1408
2.08817
2.06511
2.05552
2.05048
2.05506
2.08279
2.10617
2.15338
2.31715
2.63645
2.95383
3.20046
3.26025
3.2863
3.31488
3.35692
3.35313
3.33664
3.31767
3.27724
3.22248
3.17637
3.15125
3.1389
3.12861
3.12064
3.10987
3.09411
3.07219
3.0381
2.9974
2.96553
2.94343
2.92653
2.91369
2.90336
2.89193
2.87619
2.85378
2.8246
2.79384
2.76955
2.75656
2.74819
2.73878
2.72564
2.706
2.6774
2.6441
2.61984
2.60854
2.60107
2.59461
2.58785
2.58004
2.56846
2.54527
2.50591
2.48032
2.46345
1.10208
1.09654
1.08852
1.07971
1.06989
1.0578
1.04142
1.01383
0.996059
0.990519
0.985484
0.988619
1.0884
1.56458
2.114
2.30282
2.26744
2.2122
2.18749
2.1902
2.18692
2.17971
2.15552
2.11753
2.09138
2.06803
2.0476
2.04625
2.04727
2.0399
2.04656
2.07328
2.08317
2.09137
2.10938
2.1377
2.17755
2.22374
2.27463
2.31968
2.35785
2.38883
2.39275
2.38015
2.35837
2.32577
2.29756
2.28447
2.27755
2.27847
2.30524
2.32154
2.31409
2.30094
2.28166
2.24129
2.19012
2.16903
2.16271
2.16377
2.18814
2.21086
2.20667
2.19839
2.18928
2.17147
2.13133
2.08399
2.06059
2.05381
2.05397
2.06897
2.08312
2.09691
2.11057
2.16759
2.33681
2.6296
2.98725
3.15732
3.23839
3.32348
3.38062
3.37955
3.3654
3.34098
3.29676
3.25111
3.20118
3.15675
3.13934
3.13275
3.12954
3.11919
3.10649
3.08998
3.06039
3.01838
2.97997
2.95194
2.93083
2.9163
2.90617
2.89582
2.88251
2.86388
2.83716
2.80625
2.78136
2.76448
2.75027
2.73552
2.71967
2.70214
2.68131
2.65776
2.63792
2.62569
2.61726
2.60963
2.60163
2.59154
2.57474
2.54187
2.50339
2.47424
1.13578
1.13004
1.12187
1.11112
1.09702
1.07923
1.05438
1.03044
1.02299
1.01845
1.02092
1.08754
1.58458
2.15881
2.36563
2.3593
2.31044
2.26247
2.24974
2.24856
2.24662
2.2353
2.20923
2.16227
2.11335
2.08757
2.07314
2.06389
2.05849
2.05814
2.05611
2.04089
2.01784
1.98995
1.97542
1.97413
1.98165
2.00703
2.05264
2.11724
2.18723
2.25968
2.30661
2.31933
2.31563
2.29949
2.26793
2.25824
2.26031
2.28029
2.31057
2.32342
2.31496
2.30164
2.28598
2.26497
2.23137
2.19793
2.18355
2.17969
2.18391
2.19156
2.19647
2.19281
2.1848
2.17691
2.16389
2.13758
2.10294
2.08037
2.07212
2.07135
2.07676
2.07964
2.08315
2.08738
2.09558
2.15138
2.34109
2.66263
2.93812
3.19076
3.31792
3.34429
3.36963
3.38224
3.36128
3.3255
3.27103
3.1985
3.16571
3.15606
3.15233
3.14664
3.13506
3.12304
3.10555
3.07238
3.02565
2.98683
2.96282
2.9454
2.93116
2.91912
2.90636
2.8901
2.8679
2.83985
2.81224
2.79054
2.77273
2.75587
2.74006
2.72594
2.71182
2.6948
2.67482
2.65632
2.64183
2.63
2.61892
2.60727
2.59269
2.56938
2.53752
2.49652
1.1687
1.15886
1.14598
1.13377
1.12129
1.10199
1.07295
1.0562
1.05078
1.05323
1.11837
1.52989
2.27016
2.44796
2.42388
2.39544
2.3573
2.33001
2.31313
2.30149
2.29641
2.28352
2.25727
2.20947
2.15675
2.1278
2.11319
2.10674
2.103
2.09646
2.08498
2.06976
2.04419
2.0039
1.97502
1.96282
1.95239
1.94627
1.94574
1.95521
1.98064
2.01262
2.04416
2.07314
2.10992
2.14939
2.18092
2.20076
2.21801
2.23182
2.24333
2.25856
2.28264
2.28713
2.27918
2.27191
2.25684
2.24069
2.22575
2.2077
2.1899
2.18098
2.17485
2.17143
2.17065
2.17012
2.16948
2.16595
2.15479
2.13341
2.1068
2.08735
2.0788
2.07384
2.06834
2.06297
2.06902
2.06878
2.07967
2.15136
2.34599
2.65937
3.01193
3.18115
3.29569
3.36994
3.38467
3.37969
3.33687
3.27042
3.21351
3.18753
3.17901
3.17246
3.16422
3.15336
3.14099
3.11675
3.07161
3.02495
3.00033
2.98412
2.96845
2.95348
2.93819
2.91989
2.8958
2.86518
2.83555
2.81433
2.79886
2.78508
2.77179
2.75878
2.74479
2.7279
2.70739
2.68573
2.6675
2.65238
2.63748
2.62174
2.60549
2.58693
2.56606
2.52869
1.20467
1.19279
1.17679
1.15573
1.135
1.11451
1.09464
1.08608
1.08983
1.16915
1.56686
2.26425
2.56436
2.53135
2.46329
2.43123
2.40719
2.39021
2.3822
2.36229
2.346
2.32834
2.29592
2.24744
2.21621
2.19284
2.17455
2.16364
2.15213
2.13931
2.1264
2.11182
2.09116
2.06045
2.03442
2.01206
1.98494
1.95978
1.94625
1.93873
1.93215
1.93025
1.93151
1.93968
1.94934
1.96107
1.98064
2.01111
2.04543
2.07764
2.10756
2.1367
2.16415
2.19144
2.22384
2.24534
2.25358
2.26207
2.26067
2.24103
2.20624
2.17563
2.1632
2.15907
2.15777
2.16128
2.17454
2.18188
2.1783
2.17115
2.15478
2.11773
2.07888
2.06358
2.0564
2.0498
2.04798
2.05317
2.06583
2.06063
2.074
2.14997
2.37474
2.70286
2.96424
3.22699
3.3408
3.34171
3.35718
3.34253
3.2986
3.24857
3.21319
3.2042
3.19363
3.17812
3.16433
3.14559
3.11154
3.06807
3.0376
3.01925
3.00415
2.99051
2.97689
2.95992
2.93507
2.89824
2.85849
2.8331
2.82014
2.8114
2.80369
2.79513
2.78384
2.76754
2.74322
2.71265
2.68768
2.67136
2.65625
2.63984
2.62219
2.60392
2.58791
2.55842
)
;

boundaryField
{
    inlet
    {
        type            calculated;
        value           nonuniform 0();
    }
    outlet
    {
        type            calculated;
        value           nonuniform List<scalar> 
32
(
2.13181
2.13753
2.15071
2.18627
2.21842
2.23945
2.25323
2.26087
2.2652
2.27317
2.28307
2.29248
2.30015
2.30173
2.2981
2.29779
2.30054
2.30495
2.31035
2.32249
2.34417
2.36479
2.38322
2.40151
2.42175
2.44017
2.45403
2.46307
2.47414
2.49713
2.52934
2.5587
)
;
    }
    bottom
    {
        type            symmetryPlane;
    }
    top
    {
        type            symmetryPlane;
    }
    obstacle
    {
        type            calculated;
        value           nonuniform List<scalar> 
126
(
1.11521
1.11304
1.10832
1.10016
1.09354
1.09185
1.09111
1.09163
1.09161
1.09011
1.08856
1.08614
1.08306
1.08202
1.08229
1.0859
1.09116
1.09149
1.08957
1.08312
1.07459
1.07198
1.07118
1.07118
1.07218
1.0712
1.06929
1.06612
1.06147
1.05859
1.05703
1.05521
1.05264
1.04873
1.04252
1.03609
1.03322
1.03168
1.03086
1.64842
2.98686
3.31089
3.37039
3.40548
3.41718
3.41673
3.40353
3.39107
3.38031
3.36886
3.35734
3.34797
3.34205
3.3378
3.32954
3.31077
3.28239
3.25271
3.22778
3.21296
3.21273
3.20925
3.17971
3.1436
3.10738
3.077
3.05166
3.03602
3.03012
3.01756
2.99286
2.96508
2.93288
2.89936
2.87543
2.85736
2.84208
2.82939
2.81605
2.80099
2.78526
2.76968
2.75535
2.74338
2.73385
2.72406
2.70946
2.69056
2.6626
2.62841
2.60202
2.58501
2.57289
2.56578
2.56559
2.56501
2.55576
2.54131
2.5175
2.48903
2.46663
2.45126
2.43933
2.43065
2.427
2.42397
2.41598
2.40365
2.38641
2.35916
2.32809
2.30584
2.29297
2.28457
2.27951
2.28371
2.29188
2.2879
2.27677
2.26006
2.23085
2.18962
2.15951
2.14548
2.13783
2.13266
)
;
    }
    defaultFaces
    {
        type            empty;
    }
    procBoundary1to0
    {
        type            processor;
        value           nonuniform List<scalar> 
28
(
1.11361
1.11777
1.14399
1.18121
1.21377
1.22871
1.22611
1.22063
1.21744
1.21634
1.21224
1.20837
1.21084
1.21939
1.21128
1.18585
1.12864
0.98662
0.883229
0.873306
0.883776
0.910225
0.941005
0.964083
0.985008
1.00686
1.03761
1.06888
)
;
    }
    procBoundary1to2
    {
        type            processor;
        value           nonuniform List<scalar> 4(1.10505 1.13824 1.1751 1.21233);
    }
    procBoundary1to3
    {
        type            processor;
        value           nonuniform List<scalar> 
126
(
1.23195
1.21761
1.20307
1.18355
1.15863
1.13334
1.11808
1.11844
1.1964
1.65719
2.27633
2.62027
2.61844
2.57826
2.5121
2.46522
2.44987
2.44106
2.44174
2.41893
2.394
2.37317
2.34042
2.28883
2.26028
2.2449
2.23325
2.21824
2.19362
2.17264
2.15675
2.14283
2.12567
2.10844
2.09522
2.08059
2.06109
2.03398
1.99765
1.95953
1.9378
1.92798
1.92491
1.92325
1.92826
1.94173
1.93443
1.91875
1.90132
1.8892
1.89395
1.91698
1.95544
2.00253
2.05797
2.12484
2.18632
2.21581
2.22071
2.21095
2.18851
2.15888
2.13928
2.1348
2.13854
2.15746
2.17885
2.19411
2.19615
2.19132
2.18065
2.15285
2.10174
2.0621
2.05228
2.0461
2.0419
2.0468
2.06079
2.05852
2.06182
2.05309
2.06721
2.15388
2.34948
2.67102
2.99952
3.167
3.28843
3.35095
3.35449
3.31482
3.28029
3.2645
3.23382
3.20201
3.1811
3.16402
3.14127
3.11039
3.07888
3.05435
3.03529
3.02142
3.01182
3.00091
2.98137
2.94608
2.89674
2.85626
2.83834
2.83061
2.82685
2.82422
2.81764
2.80645
2.78642
2.75164
2.71012
2.68547
2.67136
2.65798
2.64325
2.62722
2.61235
2.58578
)
;
    }
}


// ************************************************************************* //
