/*--------------------------------*- C++ -*----------------------------------*\
  =========                 |
  \\      /  F ield         | OpenFOAM: The Open Source CFD Toolbox
   \\    /   O peration     | Website:  https://openfoam.org
    \\  /    A nd           | Version:  7
     \\/     M anipulation  |
\*---------------------------------------------------------------------------*/
FoamFile
{
    version     2.0;
    format      ascii;
    class       volScalarField;
    location    "2";
    object      T;
}
// * * * * * * * * * * * * * * * * * * * * * * * * * * * * * * * * * * * * * //

dimensions      [0 0 0 1 0 0 0];

internalField   nonuniform List<scalar> 
4608
(
2.19208
2.18675
2.17689
2.16929
2.16502
2.15862
2.15324
2.14925
2.14176
2.13312
2.12893
2.12471
2.11888
2.11319
2.1062
2.09732
2.09376
2.09199
2.08847
2.08383
2.07792
2.06842
2.05499
2.04982
2.04831
2.04605
2.04666
2.05064
2.06499
2.09344
2.14862
2.24894
2.37865
2.50511
2.66113
2.76965
2.82994
2.90202
2.92379
2.91967
2.91371
2.90436
2.89235
2.87781
2.86141
2.84528
2.83018
2.81698
2.80484
2.79425
2.78427
2.77244
2.75991
2.75105
2.74391
2.73709
2.73132
2.72365
2.71517
2.70633
2.69483
2.67929
2.66581
2.6562
2.64716
2.63843
2.63011
2.62181
2.61302
2.60332
2.59208
2.5788
2.56602
2.55682
2.54907
2.54153
2.53409
2.52668
2.51918
2.51126
2.50239
2.49171
2.47959
2.46946
2.46136
2.45361
2.44608
2.43855
2.43052
2.42177
2.41223
2.40203
2.39121
2.38088
2.37372
2.36721
2.35995
2.35256
2.3456
2.33866
2.33131
2.32259
2.31197
2.30338
2.29686
2.29076
2.28461
2.27846
2.27275
2.26716
2.26129
2.25495
2.24708
2.23675
2.22973
2.22372
2.21688
2.21154
2.20692
2.20129
2.19521
2.18963
2.18343
2.17809
2.17364
2.16957
2.16663
2.16208
2.1568
2.15142
2.14491
2.13743
2.13216
2.12798
2.12323
2.11853
2.11703
2.11602
2.11097
2.10661
2.10561
2.10351
2.09925
2.0986
2.09958
2.10085
2.10234
2.10615
2.11163
2.11178
2.11119
2.11281
2.11429
2.11305
2.11223
2.11166
2.11086
2.11131
2.11257
2.11309
2.11424
2.11633
2.1162
2.114
2.11257
2.1132
2.11275
2.10915
2.10605
2.1054
2.10467
2.10454
2.10322
2.10123
2.09762
2.09312
2.08894
2.08577
2.08406
2.08354
2.0828
2.07957
2.07644
2.07416
2.0706
2.0666
2.06426
2.0623
2.05893
2.05521
2.05297
2.05153
2.04877
2.04604
2.04641
2.0478
2.04891
2.05207
2.05914
2.06873
2.08213
2.09969
2.11997
2.14523
2.17136
2.19226
2.21791
2.24843
2.26763
2.29026
2.313
2.32991
2.35323
2.37536
2.38407
2.39637
2.41327
2.41876
2.42398
2.43368
2.44079
2.44343
2.44845
2.45502
2.45827
2.45837
2.45985
2.46336
2.46566
2.46736
2.47033
2.47266
2.4735
2.47389
2.47324
2.47153
2.46924
2.46679
2.46459
2.46242
2.45983
2.45693
2.45433
2.45189
2.44879
2.44426
2.43845
2.43378
2.4307
2.42864
2.42731
2.426
2.42444
2.42273
2.42036
2.41673
2.41175
2.40851
2.40776
2.40736
2.40721
2.40713
2.40692
2.40642
2.40528
2.4023
2.39635
2.39243
2.39211
2.39183
2.39146
2.39152
2.39162
2.39144
2.39081
2.38912
2.38546
2.38024
2.37687
2.37546
2.3747
2.37427
2.37383
2.37318
2.37206
2.37006
2.36587
2.3581
2.20374
2.19738
2.19386
2.18848
2.18374
2.17705
2.16966
2.16731
2.16336
2.15624
2.14908
2.14011
2.12957
2.12601
2.12379
2.12
2.11618
2.11281
2.10661
2.09847
2.09249
2.08323
2.07994
2.08254
2.09493
2.12865
2.19304
2.30505
2.44431
2.56782
2.71621
2.83006
2.87621
2.92948
2.97002
2.96841
2.96415
2.95597
2.94283
2.92698
2.90911
2.88879
2.86952
2.85154
2.83896
2.82973
2.82209
2.81509
2.80697
2.79911
2.7883
2.7736
2.76256
2.75491
2.74767
2.741
2.73286
2.72377
2.71396
2.70226
2.68727
2.67262
2.66228
2.65304
2.64394
2.63521
2.62666
2.6179
2.60866
2.59863
2.58713
2.57357
2.56093
2.55207
2.54441
2.53674
2.52885
2.5208
2.51255
2.50368
2.49291
2.47992
2.46948
2.46156
2.45386
2.44642
2.4392
2.43176
2.4238
2.41483
2.40429
2.39348
2.38468
2.37696
2.36971
2.36244
2.35468
2.34652
2.3383
2.33023
2.32193
2.3131
2.30338
2.29276
2.28305
2.27537
2.26839
2.26129
2.25447
2.24793
2.24116
2.23383
2.22514
2.21586
2.20855
2.20173
2.19515
2.1896
2.18404
2.17776
2.17064
2.16168
2.15234
2.14676
2.14165
2.13562
2.13014
2.12513
2.11969
2.11335
2.10535
2.09543
2.08932
2.08468
2.07876
2.07386
2.0703
2.06628
2.06165
2.05766
2.05307
2.0474
2.04133
2.037
2.03337
2.02946
2.02543
2.02274
2.02171
2.01874
2.01279
2.00838
2.00484
1.99992
1.99589
1.99383
1.9921
1.98938
1.98908
1.98962
1.99282
1.99356
1.99291
1.99358
1.9942
1.99453
1.99619
1.9967
1.99603
1.99626
1.99842
2.00182
2.00152
2.0016
2.00336
2.00531
2.00434
2.00194
2.00244
2.00435
2.00362
2.00159
2.00062
2.00005
1.99975
1.99939
1.99729
1.99531
1.99468
1.99322
1.98943
1.98461
1.98151
1.97954
1.97732
1.97479
1.97306
1.97303
1.97259
1.97043
1.96697
1.96454
1.96472
1.96589
1.96927
1.97492
1.98076
1.99012
2.00293
2.01639
2.03375
2.05199
2.07285
2.09977
2.12251
2.14297
2.17495
2.1999
2.21485
2.23795
2.25825
2.26975
2.28554
2.30829
2.31555
2.32191
2.33493
2.34581
2.34854
2.35344
2.36154
2.36544
2.36647
2.37008
2.37554
2.3793
2.37994
2.3814
2.38341
2.38528
2.3873
2.39007
2.39198
2.39189
2.39105
2.38937
2.38687
2.38406
2.38143
2.37901
2.37679
2.37446
2.37206
2.36988
2.36792
2.36547
2.36149
2.35603
2.35174
2.34981
2.34863
2.34758
2.34665
2.34574
2.34473
2.34294
2.33907
2.33317
2.32988
2.32922
2.329
2.32925
2.32981
2.32986
2.32965
2.32905
2.32727
2.32251
2.31733
2.31571
2.31501
2.3148
2.3149
2.31506
2.31507
2.31461
2.3124
2.3056
2.22102
2.21337
2.20414
2.19571
2.1935
2.19166
2.18789
2.18398
2.17947
2.17013
2.15674
2.15045
2.1459
2.14233
2.13816
2.13024
2.12783
2.12864
2.12682
2.12867
2.13734
2.16903
2.23226
2.33701
2.49506
2.62984
2.75972
2.89833
2.94641
2.98182
3.0149
3.01462
3.00528
2.99221
2.97611
2.96089
2.94819
2.9336
2.91861
2.90309
2.88454
2.86246
2.84852
2.83999
2.83283
2.82795
2.82335
2.81637
2.80739
2.79574
2.78049
2.76724
2.75825
2.7496
2.74082
2.73143
2.7217
2.71187
2.70126
2.68874
2.6737
2.65974
2.64955
2.64066
2.63194
2.62326
2.61446
2.6054
2.59587
2.58525
2.57262
2.55934
2.54948
2.54162
2.53402
2.5264
2.51855
2.51031
2.50133
2.49097
2.47873
2.46745
2.45962
2.45233
2.44464
2.43671
2.42878
2.4206
2.41177
2.40195
2.39146
2.38247
2.37475
2.36704
2.35887
2.35044
2.34187
2.33306
2.32401
2.31521
2.3071
2.29899
2.29035
2.28066
2.27062
2.26289
2.2562
2.24915
2.24211
2.23536
2.22817
2.2199
2.20955
2.19986
2.19398
2.18837
2.18196
2.17517
2.16851
2.1616
2.15382
2.14364
2.13241
2.12616
2.12096
2.11469
2.1082
2.10263
2.09694
2.09027
2.08175
2.07121
2.06436
2.05965
2.05406
2.04876
2.04451
2.03988
2.03448
2.02847
2.02102
2.01166
2.00538
2.00073
1.99503
1.98982
1.98629
1.98338
1.97881
1.97309
1.9685
1.96416
1.95808
1.95076
1.9462
1.94303
1.94047
1.93902
1.9359
1.93196
1.92899
1.92434
1.91744
1.91387
1.91174
1.91022
1.90755
1.90285
1.89686
1.89233
1.88889
1.88675
1.88676
1.8871
1.88763
1.88851
1.88996
1.88957
1.88788
1.88793
1.89073
1.89124
1.8903
1.89043
1.89218
1.89468
1.89593
1.89714
1.89998
1.90104
1.90018
1.89803
1.89872
1.89866
1.89732
1.89701
1.8972
1.89777
1.89864
1.89894
1.89808
1.89494
1.8916
1.88892
1.88466
1.88227
1.88248
1.88351
1.88575
1.88818
1.88844
1.88743
1.88827
1.89208
1.89885
1.90641
1.91519
1.92953
1.94597
1.96073
1.98029
2.00303
2.02171
2.04553
2.07072
2.08818
2.10766
2.14113
2.16006
2.17127
2.19106
2.20598
2.21506
2.22826
2.24399
2.2502
2.25728
2.26779
2.27296
2.27736
2.28312
2.28774
2.28891
2.29039
2.29446
2.29834
2.30031
2.30202
2.30317
2.30445
2.30684
2.31026
2.31096
2.31111
2.31117
2.31071
2.30934
2.30665
2.30311
2.29994
2.29765
2.29566
2.29365
2.29202
2.29088
2.28946
2.28696
2.28261
2.27766
2.27298
2.27006
2.27018
2.27036
2.27005
2.26936
2.26849
2.26708
2.26414
2.25912
2.25441
2.25273
2.25263
2.25281
2.25345
2.25408
2.25412
2.25351
2.25008
2.23154
2.21581
2.21003
2.20856
2.20568
2.20144
2.19452
2.19075
2.1878
2.18157
2.17328
2.16244
2.15085
2.15056
2.15166
2.15764
2.17545
2.2155
2.29241
2.40313
2.54329
2.70427
2.81015
2.92039
3.01502
3.03674
3.05678
3.05691
3.05501
3.04502
3.02585
3.00044
2.97653
2.95824
2.94387
2.93233
2.92126
2.90949
2.89785
2.88345
2.86501
2.85102
2.84264
2.83516
2.82931
2.82362
2.81509
2.80599
2.79542
2.78147
2.76446
2.75133
2.74167
2.73216
2.72244
2.71262
2.70275
2.69265
2.68187
2.66929
2.6544
2.64155
2.63244
2.62404
2.61574
2.60713
2.59814
2.58873
2.57837
2.56586
2.5521
2.54187
2.53371
2.52571
2.51778
2.50986
2.5017
2.49278
2.4821
2.46971
2.459
2.45037
2.44235
2.43452
2.42649
2.41806
2.40902
2.39915
2.38871
2.37884
2.37039
2.36328
2.35636
2.34883
2.34043
2.33098
2.32139
2.31281
2.30465
2.29656
2.28873
2.28061
2.27171
2.26171
2.2528
2.24657
2.24056
2.23415
2.22743
2.22041
2.21254
2.20328
2.19338
2.18431
2.17827
2.17316
2.1674
2.16082
2.15397
2.14684
2.13865
2.12859
2.11784
2.11147
2.10663
2.10105
2.09473
2.08866
2.0826
2.07582
2.06692
2.05533
2.0479
2.04307
2.03764
2.03198
2.02704
2.02204
2.01635
2.0097
2.00105
1.99041
1.98294
1.97739
1.97118
1.96621
1.96275
1.9592
1.95449
1.94932
1.94406
1.93811
1.92967
1.91968
1.91445
1.91118
1.9082
1.9046
1.90034
1.89642
1.89255
1.88786
1.88072
1.87103
1.86534
1.86234
1.85924
1.85658
1.8556
1.85401
1.85116
1.84669
1.83967
1.83284
1.82863
1.82613
1.82445
1.82404
1.82312
1.82
1.81629
1.81105
1.80357
1.79934
1.79681
1.79574
1.79579
1.79611
1.79666
1.79635
1.79565
1.79508
1.7941
1.79247
1.79193
1.79226
1.793
1.79443
1.7969
1.79764
1.79872
1.79894
1.79788
1.79768
1.79696
1.79415
1.7933
1.79379
1.79502
1.79666
1.79738
1.79663
1.79409
1.79386
1.79378
1.79355
1.79357
1.7941
1.79683
1.80266
1.80485
1.80753
1.81211
1.81779
1.82642
1.83897
1.84942
1.86299
1.88571
1.9084
1.92569
1.94556
1.97116
1.99327
2.01086
2.02939
2.05572
2.07736
2.09154
2.10789
2.13514
2.14458
2.14827
2.15806
2.17512
2.1815
2.18424
2.19251
2.19953
2.2032
2.20836
2.21351
2.21701
2.21801
2.21985
2.22399
2.22778
2.22919
2.22932
2.22933
2.23064
2.23288
2.23353
2.23415
2.23513
2.235
2.23408
2.2321
2.22954
2.22624
2.22296
2.2209
2.21936
2.21795
2.21649
2.21495
2.21375
2.21199
2.20855
2.20373
2.19937
2.19537
2.19469
2.19505
2.19508
2.19482
2.19443
2.1924
2.23754
2.22749
2.21862
2.20945
2.20569
2.20447
2.20267
2.19954
2.19649
2.19079
2.1857
2.18703
2.20041
2.24379
2.3295
2.46158
2.6183
2.76653
2.88955
2.98544
3.05296
3.08503
3.10012
3.09664
3.08709
3.07826
3.06307
3.04381
3.02341
3.00251
2.97921
2.95529
2.93995
2.92914
2.91982
2.91154
2.90167
2.89172
2.88171
2.86804
2.85136
2.83977
2.83075
2.82226
2.81443
2.80502
2.79499
2.7842
2.7714
2.75527
2.7391
2.72775
2.71795
2.70846
2.69909
2.68953
2.67957
2.66889
2.65656
2.64197
2.62888
2.61974
2.61139
2.60301
2.59428
2.58522
2.57572
2.56524
2.55287
2.53917
2.52811
2.51959
2.51146
2.50335
2.4952
2.48685
2.47796
2.46774
2.45531
2.44408
2.43608
2.42825
2.42008
2.41187
2.40351
2.39459
2.38423
2.37279
2.36361
2.35621
2.34888
2.34152
2.33418
2.32634
2.31733
2.30647
2.29759
2.29109
2.28434
2.2769
2.26876
2.25937
2.24879
2.23941
2.23131
2.22459
2.21873
2.21268
2.20606
2.19885
2.1906
2.18078
2.17089
2.1622
2.15599
2.15089
2.14546
2.13946
2.13301
2.12593
2.11752
2.10766
2.09763
2.0911
2.08649
2.08157
2.07589
2.0701
2.06426
2.0578
2.04975
2.03875
2.02993
2.02458
2.01933
2.01424
2.00951
2.00468
1.99937
1.99307
1.98465
1.97401
1.96613
1.96045
1.9549
1.95055
1.94674
1.94261
1.93799
1.93298
1.92752
1.92097
1.91227
1.90156
1.89468
1.89102
1.88738
1.88315
1.87871
1.87454
1.87035
1.86589
1.86012
1.8505
1.83931
1.83394
1.8309
1.82809
1.82542
1.82247
1.81939
1.81607
1.81172
1.80437
1.7941
1.78793
1.78518
1.7824
1.77875
1.77577
1.77399
1.77275
1.77084
1.76764
1.76137
1.75412
1.75009
1.748
1.7464
1.74557
1.74513
1.74355
1.74055
1.73686
1.73186
1.72528
1.72032
1.71828
1.71786
1.71764
1.71712
1.71627
1.7151
1.71273
1.7097
1.7075
1.70511
1.70388
1.70387
1.70392
1.70459
1.7063
1.7066
1.70493
1.70432
1.70425
1.703
1.70236
1.70268
1.70379
1.70588
1.70646
1.70737
1.70806
1.70718
1.70682
1.70782
1.70892
1.7111
1.71693
1.72645
1.73207
1.73761
1.74679
1.7622
1.77416
1.78622
1.80379
1.82731
1.84681
1.86658
1.89614
1.9227
1.93903
1.96033
1.98001
1.99746
2.01875
2.03337
2.04694
2.07005
2.08243
2.08746
2.09645
2.11135
2.11755
2.1216
2.13019
2.13747
2.14
2.14321
2.14691
2.14926
2.14965
2.15161
2.15462
2.15673
2.15995
2.16296
2.16298
2.16283
2.16283
2.16303
2.16369
2.16485
2.1647
2.16404
2.1627
2.16086
2.15843
2.15539
2.15211
2.14902
2.14684
2.14534
2.14363
2.14242
2.14004
2.24169
2.22749
2.21438
2.21298
2.21358
2.21407
2.21621
2.22558
2.24987
2.3009
2.38824
2.51
2.67555
2.82923
2.94376
3.06028
3.11629
3.12972
3.14356
3.14301
3.13162
3.11107
3.09128
3.07147
3.05176
3.03473
3.01781
3.0009
2.98391
2.96359
2.941
2.92728
2.91742
2.9092
2.90325
2.89567
2.88579
2.87407
2.85902
2.84144
2.82829
2.8182
2.80842
2.79921
2.78912
2.77827
2.76666
2.75301
2.73615
2.72063
2.71015
2.70069
2.69152
2.68203
2.67218
2.6621
2.65115
2.63808
2.62298
2.61105
2.60225
2.59378
2.58526
2.57656
2.56757
2.55798
2.54713
2.53415
2.52062
2.51037
2.50181
2.49341
2.4851
2.47674
2.46807
2.45868
2.44806
2.43647
2.42584
2.41743
2.40976
2.40193
2.39368
2.38491
2.37545
2.36508
2.35387
2.3439
2.33648
2.32945
2.32215
2.31461
2.3066
2.29736
2.2868
2.27674
2.2691
2.26295
2.25671
2.24983
2.24209
2.23298
2.22204
2.21173
2.20344
2.19626
2.1904
2.18478
2.17871
2.17212
2.16458
2.15501
2.14442
2.13588
2.12949
2.12419
2.11906
2.1137
2.10789
2.10154
2.09426
2.0852
2.07413
2.06575
2.06105
2.05658
2.05149
2.0461
2.0407
2.0351
2.02865
2.01966
2.00899
2.0021
1.99704
1.99221
1.9878
1.98345
1.9788
1.97346
1.96659
1.95673
1.94704
1.94125
1.93613
1.93137
1.92758
1.92383
1.91968
1.91502
1.90976
1.9033
1.89467
1.88519
1.87743
1.87305
1.86978
1.86638
1.86249
1.85836
1.85431
1.85016
1.84531
1.83854
1.82852
1.81862
1.81338
1.8097
1.80587
1.80194
1.79822
1.79478
1.79151
1.78782
1.78188
1.77123
1.76148
1.75751
1.75453
1.75132
1.74829
1.74598
1.74404
1.74171
1.73836
1.7318
1.72148
1.71532
1.71298
1.71122
1.70837
1.70505
1.70291
1.70153
1.69968
1.69694
1.6917
1.68442
1.67993
1.67786
1.67659
1.67525
1.67457
1.67387
1.6717
1.6683
1.66382
1.65806
1.65404
1.65268
1.65123
1.64933
1.64736
1.64645
1.64528
1.64306
1.63969
1.63562
1.63303
1.63199
1.6314
1.63115
1.63147
1.63237
1.6326
1.63174
1.62834
1.6244
1.62286
1.6229
1.62352
1.62472
1.62738
1.62764
1.62797
1.63045
1.63211
1.63262
1.6349
1.64075
1.64844
1.65686
1.66801
1.68196
1.69649
1.71133
1.72744
1.74928
1.77036
1.78817
1.81571
1.84552
1.86411
1.88586
1.91088
1.92749
1.94348
1.96989
1.98699
1.99817
2.01745
2.03351
2.03575
2.03981
2.04951
2.06209
2.06682
2.07145
2.07885
2.083
2.08514
2.08805
2.0909
2.09164
2.09181
2.09348
2.09628
2.09884
2.10198
2.10346
2.10341
2.10327
2.10295
2.1023
2.10142
2.10098
2.10074
2.09868
2.23822
2.23111
2.23237
2.24506
2.27492
2.34606
2.46935
2.59889
2.75535
2.91498
3.00469
3.08646
3.16281
3.18714
3.18283
3.17514
3.16422
3.14493
3.12212
3.0979
3.07339
3.04952
3.02984
3.01497
3.00208
2.98919
2.97536
2.96124
2.94491
2.92675
2.9141
2.90443
2.89558
2.88875
2.87956
2.86843
2.8564
2.841
2.82186
2.8066
2.79549
2.78533
2.77591
2.76577
2.75509
2.74365
2.7299
2.71242
2.69688
2.68667
2.67748
2.66872
2.65943
2.64959
2.63948
2.62828
2.61434
2.59877
2.58775
2.57925
2.57087
2.56234
2.55362
2.54462
2.53492
2.52361
2.50989
2.49673
2.4874
2.47914
2.47081
2.46233
2.45373
2.44481
2.43502
2.42319
2.41037
2.40129
2.39376
2.38595
2.37809
2.37024
2.36197
2.35246
2.34041
2.32815
2.31939
2.31172
2.30442
2.29757
2.29057
2.2832
2.2751
2.26508
2.25324
2.24378
2.23659
2.23029
2.22436
2.21818
2.21139
2.20375
2.19469
2.18376
2.17355
2.16537
2.15921
2.15378
2.14828
2.14241
2.13597
2.12846
2.11903
2.10865
2.09954
2.09307
2.08826
2.08355
2.07841
2.0729
2.06713
2.0604
2.05096
2.03959
2.03264
2.02812
2.02352
2.01851
2.01359
2.00892
2.00384
1.99724
1.98808
1.97857
1.97183
1.96667
1.96248
1.95853
1.95439
1.94989
1.9446
1.93738
1.92759
1.91955
1.91417
1.90914
1.90521
1.90182
1.89826
1.89428
1.88964
1.88393
1.87615
1.86689
1.85895
1.85418
1.85115
1.84806
1.84441
1.84052
1.83686
1.83336
1.82934
1.82389
1.81604
1.8067
1.7986
1.79414
1.79105
1.78778
1.78427
1.78084
1.77748
1.77399
1.76985
1.76325
1.75238
1.74443
1.74123
1.7382
1.73447
1.73046
1.72699
1.724
1.72121
1.7176
1.7114
1.70311
1.69604
1.69139
1.68839
1.6854
1.68254
1.68035
1.67849
1.67652
1.67369
1.66851
1.66004
1.65308
1.64973
1.64734
1.64535
1.64388
1.64244
1.64063
1.63873
1.63598
1.6311
1.62611
1.62153
1.61832
1.61654
1.61602
1.61583
1.61471
1.61228
1.60845
1.60301
1.59748
1.59567
1.59519
1.59499
1.59487
1.59435
1.59279
1.59031
1.58637
1.58188
1.58037
1.57913
1.57662
1.57495
1.57461
1.57435
1.57325
1.57137
1.56819
1.56542
1.56486
1.56514
1.56521
1.56445
1.56464
1.5667
1.56802
1.56838
1.56974
1.5738
1.57837
1.58412
1.59512
1.60999
1.62275
1.63665
1.65368
1.67402
1.69555
1.718
1.74177
1.76894
1.79329
1.81558
1.84405
1.86567
1.88016
1.89679
1.92328
1.94065
1.95041
1.96391
1.98936
1.99675
1.99538
1.999
2.01245
2.01988
2.02181
2.02694
2.03555
2.03941
2.03914
2.04045
2.04363
2.04477
2.04419
2.04344
2.04483
2.32105
2.39155
2.52186
2.68203
2.82368
2.98613
3.10528
3.14808
3.1905
3.21808
3.21544
3.21439
3.20063
3.17781
3.15311
3.12902
3.10813
3.08834
3.06723
3.04534
3.02339
3.00379
2.98808
2.97511
2.96349
2.95248
2.94071
2.92682
2.90968
2.89449
2.88348
2.87308
2.8634
2.85269
2.84056
2.82783
2.81333
2.79547
2.77849
2.76682
2.75631
2.74612
2.73569
2.72502
2.71406
2.70161
2.68573
2.66951
2.65873
2.64953
2.64038
2.63089
2.62111
2.61099
2.59986
2.58628
2.57078
2.55935
2.5509
2.54259
2.53409
2.52536
2.51635
2.50666
2.49518
2.48097
2.46829
2.4594
2.45112
2.4428
2.43449
2.42597
2.41695
2.40692
2.39499
2.38158
2.37114
2.36385
2.35684
2.34952
2.34192
2.33416
2.32586
2.31555
2.30167
2.28962
2.2821
2.27517
2.2681
2.26149
2.25497
2.24804
2.24056
2.23172
2.21978
2.20766
2.19987
2.19391
2.18834
2.18269
2.17671
2.17039
2.16357
2.15516
2.14409
2.13262
2.12447
2.11883
2.11372
2.10857
2.10312
2.09737
2.09097
2.083
2.07222
2.06055
2.05422
2.05
2.04551
2.04069
2.03585
2.03079
2.02481
2.01657
2.00605
1.99776
1.99247
1.98796
1.98374
1.97968
1.97544
1.97076
1.96516
1.95762
1.94833
1.94072
1.93583
1.93194
1.92825
1.92441
1.92023
1.91552
1.9094
1.90103
1.89226
1.88566
1.88188
1.87891
1.87583
1.87241
1.86847
1.86374
1.85745
1.84802
1.83858
1.83401
1.83083
1.82753
1.82388
1.82057
1.81782
1.81507
1.81177
1.80741
1.80098
1.79251
1.78474
1.7788
1.77534
1.77281
1.77011
1.76715
1.76411
1.76086
1.75727
1.75249
1.74391
1.73418
1.73047
1.72806
1.72499
1.72148
1.71769
1.7142
1.71111
1.70803
1.70393
1.69725
1.68958
1.68397
1.68075
1.6778
1.67429
1.67131
1.66849
1.66578
1.66302
1.66
1.65636
1.65088
1.64364
1.63748
1.63392
1.63092
1.62835
1.62652
1.62478
1.62303
1.62075
1.6168
1.6101
1.60399
1.6015
1.59986
1.59825
1.59608
1.59362
1.59116
1.58805
1.58237
1.57846
1.57735
1.57631
1.57508
1.57362
1.57166
1.56905
1.56573
1.56195
1.5593
1.55735
1.55505
1.55366
1.55309
1.55214
1.55042
1.54754
1.5425
1.53736
1.53631
1.53617
1.53515
1.53323
1.53188
1.53095
1.5296
1.5282
1.52647
1.5234
1.51998
1.5193
1.51904
1.51866
1.51815
1.51828
1.51939
1.52158
1.52285
1.52399
1.52684
1.53339
1.54411
1.55539
1.56902
1.58656
1.60506
1.62303
1.64424
1.67017
1.69768
1.72034
1.74368
1.77469
1.80252
1.81755
1.83665
1.86767
1.88026
1.88842
1.90601
1.93023
1.93991
1.94768
1.96493
1.97216
1.972
1.97521
1.98525
2.91652
3.02617
3.14906
3.2147
3.24641
3.248
3.23294
3.21246
3.19443
3.1768
3.15555
3.1344
3.11158
3.08658
3.06257
3.04311
3.02819
3.01545
3.0025
2.98918
2.97477
2.95878
2.944
2.93209
2.9208
2.9089
2.89617
2.88219
2.86701
2.85287
2.84011
2.82764
2.81514
2.80231
2.78896
2.77473
2.75935
2.74426
2.7319
2.72116
2.71061
2.69976
2.68846
2.67659
2.66391
2.64976
2.63542
2.62452
2.6152
2.60587
2.59637
2.58657
2.57622
2.56463
2.55094
2.53646
2.52502
2.51601
2.50755
2.4992
2.49069
2.48184
2.47239
2.46148
2.44743
2.4331
2.42415
2.41659
2.40875
2.40071
2.39253
2.38396
2.37448
2.36307
2.34968
2.3381
2.32964
2.32219
2.3152
2.30821
2.30093
2.29346
2.28559
2.27603
2.26291
2.24953
2.24113
2.23456
2.2281
2.22173
2.21561
2.20941
2.20273
2.19535
2.18621
2.17326
2.16097
2.155
2.15029
2.14519
2.13973
2.13427
2.12888
2.123
2.1153
2.10427
2.09223
2.08365
2.07801
2.07347
2.06896
2.06432
2.05953
2.05428
2.04758
2.03731
2.02475
2.01757
2.01331
2.00911
2.00484
2.00064
1.99632
1.99138
1.98494
1.97634
1.96654
1.95879
1.95503
1.9518
1.94808
1.9443
1.94055
1.93602
1.92977
1.92131
1.91288
1.90712
1.90337
1.90025
1.89696
1.89329
1.88941
1.88454
1.87685
1.86694
1.86109
1.85806
1.85522
1.85218
1.84891
1.84516
1.84048
1.83408
1.82505
1.81688
1.81236
1.80903
1.80569
1.80235
1.79993
1.79765
1.79499
1.79155
1.78615
1.77769
1.77001
1.76538
1.76166
1.75916
1.75717
1.75478
1.75209
1.74911
1.74544
1.74062
1.73269
1.72368
1.72048
1.71888
1.71672
1.71374
1.7105
1.70706
1.70394
1.70066
1.69621
1.68907
1.68227
1.67888
1.67632
1.67367
1.67061
1.66817
1.66585
1.66265
1.65838
1.65355
1.64904
1.64486
1.64062
1.6363
1.63384
1.63215
1.62997
1.62714
1.62358
1.61952
1.61528
1.61069
1.6059
1.60289
1.60135
1.59962
1.59707
1.59327
1.58739
1.57954
1.57551
1.57467
1.57384
1.57271
1.57126
1.57001
1.56868
1.56643
1.56203
1.5552
1.54942
1.54627
1.54373
1.54215
1.54171
1.54159
1.54126
1.54043
1.53832
1.53365
1.5271
1.52276
1.52081
1.51913
1.51704
1.51566
1.51467
1.51398
1.51303
1.51203
1.51035
1.50687
1.50349
1.50076
1.4985
1.49731
1.49633
1.49556
1.49404
1.49163
1.48808
1.48447
1.48384
1.48369
1.48321
1.48331
1.48429
1.48568
1.4863
1.48643
1.48682
1.48942
1.49491
1.50151
1.51082
1.52786
1.54667
1.56105
1.57957
1.60441
1.62777
1.64845
1.67512
1.70794
1.73084
1.75145
1.77581
1.80361
1.82401
1.85354
3.25255
3.26444
3.26718
3.25986
3.23838
3.2113
3.17955
3.15464
3.13598
3.11536
3.09379
3.07214
3.0491
3.02251
2.99785
2.98194
2.9688
2.95701
2.94571
2.9342
2.92147
2.90703
2.89078
2.87518
2.86192
2.84946
2.83699
2.82449
2.8119
2.79907
2.78596
2.77264
2.75889
2.74464
2.72977
2.71438
2.70111
2.69053
2.68048
2.67046
2.66031
2.64962
2.63756
2.62288
2.60627
2.59298
2.58332
2.57446
2.56566
2.55678
2.54764
2.53797
2.52685
2.51221
2.49562
2.48454
2.47615
2.46776
2.45935
2.45122
2.44322
2.43449
2.42413
2.41144
2.39657
2.38448
2.37692
2.36997
2.36264
2.35507
2.34749
2.33919
2.32919
2.31641
2.30366
2.29394
2.2865
2.27994
2.273
2.26594
2.25891
2.25135
2.2434
2.23503
2.22517
2.21336
2.2025
2.1947
2.18796
2.18191
2.17628
2.17063
2.165
2.15889
2.15197
2.14304
2.13015
2.11836
2.11313
2.10914
2.10473
2.09997
2.09527
2.09056
2.08541
2.07852
2.06823
2.05605
2.04639
2.04129
2.03761
2.03384
2.02981
2.02557
2.021
2.01534
2.00681
1.99456
1.98532
1.98085
1.97712
1.97355
1.97008
1.96627
1.96224
1.95779
1.95096
1.9395
1.93058
1.92729
1.92437
1.92082
1.91774
1.91468
1.91072
1.90548
1.89859
1.88988
1.8822
1.87895
1.87654
1.87355
1.8702
1.86683
1.86273
1.85666
1.84767
1.84053
1.83692
1.83381
1.83076
1.82773
1.82428
1.82004
1.81416
1.80598
1.79861
1.79378
1.79047
1.78806
1.78603
1.78401
1.78174
1.77898
1.77442
1.76593
1.75636
1.75175
1.74911
1.74663
1.74479
1.74299
1.74084
1.73845
1.73556
1.73196
1.72661
1.71709
1.70967
1.70791
1.70645
1.70409
1.70133
1.69863
1.69653
1.69463
1.69207
1.68787
1.68215
1.67694
1.67325
1.67018
1.66709
1.6644
1.66177
1.6588
1.65561
1.65283
1.65091
1.64917
1.64718
1.64443
1.63979
1.63135
1.62319
1.61989
1.61794
1.61633
1.61502
1.61384
1.61257
1.61046
1.60586
1.59964
1.59639
1.59443
1.5924
1.5899
1.58585
1.57806
1.56957
1.56737
1.56662
1.56613
1.56579
1.56504
1.56362
1.56115
1.55725
1.55069
1.54145
1.53725
1.53644
1.53589
1.53546
1.53516
1.53463
1.53327
1.53004
1.52396
1.51752
1.51423
1.51206
1.51001
1.50821
1.50651
1.50461
1.50279
1.50154
1.50058
1.49885
1.4951
1.49121
1.48967
1.4884
1.48674
1.48435
1.48086
1.47567
1.47191
1.47104
1.47044
1.46962
1.46936
1.46936
1.46925
1.4687
1.46658
1.46148
1.45737
1.45613
1.45508
1.45377
1.45331
1.45281
1.4523
1.45294
1.455
1.4577
1.45859
1.46012
1.46522
1.47447
1.48524
1.4991
1.51926
1.53983
1.57885
3.18916
3.17013
3.15104
3.13139
3.11063
3.08736
3.06475
3.04863
3.03551
3.02218
3.00785
2.9937
2.97849
2.96123
2.94363
2.92814
2.91382
2.89985
2.88614
2.87261
2.85887
2.84427
2.82879
2.813
2.79761
2.78309
2.76937
2.75662
2.74467
2.73303
2.72135
2.70918
2.69614
2.68182
2.66594
2.65072
2.63911
2.6295
2.62017
2.61088
2.60157
2.59194
2.58066
2.56568
2.54856
2.53536
2.52584
2.51744
2.50923
2.50117
2.49289
2.48401
2.47377
2.45987
2.44249
2.43086
2.42333
2.41588
2.40831
2.40082
2.39316
2.38525
2.37567
2.36185
2.34691
2.33669
2.32921
2.32284
2.31675
2.30998
2.30291
2.29545
2.28564
2.27079
2.2589
2.25271
2.2462
2.23955
2.23355
2.22716
2.22021
2.21251
2.20351
2.19452
2.18681
2.17932
2.17187
2.16453
2.15621
2.1468
2.14032
2.13533
2.13037
2.12547
2.12017
2.11422
2.10648
2.0946
2.08233
2.07727
2.07394
2.07016
2.06622
2.06229
2.05841
2.05418
2.04813
2.03879
2.02637
2.0157
2.01101
2.00796
2.00489
2.00157
1.9981
1.99438
1.98966
1.9821
1.97041
1.95992
1.95434
1.95142
1.94889
1.94596
1.94295
1.94014
1.93652
1.93031
1.91988
1.91048
1.90547
1.90235
1.90012
1.89796
1.89531
1.89181
1.88747
1.88104
1.87094
1.86377
1.86139
1.85952
1.85707
1.85424
1.85136
1.84794
1.84286
1.83516
1.82729
1.82115
1.81588
1.81299
1.81079
1.8085
1.80643
1.8039
1.79887
1.789
1.77991
1.77704
1.77544
1.77349
1.77107
1.76856
1.76555
1.76105
1.75379
1.74597
1.74233
1.74019
1.73833
1.73675
1.73489
1.73262
1.72965
1.72531
1.71798
1.70875
1.7055
1.70463
1.70354
1.70184
1.69982
1.69782
1.6956
1.69218
1.68645
1.67824
1.67326
1.67223
1.67155
1.67069
1.6696
1.6682
1.66609
1.66217
1.65537
1.6489
1.64555
1.64332
1.64112
1.63868
1.63622
1.63443
1.63281
1.62993
1.62389
1.61664
1.61268
1.61055
1.60863
1.60649
1.60481
1.60367
1.60231
1.59989
1.59513
1.58729
1.57898
1.57475
1.57366
1.57316
1.57271
1.57212
1.57095
1.5687
1.56479
1.55883
1.55179
1.54593
1.543
1.54188
1.541
1.54
1.53883
1.53734
1.53489
1.53057
1.52401
1.51761
1.51486
1.51344
1.51171
1.50959
1.50744
1.50558
1.504
1.50224
1.49979
1.49688
1.49323
1.48917
1.48751
1.48653
1.48537
1.48359
1.48133
1.47801
1.47248
1.46833
1.46733
1.46659
1.46569
1.46502
1.46459
1.46429
1.46382
1.46219
1.4575
1.45279
1.4512
1.4501
1.4488
1.44689
1.44463
1.44431
1.44453
1.445
1.44488
1.44221
1.43773
1.43566
1.43452
1.43353
1.43319
1.43345
1.43404
1.43631
3.13316
3.10326
3.07359
3.04517
3.01941
2.99674
2.97701
2.96044
2.94566
2.9309
2.91595
2.90289
2.89042
2.8784
2.86626
2.8535
2.8398
2.8251
2.81023
2.7961
2.78301
2.77031
2.75736
2.74419
2.73049
2.71604
2.70104
2.68623
2.67377
2.66282
2.6525
2.64248
2.63151
2.61924
2.6055
2.58976
2.57633
2.56691
2.55786
2.54893
2.54023
2.53145
2.52212
2.51078
2.49707
2.48304
2.47046
2.46078
2.45312
2.44562
2.43816
2.43057
2.42256
2.41321
2.40011
2.38423
2.37403
2.36726
2.36076
2.35439
2.34792
2.34106
2.33339
2.32322
2.30852
2.2958
2.2886
2.2825
2.27715
2.27198
2.26612
2.25976
2.25147
2.23785
2.22398
2.21832
2.2137
2.20845
2.20336
2.19826
2.19182
2.18182
2.16987
2.16154
2.15636
2.15204
2.14717
2.14213
2.13642
2.12731
2.1153
2.10789
2.10312
2.09896
2.09511
2.09114
2.0869
2.08089
2.07046
2.05839
2.05099
2.0465
2.04357
2.0407
2.03761
2.03465
2.03133
2.02684
2.01982
2.0088
1.99639
1.98919
1.98535
1.98226
1.97973
1.97735
1.97458
1.97113
1.96634
1.95736
1.94368
1.93619
1.93363
1.93114
1.92837
1.92611
1.92399
1.9214
1.91752
1.91022
1.89777
1.88987
1.88739
1.88521
1.88294
1.88069
1.87845
1.87582
1.87131
1.86205
1.85154
1.84722
1.84484
1.84296
1.84124
1.83934
1.83682
1.83232
1.82469
1.81907
1.81736
1.81595
1.81458
1.81306
1.81131
1.80911
1.80582
1.80088
1.79451
1.7886
1.7846
1.78213
1.78016
1.77817
1.77574
1.77224
1.76654
1.75919
1.75493
1.75297
1.7515
1.75012
1.74843
1.74628
1.74336
1.73894
1.73147
1.72287
1.72017
1.71906
1.71769
1.71597
1.7141
1.71207
1.70948
1.70502
1.6974
1.69072
1.68799
1.68661
1.68577
1.68504
1.68401
1.68232
1.67955
1.67494
1.66708
1.65884
1.65628
1.65518
1.65431
1.65324
1.65166
1.64994
1.64785
1.6447
1.63822
1.6286
1.62487
1.62397
1.623
1.62187
1.62086
1.61971
1.61796
1.61476
1.60837
1.59866
1.59277
1.59166
1.59115
1.59065
1.59014
1.58941
1.58809
1.58559
1.58087
1.57304
1.566
1.56349
1.56224
1.56092
1.55961
1.55839
1.55708
1.55519
1.55149
1.5439
1.53656
1.53448
1.53307
1.53102
1.52891
1.52662
1.52428
1.5221
1.51991
1.51651
1.51096
1.50677
1.50442
1.50317
1.50228
1.50127
1.4997
1.49754
1.49469
1.49041
1.4838
1.47836
1.47661
1.4756
1.47442
1.47322
1.47237
1.47185
1.47132
1.46992
1.46576
1.46011
1.45718
1.45536
1.45329
1.45094
1.44911
1.44832
1.44817
1.44809
1.4472
1.44289
1.43719
1.43404
1.43151
1.42905
1.42682
1.42522
1.42461
1.42376
3.02031
3.00498
2.98843
2.97004
2.95173
2.93492
2.91865
2.90277
2.88746
2.87182
2.85492
2.83714
2.82089
2.80671
2.79408
2.78166
2.76852
2.75404
2.73907
2.72407
2.71023
2.69871
2.6877
2.67705
2.66622
2.65447
2.64174
2.62746
2.61388
2.60335
2.59367
2.58487
2.5766
2.56712
2.55609
2.54351
2.52952
2.51762
2.50864
2.50019
2.4919
2.48336
2.47468
2.46597
2.45603
2.4451
2.43339
2.42129
2.41122
2.4031
2.39604
2.38962
2.38337
2.37696
2.36876
2.35632
2.34316
2.33396
2.32601
2.32043
2.316
2.31055
2.30411
2.29661
2.28541
2.27036
2.26159
2.25662
2.25176
2.24703
2.24198
2.23616
2.22903
2.21763
2.20333
2.19653
2.19237
2.18794
2.18365
2.17955
2.17412
2.16442
2.15124
2.14314
2.13831
2.1348
2.13142
2.12762
2.12337
2.11692
2.10504
2.09333
2.08828
2.08472
2.08139
2.07817
2.07501
2.07121
2.06475
2.05397
2.04342
2.03655
2.0326
2.03005
2.02741
2.02454
2.02162
2.01835
2.01402
2.00672
1.99479
1.98321
1.97759
1.97448
1.97147
1.96877
1.96629
1.96324
1.95929
1.95363
1.94458
1.93382
1.92726
1.92438
1.9219
1.91944
1.91743
1.91525
1.91231
1.90777
1.89968
1.88867
1.88188
1.87905
1.87697
1.87483
1.87275
1.8709
1.86836
1.86375
1.85522
1.84439
1.83901
1.83728
1.83566
1.83374
1.83175
1.82998
1.82809
1.82407
1.8139
1.80339
1.8
1.79808
1.79619
1.79422
1.79197
1.7894
1.7861
1.78014
1.77121
1.76524
1.76281
1.76096
1.75897
1.75666
1.75332
1.74761
1.74075
1.7376
1.73626
1.73485
1.73302
1.73074
1.72773
1.72306
1.71529
1.70785
1.70584
1.70472
1.70336
1.70177
1.69998
1.69784
1.69486
1.68968
1.68189
1.67643
1.6741
1.67267
1.67167
1.67068
1.66941
1.66762
1.66491
1.66045
1.65297
1.64488
1.64232
1.64141
1.64053
1.63932
1.63779
1.636
1.63375
1.63022
1.62366
1.61528
1.61202
1.61106
1.61013
1.6091
1.60799
1.6066
1.6045
1.6008
1.59402
1.58552
1.58131
1.58017
1.57948
1.57888
1.57832
1.57755
1.57622
1.57376
1.56906
1.56162
1.5557
1.55315
1.55151
1.55016
1.54915
1.54833
1.54741
1.54589
1.54242
1.53528
1.52911
1.52694
1.52529
1.52323
1.52101
1.51875
1.51653
1.51446
1.51234
1.50891
1.50344
1.49982
1.49805
1.49677
1.49579
1.49455
1.49266
1.4902
1.48706
1.48247
1.47598
1.47138
1.46982
1.46873
1.46751
1.46636
1.46557
1.46499
1.46419
1.46213
1.45735
1.45196
1.44911
1.44714
1.445
1.44291
1.4414
1.44062
1.44033
1.44002
1.43839
1.43307
1.42757
1.42515
1.42326
1.42105
1.41887
1.41765
1.41741
1.41685
2.91075
2.90423
2.89656
2.88575
2.87125
2.8572
2.84564
2.83468
2.82312
2.81055
2.79632
2.77964
2.76216
2.74664
2.73346
2.72205
2.71056
2.69823
2.68571
2.67179
2.65609
2.64369
2.6336
2.62394
2.61535
2.60632
2.59639
2.58555
2.57273
2.5602
2.55052
2.5413
2.53357
2.5267
2.51811
2.50869
2.49922
2.48794
2.47699
2.46753
2.45771
2.44909
2.44123
2.43329
2.42591
2.41827
2.41052
2.40206
2.39219
2.38063
2.36848
2.35983
2.35379
2.34877
2.34408
2.33869
2.33283
2.32539
2.31315
2.29839
2.29096
2.28548
2.27923
2.27438
2.27005
2.2648
2.25767
2.24769
2.23599
2.22827
2.22327
2.21803
2.21242
2.20659
2.19912
2.18876
2.18084
2.17599
2.1717
2.16765
2.16281
2.15475
2.14253
2.13399
2.12961
2.12567
2.12194
2.11826
2.11438
2.10938
2.10121
2.09009
2.08125
2.07624
2.07315
2.07011
2.06659
2.06258
2.05802
2.05273
2.0454
2.03502
2.02746
2.02415
2.02134
2.0184
2.0154
2.01189
2.00762
2.00273
1.9965
1.9866
1.97596
1.97112
1.96815
1.96519
1.96223
1.95891
1.95502
1.95042
1.94411
1.93453
1.92561
1.9224
1.92009
1.91757
1.9156
1.91352
1.91032
1.90503
1.89681
1.88748
1.88087
1.87809
1.87622
1.87417
1.87182
1.86954
1.8666
1.86115
1.85136
1.84293
1.83967
1.8373
1.83516
1.83304
1.83064
1.82806
1.82505
1.81975
1.80902
1.80057
1.79857
1.79697
1.79498
1.79305
1.79091
1.78812
1.78379
1.77641
1.76714
1.76204
1.75996
1.75818
1.75613
1.75373
1.75044
1.74411
1.73627
1.73358
1.73234
1.73086
1.72896
1.72674
1.72389
1.71917
1.71072
1.70385
1.70209
1.70084
1.69944
1.69801
1.6964
1.69429
1.6912
1.68584
1.67804
1.67266
1.67037
1.6689
1.66774
1.66658
1.66518
1.66337
1.66083
1.6564
1.64911
1.64185
1.63868
1.6377
1.63685
1.63572
1.63429
1.6326
1.6304
1.62679
1.62004
1.61226
1.60929
1.60825
1.6073
1.60631
1.60521
1.60374
1.60146
1.59762
1.59094
1.58283
1.57894
1.57784
1.57712
1.57651
1.57593
1.57512
1.57376
1.57129
1.56662
1.55941
1.55359
1.5509
1.5493
1.54815
1.54736
1.54672
1.54593
1.54452
1.54129
1.53481
1.52884
1.52634
1.52454
1.52244
1.52015
1.5178
1.51559
1.51378
1.51199
1.50889
1.50387
1.50017
1.49818
1.49703
1.49599
1.49444
1.49224
1.48956
1.48633
1.48174
1.47543
1.47137
1.46995
1.4688
1.46751
1.46639
1.46559
1.46491
1.46387
1.46132
1.45621
1.45091
1.44794
1.44599
1.44396
1.44203
1.44066
1.43997
1.4397
1.43933
1.43739
1.43135
1.42553
1.42305
1.42104
1.41869
1.41657
1.41551
1.4153
1.41476
2.88675
2.87434
2.86127
2.84719
2.8325
2.8201
2.81002
2.80032
2.79099
2.7812
2.77053
2.75816
2.74554
2.73358
2.72214
2.71295
2.70475
2.6963
2.68747
2.67703
2.66424
2.65159
2.64049
2.63079
2.62297
2.61509
2.60675
2.59808
2.58743
2.57514
2.56373
2.55258
2.54399
2.53791
2.53074
2.52308
2.5153
2.50512
2.49421
2.48369
2.4723
2.46368
2.45653
2.44897
2.44237
2.43568
2.42871
2.42079
2.41125
2.39963
2.38632
2.37762
2.37232
2.36727
2.36278
2.35803
2.35257
2.34552
2.33368
2.31706
2.30859
2.30412
2.29921
2.29509
2.29095
2.28549
2.27866
2.26895
2.25553
2.2466
2.24209
2.23738
2.23222
2.22703
2.22038
2.21039
2.20095
2.19506
2.19044
2.18627
2.18149
2.17392
2.16205
2.1526
2.14798
2.14416
2.1405
2.13696
2.13329
2.12858
2.12035
2.10812
2.09718
2.09202
2.08962
2.0871
2.08403
2.08066
2.07707
2.07252
2.06463
2.05183
2.04249
2.03897
2.03631
2.0338
2.03142
2.02867
2.02546
2.02184
2.01647
2.00598
1.99268
1.98622
1.98291
1.9798
1.977
1.97417
1.9711
1.96767
1.96269
1.95322
1.94159
1.93717
1.93485
1.93245
1.93051
1.92835
1.9251
1.92019
1.91312
1.90392
1.89586
1.89285
1.89095
1.88858
1.88583
1.88329
1.88031
1.87538
1.86692
1.85852
1.85385
1.85067
1.84841
1.84631
1.84387
1.84127
1.8383
1.83312
1.82321
1.8155
1.81337
1.81159
1.80934
1.80721
1.80489
1.80181
1.79735
1.79053
1.78206
1.7765
1.77413
1.77231
1.77015
1.7673
1.76328
1.75626
1.74901
1.74669
1.74529
1.74357
1.74152
1.73935
1.73661
1.73167
1.72309
1.71691
1.71484
1.71325
1.71164
1.71018
1.70861
1.70657
1.70357
1.69836
1.6905
1.68453
1.68217
1.68081
1.6796
1.67839
1.677
1.67522
1.67253
1.6676
1.65975
1.65276
1.64946
1.64838
1.64752
1.64642
1.64505
1.64342
1.64124
1.63755
1.63072
1.62313
1.62
1.61881
1.61781
1.61689
1.61585
1.61434
1.61197
1.60814
1.60171
1.59366
1.58986
1.58883
1.58814
1.58756
1.58698
1.58611
1.58464
1.58203
1.57725
1.57003
1.5642
1.56155
1.56019
1.55936
1.55876
1.55818
1.55741
1.55609
1.55317
1.54713
1.54101
1.53817
1.53625
1.53419
1.53199
1.52969
1.52762
1.52606
1.52445
1.52168
1.51672
1.51196
1.51046
1.50963
1.50844
1.50665
1.50425
1.50148
1.49834
1.49402
1.48812
1.48429
1.48282
1.48158
1.48023
1.47906
1.47824
1.47753
1.47645
1.47389
1.46804
1.46223
1.4601
1.45846
1.45649
1.45446
1.45291
1.45213
1.45184
1.45134
1.44896
1.44238
1.43624
1.43367
1.43162
1.42929
1.4272
1.42596
1.42558
1.42474
2.85078
2.83684
2.82412
2.81184
2.79972
2.78634
2.76983
2.75513
2.74446
2.73543
2.72742
2.7195
2.71076
2.69946
2.68561
2.67462
2.66714
2.66092
2.65494
2.64765
2.63794
2.6259
2.61251
2.60126
2.59399
2.58722
2.57974
2.5717
2.56253
2.55163
2.53951
2.52751
2.51784
2.51077
2.50419
2.49772
2.49094
2.48176
2.47072
2.45897
2.44708
2.43881
2.43208
2.42499
2.41825
2.41164
2.40493
2.39712
2.38728
2.37547
2.36282
2.35449
2.3493
2.34431
2.33945
2.33435
2.32874
2.3216
2.31001
2.29484
2.28585
2.28097
2.27641
2.27263
2.26859
2.26298
2.25556
2.24556
2.23275
2.22432
2.21996
2.21542
2.21036
2.20484
2.19779
2.18788
2.17888
2.17334
2.16884
2.16446
2.15932
2.15145
2.13962
2.13071
2.12646
2.12294
2.11935
2.11575
2.11205
2.10719
2.09848
2.08541
2.07446
2.07076
2.06862
2.06621
2.0634
2.06032
2.05685
2.05194
2.04298
2.02974
2.02134
2.01785
2.01536
2.01341
2.01141
2.009
2.00618
2.00263
1.9967
1.98516
1.97188
1.96619
1.96311
1.96009
1.95725
1.95452
1.95179
1.94868
1.94377
1.93453
1.9234
1.91797
1.91525
1.9131
1.91137
1.90936
1.90643
1.90205
1.8956
1.88588
1.87696
1.87419
1.87246
1.87018
1.8675
1.86483
1.8618
1.85729
1.84952
1.84091
1.83613
1.8331
1.83053
1.82813
1.82576
1.82346
1.82071
1.81582
1.80685
1.79858
1.79535
1.79318
1.79117
1.78949
1.78739
1.78439
1.78023
1.77415
1.76613
1.76016
1.7577
1.75597
1.75386
1.75084
1.74638
1.73885
1.73202
1.7303
1.72908
1.72739
1.72531
1.72309
1.7202
1.71483
1.70601
1.70055
1.69871
1.69709
1.69537
1.69377
1.6921
1.69009
1.68721
1.68204
1.67412
1.6683
1.666
1.66461
1.66339
1.66217
1.66076
1.65893
1.65603
1.65065
1.64257
1.63537
1.63299
1.63221
1.6314
1.63032
1.62897
1.62738
1.62524
1.62152
1.61457
1.60731
1.60458
1.60348
1.60255
1.60169
1.60067
1.59916
1.59681
1.59302
1.58669
1.57915
1.57554
1.57439
1.57378
1.57337
1.57282
1.57189
1.57033
1.56766
1.56281
1.5556
1.55003
1.54749
1.54639
1.54572
1.54518
1.54464
1.54391
1.54262
1.53969
1.53361
1.52778
1.52502
1.52303
1.52108
1.51894
1.51667
1.51476
1.51342
1.51198
1.50943
1.5042
1.49926
1.49828
1.49758
1.49638
1.49449
1.49202
1.48928
1.48625
1.48199
1.47629
1.47281
1.4714
1.47015
1.46878
1.46759
1.46676
1.46607
1.46497
1.46213
1.45553
1.45045
1.44864
1.44701
1.44502
1.44302
1.44156
1.44086
1.44056
1.4399
1.43697
1.43007
1.42441
1.42189
1.41975
1.41738
1.41529
1.41401
1.41361
1.4127
)
;

boundaryField
{
    inlet
    {
        type            fixedValue;
        value           nonuniform 0();
    }
    outlet
    {
        type            inletOutlet;
        inletValue      uniform 1;
        value           nonuniform List<scalar> 
16
(
2.35744
2.30463
2.24947
2.19222
2.14013
2.09873
2.04477
1.98513
1.85237
1.57777
1.43636
1.42405
1.41717
1.4151
1.4251
1.41305
)
;
    }
    bottom
    {
        type            symmetryPlane;
    }
    top
    {
        type            symmetryPlane;
    }
    obstacle
    {
        type            zeroGradient;
    }
    defaultFaces
    {
        type            empty;
    }
    procBoundary3to1
    {
        type            processor;
        value           nonuniform List<scalar> 
288
(
2.16652
2.16381
2.15911
2.15396
2.14661
2.13515
2.12799
2.1215
2.11624
2.11222
2.10684
2.10251
2.0986
2.09299
2.08494
2.07761
2.07176
2.06579
2.06255
2.0591
2.054
2.04834
2.04199
2.0347
2.02699
2.01871
2.01533
2.0143
2.01321
2.01111
2.00657
2.00768
2.0149
2.03822
2.09542
2.20146
2.32912
2.46509
2.62213
2.71207
2.78618
2.84313
2.85499
2.86487
2.86234
2.86125
2.85111
2.83435
2.81524
2.79526
2.78058
2.76877
2.75739
2.74439
2.73272
2.72495
2.71904
2.71391
2.70814
2.70088
2.69173
2.67953
2.6657
2.65515
2.64654
2.63804
2.62956
2.62084
2.61166
2.60148
2.58916
2.57482
2.56253
2.55347
2.54543
2.53752
2.52989
2.52249
2.51495
2.5071
2.49908
2.49049
2.4797
2.46939
2.46266
2.45664
2.45074
2.44516
2.43913
2.4323
2.4249
2.41665
2.40667
2.3958
2.38823
2.38232
2.37612
2.36975
2.36381
2.35761
2.35046
2.34121
2.33178
2.32558
2.32123
2.31746
2.31332
2.30905
2.30607
2.30265
2.29725
2.29155
2.28395
2.2753
2.26895
2.26268
2.25678
2.2516
2.24989
2.249
2.24338
2.23726
2.23417
2.23029
2.22509
2.22367
2.22461
2.22519
2.22645
2.22706
2.22678
2.2263
2.22752
2.22846
2.22882
2.23082
2.23493
2.23464
2.23452
2.23566
2.23519
2.2318
2.23
2.23083
2.22971
2.22893
2.22968
2.2326
2.23544
2.23474
2.23176
2.2309
2.22919
2.22535
2.2199
2.21479
2.21108
2.21009
2.20995
2.20975
2.20899
2.20632
2.20144
2.19519
2.18985
2.18704
2.18463
2.18183
2.1802
2.17909
2.17603
2.17209
2.16855
2.16492
2.15982
2.15468
2.15059
2.14588
2.1419
2.13975
2.1371
2.13242
2.12865
2.12562
2.12273
2.1201
2.12071
2.12377
2.12677
2.13198
2.14224
2.15512
2.17181
2.19477
2.21741
2.24065
2.27111
2.29753
2.32094
2.35291
2.37811
2.39665
2.42404
2.44591
2.45501
2.46933
2.48857
2.49302
2.49783
2.50939
2.51655
2.52158
2.52907
2.53573
2.53949
2.53999
2.54179
2.54395
2.54569
2.54811
2.55199
2.55466
2.55519
2.5553
2.55479
2.55325
2.55132
2.54916
2.54707
2.54497
2.54252
2.54003
2.53749
2.53423
2.52991
2.5251
2.52041
2.51719
2.51543
2.51349
2.51113
2.50868
2.50635
2.50329
2.49859
2.49309
2.48952
2.48745
2.48619
2.48629
2.48625
2.48572
2.48457
2.48262
2.47861
2.47237
2.47039
2.47035
2.46989
2.46948
2.46928
2.46882
2.46805
2.46668
2.46356
2.45819
2.45424
2.45249
2.45142
2.45103
2.45061
2.4499
2.44938
2.44862
2.44661
2.44228
2.43757
2.43526
2.43386
2.43265
2.43156
2.43046
2.42947
2.42798
2.4252
2.42104
2.41641
2.41106
)
;
    }
    procBoundary3to2
    {
        type            processor;
        value           nonuniform List<scalar> 
16
(
2.19751
2.21688
2.22903
2.24078
2.24486
2.25015
2.24915
2.2833
2.77992
3.2388
3.21193
3.16249
3.03573
2.91778
2.89932
2.8669
)
;
    }
}


// ************************************************************************* //
