/*--------------------------------*- C++ -*----------------------------------*\
  =========                 |
  \\      /  F ield         | OpenFOAM: The Open Source CFD Toolbox
   \\    /   O peration     | Website:  https://openfoam.org
    \\  /    A nd           | Version:  7
     \\/     M anipulation  |
\*---------------------------------------------------------------------------*/
FoamFile
{
    version     2.0;
    format      ascii;
    class       volScalarField;
    location    "3.8";
    object      rho;
}
// * * * * * * * * * * * * * * * * * * * * * * * * * * * * * * * * * * * * * //

dimensions      [1 -3 0 0 0 0 0];

internalField   nonuniform List<scalar> 
4032
(
1.77363
1.7643
1.75332
1.74317
1.73519
1.72805
1.72237
1.71855
1.71591
1.7137
1.71217
1.70998
1.70367
1.69498
1.68584
1.67566
1.66378
1.65188
1.64229
1.63418
1.62708
1.62128
1.61563
1.60939
1.60264
1.59529
1.58739
1.57933
1.57089
1.56152
1.55219
1.54429
1.53728
1.53039
1.52324
1.5157
1.5078
1.49954
1.49122
1.48304
1.47484
1.46657
1.45881
1.45189
1.44541
1.43902
1.43259
1.42606
1.41941
1.41262
1.40582
1.39931
1.39326
1.38747
1.38155
1.37381
1.36231
1.34853
1.33631
1.326
1.31672
1.30814
1.29994
1.2914
1.28185
1.27346
1.26813
1.26377
1.26055
1.25919
1.25835
1.25559
1.25106
1.24409
1.23304
1.21724
1.20032
1.18666
1.17814
1.173
1.16897
1.16548
1.16326
1.16327
1.1669
1.17076
1.16995
1.16587
1.15884
1.14537
1.12317
1.10142
1.0893
1.08333
1.07933
1.07601
1.07345
1.07291
1.07696
1.08494
1.09048
1.08996
1.08653
1.08059
1.06947
1.05133
1.02968
1.01438
1.00647
1.00204
0.998823
0.996228
0.995223
0.998356
1.00452
1.00635
1.00426
1.00043
0.993149
0.978693
0.957697
0.941485
0.934675
0.931325
0.929139
0.928072
1.7766
1.76796
1.75866
1.74999
1.74243
1.73541
1.72921
1.72418
1.72004
1.71636
1.71312
1.70972
1.70439
1.69659
1.688
1.67901
1.66982
1.66063
1.65174
1.64342
1.63564
1.62807
1.6202
1.61195
1.60357
1.59501
1.58631
1.57772
1.56921
1.56091
1.55322
1.54635
1.53978
1.53371
1.52781
1.5209
1.51318
1.50473
1.49569
1.48632
1.47718
1.46876
1.46122
1.45436
1.44778
1.44117
1.43452
1.42789
1.4213
1.41469
1.40795
1.40106
1.39415
1.3872
1.37982
1.37215
1.36329
1.35288
1.34244
1.33197
1.32146
1.3115
1.30225
1.29323
1.28445
1.27647
1.26955
1.26466
1.2606
1.25687
1.25319
1.24959
1.24561
1.24021
1.23244
1.22223
1.21022
1.19649
1.18369
1.1754
1.17061
1.16718
1.16523
1.16557
1.1665
1.16468
1.162
1.15854
1.15257
1.14209
1.1282
1.11389
1.09969
1.0886
1.08266
1.07933
1.07729
1.07739
1.08111
1.08401
1.08361
1.08161
1.07836
1.07315
1.06402
1.05088
1.03755
1.02518
1.01397
1.00625
1.00222
0.999999
0.999491
1.00081
1.00071
0.999453
0.997502
0.994034
0.987738
0.976762
0.963635
0.950867
0.940025
0.934025
0.931569
0.930243
1.79542
1.78462
1.7741
1.76643
1.75973
1.75364
1.74801
1.74274
1.73782
1.73361
1.72989
1.72382
1.71561
1.70667
1.69637
1.68596
1.6778
1.67058
1.66384
1.65752
1.65114
1.64398
1.63609
1.62771
1.61877
1.6093
1.59913
1.58804
1.5764
1.56576
1.55726
1.54997
1.54321
1.53721
1.53228
1.52735
1.52152
1.51483
1.50742
1.49826
1.48711
1.47658
1.4688
1.46236
1.45594
1.44913
1.44188
1.43443
1.42733
1.42088
1.41467
1.40805
1.40025
1.39084
1.38051
1.37057
1.36263
1.35632
1.34981
1.34247
1.33342
1.32271
1.31152
1.30122
1.29225
1.28356
1.27501
1.26757
1.2617
1.25674
1.25179
1.24647
1.24098
1.23537
1.22958
1.22424
1.21822
1.2104
1.19949
1.18633
1.17625
1.1714
1.1687
1.16775
1.1652
1.16113
1.15592
1.14965
1.14289
1.13597
1.12937
1.12289
1.11427
1.10243
1.09092
1.08493
1.08232
1.08215
1.08453
1.08437
1.08142
1.077
1.07094
1.06354
1.05568
1.04762
1.04111
1.03469
1.02659
1.01715
1.0096
1.00573
1.0033
1.00116
0.999728
0.996992
0.992601
0.986312
0.978898
0.971746
0.965682
0.959844
0.951643
0.942129
0.936751
0.93392
1.82418
1.81466
1.80315
1.7934
1.78593
1.77903
1.77253
1.76606
1.7597
1.75425
1.75018
1.74427
1.73668
1.72854
1.71908
1.7085
1.69894
1.69093
1.68355
1.67604
1.66827
1.66013
1.65177
1.64358
1.63539
1.62691
1.61781
1.60761
1.59627
1.58517
1.57602
1.56813
1.56042
1.55259
1.545
1.53818
1.53189
1.52572
1.51895
1.51105
1.50121
1.49007
1.4815
1.47544
1.46954
1.46327
1.45631
1.4483
1.43946
1.43102
1.42384
1.41716
1.4096
1.39986
1.38787
1.37689
1.36969
1.36413
1.35865
1.3528
1.346
1.33748
1.32728
1.31674
1.30674
1.29692
1.28679
1.27637
1.26712
1.25967
1.25305
1.24664
1.24046
1.23508
1.23115
1.22821
1.22493
1.22085
1.21558
1.20717
1.19495
1.182
1.17363
1.16853
1.16344
1.15783
1.15123
1.14435
1.13785
1.13355
1.13149
1.12878
1.12502
1.1195
1.11077
1.10018
1.09292
1.08968
1.0867
1.08303
1.07753
1.07015
1.0623
1.05581
1.05103
1.04798
1.04578
1.04292
1.03917
1.03373
1.02619
1.01731
1.00955
1.00428
0.9992
0.992941
0.985553
0.97919
0.97447
0.97099
0.968744
0.966461
0.963045
0.95718
0.948625
0.93893
1.8539
1.8452
1.83467
1.82392
1.81446
1.80642
1.79912
1.79193
1.78495
1.77848
1.77219
1.7653
1.75809
1.75042
1.74206
1.73314
1.72458
1.71662
1.70865
1.70031
1.69147
1.68212
1.67268
1.66353
1.65456
1.64552
1.6362
1.62629
1.6155
1.60455
1.5956
1.58834
1.58124
1.57374
1.56554
1.55682
1.54839
1.5407
1.53314
1.52507
1.51606
1.50598
1.49665
1.48987
1.48422
1.47873
1.47308
1.46667
1.4588
1.44923
1.4386
1.42793
1.41766
1.40759
1.39799
1.38994
1.38316
1.3768
1.37078
1.36498
1.35894
1.35223
1.34446
1.33547
1.32543
1.31459
1.30275
1.28957
1.27609
1.26486
1.25653
1.25003
1.2451
1.24162
1.23932
1.23751
1.23499
1.23176
1.22804
1.22342
1.21597
1.20291
1.18569
1.17175
1.16307
1.15587
1.1488
1.14222
1.13824
1.13596
1.13451
1.13341
1.13236
1.13013
1.12639
1.12049
1.11069
1.0982
1.08768
1.07901
1.07086
1.06345
1.0577
1.05375
1.05112
1.04989
1.04998
1.04978
1.04817
1.04524
1.04058
1.03226
1.01958
1.00631
0.995382
0.986566
0.980328
0.976482
0.974445
0.974264
0.974861
0.973778
0.971595
0.968514
0.963387
0.949387
1.86985
1.86136
1.8527
1.84404
1.83548
1.8272
1.81954
1.81251
1.8059
1.79927
1.79221
1.78483
1.77704
1.76875
1.76012
1.75147
1.74282
1.73386
1.72464
1.71526
1.70582
1.69648
1.68729
1.67828
1.66961
1.66125
1.65294
1.6443
1.63463
1.62402
1.61447
1.60647
1.59894
1.59128
1.58296
1.5735
1.56329
1.55367
1.54517
1.53723
1.52934
1.52131
1.5132
1.50534
1.49841
1.49244
1.48695
1.48142
1.47492
1.46611
1.45433
1.44092
1.42816
1.41783
1.41007
1.40353
1.39698
1.39021
1.3836
1.37756
1.37184
1.36598
1.35962
1.35217
1.34295
1.33191
1.31938
1.30506
1.28878
1.2732
1.26264
1.2568
1.25285
1.25002
1.24849
1.24779
1.2464
1.24352
1.23987
1.23566
1.23032
1.22126
1.20515
1.18338
1.16533
1.15466
1.14784
1.14382
1.14154
1.14034
1.14041
1.14144
1.14123
1.13933
1.13649
1.13242
1.12495
1.10959
1.09026
1.07653
1.0672
1.06041
1.0562
1.05356
1.05236
1.05325
1.05571
1.05751
1.05724
1.05503
1.05126
1.04367
1.02742
1.00671
0.992184
0.984027
0.979126
0.976411
0.975269
0.977963
0.981787
0.9823
0.980554
0.977891
0.974712
0.960146
1.8766
1.87
1.86393
1.85792
1.85115
1.84281
1.83347
1.82505
1.81743
1.80975
1.80159
1.79296
1.78443
1.77638
1.7685
1.76056
1.75211
1.74257
1.73206
1.72178
1.71255
1.70399
1.69559
1.6872
1.67931
1.67228
1.66538
1.65813
1.64952
1.63921
1.62872
1.61936
1.61088
1.60262
1.59381
1.58386
1.57277
1.5617
1.55215
1.54445
1.53793
1.53162
1.5247
1.51702
1.50926
1.50239
1.49634
1.49063
1.48403
1.47515
1.46347
1.45066
1.43869
1.42875
1.42063
1.41336
1.40626
1.39915
1.39228
1.38635
1.38098
1.37588
1.37033
1.36344
1.35412
1.3426
1.33038
1.31775
1.30415
1.28995
1.27744
1.26868
1.26326
1.25932
1.25632
1.25485
1.25439
1.25259
1.24924
1.24515
1.23988
1.23141
1.21778
1.19855
1.17652
1.15991
1.15255
1.14909
1.14624
1.14439
1.14488
1.14735
1.14787
1.14601
1.14297
1.13913
1.13214
1.11773
1.0956
1.07653
1.06604
1.06066
1.0577
1.05535
1.0541
1.05707
1.06441
1.0669
1.0649
1.06154
1.05664
1.04695
1.0291
1.00675
0.991818
0.984993
0.98179
0.979408
0.977595
0.977604
0.983197
0.98914
0.988795
0.986316
0.983452
0.96766
1.88371
1.87781
1.87194
1.86534
1.85754
1.84746
1.83622
1.82663
1.81849
1.81058
1.80225
1.79328
1.78496
1.77793
1.77124
1.76433
1.75653
1.74707
1.73567
1.72478
1.71607
1.70845
1.70109
1.69384
1.6866
1.67949
1.67285
1.66489
1.65491
1.6441
1.6338
1.62396
1.61471
1.60599
1.59729
1.58815
1.57851
1.56853
1.55874
1.55009
1.54291
1.53639
1.52957
1.52265
1.51585
1.50889
1.5024
1.49543
1.48758
1.47829
1.46817
1.45842
1.44898
1.4394
1.42976
1.42066
1.41235
1.40435
1.39743
1.3927
1.38872
1.38321
1.37653
1.36838
1.35807
1.34743
1.33742
1.32773
1.31794
1.3073
1.29561
1.284
1.27447
1.26797
1.26378
1.26117
1.26156
1.26106
1.25691
1.25131
1.24362
1.23323
1.22072
1.20713
1.19227
1.17662
1.16381
1.15689
1.15322
1.15066
1.14975
1.15126
1.15233
1.1509
1.14785
1.14212
1.13237
1.11755
1.10052
1.08426
1.07141
1.06422
1.06086
1.05879
1.05876
1.06338
1.06546
1.06323
1.06042
1.05726
1.05248
1.0432
1.02748
1.00991
0.996981
0.990427
0.986806
0.984148
0.982249
0.983015
0.988048
0.990729
0.9903
0.988617
0.98503
0.968419
1.88784
1.88039
1.87325
1.86548
1.85667
1.84667
1.83616
1.82651
1.81814
1.81026
1.80216
1.79363
1.78588
1.77927
1.77314
1.76647
1.75893
1.74955
1.73809
1.72707
1.71843
1.71153
1.7052
1.69859
1.69113
1.68206
1.67098
1.66055
1.65211
1.64394
1.63514
1.6258
1.6159
1.60616
1.59756
1.58986
1.58258
1.57501
1.56631
1.55612
1.54557
1.53717
1.53127
1.52581
1.51944
1.51155
1.50121
1.49091
1.48279
1.47607
1.4699
1.46349
1.45653
1.44851
1.43921
1.4294
1.42017
1.41153
1.4032
1.39418
1.38469
1.3768
1.36956
1.36268
1.35683
1.35035
1.34265
1.3351
1.32748
1.31905
1.30936
1.29887
1.28876
1.2798
1.27182
1.26614
1.26153
1.25671
1.25186
1.24593
1.23841
1.22975
1.2212
1.21327
1.20535
1.19534
1.18181
1.16853
1.16107
1.15737
1.15503
1.1544
1.15293
1.14921
1.14348
1.13528
1.12444
1.11355
1.10388
1.09539
1.0856
1.0747
1.06798
1.0653
1.06483
1.06611
1.06563
1.06339
1.05994
1.05454
1.04576
1.03407
1.02314
1.01395
1.00601
0.99846
0.993601
0.99096
0.989703
0.991447
0.993572
0.991598
0.988635
0.98523
0.979906
0.965825
1.88828
1.87946
1.87041
1.86211
1.85379
1.84529
1.8365
1.82726
1.81845
1.81052
1.80302
1.79583
1.78889
1.78184
1.7745
1.76682
1.7586
1.7496
1.73967
1.72946
1.7199
1.71136
1.70374
1.69615
1.68796
1.6783
1.6665
1.65549
1.64737
1.64094
1.63457
1.62719
1.61806
1.60772
1.59909
1.59294
1.5867
1.57934
1.57026
1.55905
1.54781
1.53761
1.52816
1.52014
1.51359
1.50662
1.49779
1.48763
1.47964
1.47472
1.47049
1.46587
1.46071
1.45479
1.44725
1.43762
1.42662
1.4154
1.40386
1.39212
1.38091
1.37074
1.36243
1.35612
1.35102
1.34666
1.3425
1.33755
1.33251
1.32686
1.32012
1.31232
1.30311
1.29248
1.28072
1.26849
1.25855
1.2517
1.24555
1.23914
1.2325
1.22656
1.22223
1.21832
1.214
1.20798
1.1988
1.18639
1.17315
1.16374
1.15918
1.15617
1.15193
1.14584
1.13734
1.12627
1.11602
1.10993
1.10676
1.10323
1.0982
1.0907
1.08144
1.07388
1.06974
1.06683
1.06422
1.06052
1.05509
1.04697
1.03658
1.02742
1.02115
1.01764
1.01361
1.00784
1.00233
0.99916
0.99762
0.99698
0.995462
0.993008
0.988838
0.982058
0.973014
0.965405
1.88603
1.87736
1.8678
1.85864
1.85132
1.84454
1.83738
1.82914
1.8196
1.81122
1.80488
1.79841
1.79114
1.78316
1.77466
1.76582
1.75704
1.74846
1.73979
1.73064
1.72087
1.71113
1.70214
1.69363
1.68446
1.67414
1.66343
1.65346
1.64518
1.63833
1.6327
1.6276
1.62081
1.6112
1.60054
1.59066
1.58267
1.57539
1.56743
1.5584
1.54811
1.53754
1.52742
1.51766
1.50867
1.50112
1.49392
1.48619
1.47967
1.47487
1.47108
1.46872
1.46491
1.45935
1.4519
1.44145
1.42919
1.41598
1.40289
1.3901
1.3782
1.3674
1.35828
1.35182
1.34698
1.34358
1.34295
1.34239
1.33885
1.33413
1.32887
1.3221
1.31252
1.29921
1.28333
1.2678
1.2544
1.24481
1.23782
1.23227
1.22803
1.22592
1.22508
1.22242
1.21884
1.2145
1.20888
1.20085
1.18932
1.17598
1.1636
1.15304
1.14442
1.13543
1.12574
1.11793
1.1131
1.10998
1.10856
1.10702
1.1043
1.10068
1.09499
1.08605
1.07583
1.06782
1.06112
1.05393
1.04487
1.0353
1.02882
1.02511
1.02256
1.02044
1.01804
1.01514
1.01164
1.0078
1.0043
1.00067
0.9963
0.990433
0.98413
0.975937
0.968331
0.992157
1.88364
1.87593
1.86657
1.85738
1.85029
1.84404
1.83768
1.83043
1.82116
1.81016
1.80184
1.79503
1.78829
1.78122
1.77318
1.76405
1.75497
1.74672
1.73897
1.73103
1.72231
1.71231
1.7011
1.68995
1.67976
1.67039
1.66167
1.65392
1.64638
1.63824
1.62961
1.62213
1.61594
1.60972
1.60119
1.59008
1.57956
1.57099
1.56338
1.55598
1.54791
1.53852
1.52817
1.51745
1.50699
1.49775
1.49162
1.4871
1.48249
1.47705
1.47109
1.46566
1.46042
1.45498
1.44861
1.44067
1.43017
1.41756
1.40343
1.38995
1.37791
1.36751
1.35889
1.35203
1.34705
1.34295
1.33977
1.33791
1.33623
1.33395
1.33039
1.32465
1.31524
1.30112
1.28432
1.26783
1.25412
1.24273
1.23538
1.23108
1.22754
1.22493
1.22321
1.22281
1.22286
1.22071
1.21677
1.21034
1.20005
1.18512
1.16644
1.14814
1.1337
1.12408
1.11809
1.1144
1.11244
1.11317
1.11392
1.11209
1.11015
1.10798
1.10384
1.09598
1.08207
1.06607
1.05356
1.04285
1.03368
1.02818
1.02528
1.02409
1.02446
1.02435
1.02287
1.02084
1.01801
1.01384
1.00868
1.00155
0.993018
0.985037
0.975634
0.975811
0.991133
1.08641
1.88184
1.8753
1.8679
1.85925
1.85095
1.8442
1.83776
1.83053
1.82107
1.80863
1.79776
1.79062
1.78399
1.77729
1.76998
1.76181
1.75343
1.74583
1.73867
1.73145
1.72356
1.71386
1.70081
1.68631
1.67609
1.66865
1.66185
1.65495
1.64726
1.63854
1.62877
1.61888
1.61082
1.60412
1.59681
1.58779
1.57667
1.56638
1.55836
1.55157
1.54534
1.53877
1.53012
1.51959
1.50893
1.5001
1.49259
1.48542
1.47906
1.47318
1.46685
1.46097
1.45562
1.45003
1.44372
1.43655
1.42841
1.4186
1.40629
1.3931
1.38115
1.3716
1.3634
1.35549
1.3487
1.34382
1.33997
1.33665
1.33375
1.33001
1.32493
1.31887
1.31064
1.29913
1.28533
1.27128
1.25743
1.2449
1.23606
1.23085
1.22728
1.22504
1.22494
1.22389
1.22096
1.21744
1.21339
1.20846
1.20033
1.18675
1.16765
1.14687
1.13114
1.12157
1.11704
1.11393
1.11143
1.11023
1.11063
1.11456
1.11589
1.11241
1.10745
1.09915
1.08334
1.06103
1.04317
1.03427
1.02933
1.02592
1.02312
1.02182
1.02522
1.02897
1.02887
1.02701
1.02365
1.01852
1.0095
0.997265
0.985962
0.978956
0.986228
1.02518
1.0959
1.22278
1.88102
1.87549
1.86941
1.86225
1.85339
1.84425
1.83607
1.82793
1.81852
1.80646
1.79413
1.78536
1.77844
1.7722
1.7666
1.76003
1.75302
1.7458
1.73889
1.73239
1.72503
1.71498
1.70051
1.68474
1.67463
1.66802
1.66178
1.655
1.64737
1.63865
1.62875
1.61814
1.60736
1.5984
1.59112
1.58299
1.57308
1.56295
1.55483
1.54824
1.54217
1.53617
1.53004
1.52269
1.51441
1.50531
1.49574
1.48721
1.47918
1.47057
1.46197
1.45432
1.44811
1.44263
1.43717
1.43133
1.42447
1.41642
1.40791
1.39855
1.38837
1.37873
1.37018
1.36202
1.35347
1.34439
1.33749
1.33298
1.32859
1.32377
1.3183
1.31175
1.30323
1.29305
1.28374
1.27494
1.26576
1.25499
1.24289
1.23395
1.22949
1.22692
1.22498
1.22204
1.21796
1.21336
1.20835
1.20262
1.19522
1.18435
1.16929
1.15128
1.13401
1.1232
1.11768
1.11415
1.11141
1.11042
1.1125
1.11239
1.10985
1.10711
1.10329
1.09654
1.08223
1.06056
1.04184
1.03234
1.02844
1.02568
1.02351
1.02307
1.0259
1.03311
1.03598
1.03295
1.02841
1.0208
1.00761
0.988211
0.985077
1.0038
1.06059
1.15612
1.23546
1.30818
1.88121
1.87631
1.87063
1.86385
1.85539
1.84468
1.8342
1.82526
1.81606
1.80505
1.79263
1.78222
1.77461
1.76818
1.76345
1.7597
1.75422
1.74744
1.73923
1.72941
1.72022
1.71081
1.69885
1.68525
1.67457
1.66694
1.66049
1.65388
1.64679
1.63893
1.62977
1.61905
1.60722
1.59532
1.58522
1.5769
1.56898
1.56118
1.55347
1.54631
1.54009
1.53453
1.52927
1.52411
1.51825
1.51067
1.50022
1.48771
1.47561
1.46553
1.4566
1.44822
1.44064
1.43456
1.42962
1.42538
1.42221
1.41813
1.4132
1.40635
1.39739
1.3868
1.3761
1.36581
1.35575
1.34573
1.33558
1.32694
1.32126
1.31573
1.30986
1.30337
1.29607
1.28828
1.28119
1.27611
1.27111
1.26471
1.25558
1.24379
1.23255
1.22578
1.22166
1.21739
1.21307
1.20841
1.20287
1.19556
1.18638
1.17683
1.16783
1.1575
1.1463
1.13372
1.12258
1.1165
1.11344
1.11156
1.11065
1.10951
1.1066
1.10266
1.09744
1.08974
1.0782
1.06239
1.04561
1.03454
1.02964
1.02684
1.0249
1.02548
1.03129
1.03402
1.03149
1.02915
1.02536
1.01843
1.00175
1.00534
1.04113
1.11871
1.20833
1.26833
1.30707
1.34638
1.8811
1.87598
1.8703
1.86354
1.8558
1.8456
1.83334
1.82264
1.81364
1.80395
1.7925
1.78145
1.77324
1.76675
1.76256
1.76066
1.75597
1.74892
1.73988
1.72807
1.71502
1.70425
1.69496
1.68531
1.67558
1.66678
1.65918
1.6522
1.64548
1.63853
1.63083
1.62167
1.60992
1.59565
1.58138
1.57083
1.56373
1.55781
1.55189
1.54543
1.53909
1.53376
1.52971
1.52582
1.52069
1.51338
1.502
1.48717
1.47353
1.46264
1.45364
1.44552
1.43791
1.43151
1.42671
1.42262
1.41902
1.41626
1.41405
1.40978
1.40192
1.39069
1.37915
1.36875
1.35796
1.34669
1.33522
1.32369
1.31441
1.30806
1.30139
1.29446
1.28886
1.28487
1.28228
1.27934
1.2756
1.27106
1.26442
1.25297
1.23754
1.22488
1.21697
1.21228
1.2078
1.20274
1.19627
1.18784
1.17828
1.16977
1.16337
1.15935
1.15459
1.14678
1.13501
1.12302
1.11569
1.11194
1.10931
1.1064
1.10246
1.09681
1.08899
1.07996
1.07184
1.06407
1.05535
1.04433
1.03424
1.02985
1.02782
1.02748
1.02907
1.02894
1.0277
1.0279
1.02401
1.027
1.04972
1.10492
1.1983
1.27157
1.31657
1.33362
1.35192
1.36431
1.88054
1.87243
1.86695
1.86153
1.85477
1.84596
1.83376
1.82072
1.81098
1.80282
1.79414
1.78521
1.77703
1.77053
1.76495
1.75836
1.75142
1.74445
1.7366
1.72547
1.71048
1.69681
1.68861
1.68255
1.67576
1.66743
1.6593
1.65212
1.6455
1.63914
1.63258
1.62432
1.6126
1.59664
1.58035
1.56809
1.5598
1.55361
1.54828
1.54347
1.53888
1.53404
1.52837
1.52189
1.51537
1.50834
1.4986
1.48576
1.47264
1.46177
1.4529
1.44505
1.43777
1.43121
1.42581
1.42169
1.41848
1.41494
1.41013
1.40346
1.39535
1.38656
1.37837
1.36994
1.36069
1.35001
1.33759
1.32446
1.31141
1.30151
1.29541
1.29073
1.2867
1.28325
1.28244
1.28336
1.28035
1.27545
1.2689
1.25809
1.24269
1.22676
1.2159
1.20859
1.20179
1.19425
1.18608
1.17852
1.17253
1.1678
1.16394
1.16085
1.1576
1.15352
1.14646
1.13511
1.12359
1.11494
1.10791
1.10195
1.09581
1.08907
1.08197
1.07491
1.069
1.06549
1.06197
1.05591
1.04571
1.03592
1.03204
1.02975
1.02829
1.02743
1.02804
1.02957
1.0516
1.10473
1.18335
1.26257
1.33976
1.3541
1.3624
1.36472
1.36983
1.3665
1.88147
1.86925
1.86136
1.85621
1.85128
1.84455
1.83431
1.82029
1.80897
1.80186
1.79567
1.78987
1.78356
1.77594
1.76676
1.75692
1.7477
1.73982
1.73171
1.72144
1.70769
1.69316
1.68291
1.67632
1.67076
1.66634
1.66091
1.65452
1.64706
1.63847
1.6296
1.62081
1.61027
1.59632
1.58099
1.56835
1.55855
1.55078
1.54474
1.54089
1.53861
1.53378
1.52771
1.52038
1.51153
1.50192
1.49215
1.4829
1.47353
1.46475
1.45685
1.4494
1.44236
1.43568
1.42894
1.42197
1.4159
1.40957
1.40217
1.39421
1.38688
1.38012
1.37358
1.36765
1.36167
1.3539
1.34348
1.3291
1.3123
1.29877
1.29235
1.28876
1.2863
1.28503
1.28273
1.27879
1.27445
1.2699
1.26457
1.25756
1.2471
1.23286
1.2168
1.2033
1.19332
1.18466
1.17762
1.17279
1.16955
1.16871
1.16948
1.16792
1.16452
1.16014
1.1539
1.14409
1.12991
1.11544
1.10413
1.09535
1.08773
1.08159
1.07722
1.07354
1.07052
1.06797
1.06535
1.06161
1.05608
1.04671
1.03708
1.03209
1.0319
1.03014
1.04043
1.07966
1.15576
1.24707
1.32678
1.35688
1.37128
1.37638
1.38072
1.38614
1.3849
1.37284
1.88154
1.86859
1.85695
1.84974
1.84502
1.84037
1.83335
1.82195
1.80941
1.80199
1.79718
1.79225
1.7855
1.77728
1.76749
1.75605
1.74476
1.73462
1.72596
1.71683
1.70533
1.69207
1.68088
1.67299
1.66749
1.66528
1.66291
1.65671
1.6488
1.63883
1.62739
1.6162
1.60574
1.59481
1.58286
1.57086
1.5603
1.55183
1.54467
1.53825
1.53252
1.52754
1.52227
1.51567
1.50575
1.49405
1.4848
1.47795
1.47281
1.46784
1.46237
1.45617
1.44921
1.44162
1.43347
1.4245
1.41297
1.40072
1.39032
1.38309
1.3781
1.37445
1.37074
1.36585
1.36058
1.35504
1.34804
1.33662
1.31967
1.3032
1.29318
1.28797
1.28421
1.2808
1.27777
1.2743
1.26993
1.26532
1.2606
1.25566
1.24892
1.23646
1.2176
1.19809
1.18659
1.1801
1.17551
1.17201
1.16897
1.16687
1.1652
1.16318
1.16067
1.15799
1.1547
1.14703
1.13209
1.11492
1.10191
1.09248
1.08513
1.07971
1.07585
1.07284
1.07184
1.07195
1.06924
1.06566
1.06175
1.0552
1.04699
1.0368
1.04076
1.0628
1.12507
1.21582
1.29424
1.33966
1.36925
1.39143
1.40036
1.40363
1.40409
1.40051
1.39422
1.3748
1.87971
1.86916
1.85635
1.846
1.83839
1.83337
1.8286
1.82208
1.8118
1.80088
1.79292
1.78725
1.78199
1.77504
1.76654
1.75598
1.74369
1.73163
1.72082
1.71208
1.70351
1.69386
1.68371
1.67469
1.66725
1.66073
1.6549
1.64957
1.64308
1.63507
1.6239
1.61088
1.59967
1.59112
1.58321
1.57432
1.56526
1.55624
1.54725
1.53828
1.52954
1.52256
1.51642
1.50859
1.49738
1.48644
1.4802
1.47601
1.47285
1.46966
1.46593
1.46147
1.45554
1.4473
1.43627
1.42247
1.40651
1.39144
1.38128
1.37538
1.37083
1.36745
1.36718
1.36756
1.36388
1.35873
1.35186
1.34206
1.32835
1.31156
1.29704
1.28627
1.27941
1.27526
1.27134
1.26815
1.26481
1.26045
1.25592
1.25112
1.24527
1.23594
1.21814
1.19727
1.18433
1.17865
1.17489
1.17137
1.16891
1.16765
1.16571
1.16262
1.15913
1.15542
1.14971
1.14071
1.12826
1.11425
1.1018
1.09224
1.08539
1.08061
1.07714
1.07464
1.0726
1.07074
1.06851
1.0673
1.06524
1.06248
1.0593
1.06973
1.11454
1.1905
1.27928
1.3374
1.3747
1.38607
1.39502
1.4095
1.41549
1.41561
1.40986
1.40296
1.39549
1.37377
1.87518
1.86805
1.85794
1.84618
1.83554
1.82694
1.82157
1.81636
1.81012
1.80049
1.7899
1.78157
1.77532
1.7697
1.76337
1.75518
1.74433
1.73116
1.71858
1.7088
1.70194
1.6955
1.68826
1.67948
1.66933
1.6589
1.64953
1.64247
1.63594
1.62842
1.61889
1.60723
1.59607
1.58728
1.58042
1.5744
1.56795
1.56042
1.55118
1.54068
1.53016
1.51916
1.50815
1.4983
1.48976
1.48277
1.47739
1.47328
1.47099
1.47112
1.46928
1.46472
1.45871
1.44958
1.43591
1.4188
1.40235
1.38874
1.37863
1.37174
1.36704
1.36329
1.36098
1.36018
1.35785
1.35368
1.34938
1.34412
1.33399
1.3188
1.30141
1.28636
1.27591
1.26965
1.2657
1.26224
1.25951
1.25607
1.25169
1.247
1.24125
1.23223
1.21801
1.20074
1.18718
1.17996
1.17599
1.1729
1.17026
1.16777
1.16506
1.16216
1.1586
1.15284
1.14315
1.13125
1.12093
1.11279
1.10408
1.09585
1.08943
1.08474
1.08057
1.07747
1.07431
1.07232
1.07078
1.07129
1.07013
1.08516
1.12284
1.19046
1.27304
1.34558
1.39226
1.39281
1.39729
1.39865
1.40296
1.41096
1.41241
1.41225
1.40955
1.40354
1.39459
1.37247
1.86965
1.86446
1.85771
1.84861
1.83644
1.82417
1.81496
1.80935
1.8037
1.79727
1.7881
1.77718
1.76827
1.7619
1.75665
1.7515
1.74397
1.73368
1.72084
1.70966
1.70289
1.69761
1.69068
1.68159
1.67054
1.65837
1.64652
1.63532
1.62608
1.61886
1.61169
1.60331
1.59412
1.58646
1.58049
1.57543
1.57005
1.56321
1.55428
1.54316
1.53059
1.51647
1.50205
1.49051
1.48387
1.47955
1.47532
1.47152
1.46846
1.46549
1.46226
1.4583
1.4535
1.44627
1.4337
1.41703
1.40118
1.38892
1.37923
1.37096
1.36473
1.36055
1.35813
1.35631
1.35354
1.34969
1.34497
1.33858
1.33019
1.31933
1.30633
1.29128
1.27725
1.26749
1.26157
1.2578
1.25448
1.25209
1.24858
1.24349
1.23579
1.2255
1.21535
1.20606
1.1958
1.18464
1.17746
1.17372
1.17085
1.16875
1.16589
1.16179
1.15546
1.14604
1.13461
1.12453
1.11624
1.10887
1.10356
1.09891
1.09439
1.09024
1.08607
1.08208
1.07846
1.07795
1.07669
1.08516
1.11848
1.1876
1.27224
1.35734
1.39682
1.41181
1.41727
1.41489
1.41491
1.41348
1.41525
1.41793
1.41668
1.41381
1.40847
1.40042
1.38996
1.37153
1.86402
1.85955
1.85531
1.84856
1.83909
1.82537
1.81186
1.80285
1.79709
1.79101
1.78423
1.77501
1.76422
1.7554
1.74877
1.74374
1.74001
1.73394
1.72568
1.71521
1.70351
1.69358
1.68643
1.67918
1.66975
1.65782
1.64484
1.63227
1.62024
1.61053
1.60425
1.5998
1.5948
1.58854
1.5816
1.5737
1.56546
1.55817
1.55096
1.54205
1.52985
1.51519
1.50069
1.48887
1.48081
1.4756
1.47253
1.46995
1.46594
1.4615
1.45685
1.45194
1.44612
1.43819
1.42743
1.41519
1.4037
1.39452
1.38575
1.37663
1.36752
1.35955
1.35429
1.3505
1.3472
1.3431
1.3378
1.33074
1.32269
1.31559
1.30821
1.29836
1.28464
1.26969
1.25947
1.25401
1.25103
1.24797
1.24371
1.23734
1.2287
1.22021
1.21425
1.20959
1.20344
1.19417
1.18277
1.17418
1.17035
1.167
1.16267
1.15638
1.14717
1.13645
1.12776
1.1209
1.11516
1.11022
1.10492
1.09982
1.09679
1.09337
1.09076
1.08962
1.08759
1.09141
1.1127
1.17192
1.26228
1.345
1.39595
1.4358
1.45018
1.45114
1.44292
1.43624
1.43245
1.42838
1.42526
1.42094
1.41471
1.40898
1.40311
1.39452
1.3832
1.36964
1.85951
1.85411
1.85032
1.84608
1.83896
1.82864
1.81341
1.79965
1.79128
1.78547
1.77925
1.77198
1.76262
1.75303
1.74503
1.73875
1.7348
1.73243
1.72675
1.7177
1.70449
1.69124
1.68162
1.67419
1.66638
1.65651
1.64413
1.63107
1.61934
1.60889
1.6
1.59408
1.59064
1.58819
1.58212
1.57382
1.56381
1.55387
1.54502
1.53657
1.52698
1.51533
1.50308
1.49183
1.48222
1.47451
1.46901
1.46476
1.4603
1.45556
1.45024
1.44343
1.43556
1.42724
1.4186
1.41094
1.40546
1.39979
1.39287
1.38396
1.37302
1.36222
1.35292
1.34594
1.33987
1.33336
1.3269
1.3213
1.31601
1.31063
1.30574
1.30053
1.29202
1.27937
1.26528
1.25413
1.24663
1.24079
1.23454
1.22831
1.22292
1.21854
1.21496
1.21148
1.20703
1.20088
1.19116
1.17921
1.16937
1.16223
1.15523
1.14666
1.13757
1.13027
1.12465
1.12014
1.11616
1.11133
1.10652
1.10242
1.10013
1.09795
1.0985
1.09924
1.1136
1.16127
1.23974
1.33676
1.39857
1.44155
1.4592
1.46406
1.46324
1.45945
1.45239
1.44673
1.44231
1.43724
1.43181
1.42301
1.41142
1.40174
1.39484
1.38769
1.37932
1.37222
1.85804
1.84913
1.84401
1.84075
1.83634
1.82887
1.81738
1.80106
1.78796
1.78043
1.77474
1.76857
1.76112
1.75274
1.74476
1.73735
1.72991
1.72359
1.71838
1.71222
1.70318
1.68988
1.67734
1.66827
1.66076
1.65308
1.64389
1.6337
1.6231
1.61153
1.60024
1.59156
1.58588
1.58062
1.57485
1.56837
1.55994
1.5496
1.53921
1.5299
1.522
1.51459
1.5064
1.49711
1.48668
1.47635
1.46778
1.46136
1.45586
1.4495
1.44119
1.43147
1.42315
1.4174
1.41324
1.40954
1.40659
1.40298
1.39795
1.39106
1.38132
1.36856
1.35431
1.34011
1.3293
1.32179
1.31626
1.31231
1.31036
1.30811
1.30371
1.29904
1.29423
1.28737
1.27494
1.25707
1.24109
1.23186
1.22582
1.2214
1.21831
1.21762
1.21866
1.21561
1.21127
1.20606
1.19795
1.18378
1.16578
1.15257
1.14372
1.13668
1.13165
1.12785
1.12413
1.12073
1.11757
1.11383
1.11121
1.10742
1.106
1.10382
1.11108
1.14595
1.21696
1.30697
1.38807
1.4454
1.44998
1.46273
1.46897
1.47038
1.46872
1.46485
1.46091
1.45605
1.45067
1.44349
1.43291
1.4195
1.4067
1.39867
1.39216
1.38527
1.38014
1.3781
1.86074
1.84695
1.83909
1.83371
1.83036
1.82571
1.81781
1.80508
1.78848
1.7769
1.77012
1.76469
1.75936
1.75291
1.74587
1.73769
1.72805
1.7169
1.70904
1.70342
1.69683
1.68766
1.67511
1.66372
1.65533
1.64819
1.64156
1.63474
1.62691
1.61714
1.6051
1.59228
1.58064
1.57314
1.56702
1.56046
1.55305
1.54477
1.53565
1.52623
1.51823
1.51215
1.50626
1.49949
1.49115
1.48087
1.47004
1.45995
1.45031
1.44067
1.43002
1.42052
1.4147
1.41078
1.40801
1.40859
1.41032
1.40766
1.40286
1.39636
1.38673
1.37303
1.35472
1.3359
1.3216
1.314
1.30938
1.30547
1.30298
1.30394
1.30622
1.30346
1.29893
1.29245
1.28026
1.26029
1.23945
1.22634
1.22074
1.21739
1.2148
1.21368
1.21381
1.21342
1.21145
1.20764
1.2002
1.18477
1.16227
1.14495
1.13655
1.13192
1.12812
1.12497
1.12348
1.12403
1.12179
1.11935
1.11853
1.11735
1.12079
1.14089
1.1958
1.28567
1.37438
1.42149
1.44494
1.46529
1.47048
1.47545
1.47885
1.48342
1.48302
1.47912
1.4726
1.46436
1.45427
1.44256
1.4292
1.41581
1.40627
1.39953
1.39353
1.38886
1.38665
1.3863
1.86145
1.84983
1.83751
1.82881
1.82269
1.81863
1.81365
1.80548
1.79225
1.77648
1.76653
1.76028
1.7557
1.75194
1.74574
1.73767
1.72739
1.71495
1.7015
1.69303
1.68748
1.68087
1.67239
1.66167
1.65271
1.64596
1.64062
1.6351
1.62828
1.61955
1.60847
1.59425
1.57907
1.56598
1.55648
1.54935
1.54326
1.5376
1.5318
1.52505
1.5181
1.51184
1.50637
1.50088
1.49387
1.48401
1.47145
1.45741
1.44391
1.43237
1.42246
1.41458
1.40992
1.40667
1.40392
1.40226
1.40164
1.40034
1.39709
1.39255
1.38626
1.3744
1.35584
1.33541
1.32056
1.31058
1.30458
1.30055
1.29807
1.29782
1.29797
1.29614
1.29259
1.28794
1.27995
1.26337
1.24162
1.22646
1.21886
1.21466
1.21174
1.21171
1.21351
1.21159
1.20791
1.20331
1.19637
1.18228
1.16109
1.14392
1.13416
1.12891
1.12538
1.12275
1.12131
1.12158
1.12299
1.12449
1.12866
1.15015
1.201
1.27873
1.36684
1.42148
1.459
1.47451
1.47604
1.47815
1.48013
1.48562
1.49054
1.48796
1.48388
1.47914
1.4736
1.46519
1.45406
1.44055
1.42592
1.41433
1.40761
1.40302
1.39957
1.39757
1.39766
1.39943
1.85661
1.85042
1.84115
1.82842
1.81736
1.81012
1.80576
1.80077
1.79269
1.77971
1.76542
1.7571
1.75147
1.74784
1.74358
1.73648
1.72753
1.7154
1.70024
1.68577
1.67727
1.67183
1.66622
1.65992
1.65275
1.64631
1.63935
1.63163
1.62406
1.617
1.60822
1.59522
1.57859
1.56236
1.54972
1.54099
1.53462
1.52962
1.52701
1.52471
1.51943
1.51325
1.50615
1.49822
1.49004
1.48138
1.46995
1.45545
1.44115
1.42923
1.41967
1.41189
1.40645
1.40315
1.40081
1.39916
1.3972
1.39448
1.3908
1.38594
1.37948
1.36978
1.35598
1.34061
1.32543
1.31234
1.30382
1.29903
1.29563
1.29407
1.29373
1.29133
1.28717
1.2817
1.27372
1.26254
1.24831
1.23369
1.22159
1.21464
1.21091
1.20869
1.20803
1.20623
1.20249
1.19775
1.19001
1.17754
1.16222
1.14853
1.13721
1.1291
1.12521
1.12272
1.12183
1.12408
1.12908
1.14772
1.19804
1.27716
1.37251
1.43748
1.48305
1.49469
1.49821
1.49363
1.48569
1.47987
1.47813
1.4805
1.48601
1.48592
1.48299
1.47843
1.4719
1.46335
1.4528
1.43989
1.42476
1.41502
1.4114
1.40859
1.40699
1.40703
1.41044
1.40883
1.84512
1.84698
1.8413
1.83177
1.81751
1.80445
1.79659
1.79239
1.78783
1.78002
1.76781
1.75602
1.74894
1.74357
1.73869
1.73315
1.72616
1.7161
1.70206
1.68497
1.67071
1.6631
1.65803
1.65469
1.65177
1.64544
1.63799
1.63009
1.62165
1.61247
1.60312
1.59248
1.57761
1.56104
1.54808
1.5387
1.53108
1.52467
1.51946
1.51595
1.51507
1.51173
1.50529
1.49677
1.48667
1.47632
1.46559
1.4533
1.44004
1.42857
1.42019
1.41319
1.4061
1.40101
1.39823
1.39551
1.39182
1.38778
1.38299
1.37678
1.36897
1.35995
1.35152
1.34355
1.33374
1.32159
1.30879
1.29976
1.29465
1.2913
1.28816
1.28436
1.27926
1.27244
1.26439
1.25714
1.25126
1.2434
1.23259
1.22003
1.21024
1.20559
1.20338
1.20083
1.19643
1.18955
1.17915
1.16877
1.16128
1.15422
1.14454
1.1328
1.12792
1.1271
1.12779
1.13778
1.17521
1.25397
1.35349
1.42658
1.48743
1.51621
1.51956
1.51046
1.50294
1.49941
1.49217
1.48557
1.48259
1.48335
1.48418
1.48241
1.4795
1.47461
1.46783
1.46018
1.45161
1.44093
1.42788
1.4202
1.41724
1.41538
1.41574
1.41707
1.41849
1.41288
1.83328
1.83518
1.83728
1.83126
1.82052
1.80501
1.79113
1.78308
1.77891
1.77481
1.76769
1.75752
1.74842
1.74192
1.7356
1.72818
1.72101
1.714
1.70318
1.68745
1.66998
1.65737
1.65073
1.64577
1.64283
1.64129
1.63624
1.6288
1.61977
1.60957
1.59826
1.58689
1.57531
1.56217
1.54947
1.5388
1.53041
1.52322
1.51659
1.51076
1.50589
1.50142
1.49594
1.48949
1.48072
1.47
1.45988
1.45088
1.44133
1.43234
1.42444
1.4165
1.40865
1.40114
1.39495
1.39015
1.38512
1.37936
1.37279
1.36582
1.35893
1.35261
1.34682
1.34161
1.33656
1.32978
1.31972
1.3076
1.29657
1.28787
1.28111
1.27454
1.26821
1.26262
1.258
1.25399
1.2503
1.24608
1.23988
1.22957
1.21613
1.20454
1.19799
1.19301
1.18661
1.17814
1.16937
1.16344
1.15967
1.15588
1.15067
1.14213
1.13679
1.14076
1.16418
1.22146
1.31544
1.412
1.48128
1.49303
1.50922
1.52262
1.52864
1.52443
1.51861
1.51558
1.51045
1.50305
1.4956
1.48762
1.48022
1.47525
1.47189
1.46942
1.46407
1.45763
1.45106
1.44482
1.43828
1.43106
1.42681
1.42482
1.42519
1.42502
1.42224
1.41364
1.82804
1.82468
1.82537
1.82547
1.81926
1.80814
1.79225
1.77782
1.76948
1.7649
1.76147
1.75596
1.74929
1.74282
1.73499
1.72657
1.71742
1.70798
1.69981
1.68839
1.67239
1.65626
1.6453
1.63883
1.63368
1.63074
1.62909
1.62481
1.61792
1.6081
1.5959
1.58238
1.57079
1.56165
1.55217
1.54249
1.53333
1.52488
1.51633
1.5067
1.49756
1.49189
1.48681
1.48058
1.47278
1.46338
1.45458
1.44728
1.44128
1.43578
1.42943
1.42183
1.41291
1.40207
1.39014
1.3818
1.3756
1.36925
1.3625
1.35581
1.35044
1.34653
1.34525
1.34414
1.34
1.3345
1.32694
1.31551
1.29965
1.28368
1.27221
1.26444
1.25876
1.25471
1.25191
1.25171
1.25061
1.24687
1.24255
1.23613
1.2248
1.2078
1.19129
1.18044
1.17267
1.16721
1.16356
1.16134
1.15879
1.15742
1.15741
1.16091
1.17721
1.22134
1.30504
1.39342
1.46454
1.49466
1.50881
1.51759
1.51978
1.52606
1.53616
1.54018
1.53861
1.534
1.52698
1.51575
1.49982
1.48329
1.47194
1.46699
1.46362
1.46281
1.46213
1.45724
1.45335
1.45149
1.44973
1.44538
1.43854
1.43189
1.42698
1.42233
1.419
1.41048
1.82767
1.82016
1.81585
1.81441
1.81276
1.80661
1.79517
1.77873
1.76373
1.75507
1.75002
1.74794
1.74825
1.74373
1.73669
1.72757
1.71656
1.70474
1.69305
1.68408
1.67266
1.65745
1.64348
1.63396
1.62719
1.62151
1.61772
1.61578
1.61199
1.60552
1.59537
1.58219
1.56865
1.55944
1.55287
1.54506
1.53624
1.52644
1.51588
1.50492
1.49327
1.48223
1.47617
1.47075
1.46421
1.45676
1.45138
1.44766
1.44409
1.43908
1.43277
1.42507
1.41559
1.40261
1.38671
1.37288
1.36568
1.3601
1.35478
1.35011
1.34615
1.34267
1.34023
1.33818
1.33585
1.33279
1.32779
1.31811
1.30105
1.28108
1.26605
1.25805
1.25348
1.24995
1.24707
1.24556
1.24617
1.24765
1.24471
1.2391
1.22885
1.20981
1.18664
1.17186
1.16576
1.16183
1.15883
1.15802
1.15976
1.16607
1.18896
1.24021
1.3178
1.40994
1.47372
1.51303
1.53029
1.52883
1.52443
1.52578
1.52542
1.53299
1.54348
1.54627
1.5444
1.54006
1.53287
1.52005
1.50026
1.48038
1.46945
1.46485
1.4614
1.45925
1.4606
1.46042
1.45886
1.45887
1.45838
1.4552
1.44885
1.43824
1.42784
1.41982
1.41469
1.40595
)
;

boundaryField
{
    inlet
    {
        type            calculated;
        value           nonuniform 0();
    }
    outlet
    {
        type            calculated;
        value           nonuniform List<scalar> 
32
(
0.927643
0.929818
0.933547
0.938874
0.94977
0.960694
0.968419
0.969264
0.966516
0.965781
0.992696
1.08712
1.22302
1.30777
1.34526
1.36366
1.36633
1.37307
1.37557
1.37475
1.37324
1.37191
1.36979
1.37204
1.37772
1.38561
1.39868
1.40851
1.41268
1.4137
1.41049
1.40592
)
;
    }
    bottom
    {
        type            symmetryPlane;
    }
    top
    {
        type            symmetryPlane;
    }
    obstacle
    {
        type            calculated;
        value           nonuniform List<scalar> 
126
(
1.77363
1.7643
1.75332
1.74317
1.73519
1.72805
1.72237
1.71855
1.71591
1.7137
1.71217
1.70998
1.70367
1.69498
1.68584
1.67566
1.66378
1.65188
1.64229
1.63418
1.62708
1.62128
1.61563
1.60939
1.60264
1.59529
1.58739
1.57933
1.57089
1.56152
1.55219
1.54429
1.53728
1.53039
1.52324
1.5157
1.5078
1.49954
1.49122
1.48304
1.47484
1.46657
1.45881
1.45189
1.44541
1.43902
1.43259
1.42606
1.41941
1.41262
1.40582
1.39931
1.39326
1.38747
1.38155
1.37381
1.36231
1.34853
1.33631
1.326
1.31672
1.30814
1.29994
1.2914
1.28185
1.27346
1.26813
1.26377
1.26055
1.25919
1.25835
1.25559
1.25106
1.24409
1.23304
1.21724
1.20032
1.18666
1.17814
1.173
1.16897
1.16548
1.16326
1.16327
1.1669
1.17076
1.16995
1.16587
1.15884
1.14537
1.12317
1.10142
1.0893
1.08333
1.07933
1.07601
1.07345
1.07291
1.07696
1.08494
1.09048
1.08996
1.08653
1.08059
1.06947
1.05133
1.02968
1.01438
1.00647
1.00204
0.998823
0.996228
0.995223
0.998356
1.00452
1.00635
1.00426
1.00043
0.993149
0.978693
0.957697
0.941485
0.934675
0.931325
0.929139
0.928072
)
;
    }
    defaultFaces
    {
        type            empty;
    }
    procBoundary1to0
    {
        type            processor;
        value           nonuniform List<scalar> 
28
(
1.78171
1.78439
1.80402
1.83101
1.86085
1.87833
1.88462
1.89078
1.89543
1.89577
1.89332
1.89043
1.88805
1.88696
1.88698
1.88797
1.89061
1.89143
1.89035
1.88627
1.88059
1.87466
1.87067
1.8706
1.87345
1.87363
1.86873
1.8577
)
;
    }
    procBoundary1to2
    {
        type            processor;
        value           nonuniform List<scalar> 4(1.84433 1.83618 1.83502 1.84577);
    }
    procBoundary1to3
    {
        type            processor;
        value           nonuniform List<scalar> 
126
(
1.83642
1.82144
1.81221
1.80617
1.80219
1.79897
1.79274
1.78102
1.76396
1.74882
1.74075
1.73633
1.73713
1.74144
1.73667
1.7291
1.71887
1.70479
1.68959
1.67635
1.66762
1.65717
1.64386
1.63209
1.62346
1.6162
1.60974
1.60464
1.60175
1.59934
1.59394
1.58416
1.57073
1.55731
1.54873
1.54308
1.53616
1.527
1.51629
1.50455
1.49189
1.47861
1.46674
1.46093
1.45626
1.45214
1.4483
1.44392
1.43872
1.4337
1.42892
1.42348
1.41531
1.40279
1.38543
1.3686
1.35829
1.35371
1.34969
1.34585
1.34272
1.34098
1.33881
1.33529
1.33103
1.3263
1.32065
1.31242
1.29845
1.27999
1.26488
1.25608
1.25082
1.24683
1.24377
1.24332
1.2443
1.24183
1.2377
1.23295
1.2248
1.20848
1.18581
1.16974
1.16371
1.16116
1.16083
1.1623
1.17835
1.22683
1.31134
1.41573
1.48737
1.54145
1.55811
1.56204
1.55684
1.53805
1.52731
1.52603
1.52713
1.53366
1.54311
1.54839
1.54636
1.54123
1.53341
1.52045
1.50253
1.4838
1.47174
1.46634
1.46289
1.46114
1.46269
1.46556
1.46707
1.4672
1.46459
1.46032
1.45305
1.44136
1.42874
1.41821
1.4108
1.40214
)
;
    }
}


// ************************************************************************* //
