/*--------------------------------*- C++ -*----------------------------------*\
  =========                 |
  \\      /  F ield         | OpenFOAM: The Open Source CFD Toolbox
   \\    /   O peration     | Website:  https://openfoam.org
    \\  /    A nd           | Version:  7
     \\/     M anipulation  |
\*---------------------------------------------------------------------------*/
FoamFile
{
    version     2.0;
    format      ascii;
    class       volScalarField;
    location    "2.5";
    object      p;
}
// * * * * * * * * * * * * * * * * * * * * * * * * * * * * * * * * * * * * * //

dimensions      [1 -1 -2 0 0 0 0];

internalField   nonuniform List<scalar> 
4032
(
0.82557
0.814621
0.804254
0.794489
0.785101
0.775755
0.765742
0.753965
0.739516
0.722923
0.706477
0.693673
0.685673
0.679774
0.674182
0.668418
0.662553
0.656522
0.650499
0.642216
0.630631
0.616349
0.606586
0.610525
0.65693
0.796469
1.0552
1.28175
1.43042
1.4695
1.47087
1.45035
1.42539
1.4052
1.39011
1.37993
1.3716
1.36257
1.35344
1.34344
1.33047
1.31714
1.30804
1.29763
1.2859
1.27347
1.26011
1.24748
1.23726
1.22899
1.22104
1.21315
1.20625
1.19926
1.18922
1.17466
1.1584
1.14508
1.13422
1.12356
1.1143
1.10831
1.10287
1.09623
1.08751
1.07518
1.06272
1.05293
1.04419
1.03569
1.02883
1.02355
1.01831
1.01262
1.00604
0.99807
0.98963
0.982092
0.973226
0.963513
0.956439
0.952102
0.949429
0.946608
0.94104
0.933082
0.921212
0.907113
0.89543
0.886868
0.880529
0.876898
0.875585
0.874517
0.872593
0.869703
0.864545
0.855258
0.845157
0.837985
0.834926
0.834015
0.833107
0.831389
0.828934
0.825482
0.820788
0.81462
0.808158
0.812104
0.829996
0.863433
0.900554
0.929023
0.946778
0.955006
0.956056
0.954086
0.948853
0.94676
0.947335
0.948534
0.952353
0.959597
0.963223
0.962733
0.837832
0.825579
0.813507
0.80322
0.794798
0.786899
0.778434
0.768091
0.753668
0.733451
0.71345
0.702297
0.695744
0.689946
0.684185
0.678205
0.671567
0.663731
0.654108
0.64259
0.630567
0.620015
0.61066
0.604762
0.601634
0.609375
0.676005
0.853371
1.1235
1.31253
1.41905
1.43713
1.43314
1.41273
1.39241
1.38093
1.37275
1.3646
1.35615
1.34609
1.33086
1.30972
1.29642
1.29056
1.28351
1.27563
1.26609
1.254
1.24065
1.22881
1.2183
1.20815
1.19742
1.1872
1.17826
1.16859
1.15747
1.14609
1.13495
1.12385
1.11282
1.10172
1.09502
1.08893
1.08152
1.07255
1.0629
1.05373
1.04516
1.0367
1.02724
1.01834
1.01211
1.00611
0.999645
0.992976
0.986407
0.980003
0.973964
0.966589
0.95704
0.948997
0.944042
0.939528
0.933391
0.924992
0.915201
0.905874
0.897276
0.889954
0.883707
0.877843
0.873466
0.870751
0.867485
0.863439
0.8595
0.856662
0.852023
0.844381
0.836729
0.831104
0.82773
0.824277
0.821208
0.819799
0.819663
0.819264
0.817551
0.826492
0.855297
0.893491
0.924107
0.942125
0.955266
0.964508
0.966395
0.964137
0.957996
0.952598
0.950484
0.950455
0.953359
0.959727
0.970369
0.973947
0.851501
0.838182
0.823937
0.811521
0.80257
0.794991
0.787236
0.77798
0.765004
0.746748
0.727329
0.714178
0.705939
0.699159
0.69266
0.686008
0.678715
0.670232
0.659894
0.647995
0.635876
0.625188
0.617101
0.610618
0.603886
0.601074
0.598887
0.614816
0.710242
0.913656
1.16313
1.30317
1.38019
1.39842
1.39211
1.38561
1.37702
1.37279
1.36644
1.35654
1.3414
1.31696
1.29162
1.27793
1.27095
1.2675
1.26279
1.25511
1.24426
1.23144
1.21906
1.20696
1.19388
1.17898
1.16506
1.15691
1.15147
1.14456
1.13574
1.12588
1.11352
1.09967
1.08749
1.08007
1.07412
1.0684
1.06254
1.0558
1.04849
1.04013
1.02949
1.01649
1.00587
0.999177
0.993254
0.987727
0.982872
0.978025
0.972563
0.966103
0.958088
0.948203
0.937632
0.929216
0.922335
0.91628
0.910471
0.905075
0.900307
0.894421
0.88675
0.878058
0.869897
0.864532
0.861354
0.8587
0.856117
0.852957
0.849246
0.844013
0.834657
0.825881
0.82089
0.817194
0.814397
0.81334
0.814323
0.819588
0.828113
0.852622
0.893988
0.928903
0.946306
0.953157
0.959168
0.968085
0.972999
0.972464
0.967824
0.961454
0.957667
0.956487
0.957537
0.96196
0.973107
0.982104
0.864317
0.850297
0.836111
0.82258
0.811308
0.801738
0.792663
0.783351
0.772692
0.759184
0.743646
0.728832
0.717145
0.70817
0.700379
0.692949
0.685447
0.67745
0.668248
0.657153
0.644654
0.63295
0.624299
0.617361
0.61042
0.604053
0.598396
0.594221
0.593219
0.618983
0.734075
0.959723
1.19406
1.31275
1.3438
1.35978
1.37132
1.38019
1.37742
1.36679
1.35263
1.32763
1.2944
1.27522
1.26728
1.26122
1.25558
1.24837
1.2407
1.232
1.22074
1.20729
1.19194
1.17427
1.15708
1.14708
1.14108
1.1366
1.133
1.12648
1.11667
1.10253
1.08626
1.07388
1.06773
1.06278
1.0596
1.05708
1.0518
1.04407
1.03305
1.01873
1.00208
0.991417
0.985743
0.981092
0.977055
0.973688
0.969144
0.963387
0.956652
0.947592
0.934948
0.921872
0.915137
0.911448
0.908477
0.904192
0.899005
0.892981
0.886068
0.877911
0.869013
0.860739
0.856047
0.854289
0.853096
0.851547
0.848375
0.840208
0.829432
0.821313
0.814958
0.810641
0.8094
0.809618
0.813129
0.822847
0.845387
0.891072
0.940553
0.961703
0.964223
0.962891
0.963794
0.968523
0.975329
0.97766
0.976122
0.971828
0.967961
0.966019
0.965789
0.967744
0.974127
0.985956
0.878861
0.86162
0.846726
0.834068
0.822611
0.811527
0.800234
0.788547
0.777349
0.767206
0.756172
0.743392
0.731013
0.720518
0.711263
0.702234
0.692766
0.682622
0.67221
0.662348
0.652687
0.643097
0.63448
0.626658
0.619207
0.611464
0.604169
0.596425
0.590484
0.581254
0.582017
0.623208
0.779009
1.01999
1.24948
1.31556
1.34636
1.36702
1.3607
1.34979
1.33984
1.32635
1.29953
1.27425
1.26523
1.25982
1.25497
1.24707
1.2377
1.22591
1.21251
1.20116
1.18975
1.17115
1.15226
1.14192
1.13546
1.12956
1.12316
1.11634
1.10991
1.10189
1.08744
1.07168
1.06448
1.06006
1.05597
1.05168
1.04673
1.04133
1.03379
1.02109
1.00201
0.984713
0.978077
0.973603
0.969466
0.966296
0.963544
0.958885
0.953105
0.945821
0.935435
0.923611
0.913375
0.907118
0.902492
0.899147
0.895241
0.889812
0.884178
0.877969
0.869845
0.861254
0.854844
0.851701
0.849639
0.84618
0.839902
0.831292
0.823641
0.817875
0.811901
0.807132
0.806497
0.807494
0.814572
0.834318
0.876317
0.939387
0.976519
0.981835
0.980059
0.973686
0.970426
0.971133
0.974148
0.979265
0.982209
0.982237
0.980293
0.977929
0.976649
0.976708
0.978812
0.9859
0.891609
0.872094
0.856811
0.844781
0.833885
0.822823
0.811014
0.798589
0.786298
0.774588
0.763421
0.75231
0.741108
0.730659
0.721155
0.711945
0.702279
0.691205
0.678117
0.664747
0.654875
0.648272
0.641966
0.634632
0.627184
0.620974
0.615062
0.606978
0.596957
0.583994
0.572808
0.56511
0.576012
0.652997
0.863171
1.1012
1.28408
1.34335
1.35451
1.34502
1.33042
1.30951
1.28572
1.26974
1.26402
1.26048
1.25504
1.24719
1.23874
1.22752
1.2135
1.19536
1.1734
1.15598
1.14407
1.13688
1.13078
1.12454
1.11793
1.11134
1.10476
1.09757
1.08744
1.07308
1.0623
1.05684
1.05203
1.04747
1.04319
1.03847
1.03266
1.0222
1.00334
0.982322
0.971285
0.966393
0.961888
0.957813
0.954942
0.953431
0.949558
0.944772
0.938892
0.929121
0.915309
0.902739
0.895582
0.89002
0.886351
0.885904
0.88206
0.877038
0.871947
0.865894
0.858356
0.850489
0.843467
0.836182
0.828059
0.822028
0.818096
0.81457
0.810382
0.806959
0.806637
0.809971
0.823277
0.856912
0.917291
0.978711
0.997074
0.997366
0.994398
0.987102
0.979566
0.976317
0.976008
0.978048
0.984791
0.991041
0.9923
0.991391
0.989189
0.9866
0.98581
0.988031
0.897716
0.87581
0.862353
0.852246
0.842727
0.83296
0.822425
0.810774
0.798082
0.785105
0.77263
0.760593
0.748829
0.737961
0.728223
0.718696
0.708594
0.697363
0.685066
0.673633
0.664098
0.655341
0.64705
0.639618
0.632708
0.624448
0.614908
0.605832
0.597699
0.58858
0.57809
0.566681
0.558265
0.557287
0.588984
0.714098
0.947645
1.16798
1.30716
1.34172
1.33139
1.30368
1.27979
1.25985
1.2478
1.24267
1.24419
1.24783
1.24136
1.23325
1.22092
1.19843
1.1655
1.14249
1.13601
1.13154
1.12732
1.12206
1.11616
1.11002
1.10296
1.09427
1.08398
1.07325
1.06283
1.05417
1.04796
1.0432
1.03857
1.03348
1.02714
1.01829
1.00324
0.982289
0.967335
0.960507
0.955893
0.951682
0.948365
0.946801
0.944553
0.940168
0.93529
0.928305
0.915367
0.898813
0.888573
0.882673
0.878059
0.878111
0.883107
0.881962
0.877107
0.870779
0.861371
0.847458
0.833925
0.82527
0.820356
0.817401
0.81456
0.811014
0.808344
0.808046
0.809698
0.816929
0.841609
0.894944
0.95859
0.995079
1.00746
1.00853
1.00614
1.00111
0.992772
0.983997
0.980872
0.981778
0.985153
0.994108
1.00251
1.00354
1.00183
0.997339
0.992852
0.99188
0.905513
0.883432
0.869965
0.859828
0.850393
0.841065
0.83161
0.821533
0.810033
0.796706
0.782282
0.768477
0.756395
0.745719
0.735844
0.726028
0.715466
0.704247
0.693685
0.684271
0.675182
0.666401
0.658459
0.650281
0.640517
0.629411
0.618024
0.608034
0.59997
0.593497
0.586606
0.576908
0.56465
0.554155
0.55064
0.557467
0.61731
0.779008
1.02143
1.20406
1.2868
1.29931
1.28999
1.26883
1.25042
1.23693
1.23015
1.22869
1.23635
1.23332
1.22303
1.20178
1.16621
1.13667
1.12379
1.11778
1.11368
1.11277
1.11266
1.10811
1.10198
1.09471
1.08539
1.07154
1.05528
1.04802
1.04354
1.03884
1.03375
1.02809
1.02188
1.01449
1.00289
0.984129
0.966041
0.956425
0.950772
0.946305
0.942505
0.940067
0.938495
0.935981
0.932221
0.926322
0.91387
0.896371
0.885447
0.879792
0.874774
0.871417
0.873561
0.876732
0.874059
0.869047
0.86032
0.845022
0.827971
0.818175
0.815189
0.813545
0.812309
0.811464
0.811517
0.812791
0.816401
0.831015
0.876105
0.945685
0.989404
1.00382
1.01308
1.01823
1.01766
1.01441
1.00777
0.997418
0.990574
0.989322
0.990488
0.997886
1.0095
1.01253
1.01127
1.00707
0.999994
0.995349
0.90834
0.888555
0.877413
0.867988
0.859045
0.850206
0.840965
0.830955
0.820083
0.808046
0.794488
0.779489
0.763994
0.749757
0.737383
0.727237
0.718722
0.710763
0.703469
0.696395
0.688417
0.678404
0.665122
0.649819
0.637018
0.627932
0.620168
0.612894
0.606082
0.59923
0.591669
0.58268
0.571154
0.558671
0.549644
0.547665
0.546639
0.563616
0.653547
0.844323
1.05786
1.20293
1.26459
1.27561
1.26611
1.24121
1.22975
1.22522
1.22213
1.21557
1.20841
1.19716
1.17114
1.13818
1.11975
1.11269
1.10782
1.10594
1.10768
1.10438
1.09886
1.09327
1.08551
1.07156
1.05324
1.04193
1.03588
1.03078
1.02583
1.02065
1.01498
1.00836
0.999692
0.986145
0.967993
0.954405
0.947596
0.942939
0.938583
0.934225
0.930551
0.927557
0.924445
0.91958
0.910375
0.895544
0.884802
0.879031
0.874082
0.870036
0.868455
0.871075
0.87224
0.867604
0.858581
0.843583
0.826201
0.816624
0.812827
0.81039
0.808156
0.806971
0.80846
0.814565
0.824334
0.859754
0.932253
0.992522
1.00736
1.01015
1.0147
1.02222
1.02572
1.02452
1.0205
1.01349
1.00492
1.00088
1.00038
1.00262
1.00817
1.01556
1.01697
1.01501
1.00998
1.00615
0.918601
0.897009
0.884655
0.875553
0.867237
0.858887
0.849812
0.839572
0.828679
0.817568
0.805451
0.791331
0.774998
0.758224
0.743908
0.732375
0.724064
0.717809
0.712427
0.706696
0.699604
0.689386
0.673606
0.653589
0.6379
0.628524
0.622234
0.617159
0.612265
0.606877
0.600279
0.590635
0.575483
0.561632
0.554528
0.548439
0.543006
0.54039
0.542157
0.573273
0.69555
0.924864
1.09743
1.21367
1.2446
1.24197
1.23765
1.22983
1.22
1.2079
1.19461
1.18196
1.16669
1.14453
1.12312
1.11186
1.10667
1.10188
1.0978
1.09683
1.09676
1.09225
1.08566
1.07383
1.05424
1.03619
1.02764
1.02211
1.01736
1.01314
1.00892
1.00404
0.997185
0.985891
0.969797
0.954641
0.945854
0.940185
0.935076
0.929915
0.924853
0.920353
0.91554
0.90949
0.901891
0.893394
0.886477
0.880559
0.875061
0.87025
0.866451
0.864736
0.863654
0.859311
0.85154
0.84059
0.829158
0.818467
0.811548
0.807656
0.805277
0.805401
0.809085
0.81812
0.845778
0.915182
0.998223
1.02381
1.01996
1.01688
1.01756
1.02089
1.02873
1.03337
1.03243
1.0291
1.02319
1.01487
1.01009
1.00908
1.01071
1.01555
1.0238
1.03312
1.03841
1.05729
0.93381
0.914836
0.898883
0.885527
0.873616
0.862711
0.853172
0.844702
0.8367
0.828194
0.816686
0.799839
0.777325
0.756308
0.744965
0.738404
0.732623
0.727662
0.722578
0.716342
0.708251
0.695269
0.675152
0.65478
0.64093
0.632473
0.625872
0.620223
0.615175
0.610435
0.605503
0.597947
0.585142
0.569736
0.557313
0.550614
0.544911
0.539359
0.536019
0.534162
0.542111
0.603915
0.772993
0.998162
1.13222
1.18384
1.21872
1.23053
1.22402
1.20951
1.19092
1.17344
1.15647
1.14221
1.12854
1.11393
1.10355
1.09779
1.09361
1.09228
1.09062
1.08431
1.07758
1.06867
1.05161
1.03189
1.02225
1.01661
1.01141
1.00616
1.00057
0.994207
0.987103
0.97963
0.969144
0.955641
0.94465
0.937602
0.932401
0.927485
0.921546
0.913529
0.904883
0.897542
0.892957
0.890529
0.888327
0.884047
0.878735
0.872333
0.865644
0.858286
0.852956
0.850009
0.845665
0.840661
0.833467
0.823549
0.814328
0.805676
0.8035
0.804476
0.810572
0.83083
0.89178
0.98462
1.03735
1.03947
1.03097
1.02493
1.02297
1.02399
1.0299
1.03903
1.04387
1.04383
1.04197
1.03561
1.02635
1.02305
1.0252
1.0351
1.05639
1.0877
1.11519
1.16398
0.947305
0.931044
0.912436
0.895346
0.882177
0.871495
0.861697
0.852023
0.842433
0.833355
0.824389
0.80854
0.782852
0.761211
0.751232
0.745038
0.739765
0.734792
0.728513
0.721925
0.713877
0.699872
0.676281
0.655234
0.645115
0.639065
0.633506
0.627854
0.621771
0.614978
0.60744
0.599466
0.590267
0.576237
0.560722
0.552452
0.547539
0.542173
0.536789
0.531076
0.53065
0.531449
0.554719
0.649563
0.848438
1.02338
1.1366
1.19687
1.20637
1.20303
1.18764
1.1704
1.15675
1.14431
1.12952
1.11171
1.09981
1.09407
1.08998
1.08839
1.08459
1.07844
1.07243
1.06311
1.04544
1.02716
1.01781
1.01191
1.0064
1.00085
0.995077
0.988996
0.982199
0.973843
0.965064
0.956397
0.94711
0.939255
0.9325
0.925418
0.916759
0.90607
0.896234
0.890506
0.886795
0.883493
0.880401
0.878762
0.876545
0.87193
0.8649
0.855603
0.847259
0.842632
0.838736
0.833535
0.8287
0.822832
0.814706
0.805624
0.803435
0.80541
0.817281
0.866712
0.956724
1.03387
1.0555
1.05264
1.04247
1.03495
1.03275
1.03245
1.03645
1.04558
1.05638
1.06692
1.07845
1.08773
1.09454
1.10415
1.1201
1.14231
1.16917
1.19687
1.22127
1.26014
0.958606
0.945474
0.926883
0.906394
0.890735
0.879075
0.86953
0.861401
0.853787
0.843907
0.827544
0.805491
0.78396
0.770535
0.761716
0.754198
0.74822
0.74338
0.738045
0.731261
0.721029
0.702615
0.677081
0.658292
0.650125
0.644433
0.639208
0.633889
0.628042
0.621513
0.614309
0.605592
0.593945
0.58023
0.567195
0.556854
0.549429
0.544177
0.53967
0.534756
0.530439
0.527287
0.526088
0.529095
0.568185
0.690304
0.891812
1.06246
1.14003
1.16605
1.17405
1.17419
1.16628
1.15437
1.13912
1.11994
1.10194
1.09197
1.08682
1.0827
1.0786
1.07243
1.06495
1.05407
1.03845
1.02291
1.01391
1.00759
1.00177
0.996252
0.990705
0.98488
0.978338
0.970593
0.960967
0.950193
0.941035
0.933615
0.92725
0.920567
0.912381
0.901753
0.890389
0.884311
0.881288
0.878307
0.875786
0.874703
0.874135
0.870436
0.86408
0.855251
0.846176
0.83821
0.83295
0.829332
0.825838
0.821312
0.814323
0.80771
0.804817
0.810013
0.843229
0.92637
1.0143
1.0526
1.06116
1.0585
1.05074
1.04738
1.04705
1.04865
1.05441
1.07003
1.09572
1.12981
1.16799
1.20085
1.23004
1.25609
1.27847
1.28872
1.29397
1.30176
1.30687
1.31405
0.974258
0.959362
0.939091
0.919463
0.904621
0.892396
0.880679
0.868413
0.855056
0.840226
0.821646
0.801962
0.788794
0.781484
0.774257
0.766551
0.758104
0.748732
0.738424
0.727151
0.713651
0.697274
0.680191
0.667967
0.658345
0.649744
0.642613
0.636685
0.631236
0.625923
0.619994
0.611596
0.599438
0.58475
0.571574
0.561746
0.554039
0.548036
0.544013
0.541383
0.538886
0.534598
0.529231
0.523916
0.513225
0.520479
0.581687
0.743801
0.961604
1.06014
1.11175
1.14297
1.15864
1.15772
1.14803
1.12961
1.10853
1.0937
1.08543
1.08046
1.07464
1.06619
1.05506
1.04196
1.03044
1.0213
1.01278
1.00521
0.998513
0.992642
0.987042
0.980894
0.973429
0.964839
0.95639
0.947657
0.938195
0.929658
0.922524
0.916049
0.909016
0.899808
0.888
0.879043
0.875319
0.873542
0.872695
0.870296
0.867335
0.864676
0.862272
0.857987
0.849937
0.838828
0.829026
0.823198
0.818187
0.811609
0.806463
0.805502
0.808482
0.828157
0.897396
0.997838
1.05353
1.06048
1.06204
1.06191
1.06574
1.07596
1.09176
1.11266
1.14014
1.17399
1.21083
1.24795
1.27929
1.30378
1.33071
1.35548
1.36915
1.37037
1.36989
1.36778
1.36176
1.35091
0.97181
0.956009
0.941771
0.929291
0.917669
0.906053
0.893762
0.879966
0.861907
0.839647
0.817998
0.803496
0.796638
0.789764
0.782752
0.775638
0.767743
0.758077
0.74522
0.728642
0.70926
0.693159
0.684033
0.677117
0.668901
0.658956
0.649672
0.642748
0.636475
0.62967
0.622156
0.614237
0.604175
0.589119
0.572547
0.563596
0.558742
0.554392
0.549694
0.54439
0.538496
0.532527
0.526018
0.517892
0.509195
0.499872
0.498422
0.5212
0.626532
0.81064
1.01388
1.08857
1.12264
1.13695
1.1313
1.12394
1.11245
1.09852
1.08627
1.0767
1.06764
1.05681
1.0454
1.03415
1.02442
1.01384
1.00643
1.0016
0.996697
0.991018
0.984594
0.977562
0.969814
0.960736
0.949418
0.937425
0.928421
0.92259
0.91745
0.91216
0.906576
0.899529
0.890329
0.879975
0.870787
0.866481
0.864567
0.863104
0.861916
0.860044
0.856719
0.851627
0.845393
0.837017
0.825875
0.815504
0.808125
0.802268
0.800979
0.803653
0.818438
0.870558
0.980713
1.06709
1.08117
1.0781
1.0823
1.10052
1.13426
1.17828
1.22471
1.26684
1.30209
1.32968
1.34412
1.35556
1.36073
1.35586
1.35689
1.36818
1.38065
1.38775
1.38761
1.38235
1.37759
1.36563
0.974916
0.959362
0.947046
0.936846
0.926873
0.915889
0.902337
0.883427
0.859678
0.836121
0.820206
0.812894
0.80569
0.798018
0.790113
0.781582
0.77173
0.758766
0.743122
0.725267
0.707153
0.694375
0.68774
0.682006
0.67598
0.66802
0.656973
0.647284
0.641435
0.636475
0.630605
0.622237
0.610232
0.593837
0.578582
0.569668
0.563393
0.557802
0.552382
0.546503
0.540079
0.533237
0.52615
0.517964
0.509131
0.500502
0.494974
0.489251
0.495544
0.548413
0.704741
0.892946
1.04666
1.1125
1.11759
1.11454
1.10561
1.09661
1.08475
1.07225
1.06134
1.04871
1.03746
1.02815
1.01961
1.01119
1.00406
0.997217
0.990835
0.984728
0.97859
0.972268
0.965475
0.957096
0.945188
0.930288
0.919769
0.914381
0.910189
0.906109
0.901569
0.896692
0.890926
0.882609
0.871594
0.861375
0.856117
0.854147
0.852976
0.853028
0.851905
0.848623
0.844091
0.836164
0.822666
0.808163
0.800423
0.795667
0.797116
0.807343
0.850714
0.963736
1.10153
1.15212
1.16135
1.17449
1.20267
1.24083
1.28587
1.3341
1.37419
1.39979
1.41671
1.42195
1.41867
1.41027
1.3958
1.38713
1.38418
1.38533
1.39495
1.40296
1.40195
1.39614
1.39016
1.37184
0.978458
0.96524
0.955415
0.946727
0.938545
0.928669
0.912769
0.887917
0.860211
0.839231
0.829397
0.821572
0.814395
0.807712
0.800762
0.792294
0.780367
0.763818
0.743279
0.723329
0.709071
0.701203
0.694653
0.687479
0.67923
0.670796
0.662661
0.654661
0.646734
0.63842
0.629206
0.617842
0.603219
0.58967
0.581804
0.576295
0.570654
0.564354
0.557525
0.550333
0.542795
0.534589
0.526166
0.518366
0.508974
0.499012
0.491855
0.487641
0.486792
0.48631
0.507357
0.600734
0.779743
0.947224
1.05282
1.09153
1.10349
1.10159
1.09134
1.07602
1.06158
1.04765
1.03427
1.02362
1.01465
1.00602
0.997543
0.990257
0.984016
0.977857
0.971656
0.965707
0.959721
0.952224
0.940932
0.925008
0.912125
0.90736
0.90451
0.902479
0.899652
0.895333
0.890469
0.884136
0.874578
0.861287
0.851059
0.846751
0.84481
0.843316
0.842425
0.840649
0.8371
0.8302
0.818333
0.804737
0.796986
0.794893
0.801381
0.845949
0.976477
1.15562
1.27014
1.31243
1.33442
1.35595
1.37855
1.40148
1.42365
1.43109
1.43533
1.44146
1.44226
1.43762
1.4271
1.41185
1.40368
1.40134
1.39938
1.4023
1.41084
1.41387
1.40931
1.40175
1.39261
1.3719
0.986393
0.976163
0.965924
0.954636
0.941539
0.92657
0.90773
0.88417
0.861846
0.850743
0.84219
0.833159
0.82403
0.814562
0.803807
0.790942
0.776296
0.76026
0.741894
0.724454
0.714594
0.708093
0.701654
0.694171
0.685521
0.676243
0.667513
0.659104
0.650423
0.641238
0.631129
0.618318
0.602249
0.590097
0.584695
0.580357
0.575631
0.569713
0.562163
0.55394
0.546494
0.539296
0.530288
0.519046
0.50834
0.499733
0.493499
0.489433
0.486304
0.484002
0.479706
0.484706
0.524659
0.65347
0.841764
0.964514
1.03838
1.07878
1.08139
1.07778
1.06698
1.05059
1.03415
1.02141
1.01163
1.0021
0.98988
0.980597
0.974848
0.969251
0.963371
0.95786
0.953186
0.947494
0.937565
0.922295
0.909883
0.903287
0.899425
0.895733
0.892084
0.890057
0.888188
0.884326
0.87737
0.866043
0.852979
0.843322
0.838597
0.836029
0.833563
0.831064
0.82783
0.822181
0.814311
0.804193
0.798108
0.804449
0.862649
1.03703
1.24794
1.37866
1.43325
1.45655
1.46886
1.48156
1.49034
1.49098
1.48815
1.48236
1.47541
1.46847
1.46091
1.45131
1.43871
1.42528
1.41544
1.41033
1.4069
1.40473
1.40289
1.40074
1.39737
1.39067
1.38249
1.36671
0.996866
0.985477
0.974504
0.963448
0.949466
0.928577
0.90432
0.882753
0.870499
0.861658
0.852963
0.844843
0.836311
0.82545
0.811834
0.795311
0.776632
0.758142
0.742876
0.731866
0.722082
0.71139
0.701384
0.693918
0.688121
0.682256
0.674851
0.665914
0.655651
0.643949
0.630366
0.616484
0.604124
0.595067
0.588212
0.582566
0.577634
0.572946
0.567355
0.559892
0.55047
0.538895
0.526105
0.513621
0.505383
0.501827
0.498593
0.494762
0.490594
0.486793
0.481508
0.476301
0.466766
0.47911
0.544976
0.701587
0.876633
1.01923
1.03806
1.05296
1.0504
1.04149
1.03286
1.02286
1.00808
0.993007
0.978594
0.969825
0.965417
0.960467
0.955245
0.949942
0.944644
0.938262
0.930068
0.920545
0.910063
0.901038
0.895135
0.891503
0.888783
0.886046
0.88234
0.877871
0.873204
0.867323
0.858418
0.846239
0.835362
0.829062
0.825361
0.821502
0.816582
0.811591
0.807526
0.804717
0.819654
0.916646
1.14962
1.37675
1.48613
1.51312
1.50393
1.49644
1.50431
1.51405
1.51041
1.50249
1.49697
1.4926
1.485
1.47454
1.46349
1.45242
1.44309
1.43479
1.42653
1.4198
1.41337
1.4049
1.39659
1.38932
1.38341
1.37782
1.3705
1.36031
1.0089
0.996244
0.983482
0.967505
0.947246
0.92371
0.901222
0.889034
0.881359
0.872588
0.862985
0.852032
0.838538
0.82366
0.808536
0.792823
0.77605
0.759319
0.746325
0.736709
0.727156
0.716281
0.706025
0.698301
0.691111
0.683008
0.674653
0.667354
0.659667
0.648317
0.632357
0.616067
0.606695
0.600319
0.593818
0.587144
0.580369
0.573812
0.568514
0.563319
0.554789
0.541612
0.525211
0.512583
0.507061
0.503354
0.499415
0.495133
0.491268
0.487801
0.484549
0.479647
0.469417
0.454836
0.454261
0.486536
0.586584
0.7739
0.926493
1.024
1.04288
1.04231
1.03506
1.01898
1.00113
0.986996
0.973045
0.961359
0.955883
0.951478
0.948106
0.943613
0.938822
0.932782
0.922709
0.911405
0.905016
0.899999
0.894208
0.886314
0.881985
0.879028
0.877392
0.876255
0.873418
0.869222
0.861973
0.850223
0.83464
0.822543
0.815952
0.810248
0.805567
0.805023
0.807809
0.842553
0.999373
1.27749
1.49687
1.58407
1.58878
1.56495
1.54393
1.53617
1.53724
1.5389
1.53155
1.52129
1.51001
1.49814
1.48576
1.47227
1.46047
1.44931
1.44084
1.43412
1.42881
1.42293
1.41639
1.40681
1.39433
1.38385
1.37482
1.36771
1.36404
1.35906
1.01962
1.00319
0.985492
0.965963
0.944115
0.922372
0.908536
0.900169
0.890828
0.880763
0.869583
0.856355
0.841872
0.825904
0.808127
0.790786
0.775956
0.764117
0.753518
0.742205
0.731235
0.722646
0.715106
0.705867
0.696178
0.687027
0.678748
0.669916
0.659633
0.648289
0.635196
0.620296
0.608154
0.601708
0.596861
0.591706
0.585647
0.578821
0.57122
0.563976
0.556913
0.544913
0.527302
0.514106
0.508337
0.504637
0.500993
0.497195
0.493717
0.490294
0.485966
0.47913
0.4682
0.455447
0.448745
0.448336
0.455768
0.514389
0.66173
0.847024
0.962657
1.02147
1.02585
1.01787
1.00191
0.987484
0.974474
0.961088
0.951456
0.946616
0.943456
0.939376
0.934391
0.927631
0.916776
0.907466
0.902221
0.89721
0.891148
0.883405
0.875154
0.871139
0.86882
0.867799
0.866275
0.863036
0.85914
0.851136
0.834455
0.816537
0.806741
0.802632
0.80349
0.809354
0.872159
1.09416
1.39397
1.57977
1.6171
1.61435
1.5991
1.57392
1.55666
1.54817
1.54822
1.54895
1.54233
1.53334
1.5212
1.50403
1.48443
1.46872
1.45905
1.45103
1.44322
1.43718
1.43174
1.42624
1.41852
1.40614
1.39199
1.38079
1.37144
1.36401
1.36018
1.36057
1.02797
1.00914
0.986407
0.963104
0.941678
0.927768
0.91941
0.910188
0.900077
0.888965
0.876851
0.862662
0.843061
0.822456
0.804993
0.790051
0.777417
0.767465
0.758573
0.74946
0.73989
0.728744
0.714811
0.701372
0.691662
0.684752
0.678181
0.67066
0.661397
0.650366
0.637112
0.623724
0.613788
0.606495
0.599316
0.592185
0.586276
0.581186
0.57553
0.567169
0.554715
0.540367
0.528173
0.518918
0.512002
0.507158
0.503861
0.501713
0.499068
0.495137
0.489337
0.479654
0.467688
0.457298
0.451831
0.446938
0.44382
0.445479
0.473808
0.572776
0.739579
0.919679
0.96816
0.972321
0.979729
0.981935
0.975982
0.963372
0.949572
0.941554
0.936976
0.934077
0.931411
0.926538
0.915601
0.903277
0.897294
0.891919
0.886186
0.879348
0.870151
0.862751
0.860554
0.86021
0.861494
0.859442
0.85578
0.848074
0.831876
0.811718
0.801875
0.802129
0.816716
0.92574
1.21034
1.4838
1.63853
1.66792
1.66006
1.63827
1.6121
1.58749
1.56728
1.55587
1.55213
1.54482
1.53638
1.52762
1.51558
1.49887
1.48339
1.47272
1.46546
1.45834
1.44979
1.44117
1.43322
1.4254
1.41621
1.40397
1.39027
1.37941
1.37127
1.36514
1.36096
1.36416
1.03558
1.00885
0.98351
0.961108
0.946057
0.936722
0.927231
0.918229
0.909557
0.90025
0.886603
0.865431
0.840858
0.819121
0.80301
0.791092
0.780872
0.770827
0.761876
0.754338
0.746272
0.734639
0.718405
0.703149
0.693343
0.6863
0.679091
0.670748
0.661431
0.650682
0.638975
0.628704
0.619243
0.60934
0.601229
0.595207
0.589791
0.583448
0.57534
0.56478
0.550179
0.536284
0.528013
0.522872
0.518309
0.513935
0.509233
0.503636
0.496764
0.48983
0.483523
0.475641
0.466325
0.461718
0.458575
0.453686
0.447139
0.441086
0.437782
0.44853
0.501765
0.62991
0.799155
0.902643
0.948791
0.965785
0.969093
0.96436
0.95484
0.943459
0.931234
0.921088
0.915566
0.912992
0.909118
0.901162
0.893865
0.887448
0.88119
0.875211
0.868093
0.859635
0.854176
0.852482
0.852253
0.850736
0.847737
0.842433
0.830022
0.811129
0.808103
0.841364
1.00919
1.33628
1.60988
1.65103
1.65726
1.65831
1.65336
1.64147
1.62072
1.60028
1.58341
1.56886
1.55575
1.54179
1.53043
1.51969
1.50584
1.49156
1.48293
1.47606
1.4691
1.46137
1.45249
1.4426
1.43296
1.42399
1.41413
1.4029
1.39147
1.38302
1.3771
1.37159
1.3681
1.36789
1.03101
1.00413
0.981122
0.966373
0.95692
0.946526
0.935236
0.923633
0.912723
0.899793
0.882461
0.861354
0.83984
0.820962
0.80579
0.793996
0.784407
0.775543
0.766859
0.758037
0.747653
0.7361
0.723718
0.709709
0.696234
0.686407
0.679774
0.674043
0.66683
0.657724
0.647383
0.636179
0.624798
0.614259
0.606394
0.600001
0.593278
0.585425
0.576532
0.56381
0.546589
0.533874
0.528731
0.525438
0.522471
0.518854
0.514092
0.507537
0.499339
0.488983
0.479114
0.474824
0.472596
0.470117
0.466444
0.461262
0.453057
0.443463
0.43679
0.431926
0.431806
0.449748
0.526243
0.676577
0.812229
0.897772
0.954867
0.966399
0.965301
0.952167
0.934035
0.920832
0.909226
0.898694
0.891695
0.886145
0.883204
0.881458
0.87731
0.872892
0.868025
0.86186
0.853494
0.844166
0.840666
0.83807
0.835264
0.832349
0.825479
0.832024
0.906446
1.14849
1.49006
1.67912
1.73364
1.71382
1.66369
1.64436
1.63394
1.62583
1.61659
1.60739
1.59995
1.58291
1.5655
1.54936
1.53371
1.5161
1.49638
1.48574
1.48025
1.47493
1.46893
1.46108
1.45229
1.44301
1.43351
1.42352
1.41226
1.40169
1.39459
1.38922
1.38527
1.3823
1.37909
1.37112
1.02704
1.00293
0.986383
0.97679
0.966758
0.956206
0.945804
0.93469
0.918256
0.897543
0.875647
0.855874
0.839797
0.826385
0.813817
0.800948
0.78993
0.782209
0.775468
0.767001
0.755767
0.741493
0.726278
0.712805
0.701097
0.69047
0.679026
0.66847
0.660278
0.651784
0.641588
0.629993
0.621979
0.617839
0.613522
0.60804
0.600831
0.59151
0.577527
0.559853
0.545281
0.537334
0.533035
0.52929
0.525626
0.521671
0.516959
0.510444
0.500442
0.487793
0.477595
0.47221
0.468956
0.465875
0.462175
0.458049
0.45432
0.448473
0.440143
0.431068
0.42186
0.418316
0.42328
0.460886
0.575914
0.736635
0.866659
0.923101
0.949048
0.948827
0.942787
0.929285
0.913012
0.895779
0.879927
0.873207
0.870585
0.870363
0.874553
0.874849
0.871371
0.866049
0.854934
0.841352
0.83155
0.828652
0.827439
0.828894
0.856613
1.00875
1.32982
1.62267
1.74381
1.73977
1.72728
1.70336
1.66529
1.63864
1.6239
1.61266
1.60727
1.61078
1.60582
1.58726
1.57038
1.55462
1.53722
1.51467
1.49354
1.48427
1.47779
1.47221
1.46836
1.46099
1.45265
1.44493
1.4361
1.42365
1.41075
1.40379
1.39869
1.39578
1.39478
1.39178
1.38698
1.37499
1.02473
1.01468
1.00549
0.995179
0.983456
0.970397
0.954623
0.93439
0.911459
0.887545
0.867299
0.852312
0.841026
0.831299
0.82163
0.811588
0.800989
0.788396
0.774011
0.761861
0.750585
0.737255
0.723694
0.71323
0.704513
0.694515
0.6824
0.669874
0.65969
0.651102
0.640942
0.631137
0.624862
0.619484
0.613521
0.606707
0.598935
0.589097
0.574533
0.556646
0.545839
0.542483
0.539911
0.536594
0.532496
0.528204
0.522945
0.51465
0.501902
0.48739
0.477545
0.472659
0.4693
0.465978
0.462457
0.458709
0.455071
0.451483
0.444121
0.431175
0.419383
0.414133
0.412367
0.414016
0.43246
0.50663
0.657455
0.817716
0.892772
0.923171
0.925961
0.92415
0.916582
0.898199
0.877211
0.868386
0.865731
0.865041
0.86841
0.867581
0.863204
0.858938
0.854548
0.844603
0.830744
0.827375
0.837226
0.90617
1.12273
1.4787
1.70637
1.81568
1.82009
1.78039
1.73188
1.69623
1.66303
1.64149
1.62558
1.61345
1.60445
1.60123
1.60142
1.58663
1.57036
1.55543
1.53723
1.51372
1.49349
1.4843
1.47691
1.47111
1.46843
1.46248
1.45442
1.44766
1.43903
1.42438
1.41183
1.40579
1.40123
1.39969
1.39934
1.39536
1.39048
1.37583
1.02458
1.01404
1.00474
0.995078
0.984591
0.973067
0.957471
0.9344
0.905382
0.879351
0.863104
0.852854
0.843768
0.834351
0.82521
0.816675
0.807266
0.795331
0.780265
0.762996
0.748607
0.736464
0.725307
0.716089
0.707427
0.698242
0.687503
0.673488
0.658664
0.649615
0.644082
0.637809
0.63104
0.624419
0.617843
0.610319
0.600785
0.587705
0.572156
0.558909
0.55247
0.547174
0.541512
0.535317
0.529075
0.523556
0.518443
0.51219
0.501885
0.488363
0.480221
0.476484
0.47344
0.470237
0.466725
0.462849
0.458116
0.451542
0.442277
0.43077
0.420722
0.414502
0.41036
0.408875
0.408201
0.415661
0.457261
0.57018
0.723752
0.849287
0.89234
0.902624
0.900504
0.889075
0.86993
0.862847
0.861552
0.863064
0.866994
0.864823
0.860372
0.8552
0.849765
0.840966
0.846706
0.893026
1.0293
1.27375
1.5876
1.73774
1.78995
1.8001
1.80009
1.77264
1.73337
1.69655
1.66295
1.64369
1.62941
1.61738
1.60679
1.59893
1.59609
1.58567
1.56968
1.55486
1.53664
1.51323
1.49495
1.48559
1.47788
1.47154
1.46799
1.46479
1.45815
1.45012
1.44019
1.42724
1.41618
1.40964
1.40496
1.40285
1.40061
1.39624
1.39077
1.37311
1.02778
1.01805
1.00863
0.998879
0.988207
0.974728
0.955791
0.930542
0.903031
0.879939
0.863647
0.853132
0.845583
0.840853
0.836063
0.82828
0.819096
0.806698
0.787202
0.762784
0.744818
0.736803
0.730632
0.72312
0.714556
0.704984
0.693192
0.678555
0.662597
0.648067
0.638215
0.63182
0.625555
0.618971
0.61235
0.605144
0.595501
0.582579
0.570586
0.564796
0.559623
0.553056
0.545604
0.538312
0.531228
0.523818
0.51637
0.509261
0.501535
0.494059
0.48638
0.476451
0.468629
0.465214
0.462176
0.458537
0.454012
0.44776
0.439618
0.431117
0.42321
0.416776
0.411904
0.408332
0.405444
0.404587
0.405626
0.422586
0.485138
0.617338
0.761467
0.86811
0.88922
0.876625
0.854313
0.848926
0.849672
0.858249
0.866793
0.864642
0.862427
0.858529
0.870951
0.920368
1.04619
1.24085
1.45417
1.62744
1.75712
1.81308
1.79107
1.76413
1.76271
1.75103
1.72869
1.70009
1.67309
1.65264
1.63714
1.62369
1.61081
1.5986
1.58827
1.58072
1.56542
1.55063
1.5352
1.51576
1.49848
1.48789
1.48005
1.47313
1.46737
1.46177
1.45463
1.44542
1.43628
1.43042
1.42445
1.41749
1.41111
1.40465
1.39729
1.39038
1.38451
1.3681
1.03091
1.01986
1.0099
0.999033
0.985904
0.969081
0.948649
0.926266
0.904107
0.88514
0.871106
0.859341
0.848767
0.839759
0.831487
0.823392
0.814543
0.802859
0.78613
0.765733
0.748004
0.734481
0.724949
0.717303
0.709622
0.701076
0.691726
0.681186
0.666964
0.650293
0.637224
0.630196
0.625236
0.619999
0.612772
0.60185
0.589472
0.579827
0.575072
0.570787
0.564228
0.555676
0.546178
0.537027
0.52834
0.520104
0.512121
0.505764
0.50225
0.499094
0.492446
0.480801
0.469806
0.464227
0.461947
0.459033
0.453899
0.445284
0.435298
0.428322
0.424224
0.420624
0.416815
0.412971
0.408668
0.403447
0.398126
0.393424
0.39719
0.43055
0.525285
0.679027
0.800527
0.856748
0.852644
0.847795
0.847813
0.847194
0.848541
0.85273
0.868791
0.92884
1.06597
1.26704
1.4774
1.5762
1.64712
1.71616
1.76904
1.805
1.80122
1.77595
1.75362
1.74046
1.72526
1.70364
1.6829
1.66627
1.65059
1.63232
1.61449
1.5985
1.58448
1.57239
1.5593
1.54426
1.53028
1.51673
1.50362
1.49265
1.48424
1.4763
1.46859
1.46035
1.45043
1.44352
1.43842
1.43494
1.43024
1.42422
1.41724
1.40845
1.39849
1.38784
1.3788
1.36253
1.03841
1.02061
1.00601
0.99243
0.977093
0.958802
0.939398
0.922276
0.907802
0.895358
0.882594
0.868894
0.855133
0.842705
0.832758
0.823498
0.812738
0.799518
0.784672
0.768772
0.751922
0.736853
0.725265
0.716682
0.709187
0.701731
0.692644
0.681565
0.669524
0.656023
0.642013
0.630891
0.622922
0.61512
0.60677
0.597213
0.587808
0.582778
0.579348
0.574723
0.568853
0.560342
0.548235
0.53577
0.525612
0.517528
0.511238
0.506802
0.502727
0.497762
0.492225
0.485912
0.477651
0.467022
0.457847
0.453371
0.448654
0.44163
0.433926
0.429495
0.426697
0.42332
0.418331
0.411332
0.405079
0.400307
0.395042
0.390657
0.389051
0.390215
0.401818
0.462846
0.588471
0.730844
0.793537
0.840529
0.846703
0.85187
0.867975
0.915013
1.02515
1.21624
1.42627
1.60233
1.67104
1.69495
1.72308
1.74901
1.76368
1.77908
1.77764
1.75474
1.73197
1.71748
1.70741
1.69675
1.68483
1.67197
1.65921
1.64434
1.62269
1.59874
1.57993
1.56309
1.55105
1.53861
1.52625
1.5164
1.50864
1.50101
1.49219
1.48177
1.47081
1.45696
1.44461
1.43804
1.43326
1.43185
1.43156
1.42619
1.42027
1.4129
1.40206
1.38773
1.37316
1.35798
1.04902
1.02618
1.00326
0.982679
0.964703
0.948251
0.933007
0.920801
0.911308
0.902503
0.892518
0.88095
0.867343
0.851578
0.835693
0.821099
0.807699
0.794664
0.78201
0.770593
0.75916
0.745467
0.731303
0.718489
0.70762
0.699634
0.693291
0.686831
0.678606
0.66749
0.651863
0.633552
0.618421
0.607433
0.600012
0.595544
0.593721
0.592157
0.588038
0.583083
0.577222
0.567726
0.551635
0.534484
0.525075
0.519542
0.515119
0.511055
0.506722
0.502449
0.498636
0.494064
0.486353
0.473268
0.45854
0.448837
0.444057
0.440871
0.438087
0.435684
0.432777
0.429053
0.423444
0.414544
0.404342
0.398683
0.395683
0.392278
0.389365
0.386837
0.386077
0.391383
0.421466
0.520328
0.652665
0.755426
0.827368
0.936923
1.08433
1.22685
1.36482
1.4893
1.58741
1.6686
1.68994
1.6767
1.69751
1.74747
1.78275
1.78502
1.7723
1.75107
1.73183
1.71348
1.70353
1.69502
1.68515
1.67504
1.66485
1.65274
1.63292
1.60318
1.577
1.55775
1.54264
1.53396
1.52584
1.51943
1.51499
1.5101
1.50141
1.48864
1.46952
1.45017
1.44019
1.43451
1.43002
1.4295
1.43263
1.42895
1.4231
1.41697
1.40724
1.38865
1.36882
1.35711
1.04709
1.02311
0.997952
0.974119
0.953893
0.939404
0.929371
0.921701
0.916022
0.908088
0.898498
0.885425
0.867372
0.84933
0.832674
0.817169
0.803262
0.791333
0.780947
0.770434
0.758005
0.743698
0.729007
0.716325
0.706817
0.698627
0.690436
0.682531
0.674678
0.664764
0.650206
0.629622
0.611367
0.603269
0.598896
0.594775
0.590958
0.587999
0.583924
0.579152
0.573465
0.564242
0.548342
0.5302
0.519387
0.513743
0.50933
0.505149
0.501443
0.498194
0.494795
0.490401
0.483422
0.471853
0.456665
0.445173
0.439613
0.436321
0.433734
0.431325
0.428506
0.425218
0.420487
0.412594
0.401968
0.393951
0.390256
0.387302
0.384555
0.38244
0.380517
0.379669
0.380344
0.396218
0.472206
0.635695
0.891677
1.16847
1.41273
1.63877
1.79134
1.83674
1.78894
1.72607
1.66589
1.6371
1.66409
1.72703
1.78052
1.78086
1.75872
1.73534
1.72261
1.7093
1.69725
1.69052
1.68629
1.67832
1.66837
1.6565
1.63509
1.60144
1.57389
1.55402
1.53797
1.52904
1.52776
1.52484
1.51993
1.51236
1.50234
1.48759
1.46542
1.44559
1.43747
1.43191
1.42743
1.42734
1.43309
1.43181
1.42608
1.42004
1.40897
1.38686
1.36719
1.35761
)
;

boundaryField
{
    inlet
    {
        type            fixedValue;
        value           nonuniform 0();
    }
    outlet
    {
        type            zeroGradient;
    }
    bottom
    {
        type            symmetryPlane;
    }
    top
    {
        type            symmetryPlane;
    }
    obstacle
    {
        type            zeroGradient;
    }
    defaultFaces
    {
        type            empty;
    }
    procBoundary3to1
    {
        type            processor;
        value           nonuniform List<scalar> 
126
(
0.815161
0.805427
0.794587
0.782938
0.771839
0.761172
0.750224
0.738847
0.727544
0.716142
0.702163
0.685526
0.675359
0.669542
0.664347
0.659026
0.653531
0.648362
0.642823
0.639165
0.626599
0.625337
0.659483
0.775983
1.00184
1.22582
1.4208
1.46668
1.48357
1.47773
1.46678
1.4468
1.42615
1.40886
1.3967
1.38601
1.37573
1.36617
1.35628
1.34596
1.3362
1.32871
1.31856
1.30381
1.28526
1.26706
1.25373
1.24562
1.23972
1.2335
1.22731
1.22151
1.21534
1.20778
1.19584
1.17792
1.15907
1.14448
1.1337
1.12553
1.11917
1.11389
1.108
1.10091
1.09117
1.07693
1.06358
1.05439
1.04683
1.04023
1.03474
1.02948
1.02361
1.01754
1.01073
1.00247
0.993799
0.981766
0.970198
0.962732
0.958361
0.955003
0.953358
0.950308
0.944844
0.937386
0.92505
0.909092
0.896684
0.888538
0.883332
0.880401
0.878914
0.878728
0.878658
0.876241
0.869862
0.85666
0.843018
0.837902
0.836407
0.835985
0.837301
0.836492
0.834441
0.830344
0.822023
0.810753
0.804534
0.806934
0.817729
0.841834
0.876689
0.913148
0.935857
0.941845
0.942757
0.942128
0.941124
0.942384
0.944909
0.948885
0.9554
0.957837
0.955765
0.950588
)
;
    }
    procBoundary3to2
    {
        type            processor;
        value           nonuniform List<scalar> 
32
(
0.837129
0.849725
0.863925
0.878946
0.896931
0.911981
0.923107
0.933465
0.93987
0.950011
0.955236
0.962018
0.970171
0.984057
0.98701
0.992146
0.996551
1.00104
1.01056
1.02264
1.03476
1.04441
1.05773
1.05481
1.05053
1.04113
1.03797
1.03874
1.04573
1.05624
1.07055
1.06873
)
;
    }
}


// ************************************************************************* //
