/*--------------------------------*- C++ -*----------------------------------*\
  =========                 |
  \\      /  F ield         | OpenFOAM: The Open Source CFD Toolbox
   \\    /   O peration     | Website:  https://openfoam.org
    \\  /    A nd           | Version:  7
     \\/     M anipulation  |
\*---------------------------------------------------------------------------*/
FoamFile
{
    version     2.0;
    format      ascii;
    class       volScalarField;
    location    "2.2";
    object      rho;
}
// * * * * * * * * * * * * * * * * * * * * * * * * * * * * * * * * * * * * * //

dimensions      [1 -3 0 0 0 0 0];

internalField   nonuniform List<scalar> 
4608
(
1.40001
1.40001
1.40001
1.40001
1.40001
1.40001
1.40001
1.40001
1.40001
1.40001
1.40001
1.40001
1.40001
1.40001
1.40001
1.40001
1.40001
1.40001
1.40001
1.40001
1.40001
1.40001
1.40001
1.40001
1.40001
1.40001
1.40001
1.40001
1.40001
1.40001
1.40001
1.40001
1.40001
1.40001
1.40001
1.40001
1.40001
1.40001
1.40001
1.40001
1.40001
1.40001
1.40001
1.40001
1.40001
1.40001
1.40001
1.40001
1.40001
1.40001
1.40001
1.40001
1.40001
1.40001
1.40001
1.40001
1.40001
1.40001
1.40001
1.40001
1.40001
1.40001
1.40001
1.40001
1.40001
1.40001
1.40001
1.40001
1.40001
1.40001
1.40001
1.40002
1.4026
1.4381
1.87692
2.95107
5.34489
6.36146
6.33574
6.30589
6.16341
6.07098
5.97651
5.86924
5.76604
5.6656
5.56604
5.46433
5.36122
5.25403
5.14317
5.03189
4.92355
4.81884
4.71629
4.61305
1.40001
1.40001
1.40001
1.40001
1.40001
1.40001
1.40001
1.40001
1.40001
1.40001
1.40001
1.40001
1.40001
1.40001
1.40001
1.40001
1.40001
1.40001
1.40001
1.40001
1.40001
1.40001
1.40001
1.40001
1.40001
1.40001
1.40001
1.40001
1.40001
1.40001
1.40001
1.40001
1.40001
1.40001
1.40001
1.40001
1.40001
1.40001
1.40001
1.40001
1.40001
1.40001
1.40001
1.40001
1.40001
1.40001
1.40001
1.40001
1.40001
1.40001
1.40001
1.40001
1.40001
1.40001
1.40001
1.40001
1.40001
1.40001
1.40001
1.40001
1.40001
1.40001
1.40001
1.40001
1.40001
1.40001
1.40001
1.40001
1.40001
1.40001
1.40001
1.40001
1.40001
1.40004
1.40363
1.44691
1.85592
2.89659
4.71031
6.2463
6.27017
6.22986
6.08241
5.93262
5.85009
5.76903
5.67278
5.57198
5.46206
5.34739
5.23226
5.12375
5.02306
4.92564
4.82707
4.72589
1.40001
1.40001
1.40001
1.40001
1.40001
1.40001
1.40001
1.40001
1.40001
1.40001
1.40001
1.40001
1.40001
1.40001
1.40001
1.40001
1.40001
1.40001
1.40001
1.40001
1.40001
1.40001
1.40001
1.40001
1.40001
1.40001
1.40001
1.40001
1.40001
1.40001
1.40001
1.40001
1.40001
1.40001
1.40001
1.40001
1.40001
1.40001
1.40001
1.40001
1.40001
1.40001
1.40001
1.40001
1.40001
1.40001
1.40001
1.40001
1.40001
1.40001
1.40001
1.40001
1.40001
1.40001
1.40001
1.40001
1.40001
1.40001
1.40001
1.40001
1.40001
1.40001
1.40001
1.40001
1.40001
1.40001
1.40001
1.40001
1.40001
1.40001
1.40001
1.40001
1.40001
1.40001
1.40001
1.40007
1.40328
1.44284
1.7271
2.6421
3.9918
5.81529
6.16104
6.10255
6.087
5.93343
5.81873
5.7088
5.59058
5.46646
5.35738
5.25967
5.16584
5.07069
4.96982
4.86131
1.40001
1.40001
1.40001
1.40001
1.40001
1.40001
1.40001
1.40001
1.40001
1.40001
1.40001
1.40001
1.40001
1.40001
1.40001
1.40001
1.40001
1.40001
1.40001
1.40001
1.40001
1.40001
1.40001
1.40001
1.40001
1.40001
1.40001
1.40001
1.40001
1.40001
1.40001
1.40001
1.40001
1.40001
1.40001
1.40001
1.40001
1.40001
1.40001
1.40001
1.40001
1.40001
1.40001
1.40001
1.40001
1.40001
1.40001
1.40001
1.40001
1.40001
1.40001
1.40001
1.40001
1.40001
1.40001
1.40001
1.40001
1.40001
1.40001
1.40001
1.40001
1.40001
1.40001
1.40001
1.40001
1.40001
1.40001
1.40001
1.40001
1.40001
1.40001
1.40001
1.40001
1.40001
1.40001
1.40001
1.40001
1.40006
1.40178
1.42831
1.59197
2.23933
3.4115
4.85765
5.94395
6.04035
6.02366
6.00177
5.81612
5.62973
5.49436
5.40643
5.32735
5.24266
5.14494
5.03201
1.40001
1.40001
1.40001
1.40001
1.40001
1.40001
1.40001
1.40001
1.40001
1.40001
1.40001
1.40001
1.40001
1.40001
1.40001
1.40001
1.40001
1.40001
1.40001
1.40001
1.40001
1.40001
1.40001
1.40001
1.40001
1.40001
1.40001
1.40001
1.40001
1.40001
1.40001
1.40001
1.40001
1.40001
1.40001
1.40001
1.40001
1.40001
1.40001
1.40001
1.40001
1.40001
1.40001
1.40001
1.40001
1.40001
1.40001
1.40001
1.40001
1.40001
1.40001
1.40001
1.40001
1.40001
1.40001
1.40001
1.40001
1.40001
1.40001
1.40001
1.40001
1.40001
1.40001
1.40001
1.40001
1.40001
1.40001
1.40001
1.40001
1.40001
1.40001
1.40001
1.40001
1.40001
1.40001
1.40001
1.40001
1.40001
1.40001
1.40003
1.40074
1.41225
1.5001
1.84713
2.74
3.89183
5.22664
5.94899
5.94714
5.86541
5.80999
5.67118
5.54426
5.43628
5.32669
5.20326
1.40001
1.40001
1.40001
1.40001
1.40001
1.40001
1.40001
1.40001
1.40001
1.40001
1.40001
1.40001
1.40001
1.40001
1.40001
1.40001
1.40001
1.40001
1.40001
1.40001
1.40001
1.40001
1.40001
1.40001
1.40001
1.40001
1.40001
1.40001
1.40001
1.40001
1.40001
1.40001
1.40001
1.40001
1.40001
1.40001
1.40001
1.40001
1.40001
1.40001
1.40001
1.40001
1.40001
1.40001
1.40001
1.40001
1.40001
1.40001
1.40001
1.40001
1.40001
1.40001
1.40001
1.40001
1.40001
1.40001
1.40001
1.40001
1.40001
1.40001
1.40001
1.40001
1.40001
1.40001
1.40001
1.40001
1.40001
1.40001
1.40001
1.40001
1.40001
1.40001
1.40001
1.40001
1.40001
1.40001
1.40001
1.40001
1.40001
1.40001
1.40001
1.40001
1.40027
1.40353
1.43754
1.58988
2.13106
3.00557
4.19651
5.37067
5.66437
5.80751
5.78194
5.76231
5.66255
5.49473
1.40001
1.40001
1.40001
1.40001
1.40001
1.40001
1.40001
1.40001
1.40001
1.40001
1.40001
1.40001
1.40001
1.40001
1.40001
1.40001
1.40001
1.40001
1.40001
1.40001
1.40001
1.40001
1.40001
1.40001
1.40001
1.40001
1.40001
1.40001
1.40001
1.40001
1.40001
1.40001
1.40001
1.40001
1.40001
1.40001
1.40001
1.40001
1.40001
1.40001
1.40001
1.40001
1.40001
1.40001
1.40001
1.40001
1.40001
1.40001
1.40001
1.40001
1.40001
1.40001
1.40001
1.40001
1.40001
1.40001
1.40001
1.40001
1.40001
1.40001
1.40001
1.40001
1.40001
1.40001
1.40001
1.40001
1.40001
1.40001
1.40001
1.40001
1.40001
1.40001
1.40001
1.40001
1.40001
1.40001
1.40001
1.40001
1.40001
1.40001
1.40001
1.40001
1.40001
1.40001
1.40006
1.40073
1.41015
1.46455
1.69275
2.28551
3.07313
4.36191
5.15642
5.52786
5.73838
5.73918
1.40001
1.40001
1.40001
1.40001
1.40001
1.40001
1.40001
1.40001
1.40001
1.40001
1.40001
1.40001
1.40001
1.40001
1.40001
1.40001
1.40001
1.40001
1.40001
1.40001
1.40001
1.40001
1.40001
1.40001
1.40001
1.40001
1.40001
1.40001
1.40001
1.40001
1.40001
1.40001
1.40001
1.40001
1.40001
1.40001
1.40001
1.40001
1.40001
1.40001
1.40001
1.40001
1.40001
1.40001
1.40001
1.40001
1.40001
1.40001
1.40001
1.40001
1.40001
1.40001
1.40001
1.40001
1.40001
1.40001
1.40001
1.40001
1.40001
1.40001
1.40001
1.40001
1.40001
1.40001
1.40001
1.40001
1.40001
1.40001
1.40001
1.40001
1.40001
1.40001
1.40001
1.40001
1.40001
1.40001
1.40001
1.40001
1.40001
1.40001
1.40001
1.40001
1.40001
1.40001
1.40001
1.40001
1.40001
1.40013
1.40164
1.41693
1.48073
1.74994
2.2774
3.02517
4.27139
4.92512
1.40001
1.40001
1.40001
1.40001
1.40001
1.40001
1.40001
1.40001
1.40001
1.40001
1.40001
1.40001
1.40001
1.40001
1.40001
1.40001
1.40001
1.40001
1.40001
1.40001
1.40001
1.40001
1.40001
1.40001
1.40001
1.40001
1.40001
1.40001
1.40001
1.40001
1.40001
1.40001
1.40001
1.40001
1.40001
1.40001
1.40001
1.40001
1.40001
1.40001
1.40001
1.40001
1.40001
1.40001
1.40001
1.40001
1.40001
1.40001
1.40001
1.40001
1.40001
1.40001
1.40001
1.40001
1.40001
1.40001
1.40001
1.40001
1.40001
1.40001
1.40001
1.40001
1.40001
1.40001
1.40001
1.40001
1.40001
1.40001
1.40001
1.40001
1.40001
1.40001
1.40001
1.40001
1.40001
1.40001
1.40001
1.40001
1.40001
1.40001
1.40001
1.40001
1.40001
1.40001
1.40001
1.40001
1.40001
1.40001
1.40001
1.40002
1.40019
1.40228
1.41827
1.48053
1.72243
2.20663
1.40001
1.40001
1.40001
1.40001
1.40001
1.40001
1.40001
1.40001
1.40001
1.40001
1.40001
1.40001
1.40001
1.40001
1.40001
1.40001
1.40001
1.40001
1.40001
1.40001
1.40001
1.40001
1.40001
1.40001
1.40001
1.40001
1.40001
1.40001
1.40001
1.40001
1.40001
1.40001
1.40001
1.40001
1.40001
1.40001
1.40001
1.40001
1.40001
1.40001
1.40001
1.40001
1.40001
1.40001
1.40001
1.40001
1.40001
1.40001
1.40001
1.40001
1.40001
1.40001
1.40001
1.40001
1.40001
1.40001
1.40001
1.40001
1.40001
1.40001
1.40001
1.40001
1.40001
1.40001
1.40001
1.40001
1.40001
1.40001
1.40001
1.40001
1.40001
1.40001
1.40001
1.40001
1.40001
1.40001
1.40001
1.40001
1.40001
1.40001
1.40001
1.40001
1.40001
1.40001
1.40001
1.40001
1.40001
1.40001
1.40001
1.40001
1.40001
1.40001
1.40002
1.40021
1.40204
1.41538
1.40001
1.40001
1.40001
1.40001
1.40001
1.40001
1.40001
1.40001
1.40001
1.40001
1.40001
1.40001
1.40001
1.40001
1.40001
1.40001
1.40001
1.40001
1.40001
1.40001
1.40001
1.40001
1.40001
1.40001
1.40001
1.40001
1.40001
1.40001
1.40001
1.40001
1.40001
1.40001
1.40001
1.40001
1.40001
1.40001
1.40001
1.40001
1.40001
1.40001
1.40001
1.40001
1.40001
1.40001
1.40001
1.40001
1.40001
1.40001
1.40001
1.40001
1.40001
1.40001
1.40001
1.40001
1.40001
1.40001
1.40001
1.40001
1.40001
1.40001
1.40001
1.40001
1.40001
1.40001
1.40001
1.40001
1.40001
1.40001
1.40001
1.40001
1.40001
1.40001
1.40001
1.40001
1.40001
1.40001
1.40001
1.40001
1.40001
1.40001
1.40001
1.40001
1.40001
1.40001
1.40001
1.40001
1.40001
1.40001
1.40001
1.40001
1.40001
1.40001
1.40001
1.40001
1.40001
1.40002
1.40001
1.40001
1.40001
1.40001
1.40001
1.40001
1.40001
1.40001
1.40001
1.40001
1.40001
1.40001
1.40001
1.40001
1.40001
1.40001
1.40001
1.40001
1.40001
1.40001
1.40001
1.40001
1.40001
1.40001
1.40001
1.40001
1.40001
1.40001
1.40001
1.40001
1.40001
1.40001
1.40001
1.40001
1.40001
1.40001
1.40001
1.40001
1.40001
1.40001
1.40001
1.40001
1.40001
1.40001
1.40001
1.40001
1.40001
1.40001
1.40001
1.40001
1.40001
1.40001
1.40001
1.40001
1.40001
1.40001
1.40001
1.40001
1.40001
1.40001
1.40001
1.40001
1.40001
1.40001
1.40001
1.40001
1.40001
1.40001
1.40001
1.40001
1.40001
1.40001
1.40001
1.40001
1.40001
1.40001
1.40001
1.40001
1.40001
1.40001
1.40001
1.40001
1.40001
1.40001
1.40001
1.40001
1.40001
1.40001
1.40001
1.40001
1.40001
1.40001
1.40001
1.40001
1.40001
1.40001
1.40001
1.40001
1.40001
1.40001
1.40001
1.40001
1.40001
1.40001
1.40001
1.40001
1.40001
1.40001
1.40001
1.40001
1.40001
1.40001
1.40001
1.40001
1.40001
1.40001
1.40001
1.40001
1.40001
1.40001
1.40001
1.40001
1.40001
1.40001
1.40001
1.40001
1.40001
1.40001
1.40001
1.40001
1.40001
1.40001
1.40001
1.40001
1.40001
1.40001
1.40001
1.40001
1.40001
1.40001
1.40001
1.40001
1.40001
1.40001
1.40001
1.40001
1.40001
1.40001
1.40001
1.40001
1.40001
1.40001
1.40001
1.40001
1.40001
1.40001
1.40001
1.40001
1.40001
1.40001
1.40001
1.40001
1.40001
1.40001
1.40001
1.40001
1.40001
1.40001
1.40001
1.40001
1.40001
1.40001
1.40001
1.40001
1.40001
1.40001
1.40001
1.40001
1.40001
1.40001
1.40001
1.40001
1.40001
1.40001
1.40001
1.40001
1.40001
1.40001
1.40001
1.40001
1.40001
1.40001
1.40001
1.40001
1.40001
1.40001
1.40001
1.40001
1.40001
1.40001
1.40001
1.40001
1.40001
1.40001
1.40001
1.40001
1.40001
1.40001
1.40001
1.40001
1.40001
1.40001
1.40001
1.40001
1.40001
1.40001
1.40001
1.40001
1.40001
1.40001
1.40001
1.40001
1.40001
1.40001
1.40001
1.40001
1.40001
1.40001
1.40001
1.40001
1.40001
1.40001
1.40001
1.40001
1.40001
1.40001
1.40001
1.40001
1.40001
1.40001
1.40001
1.40001
1.40001
1.40001
1.40001
1.40001
1.40001
1.40001
1.40001
1.40001
1.40001
1.40001
1.40001
1.40001
1.40001
1.40001
1.40001
1.40001
1.40001
1.40001
1.40001
1.40001
1.40001
1.40001
1.40001
1.40001
1.40001
1.40001
1.40001
1.40001
1.40001
1.40001
1.40001
1.40001
1.40001
1.40001
1.40001
1.40001
1.40001
1.40001
1.40001
1.40001
1.40001
1.40001
1.40001
1.40001
1.40001
1.40001
1.40001
1.40001
1.40001
1.40001
1.40001
1.40001
1.40001
1.40001
1.40001
1.40001
1.40001
1.40001
1.40001
1.40001
1.40001
1.40001
1.40001
1.40001
1.40001
1.40001
1.40001
1.40001
1.40001
1.40001
1.40001
1.40001
1.40001
1.40001
1.40001
1.40001
1.40001
1.40001
1.40001
1.40001
1.40001
1.40001
1.40001
1.40001
1.40001
1.40001
1.40001
1.40001
1.40001
1.40001
1.40001
1.40001
1.40001
1.40001
1.40001
1.40001
1.40001
1.40001
1.40001
1.40001
1.40001
1.40001
1.40001
1.40001
1.40001
1.40001
1.40001
1.40001
1.40001
1.40001
1.40001
1.40001
1.40001
1.40001
1.40001
1.40001
1.40001
1.40001
1.40001
1.40001
1.40001
1.40001
1.40001
1.40001
1.40001
1.40001
1.40001
1.40001
1.40001
1.40001
1.40001
1.40001
1.40001
1.40001
1.40001
1.40001
1.40001
1.40001
1.40001
1.40001
1.40001
1.40001
1.40001
1.40001
1.40001
1.40001
1.40001
1.40001
1.40001
1.40001
1.40001
1.40001
1.40001
1.40001
1.40001
1.40001
1.40001
1.40001
1.40001
1.40001
1.40001
1.40001
1.40001
1.40001
1.40001
1.40001
1.40001
1.40001
1.40001
1.40001
1.40001
1.40001
1.40001
1.40001
1.40001
1.40001
1.40001
1.40001
1.40001
1.40001
1.40001
1.40001
1.40001
1.40001
1.40001
1.40001
1.40001
1.40001
1.40001
1.40001
1.40001
1.40001
1.40001
1.40001
1.40001
1.40001
1.40001
1.40001
1.40001
1.40001
1.40001
1.40001
1.40001
1.40001
1.40001
1.40001
1.40001
1.40001
1.40001
1.40001
1.40001
1.40001
1.40001
1.40001
1.40001
1.40001
1.40001
1.40001
1.40001
1.40001
1.40001
1.40001
1.40001
1.40001
1.40001
1.40001
1.40001
1.40001
1.40001
1.40001
1.40001
1.40001
1.40001
1.40001
1.40001
1.40001
1.40001
1.40001
1.40001
1.40001
1.40001
1.40001
1.40001
1.40001
1.40001
1.40001
1.40001
1.40001
1.40001
1.40001
1.40001
1.40001
1.40001
1.40001
1.40001
1.40001
1.40001
1.40001
1.40001
1.40001
1.40001
1.40001
1.40001
1.40001
1.40001
1.40001
1.40001
1.40001
1.40001
1.40001
1.40001
1.40001
1.40001
1.40001
1.40001
1.40001
1.40001
1.40001
1.40001
1.40001
1.40001
1.40001
1.40001
1.40001
1.40001
1.40001
1.40001
1.40001
1.40001
1.40001
1.40001
1.40001
1.40001
1.40001
1.40001
1.40001
1.40001
1.40001
1.40001
1.40001
1.40001
1.40001
1.40001
1.40001
1.40001
1.40001
1.40001
1.40001
1.40001
1.40001
1.40001
1.40001
1.40001
1.40001
1.40001
1.40001
1.40001
1.40001
1.40001
1.40001
1.40001
1.40001
1.40001
1.40001
1.40001
1.40001
1.40001
1.40001
1.40001
1.40001
1.40001
1.40001
1.40001
1.40001
1.40001
1.40001
1.40001
1.40001
1.40001
1.40001
1.40001
1.40001
1.40001
1.40001
1.40001
1.40001
1.40001
1.40001
1.40001
1.40001
1.40001
1.40001
1.40001
1.40001
1.40001
1.40001
1.40001
1.40001
1.40001
1.40001
1.40001
1.40001
1.40001
1.40001
1.40001
1.40001
1.40001
1.40001
1.40001
1.40001
1.40001
1.40001
1.40001
1.40001
1.40001
1.40001
1.40001
1.40001
1.40001
1.40001
1.40001
1.40001
1.40001
1.40001
1.40001
1.40001
1.40001
1.40001
1.40001
1.40001
1.40001
1.40001
1.40001
1.40001
1.40001
1.40001
1.40001
1.40001
1.40001
1.40001
1.40001
1.40001
1.40001
1.40001
1.40001
1.40001
1.40001
1.40001
1.40001
1.40001
1.40001
1.40001
1.40001
1.40001
1.40001
1.40001
1.40001
1.40001
1.40001
1.40001
1.40001
1.40001
1.40001
1.40001
1.40001
1.40001
1.40001
1.40001
1.40001
1.40001
1.40001
1.40001
1.40001
1.40001
1.40001
1.40001
1.40001
1.40001
1.40001
1.40001
1.40001
1.40001
1.40001
1.40001
1.40001
1.40001
1.40001
1.40001
1.40001
1.40001
1.40001
1.40001
1.40001
1.40001
1.40001
1.40001
1.40001
1.40001
1.40001
1.40001
1.40001
1.40001
1.40001
1.40001
1.40001
1.40001
1.40001
1.40001
1.40001
1.40001
1.40001
1.40001
1.40001
1.40001
1.40001
1.40001
1.40001
1.40001
1.40001
1.40001
1.40001
1.40001
1.40001
1.40001
1.40001
1.40001
1.40001
1.40001
1.40001
1.40001
1.40001
1.40001
1.40001
1.40001
1.40001
1.40001
1.40001
1.40001
1.40001
1.40001
1.40001
1.40001
1.40001
1.40001
1.40001
1.40001
1.40001
1.40001
1.40001
1.40001
1.40001
1.40001
1.40001
1.40001
1.40001
1.40001
1.40001
1.40001
1.40001
1.40001
1.40001
1.40001
1.40001
1.40001
1.40001
1.40001
1.40001
1.40001
1.40001
1.40001
1.40001
1.40001
1.40001
1.40001
1.40001
1.40001
1.40001
1.40001
1.40001
1.40001
1.40001
1.40001
1.40001
1.40001
1.40001
1.40001
1.40001
1.40001
1.40001
1.40001
1.40001
1.40001
1.40001
1.40001
1.40001
1.40001
1.40001
1.40001
1.40001
1.40001
1.40001
1.40001
1.40001
1.40001
1.40001
1.40001
1.40001
1.40001
1.40001
1.40001
1.40001
1.40001
1.40001
1.40001
1.40001
1.40001
1.40001
1.40001
1.40001
1.40001
1.40001
1.40001
1.40001
1.40001
1.40001
1.40001
1.40001
1.40001
1.40001
1.40001
1.40001
1.40001
1.40001
1.40001
1.40001
1.40001
1.40001
1.40001
1.40001
1.40001
1.40001
1.40001
1.40001
1.40001
1.40001
1.40001
1.40001
1.40001
1.40001
1.40001
1.40001
1.40001
1.40001
1.40001
1.40001
1.40001
1.40001
1.40001
1.40001
1.40001
1.40001
1.40001
1.40001
1.40001
1.40001
1.40001
1.40001
1.40001
1.40001
1.40001
1.40001
1.40001
1.40001
1.40001
1.40001
1.40001
1.40001
1.40001
1.40001
1.40001
1.40001
1.40001
1.40001
1.40001
1.40001
1.40001
1.40001
1.40001
1.40001
1.40001
1.40001
1.40001
1.40001
1.40001
1.40001
1.40001
1.40001
1.40001
1.40001
1.40001
1.40001
1.40001
1.40001
1.40001
1.40001
1.40001
1.40001
1.40001
1.40001
1.40001
1.40001
1.40001
1.40001
1.40001
1.40001
1.40001
1.40001
1.40001
1.40001
1.40001
1.40001
1.40001
1.40001
1.40001
1.40001
1.40001
1.40001
1.40001
1.40001
1.40001
1.40001
1.40001
1.40001
1.40001
1.40001
1.40001
1.40001
1.40001
1.40001
1.40001
1.40001
1.40001
1.40001
1.40001
1.40001
1.40001
1.40001
1.40001
1.40001
1.40001
1.40001
1.40001
1.40001
1.40001
1.40001
1.40001
1.40001
1.40001
1.40001
1.40001
1.40001
1.40001
1.40001
1.40001
1.40001
1.40001
1.40001
1.40001
1.40001
1.40001
1.40001
1.40001
1.40001
1.40001
1.40001
1.40001
1.40001
1.40001
1.40001
1.40001
1.40001
1.40001
1.40001
1.40001
1.40001
1.40001
1.40001
1.40001
1.40001
1.40001
1.40001
1.40001
1.40001
1.40001
1.40001
1.40001
1.40001
1.40001
1.40001
1.40001
1.40001
1.40001
1.40001
1.40001
1.40001
1.40001
1.40001
1.40001
1.40001
1.40001
1.40001
1.40001
1.40001
1.40001
1.40001
1.40001
1.40001
1.40001
1.40001
1.40001
1.40001
1.40001
1.40001
1.40001
1.40001
1.40001
1.40001
1.40001
1.40001
1.40001
1.40001
1.40001
1.40001
1.40001
1.40001
1.40001
1.40001
1.40001
1.40001
1.40001
1.40001
1.40001
1.40001
1.40001
1.40001
1.40001
1.40001
1.40001
1.40001
1.40001
1.40001
1.40001
1.40001
1.40001
1.40001
1.40001
1.40001
1.40001
1.40001
1.40001
1.40001
1.40001
1.40001
1.40001
1.40001
1.40001
1.40001
1.40001
1.40001
1.40001
1.40001
1.40001
1.40001
1.40001
1.40001
1.40001
1.40001
1.40001
1.40001
1.40001
1.40001
1.40001
1.40001
1.40001
1.40001
1.40001
1.40001
1.40001
1.40001
1.40001
1.40001
1.40001
1.40001
1.40001
1.40001
1.40001
1.40001
1.40001
1.40001
1.40001
1.40001
1.40001
1.40001
1.40001
1.40001
1.40001
1.40001
1.40001
1.40001
1.40001
1.40001
1.40001
1.40001
1.40001
1.40001
1.40001
1.40001
1.40001
1.40001
1.40001
1.40001
1.40001
1.40001
1.40001
1.40001
1.40001
1.40001
1.40001
1.40001
1.40001
1.40001
1.40001
1.40001
1.40001
1.40001
1.40001
1.40001
1.40001
1.40001
1.40001
1.40001
1.40001
1.40001
1.40001
1.40001
1.40001
1.40001
1.40001
1.40001
1.40001
1.40001
1.40001
1.40001
1.40001
1.40001
1.40001
1.40001
1.40001
1.40001
1.40001
1.40001
1.40001
1.40001
1.40001
1.40001
1.40001
1.40001
1.40001
1.40001
1.40001
1.40001
1.40001
1.40001
1.40001
1.40001
1.40001
1.40001
1.40001
1.40001
1.40001
1.40001
1.40001
1.40001
1.40001
1.40001
1.40001
1.40001
1.40001
1.40001
1.40001
1.40001
1.40001
1.40001
1.40001
1.40001
1.40001
1.40001
1.40001
1.40001
1.40001
1.40001
1.40001
1.40001
1.40001
1.40001
1.40001
1.40001
1.40001
1.40001
1.40001
1.40001
1.40001
1.40001
1.40001
1.40001
1.40001
1.40001
1.40001
1.40001
1.40001
1.40001
1.40001
1.40001
1.40001
1.40001
1.40001
1.40001
1.40001
1.40001
1.40001
1.40001
1.40001
1.40001
1.40001
1.40001
1.40001
1.40001
1.40001
1.40001
1.40001
1.40001
1.40001
1.40001
1.40001
1.40001
1.40001
4.50854
4.40242
4.29838
4.19625
4.09596
3.99979
3.90502
3.80938
3.71861
3.6306
3.5356
3.44258
3.36561
3.28894
3.20011
3.11676
3.05226
2.98737
2.90962
2.82858
2.77402
2.72372
2.66451
2.58784
2.52136
2.48332
2.44348
2.39262
2.32479
2.27738
2.24251
2.20166
2.15113
2.09233
2.06289
2.04109
2.01129
1.96994
1.91203
1.8796
1.85649
1.82917
1.79486
1.75496
1.73614
1.72043
1.69759
1.66535
1.61628
1.59166
1.58137
1.56489
1.54511
1.51677
1.49687
1.48354
1.46593
1.44327
1.40887
1.38311
1.37868
1.37217
1.36001
1.3432
1.31958
1.30319
1.28873
1.27302
1.25574
1.23351
1.2243
1.22094
1.21426
1.20382
1.18689
1.15999
1.14535
1.13697
1.12821
1.11991
1.10849
1.1009
1.09429
1.08516
1.07225
1.0515
1.03142
1.0263
1.02383
1.02057
1.0162
1.0101
1.00002
0.986045
0.970555
0.960551
4.62286
4.51911
4.41835
4.32124
4.2259
4.13282
4.04178
3.95252
3.86481
3.77778
3.69431
3.61432
3.5309
3.44714
3.37498
3.30563
3.22601
3.14502
3.08226
3.02333
2.95443
2.8788
2.82413
2.77663
2.72225
2.65346
2.59056
2.55277
2.51298
2.46388
2.39804
2.34829
2.31861
2.28445
2.24088
2.18517
2.15083
2.12441
2.09052
2.04679
1.99242
1.96705
1.95102
1.92748
1.89524
1.84975
1.82139
1.80036
1.77473
1.74371
1.70551
1.68912
1.68
1.66329
1.63929
1.6007
1.56933
1.55773
1.54247
1.52488
1.50075
1.48219
1.47346
1.46164
1.44329
1.41507
1.3814
1.37153
1.36831
1.35886
1.34634
1.32873
1.31275
1.30107
1.28629
1.26938
1.2479
1.23133
1.22768
1.22612
1.21942
1.20791
1.19229
1.16941
1.15455
1.1473
1.13974
1.13153
1.12013
1.11399
1.11005
1.10319
1.09065
1.06855
1.04924
1.04528
4.75082
4.64714
4.552
4.46174
4.3728
4.28132
4.18586
4.09254
4.00627
3.92197
3.83905
3.76256
3.68886
3.61173
3.53179
3.45697
3.38939
3.32232
3.2499
3.1765
3.11619
3.06112
2.99867
2.92811
2.87202
2.82491
2.77278
2.70919
2.6505
2.61322
2.5744
2.52734
2.46655
2.41911
2.38988
2.35569
2.31226
2.25608
2.22092
2.19606
2.16509
2.12577
2.07763
2.052
2.03236
2.00451
1.96719
1.91805
1.89487
1.88077
1.85976
1.83211
1.79558
1.77357
1.75681
1.73396
1.70452
1.66647
1.64948
1.64356
1.63064
1.61172
1.58344
1.55465
1.54011
1.52432
1.50701
1.48534
1.46496
1.45808
1.45178
1.4391
1.41907
1.389
1.36544
1.36152
1.35518
1.344
1.33123
1.31638
1.30687
1.29634
1.28151
1.26295
1.24007
1.22938
1.22808
1.22611
1.21787
1.20633
1.19229
1.17271
1.15951
1.15004
1.14191
1.13382
4.91232
4.80285
4.70979
4.62491
4.539
4.44754
4.3502
4.24901
4.15255
4.07322
4.00203
3.92444
3.84235
3.76738
3.69371
3.61216
3.5326
3.47239
3.41655
3.35201
3.27789
3.211
3.15723
3.10097
3.0369
2.97331
2.92382
2.87709
2.8256
2.76602
2.71333
2.67429
2.63341
2.58598
2.52863
2.48497
2.45505
2.42083
2.37832
2.32646
2.29318
2.26765
2.23602
2.1945
2.1473
2.12285
2.1017
2.07362
2.03713
1.996
1.97559
1.95849
1.93481
1.90194
1.86122
1.84145
1.82613
1.80614
1.78078
1.74998
1.73236
1.71882
1.7005
1.67598
1.63998
1.61848
1.61235
1.60157
1.58641
1.56473
1.54134
1.52738
1.51242
1.49467
1.4733
1.4515
1.4446
1.44132
1.43154
1.41597
1.39606
1.37103
1.36111
1.35415
1.34193
1.32866
1.31498
1.30865
1.30348
1.29298
1.27557
1.25148
1.23516
1.23231
1.23094
1.22439
5.08401
4.98803
4.90585
4.82374
4.73655
4.64077
4.53323
4.4211
4.32408
4.24419
4.17129
4.10125
4.02837
3.94331
3.8444
3.76662
3.70578
3.63702
3.56552
3.50907
3.45306
3.38569
3.30264
3.23708
3.19511
3.14855
3.09038
3.02513
2.9759
2.9319
2.88164
2.82026
2.76855
2.73307
2.69465
2.64928
2.59404
2.55182
2.52079
2.48587
2.44261
2.39272
2.36071
2.33331
2.30169
2.26066
2.21824
2.19478
2.17169
2.14406
2.10661
2.0653
2.04424
2.02437
2.00113
1.9712
1.93477
1.91547
1.89843
1.87847
1.85366
1.81772
1.79683
1.78138
1.7629
1.74417
1.71677
1.69722
1.68477
1.66909
1.65153
1.62416
1.59965
1.58809
1.57441
1.56086
1.54529
1.53128
1.51963
1.50431
1.48517
1.46027
1.44254
1.43874
1.43412
1.42351
1.40982
1.39321
1.3762
1.36465
1.35288
1.34048
1.3254
1.31216
1.30782
1.30412
5.29419
5.15651
5.08729
5.02321
4.94951
4.8596
4.74739
4.62409
4.5195
4.43996
4.37272
4.3031
4.22224
4.12992
4.03279
3.94168
3.86517
3.80767
3.75754
3.69803
3.61836
3.53532
3.47355
3.4136
3.34381
3.28778
3.25022
3.20691
3.14976
3.07116
3.01199
2.97754
2.93775
2.88571
2.83303
2.7962
2.75841
2.71437
2.65636
2.61004
2.58145
2.54993
2.51305
2.46514
2.42844
2.39985
2.36894
2.3333
2.28775
2.25988
2.23665
2.20928
2.17947
2.1376
2.11074
2.0924
2.06949
2.04571
2.00962
1.97863
1.96159
1.94048
1.92048
1.89384
1.8636
1.84837
1.83105
1.8122
1.79196
1.76018
1.7409
1.72704
1.70846
1.6941
1.67603
1.6528
1.64039
1.62661
1.6078
1.58969
1.57533
1.56127
1.54215
1.5255
1.51667
1.5079
1.49694
1.48335
1.46281
1.43633
1.42617
1.42295
1.41595
1.40612
1.39159
1.37631
5.70207
5.58514
5.38227
5.23793
5.15309
5.06619
4.96658
4.8511
4.7388
4.65628
4.58919
4.52129
4.44659
4.35759
4.24761
4.13404
4.06182
4.00654
3.94663
3.88593
3.82043
3.73942
3.6396
3.56124
3.52124
3.48211
3.42629
3.36146
3.30768
3.25075
3.18442
3.11152
3.06868
3.04222
3.0087
2.96452
2.89939
2.84291
2.80684
2.77037
2.72613
2.67911
2.64988
2.62083
2.58595
2.54364
2.48886
2.45488
2.43048
2.40343
2.37238
2.3319
2.30255
2.27736
2.24936
2.21871
2.17765
2.15232
2.13438
2.11031
2.08642
2.05423
2.02247
2.00586
1.98647
1.96535
1.94227
1.90844
1.88709
1.87246
1.85329
1.83615
1.81548
1.7861
1.77047
1.7589
1.74162
1.72482
1.70674
1.67834
1.65957
1.65242
1.64123
1.62805
1.61409
1.59015
1.5703
1.56125
1.54854
1.53493
1.52144
1.50091
1.49044
1.48635
1.47673
1.4614
5.36276
5.64282
5.65713
5.62387
5.54456
5.39397
5.25136
5.11834
4.99783
4.89797
4.81342
4.73803
4.66328
4.57815
4.47679
4.37616
4.29652
4.23128
4.17216
4.10546
4.02455
3.93652
3.84829
3.76666
3.70057
3.6574
3.61901
3.5695
3.50422
3.40842
3.32915
3.29328
3.25785
3.20916
3.15727
3.12012
3.07541
3.01869
2.94748
2.89141
2.86559
2.84298
2.81259
2.77456
2.71748
2.66943
2.63643
2.60437
2.56742
2.5259
2.50168
2.48009
2.44983
2.41524
2.36718
2.32711
2.30775
2.28652
2.26319
2.23531
2.20039
2.17596
2.15263
2.12752
2.09973
2.06456
2.04496
2.03043
2.00964
1.98837
1.9605
1.93083
1.91627
1.90002
1.88139
1.86333
1.83546
1.81237
1.8012
1.78508
1.76922
1.7544
1.72876
1.71034
1.70005
1.68392
1.66801
1.64875
1.62679
1.6201
1.61182
1.59674
1.57939
1.55827
1.54746
1.53951
2.86584
3.93343
4.74617
5.14526
5.47237
5.58279
5.56626
5.508
5.41956
5.28192
5.12733
5.00328
4.9033
4.80443
4.71326
4.62922
4.54316
4.45757
4.39106
4.33446
4.26719
4.18025
4.07062
3.98292
3.93332
3.88508
3.82487
3.75536
3.68878
3.61755
3.54455
3.47044
3.41962
3.39158
3.35922
3.31193
3.247
3.15719
3.09869
3.07277
3.04184
3.00157
2.95575
2.92178
2.88219
2.83217
2.77326
2.72034
2.697
2.68128
2.65636
2.62516
2.58328
2.52653
2.49204
2.46838
2.44379
2.41452
2.38156
2.36098
2.33929
2.30946
2.27478
2.23039
2.20257
2.18964
2.17269
2.15175
2.12887
2.09562
2.06943
2.04895
2.02789
2.00655
1.97786
1.96016
1.94831
1.92988
1.90974
1.88554
1.85492
1.8423
1.83217
1.81408
1.79602
1.7787
1.75463
1.73711
1.72718
1.71408
1.69715
1.68239
1.66983
1.65308
1.62979
1.61635
1.46706
1.65016
2.06176
2.67653
3.41323
4.45078
4.9887
5.21896
5.42763
5.48588
5.46794
5.43018
5.34868
5.19969
5.05705
4.91402
4.77996
4.70409
4.64601
4.57525
4.4881
4.40293
4.32311
4.24597
4.16667
4.10451
4.05975
4.00396
3.92447
3.82366
3.7348
3.67862
3.64236
3.60413
3.55454
3.49566
3.42308
3.34732
3.2972
3.25255
3.204
3.17012
3.14456
3.10599
3.04892
2.96956
2.90486
2.88571
2.86895
2.83852
2.80297
2.76123
2.71883
2.67614
2.63743
2.59838
2.56112
2.54321
2.53
2.50602
2.47306
2.42738
2.37372
2.3512
2.33793
2.31779
2.29651
2.26937
2.24389
2.21965
2.19032
2.16156
2.12838
2.10497
2.09482
2.08312
2.06347
2.04161
2.01078
1.97627
1.96297
1.95007
1.9311
1.91488
1.89663
1.8741
1.85815
1.84289
1.82376
1.80739
1.7923
1.76833
1.75231
1.74499
1.73162
1.71723
1.40015
1.4015
1.40976
1.44841
1.56075
1.85972
2.42407
3.02512
3.78173
4.74511
5.03702
5.21755
5.37849
5.41538
5.39682
5.35087
5.26365
5.13579
4.99435
4.85531
4.75836
4.67233
4.57203
4.47012
4.41073
4.36078
4.29654
4.21969
4.15485
4.08538
4.00329
3.91504
3.85846
3.81998
3.77383
3.71543
3.62982
3.54585
3.49631
3.45032
3.40018
3.36825
3.33659
3.28889
3.22056
3.13254
3.09087
3.0684
3.0373
3.00227
2.96601
2.9291
2.88246
2.82829
2.77262
2.73119
2.71647
2.70483
2.67879
2.6445
2.59956
2.54351
2.51399
2.49307
2.46945
2.44036
2.41748
2.40213
2.37874
2.3447
2.30162
2.25816
2.24056
2.23384
2.21985
2.19917
2.17812
2.14603
2.11117
2.09131
2.07265
2.05522
2.03721
2.01637
2.00343
1.98978
1.96815
1.94433
1.91559
1.89255
1.8843
1.87503
1.86086
1.84743
1.82811
1.80167
1.40001
1.40001
1.40001
1.40008
1.40074
1.40473
1.42724
1.49746
1.67353
2.06766
2.69423
3.28004
3.97012
4.84047
5.08196
5.17703
5.28342
5.3376
5.32374
5.28781
5.22893
5.1158
4.96264
4.8223
4.71666
4.60736
4.51537
4.46528
4.41045
4.33479
4.23228
4.1579
4.11684
4.0694
4.00606
3.93387
3.87099
3.80503
3.73413
3.65241
3.60692
3.58161
3.54096
3.48519
3.4063
3.32718
3.29428
3.2628
3.22471
3.18107
3.14671
3.1085
3.05581
2.99173
2.92714
2.90474
2.8923
2.86627
2.83277
2.79459
2.74149
2.69546
2.66388
2.63498
2.60159
2.58072
2.56794
2.54545
2.51105
2.46217
2.40784
2.38978
2.38115
2.3628
2.34194
2.31873
2.29139
2.26333
2.23269
2.2073
2.1795
2.15733
2.14844
2.14011
2.1231
2.1008
2.06968
2.02997
2.01186
2.00333
1.9923
1.98075
1.96214
1.94293
1.92602
1.90384
1.40001
1.40001
1.40001
1.40001
1.40001
1.40001
1.40004
1.40027
1.402
1.41072
1.45024
1.55097
1.77095
2.20732
2.86877
3.43797
4.00727
4.81314
5.10044
5.13816
5.20618
5.26705
5.2604
5.22944
5.18601
5.08848
4.95614
4.84357
4.72447
4.57707
4.48109
4.43391
4.37863
4.30044
4.22924
4.18143
4.12164
4.04638
3.95785
3.90218
3.87311
3.82866
3.76796
3.68551
3.60916
3.56268
3.51845
3.4674
3.41143
3.38099
3.34946
3.30027
3.23657
3.15542
3.11809
3.10296
3.07555
3.04179
3.00078
2.95481
2.90879
2.86408
2.82538
2.78275
2.75937
2.74811
2.7258
2.69184
2.64569
2.58399
2.55662
2.5426
2.52141
2.49565
2.47052
2.45274
2.42805
2.39234
2.34981
2.31186
2.29741
2.2915
2.27934
2.26041
2.23741
2.20059
2.16732
2.1464
2.13051
2.11472
2.09334
2.08147
2.07243
2.05487
2.02974
1.99526
1.40001
1.40001
1.40001
1.40001
1.40001
1.40001
1.40001
1.40001
1.40001
1.40001
1.4001
1.4006
1.40369
1.41707
1.47061
1.59592
1.83225
2.26699
2.93483
3.51926
3.975
4.67581
5.08869
5.09743
5.13003
5.18855
5.20651
5.19205
5.15756
5.08651
4.9695
4.83393
4.72169
4.60981
4.50445
4.43159
4.36349
4.27942
4.19971
4.16113
4.12068
4.06615
3.98907
3.92282
3.87233
3.81889
3.74895
3.67741
3.64624
3.61584
3.5677
3.49625
3.40428
3.36377
3.3442
3.31208
3.26601
3.21603
3.18449
3.14557
3.09363
3.03991
2.9836
2.95962
2.94961
2.92505
2.88909
2.84389
2.783
2.74773
2.72565
2.69956
2.66693
2.64086
2.62623
2.6032
2.56715
2.51707
2.46751
2.45383
2.44746
2.43004
2.40773
2.38241
2.35441
2.32311
2.2921
2.26632
2.23873
2.22427
2.21777
2.20705
2.1881
2.16202
2.12006
2.08745
1.40001
1.40001
1.40001
1.40001
1.40001
1.40001
1.40001
1.40001
1.40001
1.40001
1.40001
1.40001
1.40001
1.40002
1.40018
1.40101
1.40524
1.42111
1.48075
1.61901
1.85061
2.26007
2.86746
3.53263
3.92915
4.42875
5.008
5.10158
5.07546
5.10967
5.14915
5.14455
5.11642
5.07563
4.98679
4.87985
4.76944
4.61722
4.50685
4.44199
4.36586
4.28082
4.23097
4.18597
4.12557
4.03576
3.97468
3.94348
3.90682
3.84724
3.78014
3.72817
3.67319
3.61133
3.55031
3.5102
3.47041
3.43081
3.39418
3.34833
3.28524
3.20663
3.17528
3.16795
3.14485
3.10539
3.05657
2.99946
2.96209
2.9331
2.90033
2.86035
2.82682
2.81374
2.79331
2.75733
2.70816
2.64825
2.62663
2.61883
2.59932
2.57301
2.54482
2.52095
2.49229
2.45618
2.41976
2.3845
2.37105
2.36634
2.35284
2.33153
2.30462
2.26536
2.23404
2.21581
1.40001
1.40001
1.40001
1.40001
1.40001
1.40001
1.40001
1.40001
1.40001
1.40001
1.40001
1.40001
1.40001
1.40001
1.40001
1.40001
1.40001
1.40003
1.40023
1.40133
1.40576
1.42224
1.47588
1.61696
1.83624
2.19427
2.71685
3.41698
3.88506
4.22147
4.74652
5.07117
5.0687
5.05041
5.0859
5.09914
5.08995
5.05006
4.99617
4.91344
4.78902
4.68685
4.59816
4.47456
4.34307
4.29193
4.25069
4.19572
4.1244
4.07765
4.03398
3.97711
3.90009
3.82956
3.80007
3.76973
3.72517
3.65794
3.5962
3.55523
3.5066
3.44118
3.38777
3.36555
3.33842
3.29775
3.24305
3.18706
3.15249
3.11868
3.08046
3.03461
3.01315
2.9967
2.96425
2.91833
2.85466
2.8147
2.80588
2.78732
2.75839
2.72529
2.69962
2.67422
2.63811
2.59649
2.55093
2.53354
2.52846
2.51379
2.49063
2.46148
2.42904
2.39671
2.36954
2.34456
1.40001
1.40001
1.40001
1.40001
1.40001
1.40001
1.40001
1.40001
1.40001
1.40001
1.40001
1.40001
1.40001
1.40001
1.40001
1.40001
1.40001
1.40001
1.40001
1.40001
1.40001
1.40003
1.4002
1.40139
1.4054
1.42026
1.46147
1.58235
1.79484
2.09464
2.53919
3.13743
3.7906
4.10202
4.42654
4.91423
5.0572
5.02476
5.01272
5.04563
5.05244
5.03777
5.00121
4.94247
4.83888
4.7421
4.64807
4.5141
4.40997
4.35815
4.29673
4.19695
4.11109
4.08991
4.06152
4.01301
3.93915
3.8843
3.84913
3.80292
3.74237
3.66396
3.62828
3.60698
3.56854
3.51328
3.43876
3.39353
3.36092
3.32319
3.27326
3.22955
3.21301
3.18702
3.14475
3.08583
3.02389
3.00757
2.99175
2.96297
2.92623
2.89344
2.86998
2.83652
2.79447
2.74069
2.71032
2.70464
2.69102
2.66586
2.63351
2.6035
2.57311
2.54047
2.50658
2.47275
1.40001
1.40001
1.40001
1.40001
1.40001
1.40001
1.40001
1.40001
1.40001
1.40001
1.40001
1.40001
1.40001
1.40001
1.40001
1.40001
1.40001
1.40001
1.40001
1.40001
1.40001
1.40001
1.40001
1.40001
1.40001
1.40003
1.40014
1.40102
1.40452
1.41556
1.44738
1.52906
1.72147
1.98486
2.34485
2.8282
3.48189
4.00277
4.23102
4.55027
4.95193
5.03606
4.99998
4.97611
5.00122
5.00834
4.99383
4.9484
4.88714
4.79959
4.71066
4.60378
4.48049
4.39988
4.33361
4.24
4.15996
4.13254
4.09754
4.04183
3.95638
3.90542
3.88508
3.84986
3.79897
3.72681
3.67836
3.64633
3.60367
3.54662
3.47729
3.45275
3.43224
3.39227
3.33598
3.26199
3.23204
3.2157
3.18532
3.14382
3.10094
3.07919
3.05034
3.00963
2.95537
2.90601
2.89616
2.88419
2.85838
2.8226
2.78992
2.76286
2.72943
2.6917
2.64682
2.62978
1.40001
1.40001
1.40001
1.40001
1.40001
1.40001
1.40001
1.40001
1.40001
1.40001
1.40001
1.40001
1.40001
1.40001
1.40001
1.40001
1.40001
1.40001
1.40001
1.40001
1.40001
1.40001
1.40001
1.40001
1.40001
1.40001
1.40001
1.40001
1.40001
1.40002
1.4001
1.4005
1.40311
1.4106
1.4331
1.48484
1.61348
1.86925
2.15003
2.55183
3.08118
3.65871
4.12093
4.33489
4.59909
4.92696
5.00777
4.98092
4.94714
4.9638
4.97036
4.95576
4.90681
4.8418
4.77043
4.68004
4.57095
4.48185
4.4048
4.29728
4.19259
4.16328
4.13298
4.08373
4.00848
3.95565
3.92677
3.88515
3.83208
3.75996
3.72495
3.70701
3.67066
3.61587
3.53511
3.48956
3.46943
3.43593
3.38892
3.3308
3.30621
3.28304
3.2433
3.18874
3.12371
3.10471
3.09312
3.06617
3.0269
2.98576
2.96074
2.92999
2.89366
2.84268
2.80509
2.79922
1.40001
1.40001
1.40001
1.40001
1.40001
1.40001
1.40001
1.40001
1.40001
1.40001
1.40001
1.40001
1.40001
1.40001
1.40001
1.40001
1.40001
1.40001
1.40001
1.40001
1.40001
1.40001
1.40001
1.40001
1.40001
1.40001
1.40001
1.40001
1.40001
1.40001
1.40001
1.40001
1.40001
1.40001
1.40006
1.40028
1.40125
1.40687
1.42044
1.45264
1.53185
1.69839
1.96011
2.32316
2.70946
3.14762
3.85695
4.22275
4.34668
4.61337
4.9186
4.96665
4.93025
4.90441
4.92166
4.92559
4.91723
4.8799
4.83276
4.76241
4.64462
4.5473
4.48303
4.39763
4.27646
4.22078
4.18258
4.12534
4.03341
3.98723
3.97818
3.94889
3.89416
3.81443
3.7661
3.74759
3.71547
3.66873
3.59957
3.56399
3.54347
3.50601
3.45284
3.37775
3.34433
3.33036
3.30242
3.25995
3.20277
3.17653
3.15341
3.11793
3.06338
3.03546
3.03668
3.04843
1.40001
1.40001
1.40001
1.40001
1.40001
1.40001
1.40001
1.40001
1.40001
1.40001
1.40001
1.40001
1.40001
1.40001
1.40001
1.40001
1.40001
1.40001
1.40001
1.40001
1.40001
1.40001
1.40001
1.40001
1.40001
1.40001
1.40001
1.40001
1.40001
1.40001
1.40001
1.40001
1.40001
1.40001
1.40001
1.40001
1.40001
1.40001
1.40003
1.40013
1.40055
1.40284
1.41013
1.43002
1.48088
1.56383
1.75401
2.10178
2.38964
2.75782
3.42282
3.78449
4.12205
4.41994
4.6085
4.81878
4.92539
4.93235
4.90018
4.8873
4.89105
4.8851
4.85247
4.80022
4.73358
4.64693
4.57243
4.49834
4.38201
4.27801
4.23449
4.18803
4.10925
4.0345
4.01141
3.98315
3.93727
3.85885
3.81003
3.79101
3.75871
3.70841
3.627
3.58492
3.57419
3.55288
3.50616
3.46799
3.46295
3.45724
3.47863
3.5334
3.65658
3.88523
4.15409
4.60125
1.40001
1.40001
1.40001
1.40001
1.40001
1.40001
1.40001
1.40001
1.40001
1.40001
1.40001
1.40001
1.40001
1.40001
1.40001
1.40001
1.40001
1.40001
1.40001
1.40001
1.40001
1.40001
1.40001
1.40001
1.40001
1.40001
1.40001
1.40001
1.40001
1.40001
1.40001
1.40001
1.40001
1.40001
1.40001
1.40001
1.40001
1.40001
1.40001
1.40001
1.40001
1.40001
1.40001
1.40005
1.40026
1.40102
1.40343
1.4162
1.44422
1.48759
1.61218
1.81905
2.07022
2.47529
2.86225
3.21351
3.85411
4.28088
4.34737
4.51334
4.80154
4.89953
4.88941
4.84617
4.84552
4.85292
4.8504
4.84648
4.81313
4.73224
4.63824
4.55118
4.44023
4.37331
4.33987
4.29698
4.21303
4.16207
4.14958
4.12976
4.09467
4.0639
4.06681
4.09298
4.16058
4.27627
4.45206
4.71697
5.01408
5.41647
5.91099
6.37224
7.02434
7.54437
7.95027
8.47444
1.40001
1.40001
1.40001
1.40001
1.40001
1.40001
1.40001
1.40001
1.40001
1.40001
1.40001
1.40001
1.40001
1.40001
1.40001
1.40001
1.40001
1.40001
1.40001
1.40001
1.40001
1.40001
1.40001
1.40001
1.40001
1.40001
1.40001
1.40001
1.40001
1.40001
1.40001
1.40001
1.40001
1.40001
1.40001
1.40001
1.40001
1.40001
1.40001
1.40001
1.40001
1.40001
1.40001
1.40001
1.40001
1.40001
1.40001
1.40002
1.4001
1.40033
1.40132
1.40614
1.41686
1.44445
1.51242
1.60561
1.79222
2.16053
2.46285
2.75347
3.39273
3.76166
3.96881
4.36864
4.58649
4.65822
4.7671
4.84961
4.87112
4.91454
4.9548
4.96413
4.9754
5.01224
5.11513
5.19604
5.26435
5.40863
5.63775
5.94133
6.17076
6.51138
6.86974
7.24602
7.74025
8.04043
8.49037
8.84869
9.01384
9.35469
9.4952
9.59683
9.69426
9.70359
9.69881
9.68167
1.40001
1.40001
1.40001
1.40001
1.40001
1.40001
1.40001
1.40001
1.40001
1.40001
1.40001
1.40001
1.40001
1.40001
1.40001
1.40001
1.40001
1.40001
1.40001
1.40001
1.40001
1.40001
1.40001
1.40001
1.40001
1.40001
1.40001
1.40001
1.40001
1.40001
1.40001
1.40001
1.40001
1.40001
1.40001
1.40001
1.40001
1.40001
1.40001
1.40001
1.40001
1.40001
1.40001
1.40001
1.40001
1.40001
1.40001
1.40001
1.40001
1.40001
1.40001
1.40001
1.40003
1.40009
1.40048
1.40168
1.40464
1.41932
1.45488
1.50056
1.62526
1.84105
2.08724
2.49885
2.93269
3.34629
4.04624
4.766
5.30184
5.90183
6.70679
7.42989
8.09755
8.79011
9.4418
10.039
10.639
11.2559
11.8748
12.2335
12.5567
12.9983
13.1942
13.4241
13.638
13.5716
13.5681
13.5161
13.2889
13.1024
12.8402
12.5023
12.1332
11.71
11.2294
10.7348
)
;

boundaryField
{
    inlet
    {
        type            calculated;
        value           uniform 1.40001;
    }
    outlet
    {
        type            calculated;
        value           nonuniform 0();
    }
    bottom
    {
        type            symmetryPlane;
    }
    top
    {
        type            symmetryPlane;
    }
    obstacle
    {
        type            calculated;
        value           nonuniform 0();
    }
    defaultFaces
    {
        type            empty;
    }
    procBoundary2to0
    {
        type            processor;
        value           nonuniform List<scalar> 
192
(
1.40001
1.40001
1.40001
1.40001
1.40001
1.40001
1.40001
1.40001
1.40001
1.40001
1.40001
1.40001
1.40001
1.40001
1.40001
1.40001
1.40001
1.40001
1.40001
1.40001
1.40001
1.40001
1.40001
1.40001
1.40001
1.40001
1.40001
1.40001
1.40001
1.40001
1.40001
1.40001
1.40001
1.40001
1.40001
1.40001
1.40001
1.40001
1.40001
1.40001
1.40001
1.40001
1.40001
1.40001
1.40001
1.40001
1.40001
1.40001
1.40001
1.40001
1.40001
1.40001
1.40001
1.40001
1.40001
1.40001
1.40001
1.40001
1.40001
1.40001
1.40001
1.40001
1.40001
1.40001
1.40001
1.40001
1.40001
1.40001
1.40001
1.40001
1.40108
1.42115
1.79403
2.8219
5.50721
6.46179
6.45153
6.37225
6.24373
6.17014
6.08216
5.99363
5.90579
5.81444
5.71802
5.61902
5.51697
5.4135
5.30875
5.20138
5.09029
4.97554
4.85891
4.74564
4.63482
4.52231
4.41085
4.29978
4.18893
4.07914
3.96988
3.8595
3.75731
3.65976
3.55406
3.4512
3.36492
3.27693
3.17742
3.09088
3.02103
2.94673
2.85716
2.7689
2.71307
2.66197
2.59902
2.51438
2.44698
2.40281
2.3543
2.29474
2.22663
2.18814
2.15683
2.11689
2.06216
1.99151
1.95744
1.93255
1.90166
1.86017
1.81315
1.78907
1.76591
1.73592
1.6935
1.64081
1.62251
1.60997
1.59018
1.56461
1.52822
1.50641
1.49033
1.46925
1.44252
1.40448
1.3862
1.38187
1.37152
1.35541
1.33043
1.30352
1.29071
1.27724
1.26099
1.23938
1.21817
1.21252
1.20849
1.19862
1.18229
1.15642
1.13561
1.12946
1.1216
1.11071
1.09524
1.08592
1.08089
1.0738
1.06333
1.0458
1.02216
1.01313
1.01186
1.0097
1.00449
0.996865
0.988417
0.980302
0.969942
0.960098
0.951058
0.945688
0.943835
0.942315
0.940701
0.939053
0.935297
0.926288
)
;
    }
    procBoundary2to1
    {
        type            processor;
        value           nonuniform List<scalar> 8(0.95473 1.04447 1.12504 1.21412 1.29637 1.36641 1.43918 1.52688);
    }
    procBoundary2to3
    {
        type            processor;
        value           nonuniform List<scalar> 
16
(
1.60873
1.70146
1.78599
1.88213
1.96385
2.07832
2.20053
2.31783
2.46221
2.62466
2.78821
3.07589
5.0794
8.76745
9.59963
10.2671
)
;
    }
}


// ************************************************************************* //
