/*--------------------------------*- C++ -*----------------------------------*\
  =========                 |
  \\      /  F ield         | OpenFOAM: The Open Source CFD Toolbox
   \\    /   O peration     | Website:  https://openfoam.org
    \\  /    A nd           | Version:  7
     \\/     M anipulation  |
\*---------------------------------------------------------------------------*/
FoamFile
{
    version     2.0;
    format      ascii;
    class       volScalarField;
    location    "2.6";
    object      rho;
}
// * * * * * * * * * * * * * * * * * * * * * * * * * * * * * * * * * * * * * //

dimensions      [1 -3 0 0 0 0 0];

internalField   nonuniform List<scalar> 
4608
(
1.40001
1.40001
1.40001
1.40001
1.40001
1.40001
1.40001
1.40001
1.40001
1.40001
1.40001
1.40001
1.40001
1.40001
1.40001
1.40001
1.40001
1.40001
1.40001
1.40001
1.40001
1.40001
1.40001
1.40001
1.40001
1.40001
1.40001
1.40001
1.40001
1.40001
1.40001
1.40001
1.40001
1.40001
1.40001
1.40001
1.40001
1.40333
1.60296
2.99379
3.62754
3.67115
3.66468
3.66674
3.66681
3.66625
3.6637
3.66057
3.65733
3.65451
3.652
3.64902
3.64658
3.64598
3.64538
3.64327
3.63885
3.62989
3.62083
3.61646
3.61581
3.61903
3.61818
3.61009
3.59644
3.57779
3.56366
3.55387
3.54526
3.53822
3.52939
3.51244
3.48953
3.46124
3.43601
3.41445
3.39571
3.38171
3.37095
3.34979
3.31992
3.28593
3.25229
3.21822
3.18465
3.15209
3.12383
3.09517
3.06122
3.01895
2.97408
2.92862
2.88339
2.83834
2.79529
2.75537
1.40001
1.40001
1.40001
1.40001
1.40001
1.40001
1.40001
1.40001
1.40001
1.40001
1.40001
1.40001
1.40001
1.40001
1.40001
1.40001
1.40001
1.40001
1.40001
1.40001
1.40001
1.40001
1.40001
1.40001
1.40001
1.40001
1.40001
1.40001
1.40001
1.40001
1.40001
1.40001
1.40001
1.40001
1.40001
1.40001
1.40001
1.40001
1.40223
1.56251
2.68872
3.55219
3.63073
3.6316
3.63936
3.64423
3.64723
3.64525
3.63836
3.62765
3.61895
3.61614
3.61539
3.61729
3.61788
3.61442
3.60922
3.60034
3.5875
3.57921
3.57543
3.57592
3.57924
3.57598
3.56573
3.54879
3.52781
3.51375
3.50385
3.49607
3.49002
3.47816
3.45911
3.43461
3.40624
3.38243
3.36101
3.34281
3.33002
3.31616
3.29008
3.2592
3.2254
3.19134
3.15856
3.12635
3.0982
3.07453
3.04945
3.01384
2.97399
2.93331
2.89199
2.84977
2.80776
2.76732
1.40001
1.40001
1.40001
1.40001
1.40001
1.40001
1.40001
1.40001
1.40001
1.40001
1.40001
1.40001
1.40001
1.40001
1.40001
1.40001
1.40001
1.40001
1.40001
1.40001
1.40001
1.40001
1.40001
1.40001
1.40001
1.40001
1.40001
1.40001
1.40001
1.40001
1.40001
1.40001
1.40001
1.40001
1.40001
1.40001
1.40001
1.40001
1.40001
1.40151
1.50525
2.29907
3.43108
3.59412
3.59647
3.60001
3.61357
3.61892
3.61797
3.60999
3.59604
3.58558
3.58256
3.58224
3.58525
3.58534
3.5811
3.57413
3.56155
3.5471
3.54007
3.5373
3.53951
3.54086
3.53325
3.51862
3.49631
3.47602
3.46402
3.4548
3.44945
3.44399
3.42936
3.40932
3.38345
3.35549
3.33244
3.31093
3.2933
3.28062
3.26431
3.23745
3.20747
3.17531
3.14357
3.11306
3.0846
3.05988
3.03924
3.01186
2.97658
2.93877
2.89943
2.8597
2.82033
2.78249
1.40001
1.40001
1.40001
1.40001
1.40001
1.40001
1.40001
1.40001
1.40001
1.40001
1.40001
1.40001
1.40001
1.40001
1.40001
1.40001
1.40001
1.40001
1.40001
1.40001
1.40001
1.40001
1.40001
1.40001
1.40001
1.40001
1.40001
1.40001
1.40001
1.40001
1.40001
1.40001
1.40001
1.40001
1.40001
1.40001
1.40001
1.40001
1.40001
1.40001
1.4008
1.4504
1.88608
3.21885
3.54724
3.57659
3.57696
3.58719
3.5908
3.58941
3.57847
3.56181
3.55499
3.55453
3.55755
3.56145
3.55964
3.55327
3.5419
3.52438
3.51206
3.50608
3.50474
3.50785
3.50301
3.49053
3.47144
3.44731
3.4301
3.41754
3.40842
3.40368
3.39556
3.37853
3.35742
3.33105
3.30513
3.28344
3.26317
3.24659
3.23388
3.21806
3.19424
3.16792
3.13985
3.11174
3.08418
3.05813
3.03625
3.01486
2.98717
2.95583
2.92258
2.88895
2.85737
2.82999
1.40001
1.40001
1.40001
1.40001
1.40001
1.40001
1.40001
1.40001
1.40001
1.40001
1.40001
1.40001
1.40001
1.40001
1.40001
1.40001
1.40001
1.40001
1.40001
1.40001
1.40001
1.40001
1.40001
1.40001
1.40001
1.40001
1.40001
1.40001
1.40001
1.40001
1.40001
1.40001
1.40001
1.40001
1.40001
1.40001
1.40001
1.40001
1.40001
1.40001
1.40001
1.40029
1.41307
1.65554
2.73912
3.44573
3.56447
3.56966
3.56515
3.561
3.54954
3.53703
3.53204
3.53059
3.53163
3.53532
3.53636
3.53163
3.52329
3.50954
3.49328
3.48322
3.47665
3.47393
3.47038
3.45942
3.44447
3.42441
3.40329
3.38735
3.37436
3.36492
3.35808
3.34607
3.32878
3.30891
3.2855
3.26455
3.24608
3.2293
3.21568
3.20426
3.18978
3.1696
3.1477
3.12548
3.10418
3.08447
3.06747
3.05646
3.04937
3.04046
3.03157
3.02312
3.01696
3.01511
1.40001
1.40001
1.40001
1.40001
1.40001
1.40001
1.40001
1.40001
1.40001
1.40001
1.40001
1.40001
1.40001
1.40001
1.40001
1.40001
1.40001
1.40001
1.40001
1.40001
1.40001
1.40001
1.40001
1.40001
1.40001
1.40001
1.40001
1.40001
1.40001
1.40001
1.40001
1.40001
1.40001
1.40001
1.40001
1.40001
1.40001
1.40001
1.40001
1.40001
1.40001
1.40001
1.40004
1.4036
1.52228
2.13225
3.29994
3.51872
3.5369
3.53313
3.53302
3.53213
3.52994
3.52251
3.51147
3.50472
3.50156
3.50027
3.49866
3.49273
3.48315
3.46893
3.45452
3.44414
3.43496
3.42706
3.41726
3.40345
3.38742
3.36915
3.35324
3.33998
3.3287
3.31944
3.30902
3.29436
3.27854
3.2609
3.24529
3.23261
3.22184
3.2144
3.21165
3.21199
3.21326
3.21537
3.22009
3.2284
3.24107
3.25859
3.27884
3.29791
3.31119
3.31819
3.32029
3.31836
1.40001
1.40001
1.40001
1.40001
1.40001
1.40001
1.40001
1.40001
1.40001
1.40001
1.40001
1.40001
1.40001
1.40001
1.40001
1.40001
1.40001
1.40001
1.40001
1.40001
1.40001
1.40001
1.40001
1.40001
1.40001
1.40001
1.40001
1.40001
1.40001
1.40001
1.40001
1.40001
1.40001
1.40001
1.40001
1.40001
1.40001
1.40001
1.40001
1.40001
1.40001
1.40001
1.40001
1.40001
1.4011
1.43355
1.72986
2.75607
3.40534
3.49555
3.50958
3.51452
3.5162
3.51052
3.49815
3.47817
3.46884
3.46565
3.46752
3.47086
3.46556
3.45519
3.4377
3.41777
3.40529
3.39572
3.39133
3.38699
3.37661
3.36366
3.34647
3.33032
3.31944
3.31147
3.30849
3.30728
3.304
3.3023
3.30399
3.31301
3.33073
3.35803
3.39286
3.42917
3.46059
3.48559
3.50561
3.52253
3.53752
3.55153
3.56263
3.567
3.56262
3.55093
3.53278
3.51111
1.40001
1.40001
1.40001
1.40001
1.40001
1.40001
1.40001
1.40001
1.40001
1.40001
1.40001
1.40001
1.40001
1.40001
1.40001
1.40001
1.40001
1.40001
1.40001
1.40001
1.40001
1.40001
1.40001
1.40001
1.40001
1.40001
1.40001
1.40001
1.40001
1.40001
1.40001
1.40001
1.40001
1.40001
1.40001
1.40001
1.40001
1.40001
1.40001
1.40001
1.40001
1.40001
1.40001
1.40001
1.40001
1.40015
1.40613
1.53527
2.02283
3.1589
3.42018
3.5049
3.51031
3.50076
3.48982
3.46355
3.44774
3.44235
3.44282
3.44856
3.44609
3.4372
3.421
3.39832
3.38586
3.3792
3.37929
3.38317
3.37976
3.37368
3.3639
3.3559
3.36087
3.37675
3.40779
3.44971
3.4905
3.5276
3.56235
3.5969
3.63234
3.6697
3.70553
3.72969
3.7377
3.73463
3.72448
3.71425
3.7069
3.70535
3.70535
3.69041
3.66365
3.63311
3.60364
3.57741
1.40001
1.40001
1.40001
1.40001
1.40001
1.40001
1.40001
1.40001
1.40001
1.40001
1.40001
1.40001
1.40001
1.40001
1.40001
1.40001
1.40001
1.40001
1.40001
1.40001
1.40001
1.40001
1.40001
1.40001
1.40001
1.40001
1.40001
1.40001
1.40001
1.40001
1.40001
1.40001
1.40001
1.40001
1.40001
1.40001
1.40001
1.40001
1.40001
1.40001
1.40001
1.40001
1.40001
1.40001
1.40001
1.40001
1.40001
1.40138
1.4249
1.67188
2.44016
3.27995
3.46586
3.49502
3.46922
3.43782
3.42841
3.42337
3.42653
3.43271
3.42905
3.4222
3.40763
3.38883
3.38409
3.38609
3.39757
3.41612
3.43611
3.46432
3.49843
3.54148
3.59645
3.65857
3.72353
3.78184
3.82361
3.84638
3.85319
3.85644
3.86215
3.87294
3.88808
3.88594
3.86526
3.83563
3.80848
3.78622
3.76973
3.76462
3.76286
3.7432
3.7147
3.68238
3.65303
3.62894
1.40001
1.40001
1.40001
1.40001
1.40001
1.40001
1.40001
1.40001
1.40001
1.40001
1.40001
1.40001
1.40001
1.40001
1.40001
1.40001
1.40001
1.40001
1.40001
1.40001
1.40001
1.40001
1.40001
1.40001
1.40001
1.40001
1.40001
1.40001
1.40001
1.40001
1.40001
1.40001
1.40001
1.40001
1.40001
1.40001
1.40001
1.40001
1.40001
1.40001
1.40001
1.40001
1.40001
1.40001
1.40001
1.40001
1.40001
1.40001
1.40009
1.40456
1.47554
1.82806
2.7384
3.36903
3.42753
3.42336
3.41506
3.42101
3.42724
3.42452
3.42004
3.40942
3.40626
3.41982
3.44969
3.50142
3.56649
3.63833
3.71229
3.78265
3.84636
3.9006
3.94252
3.9744
3.99853
4.01147
4.00743
3.99512
3.98316
3.97021
3.95799
3.94824
3.93589
3.91718
3.89503
3.87094
3.84657
3.82389
3.80469
3.79279
3.78791
3.7732
3.74727
3.71865
3.69191
3.66833
1.40001
1.40001
1.40001
1.40001
1.40001
1.40001
1.40001
1.40001
1.40001
1.40001
1.40001
1.40001
1.40001
1.40001
1.40001
1.40001
1.40001
1.40001
1.40001
1.40001
1.40001
1.40001
1.40001
1.40001
1.40001
1.40001
1.40001
1.40001
1.40001
1.40001
1.40001
1.40001
1.40001
1.40001
1.40001
1.40001
1.40001
1.40001
1.40001
1.40001
1.40001
1.40001
1.40001
1.40001
1.40001
1.40001
1.40001
1.40001
1.40001
1.40001
1.40052
1.4115
1.54511
1.96917
2.95003
3.29444
3.38825
3.42522
3.43924
3.45692
3.47274
3.50347
3.572
3.67068
3.78402
3.88839
3.97
4.02428
4.05239
4.07483
4.09825
4.12385
4.1304
4.11785
4.09466
4.07283
4.05569
4.04589
4.0431
4.03211
4.0084
3.98299
3.95923
3.93869
3.92352
3.91033
3.88915
3.86516
3.84307
3.8244
3.81102
3.80181
3.78627
3.7628
3.73717
3.71345
1.40001
1.40001
1.40001
1.40001
1.40001
1.40001
1.40001
1.40001
1.40001
1.40001
1.40001
1.40001
1.40001
1.40001
1.40001
1.40001
1.40001
1.40001
1.40001
1.40001
1.40001
1.40001
1.40001
1.40001
1.40001
1.40001
1.40001
1.40001
1.40001
1.40001
1.40001
1.40001
1.40001
1.40001
1.40001
1.40001
1.40001
1.40001
1.40001
1.40001
1.40001
1.40001
1.40001
1.40001
1.40001
1.40001
1.40001
1.40001
1.40001
1.40001
1.40001
1.40003
1.40165
1.42169
1.61252
2.08404
3.00493
3.38202
3.6079
3.7257
3.81979
3.91868
4.01466
4.10606
4.18505
4.23018
4.23893
4.22113
4.20402
4.19084
4.19
4.1979
4.18653
4.16311
4.13195
4.10646
4.08721
4.07769
4.07762
4.06511
4.04158
4.0137
3.98767
3.96652
3.95163
3.94574
3.9344
3.91227
3.88701
3.86288
3.84249
3.82798
3.82148
3.80871
3.78595
3.76098
1.40001
1.40001
1.40001
1.40001
1.40001
1.40001
1.40001
1.40001
1.40001
1.40001
1.40001
1.40001
1.40001
1.40001
1.40001
1.40001
1.40001
1.40001
1.40001
1.40001
1.40001
1.40001
1.40001
1.40001
1.40001
1.40001
1.40001
1.40001
1.40001
1.40001
1.40001
1.40001
1.40001
1.40001
1.40001
1.40001
1.40001
1.40001
1.40001
1.40001
1.40001
1.40001
1.40001
1.40001
1.40001
1.40001
1.40001
1.40001
1.40001
1.40001
1.40001
1.40001
1.40001
1.40008
1.40314
1.434
1.65315
2.74549
3.98558
4.18084
4.21647
4.2532
4.27546
4.29458
4.3088
4.3055
4.28217
4.25361
4.22805
4.20877
4.201
4.20256
4.19101
4.16852
4.14307
4.12126
4.10308
4.09275
4.09266
4.08365
4.06282
4.03799
4.01541
3.99727
3.98557
3.9834
3.97488
3.95404
3.92766
3.90125
3.88032
3.86492
3.85853
3.84942
3.8284
3.80337
1.40001
1.40001
1.40001
1.40001
1.40001
1.40001
1.40001
1.40001
1.40001
1.40001
1.40001
1.40001
1.40001
1.40001
1.40001
1.40001
1.40001
1.40001
1.40001
1.40001
1.40001
1.40001
1.40001
1.40001
1.40001
1.40001
1.40001
1.40001
1.40001
1.40001
1.40001
1.40001
1.40001
1.40001
1.40001
1.40001
1.40001
1.40001
1.40001
1.40001
1.40001
1.40001
1.40001
1.40001
1.40001
1.40001
1.40001
1.40001
1.40001
1.40001
1.40001
1.40001
1.40001
1.40001
1.40001
1.40016
1.40412
2.08559
3.85318
4.23041
4.20597
4.20575
4.20974
4.21768
4.22535
4.22389
4.21531
4.20369
4.1908
4.17978
4.17405
4.1717
4.16661
4.15641
4.14111
4.12383
4.10868
4.09983
4.09793
4.09055
4.07163
4.05116
4.03281
4.01774
4.00887
4.00886
4.00271
3.98268
3.95803
3.93265
3.91212
3.89636
3.88864
3.88165
3.86341
3.84083
1.40001
1.40001
1.40001
1.40001
1.40001
1.40001
1.40001
1.40001
1.40001
1.40001
1.40001
1.40001
1.40001
1.40001
1.40001
1.40001
1.40001
1.40001
1.40001
1.40001
1.40001
1.40001
1.40001
1.40001
1.40001
1.40001
1.40001
1.40001
1.40001
1.40001
1.40001
1.40001
1.40001
1.40001
1.40001
1.40001
1.40001
1.40001
1.40001
1.40001
1.40001
1.40001
1.40001
1.40001
1.40001
1.40001
1.40001
1.40001
1.40001
1.40001
1.40001
1.40001
1.40001
1.40001
1.40001
1.40001
1.40001
1.76405
3.62294
4.10949
4.09634
4.09923
4.10878
4.11295
4.11406
4.10964
4.10359
4.09771
4.09265
4.08982
4.08949
4.09116
4.09398
4.09624
4.09584
4.0918
4.08578
4.07909
4.07094
4.06039
4.0487
4.0377
4.02803
4.02061
4.01679
4.01719
4.01406
3.99645
3.97392
3.95174
3.93223
3.91626
3.90674
3.90077
3.88746
3.86913
1.40001
1.40001
1.40001
1.40001
1.40001
1.40001
1.40001
1.40001
1.40001
1.40001
1.40001
1.40001
1.40001
1.40001
1.40001
1.40001
1.40001
1.40001
1.40001
1.40001
1.40001
1.40001
1.40001
1.40001
1.40001
1.40001
1.40001
1.40001
1.40001
1.40001
1.40001
1.40001
1.40001
1.40001
1.40001
1.40001
1.40001
1.40001
1.40001
1.40001
1.40001
1.40001
1.40001
1.40001
1.40001
1.40001
1.40001
1.40001
1.40001
1.40001
1.40001
1.40001
1.40001
1.40001
1.40001
1.40001
1.40001
1.48453
3.27065
4.0712
4.10419
4.10615
4.10279
4.08751
4.07039
4.0547
4.04092
4.02904
4.02054
4.01751
4.02101
4.03021
4.04148
4.05016
4.05396
4.05235
4.04476
4.03141
4.01538
4.00122
3.99196
3.98777
3.98696
3.98737
3.98761
3.98616
3.9807
3.97004
3.95576
3.9398
3.9238
3.9095
3.89856
3.89082
3.88362
3.87415
1.40001
1.40001
1.40001
1.40001
1.40001
1.40001
1.40001
1.40001
1.40001
1.40001
1.40001
1.40001
1.40001
1.40001
1.40001
1.40001
1.40001
1.40001
1.40001
1.40001
1.40001
1.40001
1.40001
1.40001
1.40001
1.40001
1.40001
1.40001
1.40001
1.40001
1.40001
1.40001
1.40001
1.40001
1.40001
1.40001
1.40001
1.40001
1.40001
1.40001
1.40001
1.40001
1.40001
1.40001
1.40001
1.40001
1.40001
1.40001
1.40001
1.40001
1.40001
1.40001
1.40001
1.40001
1.40001
1.40001
1.40001
1.40045
2.81519
4.05253
4.11049
4.09367
4.0761
4.05059
4.02711
4.01093
3.99923
3.99645
4.00103
4.00814
4.01323
4.01485
4.01209
4.00458
3.99292
3.97752
3.95994
3.94257
3.92887
3.92191
3.9226
3.92884
3.93633
3.94093
3.94053
3.93478
3.92506
3.91324
3.89995
3.88624
3.87372
3.86353
3.85599
3.85125
3.84878
3.84652
1.40001
1.40001
1.40001
1.40001
1.40001
1.40001
1.40001
1.40001
1.40001
1.40001
1.40001
1.40001
1.40001
1.40001
1.40001
1.40001
1.40001
1.40001
1.40001
1.40001
1.40001
1.40001
1.40001
1.40001
1.40001
1.40001
1.40001
1.40001
1.40001
1.40001
1.40001
1.40001
1.40001
1.40001
1.40001
1.40001
1.40001
1.40001
1.40001
1.40001
1.40001
1.40001
1.40001
1.40001
1.40001
1.40001
1.40001
1.40001
1.40001
1.40001
1.40001
1.40001
1.40001
1.40001
1.40001
1.40001
1.40001
1.40001
2.41232
3.96375
4.10098
4.07615
4.04862
4.02753
4.01576
4.01302
4.01649
4.02124
4.02319
4.02152
4.01408
3.9988
3.97944
3.95857
3.9387
3.91889
3.90143
3.89171
3.89246
3.89867
3.90472
3.90758
3.90525
3.89703
3.8839
3.86738
3.84934
3.83245
3.81861
3.80967
3.80584
3.80562
3.80687
3.80833
3.80914
3.80863
1.40001
1.40001
1.40001
1.40001
1.40001
1.40001
1.40001
1.40001
1.40001
1.40001
1.40001
1.40001
1.40001
1.40001
1.40001
1.40001
1.40001
1.40001
1.40001
1.40001
1.40001
1.40001
1.40001
1.40001
1.40001
1.40001
1.40001
1.40001
1.40001
1.40001
1.40001
1.40001
1.40001
1.40001
1.40001
1.40001
1.40001
1.40001
1.40001
1.40001
1.40001
1.40001
1.40001
1.40001
1.40001
1.40001
1.40001
1.40001
1.40001
1.40001
1.40001
1.40001
1.40001
1.40001
1.40001
1.40001
1.40001
1.40001
2.07964
3.82984
4.07808
4.05244
4.03505
4.02964
4.0339
4.04256
4.04709
4.04366
4.03241
4.0168
3.99781
3.97398
3.94901
3.92889
3.91249
3.90388
3.90566
3.9118
3.91583
3.91592
3.90977
3.89417
3.87368
3.85241
3.83216
3.81244
3.7937
3.77914
3.77386
3.77833
3.78585
3.79051
3.78966
3.78348
3.77339
3.75967
1.40001
1.40001
1.40001
1.40001
1.40001
1.40001
1.40001
1.40001
1.40001
1.40001
1.40001
1.40001
1.40001
1.40001
1.40001
1.40001
1.40001
1.40001
1.40001
1.40001
1.40001
1.40001
1.40001
1.40001
1.40001
1.40001
1.40001
1.40001
1.40001
1.40001
1.40001
1.40001
1.40001
1.40001
1.40001
1.40001
1.40001
1.40001
1.40001
1.40001
1.40001
1.40001
1.40001
1.40001
1.40001
1.40001
1.40001
1.40001
1.40001
1.40001
1.40001
1.40001
1.40001
1.40001
1.40001
1.40001
1.40001
1.40001
1.81556
3.6608
4.06363
4.04812
4.04733
4.05864
4.07
4.07234
4.06262
4.04584
4.02695
4.00433
3.97892
3.95648
3.93944
3.92727
3.92488
3.92936
3.93598
3.93719
3.92956
3.91324
3.89363
3.86953
3.84281
3.81944
3.80024
3.78547
3.78235
3.78964
3.79935
3.80377
3.80141
3.78986
3.77076
3.74911
3.72631
3.70402
1.40001
1.40001
1.40001
1.40001
1.40001
1.40001
1.40001
1.40001
1.40001
1.40001
1.40001
1.40001
1.40001
1.40001
1.40001
1.40001
1.40001
1.40001
1.40001
1.40001
1.40001
1.40001
1.40001
1.40001
1.40001
1.40001
1.40001
1.40001
1.40001
1.40001
1.40001
1.40001
1.40001
1.40001
1.40001
1.40001
1.40001
1.40001
1.40001
1.40001
1.40001
1.40001
1.40001
1.40001
1.40001
1.40001
1.40001
1.40001
1.40001
1.40001
1.40001
1.40001
1.40001
1.40001
1.40001
1.40001
1.40001
1.40001
1.6219
3.47765
4.06503
4.0668
4.07946
4.09313
4.09244
4.07729
4.05709
4.03418
4.00882
3.98392
3.96443
3.94892
3.94105
3.94452
3.95463
3.96233
3.95961
3.94525
3.9268
3.90432
3.87707
3.85067
3.83116
3.81533
3.80617
3.80739
3.81517
3.8235
3.82346
3.81092
3.79193
3.76887
3.74074
3.71245
3.68958
3.6701
1.40001
1.40001
1.40001
1.40001
1.40001
1.40001
1.40001
1.40001
1.40001
1.40001
1.40001
1.40001
1.40001
1.40001
1.40001
1.40001
1.40001
1.40001
1.40001
1.40001
1.40001
1.40001
1.40001
1.40001
1.40001
1.40001
1.40001
1.40001
1.40001
1.40001
1.40001
1.40001
1.40001
1.40001
1.40001
1.40001
1.40001
1.40001
1.40001
1.40001
1.40001
1.40001
1.40001
1.40001
1.40001
1.40001
1.40001
1.40001
1.40001
1.40001
1.40001
1.40001
1.40001
1.40001
1.40001
1.40001
1.40001
1.40001
1.50319
3.32313
4.07269
4.09396
4.10547
4.10631
4.08891
4.06661
4.04039
4.01308
3.98879
3.97076
3.95655
3.95202
3.95957
3.97449
3.98431
3.97934
3.96232
3.94192
3.91583
3.88533
3.85937
3.84126
3.82698
3.82104
3.82653
3.8392
3.84777
3.84146
3.82394
3.80291
3.77529
3.7431
3.7165
3.69786
3.68261
3.67509
1.40001
1.40001
1.40001
1.40001
1.40001
1.40001
1.40001
1.40001
1.40001
1.40001
1.40001
1.40001
1.40001
1.40001
1.40001
1.40001
1.40001
1.40001
1.40001
1.40001
1.40001
1.40001
1.40001
1.40001
1.40001
1.40001
1.40001
1.40001
1.40001
1.40001
1.40001
1.40001
1.40001
1.40001
1.40001
1.40001
1.40001
1.40001
1.40001
1.40001
1.40001
1.40001
1.40001
1.40001
1.40001
1.40001
1.40001
1.40001
1.40001
1.40001
1.40001
1.40001
1.40001
1.40001
1.40001
1.40001
1.40001
1.40001
1.44356
3.21853
4.0777
4.11265
4.11494
4.10381
4.08098
4.05381
4.02498
3.99933
3.98097
3.96626
3.95887
3.96457
3.98106
3.99611
3.9945
3.97779
3.95645
3.92803
3.89428
3.86644
3.84818
3.83368
3.82711
3.83353
3.85043
3.86439
3.85941
3.84136
3.81896
3.78839
3.75146
3.72172
3.70311
3.6883
3.68178
3.68868
1.40001
1.40001
1.40001
1.40001
1.40001
1.40001
1.40001
1.40001
1.40001
1.40001
1.40001
1.40001
1.40001
1.40001
1.40001
1.40001
1.40001
1.40001
1.40001
1.40001
1.40001
1.40001
1.40001
1.40001
1.40001
1.40001
1.40001
1.40001
1.40001
1.40001
1.40001
1.40001
1.40001
1.40001
1.40001
1.40001
1.40001
1.40001
1.40001
1.40001
1.40001
1.40001
1.40001
1.40001
1.40001
1.40001
1.40001
1.40001
1.40001
1.40001
1.40001
1.40001
1.40001
1.40001
1.40001
1.40001
1.40001
1.40001
1.42259
3.16647
4.07326
4.11714
4.11292
4.09938
4.07493
4.04592
4.01675
3.99508
3.97901
3.96636
3.96442
3.97531
3.99429
4.00385
3.99295
3.97268
3.94632
3.91183
3.8796
3.85919
3.84296
3.83184
3.83246
3.84642
3.86741
3.87443
3.86026
3.83902
3.80967
3.77015
3.73532
3.71491
3.69852
3.68734
3.68749
3.70128
2.71207
2.66444
2.61563
2.56155
2.50708
2.45951
2.41293
2.36686
2.32154
2.28035
2.24294
2.2006
2.15505
2.11061
2.06475
2.01311
1.96803
1.93763
1.90389
1.86413
1.83631
1.81653
1.78843
1.75545
1.73205
1.71255
1.69041
1.66515
1.63414
1.61394
1.60557
1.5987
1.59564
1.60045
1.61822
1.62001
1.61377
1.61791
1.61615
1.60585
1.61675
1.6398
1.65498
1.68005
1.70505
1.7073
1.69625
1.70349
1.71048
1.71481
1.71957
1.71422
1.69626
1.68351
1.67999
1.68224
1.68631
1.68259
1.67545
1.66469
1.64973
1.63231
1.61268
1.58901
1.56906
1.5619
1.55863
1.5551
1.55048
1.54704
1.54399
1.53922
1.53323
1.52699
1.51959
1.50708
1.48727
1.47433
1.47007
1.46868
1.47086
1.47375
1.47229
1.46953
1.4662
1.46139
1.45234
1.43226
1.40996
1.40367
1.40123
1.40182
1.40775
1.4082
1.4051
1.40124
2.72935
2.69222
2.65235
2.60818
2.5617
2.51636
2.47251
2.42891
2.38754
2.3514
2.3193
2.2876
2.25246
2.2148
2.17709
2.13764
2.10059
2.07176
2.04221
2.01424
1.99939
1.98967
1.9803
1.97626
1.97105
1.95406
1.9388
1.93479
1.92406
1.91
1.91535
1.92861
1.93575
1.95718
1.97157
1.96596
1.96659
1.96422
1.94766
1.93106
1.93577
1.94382
1.93877
1.94166
1.9399
1.92419
1.91091
1.908
1.90344
1.89536
1.8842
1.86796
1.84194
1.81682
1.80791
1.8028
1.79487
1.78466
1.77461
1.76447
1.75304
1.74184
1.73163
1.72021
1.70198
1.67502
1.65769
1.65119
1.64969
1.65455
1.65626
1.6536
1.65082
1.64722
1.64073
1.62724
1.59826
1.57018
1.56287
1.56042
1.56291
1.57289
1.57523
1.57206
1.56786
1.5615
1.54849
1.52226
1.50145
1.49671
1.49442
1.49675
1.50401
1.50308
1.49914
1.49423
2.74786
2.71667
2.68737
2.65517
2.61881
2.58308
2.54684
2.50967
2.47794
2.45157
2.42981
2.41344
2.39845
2.38117
2.36283
2.34657
2.33672
2.3269
2.30888
2.29912
2.3076
2.31049
2.30894
2.31921
2.31698
2.29544
2.28571
2.28595
2.2732
2.25476
2.25414
2.25361
2.25406
2.26015
2.24864
2.23025
2.21925
2.20053
2.17812
2.16501
2.15365
2.14014
2.12396
2.10671
2.08872
2.06902
2.05388
2.04242
2.03052
2.01718
2.0023
1.98529
1.96401
1.93638
1.90907
1.89487
1.88754
1.8833
1.87939
1.874
1.86817
1.86215
1.85477
1.8437
1.82265
1.78754
1.76497
1.75854
1.75539
1.75747
1.76613
1.76828
1.7637
1.75704
1.74723
1.72725
1.68879
1.66104
1.65488
1.65218
1.65579
1.6678
1.66969
1.66555
1.66002
1.65076
1.63044
1.60024
1.58775
1.5841
1.58238
1.58679
1.58993
1.58616
1.58109
1.57438
2.80715
2.78936
2.77919
2.77039
2.75782
2.7453
2.73009
2.71712
2.70753
2.69912
2.69629
2.69873
2.70258
2.70093
2.69657
2.69414
2.68685
2.66645
2.64546
2.63997
2.63816
2.62469
2.61637
2.61245
2.59584
2.569
2.5425
2.51568
2.48406
2.45977
2.448
2.44167
2.43735
2.42464
2.40503
2.37472
2.34628
2.32966
2.31286
2.29578
2.2784
2.25949
2.24005
2.22165
2.20516
2.18887
2.17144
2.15423
2.13858
2.12387
2.10942
2.09443
2.07728
2.055
2.02701
2.00588
1.99568
1.9893
1.98628
1.98536
1.98241
1.9763
1.96701
1.95269
1.92613
1.88895
1.87072
1.86396
1.86012
1.86344
1.87182
1.86927
1.86252
1.85383
1.83984
1.81142
1.77305
1.75764
1.75283
1.75017
1.75471
1.76221
1.75947
1.75363
1.74568
1.73062
1.70097
1.67752
1.67121
1.66778
1.66837
1.67138
1.6679
1.66279
1.65692
1.64796
3.01585
3.02134
3.03313
3.04439
3.05307
3.05354
3.04691
3.04002
3.02776
3.01377
3.0035
2.99427
2.98679
2.97935
2.96854
2.95013
2.92262
2.88775
2.85438
2.82819
2.80656
2.79148
2.78228
2.7715
2.75159
2.72453
2.69126
2.65371
2.61939
2.59655
2.58186
2.57244
2.55908
2.53937
2.5147
2.47905
2.43756
2.4173
2.40645
2.39358
2.37637
2.35917
2.34516
2.33294
2.31958
2.30337
2.2817
2.25392
2.23272
2.22077
2.21206
2.20145
2.18765
2.17065
2.14765
2.11891
2.09924
2.08923
2.08377
2.08226
2.0782
2.06999
2.0592
2.04426
2.02028
1.98815
1.96982
1.96223
1.95744
1.95746
1.95974
1.95606
1.94875
1.93894
1.92349
1.89436
1.86333
1.8529
1.84784
1.84554
1.84838
1.84741
1.84167
1.83422
1.82318
1.8019
1.77131
1.75725
1.75195
1.74849
1.7472
1.74445
1.73956
1.73363
1.72636
1.71588
3.31506
3.31249
3.31059
3.30934
3.30541
3.29292
3.27415
3.25133
3.22428
3.19753
3.17418
3.15608
3.14543
3.13385
3.11174
3.08386
3.05201
3.01642
2.98139
2.95122
2.92732
2.90988
2.89613
2.88073
2.86041
2.83393
2.79904
2.75884
2.72908
2.70957
2.6965
2.68771
2.67299
2.65175
2.62559
2.59082
2.54906
2.52006
2.5024
2.49024
2.48217
2.47268
2.46079
2.44773
2.43234
2.41154
2.38058
2.34853
2.3317
2.32167
2.31379
2.30498
2.29376
2.27949
2.26062
2.23423
2.20577
2.18907
2.17844
2.16991
2.16275
2.15472
2.14454
2.13215
2.11694
2.09622
2.0696
2.05244
2.04439
2.03965
2.0383
2.03467
2.02744
2.01817
2.00551
1.98474
1.95805
1.94497
1.93865
1.93405
1.93045
1.92531
1.91821
1.90908
1.89676
1.87702
1.84967
1.83402
1.82695
1.8211
1.81629
1.81111
1.80483
1.79782
1.78989
1.77961
3.4898
3.47069
3.45478
3.44051
3.42161
3.39428
3.36052
3.32566
3.29625
3.27255
3.25437
3.24331
3.23517
3.21723
3.19152
3.1615
3.12729
3.09407
3.0653
3.03986
3.01759
2.9996
2.98437
2.96601
2.94288
2.91491
2.88078
2.84494
2.81847
2.79993
2.78756
2.78082
2.76965
2.75031
2.72554
2.69317
2.6546
2.62402
2.60462
2.59127
2.58431
2.57951
2.56874
2.55384
2.5348
2.50658
2.4686
2.44443
2.43227
2.42208
2.4121
2.4016
2.38994
2.37624
2.35983
2.33986
2.31507
2.2873
2.26648
2.25341
2.24429
2.23846
2.23214
2.22277
2.21097
2.19581
2.17312
2.14377
2.12662
2.11833
2.11342
2.11151
2.10668
2.09861
2.08858
2.07472
2.05228
2.02893
2.01777
2.01015
2.00392
1.99762
1.98962
1.98015
1.96892
1.95376
1.92982
1.90638
1.89649
1.88971
1.88318
1.87632
1.86916
1.86163
1.85336
1.84307
3.55557
3.54092
3.53041
3.51013
3.48101
3.44866
3.41525
3.38564
3.36145
3.34248
3.3298
3.31939
3.30239
3.27998
3.25311
3.22167
3.19211
3.16783
3.14601
3.12387
3.10253
3.08281
3.06119
3.03644
3.01087
2.98537
2.95902
2.93246
2.90779
2.887
2.87087
2.85954
2.84825
2.83114
2.80882
2.78069
2.74743
2.71931
2.70045
2.68658
2.67844
2.67263
2.66047
2.64328
2.6204
2.58583
2.55244
2.53705
2.52715
2.51678
2.50338
2.48895
2.47474
2.46099
2.44677
2.4307
2.41099
2.3851
2.35693
2.33874
2.32705
2.31913
2.31432
2.30688
2.29585
2.28222
2.26341
2.23424
2.20683
2.19467
2.18714
2.18357
2.18119
2.17433
2.16494
2.15271
2.13311
2.10508
2.08786
2.07912
2.0724
2.06589
2.05781
2.04849
2.03763
2.0233
1.9999
1.97199
1.95892
1.95173
1.94639
1.94079
1.9336
1.92581
1.91714
1.90564
3.61112
3.60404
3.5944
3.56853
3.53571
3.49931
3.46727
3.44158
3.42155
3.40987
3.40264
3.38574
3.3617
3.33339
3.30243
3.27541
3.25384
3.23709
3.22335
3.20641
3.18475
3.15923
3.12958
3.09897
3.07361
3.05448
3.03971
3.0219
2.99961
2.97379
2.94742
2.92718
2.91261
2.89919
2.88166
2.86015
2.83443
2.80763
2.7869
2.77137
2.76059
2.75205
2.73841
2.71997
2.69602
2.66262
2.63216
2.61592
2.60611
2.59864
2.58573
2.56952
2.55144
2.53475
2.52008
2.50502
2.48774
2.46659
2.44115
2.41921
2.40523
2.39498
2.38792
2.38061
2.37005
2.357
2.34038
2.31568
2.2867
2.27112
2.26193
2.25576
2.25155
2.24393
2.23331
2.21949
2.19821
2.17051
2.15484
2.14599
2.13875
2.13163
2.12299
2.11301
2.10112
2.08444
2.05766
2.03312
2.02314
2.01633
2.01101
2.00468
1.99719
1.98906
1.97943
1.96501
3.64923
3.63857
3.63285
3.61358
3.58571
3.55326
3.52355
3.49945
3.48013
3.46922
3.46324
3.44593
3.4207
3.39039
3.35911
3.33389
3.3142
3.30088
3.2932
3.27908
3.256
3.22738
3.1941
3.1648
3.14329
3.12848
3.11785
3.10103
3.07801
3.04905
3.0168
2.99287
2.97657
2.96578
2.95496
2.93873
2.91829
2.8924
2.86692
2.84848
2.83445
2.82351
2.81022
2.79243
2.77025
2.74129
2.71028
2.69022
2.67706
2.66934
2.66067
2.64629
2.6283
2.60507
2.58282
2.5673
2.55355
2.53869
2.52212
2.50339
2.48237
2.46518
2.45333
2.44386
2.434
2.42187
2.40739
2.38863
2.36323
2.34287
2.33149
2.32314
2.31626
2.30664
2.29453
2.27918
2.2565
2.23158
2.21856
2.2097
2.20203
2.19362
2.18375
2.17247
2.15828
2.13637
2.10783
2.0923
2.08424
2.07781
2.07249
2.06547
2.05722
2.04794
2.03618
2.01734
3.69316
3.6782
3.67005
3.6565
3.6328
3.60513
3.5779
3.55422
3.5342
3.52052
3.51218
3.49507
3.47016
3.44109
3.41264
3.38935
3.37098
3.36003
3.35442
3.33871
3.31421
3.2832
3.25149
3.22796
3.21041
3.19948
3.18734
3.16706
3.1414
3.10923
3.07902
3.05881
3.04456
3.03631
3.02677
3.0107
2.98968
2.96189
2.93603
2.91823
2.90477
2.89423
2.88078
2.86288
2.84051
2.81117
2.78194
2.76335
2.75015
2.74126
2.73179
2.71758
2.69947
2.67398
2.64395
2.6258
2.61481
2.60651
2.59508
2.58054
2.56248
2.53809
2.51565
2.50257
2.49282
2.48304
2.47066
2.4557
2.43583
2.41201
2.39642
2.38582
2.37637
2.36559
2.35292
2.33748
2.31611
2.29349
2.28055
2.27096
2.26204
2.25241
2.24164
2.22937
2.21347
2.1891
2.16449
2.15315
2.1451
2.13844
2.13159
2.12325
2.11405
2.10344
2.08877
2.06514
3.73787
3.71806
3.70332
3.69463
3.6788
3.6548
3.62859
3.6042
3.58332
3.56769
3.55814
3.54253
3.51897
3.49117
3.46349
3.44098
3.42385
3.41456
3.40721
3.38901
3.36377
3.33318
3.30649
3.28677
3.27266
3.26269
3.24596
3.223
3.1941
3.16233
3.13921
3.12284
3.11268
3.10505
3.0905
3.07106
3.04522
3.01718
2.99759
2.98349
2.97396
2.96402
2.94825
2.9279
2.90085
2.87089
2.8506
2.83639
2.82542
2.81437
2.80016
2.78287
2.76033
2.73041
2.70512
2.69047
2.67992
2.67248
2.66249
2.64885
2.63194
2.60769
2.57875
2.56124
2.54989
2.54124
2.53091
2.51741
2.50043
2.47728
2.45692
2.44443
2.43371
2.42255
2.40993
2.3952
2.37596
2.35395
2.33952
2.32898
2.31888
2.30832
2.29689
2.28395
2.26714
2.24282
2.22192
2.21142
2.20279
2.19483
2.18624
2.17674
2.16622
2.15348
2.13462
2.10989
3.78004
3.76038
3.74554
3.73769
3.72482
3.7022
3.67619
3.65156
3.63069
3.6149
3.60564
3.5908
3.56762
3.54035
3.51411
3.49338
3.478
3.46979
3.45898
3.43899
3.41339
3.38506
3.36256
3.34535
3.334
3.32165
3.30157
3.27622
3.24487
3.21756
3.19879
3.1857
3.17821
3.16569
3.14684
3.12245
3.0934
3.07159
3.05669
3.04704
3.0395
3.02556
3.00657
2.98127
2.95259
2.93291
2.91914
2.90886
2.89663
2.88033
2.86093
2.83674
2.80921
2.78613
2.76965
2.7561
2.7449
2.73487
2.72282
2.70825
2.69064
2.66661
2.63822
2.62044
2.60859
2.59921
2.58859
2.57508
2.55845
2.53588
2.5148
2.50179
2.49064
2.47926
2.46669
2.45238
2.43418
2.41167
2.39519
2.38392
2.3734
2.36256
2.35087
2.33775
2.32119
2.29825
2.27825
2.26706
2.25737
2.24777
2.23774
2.22701
2.21504
2.19974
2.17751
2.15691
3.81942
3.80097
3.78729
3.77981
3.76621
3.74388
3.7185
3.69468
3.67466
3.66
3.65219
3.63817
3.61557
3.58887
3.56454
3.54578
3.53241
3.52306
3.50712
3.48504
3.45905
3.43531
3.41623
3.40185
3.39271
3.37817
3.35666
3.32971
3.29935
3.27647
3.25966
3.24923
3.23975
3.22241
3.19998
3.17175
3.14707
3.13038
3.11869
3.11091
3.09798
3.07974
3.05547
3.02753
3.00823
2.99476
2.9857
2.97506
2.95879
2.9386
2.91103
2.8818
2.86393
2.8506
2.83586
2.81938
2.80311
2.78838
2.77444
2.75962
2.74288
2.72287
2.69875
2.67933
2.66617
2.65467
2.64242
2.6282
2.61109
2.58926
2.57003
2.55716
2.54559
2.53381
2.52103
2.50666
2.48865
2.46564
2.44772
2.43593
2.42501
2.41381
2.40183
2.38866
2.3729
2.352
2.3308
2.31743
2.30657
2.29579
2.28462
2.27259
2.25864
2.23997
2.21773
2.20329
3.85069
3.83393
3.82142
3.81338
3.79835
3.77637
3.75233
3.73014
3.71133
3.69752
3.69137
3.68068
3.66006
3.63531
3.61163
3.59316
3.57929
3.56687
3.54885
3.52671
3.50371
3.4836
3.46694
3.45568
3.44793
3.43219
3.41039
3.38301
3.35397
3.33246
3.3162
3.30604
3.29361
3.27396
3.24935
3.22375
3.205
3.1908
3.18049
3.16744
3.14965
3.12709
3.09935
3.07811
3.06362
3.05395
3.04612
3.03162
3.01301
2.98837
2.95867
2.93847
2.92453
2.91217
2.89694
2.87863
2.8562
2.83589
2.82116
2.80861
2.79492
2.77914
2.76076
2.73903
2.7206
2.70658
2.69295
2.67829
2.66165
2.64192
2.62339
2.60965
2.59724
2.58475
2.57147
2.55674
2.53857
2.51522
2.4967
2.48483
2.4739
2.46253
2.45031
2.4371
2.42214
2.40349
2.3815
2.36428
2.35191
2.34016
2.32788
2.31418
2.29714
2.27599
2.25889
2.24771
3.86194
3.84972
3.84064
3.83155
3.81372
3.79192
3.7703
3.75042
3.73294
3.72024
3.71585
3.71026
3.6922
3.6695
3.64682
3.62805
3.61286
3.59893
3.58124
3.56056
3.54017
3.52254
3.50846
3.50057
3.49319
3.47704
3.45595
3.42927
3.40086
3.37951
3.363
3.35196
3.33909
3.31895
3.2958
3.27507
3.25861
3.24521
3.23116
3.21365
3.19254
3.1659
3.14126
3.12449
3.11176
3.10467
3.09555
3.07951
3.05922
3.03314
3.01183
2.99686
2.98274
2.96704
2.94876
2.92574
2.90062
2.88241
2.86844
2.85728
2.84605
2.83175
2.81512
2.79406
2.77013
2.75309
2.73921
2.72493
2.70949
2.69224
2.67383
2.65792
2.64417
2.63073
2.61679
2.60153
2.58281
2.55911
2.54108
2.52923
2.51849
2.5074
2.49524
2.48222
2.46808
2.45187
2.43223
2.41079
2.39327
2.37933
2.36587
2.35076
2.33125
2.31168
2.29934
2.28892
3.84314
3.83821
3.82928
3.81164
3.79003
3.76909
3.75046
3.73502
3.72342
3.71662
3.71513
3.7147
3.70376
3.68394
3.66368
3.64487
3.62745
3.61023
3.59234
3.57443
3.55758
3.54268
3.53167
3.52677
3.5196
3.50259
3.4822
3.45721
3.43019
3.40901
3.39226
3.38053
3.36959
3.35286
3.33422
3.31659
3.30079
3.28587
3.26898
3.24967
3.22683
3.20104
3.18001
3.16407
3.15209
3.14585
3.13461
3.1177
3.09693
3.07549
3.05936
3.04452
3.02861
3.00951
2.98489
2.95849
2.93954
2.92504
2.91417
2.90533
2.892
2.87579
2.85665
2.83063
2.80455
2.78901
2.7757
2.76207
2.74752
2.73209
2.71639
2.70142
2.6872
2.67316
2.65876
2.64329
2.62486
2.60031
2.57531
2.55946
2.54703
2.53674
2.52796
2.51716
2.50514
2.49209
2.47707
2.45951
2.44098
2.42306
2.40407
2.38007
2.35626
2.34277
2.33246
2.32288
3.80541
3.79631
3.77864
3.75639
3.73491
3.71714
3.70488
3.69818
3.69529
3.6936
3.69076
3.68448
3.67332
3.6581
3.64039
3.62149
3.60252
3.58444
3.56801
3.55356
3.54146
3.53323
3.53204
3.5343
3.52347
3.50439
3.48269
3.45871
3.43619
3.41653
3.39882
3.38341
3.3706
3.36
3.35021
3.33742
3.3207
3.30281
3.28398
3.26309
3.23866
3.21328
3.1939
3.17864
3.1671
3.16212
3.15751
3.14331
3.12636
3.10845
3.09009
3.07091
3.04991
3.02703
3.00511
2.98743
2.97251
2.95996
2.95153
2.94377
2.93
2.91339
2.89434
2.87099
2.84202
2.81414
2.79624
2.78298
2.77261
2.76213
2.74887
2.73485
2.72082
2.70671
2.69226
2.67683
2.65816
2.63177
2.60624
2.5924
2.58069
2.56857
2.5556
2.54187
2.52764
2.51272
2.49789
2.48455
2.47207
2.45905
2.44202
2.41661
2.38812
2.37246
2.3616
2.35216
3.74089
3.71853
3.69662
3.6774
3.66465
3.66014
3.66135
3.66408
3.66494
3.66141
3.65232
3.6388
3.62228
3.60345
3.5836
3.56475
3.54868
3.5361
3.52716
3.52081
3.5169
3.51779
3.5223
3.51386
3.49315
3.46953
3.44396
3.42101
3.4013
3.38467
3.37061
3.35817
3.34805
3.34312
3.34305
3.33493
3.31738
3.29797
3.27632
3.25174
3.22625
3.20475
3.18736
3.1731
3.16388
3.16253
3.15996
3.14603
3.12932
3.11143
3.09183
3.06988
3.04448
3.01901
2.99968
2.98393
2.97033
2.96042
2.95511
2.94562
2.93039
2.91402
2.896
2.8744
2.84604
2.81584
2.79611
2.78139
2.76916
2.76162
2.75575
2.74377
2.7296
2.71484
2.69913
2.68165
2.65996
2.63123
2.60497
2.59038
2.57925
2.57002
2.56459
2.55883
2.54747
2.53458
2.52099
2.50652
2.48941
2.46463
2.43207
2.41136
2.40099
2.39169
2.38433
2.37912
3.68278
3.66271
3.64678
3.64128
3.64643
3.65388
3.657
3.65198
3.63883
3.62071
3.59995
3.57769
3.55537
3.53484
3.51709
3.50482
3.49912
3.49762
3.49686
3.49593
3.49586
3.49414
3.4806
3.45815
3.4327
3.40644
3.38355
3.36387
3.34925
3.34202
3.33923
3.33583
3.33174
3.32986
3.32537
3.30864
3.287
3.26251
3.23471
3.20806
3.18705
3.16922
3.15509
3.14626
3.14537
3.14892
3.14069
3.12406
3.10612
3.08585
3.06226
3.036
3.01151
2.99247
2.97683
2.96419
2.95622
2.95485
2.9522
2.93923
2.92316
2.90571
2.88522
2.85886
2.82638
2.7989
2.78142
2.76738
2.75701
2.75311
2.75099
2.74044
2.72664
2.71249
2.69734
2.6794
2.65487
2.62289
2.59713
2.58177
2.56885
2.55765
2.55048
2.54588
2.53669
2.5251
2.51307
2.50012
2.48445
2.46139
2.42804
2.40033
2.38525
2.37347
2.3631
2.35539
3.65555
3.65401
3.66388
3.67535
3.67816
3.66863
3.64868
3.6256
3.59925
3.57222
3.5482
3.52698
3.50756
3.49268
3.48869
3.49374
3.50052
3.50204
3.49479
3.48046
3.46181
3.43982
3.41418
3.389
3.36739
3.34845
3.33386
3.32565
3.32304
3.32319
3.32273
3.31808
3.30825
3.29276
3.27257
3.24912
3.22291
3.19766
3.17588
3.15734
3.14439
3.13664
3.13255
3.13314
3.13346
3.12224
3.10449
3.08524
3.06338
3.03735
3.00863
2.98543
2.96742
2.95317
2.94313
2.93744
2.93821
2.9394
2.92772
2.91124
2.89361
2.87375
2.84925
2.81689
2.78596
2.7671
2.75182
2.7395
2.7331
2.73435
2.7316
2.71923
2.70527
2.69058
2.67422
2.65435
2.62703
2.59656
2.57765
2.56385
2.55111
2.5406
2.53457
2.53017
2.52006
2.50764
2.4945
2.48003
2.46288
2.43978
2.40996
2.38731
2.37353
2.36142
2.35008
2.34023
3.67902
3.69004
3.6994
3.69455
3.67612
3.65332
3.62329
3.58831
3.5588
3.53689
3.51789
3.50405
3.50373
3.51573
3.52878
3.52974
3.51514
3.49471
3.47069
3.43971
3.40669
3.38031
3.35945
3.34204
3.32996
3.33093
3.34066
3.349
3.34493
3.32899
3.30897
3.28736
3.26168
3.23352
3.20878
3.18847
3.17123
3.1581
3.15113
3.14975
3.15119
3.1473
3.13335
3.11458
3.09371
3.06804
3.04072
3.01741
2.9984
2.98242
2.96927
2.95938
2.95161
2.94557
2.9404
2.9312
2.91606
2.89847
2.87681
2.85208
2.82905
2.81023
2.79474
2.78039
2.76728
2.75627
2.74747
2.74138
2.73297
2.71893
2.70306
2.68382
2.66162
2.6394
2.62037
2.60503
2.59166
2.57855
2.56704
2.55812
2.54937
2.53684
2.52303
2.50875
2.4917
2.47075
2.4479
2.42778
2.41256
2.40042
2.38968
2.38001
2.37154
2.36164
2.35004
2.33773
3.70596
3.71898
3.71145
3.69145
3.66671
3.63327
3.59219
3.55847
3.53768
3.52107
3.51288
3.51856
3.53541
3.55189
3.54904
3.52997
3.50629
3.47389
3.43182
3.39153
3.36584
3.34759
3.33445
3.33415
3.34892
3.36889
3.37881
3.36772
3.34708
3.3202
3.28194
3.23805
3.20395
3.18184
3.16404
3.1516
3.15187
3.16678
3.18418
3.1825
3.16501
3.14395
3.11608
3.07702
3.03393
3.00196
2.98113
2.96447
2.95391
2.95694
2.9733
2.98417
2.97509
2.95806
2.93888
2.91516
2.8821
2.84216
2.80883
2.78793
2.77213
2.76055
2.75992
2.77432
2.7869
2.77985
2.76472
2.74728
2.72567
2.69598
2.65953
2.62637
2.60431
2.58864
2.57587
2.56985
2.57822
2.59046
2.58606
2.57262
2.55707
2.53861
2.51396
2.48123
2.44561
2.41874
2.40239
2.38978
2.38013
2.37865
2.38865
2.39298
2.38384
2.37138
2.35761
2.34064
3.7227
3.72829
3.71224
3.68982
3.65875
3.61597
3.57877
3.55748
3.53991
3.5267
3.52343
3.5349
3.5572
3.56566
3.54988
3.52715
3.49631
3.45271
3.41077
3.38691
3.36908
3.35465
3.34755
3.35492
3.37898
3.39886
3.38977
3.36878
3.34149
3.30091
3.24909
3.21058
3.18976
3.17236
3.15963
3.15876
3.17571
3.20475
3.21241
3.19478
3.17149
3.13939
3.09199
3.03907
3.00652
2.98713
2.96985
2.95722
2.95667
2.97548
3.00422
3.00723
2.98989
2.96883
2.93964
2.89521
2.8418
2.80717
2.78884
2.77295
2.75984
2.75538
2.76876
2.79795
2.80925
2.79625
2.77911
2.75664
2.72003
2.66758
2.62706
2.60749
2.59217
2.57797
2.56822
2.57154
2.59464
2.60915
2.59797
2.58233
2.56493
2.54093
2.50215
2.45318
2.42249
2.40678
2.39313
2.38062
2.37292
2.37986
2.40158
2.40266
2.39023
2.37722
2.36259
2.34141
)
;

boundaryField
{
    inlet
    {
        type            calculated;
        value           uniform 1.40001;
    }
    outlet
    {
        type            calculated;
        value           nonuniform 0();
    }
    bottom
    {
        type            symmetryPlane;
    }
    top
    {
        type            symmetryPlane;
    }
    obstacle
    {
        type            calculated;
        value           nonuniform 0();
    }
    defaultFaces
    {
        type            empty;
    }
    procBoundary2to0
    {
        type            processor;
        value           nonuniform List<scalar> 
192
(
1.40001
1.40001
1.40001
1.40001
1.40001
1.40001
1.40001
1.40001
1.40001
1.40001
1.40001
1.40001
1.40001
1.40001
1.40001
1.40001
1.40001
1.40001
1.40001
1.40001
1.40001
1.40001
1.40001
1.40001
1.40001
1.40001
1.40001
1.40001
1.40001
1.40001
1.40001
1.40001
1.40001
1.40001
1.40001
1.40001
1.40428
1.6607
3.15161
3.6716
3.70023
3.69411
3.69151
3.68445
3.68186
3.68176
3.68405
3.68659
3.688
3.6879
3.6864
3.68221
3.67712
3.67587
3.67666
3.6765
3.67364
3.66727
3.6608
3.65696
3.65692
3.65724
3.65178
3.6408
3.62455
3.61074
3.60176
3.59417
3.58708
3.57957
3.56738
3.54791
3.52215
3.49521
3.4735
3.45477
3.43927
3.42761
3.41375
3.38833
3.35558
3.32168
3.28803
3.25384
3.22109
3.18824
3.15641
3.11789
3.07384
3.02492
2.97429
2.92309
2.87338
2.82702
2.78268
2.73711
2.68314
2.62449
2.56629
2.50289
2.44167
2.39359
2.34341
2.29188
2.24613
2.19733
2.1495
2.10543
2.05557
1.99691
1.94746
1.90589
1.8608
1.81382
1.78182
1.75885
1.72829
1.68583
1.64721
1.61762
1.5858
1.54755
1.51425
1.49709
1.4795
1.455
1.41967
1.39376
1.38218
1.36877
1.35215
1.33628
1.33223
1.32829
1.3164
1.30277
1.29581
1.30271
1.31608
1.32966
1.35502
1.3771
1.37626
1.38104
1.40207
1.40909
1.42839
1.46039
1.46462
1.47577
1.49176
1.49845
1.51266
1.52597
1.53346
1.53566
1.5312
1.51939
1.49905
1.47535
1.4628
1.45745
1.45552
1.45668
1.4553
1.45242
1.44689
1.43879
1.42741
1.41091
1.3912
1.37843
1.37417
1.37272
1.37248
1.37194
1.37051
1.36835
1.36604
1.36388
1.36112
1.35718
1.35023
1.3353
1.31914
1.31495
1.31402
1.31624
1.32457
1.32904
1.32778
1.32581
)
;
    }
    procBoundary2to1
    {
        type            processor;
        value           nonuniform List<scalar> 8(1.39609 1.48627 1.56144 1.629 1.69634 1.76252 1.82681 1.88634);
    }
    procBoundary2to3
    {
        type            processor;
        value           nonuniform List<scalar> 
16
(
1.94108
1.99183
2.04316
2.09544
2.14608
2.19339
2.23752
2.2785
2.31289
2.34313
2.37226
2.35023
2.33361
2.32461
2.31598
2.30409
)
;
    }
}


// ************************************************************************* //
