/*--------------------------------*- C++ -*----------------------------------*\
  =========                 |
  \\      /  F ield         | OpenFOAM: The Open Source CFD Toolbox
   \\    /   O peration     | Website:  https://openfoam.org
    \\  /    A nd           | Version:  7
     \\/     M anipulation  |
\*---------------------------------------------------------------------------*/
FoamFile
{
    version     2.0;
    format      ascii;
    class       volScalarField;
    location    "1.4";
    object      rho;
}
// * * * * * * * * * * * * * * * * * * * * * * * * * * * * * * * * * * * * * //

dimensions      [1 -3 0 0 0 0 0];

internalField   nonuniform List<scalar> 
4032
(
1.40001
1.40001
1.40001
1.40001
1.40001
1.40001
1.40001
1.40001
1.40001
1.40001
1.40001
2.13538
2.90613
2.95692
2.96986
2.98602
3.00134
3.01637
3.03081
3.04488
3.05752
3.06871
3.08076
3.0961
3.11548
3.13805
3.16073
3.1775
3.1855
3.18872
3.19485
3.20923
3.22652
3.23997
3.2489
3.25775
3.27173
3.29144
3.31009
3.32028
3.32109
3.31206
3.29828
3.2798
3.25131
3.2126
3.18152
3.17615
1.40001
1.40001
1.40001
1.40001
1.40001
1.40001
1.40001
1.40001
1.40001
1.40001
1.40001
2.12448
2.89948
2.95787
2.9703
2.98596
3.00072
3.01526
3.02963
3.04405
3.05708
3.06848
3.08051
3.09563
3.1148
3.1372
3.15973
3.17648
3.1844
3.1875
3.1934
3.20754
3.22486
3.23863
3.24784
3.25672
3.27042
3.28973
3.30813
3.31833
3.31917
3.30999
3.29588
3.27699
3.24824
3.20961
3.17879
3.17362
1.40001
1.40001
1.40001
1.40001
1.40001
1.40001
1.40001
1.40001
1.40001
1.40001
1.40001
2.10273
2.89229
2.95823
2.96991
2.98474
2.99906
3.01335
3.02792
3.04287
3.05619
3.06761
3.07954
3.09443
3.11338
3.13557
3.15792
3.17468
3.18255
3.18541
3.19089
3.20467
3.22212
3.23639
3.246
3.25485
3.2681
3.2869
3.30514
3.31549
3.31646
3.30711
3.29244
3.27286
3.24358
3.20492
3.17438
3.16947
1.40001
1.40001
1.40001
1.40001
1.40001
1.40001
1.40001
1.40001
1.40001
1.40001
1.40001
2.07158
2.8826
2.95828
2.96905
2.98273
2.99655
3.01061
3.02576
3.04156
3.05517
3.06638
3.07803
3.09264
3.11131
3.13324
3.15531
3.172
3.17969
3.18211
3.18704
3.20046
3.21822
3.23324
3.24332
3.25201
3.26454
3.28259
3.30059
3.31107
3.31216
3.30255
3.28722
3.26688
3.23702
3.19825
3.16789
3.16321
1.40001
1.40001
1.40001
1.40001
1.40001
1.40001
1.40001
1.40001
1.40001
1.40001
1.40001
2.03104
2.87024
2.95722
2.96691
2.97965
2.99332
3.00753
3.02365
3.04024
3.05367
3.06432
3.07564
3.09011
3.10861
3.13021
3.15184
3.16826
3.17566
3.17754
3.18191
3.19503
3.21328
3.22916
3.23969
3.24804
3.25959
3.27672
3.29444
3.30503
3.30623
3.29636
3.2804
3.25945
3.22919
3.19025
3.15982
3.15522
1.40001
1.40001
1.40001
1.40001
1.40001
1.40001
1.40001
1.40001
1.40001
1.40001
1.40001
1.98151
2.8537
2.95545
2.96369
2.97588
2.98956
3.00422
3.02148
3.03854
3.05141
3.06143
3.07262
3.08724
3.10563
3.12667
3.14749
3.16325
3.17018
3.17147
3.17544
3.18849
3.20745
3.22428
3.23512
3.24288
3.2532
3.26924
3.28665
3.29733
3.29861
3.28855
3.27208
3.25075
3.22027
3.18098
3.15004
3.14519
1.40001
1.40001
1.40001
1.40001
1.40001
1.40001
1.40001
1.40001
1.40001
1.40001
1.40001
1.92345
2.83188
2.95367
2.95951
2.97159
2.98549
3.00103
3.01934
3.03625
3.0482
3.0577
3.06912
3.08418
3.10242
3.12253
3.14209
3.15683
3.16315
3.16391
3.16777
3.18105
3.20085
3.21853
3.22944
3.23636
3.24526
3.26005
3.27704
3.28769
3.28891
3.27864
3.2618
3.24043
3.21008
3.17043
3.13868
3.13333
1.40001
1.40001
1.40001
1.40001
1.40001
1.40001
1.40001
1.40001
1.40001
1.40001
1.40001
1.85724
2.80359
2.95182
2.95441
2.96707
2.98159
2.99835
3.01719
3.03321
3.04401
3.05328
3.06536
3.08107
3.099
3.1178
3.13569
3.14906
3.15468
3.155
3.159
3.17275
3.19339
3.21176
3.2225
3.22838
3.23575
3.24913
3.26558
3.27608
3.27716
3.26684
3.24982
3.22865
3.19854
3.15825
3.12514
3.11876
1.40001
1.40001
1.40001
1.40001
1.40001
1.40001
1.40001
1.40001
1.40001
1.40001
1.40001
1.7827
2.76718
2.94873
2.94861
2.96253
2.97835
2.99638
3.01493
3.02937
3.0389
3.04829
3.06136
3.07776
3.0952
3.11242
3.12837
3.14014
3.14497
3.14492
3.14925
3.16361
3.18496
3.20379
3.21416
3.2189
3.22466
3.2364
3.25203
3.26214
3.26284
3.25229
3.23506
3.21421
3.18468
3.1439
3.10932
3.10181
1.40001
1.40001
1.40001
1.40001
1.40001
1.40001
1.40001
1.40001
1.40001
1.40001
1.40001
1.70212
2.7217
2.94302
2.94279
2.95839
2.976
2.99492
3.01236
3.02481
3.03309
3.04276
3.05683
3.0738
3.09073
3.1064
3.12032
3.13031
3.13424
3.13391
3.13877
3.15375
3.17546
3.19443
3.20428
3.20786
3.21197
3.22174
3.23616
3.24569
3.24599
3.23544
3.21825
3.1978
3.16868
3.12664
3.08966
3.08011
1.40001
1.40001
1.40001
1.40001
1.40001
1.40001
1.40001
1.40001
1.40001
1.40001
1.40001
1.62051
2.66311
2.93423
2.93817
2.95551
2.97454
2.99349
3.0092
3.01959
3.02689
3.0367
3.05133
3.06861
3.08524
3.0997
3.11166
3.11972
3.12268
3.12231
3.12793
3.14331
3.16481
3.18353
3.19276
3.19524
3.19764
3.20505
3.2178
3.22652
3.22629
3.21535
3.19747
3.17659
3.14775
3.10483
3.06569
3.05469
1.40001
1.40001
1.40001
1.40001
1.40001
1.40001
1.40001
1.40001
1.40001
1.40001
1.40001
1.5407
2.58472
2.92305
2.93555
2.95417
2.9739
2.99185
3.00516
3.01346
3.0201
3.02987
3.04463
3.062
3.07859
3.09218
3.10225
3.10839
3.1104
3.11044
3.11705
3.1324
3.15299
3.17103
3.17952
3.18102
3.18165
3.18629
3.1967
3.20429
3.20341
3.19198
3.17356
3.15265
3.12416
3.07884
3.03474
3.019
1.40001
1.40001
1.40001
1.40001
1.40001
1.40001
1.40001
1.40001
1.40001
1.40001
1.40001
1.46828
2.48213
2.90924
2.93511
2.95493
2.97381
2.98929
2.99961
3.00625
3.0128
3.02263
3.03721
3.05441
3.07086
3.08351
3.09165
3.09606
3.0975
3.09867
3.10635
3.1211
3.14003
3.1569
3.1645
3.16511
3.16395
3.16569
3.17295
3.17894
3.17737
3.16507
3.14484
3.12159
3.09048
3.04197
2.99309
2.97678
1.40001
1.40001
1.40001
1.40001
1.40001
1.40001
1.40001
1.40001
1.40001
1.40001
1.40001
1.413
2.3578
2.89414
2.93715
2.95619
2.97236
2.98412
2.99219
2.99845
3.00545
3.01539
3.02953
3.04625
3.06212
3.07333
3.07946
3.08262
3.08437
3.08739
3.09587
3.10934
3.12592
3.14112
3.1479
3.14772
3.14445
3.14328
3.14695
3.15046
3.14745
3.13336
3.11055
3.08532
3.05276
3.00123
2.94322
2.91024
1.40001
1.40001
1.40001
1.40001
1.40001
1.40001
1.40001
1.40001
1.40001
1.40001
1.40001
1.40026
2.20727
2.87203
2.9397
2.95502
2.967
2.97638
2.98419
2.99097
2.99852
3.00851
3.02191
3.03767
3.05219
3.06143
3.06575
3.06835
3.07149
3.07668
3.08544
3.09698
3.1106
3.12365
3.12978
3.12914
3.12397
3.11904
3.1185
3.11871
3.11338
3.09754
3.07207
3.04234
3.00102
2.93247
2.85724
2.81578
1.40001
1.40001
1.40001
1.40001
1.40001
1.40001
1.40001
1.40001
1.40001
1.40001
1.40001
1.40001
2.0473
2.84115
2.93962
2.9493
2.95823
2.96736
2.97638
2.98433
2.99244
3.00216
3.0143
3.02837
3.04073
3.04778
3.05086
3.05394
3.05928
3.06639
3.07479
3.08387
3.09401
3.10436
3.1099
3.10929
3.10277
3.09353
3.08782
3.0836
3.07554
3.0577
3.02785
2.98935
2.93782
2.8606
2.76408
2.70915
1.40001
1.40001
1.40001
1.40001
1.40001
1.40001
1.40001
1.40001
1.40001
1.40001
1.40001
1.40001
1.88758
2.79457
2.93605
2.94009
2.94879
2.9592
2.96963
2.97846
2.9868
2.99582
3.00615
3.01775
3.02744
3.03271
3.03574
3.04035
3.0478
3.05611
3.06358
3.06986
3.07612
3.08333
3.08823
3.08806
3.08046
3.06715
3.05549
3.04606
3.03501
3.01439
2.97982
2.93334
2.86839
2.7597
2.52703
2.01668
1.40001
1.40001
1.40001
1.40001
1.40001
1.40001
1.40001
1.40001
1.40001
1.40001
1.40001
1.40001
1.73277
2.72539
2.93044
2.93017
2.94037
2.95205
2.96305
2.97243
2.98062
2.98859
2.99678
3.00551
3.01276
3.01745
3.02164
3.02795
3.03657
3.04525
3.05139
3.05488
3.05718
3.06098
3.06496
3.06525
3.05706
3.04017
3.02204
3.00719
2.99231
2.96842
2.92859
2.87027
2.78602
2.63798
2.39546
1.83851
1.40001
1.40001
1.40001
1.40001
1.40001
1.40001
1.40001
1.40001
1.40001
1.40001
1.40001
1.40001
1.5907
2.62379
2.92071
2.9202
2.93287
2.94541
2.95629
2.96533
2.97271
2.97942
2.98563
2.99201
2.99802
3.00348
3.00918
3.01635
3.02497
3.03324
3.03792
3.03902
3.03787
3.03828
3.0406
3.04093
3.03241
3.01261
2.98847
2.96777
2.94849
2.92079
2.87594
2.80715
2.70816
2.5472
2.29053
1.81319
1.40001
1.40001
1.40001
1.40001
1.40001
1.40001
1.40001
1.40001
1.40001
1.40001
1.40001
1.40001
1.4705
2.47084
2.89842
2.91174
2.92657
2.93869
2.94844
2.95639
2.96246
2.96782
2.97309
2.9788
2.98522
2.99193
2.99818
3.00485
3.01246
3.01967
3.0231
3.02259
3.01871
3.01569
3.01584
3.01512
3.00602
2.98435
2.95578
2.92918
2.90471
2.873
2.82368
2.74868
2.6378
2.47796
2.21554
1.83406
1.40001
1.40001
1.40001
1.40001
1.40001
1.40001
1.40001
1.40001
1.40001
1.40001
1.40001
1.40001
1.40583
2.26533
2.86422
2.90639
2.92016
2.93048
2.93894
2.94615
2.95093
2.95497
2.96048
2.96709
2.97485
2.98233
2.98796
2.99304
2.9989
3.00453
3.00702
3.00574
3.00034
2.99386
2.99065
2.98775
2.97806
2.95597
2.92486
2.89289
2.86235
2.82625
2.77338
2.69583
2.58155
2.42565
2.1836
1.88001
1.40001
1.40001
1.40001
1.40001
1.40001
1.40001
1.40001
1.40001
1.40001
1.40001
1.40001
1.40001
1.40009
2.03624
2.81755
2.90367
2.91319
2.92082
2.92882
2.9356
2.93944
2.94272
2.949
2.95709
2.96601
2.97362
2.978
2.98116
2.98466
2.98801
2.98941
2.98823
2.98258
2.97315
2.96546
2.95904
2.94859
2.92762
2.89615
2.85998
2.82296
2.78159
2.72629
2.64868
2.53778
2.38961
2.17692
1.93146
1.40001
1.40001
1.40001
1.40001
1.40001
1.40001
1.40001
1.40001
1.40001
1.40001
1.40001
1.40001
1.40001
1.82301
2.75038
2.90053
2.90419
2.91093
2.91958
2.92617
2.92986
2.93287
2.93936
2.94827
2.95712
2.96389
2.967
2.96888
2.96997
2.97043
2.97061
2.97021
2.9651
2.95354
2.94084
2.92976
2.91801
2.89925
2.86956
2.8311
2.78808
2.74058
2.68295
2.60681
2.50279
2.36635
2.18092
1.97816
1.40001
1.40001
1.40001
1.40001
1.40001
1.40001
1.40001
1.40001
1.40001
1.40001
1.40001
1.40001
1.40001
1.63501
2.64504
2.89505
2.89422
2.90281
2.91206
2.91812
2.9216
2.92459
2.93163
2.9404
2.94735
2.95246
2.95475
2.95612
2.95502
2.95251
2.9517
2.95185
2.94712
2.93444
2.91733
2.90105
2.88721
2.87062
2.84427
2.806
2.75856
2.70483
2.64415
2.56972
2.47368
2.35084
2.18926
2.01912
1.40001
1.40001
1.40001
1.40001
1.40001
1.40001
1.40001
1.40001
1.40001
1.40001
1.40001
1.40001
1.40001
1.48144
2.47297
2.87525
2.88556
2.8971
2.90602
2.91042
2.91192
2.91611
2.92512
2.93285
2.93706
2.93963
2.94087
2.94231
2.93974
2.9355
2.93373
2.93293
2.92783
2.91532
2.89564
2.8747
2.8577
2.84187
2.81916
2.7835
2.73431
2.6755
2.61098
2.53738
2.44836
2.33917
2.1994
2.05379
1.40001
1.40001
1.40001
1.40001
1.40001
1.40001
1.40001
1.40001
1.40001
1.40001
1.40001
1.40001
1.40001
1.40687
2.22049
2.83611
2.88231
2.89394
2.8999
2.90021
2.9004
2.90758
2.91858
2.92475
2.92673
2.92589
2.92572
2.92665
2.92398
2.91991
2.91676
2.91334
2.9072
2.89564
2.87589
2.85209
2.83102
2.81353
2.79314
2.76136
2.71359
2.6524
2.58431
2.51039
2.42618
2.3294
2.20797
2.08167
1.40001
1.40001
1.40001
1.40001
1.40001
1.40001
1.40001
1.40001
1.40001
1.40001
1.40001
1.40001
1.40001
1.40011
1.93991
2.77411
2.88284
2.88822
2.89071
2.88825
2.88928
2.8984
2.91003
2.91586
2.91627
2.91216
2.90991
2.90939
2.90751
2.90486
2.90017
2.89352
2.88579
2.8752
2.85759
2.83349
2.80852
2.78699
2.76624
2.7378
2.69402
2.63427
2.56437
2.48988
2.40795
2.32037
2.21406
2.10335
1.40001
1.40001
1.40001
1.40001
1.40001
1.40001
1.40001
1.40001
1.40001
1.40001
1.40001
1.40001
1.40001
1.40001
1.69323
2.67139
2.88051
2.88048
2.87961
2.87546
2.87777
2.88783
2.89993
2.90618
2.90523
2.89898
2.89405
2.89136
2.89001
2.88898
2.88356
2.87439
2.86487
2.85479
2.84002
2.81775
2.79042
2.76374
2.73964
2.71228
2.67341
2.61868
2.55015
2.4763
2.3946
2.3128
2.21852
2.11903
1.40001
1.40001
1.40001
1.40001
1.40001
1.40001
1.40001
1.40001
1.40001
1.40001
1.40001
1.40001
1.40001
1.40001
1.50337
2.49378
2.86454
2.86708
2.86526
2.86398
2.8674
2.87659
2.8883
2.89477
2.89342
2.88672
2.87905
2.87383
2.87221
2.87177
2.86649
2.85664
2.84586
2.83534
2.82241
2.80273
2.77526
2.74435
2.71515
2.68603
2.65103
2.60314
2.53974
2.46823
2.38734
2.30846
2.22184
2.13009
1.40001
1.40001
1.40001
1.40001
1.40001
1.40001
1.40001
1.40001
1.40001
1.40001
1.40001
1.40001
1.40001
1.40001
1.40987
2.22011
2.82253
2.85158
2.85304
2.85678
2.85935
2.86476
2.87499
2.8809
2.88003
2.87457
2.86606
2.85845
2.85505
2.85351
2.84894
2.84044
2.82954
2.81773
2.80459
2.78659
2.7607
2.72824
2.6945
2.66174
2.62798
2.58607
2.53001
2.46326
2.38529
2.30726
2.22477
2.13951
1.40001
1.40001
1.40001
1.40001
1.40001
1.40001
1.40001
1.40001
1.40001
1.40001
1.40001
1.40001
1.40001
1.40001
1.4002
1.90536
2.74961
2.84259
2.84531
2.85145
2.8524
2.85381
2.86095
2.86617
2.86629
2.86281
2.85482
2.84571
2.83951
2.83569
2.83189
2.82578
2.8158
2.80219
2.78667
2.76845
2.74474
2.71384
2.67827
2.64185
2.60652
2.56742
2.51826
2.45879
2.38488
2.30881
2.23046
2.15028
1.40001
1.40001
1.40001
1.40001
1.40001
1.40001
1.40001
1.40001
1.40001
1.40001
1.40001
1.40001
1.40001
1.40001
1.40001
1.63522
2.61062
2.8385
2.8437
2.84628
2.84504
2.84376
2.84722
2.85194
2.8531
2.85132
2.84466
2.83519
2.82638
2.82004
2.81638
2.81246
2.80361
2.78798
2.76896
2.74895
2.72688
2.69962
2.66591
2.62781
2.58929
2.54903
2.5039
2.45147
2.38312
2.31256
2.23882
2.16198
1.40001
1.40001
1.40001
1.40001
1.40001
1.40001
1.40001
1.40001
1.40001
1.40001
1.40001
1.40001
1.40001
1.40001
1.40001
1.44539
2.37502
2.81758
2.83445
2.83603
2.83548
2.83405
2.83545
2.83932
2.84133
2.84008
2.83396
2.82475
2.81514
2.80723
2.80308
2.8003
2.79171
2.77399
2.75194
2.72954
2.70787
2.68458
2.65523
2.6186
2.57675
2.53265
2.48763
2.43969
2.37969
2.31591
2.24685
2.17399
1.40001
1.40001
1.40001
1.40001
1.40001
1.40001
1.40001
1.40001
1.40001
1.40001
1.40001
1.40001
1.40001
1.40001
1.40001
1.40234
2.03573
2.76654
2.82634
2.8269
2.82671
2.82559
2.8262
2.82919
2.83155
2.82906
2.82249
2.81393
2.80523
2.79701
2.79201
2.78884
2.77893
2.75953
2.73614
2.71209
2.6898
2.66909
2.64429
2.61145
2.56766
2.51984
2.47224
2.42548
2.37401
2.31642
2.25227
2.18562
1.40001
1.40001
1.40001
1.40001
1.40001
1.40001
1.40001
1.40001
1.40001
1.40001
1.40001
1.40001
1.40001
1.40001
1.40001
1.40003
1.71312
2.64985
2.82156
2.82086
2.82204
2.82023
2.81916
2.82033
2.82247
2.81868
2.81127
2.8029
2.79554
2.78793
2.78209
2.77728
2.76505
2.74467
2.72162
2.69751
2.67442
2.65394
2.63195
2.6018
2.55921
2.51143
2.46116
2.41319
2.36608
2.31335
2.25583
2.19794
1.40001
1.40001
1.40001
1.40001
1.40001
1.40001
1.40001
1.40001
1.40001
1.40001
1.40001
1.40001
1.40001
1.40001
1.40001
1.40001
1.47783
2.42119
2.80208
2.81224
2.81478
2.81271
2.80933
2.80975
2.81217
2.80883
2.80088
2.79234
2.78559
2.77879
2.77225
2.76519
2.75061
2.72984
2.70787
2.68521
2.66207
2.64029
2.61794
2.58884
2.55
2.50553
2.45417
2.40517
2.35762
2.30957
2.26093
2.20984
1.40001
1.40001
1.40001
1.40001
1.40001
1.40001
1.40001
1.40001
1.40001
1.40001
1.40001
1.40001
1.40001
1.40001
1.40001
1.40001
1.40524
2.06545
2.74986
2.8072
2.80783
2.80324
2.79797
2.79829
2.80052
2.79836
2.79091
2.78224
2.77501
2.76854
2.76118
2.75198
2.73627
2.71557
2.69438
2.67357
2.6514
2.62817
2.60338
2.5738
2.53823
2.49927
2.44992
2.40201
2.35403
2.31032
2.26747
2.21881
1.40001
1.40001
1.40001
1.40001
1.40001
1.40001
1.40001
1.40001
1.40001
1.40001
1.40001
1.40001
1.40001
1.40001
1.40001
1.40001
1.40008
1.71356
2.63124
2.80902
2.79921
2.79038
2.78662
2.78747
2.78918
2.78816
2.78193
2.77241
2.76341
2.75621
2.74831
2.73798
2.72268
2.70258
2.68141
2.6615
2.64073
2.61726
2.59035
2.55891
2.52525
2.49067
2.44649
2.40133
2.35545
2.31478
2.27332
2.22495
1.40001
1.40001
1.40001
1.40001
1.40001
1.40001
1.40001
1.40001
1.40001
1.40001
1.40001
1.40001
1.40001
1.40001
1.40001
1.40001
1.40001
1.46676
2.39136
2.78938
2.78178
2.77458
2.77552
2.77713
2.77903
2.77878
2.77324
2.76249
2.75109
2.74259
2.73453
2.72412
2.70982
2.69088
2.66929
2.64874
2.62874
2.60627
2.57944
2.54717
2.51351
2.48025
2.44282
2.40184
2.35956
2.32024
2.27796
2.2295
1.40001
1.40001
1.40001
1.40001
1.40001
1.40001
1.40001
1.40001
1.40001
1.40001
1.40001
1.40001
1.40001
1.40001
1.40001
1.40001
1.40001
1.4042
2.01088
2.72765
2.76985
2.76673
2.76759
2.76902
2.77046
2.76951
2.76297
2.75098
2.73821
2.72901
2.72123
2.71163
2.69814
2.6802
2.6583
2.63625
2.61603
2.59496
2.57015
2.53946
2.5049
2.47127
2.4381
2.4026
2.36376
2.32439
2.28123
2.23376
1.40001
1.40001
1.40001
1.40001
1.40001
1.40001
1.40001
1.40001
1.40001
1.40001
1.40001
1.40001
1.40001
1.40001
1.40001
1.40001
1.40001
1.40007
1.64983
2.57144
2.76459
2.76173
2.76145
2.76252
2.76284
2.75999
2.75155
2.7386
2.72557
2.71657
2.70971
2.70127
2.68827
2.67055
2.64853
2.62514
2.60388
2.58357
2.56145
2.53442
2.50078
2.46661
2.4338
2.40226
2.36565
2.32618
2.28353
2.23825
1.40001
1.40001
1.40001
1.40001
1.40001
1.40001
1.40001
1.40001
1.40001
1.40001
1.40001
1.40001
1.40001
1.40001
1.40001
1.40001
1.40001
1.40001
1.43885
2.26604
2.74877
2.74991
2.75002
2.75482
2.75603
2.75206
2.7421
2.72816
2.715
2.70606
2.70013
2.69293
2.68023
2.66214
2.63994
2.61584
2.59337
2.57289
2.55286
2.53003
2.50006
2.4663
2.43195
2.39974
2.36371
2.32512
2.2847
2.24328
1.40001
1.40001
1.40001
1.40001
1.40001
1.40001
1.40001
1.40001
1.40001
1.40001
1.40001
1.40001
1.40001
1.40001
1.40001
1.40001
1.40001
1.40001
1.40172
1.85931
2.66509
2.73562
2.7402
2.74972
2.74987
2.74519
2.73489
2.72031
2.70677
2.69744
2.69198
2.68581
2.67327
2.65485
2.6323
2.60803
2.58471
2.56347
2.54471
2.52559
2.5004
2.46781
2.43236
2.3961
2.35917
2.3223
2.28548
2.24896
1.40001
1.40001
1.40001
1.40001
1.40001
1.40001
1.40001
1.40001
1.40001
1.40001
1.40001
1.40001
1.40001
1.40001
1.40001
1.40001
1.40001
1.40001
1.40002
1.52608
2.43574
2.72493
2.73699
2.74291
2.74348
2.73766
2.72645
2.71201
2.69939
2.69009
2.68493
2.67932
2.6666
2.64804
2.62512
2.60118
2.57784
2.55634
2.53845
2.52176
2.49929
2.46884
2.43255
2.39426
2.3563
2.32047
2.28739
2.25522
1.40001
1.40001
1.40001
1.40001
1.40001
1.40001
1.40001
1.40001
1.40001
1.40001
1.40001
1.40001
1.40001
1.40001
1.40001
1.40001
1.40001
1.40001
1.40001
1.41094
2.04106
2.69016
2.73201
2.73607
2.7368
2.73009
2.71701
2.7024
2.69146
2.68296
2.67816
2.67284
2.65967
2.64091
2.61771
2.59469
2.57236
2.55172
2.53472
2.5182
2.49506
2.46664
2.43132
2.39381
2.35612
2.32126
2.29103
2.26136
0.603544
0.207399
0.044544
0.035627
0.0377259
0.0518472
0.0845648
0.119061
0.15597
0.209884
0.264917
0.317295
0.343846
0.34499
0.358241
0.397104
0.454031
0.516075
0.569875
0.584618
0.576774
0.566663
0.561813
0.566188
0.579818
0.612606
0.639763
0.646645
0.650699
0.652137
0.654889
0.662505
0.682712
0.708923
0.718361
0.720412
0.718287
0.713939
0.71531
0.722218
0.736291
0.758078
0.774583
0.778497
0.779766
0.780097
0.780212
0.782112
0.7843
0.786586
0.790586
0.799278
0.808131
0.813055
0.818616
0.826295
0.840868
0.868963
0.909803
0.960541
0.993255
1.00757
1.01389
1.01259
1.01323
1.02019
0.92152
0.517644
0.300818
0.238675
0.19602
0.166432
0.167346
0.178178
0.185445
0.193309
0.205302
0.227362
0.26793
0.300447
0.326223
0.357591
0.399144
0.453788
0.507843
0.554707
0.561937
0.563236
0.571548
0.582473
0.596956
0.625646
0.652351
0.655951
0.658839
0.664821
0.67111
0.678305
0.693568
0.715492
0.728627
0.732595
0.733611
0.733166
0.734479
0.740047
0.750187
0.765421
0.77816
0.781907
0.783573
0.785421
0.78808
0.791292
0.79483
0.798712
0.804172
0.812682
0.82124
0.825745
0.829163
0.83518
0.846493
0.871634
0.912295
0.961881
0.998501
1.01637
1.0247
1.02682
1.0276
1.03228
1.18807
0.790576
0.574947
0.484733
0.415057
0.314566
0.267058
0.273384
0.265533
0.245831
0.245349
0.255451
0.281779
0.315134
0.342222
0.360855
0.376435
0.408318
0.44955
0.504553
0.557822
0.578781
0.600546
0.628188
0.647298
0.666219
0.687842
0.69321
0.698816
0.710893
0.723263
0.729943
0.739461
0.750039
0.756239
0.762194
0.766543
0.769025
0.771199
0.775881
0.7856
0.799622
0.810232
0.814956
0.817039
0.818113
0.818612
0.820203
0.822893
0.828301
0.836665
0.844638
0.849658
0.853168
0.857138
0.863594
0.874803
0.899034
0.94022
0.988277
1.02399
1.03945
1.04713
1.05201
1.05628
1.0607
1.40669
1.08866
0.822459
0.678446
0.611871
0.512838
0.432606
0.420597
0.401815
0.356948
0.33744
0.341046
0.348742
0.349621
0.352844
0.354322
0.351963
0.353612
0.362502
0.393978
0.465634
0.528468
0.569459
0.610204
0.638686
0.658315
0.686071
0.705779
0.71838
0.739674
0.764078
0.772468
0.779205
0.786672
0.789663
0.795397
0.805896
0.810874
0.813466
0.816045
0.822466
0.831085
0.838381
0.84574
0.84966
0.85147
0.851854
0.85312
0.856919
0.86746
0.879643
0.885345
0.887943
0.890103
0.892592
0.896783
0.90575
0.925267
0.967187
1.02247
1.06471
1.08103
1.08733
1.09211
1.09773
1.1021
1.56235
1.30786
1.05962
0.884453
0.796472
0.703327
0.593408
0.554206
0.530481
0.477097
0.429801
0.423419
0.430075
0.427021
0.410488
0.402498
0.399568
0.392011
0.391541
0.396204
0.412437
0.439074
0.472619
0.51336
0.558352
0.593964
0.635442
0.681655
0.709259
0.730932
0.761312
0.772592
0.781667
0.794648
0.802675
0.815432
0.835934
0.849417
0.853488
0.855537
0.855218
0.855224
0.858763
0.86416
0.867775
0.869422
0.871927
0.877546
0.889359
0.907539
0.918432
0.921437
0.922987
0.922828
0.920502
0.921917
0.928329
0.943472
0.9824
1.05063
1.10638
1.12501
1.12827
1.13058
1.13513
1.1401
1.67964
1.46621
1.25118
1.07067
0.963757
0.875761
0.76591
0.683055
0.648722
0.602104
0.536699
0.516591
0.521331
0.518593
0.494476
0.475171
0.467766
0.452541
0.437634
0.436131
0.440851
0.451386
0.451853
0.454483
0.462227
0.480344
0.510547
0.565169
0.624824
0.6682
0.717595
0.750004
0.767351
0.785348
0.802378
0.816126
0.837402
0.857264
0.861656
0.86379
0.864839
0.863435
0.865892
0.871397
0.875568
0.878388
0.884142
0.894103
0.906701
0.919023
0.928695
0.932428
0.934529
0.93557
0.935514
0.937053
0.942041
0.955303
0.985851
1.05152
1.12461
1.15629
1.16028
1.16239
1.16703
1.17288
1.77119
1.58648
1.39892
1.2293
1.10815
1.02184
0.924827
0.813952
0.75279
0.719395
0.665202
0.614559
0.607043
0.599854
0.57397
0.540869
0.533622
0.522981
0.503025
0.500535
0.502194
0.495017
0.482013
0.477568
0.475252
0.476065
0.479365
0.491163
0.516874
0.549388
0.590325
0.64605
0.690979
0.729656
0.773811
0.795593
0.823067
0.851543
0.857065
0.861457
0.866516
0.866213
0.867827
0.873
0.878759
0.883751
0.890904
0.900194
0.910022
0.92007
0.928406
0.932399
0.934846
0.937313
0.941039
0.944099
0.949057
0.959745
0.983426
1.04062
1.11993
1.1731
1.18396
1.18674
1.19051
1.19424
1.84257
1.67854
1.51922
1.36099
1.22491
1.13891
1.05964
0.956902
0.852197
0.816971
0.781326
0.728018
0.702217
0.685533
0.654556
0.613579
0.601789
0.592188
0.570818
0.563697
0.561081
0.551239
0.531543
0.518553
0.508976
0.498941
0.498661
0.505328
0.509574
0.511053
0.514771
0.52911
0.557039
0.599815
0.664278
0.73092
0.775023
0.820096
0.834748
0.844203
0.856862
0.860903
0.862075
0.867541
0.878583
0.889953
0.898106
0.905251
0.909749
0.913725
0.917947
0.922861
0.928443
0.934513
0.940874
0.946578
0.951603
0.960279
0.9774
1.02151
1.10319
1.17599
1.19814
1.20084
1.20323
1.20443
1.90043
1.75346
1.613
1.46909
1.33256
1.23765
1.16644
1.07917
0.971778
0.917038
0.879328
0.828629
0.796382
0.772991
0.735118
0.682379
0.665403
0.655188
0.633813
0.623222
0.618864
0.607114
0.582121
0.567571
0.560707
0.548915
0.544271
0.542686
0.537326
0.528235
0.523048
0.522359
0.524469
0.532295
0.553817
0.600471
0.655329
0.712001
0.764612
0.79145
0.818876
0.835846
0.841886
0.855116
0.876374
0.894535
0.903968
0.90895
0.909067
0.907227
0.910047
0.915188
0.921073
0.929454
0.939009
0.948239
0.953844
0.958838
0.969372
1.00186
1.07761
1.16829
1.20337
1.20711
1.20851
1.20846
1.94741
1.81593
1.689
1.55911
1.43015
1.33065
1.26111
1.18104
1.07955
1.01992
0.975398
0.916987
0.879638
0.854976
0.81333
0.752882
0.731297
0.720006
0.696998
0.683156
0.676621
0.66159
0.632224
0.614481
0.608497
0.597662
0.59078
0.587638
0.580063
0.564282
0.549412
0.542442
0.540533
0.541485
0.546882
0.55454
0.565765
0.58335
0.613921
0.654721
0.702958
0.762271
0.800594
0.831616
0.864258
0.887266
0.897292
0.899503
0.898452
0.899863
0.907164
0.915804
0.924852
0.93388
0.940964
0.947214
0.952805
0.957037
0.963957
0.986828
1.05249
1.15493
1.20489
1.21069
1.21028
1.21056
1.98505
1.86657
1.74989
1.63485
1.51737
1.41343
1.34396
1.27297
1.17505
1.10783
1.06515
1.00212
0.954701
0.928678
0.887636
0.824281
0.796113
0.783555
0.757885
0.739631
0.730863
0.712901
0.679054
0.660365
0.655129
0.64413
0.635656
0.632236
0.623196
0.604204
0.587705
0.583569
0.578158
0.573169
0.57208
0.570557
0.568804
0.563823
0.560107
0.564779
0.58258
0.627778
0.694984
0.759093
0.813807
0.844954
0.861209
0.872192
0.882431
0.890936
0.900432
0.913106
0.927517
0.93651
0.940814
0.943701
0.947885
0.950519
0.95434
0.970523
1.02403
1.13631
1.20875
1.2179
1.21391
1.21312
2.01357
1.90675
1.79971
1.69751
1.59163
1.48758
1.41464
1.35147
1.26297
1.18255
1.1412
1.08307
1.02481
0.994999
0.95751
0.896055
0.861283
0.847109
0.819259
0.792988
0.78233
0.763442
0.727986
0.708469
0.703247
0.690859
0.67941
0.67458
0.663945
0.643339
0.624438
0.621053
0.61661
0.609674
0.607067
0.602873
0.593379
0.578087
0.568106
0.567609
0.56903
0.577134
0.596954
0.630856
0.678263
0.734188
0.781689
0.817373
0.846689
0.868035
0.882684
0.906456
0.925495
0.931846
0.934057
0.933183
0.935651
0.93981
0.943558
0.95543
0.996495
1.09979
1.20127
1.22311
1.22207
1.22147
2.03523
1.93909
1.84141
1.74899
1.65346
1.55404
1.47733
1.41711
1.33936
1.2519
1.20552
1.1562
1.09299
1.0561
1.02342
0.96825
0.922658
0.907068
0.880989
0.847097
0.83117
0.811461
0.775351
0.753129
0.747802
0.735665
0.719543
0.713534
0.70319
0.682016
0.663337
0.660574
0.656435
0.648263
0.643746
0.637631
0.625104
0.606255
0.593496
0.589158
0.587743
0.589878
0.594028
0.595586
0.60003
0.611509
0.636348
0.683714
0.740694
0.799039
0.844924
0.880508
0.914038
0.922146
0.924189
0.922025
0.923792
0.930169
0.935159
0.943668
0.972789
1.04994
1.16664
1.21855
1.22952
1.23497
2.05289
1.96533
1.87602
1.79156
1.70609
1.61369
1.53375
1.47395
1.40565
1.3183
1.2613
1.22079
1.16086
1.1139
1.08429
1.03812
0.983587
0.962357
0.93825
0.900772
0.879697
0.860449
0.826194
0.796889
0.79039
0.779227
0.759092
0.751118
0.742438
0.722877
0.702101
0.69871
0.694752
0.684941
0.677668
0.66963
0.653338
0.630944
0.623662
0.620943
0.617621
0.616183
0.613439
0.609082
0.605138
0.597434
0.595528
0.60208
0.625571
0.671823
0.742716
0.808408
0.864043
0.899503
0.91535
0.923142
0.925808
0.933569
0.943443
0.94925
0.960407
1.011
1.11578
1.19787
1.23136
1.24648
2.06889
1.98825
1.90667
1.82848
1.75196
1.66757
1.58594
1.52418
1.46313
1.38244
1.3134
1.27716
1.22681
1.17124
1.1395
1.10104
1.0447
1.01424
0.991302
0.953019
0.926376
0.908192
0.878108
0.841417
0.830158
0.82059
0.799028
0.786348
0.779842
0.764064
0.740689
0.734269
0.73113
0.720574
0.710088
0.699691
0.680134
0.660245
0.656416
0.655853
0.65153
0.648256
0.644685
0.637097
0.624222
0.610842
0.604195
0.604275
0.606629
0.614076
0.63444
0.672737
0.721607
0.780458
0.828611
0.873594
0.897804
0.917354
0.938988
0.949638
0.960777
0.989012
1.07022
1.17326
1.23241
1.25693
2.08491
2.01083
1.93596
1.86251
1.79249
1.71603
1.63462
1.56909
1.51308
1.44237
1.36644
1.32623
1.28647
1.2302
1.1913
1.15593
1.10191
1.06248
1.04129
1.00598
0.972345
0.953574
0.927737
0.888542
0.867506
0.860043
0.841704
0.822262
0.816461
0.80561
0.781982
0.767954
0.764629
0.754278
0.739322
0.727292
0.708631
0.690082
0.686036
0.685937
0.682219
0.678228
0.674659
0.666499
0.651337
0.635838
0.628145
0.621485
0.620104
0.621926
0.625255
0.629199
0.637146
0.657033
0.691024
0.741475
0.802302
0.852259
0.907196
0.932796
0.947546
0.969769
1.03532
1.1496
1.25185
1.31111
2.10218
2.03357
1.96398
1.89427
1.82777
1.75812
1.67994
1.61018
1.55642
1.49545
1.42083
1.37239
1.33848
1.28646
1.24128
1.2064
1.15601
1.10752
1.08652
1.05758
1.01908
0.995934
0.973752
0.938393
0.905843
0.896829
0.884538
0.861347
0.850504
0.843421
0.824415
0.801495
0.794281
0.784934
0.767044
0.75371
0.74062
0.723431
0.716023
0.715239
0.71161
0.705917
0.702156
0.693863
0.677685
0.66243
0.658353
0.651888
0.645921
0.644518
0.641897
0.638669
0.636796
0.633053
0.634246
0.64474
0.67804
0.730969
0.798291
0.856089
0.891976
0.924524
0.997296
1.14228
1.34684
1.48834
2.12007
2.05549
1.98931
1.92232
1.85786
1.79364
1.72146
1.64951
1.5949
1.54232
1.47396
1.41772
1.38499
1.3389
1.28911
1.25286
1.20681
1.15311
1.12737
1.10488
1.06753
1.03497
1.01458
0.987075
0.950711
0.932539
0.924282
0.904874
0.883633
0.876296
0.863175
0.837321
0.822521
0.814051
0.797019
0.781759
0.773154
0.759563
0.745746
0.743031
0.73959
0.731474
0.726153
0.717785
0.701846
0.688636
0.685877
0.681878
0.675244
0.67166
0.667865
0.660547
0.652393
0.642281
0.636555
0.637175
0.640536
0.650406
0.674718
0.724542
0.787162
0.854647
0.964347
1.17507
1.45915
1.6744
2.13759
2.07509
2.01096
1.94582
1.88331
1.82347
1.7586
1.68832
1.63092
1.5837
1.52376
1.46277
1.42732
1.38654
1.33504
1.29616
1.25508
1.20063
1.16428
1.14556
1.11623
1.07676
1.05089
1.02999
0.999344
0.970573
0.96063
0.947667
0.922184
0.905533
0.894712
0.872375
0.850399
0.841751
0.828762
0.812124
0.804946
0.795333
0.777447
0.769649
0.765668
0.756049
0.747683
0.740175
0.726284
0.714944
0.71305
0.71013
0.704339
0.700597
0.695999
0.68736
0.675465
0.663896
0.653069
0.649251
0.648675
0.652112
0.656481
0.670824
0.708717
0.808601
0.939338
1.15334
1.44444
1.71356
2.15225
2.09118
2.02877
1.96589
1.90498
1.8488
1.79117
1.72577
1.66644
1.62094
1.56901
1.50678
1.46567
1.42994
1.37964
1.33531
1.2987
1.25129
1.20329
1.17921
1.15774
1.12247
1.08701
1.06782
1.04535
1.01357
0.994332
0.984348
0.963997
0.936807
0.922434
0.903765
0.879473
0.870281
0.861397
0.845194
0.836312
0.828703
0.811898
0.796797
0.790864
0.781026
0.768529
0.761621
0.752012
0.741249
0.738808
0.736007
0.730188
0.725572
0.720579
0.710927
0.696092
0.684988
0.675925
0.669975
0.668209
0.673956
0.696615
0.753026
0.837581
0.924555
1.00265
1.05775
1.18627
1.48513
2.16321
2.10401
2.04316
1.98275
1.92414
1.87064
1.81955
1.76105
1.70165
1.65498
1.60876
1.54947
1.49958
1.46645
1.42281
1.37353
1.33658
1.29799
1.24848
1.21152
1.19228
1.16595
1.12741
1.10101
1.08478
1.05886
1.03095
1.01738
1.00073
0.971111
0.949779
0.932869
0.9103
0.900316
0.894214
0.879944
0.866484
0.858133
0.843743
0.823679
0.814568
0.804914
0.790499
0.784041
0.77868
0.769256
0.765032
0.762008
0.755524
0.749005
0.741996
0.729841
0.712778
0.706028
0.703984
0.706137
0.720931
0.766243
0.838372
0.9173
0.981965
1.02791
1.03913
1.02875
1.03209
1.12274
2.171
2.11355
2.05487
1.99801
1.94258
1.89111
1.84469
1.79344
1.73578
1.68608
1.64197
1.58793
1.53202
1.49604
1.46116
1.4135
1.37109
1.33794
1.29618
1.24876
1.2216
1.20192
1.17059
1.13533
1.1183
1.09952
1.0703
1.05043
1.03392
1.00559
0.978422
0.962381
0.942262
0.930671
0.926069
0.914371
0.897549
0.885847
0.872042
0.850103
0.837786
0.82857
0.81486
0.808981
0.805865
0.798411
0.791576
0.787201
0.779721
0.77004
0.759337
0.745183
0.731126
0.731321
0.741362
0.776427
0.845525
0.933884
1.01621
1.05329
1.07295
1.07713
1.071
1.0559
1.03108
1.03126
2.17696
2.12194
2.0668
2.01379
1.96178
1.91227
1.86798
1.82202
1.76717
1.7137
1.66909
1.62043
1.56472
1.52267
1.49337
1.45393
1.40699
1.37143
1.33699
1.29143
1.25188
1.23177
1.20857
1.17401
1.14984
1.13571
1.11037
1.08405
1.06529
1.03821
1.00882
0.99382
0.97602
0.960926
0.955721
0.946094
0.92832
0.913089
0.897932
0.875492
0.860508
0.853145
0.841246
0.835144
0.832793
0.82619
0.817794
0.81096
0.802919
0.790816
0.778107
0.763658
0.766966
0.794328
0.853266
0.940328
1.02253
1.09466
1.1229
1.12046
1.11479
1.10438
1.08833
1.07094
1.05072
1.03398
2.18354
2.13193
2.08045
2.0309
1.98227
1.93456
1.89015
1.84603
1.79421
1.73864
1.69209
1.64819
1.59726
1.55132
1.52089
1.49004
1.44588
1.40256
1.37003
1.33145
1.28672
1.26005
1.24216
1.21403
1.18321
1.16785
1.14842
1.11902
1.09587
1.0695
1.03987
1.02573
1.01048
0.991812
0.983176
0.974865
0.957462
0.940101
0.923516
0.900854
0.884352
0.879475
0.869678
0.861736
0.859025
0.852366
0.842327
0.832922
0.823885
0.813624
0.807922
0.822414
0.86995
0.954173
1.04294
1.10319
1.14854
1.17248
1.16729
1.1518
1.13257
1.1168
1.10104
1.09052
1.07958
1.06589
2.19164
2.1439
2.09574
2.04903
2.00293
1.95586
1.9103
1.86591
1.81691
1.7625
1.714
1.67326
1.62908
1.58257
1.54781
1.52047
1.48313
1.43523
1.39789
1.36548
1.32497
1.29088
1.27287
1.25162
1.22049
1.19802
1.18222
1.15492
1.12567
1.09971
1.0718
1.05713
1.04373
1.02342
1.00919
1.00065
0.984606
0.966341
0.949865
0.927843
0.910778
0.906563
0.89877
0.887838
0.883242
0.876651
0.865316
0.857376
0.849704
0.862639
0.900292
0.973728
1.06246
1.13252
1.17543
1.2058
1.2097
1.20161
1.18378
1.16591
1.14882
1.1324
1.11671
1.10714
1.103
1.09674
2.20101
2.15705
2.11167
2.06634
2.02096
1.97384
1.92766
1.88338
1.83675
1.78601
1.7375
1.69749
1.65935
1.61595
1.57614
1.54619
1.51388
1.46888
1.4253
1.39575
1.36257
1.32602
1.3032
1.28597
1.25957
1.22962
1.21088
1.18889
1.15737
1.12807
1.10235
1.08621
1.07473
1.05723
1.03669
1.0242
1.00923
0.99124
0.976395
0.957523
0.938999
0.9336
0.926592
0.913501
0.905996
0.901351
0.89572
0.902899
0.938524
1.00103
1.09432
1.16272
1.21165
1.23112
1.24553
1.24594
1.23452
1.21734
1.1997
1.18334
1.16514
1.14524
1.13724
1.13231
1.12695
1.11953
2.21061
2.16919
2.12537
2.08022
2.03458
1.98773
1.94244
1.89976
1.8555
1.80936
1.76363
1.72317
1.68738
1.648
1.60559
1.57046
1.53883
1.49948
1.45534
1.42529
1.39797
1.36418
1.33511
1.31687
1.29569
1.2651
1.23627
1.21588
1.18921
1.15822
1.13237
1.1127
1.1014
1.08895
1.06921
1.04979
1.03203
1.01431
1.00176
0.98732
0.968348
0.959461
0.952515
0.940432
0.935443
0.943667
0.979496
1.04821
1.12853
1.20345
1.26614
1.27124
1.27984
1.28088
1.27578
1.26609
1.2522
1.23358
1.21392
1.19641
1.18325
1.17248
1.16349
1.15426
1.14361
1.13172
2.21911
2.17876
2.13554
2.09041
2.04484
1.99854
1.95541
1.91584
1.87479
1.83304
1.79132
1.75066
1.71349
1.67533
1.63332
1.59488
1.56173
1.5266
1.48713
1.45606
1.43114
1.40197
1.36952
1.34487
1.32559
1.29883
1.26377
1.23749
1.2165
1.18984
1.1639
1.14086
1.12468
1.11482
1.10079
1.08088
1.05688
1.03638
1.02544
1.01449
0.998415
0.987064
0.981286
0.98402
1.01228
1.08347
1.17428
1.26001
1.30339
1.33716
1.33866
1.32059
1.31367
1.30577
1.29406
1.28083
1.26684
1.25225
1.23684
1.22169
1.20666
1.19379
1.18381
1.17488
1.16391
1.14706
2.22571
2.1857
2.14262
2.09701
2.05127
2.00754
1.96805
1.93224
1.89511
1.85655
1.81725
1.77676
1.73765
1.69772
1.65601
1.61863
1.58572
1.55288
1.51816
1.48784
1.46308
1.43661
1.40495
1.37159
)
;

boundaryField
{
    inlet
    {
        type            calculated;
        value           uniform 1.40001;
    }
    outlet
    {
        type            calculated;
        value           nonuniform 0();
    }
    bottom
    {
        type            symmetryPlane;
    }
    top
    {
        type            symmetryPlane;
    }
    obstacle
    {
        type            calculated;
        value           nonuniform List<scalar> 
82
(
3.17615
3.17362
3.16947
3.16321
3.15522
3.14519
3.13333
3.11876
3.10181
3.08011
3.05469
3.019
2.97678
2.91024
2.81578
2.70915
0.603544
0.207399
0.044544
0.035627
0.0377259
0.0518472
0.0845648
0.119061
0.15597
0.209884
0.264917
0.317295
0.343846
0.34499
0.358241
0.397104
0.454031
0.516075
0.569875
0.584618
0.576774
0.566663
0.561813
0.566188
0.579818
0.612606
0.639763
0.646645
0.650699
0.652137
0.654889
0.662505
0.682712
0.708923
0.718361
0.720412
0.718287
0.713939
0.71531
0.722218
0.736291
0.758078
0.774583
0.778497
0.779766
0.780097
0.780212
0.782112
0.7843
0.786586
0.790586
0.799278
0.808131
0.813055
0.818616
0.826295
0.840868
0.868963
0.909803
0.960541
0.993255
1.00757
1.01389
1.01259
1.01323
1.02019
)
;
    }
    defaultFaces
    {
        type            empty;
    }
    procBoundary0to1
    {
        type            processor;
        value           nonuniform List<scalar> 
28
(
1.0277
1.038
1.06484
1.10539
1.1447
1.17891
1.19659
1.20393
1.20939
1.21403
1.2168
1.22502
1.23855
1.25083
1.2714
1.36938
1.56831
1.73305
1.77397
1.70427
1.40535
1.09234
1.0373
1.05106
1.08459
1.10658
1.12117
1.13398
)
;
    }
    procBoundary0to2
    {
        type            processor;
        value           nonuniform List<scalar> 
115
(
1.40001
1.40001
1.40001
1.40001
1.40001
1.40001
1.40001
1.40001
1.40001
1.40001
1.40001
1.40001
1.40001
1.40001
1.40001
1.40001
1.40001
1.40001
1.40001
1.40025
1.65087
2.53313
2.71463
2.72859
2.72986
2.72236
2.70788
2.69236
2.68249
2.67504
2.67059
2.66573
2.65234
2.6333
2.60982
2.58795
2.5671
2.54794
2.53205
2.51414
2.48849
2.4605
2.42829
2.39297
2.35687
2.32376
2.29525
2.26582
1.34837
1.32542
1.29287
1.25997
1.24031
1.21949
1.19596
1.17317
1.15029
1.13515
1.1248
1.11002
1.08695
1.06075
1.04814
1.0405
1.03311
1.03079
1.05491
1.11621
1.2051
1.30529
1.3567
1.39592
1.39695
1.38529
1.36536
1.34947
1.33883
1.32857
1.31674
1.30356
1.28552
1.26949
1.2583
1.24693
1.23321
1.21829
1.20357
1.18888
1.17422
1.16213
2.22974
2.18961
2.14625
2.10108
2.05801
2.01807
1.98185
1.94924
1.91518
1.87797
1.83868
1.79808
1.75818
1.71737
1.67575
1.64063
1.61084
1.58079
1.54841
1.51803
1.49267
1.46672
1.43633
1.34837
1.39928
)
;
    }
}


// ************************************************************************* //
