/*--------------------------------*- C++ -*----------------------------------*\
  =========                 |
  \\      /  F ield         | OpenFOAM: The Open Source CFD Toolbox
   \\    /   O peration     | Website:  https://openfoam.org
    \\  /    A nd           | Version:  7
     \\/     M anipulation  |
\*---------------------------------------------------------------------------*/
FoamFile
{
    version     2.0;
    format      ascii;
    class       volScalarField;
    location    "1.4";
    object      rho;
}
// * * * * * * * * * * * * * * * * * * * * * * * * * * * * * * * * * * * * * //

dimensions      [1 -3 0 0 0 0 0];

internalField   nonuniform List<scalar> 
4032
(
1.23629
1.22795
1.21915
1.20734
1.18916
1.16244
1.14079
1.13061
1.12222
1.11282
1.11031
1.1191
1.17102
1.32631
1.49113
1.55326
1.55686
1.547
1.53324
1.51684
1.5018
1.49515
1.49058
1.48805
1.49207
1.49625
1.49224
1.48659
1.47932
1.46859
1.45398
1.44142
1.4362
1.43299
1.43075
1.43229
1.44079
1.4453
1.44109
1.43527
1.42729
1.41545
1.40389
1.39877
1.39664
1.39568
1.39746
1.40546
1.41619
1.41696
1.41484
1.41131
1.40432
1.39489
1.3896
1.38851
1.38856
1.39085
1.39722
1.40567
1.40895
1.4093
1.4082
1.40308
1.3981
1.39775
1.39871
1.40095
1.40554
1.41001
1.41152
1.41228
1.41204
1.40922
1.40806
1.40929
1.4115
1.41629
1.42444
1.43063
1.43231
1.43312
1.43256
1.42896
1.42544
1.42518
1.42621
1.42813
1.43129
1.43679
1.44235
1.44425
1.44509
1.44539
1.44441
1.44231
1.44152
1.44208
1.44316
1.44488
1.44822
1.4525
1.4541
1.45464
1.45497
1.4557
1.45708
1.45938
1.46247
1.46569
1.46985
1.47219
1.47279
1.47304
1.47293
1.47166
1.46896
1.46695
1.46668
1.4671
1.46731
1.4671
1.46676
1.46649
1.46617
1.46667
1.25734
1.24785
1.23534
1.21703
1.192
1.16792
1.15518
1.14861
1.13973
1.12968
1.12049
1.11852
1.12736
1.17156
1.31291
1.46308
1.53055
1.53482
1.52426
1.50439
1.49205
1.48701
1.48423
1.48586
1.49182
1.48951
1.48405
1.47773
1.4683
1.45366
1.43785
1.42998
1.42666
1.42507
1.426
1.43332
1.44239
1.44095
1.43574
1.42817
1.41564
1.40115
1.3941
1.3918
1.3907
1.39144
1.39747
1.40888
1.41217
1.41037
1.40703
1.40061
1.39134
1.38498
1.38345
1.38356
1.38512
1.38962
1.39787
1.40304
1.40382
1.40362
1.40006
1.39364
1.39103
1.39154
1.39263
1.39506
1.40005
1.40448
1.40602
1.40702
1.40702
1.40503
1.40519
1.40699
1.40955
1.41346
1.41994
1.42521
1.42676
1.4273
1.42512
1.42086
1.42075
1.42232
1.42406
1.42641
1.43091
1.43666
1.43909
1.43993
1.43996
1.43836
1.43637
1.43657
1.43792
1.43969
1.44175
1.44511
1.44878
1.45006
1.45021
1.4497
1.44918
1.4496
1.45066
1.45307
1.45844
1.46526
1.46847
1.46928
1.46955
1.46947
1.46896
1.46872
1.46874
1.46845
1.46771
1.46654
1.46578
1.46548
1.46521
1.46498
1.46488
1.46559
1.27664
1.26639
1.25156
1.2241
1.19449
1.17967
1.17317
1.1672
1.1599
1.15066
1.13832
1.1245
1.1243
1.13063
1.16764
1.29257
1.44419
1.51446
1.5141
1.49407
1.48397
1.48074
1.47956
1.48157
1.4839
1.48101
1.47558
1.46858
1.45768
1.4415
1.42732
1.4211
1.41795
1.41693
1.42249
1.43527
1.43859
1.43463
1.42911
1.41949
1.40406
1.39152
1.38703
1.38515
1.38486
1.38929
1.40041
1.40679
1.40565
1.40294
1.39727
1.38768
1.38009
1.37801
1.37761
1.3783
1.38263
1.39079
1.39673
1.3976
1.39776
1.39584
1.38955
1.3844
1.38427
1.38558
1.38785
1.39134
1.3964
1.40065
1.4023
1.40343
1.40321
1.40161
1.40238
1.4042
1.40726
1.41301
1.41777
1.41945
1.42039
1.42035
1.41833
1.41667
1.41729
1.41914
1.42285
1.42877
1.43326
1.4347
1.43544
1.43539
1.43346
1.43133
1.43141
1.43246
1.43388
1.43706
1.44289
1.44731
1.44826
1.44805
1.44625
1.44439
1.44431
1.44496
1.44606
1.44895
1.45485
1.46118
1.46449
1.46567
1.4661
1.46608
1.46583
1.46639
1.46753
1.46834
1.46791
1.4662
1.46483
1.46442
1.46437
1.46452
1.46498
1.46494
1.2936
1.27821
1.2537
1.22553
1.20543
1.19684
1.18883
1.18126
1.17426
1.16708
1.15834
1.145
1.13207
1.12651
1.1293
1.16134
1.27051
1.41463
1.48615
1.48703
1.48043
1.47902
1.47706
1.47434
1.47244
1.47041
1.46579
1.45911
1.44788
1.43182
1.41948
1.41407
1.4118
1.41203
1.41826
1.42684
1.42699
1.42378
1.41877
1.40854
1.39384
1.38475
1.38146
1.38008
1.38132
1.38879
1.39866
1.39987
1.39807
1.39397
1.38499
1.37485
1.3712
1.37071
1.37142
1.3747
1.38134
1.38986
1.39267
1.39275
1.39132
1.38603
1.37989
1.37825
1.37902
1.38047
1.38358
1.38926
1.39512
1.39761
1.3989
1.39939
1.39785
1.39751
1.39891
1.40114
1.40517
1.40998
1.41216
1.41305
1.41324
1.41215
1.41223
1.41397
1.41559
1.41761
1.42123
1.42611
1.42916
1.43022
1.43079
1.42995
1.42753
1.42698
1.4281
1.42955
1.43158
1.43543
1.44099
1.44371
1.44437
1.44435
1.4423
1.44068
1.44121
1.44231
1.44397
1.44732
1.45193
1.4554
1.45794
1.46026
1.46212
1.46325
1.46392
1.46493
1.46631
1.46684
1.46679
1.46553
1.4641
1.46377
1.46414
1.46488
1.46538
1.4646
1.31126
1.28713
1.25556
1.23174
1.22395
1.21657
1.20808
1.19871
1.18904
1.17968
1.17171
1.16327
1.14979
1.13514
1.12462
1.12162
1.14956
1.25288
1.40425
1.47477
1.48308
1.47868
1.47298
1.46512
1.45967
1.45702
1.45279
1.44656
1.43598
1.42251
1.41333
1.4084
1.40649
1.40946
1.41796
1.4193
1.41609
1.41224
1.40633
1.39561
1.38413
1.37889
1.3768
1.37628
1.38028
1.39021
1.39395
1.3927
1.38996
1.38325
1.37206
1.36482
1.36326
1.36308
1.36499
1.37162
1.38223
1.38792
1.38832
1.38762
1.3833
1.37585
1.37287
1.3739
1.37578
1.37823
1.38214
1.38843
1.39259
1.39402
1.39455
1.39268
1.39135
1.39268
1.39493
1.39823
1.40283
1.40524
1.40627
1.40673
1.40647
1.40662
1.408
1.41016
1.41407
1.41882
1.42181
1.42345
1.42458
1.42543
1.42571
1.42493
1.42405
1.4244
1.42548
1.42712
1.43053
1.43583
1.43864
1.43968
1.44029
1.44032
1.4393
1.43852
1.43907
1.4404
1.4431
1.44656
1.44868
1.4501
1.45164
1.45371
1.45637
1.4594
1.46242
1.46434
1.46497
1.46513
1.46484
1.46398
1.46362
1.46398
1.4648
1.46552
1.46566
1.46423
1.31565
1.28572
1.25954
1.24841
1.24015
1.23125
1.22247
1.21369
1.20489
1.19581
1.18644
1.17727
1.16606
1.14908
1.12802
1.11512
1.11658
1.14674
1.24993
1.39936
1.47045
1.47457
1.46836
1.45819
1.44912
1.44387
1.43795
1.43075
1.42092
1.41236
1.40722
1.40378
1.40316
1.40844
1.41278
1.41016
1.40589
1.40048
1.3923
1.38209
1.37545
1.37277
1.37184
1.37414
1.38193
1.3875
1.38662
1.38449
1.38003
1.37088
1.36104
1.35717
1.3565
1.35731
1.36108
1.3694
1.37921
1.38224
1.38241
1.3806
1.37455
1.36928
1.36899
1.37037
1.37284
1.37759
1.38418
1.38765
1.38908
1.38949
1.3869
1.38398
1.38486
1.38695
1.39074
1.39626
1.39907
1.40021
1.40097
1.40132
1.40222
1.4038
1.40542
1.40742
1.41052
1.41451
1.41747
1.41873
1.4197
1.42045
1.42085
1.42113
1.42182
1.42276
1.424
1.42604
1.42918
1.432
1.43361
1.43461
1.43539
1.43604
1.4368
1.43744
1.4383
1.43995
1.44221
1.44389
1.44483
1.44557
1.44646
1.44788
1.45049
1.4548
1.45965
1.46226
1.46295
1.46315
1.46309
1.46354
1.46425
1.46513
1.46583
1.46593
1.46561
1.46374
1.31707
1.28736
1.27355
1.26554
1.25693
1.24778
1.23851
1.22946
1.22036
1.21094
1.20091
1.18938
1.17266
1.14953
1.12676
1.11295
1.11086
1.11774
1.15163
1.25691
1.4013
1.45451
1.45947
1.45335
1.44401
1.43569
1.42643
1.4157
1.40683
1.40291
1.39925
1.39765
1.40158
1.40789
1.40661
1.40233
1.39659
1.38788
1.37685
1.37012
1.36798
1.36689
1.36735
1.37343
1.38087
1.38057
1.37833
1.37443
1.36709
1.35805
1.35289
1.35145
1.3516
1.35387
1.36005
1.36971
1.37433
1.37503
1.37466
1.37104
1.36581
1.36461
1.36569
1.36807
1.37219
1.3782
1.38216
1.38355
1.38407
1.38172
1.37729
1.37718
1.3791
1.38222
1.38738
1.39278
1.39484
1.39592
1.39648
1.39719
1.39885
1.40103
1.40401
1.40703
1.40921
1.41104
1.4127
1.41398
1.415
1.41601
1.4172
1.41865
1.42018
1.42174
1.42353
1.4255
1.42701
1.42798
1.42883
1.42975
1.43086
1.43222
1.43417
1.43647
1.43852
1.44003
1.4407
1.44099
1.44122
1.44163
1.44235
1.44355
1.44604
1.45034
1.45503
1.45843
1.4605
1.46149
1.46193
1.46235
1.46307
1.46405
1.46477
1.46498
1.46486
1.46339
1.3182
1.29943
1.28899
1.27889
1.26945
1.26142
1.25409
1.24657
1.238
1.22731
1.21397
1.19729
1.17638
1.15525
1.13547
1.12199
1.11444
1.11308
1.12328
1.15955
1.25913
1.3777
1.43573
1.44532
1.44069
1.43092
1.41725
1.40252
1.39472
1.39172
1.38969
1.39031
1.39759
1.40185
1.39906
1.39407
1.386
1.37358
1.36304
1.35953
1.35826
1.35895
1.36559
1.37458
1.37555
1.37314
1.36885
1.36117
1.35156
1.34679
1.34629
1.34652
1.34835
1.35344
1.3619
1.3668
1.36718
1.36681
1.36386
1.3591
1.35797
1.35924
1.36212
1.36678
1.37368
1.37807
1.37927
1.3796
1.37693
1.37156
1.37045
1.37201
1.37428
1.37824
1.38459
1.38929
1.39123
1.39283
1.39425
1.39541
1.39704
1.399
1.401
1.40291
1.40468
1.40625
1.408
1.41005
1.41183
1.41334
1.4148
1.4163
1.41794
1.41979
1.42152
1.42268
1.42354
1.42421
1.42493
1.42593
1.4273
1.42945
1.43223
1.43564
1.43792
1.43874
1.43902
1.43843
1.43777
1.43825
1.43906
1.44026
1.44269
1.44656
1.45042
1.45348
1.45626
1.45895
1.46093
1.462
1.4627
1.46327
1.46369
1.46398
1.46408
1.46331
1.32553
1.31477
1.30508
1.29494
1.28493
1.27599
1.26799
1.25985
1.25081
1.24037
1.2267
1.20715
1.18065
1.15914
1.14925
1.14072
1.12995
1.12082
1.12089
1.13246
1.16457
1.25037
1.35571
1.42179
1.4305
1.424
1.40777
1.38939
1.38245
1.37955
1.37919
1.38638
1.39567
1.39506
1.39129
1.38528
1.37431
1.35934
1.3507
1.34849
1.34826
1.35169
1.36079
1.36817
1.36797
1.36526
1.35827
1.34683
1.339
1.33773
1.33824
1.34108
1.34666
1.35582
1.36241
1.36292
1.36151
1.35665
1.35054
1.34893
1.35005
1.35272
1.35851
1.36806
1.37465
1.37607
1.37653
1.37395
1.36725
1.36448
1.3658
1.36814
1.37159
1.37679
1.38294
1.38678
1.3889
1.39076
1.39269
1.39435
1.39561
1.39672
1.39782
1.39903
1.40051
1.40248
1.40507
1.40754
1.40933
1.41088
1.41245
1.41402
1.41563
1.41737
1.41874
1.41962
1.42037
1.42106
1.42191
1.42296
1.42441
1.42723
1.43188
1.43484
1.43581
1.43637
1.43645
1.43539
1.43486
1.43547
1.43631
1.43765
1.44028
1.44404
1.44733
1.44971
1.45192
1.4545
1.45724
1.45941
1.46076
1.46152
1.46211
1.46259
1.463
1.4631
1.34125
1.33121
1.32134
1.31169
1.30155
1.29097
1.28177
1.27314
1.26218
1.24878
1.23198
1.21103
1.1863
1.16944
1.16184
1.15381
1.14499
1.13513
1.12658
1.12732
1.1354
1.16204
1.23673
1.33944
1.40201
1.40749
1.39577
1.37673
1.37058
1.36781
1.36898
1.37737
1.38452
1.38427
1.38119
1.37495
1.36231
1.34694
1.33947
1.33742
1.33789
1.34518
1.3566
1.36004
1.35939
1.35627
1.34709
1.33489
1.32972
1.32911
1.33021
1.33565
1.34762
1.35801
1.35944
1.35877
1.35399
1.34474
1.34012
1.34074
1.34301
1.34785
1.35642
1.36668
1.37023
1.37138
1.37101
1.36553
1.36049
1.36084
1.36254
1.3652
1.36972
1.37671
1.38217
1.38521
1.38751
1.38939
1.39078
1.39142
1.39189
1.39283
1.39401
1.39536
1.39702
1.39971
1.40334
1.40582
1.40733
1.40868
1.40998
1.41131
1.4126
1.41391
1.41545
1.41679
1.41768
1.41875
1.42002
1.42142
1.42328
1.42589
1.4288
1.43131
1.43261
1.4332
1.4333
1.43265
1.43269
1.43341
1.43436
1.43602
1.43892
1.44242
1.44498
1.44656
1.44805
1.44996
1.45255
1.45545
1.45804
1.45995
1.461
1.46146
1.46207
1.46271
1.35968
1.34966
1.33924
1.32914
1.31917
1.30717
1.29182
1.27982
1.27131
1.25964
1.24033
1.21439
1.19429
1.18497
1.17804
1.17033
1.16111
1.15018
1.13643
1.12471
1.12483
1.12917
1.15484
1.2268
1.33599
1.38673
1.38123
1.36818
1.36304
1.36134
1.3634
1.36944
1.37215
1.37043
1.36761
1.3615
1.34885
1.33588
1.33024
1.32881
1.33076
1.33815
1.34641
1.34868
1.34826
1.34516
1.33585
1.32563
1.32258
1.32283
1.32558
1.33262
1.34422
1.35046
1.35149
1.35086
1.34409
1.33564
1.33403
1.33524
1.33849
1.34547
1.3571
1.36283
1.36462
1.36544
1.36263
1.35695
1.35668
1.35856
1.36093
1.36449
1.37076
1.37727
1.3805
1.38267
1.38454
1.38604
1.38697
1.38746
1.38807
1.38926
1.39079
1.39267
1.39522
1.39885
1.40235
1.40401
1.40522
1.40626
1.40698
1.40797
1.40918
1.41045
1.41216
1.41468
1.41648
1.41774
1.41917
1.42102
1.42298
1.42444
1.42564
1.42697
1.42857
1.42964
1.43022
1.43054
1.43104
1.43194
1.4331
1.43496
1.43823
1.4414
1.44285
1.44376
1.44471
1.44592
1.44776
1.45061
1.45415
1.45755
1.45986
1.46093
1.46154
1.46187
1.37733
1.368
1.35757
1.34497
1.3308
1.31721
1.30317
1.28754
1.27095
1.25305
1.23412
1.21579
1.20553
1.19818
1.19082
1.18327
1.17462
1.16411
1.15009
1.13372
1.12387
1.12053
1.12336
1.14512
1.21668
1.3197
1.36056
1.3611
1.35978
1.36076
1.36214
1.36111
1.35862
1.35489
1.35048
1.34296
1.33317
1.3265
1.32325
1.32258
1.32607
1.33408
1.33731
1.33697
1.33592
1.33173
1.32372
1.31824
1.31717
1.31829
1.32326
1.33308
1.33996
1.34145
1.34199
1.33977
1.333
1.32962
1.33059
1.33288
1.33739
1.34617
1.35388
1.35647
1.35779
1.35706
1.35253
1.35141
1.35332
1.35624
1.36056
1.36745
1.37384
1.37635
1.37804
1.37954
1.38072
1.3818
1.38296
1.38422
1.38548
1.38684
1.38844
1.39056
1.39455
1.39915
1.40125
1.4026
1.40371
1.404
1.40391
1.40476
1.40603
1.40755
1.40978
1.41295
1.41624
1.41809
1.41921
1.42005
1.42082
1.42166
1.42241
1.42329
1.42452
1.42641
1.42785
1.42865
1.42952
1.43066
1.43234
1.43498
1.4379
1.43954
1.44033
1.44095
1.44154
1.44229
1.44352
1.44614
1.45088
1.45557
1.45803
1.45911
1.4595
1.45987
1.3931
1.38372
1.3734
1.36058
1.34382
1.32583
1.31073
1.29672
1.27738
1.25207
1.23137
1.22347
1.21767
1.21088
1.20333
1.19517
1.18619
1.17703
1.16681
1.15233
1.13611
1.12275
1.11235
1.11414
1.13703
1.21148
1.30259
1.34315
1.35665
1.36231
1.35811
1.35199
1.34708
1.34021
1.33132
1.32235
1.31859
1.31709
1.31641
1.31893
1.32681
1.33159
1.33007
1.32676
1.3219
1.315
1.31071
1.31094
1.31219
1.31567
1.32358
1.33177
1.33348
1.3336
1.33182
1.3263
1.32326
1.32481
1.32765
1.33228
1.34051
1.34798
1.34993
1.35105
1.35034
1.34591
1.34449
1.3466
1.34991
1.35481
1.36271
1.37007
1.37242
1.37383
1.37492
1.37552
1.37638
1.37785
1.37964
1.38164
1.38378
1.38574
1.38771
1.39038
1.39419
1.39766
1.39944
1.40062
1.40128
1.4011
1.40123
1.40232
1.40358
1.40521
1.40847
1.4127
1.41509
1.41636
1.41736
1.41812
1.41857
1.41902
1.41976
1.42066
1.42169
1.42324
1.42561
1.42751
1.4288
1.43013
1.43191
1.43422
1.43596
1.43681
1.43739
1.43785
1.43834
1.43904
1.44016
1.44265
1.44806
1.45446
1.45693
1.45756
1.45777
1.45766
1.40577
1.39438
1.3816
1.36769
1.35322
1.33787
1.32076
1.29899
1.27346
1.2498
1.23784
1.23201
1.22667
1.2215
1.21505
1.20819
1.19993
1.18907
1.17453
1.15474
1.13425
1.11707
1.10246
1.09982
1.10409
1.13442
1.21408
1.29845
1.34612
1.35152
1.34827
1.34333
1.33632
1.32492
1.31152
1.30563
1.30423
1.30434
1.30881
1.31852
1.32826
1.32849
1.32492
1.31766
1.307
1.29973
1.29925
1.30069
1.30509
1.3134
1.32417
1.32882
1.32926
1.32729
1.32049
1.31538
1.31633
1.31918
1.32438
1.33329
1.34298
1.34569
1.34673
1.34592
1.34047
1.33693
1.33857
1.34183
1.34711
1.35578
1.36575
1.36896
1.37028
1.37093
1.3706
1.37116
1.37279
1.37477
1.37718
1.37984
1.38236
1.38518
1.38867
1.39237
1.39472
1.3962
1.39745
1.39818
1.39838
1.39859
1.3995
1.40085
1.40239
1.40443
1.40738
1.41091
1.41329
1.41447
1.41536
1.41609
1.41648
1.41677
1.41751
1.41845
1.41948
1.42086
1.42329
1.42644
1.42849
1.43008
1.4317
1.43275
1.43342
1.43396
1.43434
1.43484
1.43556
1.43658
1.4383
1.44146
1.44636
1.45148
1.45432
1.45526
1.45545
1.45541
1.42097
1.40643
1.3908
1.37595
1.36283
1.349
1.33039
1.30372
1.27384
1.25605
1.24865
1.24225
1.23681
1.23245
1.22724
1.22111
1.21402
1.20146
1.1827
1.16184
1.1402
1.11923
1.10023
1.09487
1.09583
1.10439
1.14289
1.21909
1.29832
1.33731
1.34096
1.33773
1.32698
1.30915
1.29357
1.28971
1.28913
1.29249
1.30403
1.32152
1.32573
1.32389
1.31882
1.30816
1.29449
1.28803
1.28793
1.29022
1.29711
1.31097
1.32224
1.3244
1.32474
1.32042
1.31121
1.309
1.31115
1.31514
1.32285
1.3356
1.34107
1.34262
1.34306
1.3388
1.33195
1.332
1.33442
1.33834
1.34632
1.3591
1.36483
1.36661
1.36778
1.36743
1.36658
1.36784
1.36973
1.372
1.37532
1.37913
1.38249
1.38534
1.38819
1.3907
1.39252
1.39379
1.39464
1.39515
1.39585
1.39694
1.39816
1.39954
1.40135
1.40398
1.40707
1.40927
1.41098
1.4124
1.4134
1.4142
1.41475
1.4151
1.4158
1.41677
1.41798
1.41972
1.42183
1.42436
1.4271
1.42909
1.43009
1.43071
1.43116
1.43139
1.43168
1.43233
1.43318
1.43454
1.43703
1.44118
1.44568
1.4485
1.45048
1.45212
1.45285
1.45346
1.42168
1.40586
1.3935
1.38287
1.37187
1.361
1.34054
1.30683
1.27954
1.26824
1.25996
1.25305
1.24756
1.24225
1.23596
1.22685
1.21483
1.19942
1.18132
1.16504
1.1477
1.12622
1.10553
1.09651
1.09423
1.09612
1.10985
1.15451
1.22378
1.29913
1.32678
1.32728
1.31719
1.29526
1.28004
1.27762
1.27797
1.28483
1.30166
1.31287
1.31476
1.31427
1.30936
1.29661
1.28326
1.27896
1.27927
1.28259
1.2915
1.30648
1.31451
1.3165
1.31714
1.31234
1.30538
1.30526
1.3078
1.31273
1.32309
1.33254
1.33594
1.33771
1.33713
1.33095
1.32795
1.32985
1.33284
1.33758
1.34777
1.35847
1.36211
1.36378
1.3645
1.36392
1.36415
1.3657
1.3677
1.37038
1.37481
1.3806
1.38435
1.38631
1.38769
1.38906
1.39018
1.3909
1.39149
1.39254
1.39394
1.39543
1.39711
1.39893
1.40119
1.40404
1.40601
1.40733
1.40862
1.41017
1.41184
1.41295
1.41377
1.41439
1.41513
1.41613
1.41726
1.41841
1.41982
1.42216
1.42554
1.42767
1.42849
1.42911
1.42936
1.42936
1.42976
1.43048
1.43134
1.43292
1.43644
1.44127
1.44398
1.44517
1.4463
1.44786
1.45007
1.45221
1.42797
1.41264
1.40099
1.3918
1.38297
1.36415
1.33766
1.3108
1.29602
1.28568
1.27566
1.26599
1.25643
1.24775
1.2413
1.23433
1.22127
1.20264
1.18392
1.1675
1.15102
1.13436
1.12139
1.11038
1.10148
1.09951
1.10231
1.11849
1.15777
1.21941
1.28212
1.29894
1.2964
1.28122
1.27155
1.27048
1.2725
1.28104
1.2939
1.2988
1.29948
1.29915
1.29361
1.28189
1.27452
1.27353
1.27504
1.27967
1.28955
1.29972
1.30414
1.30617
1.3066
1.30305
1.3012
1.3033
1.30691
1.31335
1.32204
1.32702
1.32951
1.33079
1.32874
1.32527
1.32656
1.3291
1.33261
1.34002
1.35149
1.35723
1.35934
1.36056
1.36083
1.36147
1.36314
1.36502
1.36718
1.37078
1.37537
1.37838
1.38119
1.38382
1.38543
1.38656
1.38744
1.38816
1.38921
1.39064
1.3922
1.39393
1.3961
1.39889
1.40179
1.40344
1.40458
1.40572
1.40692
1.40841
1.41036
1.41205
1.41331
1.41437
1.41506
1.4153
1.4158
1.41671
1.41789
1.42018
1.42391
1.42624
1.42709
1.42773
1.42798
1.42805
1.42859
1.42933
1.43024
1.43197
1.43568
1.43959
1.44098
1.44175
1.44272
1.4443
1.4467
1.45081
1.44194
1.43024
1.41878
1.40247
1.37929
1.355
1.33281
1.3219
1.31376
1.30352
1.29192
1.28062
1.2708
1.26153
1.24751
1.22941
1.21286
1.19823
1.1834
1.16832
1.153
1.14119
1.13254
1.1237
1.11357
1.10503
1.10297
1.10781
1.12483
1.15269
1.20581
1.25536
1.2684
1.26552
1.26373
1.2658
1.27281
1.28305
1.28576
1.28417
1.28206
1.27891
1.27267
1.26737
1.26722
1.26875
1.27285
1.28152
1.28967
1.29191
1.29356
1.29482
1.29372
1.29448
1.29751
1.30145
1.30756
1.31603
1.32035
1.32226
1.32354
1.32269
1.32065
1.32246
1.32547
1.32911
1.33518
1.34525
1.35238
1.35492
1.35653
1.35741
1.35853
1.36033
1.36232
1.36481
1.36871
1.37221
1.37413
1.37578
1.37771
1.38013
1.38244
1.3838
1.38489
1.386
1.38737
1.38885
1.39065
1.39295
1.39593
1.39946
1.40152
1.40254
1.40354
1.40469
1.40596
1.4074
1.40932
1.4114
1.41273
1.41366
1.41416
1.4141
1.41435
1.41511
1.41615
1.41846
1.42249
1.42494
1.4259
1.42669
1.42709
1.42723
1.42788
1.42868
1.42964
1.43155
1.43496
1.43719
1.43785
1.43847
1.43934
1.44078
1.44315
1.44945
1.45978
1.44423
1.42368
1.39741
1.3696
1.34864
1.33825
1.33213
1.32608
1.31832
1.30883
1.29667
1.28055
1.26133
1.24267
1.22365
1.20714
1.19571
1.18659
1.17535
1.15985
1.14667
1.13872
1.13142
1.12355
1.11538
1.10994
1.10927
1.1119
1.11571
1.13753
1.18561
1.22747
1.24699
1.25561
1.26467
1.27437
1.27769
1.27619
1.27164
1.2641
1.25563
1.25274
1.25408
1.25703
1.26367
1.27468
1.2854
1.28805
1.2879
1.28444
1.28083
1.2819
1.28573
1.29139
1.29983
1.3107
1.31708
1.31926
1.32023
1.31818
1.31489
1.31629
1.31956
1.32379
1.33024
1.3407
1.34916
1.35186
1.35343
1.35404
1.35511
1.35723
1.35952
1.36196
1.36527
1.36858
1.37042
1.37174
1.37297
1.37445
1.37635
1.37912
1.38155
1.38298
1.38445
1.38598
1.38747
1.38928
1.39238
1.39703
1.39998
1.40119
1.40225
1.4031
1.40399
1.40522
1.40661
1.40841
1.4103
1.41154
1.41239
1.4128
1.41289
1.41338
1.41419
1.41536
1.41757
1.42115
1.42384
1.42498
1.42585
1.4265
1.42682
1.42746
1.42834
1.42941
1.43115
1.43348
1.43461
1.43509
1.43557
1.43631
1.43752
1.44003
1.44809
1.47435
1.45469
1.42586
1.39496
1.36903
1.35558
1.34802
1.34178
1.33692
1.32994
1.32077
1.30882
1.28971
1.26369
1.23975
1.22241
1.20892
1.19614
1.1839
1.17413
1.16596
1.1582
1.14984
1.14132
1.1334
1.12711
1.12207
1.11691
1.10747
1.09407
1.09792
1.1261
1.17488
1.21485
1.24543
1.26595
1.27207
1.27152
1.2682
1.25997
1.24571
1.23536
1.235
1.23789
1.24548
1.25984
1.27972
1.28694
1.28789
1.28473
1.27465
1.26987
1.27247
1.2771
1.2854
1.3001
1.31402
1.31769
1.31938
1.31852
1.31246
1.3109
1.31356
1.31716
1.32309
1.33462
1.34618
1.34937
1.35095
1.35137
1.35167
1.35352
1.35575
1.3587
1.36312
1.36645
1.36794
1.36907
1.36961
1.37043
1.37188
1.37362
1.37628
1.37952
1.38159
1.38323
1.38497
1.38683
1.38896
1.39223
1.39661
1.39924
1.40049
1.40163
1.40266
1.40354
1.40459
1.40583
1.4071
1.40842
1.40964
1.41059
1.41133
1.41202
1.41286
1.41383
1.41521
1.41758
1.4206
1.42279
1.42413
1.42522
1.4262
1.42696
1.42752
1.42822
1.42913
1.43043
1.43187
1.43257
1.43302
1.43347
1.43416
1.43524
1.43768
1.44629
1.47684
1.45345
1.42501
1.39604
1.37869
1.36862
1.36002
1.35263
1.3459
1.33936
1.33277
1.31994
1.29642
1.2661
1.24092
1.22404
1.21156
1.19917
1.1855
1.17564
1.17
1.16581
1.16129
1.15559
1.14779
1.13729
1.1248
1.11087
1.09454
1.08242
1.08199
1.09395
1.12865
1.17492
1.22043
1.25371
1.26151
1.26231
1.25885
1.24665
1.22844
1.21963
1.22031
1.22454
1.2364
1.26014
1.27674
1.28091
1.28245
1.27928
1.26711
1.26297
1.26623
1.27127
1.28141
1.30049
1.31178
1.3152
1.31718
1.31529
1.30965
1.30983
1.31252
1.31617
1.32483
1.33918
1.34534
1.34754
1.3487
1.34865
1.34996
1.35236
1.35497
1.35859
1.36311
1.36546
1.36676
1.36742
1.36769
1.36882
1.37035
1.37218
1.37501
1.37848
1.38095
1.38272
1.38443
1.38637
1.38908
1.39297
1.39658
1.39858
1.3999
1.40113
1.40222
1.40302
1.40363
1.40448
1.40551
1.40647
1.40751
1.40876
1.41014
1.4114
1.41253
1.41379
1.41552
1.41816
1.42095
1.42228
1.42308
1.42389
1.42479
1.42566
1.4264
1.42715
1.42822
1.42967
1.43062
1.43126
1.4318
1.43238
1.43315
1.43442
1.43684
1.44368
1.46918
1.44783
1.42507
1.40755
1.39578
1.38443
1.37411
1.36526
1.3571
1.34726
1.33083
1.3112
1.28986
1.26798
1.24866
1.23203
1.21586
1.20074
1.18964
1.18249
1.17605
1.17023
1.16607
1.16282
1.15759
1.14983
1.13298
1.10683
1.08575
1.07775
1.07681
1.0818
1.10204
1.13811
1.18452
1.22716
1.24127
1.24415
1.24253
1.23186
1.21754
1.21241
1.21371
1.21847
1.23139
1.25328
1.26677
1.27128
1.27342
1.2712
1.2627
1.26099
1.26433
1.26973
1.28062
1.29738
1.30782
1.31165
1.31348
1.31182
1.3089
1.31025
1.31301
1.31778
1.32828
1.33852
1.34258
1.34468
1.34583
1.34685
1.3489
1.35131
1.35452
1.35962
1.36292
1.36457
1.36568
1.36625
1.36694
1.36826
1.36971
1.37156
1.3743
1.37769
1.38077
1.38302
1.38482
1.38669
1.38886
1.39126
1.39404
1.39671
1.39883
1.40023
1.40134
1.4023
1.40301
1.40345
1.40398
1.40485
1.40592
1.4072
1.40889
1.41081
1.41255
1.4143
1.41674
1.41918
1.42033
1.421
1.4215
1.42215
1.42302
1.42414
1.42534
1.42646
1.42782
1.42908
1.42987
1.43058
1.43129
1.43203
1.43297
1.43452
1.43711
1.44205
1.46209
1.44216
1.42987
1.4216
1.41276
1.40278
1.39118
1.37908
1.36335
1.34343
1.32257
1.30274
1.28591
1.27172
1.25705
1.23995
1.22165
1.20672
1.19752
1.19084
1.18485
1.17927
1.17306
1.16661
1.16059
1.14802
1.12509
1.09906
1.08248
1.07853
1.07853
1.08001
1.09006
1.1131
1.14478
1.18365
1.20993
1.21767
1.21894
1.21537
1.20905
1.20792
1.21142
1.21912
1.2325
1.24427
1.25117
1.25646
1.25993
1.26057
1.26022
1.26236
1.26651
1.27326
1.28379
1.2942
1.30098
1.30503
1.30715
1.30832
1.31055
1.31318
1.31655
1.32318
1.3322
1.33653
1.3387
1.34054
1.3427
1.34536
1.34815
1.3509
1.35449
1.35841
1.36133
1.36325
1.36458
1.3656
1.36678
1.36816
1.36979
1.37206
1.37492
1.37745
1.37948
1.38149
1.38361
1.38592
1.38847
1.39115
1.3932
1.39492
1.39682
1.39882
1.40013
1.40115
1.40203
1.40256
1.40294
1.40377
1.40491
1.40613
1.40764
1.40971
1.41245
1.41563
1.41795
1.41892
1.41946
1.41966
1.41992
1.42059
1.42142
1.42257
1.42431
1.42623
1.42784
1.42892
1.42967
1.43039
1.43116
1.4321
1.43354
1.43594
1.43859
1.44059
1.46042
1.44782
1.43994
1.43369
1.42664
1.4175
1.40674
1.38573
1.35977
1.33737
1.31827
1.30071
1.28556
1.27346
1.26152
1.24577
1.22777
1.21544
1.20729
1.20074
1.19593
1.19179
1.1866
1.17748
1.16015
1.13674
1.11357
1.09767
1.09169
1.08709
1.08536
1.08538
1.08866
1.10104
1.11636
1.13802
1.16364
1.18006
1.19045
1.19697
1.20211
1.20892
1.21891
1.22833
1.2315
1.23255
1.23535
1.23832
1.24261
1.24921
1.25723
1.26544
1.27399
1.28353
1.28945
1.29259
1.29483
1.2965
1.29972
1.30453
1.31013
1.31561
1.32233
1.32977
1.33305
1.33482
1.33579
1.33719
1.3396
1.343
1.34771
1.35265
1.35546
1.35725
1.35913
1.36129
1.36366
1.36576
1.36732
1.36891
1.37095
1.37366
1.37612
1.37759
1.37905
1.38083
1.38312
1.38574
1.38861
1.39063
1.39195
1.39322
1.39466
1.39671
1.39907
1.40035
1.40133
1.4022
1.40278
1.40318
1.40403
1.40517
1.40665
1.40959
1.41423
1.41738
1.41839
1.41897
1.41912
1.41859
1.41849
1.41914
1.41995
1.42103
1.42296
1.42589
1.42815
1.42921
1.42999
1.43074
1.43157
1.4327
1.43448
1.43664
1.43759
1.43845
1.47013
1.45987
1.45214
1.44689
1.44026
1.42732
1.4057
1.38004
1.35469
1.33357
1.31624
1.30124
1.28787
1.27553
1.26353
1.25081
1.23804
1.22827
1.22078
1.21381
1.2061
1.19627
1.18442
1.16851
1.14402
1.11897
1.10684
1.10274
1.10149
1.1001
1.09808
1.09717
1.09848
1.10119
1.09923
1.10159
1.11872
1.13914
1.15754
1.17503
1.19315
1.21262
1.22686
1.23132
1.23108
1.22543
1.22083
1.22217
1.22676
1.23493
1.24935
1.26811
1.28425
1.2908
1.29348
1.2935
1.29002
1.28964
1.29321
1.29922
1.30861
1.32024
1.32883
1.33174
1.33331
1.33337
1.3329
1.33456
1.33702
1.34113
1.34756
1.352
1.3541
1.35568
1.35715
1.3592
1.36197
1.36507
1.36799
1.37078
1.37329
1.37484
1.37586
1.37698
1.37831
1.3799
1.3827
1.38672
1.38887
1.39018
1.39143
1.39255
1.3938
1.39533
1.39765
1.39979
1.4009
1.40183
1.40239
1.40274
1.40359
1.40477
1.40623
1.40874
1.41282
1.41577
1.4168
1.41755
1.41793
1.41744
1.41704
1.41767
1.4186
1.41993
1.42244
1.42609
1.42859
1.42964
1.43047
1.43129
1.43219
1.43341
1.43513
1.43634
1.43667
1.4373
1.49181
1.4794
1.46754
1.45585
1.43898
1.41848
1.39624
1.37422
1.35348
1.33432
1.31768
1.30423
1.29265
1.28041
1.26598
1.25568
1.24906
1.24312
1.23677
1.22961
1.21968
1.20481
1.18283
1.15539
1.13122
1.11673
1.11087
1.1072
1.10406
1.10324
1.10417
1.10468
1.1043
1.10278
1.08927
1.07588
1.08478
1.10384
1.12552
1.14938
1.18107
1.21314
1.22492
1.22851
1.22912
1.2193
1.20791
1.20986
1.21597
1.22514
1.24576
1.27583
1.28907
1.29272
1.29485
1.29211
1.28444
1.28503
1.28895
1.2954
1.30941
1.32491
1.32984
1.33186
1.33276
1.33135
1.33152
1.33369
1.33629
1.34103
1.34792
1.35133
1.35297
1.35401
1.35511
1.3571
1.36038
1.36591
1.37083
1.37302
1.37423
1.37487
1.37529
1.37643
1.37788
1.37986
1.38307
1.38662
1.38851
1.38978
1.39089
1.39172
1.39277
1.39403
1.39594
1.39883
1.40088
1.402
1.40288
1.4033
1.40385
1.40485
1.40609
1.40825
1.41189
1.41463
1.4157
1.41644
1.41678
1.41648
1.4163
1.41693
1.41783
1.4193
1.4227
1.42753
1.43011
1.43086
1.43148
1.43234
1.43343
1.4346
1.43535
1.43592
1.43616
1.43633
1.51431
1.50054
1.48139
1.4547
1.43003
1.40891
1.38942
1.37075
1.35285
1.33631
1.32298
1.31143
1.2975
1.28189
1.27184
1.26594
1.26091
1.25374
1.24324
1.2286
1.21284
1.19514
1.17201
1.14685
1.12648
1.1183
1.11483
1.11353
1.11596
1.11889
1.11792
1.11497
1.11095
1.10141
1.08227
1.06521
1.06613
1.079
1.09928
1.12489
1.15986
1.19916
1.21674
1.22205
1.22379
1.21519
1.20383
1.20731
1.21406
1.22328
1.24295
1.27326
1.28887
1.29287
1.29458
1.28935
1.2828
1.285
1.2888
1.2949
1.30853
1.32338
1.32848
1.33069
1.33144
1.33074
1.33206
1.33427
1.33695
1.34195
1.34742
1.34997
1.3515
1.35251
1.35386
1.35586
1.35917
1.36507
1.37036
1.37248
1.37377
1.37443
1.37501
1.37626
1.37779
1.3805
1.38472
1.38729
1.38853
1.38961
1.3904
1.39126
1.39246
1.39377
1.39545
1.39795
1.40029
1.40144
1.40232
1.40304
1.40387
1.4049
1.40621
1.40811
1.41079
1.41319
1.41447
1.41522
1.41562
1.41577
1.4162
1.417
1.41801
1.41965
1.42241
1.42579
1.42855
1.43028
1.43126
1.43205
1.43294
1.43393
1.43459
1.43508
1.43517
1.43508
1.53184
1.51238
1.48192
1.44996
1.42372
1.40368
1.38715
1.37171
1.35743
1.34454
1.331
1.31587
1.30256
1.29407
1.28823
1.28247
1.27545
1.2666
1.25362
1.23383
1.20831
1.18352
1.16368
1.14645
1.1353
1.12711
1.1207
1.11681
1.1143
1.11218
1.10868
1.10563
1.10191
1.09291
1.07719
1.06367
1.06148
1.06924
1.08426
1.1064
1.13878
1.17567
1.19706
1.2063
1.21205
1.21189
1.20556
1.20757
1.2148
1.22525
1.24448
1.26741
1.28181
1.28822
1.29048
1.28867
1.28582
1.28727
1.29095
1.29734
1.30897
1.31987
1.32533
1.32821
1.32996
1.33128
1.33326
1.33562
1.33871
1.343
1.34626
1.34809
1.34987
1.35186
1.35398
1.3563
1.35963
1.36428
1.36852
1.37127
1.37287
1.37404
1.37517
1.37662
1.37856
1.38183
1.38586
1.38781
1.38897
1.38992
1.39046
1.39117
1.39229
1.39349
1.39488
1.39678
1.39908
1.40085
1.40192
1.40283
1.40375
1.40482
1.40618
1.40796
1.40999
1.41166
1.41295
1.414
1.41481
1.41553
1.41636
1.41739
1.4187
1.4206
1.42304
1.42532
1.42725
1.42927
1.4313
1.43236
1.43292
1.43344
1.43385
1.43415
1.43418
1.43452
1.52518
1.50237
1.47591
1.44898
1.42469
1.40388
1.38714
1.37534
1.36613
1.35604
1.34225
1.3241
1.30611
1.29297
1.28264
1.27316
1.26449
1.25578
1.24425
1.22554
1.1988
1.1747
1.15914
1.15237
1.14711
1.14028
1.13156
1.122
1.11622
1.11368
1.10989
1.10212
1.09056
1.07848
1.07193
1.07025
1.06892
1.07034
1.08007
1.09864
1.12541
1.15013
1.16824
1.18425
1.19765
1.20641
1.21261
1.21809
1.22548
1.23683
1.25194
1.26321
1.27062
1.27728
1.28267
1.2864
1.2896
1.29262
1.29668
1.30354
1.31155
1.31646
1.32012
1.32416
1.3283
1.33154
1.33419
1.33692
1.34032
1.34324
1.34519
1.34707
1.34916
1.35173
1.3548
1.35838
1.36135
1.36358
1.36572
1.36835
1.37137
1.3738
1.3756
1.37742
1.38012
1.38404
1.38659
1.3879
1.38896
1.38969
1.39008
1.39091
1.39204
1.39326
1.3946
1.39603
1.39764
1.39949
1.40124
1.40257
1.4037
1.40486
1.40633
1.40827
1.4098
1.41075
1.41171
1.41293
1.41448
1.41581
1.41683
1.41798
1.41972
1.42222
1.42438
1.42556
1.42652
1.42775
1.42943
1.43109
1.43204
1.4326
1.433
1.43332
1.43344
1.43441
1.512
1.48922
1.46817
1.44983
1.43018
1.41194
1.39779
1.38552
1.37252
1.35826
1.34239
1.32509
1.30924
1.29673
1.2855
1.27377
1.26082
1.24718
1.23261
1.21484
1.19273
1.1736
1.16525
1.16078
1.15706
1.15211
1.14501
1.13474
1.12048
1.10728
1.09652
1.083
1.06992
1.06573
1.06553
1.07024
1.07656
1.08325
1.09015
1.09892
1.1112
1.12511
1.14044
1.15759
1.1771
1.19803
1.21589
1.2292
1.24126
1.25026
1.2554
1.25925
1.26146
1.26523
1.27208
1.28175
1.29101
1.29805
1.30488
1.30991
1.3125
1.31472
1.31717
1.32054
1.32524
1.33052
1.33493
1.33854
1.3409
1.34284
1.34475
1.34686
1.3494
1.35256
1.35616
1.35883
1.36058
1.36201
1.36366
1.36591
1.36917
1.37291
1.37604
1.37894
1.38241
1.38494
1.38627
1.38743
1.38847
1.38931
1.39009
1.391
1.39199
1.39307
1.39413
1.39521
1.39643
1.39807
1.40023
1.40229
1.40385
1.40529
1.40699
1.40872
1.40968
1.41045
1.41132
1.41241
1.41393
1.41578
1.41761
1.41927
1.42112
1.42286
1.42398
1.4247
1.42533
1.42614
1.42737
1.42904
1.43049
1.43145
1.43218
1.43289
1.43352
1.43484
1.4957
1.47483
1.45695
1.44453
1.43636
1.42877
1.41802
1.40263
1.38461
1.3663
1.34897
1.33332
1.31955
1.30673
1.29355
1.27897
1.26172
1.24113
1.21914
1.20331
1.19571
1.19072
1.18668
1.18293
1.17816
1.17185
1.16365
1.15103
1.13006
1.10116
1.0764
1.06355
1.05959
1.05954
1.06365
1.07102
1.08269
1.09518
1.10274
1.10654
1.1039
1.11209
1.12635
1.14093
1.15911
1.18638
1.21931
1.24409
1.25553
1.26069
1.26122
1.25666
1.25345
1.25624
1.2624
1.27506
1.2928
1.30629
1.31214
1.31448
1.31443
1.31356
1.31516
1.31786
1.32218
1.32947
1.33599
1.33893
1.34088
1.34278
1.34473
1.34695
1.35005
1.35448
1.35781
1.35938
1.36065
1.36151
1.36271
1.36439
1.36716
1.37183
1.37727
1.38202
1.38429
1.38544
1.38635
1.3871
1.38812
1.38927
1.39038
1.39136
1.3922
1.39291
1.39378
1.3948
1.3959
1.39734
1.39954
1.40248
1.40506
1.40691
1.40821
1.40895
1.40965
1.41038
1.41122
1.41229
1.414
1.41668
1.4195
1.42165
1.42291
1.42358
1.42408
1.42446
1.42492
1.42546
1.42622
1.42751
1.42902
1.43026
1.43131
1.43237
1.43349
1.43574
1.47964
1.46451
1.45494
1.44694
1.43815
1.42747
1.41347
1.39637
1.37697
1.35735
1.33949
1.32425
1.31091
1.29835
1.28579
1.27233
1.2564
1.23531
1.21143
1.19569
1.1885
1.18393
1.18114
1.17844
1.17347
1.16725
1.15943
1.14703
1.12453
1.08976
1.06385
1.05563
1.0526
1.05125
1.05683
1.07568
1.09508
1.10335
1.10739
1.10721
1.09439
1.09565
1.10905
1.12468
1.14587
1.18111
1.2293
1.25529
1.26252
1.2666
1.26345
1.24845
1.24471
1.24936
1.25644
1.27213
1.2987
1.31296
1.31596
1.31729
1.31495
1.31096
1.31244
1.31529
1.32005
1.32912
1.33645
1.33903
1.34102
1.34289
1.34484
1.3471
1.35062
1.35522
1.35763
1.35894
1.35978
1.36004
1.36113
1.36285
1.36542
1.37115
1.37888
1.38232
1.38377
1.38498
1.38595
1.38662
1.38745
1.38846
1.38949
1.39053
1.3915
1.39231
1.39324
1.39431
1.39539
1.39672
1.39868
1.40138
1.40428
1.40643
1.40757
1.40843
1.40921
1.41002
1.41088
1.41187
1.41337
1.41585
1.41905
1.42145
1.42248
1.423
1.42342
1.42365
1.42404
1.42465
1.42543
1.42665
1.42814
1.42945
1.43058
1.43172
1.43323
1.43688
)
;

boundaryField
{
    inlet
    {
        type            calculated;
        value           nonuniform 0();
    }
    outlet
    {
        type            calculated;
        value           nonuniform List<scalar> 
32
(
1.46661
1.46552
1.46493
1.46463
1.4643
1.46382
1.46346
1.46335
1.4631
1.46264
1.46182
1.45984
1.45767
1.45542
1.45343
1.45213
1.45065
1.44916
1.44767
1.44581
1.44333
1.44184
1.44053
1.43844
1.4373
1.43636
1.43512
1.43453
1.43438
1.43479
1.43564
1.4367
)
;
    }
    bottom
    {
        type            symmetryPlane;
    }
    top
    {
        type            symmetryPlane;
    }
    obstacle
    {
        type            calculated;
        value           nonuniform 0();
    }
    defaultFaces
    {
        type            empty;
    }
    procBoundary3to1
    {
        type            processor;
        value           nonuniform List<scalar> 
126
(
1.21447
1.20817
1.20047
1.19024
1.17614
1.1552
1.13388
1.11635
1.10247
1.10003
1.10925
1.16527
1.33956
1.50146
1.56567
1.57319
1.56765
1.55625
1.54383
1.52998
1.51377
1.50177
1.49525
1.49083
1.49057
1.49755
1.50078
1.49599
1.49016
1.48297
1.47215
1.45686
1.44463
1.43807
1.43402
1.43215
1.43528
1.44517
1.44681
1.44262
1.43773
1.43053
1.4187
1.4074
1.40278
1.40081
1.3998
1.40173
1.41081
1.42116
1.42154
1.41995
1.41629
1.40773
1.39805
1.39458
1.39423
1.39492
1.39837
1.40574
1.41247
1.41405
1.41404
1.4107
1.40452
1.40291
1.40403
1.40614
1.41081
1.41679
1.41892
1.41957
1.41927
1.41585
1.41262
1.41301
1.41443
1.41682
1.42111
1.42767
1.43435
1.43716
1.43797
1.43721
1.43276
1.42962
1.43029
1.43184
1.43363
1.43567
1.43909
1.44485
1.44952
1.45119
1.4517
1.45049
1.44697
1.44496
1.44524
1.44619
1.44772
1.45132
1.45714
1.46018
1.46135
1.46252
1.46396
1.46538
1.46647
1.46775
1.46957
1.4728
1.47555
1.47638
1.47637
1.47415
1.46965
1.46701
1.46659
1.46687
1.4675
1.46794
1.4682
1.46807
1.46761
1.46811
)
;
    }
    procBoundary3to2
    {
        type            processor;
        value           nonuniform List<scalar> 
32
(
1.24388
1.26539
1.2857
1.30519
1.3247
1.33955
1.34717
1.34846
1.34762
1.35412
1.36903
1.3862
1.4022
1.41693
1.43283
1.44095
1.44993
1.45823
1.47348
1.48731
1.49556
1.48804
1.48292
1.4808
1.48651
1.50548
1.52516
1.54197
1.5433
1.5308
1.51921
1.50554
)
;
    }
}


// ************************************************************************* //
