/*--------------------------------*- C++ -*----------------------------------*\
  =========                 |
  \\      /  F ield         | OpenFOAM: The Open Source CFD Toolbox
   \\    /   O peration     | Website:  https://openfoam.org
    \\  /    A nd           | Version:  7
     \\/     M anipulation  |
\*---------------------------------------------------------------------------*/
FoamFile
{
    version     2.0;
    format      ascii;
    class       volScalarField;
    location    "2.4";
    object      rho;
}
// * * * * * * * * * * * * * * * * * * * * * * * * * * * * * * * * * * * * * //

dimensions      [1 -3 0 0 0 0 0];

internalField   nonuniform List<scalar> 
4608
(
1.40001
1.40001
1.40001
1.40001
1.40001
1.40001
1.40001
1.40001
1.40001
1.40001
1.40001
1.40122
1.59098
2.4626
2.75847
2.75837
2.76014
2.76614
2.77394
2.78119
2.78497
2.78532
2.78327
2.78019
2.7817
2.78714
2.79473
2.80094
2.80357
2.80277
2.79866
2.79483
2.79585
2.80009
2.80491
2.80747
2.80811
2.80731
2.80602
2.80592
2.80759
2.80966
2.81005
2.80816
2.80467
2.80211
2.8013
2.80167
2.80197
2.80016
2.79529
2.78926
2.78633
2.78638
2.7888
2.79244
2.79414
2.79326
2.79043
2.7881
2.7886
2.79143
2.79641
2.80108
2.80419
2.80653
2.80925
2.81402
2.82089
2.83002
2.83945
2.84612
2.84941
2.85002
2.84849
2.84566
2.84281
2.84129
2.83957
2.83514
2.82596
2.81239
2.7956
2.77656
2.75658
2.73689
2.71851
2.70127
2.68386
2.66275
2.63671
2.60707
2.57547
2.5426
2.50944
2.47758
1.40001
1.40001
1.40001
1.40001
1.40001
1.40001
1.40001
1.40001
1.40001
1.40001
1.40001
1.40001
1.4039
1.65761
2.50503
2.7428
2.74837
2.75286
2.75964
2.76588
2.76956
2.76935
2.76907
2.77002
2.77216
2.77551
2.7796
2.78295
2.78449
2.78359
2.78119
2.78107
2.78401
2.78773
2.78978
2.78938
2.78691
2.78487
2.78562
2.78834
2.79134
2.7925
2.7908
2.78565
2.77869
2.77542
2.77562
2.77806
2.78102
2.78211
2.7806
2.77684
2.77357
2.7743
2.77869
2.78599
2.79396
2.80043
2.80619
2.81124
2.81823
2.83015
2.84524
2.86316
2.88259
2.90021
2.91384
2.92354
2.9302
2.93445
2.93657
2.93692
2.93634
2.93498
2.93179
2.92648
2.91862
2.90873
2.89712
2.88378
2.86866
2.85221
2.835
2.81718
2.79896
2.78033
2.76135
2.74148
2.71992
2.69611
2.67054
2.64389
2.61667
2.58902
2.56136
2.53435
1.40001
1.40001
1.40001
1.40001
1.40001
1.40001
1.40001
1.40001
1.40001
1.40001
1.40001
1.40001
1.40001
1.40721
1.68135
2.50319
2.73747
2.74657
2.74832
2.74898
2.74913
2.75194
2.75557
2.76095
2.76494
2.76691
2.76779
2.76687
2.76422
2.76237
2.76329
2.76716
2.77219
2.77508
2.77565
2.77313
2.76745
2.76372
2.76393
2.76696
2.77075
2.77191
2.77055
2.76615
2.7598
2.75652
2.75761
2.76209
2.76839
2.77313
2.77714
2.78029
2.78314
2.78777
2.79973
2.81747
2.84042
2.86661
2.89283
2.91662
2.93616
2.95221
2.96619
2.97878
2.98988
2.9994
3.00747
3.01207
3.01067
3.00465
2.99607
2.9862
2.97613
2.96709
2.95931
2.95236
2.94401
2.93189
2.91591
2.89784
2.87914
2.86071
2.84354
2.82822
2.81431
2.79981
2.78239
2.76102
2.73685
2.71164
2.68658
2.6625
2.63988
2.61867
2.59842
2.57827
1.40001
1.40001
1.40001
1.40001
1.40001
1.40001
1.40001
1.40001
1.40001
1.40001
1.40001
1.40001
1.40001
1.40003
1.40869
1.66597
2.476
2.73012
2.74089
2.73593
2.73284
2.736
2.74057
2.74668
2.75316
2.75534
2.7554
2.75233
2.74682
2.74527
2.74718
2.75173
2.7575
2.75999
2.75982
2.75657
2.74978
2.74498
2.74387
2.74567
2.74915
2.7516
2.75297
2.75299
2.75214
2.75231
2.7549
2.76122
2.77192
2.78568
2.80507
2.82991
2.85829
2.88738
2.91591
2.94441
2.97195
2.99712
3.01936
3.0376
3.04834
3.05174
3.05197
3.04995
3.04679
3.0435
3.04114
3.03914
3.03515
3.02635
3.01398
3.0004
2.98669
2.97374
2.96242
2.95345
2.94578
2.93567
2.92039
2.90172
2.88236
2.86348
2.84626
2.83175
2.82026
2.80988
2.79619
2.77562
2.75135
2.72675
2.70297
2.68082
2.66109
2.64454
2.63135
2.61693
1.40001
1.40001
1.40001
1.40001
1.40001
1.40001
1.40001
1.40001
1.40001
1.40001
1.40001
1.40001
1.40001
1.40001
1.40003
1.40788
1.61978
2.42376
2.71235
2.72646
2.72137
2.72329
2.72718
2.7325
2.73941
2.74212
2.7416
2.73763
2.73161
2.73082
2.73281
2.73662
2.74146
2.74304
2.74161
2.73764
2.73102
2.72769
2.7284
2.73164
2.7365
2.74069
2.74577
2.75171
2.75923
2.77097
2.79
2.81752
2.85363
2.89477
2.93665
2.97633
3.01013
3.03549
3.05327
3.06611
3.07611
3.08303
3.08872
3.09373
3.09398
3.08852
3.08006
3.0707
3.06117
3.05226
3.04465
3.03899
3.03413
3.02701
3.01575
3.00198
2.98756
2.97351
2.96059
2.94955
2.94073
2.93271
2.92163
2.90574
2.88748
2.86884
2.85105
2.83536
2.82329
2.81525
2.80783
2.79193
2.76871
2.74488
2.7218
2.70012
2.68081
2.66585
2.65763
2.64829
1.40001
1.40001
1.40001
1.40001
1.40001
1.40001
1.40001
1.40001
1.40001
1.40001
1.40001
1.40001
1.40001
1.40001
1.40001
1.40003
1.40547
1.56053
2.3277
2.67645
2.71187
2.71237
2.71535
2.72037
2.72723
2.72931
2.72671
2.72015
2.71553
2.71612
2.71846
2.7222
2.72573
2.72611
2.7233
2.71909
2.7161
2.71769
2.723
2.73105
2.73979
2.75035
2.769
2.79946
2.8412
2.88848
2.93578
2.98037
3.02097
3.05489
3.08147
3.10259
3.11489
3.11769
3.1164
3.11425
3.11117
3.10883
3.10792
3.10762
3.10429
3.09497
3.08377
3.07246
3.06131
3.05116
3.04284
3.03665
3.03113
3.02332
3.01226
2.99946
2.9863
2.97345
2.96125
2.95026
2.94098
2.93288
2.92356
2.91066
2.89462
2.87714
2.85945
2.84257
2.82814
2.81836
2.81347
2.80558
2.78713
2.76462
2.74185
2.71995
2.69965
2.68276
2.67281
2.66866
1.40001
1.40001
1.40001
1.40001
1.40001
1.40001
1.40001
1.40001
1.40001
1.40001
1.40001
1.40001
1.40001
1.40001
1.40001
1.40001
1.40002
1.40333
1.52029
2.15903
2.61835
2.69984
2.70975
2.7135
2.71781
2.71537
2.70714
2.70129
2.70044
2.70166
2.70557
2.70925
2.71179
2.71108
2.70859
2.70837
2.7138
2.72375
2.73991
2.7667
2.80755
2.85755
2.91305
2.96915
3.02153
3.06454
3.0957
3.11769
3.13217
3.14091
3.14721
3.15055
3.14735
3.14058
3.13248
3.12463
3.11769
3.1129
3.11117
3.11067
3.1052
3.09404
3.08197
3.07026
3.0589
3.04887
3.04188
3.03777
3.03226
3.02218
3.00944
2.99621
2.98357
2.97236
2.96306
2.9552
2.94725
2.93766
2.92597
2.91275
2.89873
2.88413
2.86884
2.85319
2.83817
2.82531
2.81614
2.80967
2.7995
2.78225
2.76173
2.74051
2.71995
2.70096
2.68582
2.67822
1.40001
1.40001
1.40001
1.40001
1.40001
1.40001
1.40001
1.40001
1.40001
1.40001
1.40001
1.40001
1.40001
1.40001
1.40001
1.40001
1.40001
1.40001
1.40198
1.47673
1.95323
2.54289
2.69659
2.71298
2.70481
2.69458
2.68817
2.68654
2.68793
2.69246
2.69601
2.69898
2.701
2.7015
2.70696
2.72269
2.75377
2.8041
2.86773
2.93488
2.99816
3.05189
3.09396
3.12632
3.14997
3.16115
3.16567
3.16694
3.1657
3.16447
3.1641
3.16135
3.15353
3.14381
3.13364
3.12438
3.11655
3.11191
3.11147
3.11059
3.10263
3.09077
3.07872
3.06704
3.05613
3.04768
3.044
3.0427
3.03537
3.02256
3.00891
2.99546
2.9831
2.97336
2.9677
2.96393
2.95659
2.94419
2.92944
2.91439
2.90012
2.88733
2.87593
2.8648
2.85255
2.83901
2.82523
2.81223
2.80046
2.78944
2.77751
2.76172
2.74276
2.72362
2.70569
2.69086
1.40001
1.40001
1.40001
1.40001
1.40001
1.40001
1.40001
1.40001
1.40001
1.40001
1.40001
1.40001
1.40001
1.40001
1.40001
1.40001
1.40001
1.40001
1.40001
1.40095
1.43908
1.74371
2.44375
2.67571
2.68801
2.67935
2.6754
2.67531
2.6803
2.68535
2.69145
2.69782
2.70559
2.73153
2.78333
2.85648
2.93899
3.01836
3.08271
3.12669
3.15158
3.16725
3.17939
3.19069
3.19361
3.18983
3.18366
3.17702
3.17136
3.16868
3.16857
3.16457
3.15518
3.14409
3.13335
3.12375
3.11627
3.11361
3.11471
3.11121
3.10083
3.08906
3.07732
3.0659
3.05607
3.05058
3.05042
3.04755
3.03651
3.02314
3.00967
2.99647
2.98463
2.97678
2.97481
2.97239
2.96145
2.94624
2.93077
2.9156
2.90125
2.88913
2.88133
2.87671
2.86807
2.85276
2.83567
2.8188
2.80335
2.79097
2.78327
2.77762
2.76537
2.74725
2.72849
2.71036
1.40001
1.40001
1.40001
1.40001
1.40001
1.40001
1.40001
1.40001
1.40001
1.40001
1.40001
1.40001
1.40001
1.40001
1.40001
1.40001
1.40001
1.40001
1.40001
1.40001
1.40033
1.41442
1.59021
2.23443
2.60962
2.66259
2.66423
2.66435
2.67714
2.69323
2.71765
2.76114
2.82839
2.91585
3.0083
3.09089
3.15373
3.19116
3.2048
3.20337
3.20439
3.20433
3.20853
3.21227
3.20767
3.19891
3.18829
3.17935
3.17235
3.17088
3.17229
3.16739
3.15734
3.14508
3.13359
3.12396
3.11748
3.11739
3.11803
3.11058
3.09909
3.08714
3.07569
3.06538
3.05886
3.0581
3.05733
3.04869
3.03589
3.02286
3.01008
2.99823
2.98925
2.98537
2.98355
2.97481
2.96055
2.94575
2.93135
2.91761
2.90543
2.89672
2.89224
2.8876
2.87679
2.86165
2.8457
2.82979
2.81456
2.80101
2.79102
2.78569
2.77961
2.76637
2.74902
2.73066
1.40001
1.40001
1.40001
1.40001
1.40001
1.40001
1.40001
1.40001
1.40001
1.40001
1.40001
1.40001
1.40001
1.40001
1.40001
1.40001
1.40001
1.40001
1.40001
1.40001
1.40001
1.40007
1.40485
1.50113
1.93127
2.49939
2.63126
2.68733
2.72822
2.79991
2.90024
2.99959
3.08259
3.14802
3.19685
3.23146
3.24705
3.24622
3.23429
3.22473
3.21839
3.21737
3.22212
3.22346
3.21544
3.20358
3.18967
3.1797
3.17281
3.17353
3.17688
3.17181
3.16134
3.14841
3.1367
3.12729
3.1218
3.12275
3.12153
3.11206
3.10036
3.08862
3.07774
3.06934
3.06694
3.06793
3.0616
3.04918
3.03578
3.02285
3.01073
3.00126
2.99756
2.99667
2.98808
2.97398
2.95915
2.94499
2.9319
2.92115
2.9144
2.91031
2.90418
2.89309
2.87943
2.86577
2.85289
2.84071
2.82868
2.81655
2.80484
2.79414
2.78436
2.77478
2.76333
2.74833
1.40001
1.40001
1.40001
1.40001
1.40001
1.40001
1.40001
1.40001
1.40001
1.40001
1.40001
1.40001
1.40001
1.40001
1.40001
1.40001
1.40001
1.40001
1.40001
1.40001
1.40001
1.40001
1.40002
1.4016
1.43778
1.66236
2.34084
2.77877
2.96632
3.07113
3.16076
3.2173
3.24465
3.26054
3.26946
3.27172
3.26602
3.25724
3.2471
3.2378
3.23083
3.22897
3.23211
3.2309
3.22204
3.20963
3.19597
3.18652
3.18025
3.18096
3.1827
3.17589
3.16491
3.15216
3.14135
3.13245
3.1287
3.12971
3.12527
3.11416
3.10198
3.09035
3.07997
3.07387
3.07473
3.07433
3.06438
3.05129
3.03715
3.02438
3.013
3.00603
3.00584
3.00254
2.99029
2.97603
2.96196
2.94902
2.93807
2.93188
2.9305
2.92395
2.91013
2.89519
2.88104
2.86847
2.85892
2.85351
2.84666
2.83318
2.81782
2.80257
2.7884
2.7766
2.76851
2.762
1.40001
1.40001
1.40001
1.40001
1.40001
1.40001
1.40001
1.40001
1.40001
1.40001
1.40001
1.40001
1.40001
1.40001
1.40001
1.40001
1.40001
1.40001
1.40001
1.40001
1.40001
1.40001
1.40001
1.40001
1.40032
1.40961
1.63809
2.76598
3.19111
3.23806
3.25813
3.27116
3.27439
3.27214
3.26748
3.26133
3.25506
3.24952
3.2439
3.23785
3.23304
3.2312
3.23262
3.23121
3.22235
3.21145
3.20094
3.19189
3.18518
3.18332
3.18306
3.17671
3.16669
3.1566
3.14708
3.13977
3.13723
3.13671
3.12948
3.11817
3.10617
3.09502
3.08524
3.07988
3.08064
3.07807
3.0669
3.0538
3.04066
3.02844
3.01821
3.01347
3.01332
3.00632
2.99312
2.9793
2.96634
2.95473
2.94687
2.94522
2.9423
2.93045
2.91578
2.90056
2.88662
2.87439
2.86614
2.8643
2.85945
2.84578
2.83016
2.81451
2.79997
2.78694
2.77693
2.77186
1.40001
1.40001
1.40001
1.40001
1.40001
1.40001
1.40001
1.40001
1.40001
1.40001
1.40001
1.40001
1.40001
1.40001
1.40001
1.40001
1.40001
1.40001
1.40001
1.40001
1.40001
1.40001
1.40001
1.40001
1.40001
1.40005
1.42243
2.52146
3.18515
3.24529
3.24307
3.24208
3.23638
3.23026
3.22705
3.22603
3.22642
3.2272
3.22677
3.22409
3.22025
3.21716
3.21527
3.21356
3.21091
3.20681
3.2008
3.19387
3.18765
3.18289
3.17848
3.17267
3.16529
3.15721
3.14954
3.14368
3.1406
3.1383
3.13159
3.12093
3.10999
3.09933
3.08996
3.08412
3.08321
3.08055
3.07053
3.0585
3.04675
3.03571
3.02695
3.02267
3.01899
3.00878
2.99609
2.98376
2.97225
2.96298
2.95862
2.95743
2.94913
2.93533
2.92036
2.90607
2.8928
2.88128
2.87417
2.87345
2.86926
2.8561
2.84072
2.82543
2.81124
2.79827
2.78806
2.78262
1.40001
1.40001
1.40001
1.40001
1.40001
1.40001
1.40001
1.40001
1.40001
1.40001
1.40001
1.40001
1.40001
1.40001
1.40001
1.40001
1.40001
1.40001
1.40001
1.40001
1.40001
1.40001
1.40001
1.40001
1.40001
1.40001
1.40004
2.26852
3.15198
3.22825
3.21313
3.20288
3.19588
3.19338
3.19598
3.20015
3.2024
3.20161
3.19865
3.19526
3.19248
3.19021
3.18826
3.18697
3.18647
3.18614
3.18471
3.18152
3.17682
3.17107
3.16534
3.16056
3.1565
3.15232
3.14779
3.14322
3.13881
3.13403
3.12774
3.11951
3.11023
3.10097
3.09276
3.08678
3.08297
3.07844
3.07095
3.06133
3.05121
3.04166
3.03363
3.02749
3.02093
3.01149
3.00052
2.98953
2.9794
2.9716
2.96786
2.96397
2.9534
2.94017
2.92701
2.91446
2.90269
2.89238
2.88475
2.87999
2.87399
2.86323
2.85032
2.83735
2.82478
2.81303
2.80279
2.79441
1.40001
1.40001
1.40001
1.40001
1.40001
1.40001
1.40001
1.40001
1.40001
1.40001
1.40001
1.40001
1.40001
1.40001
1.40001
1.40001
1.40001
1.40001
1.40001
1.40001
1.40001
1.40001
1.40001
1.40001
1.40001
1.40001
1.40001
2.03482
3.0889
3.21054
3.20062
3.19581
3.19854
3.19887
3.19533
3.18898
3.18161
3.17394
3.16763
3.16489
3.16571
3.16701
3.16628
3.16321
3.15886
3.15464
3.15165
3.15004
3.14879
3.14686
3.14399
3.1406
3.13722
3.13409
3.13092
3.12701
3.12201
3.11655
3.11148
3.10671
3.10163
3.09593
3.08981
3.08356
3.07722
3.07091
3.06455
3.05782
3.05069
3.04349
3.03644
3.02922
3.02102
3.01164
3.00167
2.99188
2.98315
2.97633
2.9711
2.96471
2.95525
2.94409
2.93282
2.92194
2.91166
2.90229
2.89407
2.8865
2.87836
2.86912
2.8591
2.84867
2.83808
2.82749
2.81681
2.80567
1.40001
1.40001
1.40001
1.40001
1.40001
1.40001
1.40001
1.40001
1.40001
1.40001
1.40001
1.40001
1.40001
1.40001
1.40001
1.40001
1.40001
1.40001
1.40001
1.40001
1.40001
1.40001
1.40001
1.40001
1.40001
1.40001
1.40001
1.837
2.9959
3.20903
3.20745
3.20928
3.20859
3.20028
3.18955
3.17818
3.1683
3.16044
3.15848
3.16013
3.15996
3.15511
3.14701
3.13814
3.1301
3.1245
3.12247
3.12289
3.12306
3.12083
3.11587
3.10975
3.10436
3.10102
3.09941
3.09787
3.09495
3.09059
3.0858
3.08143
3.07789
3.07502
3.07193
3.06734
3.06108
3.05429
3.04804
3.04288
3.03862
3.03438
3.02896
3.02167
3.01301
3.00403
2.9956
2.98827
2.98208
2.97633
2.96966
2.96135
2.95201
2.94255
2.93343
2.92468
2.91617
2.90771
2.89906
2.89007
2.88087
2.87178
2.86302
2.85458
2.84599
2.83613
2.82472
2.81266
1.40001
1.40001
1.40001
1.40001
1.40001
1.40001
1.40001
1.40001
1.40001
1.40001
1.40001
1.40001
1.40001
1.40001
1.40001
1.40001
1.40001
1.40001
1.40001
1.40001
1.40001
1.40001
1.40001
1.40001
1.40001
1.40001
1.40001
1.67905
2.88869
3.21509
3.22426
3.21921
3.21002
3.19857
3.18605
3.17573
3.16797
3.16661
3.16826
3.16536
3.15568
3.14441
3.13362
3.12375
3.11705
3.11628
3.11769
3.11596
3.1092
3.09984
3.09018
3.08192
3.07682
3.07552
3.07596
3.07483
3.07009
3.06286
3.05529
3.04916
3.04582
3.04482
3.044
3.04114
3.03563
3.02868
3.02192
3.01659
3.01313
3.01057
3.00695
3.00109
2.99359
2.98583
2.97906
2.97394
2.96992
2.96508
2.95793
2.94904
2.93989
2.93158
2.92463
2.91893
2.91337
2.90642
2.89748
2.88724
2.87689
2.8675
2.85971
2.85326
2.84661
2.83774
2.82663
2.8148
1.40001
1.40001
1.40001
1.40001
1.40001
1.40001
1.40001
1.40001
1.40001
1.40001
1.40001
1.40001
1.40001
1.40001
1.40001
1.40001
1.40001
1.40001
1.40001
1.40001
1.40001
1.40001
1.40001
1.40001
1.40001
1.40001
1.40001
1.56025
2.7819
3.2239
3.23218
3.22013
3.20932
3.19669
3.18557
3.17699
3.1748
3.17681
3.17379
3.16363
3.15143
3.13968
3.12995
3.1234
3.12289
3.12401
3.11948
3.10889
3.09732
3.08632
3.07654
3.0708
3.07099
3.07218
3.0687
3.06005
3.04961
3.03932
3.03086
3.02601
3.02524
3.02573
3.02348
3.01675
3.00747
2.99809
2.99068
2.98666
2.9855
2.98431
2.98058
2.97385
2.96561
2.95761
2.95137
2.94758
2.94518
2.94168
2.93544
2.92709
2.91824
2.91031
2.90435
2.9005
2.89735
2.89247
2.88454
2.87449
2.86396
2.85429
2.84647
2.84061
2.83521
2.82811
2.81863
2.80788
1.40001
1.40001
1.40001
1.40001
1.40001
1.40001
1.40001
1.40001
1.40001
1.40001
1.40001
1.40001
1.40001
1.40001
1.40001
1.40001
1.40001
1.40001
1.40001
1.40001
1.40001
1.40001
1.40001
1.40001
1.40001
1.40001
1.40001
1.48005
2.67869
3.22654
3.23331
3.21979
3.2077
3.19576
3.18601
3.18185
3.18384
3.18285
3.17334
3.16123
3.14884
3.13844
3.13057
3.12863
3.13011
3.12621
3.11568
3.10339
3.09189
3.08222
3.0761
3.07603
3.07701
3.07126
3.06012
3.04814
3.03692
3.02708
3.0216
3.02222
3.02331
3.0182
3.00761
2.99593
2.98469
2.97541
2.97019
2.96968
2.97031
2.967
2.95849
2.94773
2.93721
2.92903
2.92466
2.92361
2.92232
2.91767
2.90939
2.89948
2.88983
2.88211
2.87762
2.87575
2.87362
2.86829
2.85944
2.84894
2.8386
2.82977
2.82334
2.819
2.81477
2.80845
2.79962
2.78947
1.40001
1.40001
1.40001
1.40001
1.40001
1.40001
1.40001
1.40001
1.40001
1.40001
1.40001
1.40001
1.40001
1.40001
1.40001
1.40001
1.40001
1.40001
1.40001
1.40001
1.40001
1.40001
1.40001
1.40001
1.40001
1.40001
1.40001
1.434
2.58413
3.2209
3.23307
3.21877
3.20607
3.19526
3.18794
3.18844
3.18999
3.18313
3.17132
3.15866
3.14753
3.13817
3.13362
3.13478
3.13374
3.12446
3.11248
3.10027
3.08991
3.08204
3.07993
3.0813
3.07703
3.06621
3.05385
3.04238
3.03257
3.02637
3.0263
3.02704
3.02019
3.00845
2.99579
2.98437
2.97456
2.96958
2.97063
2.97142
2.96484
2.95297
2.94063
2.92875
2.91875
2.91314
2.91311
2.91391
2.90902
2.89844
2.88641
2.87493
2.86572
2.86051
2.8594
2.85882
2.85401
2.84401
2.83187
2.8199
2.80991
2.80372
2.80124
2.79901
2.79351
2.7842
2.773
2.76172
1.40001
1.40001
1.40001
1.40001
1.40001
1.40001
1.40001
1.40001
1.40001
1.40001
1.40001
1.40001
1.40001
1.40001
1.40001
1.40001
1.40001
1.40001
1.40001
1.40001
1.40001
1.40001
1.40001
1.40001
1.40001
1.40001
1.40001
1.41215
2.50508
3.21106
3.2325
3.21773
3.20506
3.19525
3.19164
3.19402
3.19194
3.18133
3.16887
3.15685
3.14636
3.1389
3.13792
3.13942
3.13382
3.1224
3.10974
3.09847
3.08891
3.0837
3.08448
3.08392
3.07498
3.06313
3.05086
3.04029
3.03193
3.02908
3.0305
3.02673
3.01587
3.0035
2.99182
2.98169
2.9748
2.97414
2.97527
2.96865
2.95662
2.94354
2.9318
2.92159
2.9158
2.91648
2.91713
2.90929
2.89679
2.88393
2.87167
2.86093
2.85465
2.85505
2.8564
2.84937
2.83626
2.8228
2.80995
2.79867
2.79124
2.78972
2.79067
2.78576
2.77387
2.76045
2.74741
2.73606
1.40001
1.40001
1.40001
1.40001
1.40001
1.40001
1.40001
1.40001
1.40001
1.40001
1.40001
1.40001
1.40001
1.40001
1.40001
1.40001
1.40001
1.40001
1.40001
1.40001
1.40001
1.40001
1.40001
1.40001
1.40001
1.40001
1.40001
1.40371
2.4478
3.2023
3.23234
3.21718
3.20465
3.19593
3.19469
3.19692
3.19183
3.18021
3.16754
3.15599
3.146
3.14013
3.14075
3.14103
3.13277
3.12087
3.10842
3.09764
3.08897
3.08583
3.08738
3.08435
3.0738
3.06162
3.04987
3.03967
3.03251
3.03155
3.03231
3.02553
3.0141
3.00177
2.99073
2.98119
2.97588
2.9765
2.97509
2.96527
2.95314
2.94086
2.92995
2.9212
2.91798
2.91946
2.91508
2.90338
2.89027
2.87784
2.86676
2.85875
2.85738
2.85888
2.85216
2.83938
2.82528
2.8123
2.80065
2.79246
2.79134
2.79284
2.7862
2.77316
2.75905
2.74569
2.73322
2.72373
1.40001
1.40001
1.40001
1.40001
1.40001
1.40001
1.40001
1.40001
1.40001
1.40001
1.40001
1.40001
1.40001
1.40001
1.40001
1.40001
1.40001
1.40001
1.40001
1.40001
1.40001
1.40001
1.40001
1.40001
1.40001
1.40001
1.40001
1.40137
2.41904
3.1961
3.23026
3.21566
3.20367
3.19588
3.19595
3.19797
3.19148
3.17968
3.16712
3.15584
3.1462
3.14135
3.14255
3.14172
3.13229
3.12023
3.10812
3.09754
3.08956
3.08764
3.08915
3.0844
3.07334
3.06097
3.04958
3.03965
3.03345
3.03353
3.03347
3.02518
3.01344
3.00118
2.99018
2.98093
2.9766
2.97752
2.97457
2.96393
2.95173
2.93982
2.92895
2.92062
2.91811
2.9188
2.91241
2.90067
2.88809
2.87642
2.86585
2.85871
2.85812
2.85739
2.84764
2.83501
2.82205
2.81026
2.80004
2.79455
2.79551
2.79211
2.7801
2.76647
2.75289
2.7408
2.73075
2.72653
2.44762
2.41956
2.39317
2.3671
2.3382
2.30525
2.27042
2.23455
2.19785
2.16286
2.13275
2.10849
2.08836
2.06535
2.03769
2.00907
1.98005
1.94796
1.91077
1.8728
1.8422
1.81875
1.80149
1.78886
1.77604
1.76035
1.7423
1.72152
1.69501
1.65816
1.62257
1.60418
1.59321
1.58615
1.58053
1.57309
1.56381
1.553
1.54039
1.52461
1.50081
1.46423
1.43692
1.42775
1.42349
1.42337
1.42483
1.42188
1.41588
1.40743
1.39388
1.36712
1.33624
1.32592
1.32165
1.31835
1.31609
1.31447
1.31228
1.30867
1.30398
1.29807
1.28957
1.27394
1.24902
1.23497
1.23146
1.23003
1.232
1.23457
1.23284
1.22955
1.22486
1.21742
1.20334
1.17984
1.16587
1.16278
1.16109
1.1619
1.16421
1.16243
1.15924
1.15532
1.14961
1.13938
1.12173
1.10923
1.10611
1.10433
1.10421
1.10427
1.10195
1.0989
1.09518
1.09031
2.50826
2.48284
2.45756
2.43162
2.40407
2.37481
2.3447
2.3144
2.28431
2.25498
2.22746
2.20235
2.17846
2.15322
2.12754
2.10204
2.07529
2.04579
2.01302
1.97827
1.94721
1.92337
1.90542
1.89286
1.88244
1.86807
1.84945
1.82664
1.79647
1.76026
1.7341
1.71871
1.70734
1.69976
1.69452
1.68762
1.67767
1.66528
1.64968
1.62689
1.58919
1.55341
1.54074
1.53442
1.53235
1.53372
1.5314
1.52489
1.51588
1.50291
1.47979
1.44443
1.42475
1.41829
1.41419
1.41325
1.41449
1.41323
1.40945
1.40428
1.39732
1.38679
1.36616
1.33557
1.32114
1.31714
1.31535
1.31781
1.32093
1.31871
1.3143
1.30831
1.29878
1.27915
1.25118
1.24008
1.23708
1.23634
1.24055
1.24236
1.23955
1.23618
1.23189
1.22516
1.21141
1.18908
1.17786
1.17489
1.17329
1.17398
1.17371
1.17108
1.1679
1.16399
1.15807
1.14607
2.55626
2.53151
2.5052
2.47825
2.451
2.42426
2.39932
2.3769
2.35454
2.32956
2.30345
2.27707
2.25029
2.22386
2.19848
2.17439
2.15106
2.12711
2.10101
2.07299
2.04498
2.02037
2.00028
1.98485
1.9732
1.95991
1.94186
1.91941
1.89145
1.86165
1.83922
1.82294
1.81023
1.80134
1.79465
1.78604
1.77428
1.75961
1.7402
1.70989
1.67016
1.64828
1.63873
1.63304
1.63244
1.63129
1.62471
1.61549
1.6033
1.58424
1.55198
1.52385
1.51403
1.50825
1.50517
1.50589
1.5068
1.50341
1.4976
1.48979
1.47836
1.45659
1.42212
1.40438
1.39949
1.39715
1.40001
1.40317
1.3999
1.39467
1.38778
1.37661
1.3538
1.32477
1.31468
1.31136
1.31047
1.31536
1.31903
1.31643
1.31242
1.30734
1.29955
1.28368
1.25849
1.24603
1.2426
1.24068
1.24223
1.24347
1.24037
1.23649
1.23174
1.22407
1.20874
1.18807
2.59488
2.56891
2.5424
2.51595
2.4902
2.4665
2.44651
2.43081
2.41304
2.38979
2.36479
2.33893
2.31169
2.28348
2.25653
2.23367
2.21526
2.1983
2.17905
2.15715
2.13305
2.10808
2.08528
2.06606
2.05031
2.03632
2.02054
2.0018
1.98057
1.9573
1.9338
1.91409
1.89911
1.88775
1.87835
1.86767
1.85434
1.83797
1.8164
1.78537
1.75401
1.73819
1.72856
1.72286
1.72103
1.71639
1.70745
1.69588
1.6799
1.65387
1.62231
1.60716
1.59985
1.59515
1.59441
1.59514
1.59133
1.58458
1.57581
1.56313
1.53922
1.50331
1.48578
1.48043
1.47788
1.48032
1.48169
1.47722
1.47103
1.46283
1.44937
1.42323
1.39654
1.38848
1.38487
1.38394
1.38888
1.39185
1.38822
1.38335
1.37726
1.36811
1.34989
1.32306
1.31131
1.30759
1.30557
1.30684
1.30661
1.30289
1.29845
1.2928
1.28352
1.2647
1.24323
1.23662
2.62647
2.6006
2.5745
2.54889
2.52472
2.50319
2.48616
2.47531
2.46198
2.43988
2.41503
2.38882
2.36139
2.33431
2.31035
2.29068
2.27566
2.26358
2.24795
2.22823
2.20627
2.18209
2.15763
2.13604
2.11787
2.10269
2.08939
2.07543
2.05924
2.04052
2.0187
1.99424
1.97311
1.95775
1.94605
1.93537
1.92239
1.90659
1.88717
1.86208
1.83623
1.82008
1.80935
1.80229
1.79847
1.79203
1.78168
1.76852
1.7502
1.72252
1.69804
1.68716
1.68004
1.67638
1.67582
1.67216
1.66481
1.65536
1.64228
1.61924
1.58371
1.56395
1.55767
1.55417
1.55557
1.55644
1.55129
1.54427
1.53511
1.52015
1.4925
1.46771
1.46037
1.45648
1.45579
1.46087
1.46203
1.45743
1.45179
1.44469
1.43328
1.41023
1.38262
1.37321
1.36941
1.3681
1.37025
1.3685
1.36393
1.35863
1.3515
1.33852
1.31475
1.29793
1.29332
1.29043
2.65504
2.63146
2.60561
2.5799
2.5561
2.53486
2.51769
2.50789
2.50086
2.48287
2.45906
2.43321
2.40642
2.38124
2.35951
2.34164
2.32919
2.32126
2.30794
2.28866
2.26679
2.24214
2.21637
2.19426
2.17645
2.16277
2.15268
2.14142
2.12649
2.10888
2.08792
2.06229
2.03634
2.01773
2.00453
1.99505
1.98524
1.97218
1.9567
1.93806
1.91512
1.89419
1.88056
1.87081
1.86466
1.85817
1.84787
1.83488
1.81804
1.79424
1.77129
1.75937
1.75147
1.74696
1.74367
1.73692
1.7275
1.71544
1.69717
1.66655
1.64102
1.63231
1.62669
1.6249
1.62548
1.62105
1.61371
1.60449
1.59044
1.56501
1.54009
1.53187
1.52717
1.52521
1.52803
1.52794
1.5227
1.51625
1.50806
1.49478
1.46903
1.44211
1.43368
1.42965
1.42856
1.43061
1.42778
1.42251
1.41636
1.40776
1.39153
1.36585
1.35242
1.34821
1.34553
1.34668
2.67373
2.65874
2.63629
2.61149
2.58723
2.56552
2.54673
2.5333
2.52811
2.51968
2.49979
2.47593
2.44978
2.42511
2.40416
2.38682
2.37491
2.36936
2.35898
2.34049
2.31862
2.29297
2.26616
2.24414
2.22745
2.21524
2.20832
2.19952
2.18457
2.16651
2.14455
2.11746
2.09144
2.07358
2.0606
2.05198
2.04591
2.03599
2.02259
2.00638
1.98518
1.96031
1.94224
1.93036
1.92229
1.91686
1.90838
1.89676
1.8827
1.86389
1.83925
1.82131
1.8112
1.80435
1.79941
1.79183
1.7816
1.76876
1.75012
1.72323
1.70462
1.69606
1.68991
1.68743
1.68512
1.67855
1.66992
1.65865
1.64011
1.6139
1.60043
1.59427
1.5901
1.58951
1.58818
1.58259
1.5755
1.56655
1.55233
1.52589
1.50026
1.49222
1.48784
1.4866
1.48789
1.48419
1.47837
1.47152
1.46164
1.44285
1.418
1.40769
1.40343
1.40074
1.40221
1.4039
2.68166
2.67476
2.66067
2.64032
2.61779
2.5961
2.57654
2.55997
2.54973
2.54576
2.53387
2.51352
2.48987
2.46538
2.44418
2.42644
2.41302
2.40664
2.39988
2.38362
2.36305
2.33812
2.31133
2.28989
2.27356
2.26182
2.25622
2.24923
2.23465
2.21642
2.1936
2.16602
2.14274
2.1271
2.11536
2.10862
2.10436
2.09458
2.0809
2.06413
2.04153
2.01496
1.99674
1.98493
1.97673
1.97172
1.96431
1.95339
1.94017
1.92274
1.89784
1.87535
1.86328
1.855
1.8496
1.84261
1.83276
1.82093
1.80558
1.78391
1.76411
1.75383
1.7466
1.74239
1.73828
1.73084
1.72153
1.70956
1.69087
1.66821
1.65687
1.65021
1.64595
1.64321
1.63756
1.63003
1.62087
1.60747
1.58365
1.55859
1.54968
1.54451
1.54193
1.54173
1.53768
1.53143
1.52409
1.51369
1.49472
1.47179
1.46271
1.45811
1.45509
1.45547
1.45453
1.44954
2.69383
2.6806
2.67203
2.66288
2.64647
2.62666
2.60706
2.58906
2.57388
2.56451
2.55832
2.54413
2.52414
2.50181
2.48041
2.46206
2.44686
2.43726
2.432
2.41928
2.40039
2.37755
2.35255
2.33186
2.3157
2.30342
2.29743
2.29165
2.27771
2.25981
2.23712
2.21122
2.19142
2.17727
2.16676
2.16152
2.15639
2.14495
2.13022
2.11145
2.08593
2.06131
2.04644
2.03577
2.02896
2.0241
2.01531
2.00356
1.98938
1.97011
1.94402
1.92375
1.91244
1.9042
1.89913
1.89299
1.88361
1.87246
1.85836
1.83798
1.81685
1.80542
1.79755
1.79236
1.78718
1.7792
1.76956
1.7575
1.73946
1.71774
1.70608
1.69897
1.69381
1.68832
1.68089
1.67214
1.66111
1.6437
1.61921
1.60598
1.59966
1.59481
1.59244
1.58829
1.58178
1.57427
1.56447
1.54799
1.52628
1.51612
1.51083
1.50679
1.50524
1.50208
1.49633
1.48985
2.71258
2.6958
2.68161
2.67262
2.66691
2.65385
2.63566
2.61702
2.59949
2.58418
2.57332
2.56599
2.55288
2.53454
2.51455
2.49529
2.47836
2.4645
2.45583
2.44799
2.43292
2.41386
2.3921
2.37158
2.35496
2.34159
2.33345
2.32783
2.3154
2.29847
2.2773
2.25408
2.23625
2.22273
2.2129
2.20773
2.20013
2.18702
2.17076
2.1493
2.12365
2.1049
2.09265
2.08366
2.07859
2.07198
2.06099
2.04773
2.03084
2.00746
1.98407
1.97041
1.96069
1.95384
1.94923
1.94187
1.93184
1.92008
1.9047
1.88248
1.86282
1.85241
1.84475
1.83939
1.83294
1.82415
1.81384
1.80075
1.78117
1.76014
1.74937
1.74208
1.73631
1.72966
1.7215
1.71214
1.70037
1.68255
1.66251
1.65259
1.64597
1.64095
1.63623
1.62971
1.62219
1.61328
1.60039
1.58067
1.56683
1.56055
1.5553
1.55138
1.54628
1.5399
1.53275
1.52401
2.73166
2.71521
2.69982
2.68695
2.67906
2.67283
2.65922
2.6418
2.62412
2.6075
2.59288
2.5821
2.5747
2.56227
2.54502
2.52622
2.5079
2.49169
2.47851
2.47009
2.46135
2.44614
2.42775
2.40816
2.39083
2.37637
2.36562
2.35908
2.34825
2.33249
2.31328
2.29246
2.27575
2.26265
2.25329
2.24703
2.2367
2.22243
2.2049
2.18237
2.16032
2.14592
2.13503
2.12797
2.12324
2.11398
2.10149
2.08625
2.06555
2.04147
2.02567
2.01522
2.00739
2.00265
1.99626
1.98654
1.97526
1.96105
1.94048
1.91757
1.90427
1.89523
1.88837
1.88256
1.87461
1.86497
1.85371
1.83878
1.8172
1.79894
1.7895
1.78228
1.77651
1.76948
1.76099
1.75137
1.73931
1.72169
1.70394
1.69481
1.68798
1.68205
1.67542
1.66787
1.65945
1.64898
1.63305
1.61512
1.60631
1.60007
1.59421
1.58788
1.58093
1.57333
1.56433
1.55111
2.74994
2.73431
2.71872
2.70411
2.69179
2.68405
2.67688
2.66276
2.64604
2.62936
2.61379
2.6002
2.59044
2.58324
2.57041
2.55371
2.53583
2.51856
2.50322
2.49071
2.4826
2.47365
2.45866
2.44117
2.42348
2.40817
2.39564
2.38689
2.37718
2.36271
2.34534
2.32629
2.31026
2.29738
2.28786
2.28031
2.26875
2.25408
2.23605
2.21434
2.19641
2.18373
2.17385
2.16806
2.16181
2.15065
2.13696
2.11938
2.0965
2.07765
2.06606
2.05696
2.05135
2.04627
2.03695
2.02536
2.01048
1.99
1.96827
1.95446
1.94457
1.93612
1.92915
1.92154
1.91222
1.90146
1.88834
1.86999
1.84908
1.83655
1.82801
1.82111
1.81509
1.80744
1.79854
1.78837
1.77502
1.75605
1.74106
1.73287
1.72585
1.71894
1.71131
1.70297
1.69346
1.68064
1.6623
1.64865
1.64125
1.6344
1.62743
1.62012
1.61235
1.60362
1.592
1.57413
2.76509
2.75127
2.73599
2.72126
2.70786
2.69728
2.69058
2.68074
2.66553
2.64918
2.63336
2.61895
2.60699
2.59932
2.59119
2.57678
2.56
2.54265
2.5267
2.51273
2.5021
2.49557
2.4852
2.46986
2.45267
2.4363
2.42241
2.41156
2.40246
2.38949
2.37357
2.35596
2.34015
2.32717
2.31717
2.30928
2.29786
2.28335
2.26581
2.24611
2.23041
2.21826
2.20891
2.20307
2.1949
2.18269
2.16784
2.14827
2.12743
2.11393
2.10368
2.09639
2.09047
2.08083
2.06872
2.05327
2.03261
2.0137
2.00277
1.99431
1.98483
1.97453
1.96431
1.95412
1.94324
1.93105
1.91645
1.89868
1.88387
1.87412
1.86573
1.85835
1.85064
1.84184
1.83201
1.82015
1.80337
1.78527
1.77508
1.76731
1.75995
1.75219
1.74383
1.73467
1.72365
1.70779
1.69007
1.68021
1.67285
1.66559
1.65815
1.65039
1.64205
1.63211
1.61772
1.60087
2.77705
2.76489
2.75031
2.73589
2.72243
2.71099
2.70341
2.69615
2.68279
2.66708
2.65121
2.63643
2.6233
2.61325
2.60714
2.59736
2.58244
2.56604
2.54998
2.53558
2.52325
2.51475
2.50685
2.4934
2.47751
2.46169
2.44794
2.43655
2.42679
2.41446
2.39955
2.38285
2.36679
2.35326
2.34218
2.33424
2.32454
2.31105
2.29518
2.27727
2.26195
2.24976
2.24027
2.23332
2.2234
2.21037
2.19425
2.17456
2.15887
2.14768
2.13881
2.13149
2.12154
2.10942
2.09467
2.07517
2.05596
2.04442
2.036
2.02992
2.02093
2.00968
1.99606
1.98061
1.96775
1.9563
1.94427
1.93145
1.91949
1.90936
1.90007
1.89099
1.88163
1.87159
1.86021
1.84545
1.82733
1.815
1.80663
1.79877
1.79079
1.78232
1.77325
1.76301
1.74952
1.73161
1.71857
1.71059
1.70306
1.69546
1.68762
1.67939
1.6703
1.65882
1.64311
1.62972
2.78596
2.77495
2.76206
2.74877
2.73593
2.72446
2.71602
2.70943
2.69804
2.68315
2.66756
2.65267
2.63911
2.62782
2.621
2.61526
2.60282
2.58754
2.57142
2.55654
2.54349
2.53323
2.52538
2.5135
2.49863
2.48365
2.47022
2.45887
2.44937
2.43779
2.42368
2.40792
2.3919
2.37785
2.36595
2.35693
2.34926
2.33753
2.32332
2.30678
2.2908
2.27814
2.26795
2.25926
2.24798
2.23425
2.21758
2.20109
2.18895
2.17894
2.1705
2.16049
2.14854
2.13467
2.11696
2.09767
2.08488
2.0752
2.0681
2.06132
2.05127
2.03942
2.02427
2.00536
1.99169
1.98217
1.97326
1.96332
1.95241
1.94046
1.92862
1.91791
1.90756
1.8967
1.88422
1.86846
1.85347
1.84382
1.83542
1.82721
1.81871
1.80971
1.79997
1.7884
1.77273
1.75689
1.74736
1.73948
1.73165
1.72363
1.71534
1.70652
1.69633
1.68271
1.6671
1.65661
2.7941
2.78259
2.77146
2.76065
2.74993
2.7393
2.72917
2.71987
2.70975
2.69701
2.68297
2.66899
2.65577
2.64401
2.63571
2.63077
2.62083
2.60641
2.59065
2.57563
2.56219
2.55074
2.5419
2.53099
2.51707
2.50283
2.48983
2.47883
2.47004
2.45932
2.44576
2.43063
2.41481
2.40072
2.38864
2.37913
2.37194
2.36156
2.34808
2.33218
2.31621
2.30351
2.29289
2.28262
2.2703
2.25601
2.24034
2.22713
2.21623
2.20709
2.19766
2.18622
2.17335
2.15798
2.13934
2.12409
2.11321
2.10427
2.0975
2.08861
2.07748
2.06451
2.04762
2.03027
2.01895
2.00961
2.00076
1.9909
1.97982
1.96664
1.95266
1.94113
1.93074
1.92009
1.90834
1.89442
1.88051
1.87025
1.86131
1.85258
1.84364
1.83423
1.82398
1.81169
1.79636
1.78336
1.77441
1.76608
1.75765
1.74895
1.73983
1.72962
1.71676
1.7015
1.68991
1.68167
2.80084
2.78976
2.77967
2.77035
2.76105
2.75104
2.74043
2.72978
2.71948
2.70905
2.69743
2.68485
2.67218
2.66008
2.64941
2.64129
2.63328
2.62163
2.60823
2.59488
2.58209
2.56971
2.55712
2.54411
2.53103
2.51865
2.50771
2.49912
2.49081
2.47887
2.46497
2.44962
2.43443
2.4212
2.40963
2.40055
2.39295
2.38156
2.36767
2.35181
2.33762
2.32597
2.31563
2.30427
2.29128
2.27665
2.26208
2.24984
2.23934
2.23061
2.22094
2.20922
2.19613
2.18051
2.16298
2.14945
2.13868
2.12981
2.12196
2.11176
2.09993
2.08547
2.0684
2.05573
2.04576
2.03585
2.02528
2.01355
1.99957
1.98497
1.97333
1.96318
1.95318
1.9429
1.93187
1.91912
1.90519
1.89395
1.88445
1.8752
1.86587
1.85622
1.84586
1.83387
1.81974
1.80718
1.79768
1.78886
1.78002
1.77095
1.76116
1.74897
1.73342
1.72072
1.71205
1.70395
2.80327
2.79267
2.78339
2.77519
2.76691
2.75742
2.74681
2.73593
2.72548
2.71565
2.70586
2.69519
2.68346
2.67137
2.65964
2.64887
2.63935
2.63005
2.61945
2.60765
2.59528
2.58267
2.56981
2.55678
2.54406
2.53217
2.5218
2.51392
2.50557
2.4935
2.47976
2.46467
2.45024
2.43764
2.42662
2.41812
2.40897
2.39657
2.38212
2.36733
2.35507
2.34473
2.33475
2.32285
2.30953
2.29454
2.27983
2.26752
2.25692
2.2485
2.23956
2.22808
2.21529
2.20027
2.18336
2.16995
2.15921
2.15006
2.1406
2.12949
2.11687
2.10172
2.08803
2.07723
2.06674
2.05606
2.04487
2.03229
2.01696
2.00311
1.99297
1.98329
1.97333
1.96306
1.9523
1.94033
1.92654
1.91393
1.90379
1.8941
1.88425
1.87409
1.86332
1.8514
1.83864
1.82738
1.8179
1.80874
1.79918
1.78824
1.77413
1.75917
1.74917
1.74134
1.73359
1.72565
2.79708
2.78717
2.77871
2.77152
2.76429
2.75557
2.7453
2.73447
2.724
2.7145
2.70591
2.69727
2.68727
2.67578
2.66377
2.6521
2.64135
2.63167
2.6226
2.61318
2.60218
2.58966
2.5767
2.56384
2.55143
2.5398
2.52979
2.52242
2.51376
2.5013
2.48757
2.47326
2.46
2.44802
2.43762
2.42885
2.41785
2.40476
2.39045
2.37753
2.36646
2.35727
2.34786
2.33604
2.3228
2.30795
2.29369
2.28151
2.27076
2.26229
2.254
2.24284
2.23031
2.21562
2.19879
2.18533
2.17455
2.16467
2.15382
2.14172
2.12802
2.11553
2.10492
2.09436
2.08335
2.07166
2.05847
2.04267
2.02807
2.01796
2.00922
2.00059
1.99102
1.98076
1.96942
1.95526
1.93831
1.92584
1.91681
1.90799
1.8988
1.88908
1.87845
1.86595
1.85154
1.83892
1.82912
1.81991
1.81043
1.80038
1.78927
1.77685
1.76413
1.75341
1.74443
1.73588
2.7794
2.77052
2.76347
2.75778
2.75168
2.74348
2.73322
2.72211
2.71125
2.70151
2.69348
2.68686
2.67981
2.67031
2.65855
2.64605
2.63386
2.62277
2.61355
2.6064
2.59944
2.5889
2.57595
2.56283
2.55015
2.53844
2.52878
2.5221
2.51354
2.5008
2.48715
2.47385
2.46146
2.45048
2.44211
2.43273
2.42012
2.40624
2.39208
2.37941
2.368
2.35878
2.3502
2.33854
2.32552
2.31094
2.29658
2.28441
2.27352
2.26465
2.25613
2.2451
2.23288
2.21862
2.20312
2.1909
2.18044
2.17068
2.15991
2.14818
2.13489
2.12096
2.10965
2.09983
2.09053
2.08031
2.06911
2.05669
2.04265
2.02763
2.01583
2.00629
1.99762
1.98844
1.97821
1.96686
1.95341
1.9375
1.92386
1.91429
1.90541
1.89632
1.88667
1.87614
1.86399
1.84987
1.8373
1.82763
1.81869
1.80977
1.80044
1.79007
1.77832
1.76592
1.75443
1.7445
2.75184
2.74479
2.74072
2.73719
2.73094
2.72103
2.7092
2.69724
2.68642
2.67798
2.67251
2.66859
2.66286
2.65294
2.64032
2.62729
2.61486
2.60398
2.59593
2.59107
2.58613
2.57586
2.56269
2.5494
2.53667
2.52519
2.51653
2.51052
2.50075
2.48749
2.47402
2.46103
2.44893
2.43907
2.43254
2.42338
2.41068
2.39693
2.38313
2.37045
2.35891
2.34978
2.34288
2.33253
2.32005
2.30623
2.29224
2.28009
2.26911
2.26007
2.25133
2.24009
2.22764
2.21328
2.1992
2.18776
2.17756
2.16817
2.15738
2.1457
2.13274
2.11838
2.10591
2.09515
2.08556
2.0763
2.06589
2.05503
2.04315
2.02867
2.01414
2.00311
1.99332
1.98418
1.97441
1.96414
1.95349
1.94109
1.926
1.91269
1.90267
1.89312
1.88351
1.87382
1.86409
1.85396
1.84276
1.83029
1.8178
1.80656
1.79631
1.78637
1.77643
1.76627
1.75568
1.74499
2.72835
2.72557
2.72495
2.72026
2.70922
2.69575
2.68234
2.67014
2.66095
2.65659
2.65541
2.65137
2.64101
2.62769
2.61431
2.60173
2.5911
2.58368
2.57981
2.57624
2.56705
2.55388
2.54064
2.52831
2.51758
2.50946
2.50457
2.49719
2.48445
2.4709
2.45786
2.44582
2.43573
2.42941
2.42451
2.41378
2.40054
2.38635
2.37272
2.36026
2.34922
2.34162
2.33587
2.32516
2.31247
2.29857
2.28454
2.27221
2.261
2.25219
2.24436
2.23319
2.22083
2.20709
2.19333
2.18148
2.1707
2.16176
2.15306
2.14199
2.13005
2.11683
2.10332
2.0917
2.08121
2.07204
2.06282
2.05216
2.04075
2.02811
2.01388
2.00084
1.99018
1.98046
1.97135
1.96152
1.95116
1.94028
1.92825
1.91437
1.90144
1.89131
1.88173
1.87207
1.86226
1.85229
1.8422
1.83184
1.821
1.80925
1.7967
1.78475
1.77407
1.76415
1.75459
1.74524
2.72056
2.72214
2.71738
2.70441
2.69029
2.67656
2.6637
2.65352
2.64884
2.64975
2.646
2.63318
2.61867
2.60469
2.59182
2.58145
2.57601
2.57573
2.57192
2.55942
2.54482
2.53015
2.51682
2.50567
2.49953
2.49873
2.49251
2.47918
2.46461
2.45002
2.43677
2.42524
2.4187
2.4177
2.41066
2.39755
2.38343
2.36863
2.35521
2.34285
2.33373
2.33046
2.32496
2.3128
2.2995
2.2849
2.27099
2.25849
2.24742
2.2403
2.23475
2.22404
2.21172
2.19833
2.18465
2.17256
2.16132
2.15222
2.14578
2.13649
2.12514
2.11295
2.09948
2.08706
2.07608
2.06596
2.0577
2.04878
2.03805
2.02673
2.01394
2.00016
1.98842
1.97804
1.96834
1.95929
1.94941
1.93925
1.92853
1.91624
1.90202
1.88971
1.87984
1.87029
1.86077
1.85125
1.84168
1.83192
1.82158
1.80977
1.79621
1.78366
1.77361
1.76452
1.75566
1.74684
2.72843
2.72389
2.71109
2.69665
2.68246
2.66968
2.65893
2.65406
2.65648
2.65302
2.64002
2.62529
2.61046
2.59715
2.58545
2.57871
2.58063
2.5806
2.56874
2.55389
2.5384
2.5243
2.51131
2.50202
2.50135
2.50295
2.49264
2.47809
2.46275
2.44856
2.43533
2.42485
2.42176
2.42226
2.41252
2.39857
2.38369
2.36926
2.35592
2.34402
2.3372
2.33618
2.32864
2.31552
2.30148
2.28644
2.27274
2.26003
2.2493
2.24385
2.2391
2.22784
2.2151
2.20118
2.18713
2.17471
2.16302
2.15379
2.14808
2.13917
2.1275
2.11506
2.10123
2.08823
2.07677
2.06598
2.05728
2.04877
2.03798
2.02673
2.0142
2.00035
1.98842
1.97805
1.96808
1.95905
1.94959
1.93957
1.92916
1.91727
1.90303
1.88992
1.8798
1.8703
1.86086
1.85148
1.84209
1.83255
1.82237
1.81036
1.79624
1.78408
1.77467
1.7659
1.75721
1.74854
)
;

boundaryField
{
    inlet
    {
        type            calculated;
        value           uniform 1.40001;
    }
    outlet
    {
        type            calculated;
        value           nonuniform 0();
    }
    bottom
    {
        type            symmetryPlane;
    }
    top
    {
        type            symmetryPlane;
    }
    obstacle
    {
        type            calculated;
        value           nonuniform 0();
    }
    defaultFaces
    {
        type            empty;
    }
    procBoundary2to0
    {
        type            processor;
        value           nonuniform List<scalar> 
192
(
1.40001
1.40001
1.40001
1.40001
1.40001
1.40001
1.40001
1.40001
1.40001
1.40001
1.40033
1.49934
2.37366
2.75868
2.77321
2.76982
2.77467
2.78145
2.78901
2.79537
2.79776
2.79895
2.79876
2.79667
2.79593
2.79988
2.80708
2.81324
2.81619
2.81635
2.81347
2.81016
2.81114
2.81589
2.82204
2.8263
2.8284
2.82811
2.82582
2.82408
2.82545
2.82897
2.83187
2.83277
2.83119
2.82728
2.82403
2.82334
2.82367
2.82281
2.82001
2.81668
2.81413
2.8124
2.81103
2.80881
2.80502
2.80092
2.7984
2.79805
2.79938
2.80092
2.80002
2.79586
2.78908
2.78254
2.77936
2.77912
2.78141
2.78526
2.78658
2.78185
2.77248
2.76314
2.75607
2.75127
2.74934
2.74995
2.75047
2.74664
2.73687
2.72312
2.70675
2.68894
2.67072
2.65292
2.63586
2.61887
2.60098
2.57923
2.55197
2.52019
2.48713
2.45357
2.4187
2.38409
2.35166
2.31995
2.28781
2.25735
2.22654
2.19059
2.15274
2.11562
2.07631
2.03542
1.99947
1.97179
1.95293
1.93394
1.90754
1.88053
1.85357
1.82117
1.78079
1.74534
1.72018
1.69687
1.67716
1.66305
1.64979
1.63439
1.61852
1.60138
1.57919
1.54657
1.50631
1.48201
1.47219
1.46606
1.45754
1.44743
1.43745
1.42697
1.41593
1.40479
1.39257
1.37534
1.34591
1.31831
1.30886
1.30528
1.30625
1.30868
1.30549
1.30014
1.29294
1.28062
1.25551
1.22902
1.22208
1.21922
1.21587
1.21288
1.21049
1.20826
1.20564
1.20208
1.19727
1.19039
1.17821
1.15804
1.14425
1.14064
1.13877
1.13919
1.14224
1.14161
1.13899
1.13553
1.13003
1.1182
1.09488
1.07731
1.07394
1.07255
1.07357
1.0761
1.07517
1.07306
1.07043
1.06635
1.0573
1.04056
1.03114
1.02907
1.02811
1.0299
1.03373
1.03418
1.03343
1.03265
)
;
    }
    procBoundary2to1
    {
        type            processor;
        value           nonuniform List<scalar> 8(1.08293 1.12551 1.17976 1.23364 1.29023 1.34967 1.39981 1.44374);
    }
    procBoundary2to3
    {
        type            processor;
        value           nonuniform List<scalar> 
16
(
1.48191
1.51035
1.53051
1.55852
1.59186
1.62183
1.64887
1.67388
1.69574
1.71743
1.72728
1.7353
1.73469
1.73605
1.738
1.73983
)
;
    }
}


// ************************************************************************* //
