/*--------------------------------*- C++ -*----------------------------------*\
  =========                 |
  \\      /  F ield         | OpenFOAM: The Open Source CFD Toolbox
   \\    /   O peration     | Website:  https://openfoam.org
    \\  /    A nd           | Version:  7
     \\/     M anipulation  |
\*---------------------------------------------------------------------------*/
FoamFile
{
    version     2.0;
    format      ascii;
    class       volVectorField;
    location    "1.9";
    object      U;
}
// * * * * * * * * * * * * * * * * * * * * * * * * * * * * * * * * * * * * * //

dimensions      [0 1 -1 0 0 0 0];

internalField   nonuniform List<vector> 
1008
(
(1.5 -1.34958e-16 0)
(1.5 -3.50117e-16 0)
(1.49255 0.000148426 0)
(0.862985 0.00368717 0)
(0.657762 0.0053962 0)
(0.634664 0.00654453 0)
(0.617513 0.00701854 0)
(0.597779 0.00762687 0)
(0.57619 0.00860543 0)
(0.551625 0.00929523 0)
(0.527176 0.00947185 0)
(0.503961 0.00980042 0)
(0.480074 0.010775 0)
(0.452725 0.0120312 0)
(0.421226 0.0130422 0)
(0.387078 0.0141377 0)
(0.351785 0.0154075 0)
(0.315999 0.017035 0)
(0.279247 0.0185809 0)
(0.240224 0.0204934 0)
(0.196829 0.0225562 0)
(0.146075 0.0251181 0)
(0.0905517 0.0269905 0)
(0.0338471 0.0300619 0)
(1.5 -4.37231e-16 0)
(1.5 -4.79125e-16 0)
(1.49498 0.000738431 0)
(0.870442 0.0177664 0)
(0.656861 0.0207322 0)
(0.631899 0.0207772 0)
(0.614294 0.0215105 0)
(0.594429 0.0231103 0)
(0.57304 0.0260254 0)
(0.548797 0.0283807 0)
(0.524458 0.0293162 0)
(0.501046 0.0304708 0)
(0.476997 0.0333885 0)
(0.449613 0.0373571 0)
(0.417952 0.0406739 0)
(0.383581 0.0442275 0)
(0.347998 0.0482223 0)
(0.311966 0.0532916 0)
(0.274858 0.0581131 0)
(0.235529 0.0641678 0)
(0.191717 0.0703247 0)
(0.141623 0.0782455 0)
(0.0868376 0.0838204 0)
(0.0321489 0.0920097 0)
(1.5 -9.84388e-17 0)
(1.5 -4.63872e-16 0)
(1.49893 0.000228226 0)
(0.889707 0.0308632 0)
(0.661825 0.0348614 0)
(0.63528 0.0350896 0)
(0.617325 0.0364878 0)
(0.597147 0.0388762 0)
(0.575947 0.0433535 0)
(0.552108 0.0472637 0)
(0.527968 0.0491557 0)
(0.504477 0.0512733 0)
(0.480492 0.0559875 0)
(0.453489 0.0625275 0)
(0.422083 0.0681514 0)
(0.387975 0.0742065 0)
(0.352648 0.0809761 0)
(0.317081 0.0895483 0)
(0.280132 0.0976809 0)
(0.240703 0.107869 0)
(0.195953 0.117822 0)
(0.145018 0.130688 0)
(0.0882391 0.139459 0)
(0.0326428 0.151345 0)
(1.5 1.0397e-16 0)
(1.5 -1.16597e-16 0)
(1.5 2.84406e-06 0)
(0.919813 0.0426351 0)
(0.667278 0.0485604 0)
(0.638352 0.0496276 0)
(0.620699 0.0514523 0)
(0.600893 0.0541971 0)
(0.580596 0.0598429 0)
(0.557749 0.0653958 0)
(0.534152 0.068652 0)
(0.510896 0.0718908 0)
(0.487353 0.0781498 0)
(0.461355 0.0870734 0)
(0.430883 0.0950514 0)
(0.397733 0.1037 0)
(0.363223 0.113336 0)
(0.328487 0.125727 0)
(0.291404 0.137858 0)
(0.251139 0.15331 0)
(0.204112 0.167904 0)
(0.151717 0.186552 0)
(0.0924703 0.199192 0)
(0.0333669 0.213663 0)
(1.5 1.58443e-16 0)
(1.5 8.64359e-17 0)
(1.5 4.75103e-11 0)
(0.96099 0.0533686 0)
(0.673749 0.062403 0)
(0.641206 0.064227 0)
(0.624366 0.0661016 0)
(0.605238 0.0688438 0)
(0.585983 0.0754524 0)
(0.56417 0.0829744 0)
(0.541017 0.0880856 0)
(0.518017 0.0925193 0)
(0.495054 0.0998689 0)
(0.470637 0.11079 0)
(0.441926 0.12113 0)
(0.410596 0.132554 0)
(0.377582 0.145277 0)
(0.34461 0.161945 0)
(0.308643 0.178523 0)
(0.270453 0.199448 0)
(0.223965 0.21867 0)
(0.172481 0.243214 0)
(0.107768 0.262991 0)
(0.0412326 0.283334 0)
(1.5 1.43101e-16 0)
(1.5 -9.99136e-17 0)
(1.5 2.42619e-18 0)
(1.01376 0.0634921 0)
(0.682286 0.0767343 0)
(0.644829 0.0782957 0)
(0.629327 0.0797974 0)
(0.611117 0.0825688 0)
(0.592771 0.090279 0)
(0.571818 0.100174 0)
(0.54896 0.107402 0)
(0.526347 0.112871 0)
(0.504112 0.120655 0)
(0.481691 0.133001 0)
(0.45542 0.145711 0)
(0.426677 0.160219 0)
(0.395778 0.176182 0)
(0.36558 0.197065 0)
(0.331458 0.218046 0)
(0.295185 0.244439 0)
(0.247327 0.272664 0)
(0.19068 0.30787 0)
(0.121408 0.341952 0)
(0.0410346 0.369494 0)
(1.5 1.18797e-16 0)
(1.5 -9.61477e-17 0)
(1.5 -1.48636e-16 0)
(1.07945 0.0732211 0)
(0.694599 0.0917525 0)
(0.650389 0.091302 0)
(0.636039 0.092059 0)
(0.61861 0.0954408 0)
(0.600905 0.104705 0)
(0.580786 0.117224 0)
(0.558379 0.126391 0)
(0.536518 0.132566 0)
(0.515121 0.140214 0)
(0.494686 0.153511 0)
(0.471144 0.168655 0)
(0.445584 0.1865 0)
(0.417304 0.205702 0)
(0.390297 0.230357 0)
(0.35939 0.256581 0)
(0.324937 0.289753 0)
(0.285488 0.328787 0)
(0.236437 0.373448 0)
(0.171629 0.420858 0)
(0.0759275 0.471807 0)
(1.5 -4.92396e-17 0)
(1.5 -9.4347e-17 0)
(1.5 -2.24224e-16 0)
(1.16075 0.0804039 0)
(0.713268 0.106246 0)
(0.658141 0.103201 0)
(0.643746 0.103176 0)
(0.626685 0.107998 0)
(0.609415 0.119145 0)
(0.590574 0.133994 0)
(0.569338 0.144415 0)
(0.548881 0.151038 0)
(0.528483 0.158436 0)
(0.50981 0.172507 0)
(0.489029 0.190045 0)
(0.467113 0.211095 0)
(0.442138 0.23335 0)
(0.418923 0.26114 0)
(0.392308 0.291994 0)
(0.365577 0.330176 0)
(0.335222 0.376257 0)
(0.291599 0.440392 0)
(0.205312 0.535401 0)
(0.113938 0.665576 0)
(1.5 -1.4122e-17 0)
(1.5 1.49776e-17 0)
(1.5 -9.32506e-17 0)
(1.25732 0.0794346 0)
(0.740274 0.11817 0)
(0.667134 0.114964 0)
(0.651424 0.114366 0)
(0.634535 0.120963 0)
(0.617845 0.133531 0)
(0.601292 0.14954 0)
(0.582158 0.160345 0)
(0.563526 0.1677 0)
(0.544186 0.175477 0)
(0.527052 0.190427 0)
(0.50895 0.210058 0)
(0.490944 0.23363 0)
(0.470081 0.25839 0)
(0.451017 0.287985 0)
(0.429509 0.322315 0)
(0.412306 0.364925 0)
(0.391383 0.421877 0)
(0.368778 0.514418 0)
(0.345993 0.64831 0)
(0.433572 0.859971 0)
(1.5 1.95943e-16 0)
(1.5 -1.33646e-16 0)
(1.5 1.09094e-16 0)
(1.36047 0.0662208 0)
(0.778182 0.128186 0)
(0.677506 0.127454 0)
(0.660042 0.126232 0)
(0.643452 0.134305 0)
(0.627167 0.147101 0)
(0.613155 0.162767 0)
(0.596381 0.173589 0)
(0.579677 0.182342 0)
(0.56167 0.191495 0)
(0.545871 0.20749 0)
(0.530354 0.228739 0)
(0.515968 0.253698 0)
(0.500236 0.280354 0)
(0.484176 0.311015 0)
(0.47098 0.347413 0)
(0.462038 0.393353 0)
(0.459049 0.457634 0)
(0.461816 0.557386 0)
(0.508371 0.669711 0)
(0.716943 0.794172 0)
(1.5 2.8134e-16 0)
(1.5 3.85814e-16 0)
(1.5 3.98648e-16 0)
(1.44874 0.0396063 0)
(0.833011 0.13296 0)
(0.688745 0.139816 0)
(0.668877 0.139151 0)
(0.653235 0.148099 0)
(0.637202 0.159586 0)
(0.62526 0.17377 0)
(0.610637 0.184919 0)
(0.595693 0.195667 0)
(0.579446 0.207289 0)
(0.564586 0.224388 0)
(0.551906 0.246401 0)
(0.540941 0.271545 0)
(0.530904 0.298986 0)
(0.519314 0.329545 0)
(0.514564 0.36683 0)
(0.512919 0.41321 0)
(0.528356 0.475309 0)
(0.552401 0.564797 0)
(0.643375 0.659532 0)
(0.867967 0.729353 0)
(1.5 1.41123e-16 0)
(1.5 6.07234e-16 0)
(1.5 1.02314e-15 0)
(1.49706 0.0087546 0)
(0.915378 0.130506 0)
(0.70166 0.150469 0)
(0.676139 0.153014 0)
(0.662883 0.161432 0)
(0.64841 0.170324 0)
(0.637811 0.182901 0)
(0.624796 0.195358 0)
(0.611071 0.208596 0)
(0.597089 0.223082 0)
(0.583808 0.240396 0)
(0.574121 0.261796 0)
(0.566673 0.285963 0)
(0.562364 0.313152 0)
(0.555626 0.343737 0)
(0.557365 0.381062 0)
(0.562823 0.425492 0)
(0.589686 0.480085 0)
(0.630938 0.554476 0)
(0.7379 0.632014 0)
(0.932303 0.6718 0)
(1.5 1.19899e-16 0)
(1.5 2.29913e-16 0)
(1.5 3.14675e-16 0)
(1.50006 0.000339775 0)
(1.03978 0.127993 0)
(0.719684 0.161685 0)
(0.686544 0.165687 0)
(0.674368 0.171692 0)
(0.661102 0.178762 0)
(0.650701 0.19108 0)
(0.638697 0.206054 0)
(0.625948 0.221966 0)
(0.615374 0.238369 0)
(0.604262 0.254437 0)
(0.598071 0.273865 0)
(0.593635 0.29671 0)
(0.593342 0.323818 0)
(0.591014 0.354747 0)
(0.597504 0.390926 0)
(0.609566 0.431993 0)
(0.642496 0.477676 0)
(0.693512 0.536894 0)
(0.798842 0.595759 0)
(0.961078 0.619466 0)
(1.5 1.7382e-16 0)
(1.5 1.57828e-16 0)
(1.5 -2.91667e-17 0)
(1.5 2.13617e-06 0)
(1.18976 0.116687 0)
(0.74892 0.169789 0)
(0.699925 0.176939 0)
(0.686216 0.180968 0)
(0.67292 0.18851 0)
(0.660896 0.201191 0)
(0.650922 0.217645 0)
(0.641921 0.234554 0)
(0.635687 0.250997 0)
(0.626707 0.265868 0)
(0.622717 0.283658 0)
(0.620153 0.305225 0)
(0.622433 0.331875 0)
(0.624561 0.362476 0)
(0.634891 0.396498 0)
(0.652206 0.433761 0)
(0.68824 0.471686 0)
(0.742574 0.517515 0)
(0.838299 0.559983 0)
(0.970356 0.575175 0)
(1.5 -9.35755e-17 0)
(1.5 1.97422e-16 0)
(1.5 1.49807e-16 0)
(1.5 1.34614e-09 0)
(1.34269 0.0883711 0)
(0.794195 0.174655 0)
(0.713653 0.188014 0)
(0.697282 0.192566 0)
(0.683708 0.200554 0)
(0.67221 0.21143 0)
(0.666109 0.226057 0)
(0.661244 0.242881 0)
(0.657352 0.260223 0)
(0.64959 0.275831 0)
(0.645826 0.293089 0)
(0.644438 0.313283 0)
(0.649346 0.337864 0)
(0.656252 0.366425 0)
(0.670202 0.397702 0)
(0.691055 0.43144 0)
(0.727846 0.463681 0)
(0.781464 0.499357 0)
(0.865179 0.528833 0)
(0.973252 0.539622 0)
(1.5 -1.85472e-16 0)
(1.5 -7.76503e-17 0)
(1.5 -2.16539e-16 0)
(1.5 6.79525e-14 0)
(1.45727 0.0413924 0)
(0.86683 0.174767 0)
(0.725134 0.19983 0)
(0.708006 0.205995 0)
(0.696768 0.21203 0)
(0.687491 0.219692 0)
(0.683889 0.231808 0)
(0.680564 0.248836 0)
(0.676905 0.268507 0)
(0.670276 0.286163 0)
(0.666472 0.303243 0)
(0.666894 0.32105 0)
(0.67482 0.341734 0)
(0.686081 0.366783 0)
(0.703262 0.395029 0)
(0.726164 0.425769 0)
(0.761966 0.454249 0)
(0.81257 0.482794 0)
(0.885279 0.503515 0)
(0.97491 0.511778 0)
(1.5 -7.66443e-17 0)
(1.5 -2.38018e-16 0)
(1.5 -4.88744e-16 0)
(1.5 -5.20158e-16 0)
(1.49861 0.00658955 0)
(0.993555 0.169779 0)
(0.739939 0.209523 0)
(0.722592 0.216881 0)
(0.713017 0.219337 0)
(0.705074 0.225367 0)
(0.700702 0.237171 0)
(0.695903 0.255557 0)
(0.693093 0.276738 0)
(0.689427 0.295085 0)
(0.687462 0.310982 0)
(0.689541 0.326761 0)
(0.699306 0.344382 0)
(0.713401 0.365921 0)
(0.733006 0.390739 0)
(0.757164 0.418501 0)
(0.791407 0.444341 0)
(0.83818 0.467965 0)
(0.901309 0.483243 0)
(0.976182 0.489628 0)
(1.5 -2.84898e-16 0)
(1.5 -4.06563e-16 0)
(1.5 -4.39262e-16 0)
(1.5 -2.45477e-16 0)
(1.5 0.000207545 0)
(1.183 0.149838 0)
(0.769099 0.210669 0)
(0.741031 0.223411 0)
(0.729643 0.227116 0)
(0.719832 0.234494 0)
(0.711028 0.246745 0)
(0.70711 0.263697 0)
(0.707599 0.282617 0)
(0.708826 0.300521 0)
(0.709875 0.316502 0)
(0.712844 0.331596 0)
(0.722413 0.347068 0)
(0.737162 0.36508 0)
(0.75805 0.386067 0)
(0.783273 0.410629 0)
(0.816525 0.434384 0)
(0.85977 0.454492 0)
(0.914498 0.46637 0)
(0.978365 0.471611 0)
(1.5 3.30946e-17 0)
(1.5 3.61686e-17 0)
(1.5 1.14126e-16 0)
(1.5 -1.22241e-16 0)
(1.5 1.17053e-06 0)
(1.37683 0.0965208 0)
(0.825317 0.207585 0)
(0.753563 0.229901 0)
(0.741869 0.239226 0)
(0.730481 0.246637 0)
(0.722897 0.255942 0)
(0.720756 0.268225 0)
(0.72322 0.284091 0)
(0.727946 0.301885 0)
(0.73195 0.318941 0)
(0.735494 0.334614 0)
(0.743635 0.349728 0)
(0.7576 0.365496 0)
(0.778891 0.382746 0)
(0.805011 0.403572 0)
(0.837879 0.424591 0)
(0.878195 0.441852 0)
(0.926531 0.452011 0)
(0.981314 0.456348 0)
(1.5 2.01455e-16 0)
(1.5 2.28944e-16 0)
(1.5 2.55388e-16 0)
(1.5 -7.64979e-17 0)
(1.5 8.58418e-10 0)
(1.48899 0.0260492 0)
(0.937247 0.202969 0)
(0.756641 0.234738 0)
(0.752409 0.250627 0)
(0.745565 0.255751 0)
(0.739845 0.261929 0)
(0.737652 0.271625 0)
(0.739494 0.285475 0)
(0.744438 0.302649 0)
(0.750889 0.320468 0)
(0.756059 0.336824 0)
(0.763522 0.351833 0)
(0.776212 0.366104 0)
(0.796752 0.380029 0)
(0.822823 0.396956 0)
(0.85543 0.414535 0)
(0.893734 0.429846 0)
(0.937232 0.438852 0)
(0.984424 0.442407 0)
(1.5 2.48592e-18 0)
(1.5 -2.33864e-17 0)
(1.5 6.72198e-17 0)
(1.5 -8.49134e-17 0)
(1.5 7.55837e-14 0)
(1.4999 0.00195391 0)
(1.12815 0.184801 0)
(0.773589 0.234112 0)
(0.767217 0.250915 0)
(0.764683 0.259852 0)
(0.759152 0.266732 0)
(0.754653 0.276033 0)
(0.754102 0.288783 0)
(0.757803 0.304006 0)
(0.766076 0.320263 0)
(0.774169 0.336479 0)
(0.782888 0.351838 0)
(0.794847 0.366108 0)
(0.8138 0.378239 0)
(0.838453 0.391689 0)
(0.869898 0.40503 0)
(0.906084 0.41842 0)
(0.946274 0.426907 0)
(0.98886 0.430462 0)
(1.5 -1.35593e-16 0)
(1.5 -1.87637e-16 0)
(1.5 -3.09546e-16 0)
(1.5 -2.17219e-16 0)
(1.5 -3.67761e-16 0)
(1.49999 3.86473e-05 0)
(1.3539 0.120606 0)
(0.832221 0.229842 0)
(0.777033 0.253462 0)
(0.778814 0.267375 0)
(0.773786 0.275785 0)
(0.768247 0.284045 0)
(0.767397 0.294114 0)
(0.770504 0.306113 0)
(0.779358 0.319987 0)
(0.790005 0.335544 0)
(0.801558 0.350862 0)
(0.813992 0.365063 0)
(0.830925 0.376921 0)
(0.853209 0.388227 0)
(0.882201 0.397535 0)
(0.915918 0.40881 0)
(0.953815 0.417209 0)
(0.993836 0.421201 0)
(1.5 -2.77881e-16 0)
(1.5 1.95967e-17 0)
(1.5 4.86794e-17 0)
(1.5 -8.83452e-17 0)
(1.5 -4.28424e-16 0)
(1.5 1.42152e-07 0)
(1.48787 0.0317899 0)
(0.960765 0.228242 0)
(0.782247 0.255156 0)
(0.784873 0.271342 0)
(0.786754 0.283368 0)
(0.783618 0.290437 0)
(0.782946 0.29831 0)
(0.785061 0.308336 0)
(0.792419 0.320044 0)
(0.803505 0.333545 0)
(0.817655 0.347693 0)
(0.831825 0.361866 0)
(1.10732 0.911441 0)
(1.52301 0.870309 0)
(1.82156 0.983561 0)
(1.84139 0.531718 0)
(1.79299 0.275095 0)
(1.74042 -0.090288 0)
(1.80299 -0.2049 0)
(1.78148 -0.20684 0)
(1.74724 -0.226538 0)
(1.74632 -0.239391 0)
(1.73748 -0.189237 0)
(1.69709 -0.141224 0)
(1.66082 -0.0996112 0)
(1.62389 -0.0780448 0)
(1.599 -0.0570675 0)
(1.63308 -0.0419426 0)
(1.66287 -0.0323662 0)
(1.6534 -0.028469 0)
(1.63222 -0.0215458 0)
(1.61291 -0.0174662 0)
(1.59713 -0.0167197 0)
(1.59493 -0.0143513 0)
(1.61294 -0.0113572 0)
(1.61862 -0.0097886 0)
(1.61038 -0.0106223 0)
(1.59209 -0.0199532 0)
(1.54024 -0.0461257 0)
(1.45309 -0.0872331 0)
(1.36153 -0.127849 0)
(1.29393 -0.148027 0)
(1.24713 -0.121315 0)
(1.2252 -0.1085 0)
(1.20293 -0.0807932 0)
(1.28321 0.788718 0)
(1.6506 0.50427 0)
(1.84792 0.225532 0)
(1.96424 0.0762724 0)
(1.89599 -0.201244 0)
(1.90577 -0.379102 0)
(1.91411 -0.468216 0)
(1.92533 -0.427097 0)
(1.90537 -0.3639 0)
(1.85683 -0.324434 0)
(1.79918 -0.272598 0)
(1.74245 -0.221455 0)
(1.69506 -0.163152 0)
(1.67196 -0.103818 0)
(1.66134 -0.0468822 0)
(1.67815 -0.0211486 0)
(1.6925 -0.0186999 0)
(1.67271 -0.0118176 0)
(1.64929 -0.0137481 0)
(1.62685 -0.0177985 0)
(1.61392 -0.0181772 0)
(1.61894 -0.0086673 0)
(1.63392 0.00282311 0)
(1.63169 -0.0117451 0)
(1.60591 -0.0558983 0)
(1.5615 -0.129824 0)
(1.50284 -0.216958 0)
(1.45425 -0.293115 0)
(1.42021 -0.343984 0)
(1.40255 -0.322251 0)
(1.36765 -0.249717 0)
(1.3165 -0.16428 0)
(1.29898 -0.105422 0)
(1.21214 0.720356 0)
(1.4623 0.606263 0)
(1.69506 0.324626 0)
(1.81316 0.205437 0)
(1.85095 0.122257 0)
(1.90545 -0.109443 0)
(1.9034 -0.170059 0)
(1.9313 -0.235919 0)
(1.93714 -0.275169 0)
(1.94343 -0.330772 0)
(1.92849 -0.385004 0)
(1.88267 -0.383565 0)
(1.83635 -0.32056 0)
(1.81866 -0.249046 0)
(1.81643 -0.182096 0)
(1.79688 -0.128712 0)
(1.75925 -0.0974833 0)
(1.72197 -0.0633544 0)
(1.70156 -0.0501177 0)
(1.6835 -0.0312884 0)
(1.67086 -0.0165979 0)
(1.67496 -0.00803899 0)
(1.6659 -0.0357251 0)
(1.6289 -0.098748 0)
(1.56557 -0.189851 0)
(1.5228 -0.26469 0)
(1.4732 -0.346754 0)
(1.46264 -0.375936 0)
(1.4734 -0.369433 0)
(1.48742 -0.373075 0)
(1.48152 -0.358075 0)
(1.46748 -0.320725 0)
(1.44481 -0.260796 0)
(1.16333 0.652198 0)
(1.3546 0.58089 0)
(1.54329 0.414249 0)
(1.65737 0.312558 0)
(1.74571 0.209984 0)
(1.83545 0.00507651 0)
(1.85817 -0.0934442 0)
(1.86644 -0.167988 0)
(1.90175 -0.271112 0)
(1.91199 -0.352948 0)
(1.94165 -0.364016 0)
(1.94238 -0.369413 0)
(1.92242 -0.380996 0)
(1.89914 -0.365749 0)
(1.88497 -0.329869 0)
(1.8564 -0.282001 0)
(1.82108 -0.23044 0)
(1.79681 -0.186822 0)
(1.78193 -0.150193 0)
(1.75644 -0.108779 0)
(1.73378 -0.0793585 0)
(1.70496 -0.0878418 0)
(1.6545 -0.141685 0)
(1.59796 -0.216023 0)
(1.53758 -0.303288 0)
(1.51061 -0.36629 0)
(1.50545 -0.357833 0)
(1.50613 -0.364034 0)
(1.50931 -0.386188 0)
(1.50921 -0.395329 0)
(1.51834 -0.394411 0)
(1.52019 -0.381811 0)
(1.51894 -0.354283 0)
(1.12793 0.604385 0)
(1.28387 0.548052 0)
(1.43767 0.436668 0)
(1.53428 0.375008 0)
(1.64185 0.278433 0)
(1.73397 0.111364 0)
(1.76949 0.0376155 0)
(1.78229 -0.00665655 0)
(1.83026 -0.114699 0)
(1.84888 -0.199534 0)
(1.86564 -0.209422 0)
(1.90004 -0.25406 0)
(1.91018 -0.323954 0)
(1.89961 -0.353866 0)
(1.88759 -0.361502 0)
(1.88157 -0.358145 0)
(1.86898 -0.347318 0)
(1.853 -0.317132 0)
(1.83214 -0.275609 0)
(1.80165 -0.235872 0)
(1.76109 -0.216879 0)
(1.69156 -0.262086 0)
(1.62545 -0.327731 0)
(1.58899 -0.345233 0)
(1.55797 -0.37663 0)
(1.53619 -0.388613 0)
(1.51971 -0.373601 0)
(1.51965 -0.367932 0)
(1.52026 -0.372035 0)
(1.52426 -0.376372 0)
(1.53383 -0.375682 0)
(1.53999 -0.366853 0)
(1.54194 -0.357198 0)
(1.10178 0.563304 0)
(1.22669 0.526361 0)
(1.357 0.451566 0)
(1.45511 0.393077 0)
(1.55145 0.319587 0)
(1.63949 0.193465 0)
(1.68351 0.126652 0)
(1.7127 0.0789247 0)
(1.77005 -0.0265306 0)
(1.79674 -0.115383 0)
(1.81385 -0.13391 0)
(1.85373 -0.189073 0)
(1.87515 -0.273553 0)
(1.87436 -0.309567 0)
(1.86558 -0.335594 0)
(1.87661 -0.363073 0)
(1.87866 -0.369669 0)
(1.88325 -0.367915 0)
(1.86663 -0.381071 0)
(1.82341 -0.404749 0)
(1.73137 -0.450787 0)
(1.61952 -0.538011 0)
(1.57244 -0.557274 0)
(1.55799 -0.522857 0)
(1.56337 -0.494792 0)
(1.54735 -0.455137 0)
(1.53141 -0.420003 0)
(1.5265 -0.396317 0)
(1.52716 -0.377923 0)
(1.53118 -0.372223 0)
(1.53923 -0.363964 0)
(1.54186 -0.354814 0)
(1.54195 -0.351939 0)
(1.08086 0.530657 0)
(1.18511 0.50447 0)
(1.29431 0.455777 0)
(1.38902 0.405755 0)
(1.48021 0.341071 0)
(1.55881 0.250826 0)
(1.60904 0.189739 0)
(1.65041 0.140435 0)
(1.70397 0.0569761 0)
(1.7388 -0.0176054 0)
(1.76287 -0.0546555 0)
(1.7982 -0.0988296 0)
(1.82584 -0.161094 0)
(1.83019 -0.191747 0)
(1.82098 -0.222417 0)
(1.83826 -0.269775 0)
(1.83836 -0.318135 0)
(1.8307 -0.384954 0)
(1.78461 -0.502608 0)
(1.74491 -0.574968 0)
(1.6547 -0.647515 0)
(1.61111 -0.694591 0)
(1.58809 -0.677521 0)
(1.58636 -0.638408 0)
(1.59269 -0.576425 0)
(1.57858 -0.513727 0)
(1.56279 -0.465176 0)
(1.54539 -0.428789 0)
(1.5327 -0.396092 0)
(1.53205 -0.367518 0)
(1.53741 -0.362023 0)
(1.54097 -0.362728 0)
(1.54197 -0.360507 0)
(1.06529 0.504764 0)
(1.15376 0.486228 0)
(1.24676 0.453019 0)
(1.33662 0.409002 0)
(1.41619 0.357977 0)
(1.49001 0.293599 0)
(1.54586 0.236557 0)
(1.59848 0.175719 0)
(1.64933 0.110615 0)
(1.6739 0.0713828 0)
(1.71096 0.0224622 0)
(1.75653 -0.0450668 0)
(1.78428 -0.0940522 0)
(1.79124 -0.116208 0)
(1.79332 -0.178459 0)
(1.77799 -0.254437 0)
(1.76144 -0.336876 0)
(1.72028 -0.459493 0)
(1.70654 -0.570636 0)
(1.63362 -0.638208 0)
(1.59884 -0.676048 0)
(1.59752 -0.695221 0)
(1.60136 -0.685332 0)
(1.61126 -0.676211 0)
(1.62448 -0.661346 0)
(1.62134 -0.643511 0)
(1.61277 -0.620901 0)
(1.59617 -0.586269 0)
(1.57363 -0.531033 0)
(1.56258 -0.471332 0)
(1.56791 -0.434415 0)
(1.57073 -0.403271 0)
(1.56298 -0.38743 0)
(1.05387 0.484285 0)
(1.13091 0.468721 0)
(1.21069 0.445332 0)
(1.29005 0.411495 0)
(1.36974 0.361427 0)
(1.43247 0.319138 0)
(1.48185 0.278562 0)
(1.54986 0.210986 0)
(1.60036 0.151245 0)
(1.63039 0.126107 0)
(1.66218 0.0885572 0)
(1.70954 0.0213794 0)
(1.725 -0.0271229 0)
(1.73635 -0.0825167 0)
(1.71618 -0.176667 0)
(1.69477 -0.276216 0)
(1.64227 -0.392366 0)
(1.63371 -0.480788 0)
(1.61243 -0.56566 0)
(1.59858 -0.597321 0)
(1.59516 -0.619058 0)
(1.59728 -0.619455 0)
(1.60434 -0.626781 0)
(1.61716 -0.638451 0)
(1.63026 -0.648002 0)
(1.63197 -0.654562 0)
(1.63064 -0.654298 0)
(1.62482 -0.645143 0)
(1.6188 -0.629728 0)
(1.61169 -0.597585 0)
(1.60277 -0.541574 0)
(1.59685 -0.486751 0)
(1.58835 -0.438337 0)
(1.04504 0.467452 0)
(1.11464 0.453947 0)
(1.18371 0.43578 0)
(1.25284 0.410525 0)
(1.32926 0.367542 0)
(1.38853 0.332867 0)
(1.43825 0.301536 0)
(1.50014 0.248583 0)
(1.55206 0.198161 0)
(1.58852 0.166989 0)
(1.62617 0.119121 0)
(1.64643 0.0586566 0)
(1.64293 -0.0180761 0)
(1.63894 -0.127478 0)
(1.62823 -0.245604 0)
(1.57692 -0.348388 0)
(1.564 -0.414603 0)
(1.56449 -0.475819 0)
(1.56692 -0.509206 0)
(1.57702 -0.532207 0)
(1.58927 -0.549282 0)
(1.59262 -0.556345 0)
(1.59248 -0.569798 0)
(1.59721 -0.589391 0)
(1.61008 -0.610783 0)
(1.61911 -0.629836 0)
(1.62645 -0.63841 0)
(1.63652 -0.639779 0)
(1.63715 -0.636037 0)
(1.63547 -0.628372 0)
(1.64037 -0.616727 0)
(1.64161 -0.602412 0)
(1.63668 -0.57071 0)
(1.03878 0.452687 0)
(1.10155 0.440998 0)
(1.16318 0.425558 0)
(1.22599 0.405674 0)
(1.29471 0.374638 0)
(1.35242 0.346289 0)
(1.40408 0.317817 0)
(1.46235 0.270514 0)
(1.50021 0.232612 0)
(1.53301 0.187404 0)
(1.56462 0.110765 0)
(1.55986 0.0078961 0)
(1.53297 -0.104327 0)
(1.54021 -0.200145 0)
(1.52782 -0.293263 0)
(1.51504 -0.350051 0)
(1.52178 -0.394361 0)
(1.53002 -0.419588 0)
(1.54169 -0.441353 0)
(1.55729 -0.462452 0)
(1.57062 -0.485388 0)
(1.57705 -0.498729 0)
(1.57765 -0.520236 0)
(1.58237 -0.549707 0)
(1.59084 -0.558564 0)
(1.60386 -0.572831 0)
(1.61752 -0.58896 0)
(1.63055 -0.606293 0)
(1.64099 -0.617819 0)
(1.64708 -0.611302 0)
(1.64901 -0.607759 0)
(1.65227 -0.607893 0)
(1.65695 -0.604234 0)
(1.03503 0.439401 0)
(1.09175 0.430838 0)
(1.14817 0.418736 0)
(1.20628 0.402464 0)
(1.26685 0.380383 0)
(1.32311 0.355003 0)
(1.37067 0.324891 0)
(1.41449 0.277975 0)
(1.44409 0.215662 0)
(1.44467 0.119077 0)
(1.47472 0.0135998 0)
(1.45909 -0.0858186 0)
(1.44364 -0.164871 0)
(1.45887 -0.226267 0)
(1.4713 -0.278494 0)
(1.48254 -0.316957 0)
(1.49593 -0.342383 0)
(1.50395 -0.361142 0)
(1.51625 -0.385084 0)
(1.53304 -0.411513 0)
(1.54767 -0.435959 0)
(1.55905 -0.458128 0)
(1.56648 -0.474553 0)
(1.56817 -0.492669 0)
(1.57537 -0.508634 0)
(1.58815 -0.520944 0)
(1.602 -0.535455 0)
(1.61499 -0.548179 0)
(1.6273 -0.561821 0)
(1.63789 -0.576976 0)
(1.64722 -0.581759 0)
(1.65217 -0.581897 0)
(1.65781 -0.582866 0)
(1.03468 0.429002 0)
(1.08547 0.42368 0)
(1.13736 0.41441 0)
(1.18943 0.400431 0)
(1.24289 0.378784 0)
(1.29029 0.345142 0)
(1.32339 0.286965 0)
(1.3427 0.204279 0)
(1.34559 0.113505 0)
(1.35454 0.0229432 0)
(1.38547 -0.0663392 0)
(1.38947 -0.124465 0)
(1.38914 -0.174094 0)
(1.41185 -0.210542 0)
(1.43457 -0.240797 0)
(1.45641 -0.267754 0)
(1.47312 -0.293723 0)
(1.48133 -0.314893 0)
(1.49118 -0.342051 0)
(1.50771 -0.369515 0)
(1.52327 -0.39229 0)
(1.53907 -0.415194 0)
(1.55134 -0.435658 0)
(1.55907 -0.449453 0)
(1.56279 -0.458554 0)
(1.57203 -0.472274 0)
(1.58717 -0.488941 0)
(1.60198 -0.505572 0)
(1.61585 -0.521297 0)
(1.6291 -0.53557 0)
(1.64133 -0.547564 0)
(1.65261 -0.555973 0)
(1.66344 -0.561022 0)
(1.03615 0.42149 0)
(1.08162 0.417675 0)
(1.1272 0.406789 0)
(1.16851 0.382801 0)
(1.2027 0.337323 0)
(1.22027 0.264816 0)
(1.23816 0.174161 0)
(1.26312 0.0931744 0)
(1.26673 0.0289133 0)
(1.28882 -0.0279426 0)
(1.32356 -0.0788556 0)
(1.34602 -0.114407 0)
(1.36281 -0.145027 0)
(1.37986 -0.174517 0)
(1.40361 -0.201395 0)
(1.42935 -0.229215 0)
(1.44925 -0.255646 0)
(1.4614 -0.279965 0)
(1.46778 -0.303898 0)
(1.4826 -0.331085 0)
(1.50124 -0.355424 0)
(1.51808 -0.37473 0)
(1.53418 -0.39505 0)
(1.54683 -0.412565 0)
(1.55632 -0.42277 0)
(1.56298 -0.431842 0)
(1.57176 -0.443471 0)
(1.58513 -0.456876 0)
(1.59967 -0.470919 0)
(1.61372 -0.482583 0)
(1.62749 -0.492951 0)
(1.64113 -0.504556 0)
(1.65454 -0.514285 0)
)
;

boundaryField
{
    inlet
    {
        type            fixedValue;
        value           uniform (1.5 0 0);
    }
    outlet
    {
        type            inletOutlet;
        inletValue      nonuniform 0();
        value           nonuniform 0();
    }
    bottom
    {
        type            symmetryPlane;
    }
    top
    {
        type            symmetryPlane;
    }
    obstacle
    {
        type            slip;
    }
    defaultFaces
    {
        type            empty;
    }
    procBoundary0to1
    {
        type            processor;
        value           nonuniform List<vector> 
14
(
(1.20359 -0.0646982 0)
(1.27397 -0.0457032 0)
(1.41542 -0.176324 0)
(1.50845 -0.312633 0)
(1.5392 -0.351296 0)
(1.53658 -0.351963 0)
(1.53852 -0.356737 0)
(1.55361 -0.370961 0)
(1.57696 -0.392989 0)
(1.62695 -0.524705 0)
(1.66096 -0.5942 0)
(1.66646 -0.585358 0)
(1.6723 -0.565399 0)
(1.66739 -0.522248 0)
)
;
    }
    procBoundary0to2
    {
        type            processor;
        value           nonuniform List<vector> 
58
(
(0.847165 0.374428 0)
(0.867036 0.384962 0)
(0.893044 0.392293 0)
(0.923456 0.400458 0)
(0.959014 0.408761 0)
(0.997513 0.413315 0)
(1.5 -4.58955e-17 0)
(1.5 6.12952e-17 0)
(1.5 1.34416e-16 0)
(1.5 -2.39305e-17 0)
(1.5 -4.13317e-17 0)
(1.5 7.64139e-11 0)
(1.49964 0.00261634 0)
(1.17373 0.195398 0)
(0.806854 0.250341 0)
(0.794138 0.269638 0)
(0.800629 0.284263 0)
(0.800454 0.294285 0)
(0.799303 0.302396 0)
(0.800732 0.311471 0)
(0.806113 0.321576 0)
(0.816547 0.332598 0)
(0.831317 0.344641 0)
(0.847165 0.374428 0)
(0.847044 0.358412 0)
(1.03624 0.412417 0)
(1.07222 0.400311 0)
(1.10059 0.366202 0)
(1.11513 0.301333 0)
(1.13277 0.229054 0)
(1.14325 0.154654 0)
(1.17199 0.0898313 0)
(1.20213 0.0373089 0)
(1.22064 -0.000229238 0)
(1.24947 -0.0295007 0)
(1.2854 -0.0609396 0)
(1.31656 -0.092362 0)
(1.33733 -0.117697 0)
(1.35275 -0.144932 0)
(1.37834 -0.173821 0)
(1.4032 -0.19999 0)
(1.42366 -0.221582 0)
(1.43939 -0.245861 0)
(1.45057 -0.275249 0)
(1.46141 -0.297914 0)
(1.47939 -0.318918 0)
(1.49885 -0.338746 0)
(1.51649 -0.356613 0)
(1.53233 -0.375049 0)
(1.54524 -0.389255 0)
(1.55483 -0.399085 0)
(1.5628 -0.409118 0)
(1.57274 -0.417969 0)
(1.58646 -0.429657 0)
(1.60222 -0.442518 0)
(1.61775 -0.454371 0)
(1.63292 -0.466412 0)
(1.64791 -0.47857 0)
)
;
    }
}


// ************************************************************************* //
