/*--------------------------------*- C++ -*----------------------------------*\
  =========                 |
  \\      /  F ield         | OpenFOAM: The Open Source CFD Toolbox
   \\    /   O peration     | Website:  https://openfoam.org
    \\  /    A nd           | Version:  7
     \\/     M anipulation  |
\*---------------------------------------------------------------------------*/
FoamFile
{
    version     2.0;
    format      ascii;
    class       volScalarField;
    location    "0.4";
    object      T;
}
// * * * * * * * * * * * * * * * * * * * * * * * * * * * * * * * * * * * * * //

dimensions      [0 0 0 1 0 0 0];

internalField   nonuniform List<scalar> 
16128
(
1
1
1
1
1
1
1
1
1
1
1
1
1
1
1
1
1
1
1
1
1
1
1
1
1
1
1
1.12975
1.49103
1.59352
1.59721
1.59922
1.60487
1.61366
1.62437
1.63674
1.64996
1.66349
1.67659
1.68896
1.70136
1.71386
1.72419
1.72915
1.72946
1.72692
1.72313
1.72122
1
1
1
1
1
1
1
1
1
1
1
1
1
1
1
1
1
1
1
1
1
1
1
1
1
1
1
1.1225
1.4863
1.59273
1.59675
1.59909
1.60502
1.61376
1.62422
1.63642
1.64959
1.66317
1.67627
1.68855
1.70087
1.71339
1.72378
1.72876
1.72901
1.72642
1.7226
1.72069
1
1
1
1
1
1
1
1
1
1
1
1
1
1
1
1
1
1
1
1
1
1
1
1
1
1
1
1.10754
1.47703
1.59209
1.59585
1.59822
1.60446
1.61318
1.6234
1.63534
1.6484
1.66202
1.67506
1.68717
1.69945
1.71219
1.72291
1.72808
1.72834
1.72575
1.72198
1.7201
1
1
1
1
1
1
1
1
1
1
1
1
1
1
1
1
1
1
1
1
1
1
1
1
1
1
1
1.0862
1.46326
1.59117
1.59475
1.59714
1.60366
1.61222
1.62197
1.63333
1.64607
1.65956
1.67241
1.68431
1.6967
1.71001
1.72145
1.72701
1.7273
1.72472
1.72101
1.71914
1
1
1
1
1
1
1
1
1
1
1
1
1
1
1
1
1
1
1
1
1
1
1
1
1
1
1
1.06088
1.44455
1.58948
1.59359
1.59606
1.60275
1.611
1.62006
1.63057
1.64277
1.65591
1.66832
1.6799
1.69246
1.70661
1.71911
1.72533
1.72577
1.7233
1.71977
1.71799
1
1
1
1
1
1
1
1
1
1
1
1
1
1
1
1
1
1
1
1
1
1
1
1
1
1
1
1.03453
1.41979
1.58643
1.59218
1.595
1.60178
1.60964
1.61784
1.62738
1.63894
1.65145
1.66304
1.67405
1.68674
1.70195
1.71586
1.72307
1.72383
1.72152
1.71822
1.71654
1
1
1
1
1
1
1
1
1
1
1
1
1
1
1
1
1
1
1
1
1
1
1
1
1
1
1
1.01227
1.38764
1.58094
1.59049
1.59388
1.60065
1.60807
1.61526
1.62393
1.63487
1.64646
1.65684
1.66689
1.6795
1.6958
1.71144
1.72002
1.72133
1.71926
1.71629
1.71477
1
1
1
1
1
1
1
1
1
1
1
1
1
1
1
1
1
1
1
1
1
1
1
1
1
1
1
1.0005
1.34615
1.5712
1.58849
1.59263
1.59925
1.60603
1.61219
1.62037
1.63079
1.64117
1.64999
1.6588
1.67107
1.68834
1.70585
1.71611
1.71813
1.71637
1.71374
1.71233
1
1
1
1
1
1
1
1
1
1
1
1
1
1
1
1
1
1
1
1
1
1
1
1
1
1
1
1
1.29195
1.55465
1.58631
1.59134
1.59744
1.60318
1.6086
1.61688
1.62674
1.63559
1.64263
1.65004
1.66169
1.67947
1.69865
1.71087
1.71394
1.71271
1.71055
1.7093
1
1
1
1
1
1
1
1
1
1
1
1
1
1
1
1
1
1
1
1
1
1
1
1
1
1
1
1
1.22344
1.52847
1.58428
1.59006
1.59483
1.59916
1.60483
1.6136
1.62249
1.62953
1.63475
1.64081
1.65166
1.6694
1.68986
1.70427
1.70867
1.70804
1.70627
1.70504
1
1
1
1
1
1
1
1
1
1
1
1
1
1
1
1
1
1
1
1
1
1
1
1
1
1
1
1
1.1436
1.4907
1.58293
1.58858
1.59064
1.59432
1.60155
1.61036
1.6177
1.62281
1.62641
1.63138
1.64112
1.65788
1.67869
1.69519
1.70168
1.70213
1.70083
1.69984
1
1
1
1
1
1
1
1
1
1
1
1
1
1
1
1
1
1
1
1
1
1
1
1
1
1
1
1
1.06452
1.44118
1.58232
1.58508
1.58512
1.5904
1.599
1.60665
1.61201
1.6153
1.61785
1.62216
1.63049
1.6453
1.66547
1.68391
1.69329
1.69515
1.69368
1.69207
1
1
1
1
1
1
1
1
1
1
1
1
1
1
1
1
1
1
1
1
1
1
1
1
1
1
1
1
1.00954
1.37777
1.57437
1.5788
1.58091
1.58836
1.59633
1.60188
1.6052
1.60724
1.60955
1.6134
1.61981
1.63159
1.64974
1.66922
1.68146
1.68515
1.68377
1.68254
1
1
1
1
1
1
1
1
1
1
1
1
1
1
1
1
1
1
1
1
1
1
1
1
1
1
1
1
1.00005
1.28938
1.5487
1.5726
1.5798
1.58681
1.59243
1.59554
1.59745
1.59936
1.60188
1.60488
1.60882
1.61682
1.63192
1.65186
1.66729
1.67318
1.67103
1.66606
1
1
1
1
1
1
1
1
1
1
1
1
1
1
1
1
1
1
1
1
1
1
1
1
1
1
1
1
1
1.17495
1.49985
1.5705
1.58047
1.58359
1.5862
1.58785
1.58985
1.59231
1.59454
1.59604
1.59736
1.60151
1.6128
1.63124
1.64749
1.65302
1.64933
1.64357
1
1
1
1
1
1
1
1
1
1
1
1
1
1
1
1
1
1
1
1
1
1
1
1
1
1
1
1
1
1.06275
1.43154
1.57085
1.57974
1.57726
1.57869
1.58065
1.58333
1.58574
1.58675
1.58633
1.58529
1.58632
1.59309
1.60763
1.62279
1.62988
1.62959
1.63264
1
1
1
1
1
1
1
1
1
1
1
1
1
1
1
1
1
1
1
1
1
1
1
1
1
1
1
1
1
1.00262
1.34224
1.55674
1.5738
1.57043
1.57207
1.57497
1.57758
1.57882
1.57828
1.57593
1.57294
1.57162
1.57414
1.5829
1.59222
1.59313
1.57043
1.50721
1
1
1
1
1
1
1
1
1
1
1
1
1
1
1
1
1
1
1
1
1
1
1
1
1
1
1
1
1
1.00001
1.21241
1.51306
1.56582
1.56599
1.56761
1.56988
1.57124
1.57117
1.56921
1.56542
1.56113
1.55736
1.55567
1.55682
1.55822
1.55036
1.52454
1.42752
1
1
1
1
1
1
1
1
1
1
1
1
1
1
1
1
1
1
1
1
1
1
1
1
1
1
1
1
1
1
1.07032
1.43291
1.5602
1.56313
1.56267
1.5638
1.56409
1.56294
1.55987
1.55553
1.55032
1.544
1.53769
1.53175
1.52525
1.5118
1.47591
1.37673
1
1
1
1
1
1
1
1
1
1
1
1
1
1
1
1
1
1
1
1
1
1
1
1
1
1
1
1
1
1
1.00282
1.31783
1.53881
1.55918
1.55719
1.55752
1.55668
1.55427
1.55076
1.54614
1.53997
1.53142
1.52095
1.5095
1.49591
1.47734
1.4367
1.36034
1
1
1
1
1
1
1
1
1
1
1
1
1
1
1
1
1
1
1
1
1
1
1
1
1
1
1
1
1
1
1.00001
1.15569
1.47955
1.55639
1.55229
1.55026
1.54882
1.54587
1.54208
1.53677
1.52932
1.51924
1.50644
1.49139
1.47319
1.44982
1.40782
1.34855
1
1
1
1
1
1
1
1
1
1
1
1
1
1
1
1
1
1
1
1
1
1
1
1
1
1
1
1
1
1
1
1.01834
1.37057
1.54128
1.54785
1.54324
1.54168
1.53825
1.53348
1.52691
1.51833
1.50752
1.49396
1.47717
1.45636
1.42873
1.38935
1.34235
1
1
1
1
1
1
1
1
1
1
1
1
1
1
1
1
1
1
1
1
1
1
1
1
1
1
1
1
1
1
1
1.00023
1.19991
1.49143
1.54574
1.53894
1.53524
1.53091
1.52463
1.51698
1.50787
1.49682
1.48318
1.46585
1.44356
1.4143
1.37833
1.33824
1
1
1
1
1
1
1
1
1
1
1
1
1
1
1
1
1
1
1
1
1
1
1
1
1
1
1
1
1
1
1
1
1.03102
1.38089
1.53186
1.53575
1.52934
1.52367
1.51631
1.50785
1.49824
1.48694
1.47336
1.45621
1.43375
1.40568
1.37201
1.33585
1
1
1
1
1
1
1
1
1
1
1
1
1
1
1
1
1
1
1
1
1
1
1
1
1
1
1
1
1
1
1
1
1.00055
1.19561
1.47961
1.53334
1.52488
1.51701
1.50884
1.49951
1.48938
1.47763
1.46371
1.44666
1.42538
1.3997
1.36906
1.33662
1
1
1
1
1
1
1
1
1
1
1
1
1
1
1
1
1
1
1
1
1
1
1
1
1
1
1
1
1
1
1
1
1
1.02377
1.35337
1.51464
1.52187
1.51177
1.50335
1.49249
1.48137
1.46907
1.45457
1.43774
1.41806
1.39492
1.36806
1.33892
1
1
1
1
1
1
1
1
1
1
1
1
1
1
1
1
1
1
1
1
1
1
1
1
1
1
1
1
1
1
1
1
1
1.00039
1.14367
1.44483
1.51669
1.50825
1.49712
1.48728
1.47487
1.46187
1.4468
1.43033
1.41191
1.39071
1.36697
1.34104
1
1
1
1
1
1
1
1
1
1
1
1
1
1
1
1
1
1
1
1
1
1
1
1
1
1
1
1
1
1
1
1
1
1
1.01071
1.28017
1.48457
1.5059
1.49325
1.4828
1.46996
1.45635
1.44101
1.42483
1.40703
1.38726
1.36584
1.34231
1
1
1
1
1
1
1
1
1
1
1
1
1
1
1
1
1
1
1
1
1
1
1
1
1
1
1
1
1
1
1
1
1
1
1.00009
1.06092
1.37436
1.49128
1.49147
1.47795
1.46655
1.45253
1.43727
1.42112
1.40349
1.3847
1.36492
1.34305
1
1
1
1
1
1
1
1
1
1
1
1
1
1
1
1
1
1
1
1
1
1
1
1
1
1
1
1
1
1
1
1
1
1
1
1.00192
1.15718
1.42372
1.48366
1.47552
1.46221
1.44967
1.43477
1.41901
1.40154
1.38317
1.36432
1.34364
1
1
1
1
1
1
1
1
1
1
1
1
1
1
1
1
1
1
1
1
1
1
1
1
1
1
1
1
1
1
1
1
1
1
1
1.00001
1.01301
1.24355
1.44414
1.47003
1.45798
1.44566
1.4324
1.41703
1.40041
1.38323
1.36488
1.34468
1
1
1
1
1
1
1
1
1
1
1
1
1
1
1
1
1
1
1
1
1
1
1
1
1
1
1
1
1
1
1
1
1
1
1
1
1.00013
1.04028
1.30224
1.44514
1.45399
1.44051
1.42824
1.41456
1.39925
1.38293
1.36515
1.3459
1
1
1
1
1
1
1
1
1
1
1
1
1
1
1
1
1
1
1
1
1
1
1
1
1
1
1
1
1
1
1
1
1
1
1
1
1
1.00093
1.07808
1.33369
1.4371
1.43555
1.423
1.40995
1.39625
1.38182
1.36522
1.34711
1
1
1
1
1
1
1
1
1
1
1
1
1
1
1
1
1
1
1
1
1
1
1
1
1
1
1
1
1
1
1
1
1
1
1
1
1
1
1.00332
1.11402
1.34828
1.42115
1.41724
1.40556
1.39274
1.37949
1.36448
1.34791
1
1
1
1
1
1
1
1
1
1
1
1
1
1
1
1
1
1
1
1
1
1
1
1
1
1
1
1
1
1
1
1
1
1
1
1
1
1
1.00002
1.00734
1.14122
1.34847
1.40251
1.39818
1.3886
1.37641
1.36284
1.34692
1
1
1
1
1
1
1
1
1
1
1
1
1
1
1
1
1
1
1
1
1
1
1
1
1
1
1
1
1
1
1
1
1
1
1
1
1
1
1
1.00006
1.0122
1.1538
1.3391
1.38354
1.38072
1.37219
1.35967
1.34462
1
1
1
1
1
1
1
1
1
1
1
1
1
1
1
1
1
1
1
1
1
1
1
1
1
1
1
1
1
1
1
1
1
1
1
1
1
1
1
1
1.00014
1.01561
1.15492
1.31674
1.3706
1.36659
1.35483
1.3412
1
1
1
1
1
1
1
1
1
1
1
1
1
1
1
1
1
1
1
1
1
1
1
1
1
1
1
1
1
1
1
1
1
1
1
1
1
1
1
1
1
1.00022
1.0169
1.14043
1.2952
1.35075
1.35251
1.33917
1
1
1
1
1
1
1
1
1
1
1
1
1
1
1
1
1
1
1
1
1
1
1
1
1
1
1
1
1
1
1
1
1
1
1
1
1
1
1
1
1
1
1.00027
1.01465
1.12137
1.26872
1.33237
1.33272
1
1
1
1
1
1
1
1
1
1
1
1
1
1
1
1
1
1
1
1
1
1
1
1
1
1
1
1
1
1
1
1
1
1
1
1
1
1
1
1
1
1
1
1.00023
1.01128
1.09789
1.23408
1.30562
1
1
1
1
1
1
1
1
1
1
1
1
1
1
1
1
1
1
1
1
1
1
1
1
1
1
1
1
1
1
1
1
1
1
1
1
1
1
1
1
1
1
1
1
1.00015
1.00744
1.06844
1.19303
1
1
1
1
1
1
1
1
1
1
1
1
1
1
1
1
1
1
1
1
1
1
1
1
1
1
1
1
1
1
1
1
1
1
1
1
1
1
1
1
1
1
1
1
1
1.00008
1.00379
1.04284
1
1
1
1
1
1
1
1
1
1
1
1
1
1
1
1
1
1
1
1
1
1
1
1
1
1
1
1
1
1
1
1
1
1
1
1
1
1
1
1
1
1
1
1
1
1
1.00003
1.00166
1
1
1
1
1
1
1
1
1
1
1
1
1
1
1
1
1
1
1
1
1
1
1
1
1
1
1
1
1
1
1
1
1
1
1
1
1
1
1
1
1
1
1
1
1
1
1
1.00001
1
1
1
1
1
1
1
1
1
1
1
1
1
1
1
1
1
1
1
1
1
1
1
1
1
1
1
1
1
1
1
1
1
1
1
1
1
1
1
1
1
1
1
1
1
1
1
1
1
1
1
1
1
1
1
1
1
1
1
1
1
1
1
1
1
1
1
1
1
1
1
1
1
1
1
1
1
1
1
1
1
1
1
1
1
1
1
1
1
1
1
1
1
1
1
1
1
1
1
1
1
1
1
1
1
1
1
1
1
1
1
1
1
1
1
1
1
1
1
1
1
1
1
1
1
1
1
1
1
1
1
1
1
1
1
1
1
1
1
1
1
1
1
1
1
1
1
1
1
1
1
1
1
1
1
1
1
1
1
1
1
1
1
1
1
1
1
1
1
1
1
1
1
1
1
1
1
1
1
1
1
1
1
1
1
1
1
1
1
1
1
1
1
1
1
1
1
1
1
1
1
1
1
1
1
1
1
1
1
1
1
1
1
1
1
1
1
1
1
1
1
1
1
1
1
1
1
1
1
1
1
1
1
1
1
1
1
1
1
1
1
1
1
1
1
1
1
1
1
1
1
1
1
1
1
1
1
1
1
1
1
1
1
1
1
1
1
1
1
1
1
1
1
1
1
1
1
1
1
1
1
1
1
1
1
1
1
1
1
1
1
1
1
1
1
1
1
1
1
1
1
1
1
1
1
1
1
1
1
1
1
1
1
1
1
1
1
1
1
1
1
1
1
1
1
1
1
1
1
1
1
1
1
1
1
1
1
1
1
1
1
1
1
1
1
1
1
1
1
1
1
1
1
1
1
1
1
1
1
1
1
1
1
1
1
1
1
1
1
1
1
1
1
1
1
1
1
1
1
1
1
1
1
1
1
1
1
1
1
1
1
1
1
1
1
1
1
1
1
1
1
1
1
1
1
1
1
1
1
1
1
1
1
1
1
1
1
1
1
1
1
1
1
1
1
1
1
1
1
1
1
1
1
1
1
1
1
1
1
1
1
1
1
1
1
1
1
1
1
1
1
1
1
1
1
1
1
1
1
1
1
1
1
1
1
1
1
1
1
1
1
1
1
1
1
1
1
1
1
1
1
1
1
1
1
1
1
1
1
1
1
1
1
1
1
1
1
1
1
1
1
1
1
1
1
1
1
1
1
1
1
1
1
1
1
1
1
1
1
1
1
1
1
1
1
1
1
1
1
1
1
1
1
1
1
1
1
1
1
1
1
1
1
1
1
1
1
1
1
1
1
1
1
1
1
1
1
1
1
1
1
1
1
1
1
1
1
1
1
1
1
1
1
1
1
1
1
1
1
1
1
1
1
1
1
1
1
1
1
1
1
1
1
1
1
1
1
1
1
1
1
1
1
1
1
1
1
1
1
1
1
1
1
1
1
1
1
1
1
1
1
1
1
1
1
1
1
1
1
1
1
1
1
1
1
1
1
1
1
1
1
1
1
1
1
1
1
1
1
1
1
1
1
1
1
1
1
1
1
1
1
1
1
1
1
1
1
1
1
1
1
1
1
1
1
1
1
1
1
1
1
1
1
1
1
1
1
1
1
1
1
1
1
1
1
1
1
1
1
1
1
1
1
1
1
1
1
1
1
1
1
1
1
1
1
1
1
1
1
1
1
1
1
1
1
1
1
1
1
1
1
1
1
1
1
1
1
1
1
1
1
1
1
1
1
1
1
1
1
1
1
1
1
1
1
1
1
1
1
1
1
1
1
1
1
1
1
1
1
1
1
1
1
1
1
1
1
1
1
1
1
1
1
1
1
1
1
1
1
1
1
1
1
1
1
1
1
1
1
1
1
1
1
1
1
1
1
1
1
1
1
1
1
1
1
1
1
1
1
1
1
1
1
1
1
1
1
1
1
1
1
1
1
1
1
1
1
1
1
1
1
1
1
1
1
1
1
1
1
1
1
1
1
1
1
1
1
1
1
1
1
1
1
1
1
1
1
1
1
1
1
1
1
1
1
1
1
1
1
1
1
1
1
1
1
1
1
1
1
1
1
1
1
1
1
1
1
1
1
1
1
1
1
1
1
1
1
1
1
1
1
1
1
1
1
1
1
1
1
1
1
1
1
1
1
1
1
1
1
1
1
1
1
1
1
1
1
1
1
1
1
1
1
1
1
1
1
1
1
1
1
1
1
1
1
1
1
1
1
1
1
1
1
1
1
1
1
1
1
1
1
1
1
1
1
1
1
1
1
1
1
1
1
1
1
1
1
1
1
1
1
1
1
1
1
1
1
1
1
1
1
1
1
1
1
1
1
1
1
1
1
1
1
1
1
1
1
1
1
1
1
1
1
1
1
1
1
1
1
1
1
1
1
1
1
1
1
1
1
1
1
1
1
1
1
1
1
1
1
1
1
1
1
1
1
1
1
1
1
1
1
1
1
1
1
1
1
1
1
1
1
1
1
1
1
1
1
1
1
1
1
1
1
1
1
1
1
1
1
1
1
1
1
1
1
1
1
1
1
1
1
1
1
1
1
1
1
1
1
1
1
1
1
1
1
1
1
1
1
1
1
1
1
1
1
1
1
1
1
1
1
1
1
1
1
1
1
1
1
1
1
1
1
1
1
1
1
1
1
1
1
1
1
1
1
1
1
1
1
1
1
1
1
1
1
1
1
1
1
1
1
1
1
1
1
1
1
1
1
1
1
1
1
1
1
1
1
1
1
1
1
1
1
1
1
1
1
1
1
1
1
1
1
1
1
1
1
1
1
1
1
1
1
1
1
1
1
1
1
1
1
1
1
1
1
1
1
1
1
1
1
1
1
1
1
1
1
1
1
1
1
1
1
1
1
1
1
1
1
1
1
1
1
1
1
1
1
1
1
1
1
1
1
1
1
1
1
1
1
1
1
1
1
1
1
1
1
1
1
1
1
1
1
1
1
1
1
1
1
1
1
1
1
1
1
1
1
1
1
1
1
1
1
1
1
1
1
1
1
1
1
1
1
1
1
1
1
1
1
1
1
1
1
1
1
1
1
1
1
1
1
1
1
1
1
1
1
1
1
1
1
1
1
1
1
1
1
1
1
1
1
1
1
1
1
1
1
1
1
1
1
1
1
1
1
1
1
1
1
1
1
1
1
1
1
1
1
1
1
1
1
1
1
1
1
1
1
1
1
1
1
1
1
1
1
1
1
1
1
1
1
1
1
1
1
1
1
1
1
1
1
1
1
1
1
1
1
1
1
1
1
1
1
1
1
1
1
1
1
1
1
1
1
1
1
1
1
1
1
1
1
1
1
1
1
1
1
1
1
1
1
1
1
1
1
1
1
1
1
1
1
1
1
1
1
1
1
1
1
1
1
1
1
1
1
1
1
1
1
1
1
1
1
1
1
1
1
1
1
1
1
1
1
1
1
1
1
1
1
1
1
1
1
1
1
1
1
1
1
1
1
1
1
1
1
1
1
1
1
1
1
1
1
1
1
1
1
1
1
1
1
1
1
1
1
1
1
1
1
1
1
1
1
1
1
1
1
1
1
1
1
1
1
1
1
1
1
1
1
1
1
1
1
1
1
1
1
1
1
1
1
1
1
1
1
1
1
1
1
1
1
1
1
1
1
1
1
1
1
1
1
1
1
1
1
1
1
1
1
1
1
1
1
1
1
1
1
1
1
1
1
1
1
1
1
1
1
1
1
1
1
1
1
1
1
1
1
1
1
1
1
1
1
1
1
1
1
1
1
1
1
1
1
1
1
1
1
1
1
1
1
1
1
1
1
1
1
1
1
1
1
1
1
1
1
1
1
1
1
1
1
1
1
1
1
1
1
1
1
1
1
1
1
1
1
1
1
1
1
1
1
1
1
1
1
1
1
1
1
1
1
1
1
1
1
1
1
1
1
1
1
1
1
1
1
1
1
1
1
1
1
1
1
1
1
1
1
1
0.983813
0.614197
0.424607
0.482699
0.685471
0.765706
0.809181
0.853246
0.867856
0.884557
0.93919
1.0194
1.14263
1.25151
1.26591
1.28523
1.28789
1.2947
1.30378
1.31903
1.32307
1.32127
1.31082
1.29757
1.28714
1.28618
1.28838
1.28435
1.27187
1.25695
1.23953
1.22256
1.21268
1.21064
1.20867
1.20167
1.19243
1.18336
1.17163
1.15544
1.13343
1.10386
1.06626
1.02944
1.00784
1.00145
1.00005
0.99956
0.999844
1.0021
1.00455
1.00434
1.00413
1.00393
1.00385
1.00382
1.00426
1.00578
1.00685
1.00681
1.0065
1.00603
1.00527
1.00419
1.00327
1.00297
1.00293
1.00291
1.00291
1.00298
1.00336
1.00437
1.00563
1.00603
1.00607
1.00604
1.00574
1.00472
1.00259
1.00056
1.00002
1
1
1
1
1
1
1
1
1
1
1
1
1
1
1
1
1
1
1
1
1
1
1
1
1
1
1
1
1
1
1
1
1
1
1
1
1
1
1
1
1
1
1
1
1
1
1
1
1
1
1
1
1
1
1
1
1
1
1
1
1
1
1
1
1
1
1
1
1
1
1
1
1
1
1
1
1
1
1
1
1
1
1
1
1
1
1
1
1
1
1
1
1
1
1
1
1
1
1
1
1
1
1
1
1
1
1
1
1
1
1
1.14577
0.954619
0.777899
0.715368
0.742482
0.761674
0.750575
0.727492
0.729643
0.756043
0.798004
0.849534
0.925154
1.0594
1.15665
1.21444
1.25155
1.2664
1.28038
1.29408
1.30102
1.30134
1.29658
1.28665
1.27603
1.27011
1.26932
1.2679
1.26156
1.25044
1.23551
1.21869
1.20506
1.19837
1.19533
1.1904
1.18251
1.17334
1.16202
1.14691
1.12558
1.09648
1.06305
1.03162
1.00924
1.00012
0.998116
0.997676
0.997999
1.00023
1.00315
1.00319
1.00315
1.00318
1.00321
1.00326
1.00386
1.00542
1.00658
1.0066
1.00631
1.00588
1.00517
1.00413
1.00323
1.00293
1.00289
1.00288
1.0029
1.00302
1.00344
1.00446
1.00566
1.00605
1.00609
1.00607
1.00577
1.00469
1.00251
1.00051
1.00002
1
1
1
1
1
1
1
1
1
1
1
1
1
1
1
1
1
1
1
1
1
1
1
1
1
1
1
1
1
1
1
1
1
1
1
1
1
1
1
1
1
1
1
1
1
1
1
1
1
1
1
1
1
1
1
1
1
1
1
1
1
1
1
1
1
1
1
1
1
1
1
1
1
1
1
1
1
1
1
1
1
1
1
1
1
1
1
1
1
1
1
1
1
1
1
1
1
1
1
1
1
1
1
1
1
1
1
1
1
1
1
1.20343
1.09459
0.995887
0.87045
0.821327
0.819614
0.801405
0.766007
0.761385
0.76492
0.765777
0.777674
0.79816
0.855076
0.977446
1.09026
1.17941
1.21594
1.23096
1.23584
1.24047
1.24606
1.2498
1.24856
1.24468
1.23825
1.23082
1.22604
1.22247
1.21767
1.21045
1.20023
1.1875
1.17559
1.16794
1.16206
1.15609
1.14955
1.14087
1.128
1.11029
1.08765
1.06063
1.03381
1.01407
1.00426
1.00073
0.999519
0.999604
1.00159
1.00429
1.00429
1.00401
1.00375
1.00374
1.00377
1.00437
1.00585
1.00685
1.00682
1.00651
1.00603
1.00527
1.0042
1.0033
1.003
1.00295
1.00293
1.00293
1.00305
1.0035
1.00459
1.00576
1.00608
1.00611
1.00607
1.00572
1.00459
1.00235
1.00044
1.00001
1
1
1
1
1
1
1
1
1
1
1
1
1
1
1
1
1
1
1
1
1
1
1
1
1
1
1
1
1
1
1
1
1
1
1
1
1
1
1
1
1
1
1
1
1
1
1
1
1
1
1
1
1
1
1
1
1
1
1
1
1
1
1
1
1
1
1
1
1
1
1
1
1
1
1
1
1
1
1
1
1
1
1
1
1
1
1
1
1
1
1
1
1
1
1
1
1
1
1
1
1
1
1
1
1
1
1
1
1
1
1
1.2418
1.15406
1.09256
1.01012
0.921476
0.901998
0.884971
0.847454
0.834136
0.83374
0.817553
0.790294
0.782015
0.787275
0.826102
0.930729
1.0458
1.14138
1.16958
1.17148
1.17163
1.17952
1.18841
1.19191
1.19131
1.18673
1.17948
1.17428
1.17112
1.16875
1.16624
1.1611
1.15134
1.14013
1.13098
1.12382
1.11778
1.11202
1.10509
1.09603
1.08473
1.07059
1.05299
1.03341
1.01692
1.00623
1.0012
0.999519
0.999553
1.0018
1.00444
1.00453
1.00426
1.00374
1.00369
1.00372
1.00443
1.00602
1.00689
1.00683
1.00655
1.00606
1.00526
1.00417
1.00328
1.00299
1.00295
1.00294
1.00297
1.00313
1.00366
1.00483
1.0059
1.00614
1.00616
1.00611
1.00571
1.00444
1.00211
1.00034
1.00001
1
1
1
1
1
1
1
1
1
1
1
1
1
1
1
1
1
1
1
1
1
1
1
1
1
1
1
1
1
1
1
1
1
1
1
1
1
1
1
1
1
1
1
1
1
1
1
1
1
1
1
1
1
1
1
1
1
1
1
1
1
1
1
1
1
1
1
1
1
1
1
1
1
1
1
1
1
1
1
1
1
1
1
1
1
1
1
1
1
1
1
1
1
1
1
1
1
1
1
1
1
1
1
1
1
1
1
1
1
1
1
1.26787
1.19581
1.14508
1.0893
1.01064
0.971214
0.955184
0.920907
0.89201
0.884955
0.869645
0.838071
0.817609
0.817488
0.823288
0.843239
0.910529
1.03335
1.09661
1.11884
1.12466
1.13127
1.13984
1.14427
1.14346
1.13808
1.13144
1.12754
1.12543
1.125
1.1252
1.12187
1.11435
1.10613
1.09798
1.09073
1.08441
1.07832
1.0717
1.06399
1.05578
1.04766
1.0386
1.02821
1.01616
1.00601
1.00118
0.999813
1.00013
1.00265
1.00466
1.00468
1.00425
1.00356
1.00347
1.00362
1.00465
1.00631
1.00695
1.00687
1.00658
1.00607
1.00525
1.00413
1.00325
1.003
1.00296
1.00296
1.00301
1.00323
1.00389
1.00515
1.00607
1.00621
1.00623
1.00615
1.00565
1.00422
1.0018
1.00024
1
1
1
1
1
1
1
1
1
1
1
1
1
1
1
1
1
1
1
1
1
1
1
1
1
1
1
1
1
1
1
1
1
1
1
1
1
1
1
1
1
1
1
1
1
1
1
1
1
1
1
1
1
1
1
1
1
1
1
1
1
1
1
1
1
1
1
1
1
1
1
1
1
1
1
1
1
1
1
1
1
1
1
1
1
1
1
1
1
1
1
1
1
1
1
1
1
1
1
1
1
1
1
1
1
1
1
1
1
1
1
1
1.28351
1.22357
1.17918
1.13806
1.07714
1.02039
1.00425
0.980488
0.945833
0.932585
0.919004
0.889873
0.86547
0.860571
0.852731
0.848172
0.856887
0.905698
1.00031
1.06082
1.08874
1.10521
1.1123
1.11356
1.11021
1.10208
1.09727
1.09418
1.09263
1.0935
1.09437
1.09093
1.08467
1.07909
1.07262
1.06586
1.05934
1.05328
1.04686
1.03932
1.03206
1.02684
1.02302
1.01833
1.011
1.00456
1.00137
1.00062
1.00134
1.00379
1.00468
1.00453
1.00389
1.00325
1.00322
1.00365
1.005
1.00657
1.00698
1.00689
1.00662
1.00612
1.00527
1.00409
1.00322
1.003
1.00298
1.00299
1.00308
1.00339
1.00421
1.00553
1.00623
1.00631
1.00633
1.00619
1.00557
1.0039
1.00143
1.00014
1
1
1
1
1
1
1
1
1
1
1
1
1
1
1
1
1
1
1
1
1
1
1
1
1
1
1
1
1
1
1
1
1
1
1
1
1
1
1
1
1
1
1
1
1
1
1
1
1
1
1
1
1
1
1
1
1
1
1
1
1
1
1
1
1
1
1
1
1
1
1
1
1
1
1
1
1
1
1
1
1
1
1
1
1
1
1
1
1
1
1
1
1
1
1
1
1
1
1
1
1
1
1
1
1
1
1
1
1
1
1
1
1.29117
1.24069
1.19897
1.16549
1.12111
1.06386
1.0396
1.0234
0.990759
0.97091
0.95811
0.932282
0.901827
0.891181
0.885588
0.871072
0.862525
0.870948
0.901375
0.97349
1.04016
1.0797
1.09511
1.09502
1.08948
1.07883
1.07463
1.07251
1.07236
1.07453
1.07414
1.06956
1.06429
1.06001
1.05457
1.04853
1.04301
1.03797
1.03183
1.02476
1.01897
1.01537
1.01246
1.00875
1.00526
1.00257
1.00156
1.00155
1.00279
1.00442
1.00458
1.00421
1.00337
1.00304
1.00319
1.00395
1.00544
1.00673
1.00696
1.00691
1.00667
1.00618
1.00526
1.00401
1.0032
1.00302
1.00301
1.00305
1.00318
1.00361
1.00464
1.00593
1.00638
1.00643
1.00643
1.00622
1.00541
1.00346
1.00103
1.00007
1
1
1
1
1
1
1
1
1
1
1
1
1
1
1
1
1
1
1
1
1
1
1
1
1
1
1
1
1
1
1
1
1
1
1
1
1
1
1
1
1
1
1
1
1
1
1
1
1
1
1
1
1
1
1
1
1
1
1
1
1
1
1
1
1
1
1
1
1
1
1
1
1
1
1
1
1
1
1
1
1
1
1
1
1
1
1
1
1
1
1
1
1
1
1
1
1
1
1
1
1
1
1
1
1
1
1
1
1
1
1
1
1.29615
1.25266
1.21373
1.18416
1.15018
1.10104
1.06859
1.05583
1.03006
1.00228
0.987756
0.964211
0.932748
0.920449
0.917351
0.905714
0.891702
0.882417
0.884083
0.898659
0.959365
1.03311
1.07602
1.07915
1.07553
1.06509
1.05927
1.05802
1.0594
1.06154
1.05969
1.05503
1.05051
1.04679
1.04184
1.03666
1.03251
1.0285
1.023
1.0174
1.01365
1.01073
1.00715
1.00434
1.00226
1.00156
1.00148
1.00184
1.00327
1.00426
1.00431
1.0038
1.00325
1.00324
1.00365
1.00451
1.00583
1.00678
1.00695
1.00693
1.00674
1.00623
1.00519
1.00386
1.00316
1.00307
1.00308
1.00315
1.00337
1.00397
1.0052
1.0063
1.00653
1.00657
1.00653
1.00622
1.00516
1.0029
1.00065
1.00003
1
1
1
1
1
1
1
1
1
1
1
1
1
1
1
1
1
1
1
1
1
1
1
1
1
1
1
1
1
1
1
1
1
1
1
1
1
1
1
1
1
1
1
1
1
1
1
1
1
1
1
1
1
1
1
1
1
1
1
1
1
1
1
1
1
1
1
1
1
1
1
1
1
1
1
1
1
1
1
1
1
1
1
1
1
1
1
1
1
1
1
1
1
1
1
1
1
1
1
1
1
1
1
1
1
1
1
1
1
1
1
1
1.30214
1.26446
1.22805
1.20006
1.17223
1.13234
1.09359
1.07875
1.05897
1.02913
1.011
0.990254
0.959555
0.944832
0.942482
0.935344
0.920159
0.906429
0.885681
0.884977
0.902528
0.961851
1.03566
1.06274
1.06165
1.05555
1.04851
1.04714
1.04936
1.05035
1.04811
1.04414
1.04049
1.03691
1.03253
1.02855
1.02575
1.02211
1.01689
1.01271
1.00998
1.00692
1.00419
1.00232
1.00093
1.00069
1.00085
1.0016
1.00309
1.00392
1.00409
1.00372
1.00352
1.00384
1.00439
1.00515
1.00614
1.00685
1.00701
1.007
1.00681
1.00623
1.00502
1.00368
1.00316
1.00312
1.00316
1.00328
1.00362
1.00447
1.00584
1.00661
1.00671
1.00673
1.00664
1.00616
1.00475
1.00221
1.00034
1.00001
1
1
1
1
1
1
1
1
1
1
1
1
1
1
1
1
1
1
1
1
1
1
1
1
1
1
1
1
1
1
1
1
1
1
1
1
1
1
1
1
1
1
1
1
1
1
1
1
1
1
1
1
1
1
1
1
1
1
1
1
1
1
1
1
1
1
1
1
1
1
1
1
1
1
1
1
1
1
1
1
1
1
1
1
1
1
1
1
1
1
1
1
1
1
1
1
1
1
1
1
1
1
1
1
1
1
1
1
1
1
1
1
1.30861
1.27598
1.24201
1.21391
1.18879
1.15524
1.11556
1.09564
1.0797
1.05132
1.0294
1.01363
0.988671
0.96929
0.96432
0.958404
0.943104
0.927366
0.910313
0.894878
0.898893
0.917671
0.972785
1.0322
1.04743
1.04616
1.04034
1.03854
1.04015
1.04007
1.03809
1.03526
1.03231
1.02885
1.02523
1.02261
1.02039
1.016
1.01102
1.0081
1.00611
1.00394
1.00231
1.00109
1.00026
1.00015
1.00039
1.00138
1.00279
1.00351
1.00383
1.00392
1.00413
1.00459
1.0051
1.00565
1.00635
1.00698
1.00717
1.00716
1.00691
1.00614
1.0047
1.0035
1.00322
1.00324
1.00331
1.0035
1.00401
1.00515
1.00644
1.00685
1.0069
1.00691
1.00673
1.006
1.00414
1.00147
1.00013
1
1
1
1
1
1
1
1
1
1
1
1
1
1
1
1
1
1
1
1
1
1
1
1
1
1
1
1
1
1
1
1
1
1
1
1
1
1
1
1
1
1
1
1
1
1
1
1
1
1
1
1
1
1
1
1
1
1
1
1
1
1
1
1
1
1
1
1
1
1
1
1
1
1
1
1
1
1
1
1
1
1
1
1
1
1
1
1
1
1
1
1
1
1
1
1
1
1
1
1
1
1
1
1
1
1
1
1
1
1
1
1
1
1.3139
1.28517
1.25337
1.2246
1.20059
1.17162
1.13477
1.11013
1.09643
1.07311
1.04732
1.03444
1.01665
0.993452
0.983482
0.976786
0.962627
0.943684
0.932085
0.917781
0.90606
0.911449
0.931523
0.983263
1.02444
1.03591
1.03385
1.03197
1.03202
1.0309
1.02932
1.02743
1.02499
1.02235
1.01991
1.01792
1.01515
1.01032
1.00632
1.00433
1.00301
1.00186
1.00103
1.00033
1.00006
1.00008
1.00046
1.00161
1.00306
1.00397
1.00455
1.00482
1.0048
1.00498
1.00527
1.00567
1.00633
1.00707
1.00732
1.00733
1.00703
1.00598
1.00434
1.00342
1.00335
1.0034
1.00352
1.00384
1.00461
1.00597
1.00692
1.00708
1.00711
1.00707
1.00674
1.00566
1.00329
1.00079
1.00004
1
1
1
1
1
1
1
1
1
1
1
1
1
1
1
1
1
1
1
1
1
1
1
1
1
1
1
1
1
1
1
1
1
1
1
1
1
1
1
1
1
1
1
1
1
1
1
1
1
1
1
1
1
1
1
1
1
1
1
1
1
1
1
1
1
1
1
1
1
1
1
1
1
1
1
1
1
1
1
1
1
1
1
1
1
1
1
1
1
1
1
1
1
1
1
1
1
1
1
1
1
1
1
1
1
1
1
1
1
1
1
1
1
1.31743
1.29164
1.26232
1.23355
1.21024
1.18507
1.15218
1.12575
1.11245
1.09481
1.06846
1.05259
1.03861
1.01696
1.00057
0.992612
0.979381
0.962136
0.95372
0.944192
0.927583
0.918661
0.92533
0.946002
0.988529
1.01669
1.02609
1.0261
1.02525
1.0236
1.02197
1.02015
1.0181
1.01629
1.01476
1.01306
1.01013
1.00595
1.00306
1.00197
1.0012
1.00065
1.00024
0.999983
1.00001
1.00025
1.00094
1.00227
1.00385
1.00486
1.00534
1.00549
1.00518
1.00507
1.00525
1.0056
1.00637
1.00724
1.00748
1.00745
1.00695
1.00557
1.00397
1.00347
1.0035
1.00359
1.00381
1.00433
1.00545
1.00681
1.00729
1.00735
1.00736
1.00722
1.00664
1.00505
1.00225
1.00031
1.00001
1
1
1
1
1
1
1
1
1
1
1
1
1
1
1
1
1
1
1
1
1
1
1
1
1
1
1
1
1
1
1
1
1
1
1
1
1
1
1
1
1
1
1
1
1
1
1
1
1
1
1
1
1
1
1
1
1
1
1
1
1
1
1
1
1
1
1
1
1
1
1
1
1
1
1
1
1
1
1
1
1
1
1
1
1
1
1
1
1
1
1
1
1
1
1
1
1
1
1
1
1
1
1
1
1
1
1
1
1
1
1
1
1
1.31962
1.29592
1.26965
1.24198
1.21912
1.19779
1.17024
1.14341
1.12824
1.1139
1.09079
1.06918
1.05504
1.03567
1.01764
1.00881
0.998458
0.981647
0.97223
0.964577
0.950043
0.932995
0.927748
0.935909
0.95804
0.990849
1.01206
1.01951
1.01924
1.01805
1.01645
1.01422
1.01193
1.01043
1.0095
1.00847
1.00629
1.00326
1.00133
1.00075
1.00066
1.00062
1.00069
1.0008
1.00113
1.00166
1.00255
1.00399
1.00532
1.0059
1.00608
1.00564
1.00509
1.00514
1.00542
1.00593
1.00695
1.00778
1.00793
1.00777
1.0068
1.00493
1.00374
1.00365
1.00373
1.00388
1.00423
1.00504
1.00646
1.00744
1.0076
1.00764
1.00761
1.00732
1.00635
1.00406
1.0012
1.00008
1
1
1
1
1
1
1
1
1
1
1
1
1
1
1
1
1
1
1
1
1
1
1
1
1
1
1
1
1
1
1
1
1
1
1
1
1
1
1
1
1
1
1
1
1
1
1
1
1
1
1
1
1
1
1
1
1
1
1
1
1
1
1
1
1
1
1
1
1
1
1
1
1
1
1
1
1
1
1
1
1
1
1
1
1
1
1
1
1
1
1
1
1
1
1
1
1
1
1
1
1
1
1
1
1
1
1
1
1
1
1
1
1
1
1.32131
1.29932
1.27606
1.2505
1.22861
1.21009
1.18719
1.16113
1.1437
1.12901
1.10808
1.08423
1.0695
1.05331
1.03541
1.02545
1.01702
1.00338
0.988488
0.980325
0.967186
0.951858
0.938815
0.939986
0.949798
0.968691
0.992725
1.00817
1.01377
1.01368
1.01254
1.0099
1.00712
1.00592
1.00557
1.00505
1.0036
1.00189
1.00095
1.00092
1.00119
1.00152
1.00197
1.0023
1.00282
1.00348
1.0044
1.00535
1.00581
1.00603
1.00581
1.00501
1.0047
1.00497
1.00541
1.00631
1.0077
1.00838
1.00849
1.00813
1.00648
1.00437
1.00372
1.00378
1.00394
1.00422
1.00485
1.00612
1.00748
1.00788
1.00793
1.00794
1.00782
1.00727
1.00569
1.00272
1.00043
1.00001
1
1
1
1
1
1
1
1
1
1
1
1
1
1
1
1
1
1
1
1
1
1
1
1
1
1
1
1
1
1
1
1
1
1
1
1
1
1
1
1
1
1
1
1
1
1
1
1
1
1
1
1
1
1
1
1
1
1
1
1
1
1
1
1
1
1
1
1
1
1
1
1
1
1
1
1
1
1
1
1
1
1
1
1
1
1
1
1
1
1
1
1
1
1
1
1
1
1
1
1
1
1
1
1
1
1
1
1
1
1
1
1
1
1
1.32314
1.30277
1.28256
1.25957
1.23864
1.22127
1.20094
1.17619
1.15668
1.14078
1.12134
1.09993
1.08382
1.06987
1.0547
1.04289
1.03352
1.02075
1.00301
0.992174
0.983456
0.969681
0.957847
0.948176
0.950225
0.959731
0.975635
0.99261
1.00493
1.00871
1.00833
1.0065
1.00423
1.0036
1.00359
1.0031
1.00212
1.00136
1.0012
1.00176
1.00245
1.00299
1.00351
1.0038
1.00425
1.00477
1.00526
1.00561
1.00588
1.00591
1.00551
1.00487
1.0048
1.00513
1.0058
1.00723
1.00858
1.00892
1.00893
1.00797
1.00572
1.00415
1.00394
1.00399
1.00416
1.00464
1.00579
1.00743
1.00823
1.00833
1.00835
1.00827
1.00794
1.00691
1.00445
1.00132
1.00009
1
1
1
1
1
1
1
1
1
1
1
1
1
1
1
1
1
1
1
1
1
1
1
1
1
1
1
1
1
1
1
1
1
1
1
1
1
1
1
1
1
1
1
1
1
1
1
1
1
1
1
1
1
1
1
1
1
1
1
1
1
1
1
1
1
1
1
1
1
1
1
1
1
1
1
1
1
1
1
1
1
1
1
1
1
1
1
1
1
1
1
1
1
1
1
1
1
1
1
1
1
1
1
1
1
1
1
1
1
1
1
1
1
1
1
1.32561
1.30685
1.28931
1.26855
1.24766
1.23042
1.21089
1.18655
1.16766
1.15229
1.13281
1.1153
1.10025
1.08565
1.07325
1.05896
1.04592
1.03385
1.01767
1.00381
0.997191
0.987329
0.974758
0.964461
0.955754
0.958294
0.967844
0.98155
0.994262
1.00208
1.0031
1.00278
1.00244
1.00294
1.00302
1.00235
1.00168
1.00149
1.00173
1.00266
1.00334
1.0039
1.00424
1.00434
1.00464
1.00497
1.00519
1.00536
1.00546
1.00533
1.0049
1.00494
1.0053
1.00584
1.00702
1.00885
1.00968
1.00983
1.00929
1.00716
1.00466
1.00406
1.00415
1.0043
1.00466
1.00558
1.00725
1.00851
1.00874
1.00879
1.00879
1.00863
1.0079
1.00601
1.00269
1.00037
1.00001
1
1
1
1
1
1
1
1
1
1
1
1
1
1
1
1
1
1
1
1
1
1
1
1
1
1
1
1
1
1
1
1
1
1
1
1
1
1
1
1
1
1
1
1
1
1
1
1
1
1
1
1
1
1
1
1
1
1
1
1
1
1
1
1
1
1
1
1
1
1
1
1
1
1
1
1
1
1
1
1
1
1
1
1
1
1
1
1
1
1
1
1
1
1
1
1
1
1
1
1
1
1
1
1
1
1
1
1
1
1
1
1
1
1
1
1.32823
1.31067
1.29442
1.2754
1.25461
1.23687
1.21873
1.19577
1.17691
1.16394
1.14618
1.12941
1.11625
1.09926
1.08578
1.0735
1.05722
1.04385
1.03079
1.01806
1.01059
1.00308
0.989898
0.977544
0.96586
0.96233
0.966745
0.975791
0.986672
0.994105
0.997322
0.999226
1.00164
1.00328
1.00309
1.00246
1.00203
1.00202
1.00248
1.00311
1.00368
1.00427
1.00446
1.0045
1.00487
1.00523
1.00546
1.00559
1.00565
1.00539
1.00493
1.00506
1.0056
1.00673
1.00874
1.01015
1.01045
1.01035
1.00887
1.00593
1.00419
1.004
1.00412
1.00446
1.00539
1.00719
1.00883
1.00923
1.00928
1.00927
1.00915
1.00868
1.00732
1.00426
1.00101
1.00004
1
1
1
1
1
1
1
1
1
1
1
1
1
1
1
1
1
1
1
1
1
1
1
1
1
1
1
1
1
1
1
1
1
1
1
1
1
1
1
1
1
1
1
1
1
1
1
1
1
1
1
1
1
1
1
1
1
1
1
1
1
1
1
1
1
1
1
1
1
1
1
1
1
1
1
1
1
1
1
1
1
1
1
1
1
1
1
1
1
1
1
1
1
1
1
1
1
1
1
1
1
1
1
1
1
1
1
1
1
1
1
1
1
1
1
1
1.33026
1.31263
1.2966
1.27906
1.25953
1.24218
1.22551
1.20536
1.18677
1.1743
1.15928
1.14117
1.12758
1.11189
1.09474
1.08275
1.06851
1.05459
1.04442
1.03263
1.02282
1.01478
1.00311
0.988542
0.978723
0.971256
0.971323
0.975652
0.982697
0.988828
0.993251
0.997116
1.00141
1.00304
1.00298
1.00273
1.00263
1.00277
1.00319
1.00353
1.00395
1.00408
1.00394
1.00422
1.00474
1.00532
1.00578
1.00602
1.00606
1.00581
1.00593
1.00641
1.0074
1.00916
1.01061
1.01096
1.01091
1.00983
1.00734
1.00492
1.00423
1.00429
1.00454
1.00525
1.0069
1.00899
1.00981
1.00992
1.00995
1.00987
1.00953
1.00843
1.00577
1.00198
1.00016
1
1
1
1
1
1
1
1
1
1
1
1
1
1
1
1
1
1
1
1
1
1
1
1
1
1
1
1
1
1
1
1
1
1
1
1
1
1
1
1
1
1
1
1
1
1
1
1
1
1
1
1
1
1
1
1
1
1
1
1
1
1
1
1
1
1
1
1
1
1
1
1
1
1
1
1
1
1
1
1
1
1
1
1
1
1
1
1
1
1
1
1
1
1
1
1
1
1
1
1
1
1
1
1
1
1
1
1
1
1
1
1
1
1
1
1
1
1.32995
1.31297
1.29757
1.28128
1.26337
1.247
1.23197
1.21423
1.19547
1.18218
1.16898
1.15044
1.13447
1.12166
1.10458
1.09043
1.08003
1.06725
1.05607
1.0454
1.03397
1.02468
1.01314
0.999655
0.990939
0.984961
0.98036
0.978066
0.980311
0.985214
0.990799
0.996786
1.00136
1.00268
1.00309
1.00325
1.00347
1.00381
1.00398
1.00425
1.00441
1.00411
1.00376
1.00405
1.00452
1.00522
1.00589
1.00631
1.0063
1.00655
1.00723
1.0082
1.0097
1.01104
1.01149
1.01153
1.01083
1.00858
1.00568
1.0046
1.00464
1.00488
1.00547
1.00686
1.00905
1.01031
1.01049
1.01055
1.01056
1.01042
1.00952
1.00718
1.00313
1.00041
1.00001
1
1
1
1
1
1
1
1
1
1
1
1
1
1
1
1
1
1
1
1
1
1
1
1
1
1
1
1
1
1
1
1
1
1
1
1
1
1
1
1
1
1
1
1
1
1
1
1
1
1
1
1
1
1
1
1
1
1
1
1
1
1
1
1
1
1
1
1
1
1
1
1
1
1
1
1
1
1
1
1
1
1
1
1
1
1
1
1
1
1
1
1
1
1
1
1
1
1
1
1
1
1
1
1
1
1
1
1
1
1
1
1
1
1
1
1
1
1.32835
1.31242
1.2979
1.28289
1.26668
1.25124
1.23658
1.22046
1.20233
1.18698
1.17449
1.15854
1.14065
1.12829
1.11498
1.10033
1.08994
1.07854
1.06637
1.05621
1.04374
1.0327
1.02334
1.01257
1.00402
0.997341
0.990434
0.983299
0.983333
0.986651
0.991908
0.99752
1.00047
1.002
1.00282
1.00352
1.00445
1.00493
1.00512
1.00526
1.00506
1.00425
1.00446
1.00502
1.00581
1.00712
1.00806
1.00852
1.00863
1.00901
1.00976
1.01065
1.0113
1.01148
1.01146
1.0111
1.00988
1.00747
1.00535
1.00481
1.00499
1.00549
1.00669
1.0089
1.01087
1.01135
1.01145
1.01149
1.01136
1.01055
1.00843
1.0043
1.00077
1.00002
1
1
1
1
1
1
1
1
1
1
1
1
1
1
1
1
1
1
1
1
1
1
1
1
1
1
1
1
1
1
1
1
1
1
1
1
1
1
1
1
1
1
1
1
1
1
1
1
1
1
1
1
1
1
1
1
1
1
1
1
1
1
1
1
1
1
1
1
1
1
1
1
1
1
1
1
1
1
1
1
1
1
1
1
1
1
1
1
1
1
1
1
1
1
1
1
1
1
1
1
1
1
1
1
1
1
1
1
1
1
1
1
1
1
1
1
1
1
1.32575
1.3108
1.29747
1.28384
1.269
1.25416
1.23948
1.22399
1.20686
1.19118
1.1789
1.16479
1.14768
1.13578
1.12459
1.1095
1.09863
1.08898
1.07525
1.06341
1.05357
1.04271
1.03371
1.02465
1.01559
1.00854
1.00115
0.992242
0.989695
0.991822
0.996355
0.999107
1.00086
1.00178
1.00284
1.00402
1.00557
1.00616
1.00628
1.00608
1.00535
1.00535
1.00593
1.00685
1.0085
1.01037
1.01125
1.01176
1.01169
1.01087
1.01103
1.01132
1.01149
1.01155
1.01134
1.0104
1.00844
1.00652
1.00582
1.006
1.00638
1.0071
1.00853
1.01073
1.0121
1.01237
1.01251
1.01253
1.01184
1.00969
1.00536
1.00117
1.00005
1
1
1
1
1
1
1
1
1
1
1
1
1
1
1
1
1
1
1
1
1
1
1
1
1
1
1
1
1
1
1
1
1
1
1
1
1
1
1
1
1
1
1
1
1
1
1
1
1
1
1
1
1
1
1
1
1
1
1
1
1
1
1
1
1
1
1
1
1
1
1
1
1
1
1
1
1
1
1
1
1
1
1
1
1
1
1
1
1
1
1
1
1
1
1
1
1
1
1
1
1
1
1
1
1
1
1
1
1
1
1
1
1
1
1
1
1
1
1
1.32525
1.31094
1.29752
1.28422
1.26991
1.25574
1.24138
1.22653
1.21104
1.19563
1.18335
1.17164
1.15614
1.14233
1.1325
1.11954
1.1056
1.09562
1.0839
1.07217
1.06303
1.05243
1.04356
1.03679
1.02837
1.0186
1.01016
1.00289
1.00061
1.00159
1.00204
1.00162
1.00043
1.00177
1.00367
1.00587
1.00727
1.00803
1.00816
1.00736
1.00717
1.00757
1.00837
1.0101
1.01232
1.01335
1.01385
1.01319
1.01149
1.01121
1.01143
1.0116
1.01172
1.01175
1.01133
1.01
1.00777
1.00613
1.00616
1.00673
1.00771
1.00899
1.01082
1.01284
1.01365
1.01385
1.01389
1.01316
1.01087
1.00624
1.0015
1.00007
1
1
1
1
1
1
1
1
1
1
1
1
1
1
1
1
1
1
1
1
1
1
1
1
1
1
1
1
1
1
1
1
1
1
1
1
1
1
1
1
1
1
1
1
1
1
1
1
1
1
1
1
1
1
1
1
1
1
1
1
1
1
1
1
1
1
1
1
1
1
1
1
1
1
1
1
1
1
1
1
1
1
1
1
1
1
1
1
1
1
1
1
1
1
1
1
1
1
1
1
1
1
1
1
1
1
1
1
1
1
1
1
1
1
1
1
1
1
1
1
1.32213
1.31065
1.29847
1.28558
1.27111
1.25688
1.24308
1.22909
1.21507
1.20104
1.18878
1.17776
1.16403
1.14968
1.13877
1.1264
1.11288
1.10315
1.09239
1.08022
1.07256
1.06474
1.05465
1.04552
1.0375
1.02898
1.02212
1.01628
1.01189
1.0097
1.00801
1.00506
1.00286
1.00432
1.00643
1.00793
1.0086
1.00861
1.00868
1.00888
1.00931
1.00999
1.01145
1.01368
1.01489
1.01531
1.01442
1.012
1.01088
1.01114
1.01146
1.01165
1.01178
1.01177
1.0113
1.00994
1.00813
1.00763
1.00781
1.00811
1.00878
1.01045
1.0132
1.01509
1.0155
1.01561
1.01474
1.01203
1.00684
1.00166
1.00008
1
1
1
1
1
1
1
1
1
1
1
1
1
1
1
1
1
1
1
1
1
1
1
1
1
1
1
1
1
1
1
1
1
1
1
1
1
1
1
1
1
1
1
1
1
1
1
1
1
1
1
1
1
1
1
1
1
1
1
1
1
1
1
1
1
1
1
1
1
1
1
1
1
1
1
1
1
1
1
1
1
1
1
1
1
1
1
1
1
1
1
1
1
1
1
1
1
1
1
1
1
1
1
1
1
1
1
1
1
1
1
1
1
1
1
1
1
1
1
1
1
1.31499
1.30861
1.29849
1.28681
1.27339
1.25902
1.24529
1.23229
1.21951
1.20645
1.19412
1.18315
1.17065
1.15602
1.14447
1.13358
1.12067
1.11023
1.10168
1.09137
1.08181
1.07362
1.06395
1.05522
1.04777
1.03911
1.0325
1.02866
1.0245
1.02007
1.01447
1.00807
1.00681
1.00838
1.01053
1.01145
1.01179
1.01088
1.01012
1.01061
1.01111
1.01235
1.01469
1.01617
1.01675
1.01627
1.01353
1.01113
1.01097
1.01122
1.01147
1.01166
1.01178
1.01171
1.01091
1.00926
1.00878
1.00922
1.00962
1.01015
1.01141
1.01407
1.01678
1.01757
1.01762
1.01628
1.01298
1.00707
1.00161
1.00008
1
1
1
1
1
1
1
1
1
1
1
1
1
1
1
1
1
1
1
1
1
1
1
1
1
1
1
1
1
1
1
1
1
1
1
1
1
1
1
1
1
1
1
1
1
1
1
1
1
1
1
1
1
1
1
1
1
1
1
1
1
1
1
1
1
1
1
1
1
1
1
1
1
1
1
1
1
1
1
1
1
1
1
1
1
1
1
1
1
1
1
1
1
1
1
1
1
1
1
1
1
1
1
1
1
1
1
1
1
1
1
1
1
1
1
1
1
1
1
1
1
1
1.27262
1.29911
1.29553
1.28688
1.27487
1.26235
1.24899
1.23642
1.22412
1.21189
1.19956
1.18767
1.17552
1.16203
1.15059
1.14045
1.12929
1.11924
1.11033
1.10059
1.09107
1.08272
1.07314
1.06326
1.05705
1.05138
1.04542
1.03972
1.03359
1.02714
1.02101
1.01602
1.01439
1.01411
1.01405
1.01415
1.0141
1.01297
1.013
1.01376
1.01457
1.01601
1.01722
1.01762
1.01728
1.01519
1.01215
1.01126
1.01156
1.01204
1.0125
1.01275
1.01289
1.01267
1.01156
1.00996
1.00953
1.00971
1.01037
1.01232
1.01577
1.01896
1.01991
1.01964
1.0177
1.01357
1.00679
1.00135
1.00005
1
1
1
1
1
1
1
1
1
1
1
1
1
1
1
1
1
1
1
1
1
1
1
1
1
1
1
1
1
1
1
1
1
1
1
1
1
1
1
1
1
1
1
1
1
1
1
1
1
1
1
1
1
1
1
1
1
1
1
1
1
1
1
1
1
1
1
1
1
1
1
1
1
1
1
1
1
1
1
1
1
1
1
1
1
1
1
1
1
1
1
1
1
1
1
1
1
1
1
1
1
1
1
1
1
1
1
1
1
1
1
1
1
1
1
1
1
1
1
1
1
1
1
1.14413
1.24157
1.27265
1.28114
1.27355
1.26372
1.25279
1.24156
1.22924
1.217
1.20451
1.19246
1.18094
1.16812
1.15675
1.14776
1.13782
1.12774
1.11877
1.10922
1.09918
1.09016
1.08201
1.0741
1.06729
1.06143
1.05524
1.04908
1.04294
1.03524
1.02718
1.02415
1.02294
1.02178
1.02083
1.01977
1.01751
1.01545
1.01575
1.01674
1.01822
1.0193
1.01967
1.01908
1.01663
1.01287
1.01124
1.0115
1.01229
1.01337
1.01412
1.01445
1.01458
1.01402
1.01258
1.01182
1.012
1.0127
1.01476
1.01846
1.02161
1.02227
1.02142
1.0188
1.01356
1.00597
1.00097
1.00003
1
1
1
1
1
1
1
1
1
1
1
1
1
1
1
1
1
1
1
1
1
1
1
1
1
1
1
1
1
1
1
1
1
1
1
1
1
1
1
1
1
1
1
1
1
1
1
1
1
1
1
1
1
1
1
1
1
1
1
1
1
1
1
1
1
1
1
1
1
1
1
1
1
1
1
1
1
1
1
1
1
1
1
1
1
1
1
1
1
1
1
1
1
1
1
1
1
1
1
1
1
1
1
1
1
1
1
1
1
1
1
1
1
1
1
1
1
1
1
1
1
1
1
1
1.02201
1.09826
1.191
1.24756
1.25968
1.25961
1.25276
1.24301
1.23355
1.2234
1.21064
1.1981
1.18665
1.17518
1.16472
1.15508
1.14512
1.13522
1.12607
1.11655
1.10702
1.09857
1.09052
1.08357
1.07726
1.0712
1.06458
1.0565
1.04935
1.04327
1.03767
1.03439
1.0315
1.02845
1.02657
1.0251
1.0227
1.02057
1.02058
1.02096
1.02115
1.02099
1.02011
1.01859
1.01574
1.01278
1.01192
1.01236
1.01331
1.01474
1.01535
1.01556
1.01551
1.01476
1.01422
1.01474
1.01609
1.01884
1.02234
1.02418
1.02409
1.02257
1.01925
1.0127
1.00467
1.00057
1.00001
1
1
1
1
1
1
1
1
1
1
1
1
1
1
1
1
1
1
1
1
1
1
1
1
1
1
1
1
1
1
1
1
1
1
1
1
1
1
1
1
1
1
1
1
1
1
1
1
1
1
1
1
1
1
1
1
1
1
1
1
1
1
1
1
1
1
1
1
1
1
1
1
1
1
1
1
1
1
1
1
1
1
1
1
1
1
1
1
1
1
1
1
1
1
1
1
1
1
1
1
1
1
1
1
1
1
1
1
1
1
1
1
1
1
1
1
1
1
1
1
1
1
1
1
1
1.00054
1.00924
1.05368
1.13557
1.20574
1.23943
1.24339
1.23971
1.23365
1.22498
1.21538
1.20623
1.19483
1.18299
1.17279
1.1628
1.15298
1.14268
1.13252
1.12344
1.11465
1.10683
1.09962
1.09258
1.08581
1.07884
1.07189
1.06459
1.05722
1.05152
1.04724
1.04378
1.04072
1.03733
1.03355
1.02991
1.02736
1.02614
1.02585
1.02553
1.02483
1.02358
1.02161
1.01883
1.01576
1.01437
1.01474
1.01578
1.01767
1.01893
1.0193
1.01938
1.01876
1.01833
1.01897
1.02052
1.0233
1.02587
1.02634
1.02554
1.02335
1.01873
1.0108
1.00311
1.00026
1
1
1
1
1
1
1
1
1
1
1
1
1
1
1
1
1
1
1
1
1
1
1
1
1
1
1
1
1
1
1
1
1
1
1
1
1
1
1
1
1
1
1
1
1
1
1
1
1
1
1
1
1
1
1
1
1
1
1
1
1
1
1
1
1
1
1
1
1
1
1
1
1
1
1
1
1
1
1
1
1
1
1
1
1
1
1
1
1
1
1
1
1
1
1
1
1
1
1
1
1
1
1
1
1
1
1
1
1
1
1
1
1
1
1
1
1
1
1
1
1
1
1
1
1
1
1
1
1.00013
1.00288
1.02282
1.0811
1.15181
1.20298
1.22597
1.22623
1.22116
1.2153
1.20843
1.1993
1.19152
1.18195
1.17068
1.1609
1.15103
1.14071
1.13154
1.12293
1.11504
1.10805
1.10093
1.09365
1.0862
1.07861
1.07192
1.06612
1.06128
1.05688
1.05241
1.04838
1.04489
1.04101
1.03703
1.03398
1.03198
1.03078
1.02987
1.0287
1.02681
1.02386
1.02008
1.01766
1.01775
1.01862
1.02089
1.02362
1.02472
1.02528
1.02571
1.0258
1.0263
1.02712
1.02773
1.02765
1.02699
1.0257
1.02291
1.0168
1.008
1.00166
1.00009
1
1
1
1
1
1
1
1
1
1
1
1
1
1
1
1
1
1
1
1
1
1
1
1
1
1
1
1
1
1
1
1
1
1
1
1
1
1
1
1
1
1
1
1
1
1
1
1
1
1
1
1
1
1
1
1
1
1
1
1
1
1
1
1
1
1
1
1
1
1
1
1
1
1
1
1
1
1
1
1
1
1
1
1
1
1
1
1
1
1
1
1
1
1
1
1
1
1
1
1
1
1
1
1
1
1
1
1
1
1
1
1
1
1
1
1
1
1
1
1
1
1
1
1
1
1
1
1
1
1
1.00002
1.00064
1.00732
1.03576
1.09411
1.15174
1.18994
1.20876
1.20918
1.20425
1.1988
1.19354
1.18531
1.17754
1.16937
1.15942
1.15003
1.14205
1.1333
1.12463
1.11696
1.10926
1.10149
1.09404
1.08699
1.08065
1.07512
1.07048
1.06628
1.06174
1.05678
1.0519
1.04767
1.04435
1.04182
1.03968
1.03757
1.03553
1.03324
1.03026
1.02661
1.02445
1.02471
1.02588
1.0281
1.03088
1.03244
1.03294
1.03311
1.03253
1.03171
1.03104
1.03032
1.02939
1.02815
1.02579
1.02104
1.01325
1.00483
1.00066
1.00002
1
1
1
1
1
1
1
1
1
1
1
1
1
1
1
1
1
1
1
1
1
1
1
1
1
1
1
1
1
1
1
1
1
1
1
1
1
1
1
1
1
1
1
1
1
1
1
1
1
1
1
1
1
1
1
1
1
1
1
1
1
1
1
1
1
1
1
1
1
1
1
1
1
1
1
1
1
1
1
1
1
1
1
1
1
1
1
1
1
1
1
1
1
1
1
1
1
1
1
1
1
1
1
1
1
1
1
1
1
1
1
1
1
1
1
1
1
1
1
1
1
1
1
1
1
1
1
1
1
1
1
1
1
1.0001
1.00155
1.01127
1.04115
1.09207
1.14037
1.172
1.18922
1.19212
1.18873
1.18365
1.17916
1.17196
1.16392
1.15718
1.15054
1.14305
1.13559
1.12769
1.11911
1.11096
1.10397
1.09761
1.09162
1.08604
1.08076
1.07594
1.07094
1.06589
1.06121
1.05699
1.05334
1.05036
1.04796
1.04569
1.04331
1.04033
1.03671
1.03476
1.03508
1.03681
1.03959
1.04198
1.04272
1.0422
1.04013
1.0372
1.03421
1.03181
1.0302
1.02882
1.02696
1.02348
1.01707
1.00857
1.00217
1.00018
1
1
1
1
1
1
1
1
1
1
1
1
1
1
1
1
1
1
1
1
1
1
1
1
1
1
1
1
1
1
1
1
1
1
1
1
1
1
1
1
1
1
1
1
1
1
1
1
1
1
1
1
1
1
1
1
1
1
1
1
1
1
1
1
1
1
1
1
1
1
1
1
1
1
1
1
1
1
1
1
1
1
1
1
1
1
1
1
1
1
1
1
1
1
1
1
1
1
1
1
1
1
1
1
1
1
1
1
1
1
1
1
1
1
1
1
1
1
1
1
1
1
1
1
1
1
1
1
1
1
1
1
1
1
1
1
1.00001
1.00021
1.00218
1.01225
1.03852
1.08003
1.12122
1.15012
1.16755
1.17351
1.17224
1.1684
1.16474
1.15948
1.15241
1.14589
1.14057
1.13449
1.12809
1.12175
1.1156
1.10946
1.10357
1.09849
1.09333
1.0876
1.08165
1.07648
1.07279
1.0695
1.06576
1.06185
1.05839
1.05564
1.05334
1.05103
1.0496
1.0496
1.04952
1.04948
1.04944
1.04843
1.0465
1.04407
1.04125
1.03812
1.03503
1.03203
1.02881
1.02474
1.01898
1.01129
1.00411
1.00065
1.00003
1
1
1
1
1
1
1
1
1
1
1
1
1
1
1
1
1
1
1
1
1
1
1
1
1
1
1
1
1
1
1
1
1
1
1
1
1
1
1
1
1
1
1
1
1
1
1
1
1
1
1
1
1
1
1
1
1
1
1
1
1
1
1
1
1
1
1
1
1
1
1
1
1
1
1
1
1
1
1
1
1
1
1
1
1
1
1
1
1
1
1
1
1
1
1
1
1
1
1
1
1
1
1
1
1
1
1
1
1
1
1
1
1
1
1
1
1
1
1
1
1
1
1
1
1
1
1
1
1
1
1
1
1
1
1
1
1
1
1
1.00002
1.00026
1.0021
1.01008
1.02985
1.06136
1.09577
1.12305
1.14198
1.15095
1.15364
1.15274
1.15051
1.14677
1.14101
1.13486
1.12998
1.12528
1.12022
1.11486
1.10971
1.10529
1.10091
1.096
1.09138
1.087
1.08298
1.07931
1.07558
1.07213
1.06911
1.0661
1.06274
1.06011
1.05837
1.05681
1.05505
1.05283
1.05015
1.0474
1.0444
1.04104
1.03735
1.03343
1.02929
1.02459
1.01883
1.01199
1.00534
1.00128
1.00012
1
1
1
1
1
1
1
1
1
1
1
1
1
1
1
1
1
1
1
1
1
1
1
1
1
1
1
1
1
1
1
1
1
1
1
1
1
1
1
1
1
1
1
1
1
1
1
1
1
1
1
1
1
1
1
1
1
1
1
1
1
1
1
1
1
1
1
1
1
1
1
1
1
1
1
1
1
1
1
1
1
1
1
1
1
1
1
1
1
1
1
1
1
1
1
1
1
1
1
1
1
1
1
1
1
1
1
1
1
1
1
1
1
1
1
1
1
1
1
1
1
1
1
1
1
1
1
1
1
1
1
1
1
1
1
1
1
1
1
1
1
1
1
1.00002
1.0002
1.00141
1.00624
1.01851
1.0396
1.06608
1.09065
1.11037
1.12339
1.13022
1.133
1.13284
1.13104
1.12774
1.12354
1.11925
1.11537
1.11132
1.10653
1.10128
1.0968
1.0936
1.0899
1.08539
1.08067
1.07638
1.0737
1.07156
1.06858
1.065
1.06129
1.05808
1.05552
1.05355
1.05172
1.04916
1.04547
1.04073
1.03513
1.02906
1.02285
1.01661
1.01046
1.00505
1.00153
1.00022
1.00001
1
1
1
1
1
1
1
1
1
1
1
1
1
1
1
1
1
1
1
1
1
1
1
1
1
1
1
1
1
1
1
1
1
1
1
1
1
1
1
1
1
1
1
1
1
1
1
1
1
1
1
1
1
1
1
1
1
1
1
1
1
1
1
1
1
1
1
1
1
1
1
1
1
1
1
1
1
1
1
1
1
1
1
1
1
1
1
1
1
1
1
1
1
1
1
1
1
1
1
1
1
1
1
1
1
1
1
1
1
1
1
1
1
1
1
1
1
1
1
1
1
1
1
1
1
1
1
1
1
1
1
1
1
1
1
1
1
1
1
1
1
1
1
1
1
1
1.00001
1.0001
1.00064
1.00279
1.00867
1.02001
1.03659
1.05531
1.073
1.08761
1.09801
1.10475
1.10838
1.1098
1.10933
1.10766
1.1049
1.10161
1.09842
1.09492
1.09093
1.08694
1.08343
1.08028
1.07693
1.07308
1.06891
1.06508
1.06185
1.05894
1.0559
1.05263
1.04892
1.04437
1.03875
1.03218
1.02511
1.01818
1.01204
1.00704
1.00336
1.00114
1.00022
1.00002
1
1
1
1
1
1
1
1
1
1
1
1
1
1
1
1
1
1
1
1
1
1
1
1
1
1
1
1
1
1
1
1
1
1
1
1
1
1
1
1
1
1
1
1
1
1
1
1
1
1
1
1
1
1
1
1
1
1
1
1
1
1
1
1
1
1
1
1
1
1
1
1
1
1
1
1
1
1
1
1
1
1
1
1
1
1
1
1
1
1
1
1
1
1
1
1
1
1
1
1
1
1
1
1
1
1
1
1
1
1
1
1
1
1
1
1
1
1
1
1
1
1
1
1
1
1
1
1
1
1
1
1
1
1
1
1
1
1
1
1
1
1
1
1
1
1
1
1
1
1
1
1.00003
1.00018
1.00083
1.00274
1.00695
1.01418
1.02428
1.03599
1.04778
1.05831
1.06677
1.0729
1.07694
1.07917
1.07991
1.07955
1.07845
1.07658
1.07447
1.07181
1.06873
1.06546
1.06195
1.0582
1.05435
1.0503
1.04597
1.04134
1.03625
1.03044
1.02392
1.01722
1.01118
1.00646
1.00328
1.00141
1.00048
1.00011
1.00001
1
1
1
1
1
1
1
1
1
1
1
1
1
1
1
1
1
1
1
1
1
1
1
1
1
1
1
1
1
1
1
1
1
1
1
1
1
1
1
1
1
1
1
1
1
1
1
1
1
1
1
1
1
1
1
1
1
1
1
1
1
1
1
1
1
1
1
1
1
1
1
1
1
1
1
1
1
1
1
1
1
1
1
1
1
1
1
1
1
1
1
1
1
1
1
1
1
1
1
1
1
1
1
1
1
1
1
1
1
1
1
1
1
1
1
1
1
1
1
1
1
1
1
1
1
1
1
1
1
1
1
1
1
1
1
1
1
1
1
1
1
1
1
1
1
1
1
1
1
1
1
1
1
1
1
1
1.00003
1.00014
1.0005
1.00142
1.0033
1.00641
1.01074
1.01596
1.02154
1.02694
1.03175
1.03569
1.03859
1.04056
1.04141
1.04142
1.04068
1.03921
1.03714
1.03451
1.03141
1.028
1.02428
1.02027
1.01606
1.01179
1.0078
1.00451
1.00223
1.00094
1.00033
1.0001
1.00002
1
1
1
1
1
1
1
1
1
1
1
1
1
1
1
1
1
1
1
1
1
1
1
1
1
1
1
1
1
1
1
1
1
1
1
1
1
1
1
1
1
1
1
1
1
1
1
1
1
1
1
1
1
1
1
1
1
1
1
1
1
1
1
1
1
1
1
1
1
1
1
1
1
1
1
1
1
1
1
1
1
1
1
1
1
1
1
1
1
1
1
1
1
1
1
1
1
1
1
1
1
1
1
1
1
1
1
1
1
1
1
1
1
1
1
1
1
1
1
1
1
1
1
1
1
1
1
1
1
1
1
1
1
1
1
1
1
1
1
1
1
1
1
1
1
1
1
1
1
1
1
1
1
1
1
1
1
1
1
1
1
1
1.00001
1.00004
1.00014
1.00036
1.00077
1.00143
1.00237
1.00354
1.00485
1.00615
1.00734
1.00825
1.00879
1.00891
1.00871
1.0082
1.00738
1.00634
1.00516
1.00393
1.00274
1.0017
1.00091
1.0004
1.00014
1.00004
1.00001
1
1
1
1
1
1
1
1
1
1
1
1
1
1
1
1
1
1
1
1
1
1
1
1
1
1
1
1
1
1
1
1
1
1
1
1
1
1
1
1
1
1
1
1
1
1
1
1
1
1
1
1
1
1
1
1
1
1
1
1
1
1
1
1
1
1
1
1
1
1
1
1
1
1
1
1
1
1
1
1
1
1
1
1
1
1
1
1
1
1
1
1
1
1
1
1
1
1
1
1
1
1
1
1
1
1
1
1
1
1
1
1
1
1
1
1
1
1
1
1
1
1
1
1
1
1
1
1
1
1
1
1
1
1
1
1
1
1
1
1
1
1
1
1
1
1
1
1
1
1
1
1
1
1
1
1
1
1
1
1
1
1
1
1
1
1
1
1
1
1
1.00001
1.00003
1.00006
1.00011
1.00017
1.00025
1.00032
1.00038
1.0004
1.00039
1.00037
1.00032
1.00025
1.00018
1.00011
1.00006
1.00002
1.00001
1
1
1
1
1
1
1
1
1
1
1
1
1
1
1
1
1
1
1
1
1
1
1
1
1
1
1
1
1
1
1
1
1
1
1
1
1
1
1
1
1
1
1
1
1
1
1
1
1
1
1
1
1
1
1
1
1
1
1
1
1
1
1
1
1
1
1
1
1
1
1
1
1
1
1
1
1
1
1
1
1
1
1
1
1
1
1
1
1
1
1
1
1
1
1
1
1
1
1
1
1
1
1
1
1
1
1
1
1
1
1
1
1
1
1
1
1
1
1
1
1
1
1
1
1
1
1
1
1
1
1
1
1
1
1
1
1
1
1
1
1
1
1
1
1
1
1
1
1
1
1
1
1
1
1
1
1
1
1
1
1
1
1
1
1
1
1
1
1
1
1
1
1
1
1
1
1
1
1
1
1
1
1
1
1
1
1
1
1
1
1
1
1
1
1
1
1
1
1
1
1
1
1
1
1
1
1
1
1
1
1
1
1
1
1
1
1
1
1
1
1
1
1
1
1
1
1
1
1
1
1
1
1
1
1
1
1
1
1
1
1
1
1
1
1
1
1
1
1
1
1
1
1
1
1
1
1
1
1
1
1
1
1
1
1
1
1
1
1
1
1
1
1
1
1
1
1
1
1
1
1
1
1
1
1
1
1
1
1
1
1
1
1
1
1
1
1
1
1
1
1
1
1
1
1
1
1
1
1
1
1
1
1
1
1
1
1
1
1
1
1
1
1
1
1
1
1
1
1
1
1
1
1
1
1
1
1
1
1
1
1
1
1
1
1
1
1
1
1
1
1
1
1
1
1
1
1
1
1
1
1
1
1
1
1
1
1
1
1
1
1
1
1
1
1
1
1
1
1
1
1
1
1
1
1
1
1
1
1
1
1
1
1
1
1
1
1
1
1
1
1
1
1
1
1
1
1
1
1
1
1
1
1
1
1
1
1
1
1
1
1
1
1
1
1
1
1
1
1
1
1
1
1
1
1
1
1
1
1
1
1
1
1
1
1
1
1
1
1
1
1
1
1
1
1
1
1
1
1
1
1
1
1
1
1
1
1
1
1
1
1
1
1
1
1
1
1
1
1
1
1
1
1
1
1
1
1
1
1
1
1
1
1
1
1
1
1
1
1
1
1
1
1
1
1
1
1
1
1
1
1
1
1
1
1
1
1
1
1
1
1
1
1
1
1
1
1
1
1
1
1
1
1
1
1
1
1
1
1
1
1
1
1
1
1
1
1
1
1
1
1
1
1
1
1
1
1
1
1
1
1
1
1
1
1
1
1
1
1
1
1
1
1
1
1
1
1
1
1
1
1
1
1
1
1
1
1
1
1
1
1
1
1
1
1
1
1
1
1
1
1
1
1
1
1
1
1
1
1
1
1
1
1
1
1
1
1
1
1
1
1
1
1
1
1
1
1
1
1
1
1
1
1
1
1
1
1
1
1
1
1
1
1
1
1
1
1
1
1
1
1
1
1
1
1
1
1
1
1
1
1
1
1
1
1
1
1
1
1
1
1
1
1
1
1
1
1
1
1
1
1
1
1
1
1
1
1
1
1
1
1
1
1
1
1
1
1
1
1
1
1
1
1
1
1
1
1
1
1
1
1
1
1
1
1
1
1
1
1
1
1
1
1
1
1
1
1
1
1
1
1
1
1
1
1
1
1
1
1
1
1
1
1
1
1
1
1
1
1
1
1
1
1
1
1
1
1
1
1
1
1
1
1
1
1
1
1
1
1
1
1
1
1
1
1
1
1
1
1
1
1
1
1
1
1
1
1
1
1
1
1
1
1
1
1
1
1
1
1
1
1
1
1
1
1
1
1
1
1
1
1
1
1
1
1
1
1
1
1
1
1
1
1
1
1
1
1
1
1
1
1
1
1
1
1
1
1
1
1
1
1
1
1
1
1
1
1
1
1
1
1
1
1
1
1
1
1
1
1
1
1
1
1
1
1
1
1
1
1
1
1
1
1
1
1
1
1
1
1
1
1
1
1
1
1
1
1
1
1
1
1
1
1
1
1
1
1
1
1
1
1
1
1
1
1
1
1
1
1
1
1
1
1
1
1
1
1
1
1
1
1
1
1
1
1
1
1
1
1
1
1
1
1
1
1
1
1
1
1
1
1
1
1
1
1
1
1
1
1
1
1
1
1
1
1
1
1
1
1
1
1
1
1
1
1
1
1
1
1
1
1
1
1
1
1
1
1
1
1
1
1
1
1
1
1
1
1
1
1
1
1
1
1
1
1
1
1
1
1
1
1
1
1
1
1
1
1
1
1
1
1
1
1
1
1
1
1
1
1
1
1
1
1
1
1
1
1
1
1
1
1
1
1
1
1
1
1
1
1
1
1
1
1
1
1
1
1
1
1
1
1
1
1
1
1
1
1
1
1
1
1
1
1
1
1
1
1
1
1
1
1
1
1
1
1
1
1
1
1
1
1
1
1
1
1
1
1
1
1
1
1
1
1
1
1
1
1
1
1
1
1
1
1
1
1
1
1
1
1
1
1
1
1
1
1
1
1
1
1
1
1
1
1
1
1
1
1
1
1
1
1
1
1
1
1
1
1
1
1
1
1
1
1
1
1
1
1
1
1
1
1
1
1
1
1
1
1
1
1
1
1
1
1
1
1
1
1
1
1
1
1
1
1
1
1
1
1
1
1
1
1
1
1
1
1
1
1
1
1
1
1
1
1
1
1
1
1
1
1
1
1
1
1
1
1
1
1
1
1
1
1
1
1
1
1
1
1
1
1
1
1
1
1
1
1
1
1
1
1
1
1
1
1
1
1
1
1
1
1
1
1
1
1
1
1
1
1
1
1
1
1
1
1
1
1
1
1
1
1
1
1
1
1
1
1
1
1
1
1
1
1
1
1
1
1
1
1
1
1
1
1
1
1
1
1
1
1
1
1
1
1
1
1
1
1
1
1
1
1
1
1
1
1
1
1
1
1
1
1
1
1
1
1
1
1
1
1
1
1
1
1
1
1
1
1
1
1
1
1
1
1
1
1
1
1
1
1
1
1
1
1
1
1
1
1
1
1
1
1
1
1
1
1
1
1
1
1
1
1
1
1
1
1
1
1
1
1
1
1
1
1
1
1
1
1
1
1
1
1
1
1
1
1
1
1
1
1
1
1
1
1
1
1
1
1
1
1
1
1
1
1
1
1
1
1
1
1
1
1
1
1
1
1
1
1
1
1
1
1
1
1
1
1
1
1
1
1
1
1
1
1
1
1
1
1
1
1
1
1
1
1
1
1
1
1
1
1
1
1
1
1
1
1
1
1
1
1
1
1
1
1
1
1
1
1
1
1
1
1
1
1
1
1
1
1
1
1
1
1
1
1
1
1
1
1
1
1
1
1
1
1
1
1
1
1
1
1
1
1
1
1
1
1
1
1
1
1
1
1
1
1
1
1
1
1
1
1
1
1
1
1
1
1
1
1
1
1
1
1
1
1
1
1
1
1
1
1
1
1
1
1
1
1
1
1
1
1
1
1
1
1
1
1
1
1
1
1
1
1
1
1
1
1
1
1
1
1
1
1
1
1
1
1
1
1
1
1
1
1
1
1
1
1
1
1
1
1
1
1
1
1
1
1
1
1
1
1
1
1
1
1
1
1
1
1
1
1
1
1
1
1
1
1
1
1
1
1
1
1
1
1
1
1
1
1
1
1
1
1
1
1
1
1
1
1
1
1
1
1
1
1
1
1
1
1
1
1
1
1
1
1
1
1
1
1
1
1
1
1
1
1
1
1
1
1
1
1
1
1
1
1
1
1
1
1
1
1
1
1
1
1
1
1
1
1
1
1
1
1
1
1
1
1
1
1
1
1
1
1
1
1
1
1
1
1
1
1
1
1
1
1
1
1
1
1
1
1
1
1
1
1
1
1
1
1
1
1
1
1
1
1
1
1
1
1
1
1
1
1
1
1
1
1
1
1
1
1
1
1
1
1
1
1
1
1
1
1
1
1
1
1
1
1
1
1
1
1
1
1
1
1
1
1
1
1
1
1
1
1
1
1
1
1
1
1
1
1
1
1
1
1
1
1
1
1
1
1
1
1
1
1
1
1
1
1
1
1
1
1
1
1
1
1
1
1
1
1
1
1
1
1
1
1
1
1
1
1
1
1
1
1
1
1
1
1
1
1
1
1
1
1
1
1
1
1
1
1
1
1
1
1
1
1
1
1
1
1
1
1
1
1
1
1
1
1
1
1
1
1
1
1
1
1
1
1
1
1
1
1
1
1
1
1
1
1
1
1
1
1
1
1
1
1
1
1
1
1
1
1
1
1
1
1
1
1
1
1
1
1
1
1
1
1
1
1
1
1
1
1
1
1
1
1
1
1
1
1
1
1
1
1
1
1
1
1
1
1
1
1
1
1
1
1
1
1
1
1
1
1
1
1
1
1
1
1
1
1
1
1
1
1
1
1
1
1
1
1
1
1
1
1
1
1
1
1
1
1
1
1
1
1
1
1
1
1
1
1
1
1
1
1
1
1
1
1
1
1
1
1
1
1
1
1
1
1
1
1
1
1
1
1
1
1
1
1
1
1
1
1
1
1
1
1
1
1
1
1
1
1
1
1
1
1
1
1
1
1
1
1
1
1
1
1
1
1
1
1
1
1
1
1
1
1
1
1
1
1
1
1
1
1
1
1
1
1
1
1
1
1
1
1
1
1
1
1
1
1
1
1
1
1
1
1
1
1
1
1
1
1
1
1
1
1
1
1
1
1
1
1
1
1
1
1
1
1
1
1
1
1
1
1
1
1
1
1
1
1
1
1
1
1
1
1
1
1
1
1
1
1
1
1
1
1
1
1
1
1
1
1
1
1
1
1
1
1
1
1
1
1
1
1
1
1
1
1
1
1
1
1
1
1
1
1
1
1
1
1
1
1
1
1
1
1
1
1
1
1
1
1
1
1
1
1
1
1
1
1
1
1
1
1
1
1
1
1
1
1
1
1
1
1
1
1
1
1
1
1
1
1
1
1
1
1
1
1
1
1
1
1
1
1
1
1
1
1
1
1
1
1
1
1
1
1
1
1
1
1
1
1
1
1
1
1
1
1
1
1
1
1
1
1
1
1
1
1
1
1
1
1
1
1
1
1
1
1
1
1
1
1
1
1
1
1
1
1
1
1
1
1
1
1
1
1
1
1
1
1
1
1
1
1
1
1
1
1
1
1
1
1
1
1
1
1
1
1
1
1
1
1
1
1
1
1
1
1
1
1
1
1
1
1
1
1
1
1
1
1
1
1
1
1
1
1
1
1
1
1
1
1
1
1
1
1
1
1
1
1
1
1
1
1
1
1
1
1
1
1
1
1
1
1
1
1
1
1
1
1
1
1
1
1
1
1
1
1
1
1
1
1
1
1
1
1
1
1
1
1
1
1
1
1
1
1
1
1
1
1
1
1
1
1
1
1
1
1
1
1
1
1
1
1
1
1
1
1
1
1
1
1
1
1
1
1
1
1
1
1
1
1
1
1
1
1
1
1
1
1
1
1
1
1
1
1
1
1
1
1
1
1
1
1
1
1
1
1
1
1
1
1
1
1
1
1
1
1
1
1
1
1
1
1
1
1
1
1
1
1
1
1
1
1
1
1
1
1
1
1
1
1
1
1
1
1
1
1
1
1
1
1
1
1
1
1
1
1
1
1
1
1
1
1
1
1
1
1
1
1
1
1
1
1
1
1
1
1
1
1
1
1
1
1
1
1
1
1
1
1
1
1
1
1
1
1
1
1
1
1
1
1
1
1
1
1
1
1
1
1
1
1
1
1
1
1
1
1
1
1
1
1
1
1
1
1
1
1
1
1
1
1
1
1
1
1
1
1
1
1
1
1
1
1
1
1
1
1
1
1
1
1
1
1
1
1
1
1
1
1
1
1
1
1
1
1
1
1
1
1
1
1
1
1
1
1
1
1
1
1
1
1
1
1
1
1
1
1
1
1
1
1
1
1
1
1
1
1
1
1
1
1
1
1
1
1
1
1
1
1
1
1
1
1
1
1
1
1
1
1
1
1
1
1
1
1
1
1
1
1
1
1
1
1
1
1
1
1
1
1
1
1
1
1
1
1
1
1
1
1
1
1
1
1
1
1
1
1
1
1
1
1
1
1
1
1
1
1
1
1
1
1
1
1
1
1
1
1
1
1
1
1
1
1
1
1
1
1
1
1
1
1
1
1
1
1
1
1
1
1
1
1
1
1
1
1
1
1
1
1
1
1
1
1
1
1
1
1
1
1
1
1
1
1
1
1
1
1
1
1
1
1
1
1
1
1
1
1
1
1
1
1
1
1
1
1
1
1
1
1
1
1
1
1
1
1
1
1
1
1
1
1
1
1
1
1
1
1
1
1
1
1
1
1
1
1
1
1
1
1
1
1
1
1
1
1
1
1
1
1
1
1
1
1
1
1
1
1
1
1
1
1
1
1
1
1
1
1
1
1
1
1
1
1
1
1
1
1
1
1
1
1
1
1
1
1
1
1
1
1
1
1
1
1
1
1
1
1
1
1
1
1
1
1
1
1
1
1
1
1
1
1
1
1
1
1
1
1
1
1
1
1
1
1
1
1
1
1
1
1
1
1
1
1
1
1
1
1
1
1
1
1
1
1
1
1
1
1
1
1
1
1
1
1
1
1
1
1
1
1
1
1
1
1
1
1
1
1
1
1
1
1
1
1
1
1
1
1
1
1
1
1
1
1
1
1
1
1
1
1
1
1
1
1
1
1
1
1
1
1
1
1
1
1
1
1
1
1
1
1
1
1
1
1
1
1
1
1
1
1
1
1
1
1
1
1
1
1
1
1
1
1
1
1
1
1
1
1
1
1
1
1
1
1
1
1
1
1
1
1
1
1
1
1
1
1
1
1
1
1
1
1
1
1
1
1
1
1
1
1
1
1
1
1
1
1
1
1
1
1
1
1
1
1
1
1
1
1
1
1
1
1
1
1
1
1
1
1
1
1
1
1
1
1
1
1
1
1
1
1
1
1
1
1
1
1
1
1
1
1
1
1
1
1
1
1
1
1
1
1
1
1
1
1
1
1
1
1
1
1
1
1
1
1
1
1
1
1
1
1
1
1
1
1
1
1
1
1
1
1
1
1
1
1
1
1
1
1
1
1
1
1
1
1
1
1
1
1
1
1
1
1
1
1
1
1
1
1
1
1
1
1
1
1
1
1
1
1
1
1
1
1
1
1
1
1
1
1
1
1
1
1
1
1
1
1
1
1
1
1
1
1
1
1
1
1
1
1
1
1
1
1
1
1
1
1
1
1
1
1
1
1
1
1
1
1
1
1
1
1
1
1
1
1
1
1
1
1
1
1
1
1
1
1
1
1
1
1
1
1
1
1
1
1
1
1
1
1
1
1
1
1
1
1
1
1
1
1
1
1
1
1
1
1
1
1
1
1
1
1
1
1
1
1
1
1
1
1
1
1
1
1
1
1
1
1
1
1
1
1
1
1
1
1
1
1
1
1
1
1
1
1
1
1
1
1
1
1
1
1
1
1
1
1
1
1
1
1
1
1
1
1
1
1
1
1
1
1
1
1
1
1
1
1
1
1
1
1
1
1
1
1
1
1
1
1
1
1
1
1
1
1
1
1
1
1
1
1
1
1
1
1
1
1
1
1
1
1
1
1
1
1
1
1
1
1
1
1
1
1
1
1
1
1
1
1
1
1
1
1
1
1
1
1
1
1
1
1
1
1
1
1
1
1
1
1
1
1
1
1
1
1
1
1
1
1
1
1
1
1
1
1
1
1
1
1
1
1
1
1
1
1
1
1
1
1
1
1
1
1
1
1
1
1
1
1
1
1
1
1
1
1
1
1
1
1
1
1
1
1
1
1
1
1
1
1
1
1
1
1
1
1
1
1
1
1
1
1
1
1
1
1
1
1
1
1
1
1
1
1
1
1
1
1
1
1
1
1
1
1
1
1
1
1
1
1
1
1
1
1
1
1
1
1
1
1
1
1
1
1
1
1
1
1
1
1
1
1
1
1
1
1
1
1
1
1
1
1
1
1
1
1
1
1
1
1
1
1
1
1
1
1
1
1
1
1
1
1
1
1
1
1
1
1
1
1
1
1
1
1
1
1
1
1
1
1
1
1
1
1
1
1
1
1
1
1
1
1
1
1
1
1
1
1
1
1
1
1
1
1
1
1
1
1
1
1
1
1
1
1
1
1
1
1
1
1
1
1
1
1
1
1
1
1
1
1
1
1
1
1
1
1
1
1
1
1
1
1
1
1
1
1
1
1
1
1
1
1
1
1
1
1
1
1
1
1
1
1
1
1
1
1
1
1
1
1
1
1
1
1
1
1
1
1
1
1
1
1
1
1
1
1
1
1
1
1
1
1
1
1
1
1
1
1
1
1
1
1
1
1
1
1
1
1
1
1
1
1
1
1
1
1
1
1
1
1
1
1
1
1
1
1
1
1
1
1
1
1
1
1
1
1
1
1
1
1
1
1
1
1
1
1
1
1
1
1
1
1
1
1
1
1
1
1
1
1
1
1
1
1
1
1
1
1
1
1
1
1
1
1
1
1
1
1
1
1
1
1
1
1
1
1
1
1
1
1
1
1
1
1
1
1
1
1
1
1
1
1
1
1
1
1
1
1
1
1
1
1
1
1
1
1
1
1
1
1
1
1
1
1
1
1
1
1
1
1
1
1
1
1
1
1
1
1
1
1
1
1
1
1
1
1
1
1
1
1
1
1
1
1
1
1
1
1
1
1
1
1
1
1
1
1
1
1
1
1
1
1
1
1
1
1
1
1
1
1
1
1
1
1
1
1
1
1
1
1
1
1
1
1
1
1
1
1
1
1
1
1
1
1
1
1
1
1
1
1
1
1
1
1
1
1
1
1
1
1
1
1
1
1
1
1
1
1
1
1
1
1
1
1
1
1
1
1
1
1
1
1
1
1
1
1
1
1
1
1
1
1
1
1
1
1
1
1
1
1
1
1
1
1
1
1
1
1
1
1
1
1
1
1
1
1
1
1
1
1
1
1
1
1
1
1
1
1
1
1
1
1
1
1
1
1
1
1
1
1
1
1
1
1
1
1
1
1
1
1
1
1
1
1
1
1
1
1
1
1
1
1
1
1
1
1
1
1
1
1
1
1
1
1
1
1
1
1
1
1
1
1
1
1
1
1
1
1
1
1
1
1
1
1
1
1
1
1
1
1
1
1
1
1
1
1
1
1
1
1
1
1
1
1
1
1
1
1
1
1
1
1
1
1
1
1
1
1
1
1
1
1
1
1
1
1
1
1
1
1
1
1
1
1
1
1
1
1
1
1
1
1
1
1
1
1
1
1
1
1
1
1
1
1
1
1
1
1
1
1
1
1
1
1
1
1
1
1
1
1
1
1
1
1
1
1
1
1
1
1
1
1
1
1
1
1
1
1
1
1
1
1
1
1
1
1
1
1
1
1
1
1
1
1
1
1
1
1
1
1
1
1
1
1
1
1
1
1
1
1
1
1
1
1
1
1
1
1
1
1
1
1
1
1
1
1
1
1
1
1
1
1
1
1
1
1
1
1
1
1
1
1
1
1
1
1
1
1
1
1
1
1
1
1
1
1
1
1
1
1
1
1
1
1
1
1
1
1
1
1
1
1
1
1
1
1
1
1
1
1
1
1
1
1
1
1
1
1
1
1
1
1
1
1
1
1
1
1
1
1
1
1
1
1
1
1
1
1
1
1
1
1
1
1
1
1
1
1
1
1
1
1
1
1
1
1
1
1
1
1
1
1
1
1
1
1
1
1
1
1
1
1
1
1
1
1
1
1
1
1
1
1
1
1
1
1
1
1
1
1
1
1
1
1
1
1
1
1
1
1
1
1
1
1
1
1
1
1
1
1
1
1
1
1
1
1
1
1
1
1
1
1
1
1
1
1
1
1
1
1
1
1
1
1
1
1
1
1
1
1
1
1
1
1
1
1
1
1
1
1
1
1
1
1
1
1
1
1
1
1
1
1
1
1
1
1
1
1
1
1
1
1
1
1
1
1
1
1
1
1
1
1
1
1
1
1
1
1
1
1
1
1
1
1
1
1
1
1
1
1
1
1
1
1
1
1
1
1
1
1
1
1
1
1
1
1
1
1
1
1
1
1
1
1
1
1
1
1
1
1
1
1
1
1
1
1
1
1
1
1
1
1
1
1
1
1
1
1
1
1
1
1
1
1
1
1
1
1
1
1
1
1
1
1
1
1
1
1
1
1
1
1
1
1
1
1
1
1
1
1
1
1
1
1
1
1
1
1
1
1
1
1
1
1
1
1
1
1
1
1
1
1
1
1
1
1
1
1
1
1
1
1
1
1
1
1
1
1
1
1
1
1
1
1
1
1
1
1
1
1
1
1
1
1
1
1
1
1
1
1
1
1
1
1
1
1
1
1
1
1
1
1
1
1
1
1
1
1
1
1
1
1
1
1
1
1
1
1
1
1
1
1
1
1
1
1
1
1
1
1
1
1
1
1
1
1
1
1
1
1
1
1
1
1
1
1
1
1
1
1
1
1
1
1
1
1
1
1
1
1
1
1
1
1
1
1
1
1
1
1
1
1
1
1
1
1
1
1
1
1
1
1
1
1
1
1
1
1
1
1
1
1
1
1
1
1
1
1
1
1
1
1
1
1
1
1
1
1
1
1
1
1
1
1
1
1
1
1
1
1
1
1
1
1
1
1
1
1
1
1
1
1
1
1
1
1
1
1
1
1
1
1
1
1
1
1
1
1
1
1
1
1
1
1
1
1
1
1
1
1
1
1
1
1
1
1
1
1
1
1
1
1
1
1
1
1
1
1
1
1
1
1
1
1
1
1
1
1
1
1
1
1
1
1
1
1
1
1
1
1
1
1
1
1
1
1
1
1
1
1
1
1
1
1
1
1
1
1
1
1
1
1
1
1
1
1
1
1
1
1
1
1
1
1
1
1
1
1
1
1
1
1
1
1
1
1
1
1
1
1
1
1
1
1
1
1
1
1
1
1
1
1
1
1
1
1
1
1
1
1
1
1
1
1
1
1
1
1
1
1
1
1
1
1
1
1
1
1
1
1
1
1
1
1
1
1
1
1
1
1
1
1
1
1
1
1
1
1
1
1
1
1
1
1
1
1
1
1
1
1
1
1
1
1
1
1
1
1
1
1
1
1
1
1
1
1
)
;

boundaryField
{
    inlet
    {
        type            fixedValue;
        value           uniform 1;
    }
    outlet
    {
        type            inletOutlet;
        inletValue      uniform 1;
        value           uniform 1;
    }
    bottom
    {
        type            symmetryPlane;
    }
    top
    {
        type            symmetryPlane;
    }
    obstacle
    {
        type            zeroGradient;
    }
    defaultFaces
    {
        type            empty;
    }
}


// ************************************************************************* //
