/*--------------------------------*- C++ -*----------------------------------*\
  =========                 |
  \\      /  F ield         | OpenFOAM: The Open Source CFD Toolbox
   \\    /   O peration     | Website:  https://openfoam.org
    \\  /    A nd           | Version:  7
     \\/     M anipulation  |
\*---------------------------------------------------------------------------*/
FoamFile
{
    version     2.0;
    format      ascii;
    class       volScalarField;
    location    "1.8";
    object      p;
}
// * * * * * * * * * * * * * * * * * * * * * * * * * * * * * * * * * * * * * //

dimensions      [1 -1 -2 0 0 0 0];

internalField   nonuniform List<scalar> 
4032
(
1
1
1
1
1
1
1
1
1
1
1
1
1
1
1
1
1
1
1
1
1
1
1
1
1
1
1
1
1
1
1
1
1
1
1
1
1
1
1
1
1
1
1
1.00003
1.07758
4.58132
13.8895
16.8234
1
1
1
1
1
1
1
1
1
1
1
1
1
1
1
1
1
1
1
1
1
1
1
1
1
1
1
1
1
1
1
1
1
1
1
1
1
1
1
1
1
1
1
1
1.00033
1.25307
6.50252
14.6819
1
1
1
1
1
1
1
1
1
1
1
1
1
1
1
1
1
1
1
1
1
1
1
1
1
1
1
1
1
1
1
1
1
1
1
1
1
1
1
1
1
1
1
1
1
1.00205
1.62726
8.43112
1
1
1
1
1
1
1
1
1
1
1
1
1
1
1
1
1
1
1
1
1
1
1
1
1
1
1
1
1
1
1
1
1
1
1
1
1
1
1
1
1
1
1
1
1
1
1.00969
2.24424
1
1
1
1
1
1
1
1
1
1
1
1
1
1
1
1
1
1
1
1
1
1
1
1
1
1
1
1
1
1
1
1
1
1
1
1
1
1
1
1
1
1
1
1
1
1
1.00002
1.03343
1
1
1
1
1
1
1
1
1
1
1
1
1
1
1
1
1
1
1
1
1
1
1
1
1
1
1
1
1
1
1
1
1
1
1
1
1
1
1
1
1
1
1
1
1
1
1
1.00011
1
1
1
1
1
1
1
1
1
1
1
1
1
1
1
1
1
1
1
1
1
1
1
1
1
1
1
1
1
1
1
1
1
1
1
1
1
1
1
1
1
1
1
1
1
1
1
1
1
1
1
1
1
1
1
1
1
1
1
1
1
1
1
1
1
1
1
1
1
1
1
1
1
1
1
1
1
1
1
1
1
1
1
1
1
1
1
1
1
1
1
1
1
1
1
1
1
1
1
1
1
1
1
1
1
1
1
1
1
1
1
1
1
1
1
1
1
1
1
1
1
1
1
1
1
1
1
1
1
1
1
1
1
1
1
1
1
1
1
1
1
1
1
1
1
1
1
1
1
1
1
1
1
1
1
1
1
1
1
1
1
1
1
1
1
1
1
1
1
1
1
1
1
1
1
1
1
1
1
1
1
1
1
1
1
1
1
1
1
1
1
1
1
1
1
1
1
1
1
1
1
1
1
1
1
1
1
1
1
1
1
1
1
1
1
1
1
1
1
1
1
1
1
1
1
1
1
1
1
1
1
1
1
1
1
1
1
1
1
1
1
1
1
1
1
1
1
1
1
1
1
1
1
1
1
1
1
1
1
1
1
1
1
1
1
1
1
1
1
1
1
1
1
1
1
1
1
1
1
1
1
1
1
1
1
1
1
1
1
1
1
1
1
1
1
1
1
1
1
1
1
1
1
1
1
1
1
1
1
1
1
1
1
1
1
1
1
1
1
1
1
1
1
1
1
1
1
1
1
1
1
1
1
1
1
1
1
1
1
1
1
1
1
1
1
1
1
1
1
1
1
1
1
1
1
1
1
1
1
1
1
1
1
1
1
1
1
1
1
1
1
1
1
1
1
1
1
1
1
1
1
1
1
1
1
1
1
1
1
1
1
1
1
1
1
1
1
1
1
1
1
1
1
1
1
1
1
1
1
1
1
1
1
1
1
1
1
1
1
1
1
1
1
1
1
1
1
1
1
1
1
1
1
1
1
1
1
1
1
1
1
1
1
1
1
1
1
1
1
1
1
1
1
1
1
1
1
1
1
1
1
1
1
1
1
1
1
1
1
1
1
1
1
1
1
1
1
1
1
1
1
1
1
1
1
1
1
1
1
1
1
1
1
1
1
1
1
1
1
1
1
1
1
1
1
1
1
1
1
1
1
1
1
1
1
1
1
1
1
1
1
1
1
1
1
1
1
1
1
1
1
1
1
1
1
1
1
1
1
1
1
1
1
1
1
1
1
1
1
1
1
1
1
1
1
1
1
1
1
1
1
1
1
1
1
1
1
1
1
1
1
1
1
1
1
1
1
1
1
1
1
1
1
1
1
1
1
1
1
1
1
1
1
1
1
1
1
1
1
1
1
1
1
1
1
1
1
1
1
1
1
1
1
1
1
1
1
1
1
1
1
1
1
1
1
1
1
1
1
1
1
1
1
1
1
1
1
1
1
1
1
1
1
1
1
1
1
1
1
1
1
1
1
1
1
1
1
1
1
1
1
1
1
1
1
1
1
1
1
1
1
1
1
1
1
1
1
1
1
1
1
1
1
1
1
1
1
1
1
1
1
1
1
1
1
1
1
1
1
1
1
1
1
1
1
1
1
1
1
1
1
1
1
1
1
1
1
1
1
1
1
1
1
1
1
1
1
1
1
1
1
1
1
1
1
1
1
1
1
1
1
1
1
1
1
1
1
1
1
1
1
1
1
1
1
1
1
1
1
1
1
1
1
1
1
1
1
1
1
1
1
1
1
1
1
1
1
1
1
1
1
1
1
1
1
1
1
1
1
1
1
1
1
1
1
1
1
1
1
1
1
1
1
1
1
1
1
1
1
1
1
1
1
1
1
1
1
1
1
1
1
1
1
1
1
1
1
1
1
1
1
1
1
1
1
1
1
1
1
1
1
1
1
1
1
1
1
1
1
1
1
1
1
1
1
1
1
1
1
1
1
1
1
1
1
1
1
1
1
1
1
1
1
1
1
1
1
1
1
1
1
1
1
1
1
1
1
1
1
1
1
1
1
1
1
1
1
1
1
1
1
1
1
1
1
1
1
1
1
1
1
1
1
1
1
1
1
1
1
1
1
1
1
1
1
1
1
1
1
1
1
1
1
1
1
1
1
1
1
1
1
1
1
1
1
1
1
1
1
1
1
1
1
1
1
1
1
1
1
1
1
1
1
1
1
1
1
1
1
1
1
1
1
1
1
1
1
1
1
1
1
1
1
1
1
1
1
1
1
1
1
1
1
1
1
1
1
1
1
1
1
1
1
1
1
1
1
1
1
1
1
1
1
1
1
1
1
1
1
1
1
1
1
1
1
1
1
1
1
1
1
1
1
1
1
1
1
1
1
1
1
1
1
1
1
1
1
1
1
1
1
1
1
1
1
1
1
1
1
1
1
1
1
1
1
1
1
1
1
1
1
1
1
1
1
1
1
1
1
1
1
1
1
1
1
1
1
1
1
1
1
1
1
1
1
1
1
1
1
1
1
1
1
1
1
1
1
1
1
1
1
1
1
1
1
1
1
1
1
1
1
1
1
1
1
1
1
1
1
1
1
1
1
1
1
1
1
1
1
1
1
1
1
1
1
1
1
1
1
1
1
1
1
1
1
1
1
1
1
1
1
1
1
1
1
1
1
1
1
1
1
1
1
1
1
1
1
1
1
1
1
1
1
1
1
1
1
1
1
1
1
1
1
1
1
1
1
1
1
1
1
1
1
1
1
1
1
1
1
1
1
1
1
1
1
1
1
1
1
1
1
1
1
1
1
1
1
1
1
1
1
1
1
1
1
1
1
1
1
1
1
1
1
1
1
1
1
1
1
1
1
1
1
1
1
1
1
1
1
1
1
1
1
1
1
1
1
1
1
1
1
1
1
1
1
1
1
1
1
1
1
1
1
1
1
1
1
1
1
1
1
1
1
1
1
1
1
1
1
1
1
1
1
1
1
1
1
1
1
1
1
1
1
1
1
1
1
1
1
1
1
1
1
1
1
1
1
1
1
1
1
1
1
1
1
1
1
1
1
1
1
1
1
1
1
1
1
1
1
1
1
1
1
1
1
1
1
1
1
1
1
1
1
1
1
1
1
1
1
1
1
1
1
1
1
1
1
1
1
1
1
1
1
1
1
1
1
1
1
1
1
1
5.98134
5.78759
5.60696
5.38817
5.21664
5.0001
4.84677
4.6988
4.53729
4.40477
4.23796
4.12037
3.99535
3.8857
3.78611
3.69266
3.61661
3.5149
3.41963
3.31667
3.22585
3.13988
3.06128
2.98514
2.88755
2.8255
2.77988
2.73384
2.68699
2.6523
2.61373
2.5595
2.50087
2.44701
2.39732
2.33336
2.24993
2.18753
2.17504
2.16691
2.15254
2.13169
16.3014
15.606
14.9988
14.3979
13.794
13.2311
12.7275
12.2128
11.6969
11.197
10.7804
10.3588
9.94118
9.51433
9.11369
8.7896
8.44365
8.1355
7.79608
7.47509
7.22189
6.92734
6.68636
6.43548
6.18186
5.99804
5.76497
5.56811
5.36042
5.16384
5.02423
4.84697
4.70294
4.53558
4.38922
4.27674
4.14424
4.04578
3.93058
3.84384
3.74414
3.63093
3.52336
3.41798
3.34009
3.2521
3.17332
3.07497
2.98446
2.9402
2.89444
2.8531
2.80776
2.75228
2.68716
2.61878
2.56345
2.52377
2.47637
2.40375
2.31287
2.26822
2.25671
2.24347
2.22317
2.20306
16.5263
15.8632
15.1918
14.605
14.0061
13.457
12.9392
12.4225
11.8999
11.4425
11.0115
10.5618
10.1316
9.71823
9.3776
9.00724
8.64502
8.30546
7.96736
7.70509
7.40712
7.12609
6.87466
6.58365
6.38595
6.15517
5.92664
5.74379
5.50503
5.35429
5.18045
5.00637
4.85702
4.67104
4.56047
4.42822
4.30645
4.19169
4.07496
3.98125
3.85632
3.74604
3.62768
3.53614
3.45165
3.36074
3.27797
3.16468
3.108
3.06319
3.01131
2.95698
2.90193
2.84325
2.7705
2.70672
2.65204
2.59116
2.51293
2.4439
2.3948
2.37287
2.3598
2.34081
2.3117
2.27223
15.0275
16.1636
15.5346
14.8204
14.2143
13.6898
13.1723
12.6355
12.0988
11.6636
11.2222
10.7825
10.3166
9.93425
9.57314
9.1972
8.85009
8.47653
8.19042
7.88902
7.57281
7.31554
7.01456
6.79397
6.57131
6.31245
6.11829
5.87288
5.68778
5.52948
5.32983
5.18368
4.9907
4.84298
4.72465
4.57739
4.46465
4.32445
4.21825
4.10002
3.96988
3.85686
3.73917
3.66089
3.56464
3.47639
3.37561
3.27759
3.23548
3.1802
3.12606
3.0671
2.9932
2.91609
2.84355
2.78864
2.7356
2.66758
2.58184
2.51589
2.47855
2.46015
2.44625
2.42365
2.39216
2.35304
9.90437
15.2264
15.8053
15.1577
14.4459
13.9111
13.3821
12.8243
12.3322
11.8887
11.4269
10.9495
10.5111
10.162
9.76687
9.39645
8.99973
8.67893
8.39046
8.05826
7.78317
7.47019
7.203
6.98587
6.71619
6.5029
6.2782
6.0438
5.88892
5.68036
5.50409
5.3334
5.13768
5.02443
4.87209
4.7381
4.60341
4.45995
4.35007
4.20814
4.09074
3.96539
3.86908
3.78242
3.67704
3.58894
3.47231
3.414
3.36412
3.29834
3.23379
3.15266
3.07608
2.99944
2.93195
2.87696
2.80602
2.71979
2.64992
2.61197
2.58767
2.56557
2.54045
2.50195
2.44937
2.40431
2.99801
11.0035
15.1133
15.4035
14.749
14.1461
13.5756
13.0113
12.5599
12.0967
11.6251
11.1119
10.7347
10.3565
9.96306
9.56292
9.18327
8.90169
8.55998
8.2502
7.94703
7.64126
7.42217
7.14876
6.89664
6.68289
6.41542
6.24844
6.04809
5.83796
5.685
5.46358
5.3243
5.18132
5.01485
4.88939
4.72217
4.60111
4.46813
4.32686
4.2127
4.08453
4.00312
3.89677
3.79569
3.69315
3.59588
3.55117
3.48226
3.41165
3.32906
3.23557
3.15724
3.0841
3.02574
2.96079
2.87739
2.79662
2.74293
2.70762
2.68218
2.65998
2.62747
2.58051
2.52664
2.47585
1.08385
3.79579
11.7009
14.9316
15.0331
14.4339
13.7638
13.2306
12.7811
12.3096
11.7946
11.318
10.9662
10.5564
10.1583
9.71266
9.41298
9.09725
8.75057
8.44235
8.09483
7.86496
7.6018
7.31357
7.09673
6.81646
6.61763
6.42866
6.19074
6.02363
5.81301
5.62931
5.49771
5.31419
5.17399
5.0137
4.85425
4.73434
4.57886
4.46047
4.32905
4.22382
4.13211
4.01185
3.91705
3.79956
3.7387
3.67915
3.59495
3.51417
3.40474
3.32097
3.24791
3.17991
3.12092
3.0344
2.94707
2.88445
2.84476
2.81503
2.78559
2.74987
2.69951
2.63879
2.58454
2.54065
1.00043
1.16441
4.54471
12.1421
14.7452
14.7552
14.0415
13.4761
13.0105
12.5353
11.9744
11.5768
11.1853
10.7739
10.3252
9.92091
9.64441
9.28577
8.96366
8.58782
8.30761
8.07273
7.7616
7.5201
7.24333
6.99521
6.81846
6.57063
6.36868
6.17874
5.949
5.81584
5.63456
5.45886
5.31887
5.12591
5.00305
4.85635
4.70968
4.59637
4.45381
4.36538
4.24864
4.13561
4.03211
3.93105
3.87794
3.79136
3.70099
3.5925
3.48602
3.41722
3.34394
3.28035
3.2015
3.10271
3.03926
2.98839
2.95079
2.91412
2.87821
2.83204
2.76842
2.70777
2.65286
2.59533
1
1.00118
1.26943
5.22388
12.3978
14.5625
14.4164
13.7862
13.2754
12.7422
12.2091
11.8333
11.4037
10.9873
10.4826
10.1772
9.85657
9.49774
9.13849
8.7565
8.54096
8.24494
7.95744
7.69392
7.38778
7.21253
6.97628
6.72958
6.55059
6.29344
6.13565
5.97102
5.7634
5.6229
5.42767
5.2732
5.14478
4.97595
4.86051
4.71659
4.59871
4.49923
4.36472
4.2662
4.14686
4.07392
3.99864
3.89238
3.79347
3.66263
3.58692
3.5195
3.44565
3.37653
3.26678
3.19262
3.14369
3.09667
3.05666
3.01357
2.9635
2.90033
2.83006
2.7729
2.72069
2.65688
1
1
1.00257
1.39497
5.79193
12.5023
14.3291
14.1702
13.604
12.9346
12.4684
12.0644
11.6445
11.1602
10.7057
10.4325
10.0566
9.71203
9.277
8.99218
8.7509
8.42467
8.16138
7.81817
7.60275
7.40086
7.12043
6.92471
6.67319
6.46305
6.31773
6.09709
5.92701
5.75552
5.55299
5.43562
5.26907
5.12237
5.00137
4.84134
4.74709
4.61683
4.49373
4.38976
4.27617
4.20636
4.09798
3.98834
3.86771
3.75643
3.69992
3.62266
3.54859
3.45373
3.34525
3.30348
3.25347
3.20636
3.15571
3.09974
3.03801
2.96507
2.89959
2.8447
2.7831
2.70526
1
1
1
1.00483
1.52854
6.21168
12.4916
14.1092
13.9545
13.2287
12.7239
12.3081
11.8886
11.328
10.9871
10.6546
10.2742
9.89373
9.45607
9.24287
8.93746
8.63557
8.31117
7.99131
7.8232
7.55373
7.3093
7.08209
6.80541
6.66648
6.46088
6.24451
6.09312
5.85971
5.72482
5.58026
5.39842
5.28274
5.11346
4.99138
4.88197
4.73278
4.63121
4.50238
4.41067
4.3173
4.18797
4.08148
3.9469
3.87695
3.81221
3.72491
3.64404
3.51985
3.45851
3.41986
3.36357
3.31082
3.24345
3.17623
3.10556
3.03345
2.975
2.91614
2.84373
2.76725
1
1
1
1.00001
1.00808
1.64723
6.49684
12.418
13.8871
13.6442
13.0535
12.595
12.0835
11.5561
11.2548
10.8652
10.5116
10.0333
9.71229
9.47614
9.12856
8.83376
8.43547
8.22294
8.01509
7.72313
7.50392
7.19127
7.00948
6.84378
6.59346
6.42835
6.2082
6.01752
5.89736
5.70345
5.55961
5.41505
5.24076
5.14418
4.99735
4.86643
4.75443
4.62121
4.53638
4.40938
4.28565
4.17115
4.05702
4.00355
3.91633
3.82694
3.72572
3.61547
3.58416
3.53142
3.47044
3.40033
3.31796
3.24773
3.17668
3.11054
3.05298
2.98205
2.90173
2.84274
1
1
1
1
1.00002
1.01144
1.7418
6.65142
12.2382
13.6493
13.4435
12.9399
12.2643
11.8186
11.4941
11.1154
10.7157
10.2111
9.99012
9.67165
9.33976
8.99114
8.61921
8.4595
8.1872
7.92737
7.64342
7.35269
7.22099
6.98891
6.77146
6.58371
6.32716
6.21083
6.03936
5.84602
5.72139
5.51865
5.40099
5.27943
5.11373
5.00755
4.85908
4.75131
4.64667
4.4995
4.39585
4.26661
4.19066
4.1221
4.01535
3.92776
3.80566
3.74454
3.70548
3.63459
3.56673
3.47146
3.39024
3.32344
3.25528
3.19477
3.12382
3.04194
2.97593
2.92737
1
1
1
1
1
1.00003
1.01466
1.81597
6.62924
12.082
13.4027
13.2777
12.5833
12.0985
11.7374
11.3868
10.8654
10.4758
10.2367
9.86667
9.56152
9.12013
8.87137
8.67824
8.36892
8.11795
7.75966
7.5763
7.40807
7.14503
6.96092
6.68716
6.5144
6.38627
6.16697
6.02069
5.83792
5.65752
5.56016
5.39224
5.25467
5.12874
4.97234
4.88131
4.74226
4.61182
4.5063
4.38321
4.32443
4.22629
4.11989
4.02405
3.91266
3.87549
3.81134
3.7301
3.64545
3.53774
3.47162
3.40711
3.34159
3.27725
3.18329
3.11159
3.06376
3.10291
1
1
1
1
1
1
1.00004
1.01797
1.82004
6.56391
11.818
13.154
13.019
12.4573
12.029
11.6081
11.0404
10.7667
10.4548
10.109
9.74144
9.29325
9.13749
8.86727
8.57382
8.2704
7.93328
7.8052
7.57086
7.3353
7.10428
6.82517
6.71904
6.53108
6.32683
6.17727
5.93842
5.8291
5.69644
5.51573
5.4022
5.22633
5.10852
5.00086
4.84367
4.74299
4.61033
4.51987
4.44773
4.32463
4.23199
4.11565
4.04242
3.99362
3.90224
3.8188
3.7081
3.61827
3.56369
3.49541
3.43069
3.34681
3.24709
3.20107
3.28691
4.23886
1
1
1
1
1
1
1
1.00006
1.01771
1.80813
6.33797
11.5306
12.9461
12.8359
12.405
11.8142
11.2713
11.0284
10.6789
10.3587
9.86808
9.55482
9.38238
9.05365
8.78369
8.39489
8.16432
8.01365
7.74165
7.52328
7.20898
7.03311
6.90497
6.6673
6.50505
6.28244
6.09482
5.99918
5.81396
5.66765
5.52412
5.34104
5.25156
5.10918
4.9742
4.86957
4.72514
4.65861
4.55549
4.43449
4.34178
4.22086
4.17008
4.09347
3.98995
3.89755
3.77414
3.7178
3.65982
3.58664
3.51411
3.40588
3.34183
3.44304
4.85649
8.19334
1
1
1
1
1
1
1
1
1.00006
1.01758
1.77735
6.00886
11.297
12.6706
12.7433
12.1696
11.5729
11.2685
10.9397
10.5673
10.0367
9.8483
9.58753
9.26427
8.96624
8.54784
8.40898
8.20541
7.93986
7.67325
7.35098
7.24477
7.06164
6.84074
6.65735
6.389
6.28887
6.14694
5.94521
5.82243
5.61808
5.49285
5.39048
5.22466
5.12027
4.97683
4.86047
4.78762
4.65623
4.55637
4.44024
4.34372
4.28679
4.17852
4.07986
3.96542
3.86771
3.82572
3.75509
3.67696
3.58605
3.49994
3.65889
5.26119
9.15026
11.7117
1
1
1
1
1
1
1
1
1
1.00006
1.01737
1.67015
5.7098
10.8828
12.4022
12.5315
11.9991
11.5307
11.1952
10.7074
10.2908
10.1131
9.78096
9.50178
9.10287
8.79072
8.66497
8.37899
8.12299
7.79904
7.54861
7.44408
7.22752
7.03124
6.76002
6.56383
6.47381
6.27446
6.11208
5.94404
5.73952
5.66182
5.51533
5.36383
5.25704
5.08265
5.0033
4.90328
4.76911
4.6761
4.5394
4.46791
4.38585
4.26456
4.16977
4.04317
3.98159
3.93222
3.84481
3.76667
3.69916
3.94358
5.98918
9.99838
12.5494
12.6051
1
1
1
1
1
1
1
1
1
1
1.00006
1.01282
1.58776
5.29279
10.3932
12.2071
12.3451
11.9405
11.5312
10.867
10.5675
10.3619
10.0549
9.72946
9.23843
9.06989
8.86847
8.5513
8.30913
7.93618
7.78273
7.64646
7.40835
7.18657
6.87674
6.7602
6.63503
6.42874
6.27573
6.03299
5.91551
5.81952
5.63412
5.51846
5.36164
5.21545
5.14536
5.00844
4.89424
4.78243
4.65121
4.58546
4.47292
4.36139
4.25756
4.14515
4.10213
4.02382
3.93689
3.91281
4.38129
7.00798
11.2056
13.2382
12.9294
12.3518
1
1
1
1
1
1
1
1
1
1
1
1.00004
1.0104
1.50756
4.67375
10.0571
11.9657
12.1758
11.8932
11.1946
10.8359
10.5745
10.2836
9.85369
9.43811
9.31953
9.05248
8.78108
8.45812
8.1284
8.04176
7.82418
7.57488
7.32111
7.04047
6.95573
6.79335
6.60711
6.39496
6.16179
6.09506
5.95232
5.7832
5.65909
5.45358
5.37241
5.27521
5.1194
5.02308
4.87579
4.77581
4.69634
4.56365
4.46966
4.34876
4.26761
4.2126
4.10453
4.12897
4.89416
8.45491
12.2817
13.6117
13.5391
13.0118
12.471
1
1
1
1
1
1
1
1
1
1
1
1
1.00003
1.00874
1.35896
4.25962
9.53462
11.389
11.9872
11.5988
11.0856
10.7783
10.5334
10.0476
9.68034
9.55034
9.29584
9.02201
8.57881
8.376
8.25522
7.97842
7.75631
7.44784
7.24915
7.15841
6.95526
6.76132
6.48965
6.33813
6.26249
6.08773
5.94604
5.75318
5.59069
5.53034
5.38628
5.25211
5.13956
4.97576
4.90689
4.80044
4.67317
4.58225
4.45201
4.39026
4.30714
4.40014
5.61371
9.77122
13.624
14.3837
14.1534
13.7523
13.2969
12.9053
1
1
1
1
1
1
1
1
1
1
1
1
1
1.00002
1.00489
1.27083
3.89198
8.59366
11.4048
11.8619
11.5833
11.2137
10.8257
10.2404
10.0223
9.82155
9.51475
9.15769
8.72319
8.61623
8.44796
8.18825
7.93297
7.57736
7.47682
7.34109
7.10861
6.90239
6.62117
6.52626
6.42061
6.24405
6.08395
5.84386
5.76048
5.67403
5.50452
5.39418
5.22657
5.10708
5.04202
4.90125
4.80217
4.68401
4.56991
4.51029
4.72698
6.88621
11.4073
14.9406
15.1309
14.6809
14.1966
13.851
13.5436
13.2055
1
1
1
1
1
1
1
1
1
1
1
1
1
1
1.00001
1.00291
1.22891
3.19776
8.03417
11.136
11.5297
11.5144
11.1677
10.506
10.2722
9.96847
9.66843
9.31774
8.93319
8.84261
8.65453
8.41804
8.05841
7.77037
7.70312
7.49863
7.27539
7.0378
6.78766
6.72308
6.58213
6.40641
6.18766
5.98032
5.92935
5.80344
5.65152
5.51627
5.32073
5.26261
5.16398
5.02065
4.92889
4.78854
4.73496
5.23841
8.25452
13.6077
16.1865
15.8643
15.1085
14.4627
14.0963
13.8996
13.6872
13.3796
1
1
1
1
1
1
1
1
1
1
1
1
1
1
1
1
1.00258
1.12734
2.6116
7.49177
10.2434
11.4282
11.4895
10.922
10.4647
10.14
9.92474
9.49957
9.17682
9.09557
8.89316
8.61695
8.18249
8.00114
7.89988
7.66275
7.46008
7.15749
6.99537
6.92694
6.73951
6.55115
6.29494
6.15081
6.08945
5.94225
5.80198
5.59931
5.46313
5.41818
5.26865
5.15928
5.03599
5.0786
6.19882
10.16
15.5957
17.2623
16.9294
16.1086
15.154
14.5295
14.2337
14.0396
13.8809
13.6125
1
1
1
1
1
1
1
1
1
1
1
1
1
1
1
1
1
1.00099
1.06678
2.46173
6.22051
10.0072
11.3782
11.3215
10.9007
10.5928
10.2262
9.64878
9.51921
9.38668
9.09624
8.75417
8.34976
8.23006
8.09702
7.88485
7.62003
7.28867
7.22407
7.10617
6.88645
6.69925
6.42983
6.33084
6.25006
6.09407
5.92752
5.6933
5.63049
5.53761
5.39929
5.29859
5.50749
7.8217
12.9361
17.1114
18.2038
17.634
16.8543
16.1149
15.332
14.8402
14.5317
14.2727
14.0813
13.807
1
1
1
1
1
1
1
1
1
1
1
1
1
1
1
1
1
1
1.00039
1.05986
1.97755
5.08124
9.7194
11.1498
11.2008
10.9504
10.4168
9.79686
9.70759
9.48994
9.22923
8.99102
8.59786
8.41289
8.28642
8.0989
7.74093
7.48545
7.42858
7.25248
7.05503
6.83219
6.57822
6.52504
6.40783
6.2327
6.0313
5.83254
5.77418
5.6547
5.61254
6.23051
9.82221
16.0897
18.5656
19.0988
18.6021
17.7763
17.0204
16.3595
15.5948
15.0605
14.7332
14.4492
14.2164
13.9253
1
1
1
1
1
1
1
1
1
1
1
1
1
1
1
1
1
1
1
1.00034
1.02861
1.48621
4.63361
8.92158
10.4652
11.1905
10.8779
10.1528
9.83856
9.58014
9.46259
9.22843
8.81766
8.68224
8.53676
8.26391
7.83341
7.6578
7.60854
7.44241
7.25397
6.9264
6.76096
6.7131
6.54195
6.3635
6.1392
6.0059
5.8955
6.03808
7.74045
12.7772
18.965
19.8693
19.3861
18.8247
18.2711
17.7552
17.2592
16.7427
16.0341
15.2965
14.8721
14.559
14.2641
13.9521
1
1
1
1
1
1
1
1
1
1
1
1
1
1
1
1
1
1
1
1
1.00011
1.00794
1.38252
4.14037
7.72531
10.2747
11.035
10.7821
10.3743
10.0424
9.7633
9.30273
9.11321
9.01886
8.72651
8.39388
8.04405
7.83373
7.77854
7.66183
7.42749
7.04917
6.97082
6.87732
6.67757
6.51513
6.26943
6.20041
6.79102
10.2582
16.8737
21.6385
21.9952
21.0044
19.6572
18.6967
18.1563
17.8296
17.4588
17.0465
16.5139
15.783
15.1074
14.672
14.3275
13.9971
1
1
1
1
1
1
1
1
1
1
1
1
1
1
1
1
1
1
1
1
1
1.00002
1.00596
1.30805
3.09824
6.58211
10.1339
10.7242
10.6108
10.4496
10.0465
9.45675
9.35944
9.13016
8.77182
8.587
8.33374
8.03299
7.9707
7.86853
7.55332
7.22398
7.1579
7.00215
6.85903
6.65409
6.72817
8.63165
14.014
20.9227
23.5983
23.1276
21.8067
20.3438
19.3228
18.7598
18.3107
17.9846
17.6178
17.2121
16.7704
16.2163
15.4759
14.7602
14.3302
14.0151
1
1
1
1
1
1
1
1
1
1
1
1
1
1
1
1
1
1
1
1
1
1
1.00001
1.00432
1.13357
2.03504
6.15322
9.56735
10.0266
10.4596
10.2708
9.74088
9.46275
9.1721
9.03392
8.91848
8.4879
8.24687
8.21469
8.05486
7.69425
7.40676
7.31676
7.19034
7.10075
7.81967
11.8491
19.1463
23.8308
25.5651
24.9629
23.5272
21.7913
20.3059
19.3225
18.8714
18.5005
18.1755
17.7895
17.363
16.9435
16.4896
15.8519
14.9714
14.3157
14.0044
1
1
1
1
1
1
1
1
1
1
1
1
1
1
1
1
1
1
1
1
1
1
1
1.00001
1.00106
1.03041
1.89168
5.53886
8.20469
9.91556
10.6162
10.2719
9.82269
9.54529
9.40103
9.01942
8.68889
8.64575
8.47247
8.14083
7.84239
7.61779
7.46408
7.7937
10.3878
17.0202
24.3787
25.5798
25.2084
24.6054
23.9409
22.9396
21.99
20.997
19.9072
19.0993
18.6288
18.2428
17.8577
17.4604
17.0657
16.6408
16.0927
15.3062
14.4609
14.014
1
1
1
1
1
1
1
1
1
1
1
1
1
1
1
1
1
1
1
1
1
1
1
1
1
1.00015
1.02742
1.77975
4.06691
7.17469
9.93849
10.4322
10.2953
10.0361
9.67594
9.0863
8.99168
8.86926
8.47803
8.25026
8.14318
8.06938
9.56345
15.4646
23.5875
28.8459
28.9748
27.4826
25.564
24.0223
23.0077
22.4867
22.1867
21.6451
20.6062
19.4863
18.72
18.2219
17.8315
17.4622
17.0906
16.6898
16.2237
15.6249
14.8401
14.1342
1
1
1
1
1
1
1
1
1
1
1
1
1
1
1
1
1
1
1
1
1
1
1
1
1
1
1.00013
1.02183
1.32609
2.53601
6.67801
9.64352
9.83202
10.066
9.86323
9.37717
9.08606
8.76888
8.60143
8.57827
9.51266
13.9193
22.9229
29.8865
30.3384
29.4739
28.2463
26.8511
25.6705
24.5149
23.4159
22.7328
22.301
21.7808
20.9831
19.9796
18.997
18.3057
17.8429
17.4708
17.1306
16.7801
16.3831
15.8874
15.2053
14.4001
1
1
1
1
1
1
1
1
1
1
1
1
1
1
1
1
1
1
1
1
1
1
1
1
1
1
1
1.00007
1.00428
1.06561
2.22479
6.36935
8.37429
9.46474
10.2185
9.89425
9.52027
9.1502
9.57293
12.4295
20.8993
29.8226
34.8951
35.0025
32.904
29.9061
27.619
26.0686
24.9895
24.3223
23.566
22.7918
22.127
21.5715
21.0142
20.2462
19.2037
18.3173
17.7473
17.3265
16.9792
16.6596
16.3319
15.926
15.3602
14.6457
1
1
1
1
1
1
1
1
1
1
1
1
1
1
1
1
1
1
1
1
1
1
1
1
1
1
1
1
1.00001
1.00044
1.05403
2.21807
4.92814
7.19871
9.36533
10.7331
11.6994
14.4677
20.9678
28.2423
31.5697
33.464
33.4189
32.7415
32.0018
30.6183
28.6806
26.6277
24.9773
24.3109
23.8737
23.3748
22.8221
22.1901
21.5388
20.7622
19.7685
18.7761
18.1242
17.6738
17.2774
16.8806
16.4496
16.039
15.6285
15.0785
1
1
1
1
1
1
1
1
1
1
1
1
1
1
1
1
1
1
1
1
1
1
1
1
1
1
1
1
1
1
1.0004
1.05379
1.6531
3.17349
7.80698
17.4478
28.0127
39.0914
48.4251
48.8986
44.2975
37.404
32.0765
29.7423
29.5254
29.3196
28.5403
26.6644
24.5365
23.5641
23.202
22.8601
22.4411
22.0368
21.5354
20.7876
19.6491
18.4602
17.7333
17.2784
16.8892
16.5484
16.2634
15.9582
15.547
14.8932
)
;

boundaryField
{
    inlet
    {
        type            fixedValue;
        value           uniform 1;
    }
    outlet
    {
        type            zeroGradient;
    }
    bottom
    {
        type            symmetryPlane;
    }
    top
    {
        type            symmetryPlane;
    }
    obstacle
    {
        type            zeroGradient;
    }
    defaultFaces
    {
        type            empty;
    }
    procBoundary2to0
    {
        type            processor;
        value           nonuniform List<scalar> 
115
(
1
1
1
1
1
1
1
1
1
1
1
1
1
1
1
1
1
1
1
1
1
1
1
1
1
1
1
1
1
1
1
1
1
1
1
1
1
1
1
1
1
1
1
1.01311
2.98212
12.5666
16.9945
16.8147
5.81786
5.57094
5.41503
5.22353
5.0365
4.86334
4.66944
4.54073
4.38722
4.25159
4.10672
3.97166
3.85555
3.7323
3.63898
3.54166
3.47824
3.39803
3.30496
3.20621
3.12335
3.04624
2.96151
2.88718
2.7929
2.71684
2.66664
2.62973
2.59793
2.55932
2.52039
2.47182
2.41082
2.34863
2.31319
2.28334
2.23431
2.1395
2.08769
2.07633
2.06136
2.03906
16.1482
15.4769
14.8322
14.2423
13.6703
13.0812
12.5182
12.0124
11.5242
11.0288
10.5445
10.1285
9.70713
9.30808
8.89413
8.55285
8.23238
7.88307
7.57991
7.24553
6.99395
6.75333
6.47358
6.25072
6.25072
)
;
    }
    procBoundary2to1
    {
        type            processor;
        value           nonuniform List<scalar> 4(2.10486 2.18058 2.23481 2.31194);
    }
    procBoundary2to3
    {
        type            processor;
        value           nonuniform List<scalar> 
32
(
2.36947
2.42629
2.48739
2.52643
2.57737
2.6383
2.7145
2.80038
2.95835
3.88355
7.43217
11.104
11.9225
12.095
11.9392
12.1094
12.5052
12.7969
13.0327
13.3144
13.5111
13.6274
13.644
13.6724
13.7178
13.7494
13.7618
13.7627
13.8309
13.9724
14.376
14.1098
)
;
    }
}


// ************************************************************************* //
