/*--------------------------------*- C++ -*----------------------------------*\
  =========                 |
  \\      /  F ield         | OpenFOAM: The Open Source CFD Toolbox
   \\    /   O peration     | Website:  https://openfoam.org
    \\  /    A nd           | Version:  7
     \\/     M anipulation  |
\*---------------------------------------------------------------------------*/
FoamFile
{
    version     2.0;
    format      ascii;
    class       volScalarField;
    location    "2.3";
    object      T;
}
// * * * * * * * * * * * * * * * * * * * * * * * * * * * * * * * * * * * * * //

dimensions      [0 0 0 1 0 0 0];

internalField   nonuniform List<scalar> 
1008
(
2.70701
2.68403
2.66002
2.70434
3.17013
3.81441
3.93695
3.89272
3.81714
3.74655
3.69275
3.65693
3.61813
3.57105
3.51625
3.44459
3.36983
3.3159
3.27609
3.24754
3.23133
3.22286
3.21799
3.2199
3.21343
3.19983
3.1836
3.16184
3.11933
3.08463
3.0638
3.04895
3.04051
3.03565
3.01902
2.99045
2.96356
2.94634
2.9098
2.92377
3.01295
3.16863
3.32778
3.43349
3.49365
3.554
3.57889
3.5671
3.53854
3.50733
3.49547
3.49706
3.50258
3.51177
3.51697
3.51774
3.50787
3.47381
3.43501
3.42505
3.424
3.42501
3.42792
2.72924
2.70778
2.74847
3.20583
3.9032
4.01974
3.96024
3.86842
3.78783
3.72646
3.67437
3.62902
3.58344
3.53548
3.48546
3.42936
3.36134
3.284
3.22102
3.17797
3.14086
3.10156
3.06808
3.04905
3.04769
3.04585
3.0307
3.00559
2.97133
2.94059
2.92106
2.91025
2.8981
2.88432
2.87212
2.86815
2.8609
2.84496
2.81752
2.78422
2.75368
2.77582
2.87226
3.02407
3.16057
3.28489
3.35722
3.39905
3.42113
3.4096
3.38409
3.37775
3.37802
3.37834
3.38096
3.38741
3.38996
3.38002
3.34683
3.31697
3.30877
3.31067
3.31832
2.74384
2.77283
3.20085
3.95272
4.1084
4.04602
3.94523
3.83881
3.76034
3.69837
3.64085
3.58997
3.54543
3.50243
3.45528
3.40263
3.34673
3.28439
3.21344
3.14052
3.08007
3.0356
2.99332
2.95403
2.92574
2.90464
2.89019
2.88354
2.86436
2.81796
2.76319
2.72416
2.7021
2.70169
2.70496
2.71329
2.71567
2.71046
2.69435
2.66666
2.63965
2.60973
2.60848
2.63984
2.73061
2.88065
3.03327
3.131
3.19944
3.24495
3.2551
3.25382
3.25505
3.25233
3.24719
3.24929
3.25521
3.25719
3.24801
3.22047
3.19778
3.19527
3.20273
2.80552
3.20332
3.95567
4.16714
4.11621
4.0194
3.92245
3.82459
3.73237
3.66067
3.59661
3.53909
3.48949
3.44562
3.40416
3.36101
3.31062
3.2571
3.19987
3.13126
3.05546
2.99262
2.94201
2.89495
2.85349
2.81778
2.78796
2.76584
2.74247
2.71474
2.67818
2.63363
2.5954
2.57172
2.55069
2.53961
2.54294
2.54935
2.55076
2.54401
2.52071
2.49449
2.46996
2.45952
2.46825
2.50488
2.60795
2.75067
2.89127
2.99267
3.05037
3.0711
3.08724
3.10133
3.12294
3.1336
3.13542
3.13619
3.13022
3.11577
3.09812
3.08322
3.08502
3.22378
3.96026
4.19618
4.16404
4.06649
3.9648
3.88574
3.81063
3.72052
3.62917
3.54979
3.48099
3.42357
3.37445
3.32753
3.2824
3.23929
3.19142
3.14309
3.09421
3.03323
2.95844
2.89547
2.84972
2.80722
2.76638
2.7278
2.69282
2.66246
2.63248
2.59945
2.55672
2.4999
2.46434
2.44895
2.43684
2.42322
2.4152
2.41093
2.40032
2.37984
2.35845
2.33564
2.32163
2.31773
2.31982
2.3335
2.38407
2.48469
2.61706
2.75065
2.83572
2.88478
2.91538
2.94946
2.99169
3.03599
3.03801
3.03114
3.01592
2.99977
2.97829
2.97027
4.03764
4.2147
4.17869
4.09604
3.98602
3.89431
3.82504
3.7624
3.69174
3.60647
3.51485
3.4306
3.36092
3.30511
3.25543
3.20642
3.15781
3.11076
3.06354
3.0198
2.97645
2.92065
2.84487
2.7846
2.7446
2.70847
2.67425
2.64203
2.6114
2.58155
2.55033
2.50966
2.45172
2.39555
2.36642
2.34864
2.33317
2.32317
2.31474
2.30269
2.2879
2.26526
2.23042
2.20148
2.19232
2.19015
2.19114
2.1975
2.21857
2.26748
2.3454
2.45601
2.56814
2.6896
2.74941
2.80577
2.86606
2.91535
2.93365
2.93059
2.91552
2.88786
2.86607
4.28851
4.19895
4.08554
3.98211
3.88574
3.80276
3.7342
3.67355
3.6129
3.54633
3.46965
3.38392
3.29918
3.22905
3.17443
3.12604
3.07822
3.03053
2.98254
2.93796
2.89807
2.85673
2.79939
2.72451
2.67422
2.64041
2.60904
2.57919
2.55166
2.52605
2.5006
2.47085
2.42833
2.37148
2.32153
2.29284
2.27626
2.26268
2.249
2.23459
2.21821
2.199
2.17366
2.13836
2.11878
2.11166
2.10533
2.10478
2.10627
2.10755
2.11041
2.13212
2.18253
2.28759
2.44078
2.55072
2.66327
2.76134
2.79642
2.80177
2.80759
2.80279
2.78417
4.25481
4.11616
3.98523
3.87219
3.77938
3.69864
3.6293
3.56721
3.50896
3.45018
3.38831
3.31869
3.23761
3.15389
3.08532
3.0357
2.99211
2.94725
2.90092
2.85727
2.819
2.78367
2.74274
2.67921
2.60995
2.5723
2.54541
2.51952
2.49411
2.46956
2.44535
2.41937
2.38562
2.33719
2.28934
2.26131
2.24519
2.2309
2.21618
2.20011
2.18325
2.16537
2.1406
2.10001
2.06636
2.0576
2.05353
2.05063
2.04896
2.04529
2.04023
2.03466
2.02313
2.02534
2.06556
2.16843
2.30639
2.49151
2.60572
2.66995
2.70737
2.7158
2.71099
4.11507
3.981
3.871
3.76138
3.659
3.57735
3.50879
3.44647
3.3885
3.33272
3.27734
3.21975
3.15448
3.07723
2.99833
2.93818
2.89574
2.85629
2.81502
2.775
2.7392
2.70664
2.6734
2.62786
2.561
2.51061
2.48485
2.46358
2.44238
2.42111
2.40138
2.38174
2.3557
2.31505
2.26066
2.22439
2.20807
2.19577
2.18571
2.17584
2.16592
2.15413
2.13377
2.09406
2.04784
2.03279
2.02779
2.02304
2.01806
2.01122
2.00491
1.99926
1.99164
1.97125
1.94271
1.94636
1.97855
2.08515
2.25095
2.39455
2.52369
2.5997
2.63577
3.9727
3.85277
3.75073
3.64837
3.54372
3.45121
3.38069
3.32086
3.26462
3.21189
3.16171
3.11102
3.05591
2.99161
2.91919
2.85109
2.80247
2.7677
2.7339
2.70029
2.66952
2.64094
2.61146
2.57436
2.52004
2.46279
2.43315
2.41626
2.39964
2.3818
2.36491
2.34734
2.32528
2.29322
2.25008
2.2132
2.18848
2.17559
2.16664
2.15693
2.14522
2.13328
2.12003
2.0956
2.0506
2.02433
2.01717
2.01173
2.00482
1.99646
1.98926
1.98281
1.97278
1.95227
1.92895
1.92064
1.91748
1.91999
1.94484
2.01836
2.15541
2.30593
2.49281
3.77527
3.68425
3.60056
3.51248
3.41926
3.32877
3.25192
3.19082
3.13839
3.09125
3.04725
3.00308
2.95539
2.90154
2.8418
2.77968
2.72546
2.68953
2.6618
2.63548
2.61082
2.58767
2.56313
2.53156
2.48613
2.43164
2.39231
2.37462
2.36433
2.35385
2.34124
2.32535
2.3059
2.27811
2.22974
2.19418
2.18975
2.18331
2.17452
2.16363
2.14853
2.13263
2.1147
2.08746
2.05754
2.04229
2.03231
2.01809
2.00179
1.98951
1.98126
1.97449
1.96467
1.94443
1.92455
1.914
1.90519
1.89857
1.89678
1.89838
1.91386
1.96269
2.17624
3.57766
3.50383
3.43863
3.37095
3.29671
3.21703
3.13897
3.07464
3.0249
2.98437
2.94845
2.91298
2.87486
2.83198
2.78323
2.72915
2.67554
2.63548
2.60913
2.58761
2.56762
2.54866
2.52937
2.50491
2.4667
2.41621
2.3762
2.35501
2.34147
2.32998
2.3213
2.31396
2.30259
2.27634
2.23271
2.19548
2.17655
2.16511
2.15738
2.15147
2.15039
2.14259
2.1276
2.10657
2.07136
2.03289
2.01936
2.01802
2.01803
2.01025
2.0011
1.99243
1.98072
1.95928
1.92271
1.89521
1.88601
1.88135
1.87865
1.87601
1.87408
1.87344
1.90355
3.41339
3.35205
3.29886
3.24691
3.19154
3.12839
3.05757
2.99381
2.94764
2.91326
2.8837
2.85449
2.82275
2.78689
2.74634
2.70112
2.65622
2.6213
2.59433
2.57071
2.54912
2.52885
2.50967
2.4911
2.46887
2.43376
2.39019
2.35862
2.33876
2.32613
2.31676
2.30575
2.28985
2.2704
2.24665
2.20861
2.17295
2.16095
2.15644
2.15137
2.14245
2.12857
2.1109
2.08676
2.05384
2.02963
2.02143
2.01556
2.00671
1.99722
1.98869
1.98042
1.96902
1.94786
1.91414
1.8876
1.87821
1.87346
1.87005
1.86744
1.86542
1.86435
1.85594
3.29634
3.24496
3.19956
3.15829
3.11825
3.07264
3.01483
2.95192
2.90145
2.86745
2.84157
2.81685
2.7897
2.75904
2.7259
2.68837
2.64317
2.60187
2.57465
2.55487
2.53708
2.5196
2.5026
2.48567
2.46316
2.42496
2.37878
2.34814
2.33146
2.32032
2.31115
2.30242
2.29262
2.27671
2.24589
2.20156
2.16859
2.15923
2.15501
2.14906
2.13955
2.12653
2.10969
2.08676
2.05516
2.03036
2.0212
2.01376
2.00481
1.99558
1.98735
1.97972
1.9699
1.95068
1.91536
1.88881
1.88027
1.87464
1.86959
1.86574
1.86345
1.86121
1.84953
3.29408
3.25365
3.21551
3.18174
3.14805
3.10488
3.04462
2.97507
2.9194
2.88547
2.86193
2.84057
2.81827
2.79345
2.76383
2.72379
2.67
2.61949
2.59046
2.57337
2.558
2.54158
2.52468
2.50708
2.48313
2.44243
2.3927
2.36189
2.34632
2.33659
2.32997
2.32422
2.3157
2.29731
2.2613
2.21315
2.18239
2.17384
2.16967
2.16512
2.15854
2.1483
2.1331
2.10972
2.07387
2.04378
2.03272
2.02636
2.01982
2.01265
2.00582
1.99942
1.99043
1.96923
1.9298
1.90611
1.89833
1.89194
1.88609
1.88202
1.87939
1.87618
1.86132
3.22728
3.19539
3.16304
3.13408
3.10508
3.06513
3.00476
2.93189
2.87416
2.84224
2.82135
2.80201
2.78162
2.75889
2.73107
2.69222
2.63816
2.58455
2.55441
2.53954
2.52603
2.51047
2.4936
2.47593
2.45213
2.41122
2.36265
2.33434
2.31958
2.30959
2.30305
2.29751
2.28891
2.27093
2.23541
2.18703
2.15526
2.14918
2.14664
2.14299
2.13682
2.12682
2.11186
2.0884
2.05216
2.0223
2.01164
2.00501
1.99828
1.9913
1.98478
1.97897
1.97067
1.95008
1.91261
1.8894
1.88073
1.87398
1.86808
1.86415
1.86149
1.85798
1.84231
)
;

boundaryField
{
    inlet
    {
        type            fixedValue;
        value           nonuniform 0();
    }
    outlet
    {
        type            inletOutlet;
        inletValue      uniform 1;
        value           nonuniform List<scalar> 
16
(
3.43019
3.32125
3.20547
3.08597
2.96968
2.86455
2.78326
2.70807
2.63297
2.49105
2.17228
1.90157
1.8546
1.84832
1.86014
1.84115
)
;
    }
    bottom
    {
        type            symmetryPlane;
    }
    top
    {
        type            symmetryPlane;
    }
    obstacle
    {
        type            zeroGradient;
    }
    defaultFaces
    {
        type            empty;
    }
    procBoundary3to1
    {
        type            processor;
        value           nonuniform List<scalar> 
63
(
2.67671
2.65311
2.62962
2.61045
2.66337
3.13885
3.76163
3.88611
3.85506
3.7836
3.71943
3.6797
3.65016
3.61081
3.54183
3.4647
3.42289
3.39654
3.38338
3.38448
3.3926
3.40776
3.41511
3.41401
3.39399
3.35124
3.31174
3.27131
3.22839
3.19688
3.17567
3.1686
3.16015
3.14467
3.11548
3.09273
3.05066
3.0559
3.12751
3.29512
3.46122
3.58614
3.65484
3.69484
3.72351
3.71545
3.69433
3.66609
3.63202
3.61813
3.61816
3.62066
3.62742
3.62985
3.62965
3.622
3.5924
3.55127
3.53947
3.53777
3.53646
3.53609
3.53341
)
;
    }
    procBoundary3to2
    {
        type            processor;
        value           nonuniform List<scalar> 
16
(
2.73985
2.75961
2.77697
2.7876
2.84091
3.26292
4.11398
4.34826
4.2513
4.11101
3.88225
3.67179
3.49357
3.35803
3.33726
3.26164
)
;
    }
}


// ************************************************************************* //
