/*--------------------------------*- C++ -*----------------------------------*\
  =========                 |
  \\      /  F ield         | OpenFOAM: The Open Source CFD Toolbox
   \\    /   O peration     | Website:  https://openfoam.org
    \\  /    A nd           | Version:  7
     \\/     M anipulation  |
\*---------------------------------------------------------------------------*/
FoamFile
{
    version     2.0;
    format      ascii;
    class       volScalarField;
    location    "2.6";
    object      rho;
}
// * * * * * * * * * * * * * * * * * * * * * * * * * * * * * * * * * * * * * //

dimensions      [1 -3 0 0 0 0 0];

internalField   nonuniform List<scalar> 
4608
(
1.40001
1.40001
1.40001
1.40001
1.40001
1.40001
1.40001
1.40001
1.40001
1.40001
1.40001
1.40001
1.40001
1.40001
1.40001
1.40001
1.40001
1.40001
1.40001
1.40001
1.40001
1.40001
1.40001
1.40001
1.40001
1.40001
1.40001
1.40001
1.40001
1.40001
1.40001
1.40001
1.40001
1.40001
1.40001
1.40001
1.40001
1.40001
1.40001
1.40001
1.40001
1.40001
1.40001
1.40001
1.40001
1.40001
1.40001
1.40001
1.40001
1.40001
1.40001
1.40001
1.40001
1.40001
1.40001
1.40001
3.05644
6.15744
6.40155
6.42509
6.46191
6.49716
6.5339
6.57002
6.60093
6.62348
6.63795
6.64758
6.65752
6.67295
6.69623
6.72457
6.75203
6.77645
6.797
6.81153
6.82011
6.82567
6.83205
6.84134
6.85313
6.86627
6.87959
6.89192
6.90287
6.91289
6.92256
6.93217
6.94157
6.95039
6.9581
6.96381
6.96701
6.96799
6.96816
6.9689
1.40001
1.40001
1.40001
1.40001
1.40001
1.40001
1.40001
1.40001
1.40001
1.40001
1.40001
1.40001
1.40001
1.40001
1.40001
1.40001
1.40001
1.40001
1.40001
1.40001
1.40001
1.40001
1.40001
1.40001
1.40001
1.40001
1.40001
1.40001
1.40001
1.40001
1.40001
1.40001
1.40001
1.40001
1.40001
1.40001
1.40001
1.40001
1.40001
1.40001
1.40001
1.40001
1.40001
1.40001
1.40001
1.40001
1.40001
1.40001
1.40001
1.40001
1.40001
1.40001
1.40001
1.40001
1.40001
1.40001
3.03343
6.13395
6.40287
6.4254
6.46206
6.49713
6.53359
6.56954
6.6008
6.62345
6.63776
6.64728
6.65727
6.67272
6.69589
6.72404
6.75147
6.77606
6.79651
6.81091
6.81941
6.82486
6.83131
6.84073
6.85262
6.86579
6.87908
6.89134
6.90222
6.91216
6.92175
6.93123
6.94045
6.94909
6.95667
6.9623
6.96546
6.96643
6.96658
6.96728
1.40001
1.40001
1.40001
1.40001
1.40001
1.40001
1.40001
1.40001
1.40001
1.40001
1.40001
1.40001
1.40001
1.40001
1.40001
1.40001
1.40001
1.40001
1.40001
1.40001
1.40001
1.40001
1.40001
1.40001
1.40001
1.40001
1.40001
1.40001
1.40001
1.40001
1.40001
1.40001
1.40001
1.40001
1.40001
1.40001
1.40001
1.40001
1.40001
1.40001
1.40001
1.40001
1.40001
1.40001
1.40001
1.40001
1.40001
1.40001
1.40001
1.40001
1.40001
1.40001
1.40001
1.40001
1.40001
1.40001
2.98539
6.1099
6.4021
6.42394
6.4608
6.4957
6.53208
6.56792
6.59935
6.62244
6.63677
6.64619
6.65628
6.67168
6.69457
6.72252
6.74988
6.77475
6.79521
6.80948
6.81791
6.82328
6.82986
6.83943
6.85144
6.86466
6.87792
6.8901
6.90092
6.91081
6.92032
6.92966
6.93864
6.94701
6.95436
6.95983
6.96291
6.96388
6.96407
6.96476
1.40001
1.40001
1.40001
1.40001
1.40001
1.40001
1.40001
1.40001
1.40001
1.40001
1.40001
1.40001
1.40001
1.40001
1.40001
1.40001
1.40001
1.40001
1.40001
1.40001
1.40001
1.40001
1.40001
1.40001
1.40001
1.40001
1.40001
1.40001
1.40001
1.40001
1.40001
1.40001
1.40001
1.40001
1.40001
1.40001
1.40001
1.40001
1.40001
1.40001
1.40001
1.40001
1.40001
1.40001
1.40001
1.40001
1.40001
1.40001
1.40001
1.40001
1.40001
1.40001
1.40001
1.40001
1.40001
1.40001
2.9103
6.08165
6.40179
6.42265
6.45951
6.49386
6.52993
6.56554
6.59716
6.62076
6.63566
6.64542
6.65578
6.67096
6.69304
6.72047
6.74777
6.77286
6.79333
6.80753
6.81592
6.82124
6.82796
6.83767
6.84981
6.8631
6.87633
6.88842
6.89914
6.90892
6.91826
6.92731
6.93592
6.94389
6.95093
6.95618
6.95913
6.96004
6.9602
6.96085
1.40001
1.40001
1.40001
1.40001
1.40001
1.40001
1.40001
1.40001
1.40001
1.40001
1.40001
1.40001
1.40001
1.40001
1.40001
1.40001
1.40001
1.40001
1.40001
1.40001
1.40001
1.40001
1.40001
1.40001
1.40001
1.40001
1.40001
1.40001
1.40001
1.40001
1.40001
1.40001
1.40001
1.40001
1.40001
1.40001
1.40001
1.40001
1.40001
1.40001
1.40001
1.40001
1.40001
1.40001
1.40001
1.40001
1.40001
1.40001
1.40001
1.40001
1.40001
1.40001
1.40001
1.40001
1.40001
1.40001
2.81021
6.04652
6.40254
6.42336
6.46015
6.49343
6.52856
6.56332
6.59463
6.61878
6.63455
6.64498
6.65567
6.67042
6.69131
6.71806
6.74528
6.77054
6.79112
6.80545
6.81393
6.8192
6.8259
6.83556
6.84769
6.86098
6.87418
6.88623
6.89688
6.90654
6.91566
6.92437
6.93252
6.94005
6.9467
6.95164
6.95435
6.95512
6.95518
6.95572
1.40001
1.40001
1.40001
1.40001
1.40001
1.40001
1.40001
1.40001
1.40001
1.40001
1.40001
1.40001
1.40001
1.40001
1.40001
1.40001
1.40001
1.40001
1.40001
1.40001
1.40001
1.40001
1.40001
1.40001
1.40001
1.40001
1.40001
1.40001
1.40001
1.40001
1.40001
1.40001
1.40001
1.40001
1.40001
1.40001
1.40001
1.40001
1.40001
1.40001
1.40001
1.40001
1.40001
1.40001
1.40001
1.40001
1.40001
1.40001
1.40001
1.40001
1.40001
1.40001
1.40001
1.40001
1.40001
1.40001
2.68882
6.00256
6.40506
6.42595
6.4612
6.49286
6.52653
6.56012
6.591
6.61601
6.63347
6.64539
6.65676
6.67087
6.68992
6.71513
6.74155
6.76653
6.78721
6.80194
6.81084
6.81628
6.82302
6.83261
6.84475
6.85806
6.87129
6.88332
6.89387
6.90334
6.91217
6.92052
6.92828
6.93545
6.94179
6.94646
6.94891
6.94948
6.94937
6.94978
1.40001
1.40001
1.40001
1.40001
1.40001
1.40001
1.40001
1.40001
1.40001
1.40001
1.40001
1.40001
1.40001
1.40001
1.40001
1.40001
1.40001
1.40001
1.40001
1.40001
1.40001
1.40001
1.40001
1.40001
1.40001
1.40001
1.40001
1.40001
1.40001
1.40001
1.40001
1.40001
1.40001
1.40001
1.40001
1.40001
1.40001
1.40001
1.40001
1.40001
1.40001
1.40001
1.40001
1.40001
1.40001
1.40001
1.40001
1.40001
1.40001
1.40001
1.40001
1.40001
1.40001
1.40001
1.40001
1.40001
2.54455
5.94213
6.40908
6.42972
6.46245
6.49295
6.52523
6.55752
6.58774
6.61335
6.63263
6.64634
6.65849
6.67186
6.6888
6.71202
6.73715
6.76158
6.7823
6.79762
6.80718
6.81294
6.8196
6.82897
6.84105
6.85442
6.86782
6.87999
6.89052
6.89977
6.90823
6.91612
6.92344
6.93024
6.93625
6.9406
6.94275
6.94304
6.9427
6.94295
1.40001
1.40001
1.40001
1.40001
1.40001
1.40001
1.40001
1.40001
1.40001
1.40001
1.40001
1.40001
1.40001
1.40001
1.40001
1.40001
1.40001
1.40001
1.40001
1.40001
1.40001
1.40001
1.40001
1.40001
1.40001
1.40001
1.40001
1.40001
1.40001
1.40001
1.40001
1.40001
1.40001
1.40001
1.40001
1.40001
1.40001
1.40001
1.40001
1.40001
1.40001
1.40001
1.40001
1.40001
1.40001
1.40001
1.40001
1.40001
1.40001
1.40001
1.40001
1.40001
1.40001
1.40001
1.40001
1.40001
2.38007
5.85811
6.41612
6.43384
6.46364
6.49271
6.52361
6.55461
6.58409
6.61001
6.631
6.64675
6.65991
6.67289
6.68793
6.70883
6.73231
6.75604
6.77694
6.79309
6.80358
6.80969
6.81603
6.8249
6.83674
6.85013
6.86369
6.87597
6.88635
6.89519
6.90312
6.91051
6.91743
6.92396
6.92977
6.93392
6.93581
6.93584
6.93539
6.93551
1.40001
1.40001
1.40001
1.40001
1.40001
1.40001
1.40001
1.40001
1.40001
1.40001
1.40001
1.40001
1.40001
1.40001
1.40001
1.40001
1.40001
1.40001
1.40001
1.40001
1.40001
1.40001
1.40001
1.40001
1.40001
1.40001
1.40001
1.40001
1.40001
1.40001
1.40001
1.40001
1.40001
1.40001
1.40001
1.40001
1.40001
1.40001
1.40001
1.40001
1.40001
1.40001
1.40001
1.40001
1.40001
1.40001
1.40001
1.40001
1.40001
1.40001
1.40001
1.40001
1.40001
1.40001
1.40001
1.40001
2.20436
5.75345
6.42396
6.43674
6.46455
6.49219
6.52157
6.551
6.57924
6.60504
6.62754
6.64549
6.66018
6.67334
6.68697
6.70542
6.72699
6.74985
6.77092
6.78776
6.7992
6.80566
6.81163
6.81994
6.83151
6.84492
6.85868
6.87106
6.88125
6.88963
6.89702
6.904
6.91069
6.91705
6.92269
6.92659
6.92819
6.92792
6.92722
6.92719
1.40001
1.40001
1.40001
1.40001
1.40001
1.40001
1.40001
1.40001
1.40001
1.40001
1.40001
1.40001
1.40001
1.40001
1.40001
1.40001
1.40001
1.40001
1.40001
1.40001
1.40001
1.40001
1.40001
1.40001
1.40001
1.40001
1.40001
1.40001
1.40001
1.40001
1.40001
1.40001
1.40001
1.40001
1.40001
1.40001
1.40001
1.40001
1.40001
1.40001
1.40001
1.40001
1.40001
1.40001
1.40001
1.40001
1.40001
1.40001
1.40001
1.40001
1.40001
1.40001
1.40001
1.40001
1.40001
1.40001
2.02163
5.61718
6.43092
6.43788
6.46376
6.48973
6.5171
6.5446
6.57219
6.59863
6.62281
6.64293
6.65909
6.67265
6.68512
6.7011
6.72093
6.74302
6.76427
6.78163
6.79397
6.80075
6.80642
6.81417
6.82542
6.83884
6.85276
6.8652
6.87516
6.88306
6.88993
6.89655
6.90303
6.90921
6.9146
6.91822
6.9195
6.91898
6.91806
6.91789
1.40001
1.40001
1.40001
1.40001
1.40001
1.40001
1.40001
1.40001
1.40001
1.40001
1.40001
1.40001
1.40001
1.40001
1.40001
1.40001
1.40001
1.40001
1.40001
1.40001
1.40001
1.40001
1.40001
1.40001
1.40001
1.40001
1.40001
1.40001
1.40001
1.40001
1.40001
1.40001
1.40001
1.40001
1.40001
1.40001
1.40001
1.40001
1.40001
1.40001
1.40001
1.40001
1.40001
1.40001
1.40001
1.40001
1.40001
1.40001
1.40001
1.40001
1.40001
1.40001
1.40001
1.40001
1.40001
1.40001
1.85356
5.44231
6.43337
6.43761
6.46179
6.4854
6.5116
6.53837
6.56556
6.59182
6.61634
6.63776
6.65533
6.66984
6.68227
6.69686
6.71542
6.73634
6.75712
6.77438
6.78727
6.79443
6.8001
6.80756
6.8186
6.83197
6.84586
6.85816
6.86778
6.87519
6.88161
6.88798
6.89435
6.9004
6.90557
6.90894
6.90993
6.90922
6.90812
6.90787
1.40001
1.40001
1.40001
1.40001
1.40001
1.40001
1.40001
1.40001
1.40001
1.40001
1.40001
1.40001
1.40001
1.40001
1.40001
1.40001
1.40001
1.40001
1.40001
1.40001
1.40001
1.40001
1.40001
1.40001
1.40001
1.40001
1.40001
1.40001
1.40001
1.40001
1.40001
1.40001
1.40001
1.40001
1.40001
1.40001
1.40001
1.40001
1.40001
1.40001
1.40001
1.40001
1.40001
1.40001
1.40001
1.40001
1.40001
1.40001
1.40001
1.40001
1.40001
1.40001
1.40001
1.40001
1.40001
1.40001
1.69801
5.2438
6.43644
6.43439
6.45843
6.48008
6.50502
6.53083
6.55737
6.58323
6.60782
6.63029
6.64958
6.66593
6.67906
6.69247
6.70947
6.72881
6.74896
6.76604
6.77951
6.78747
6.79351
6.80068
6.81117
6.82403
6.8375
6.84948
6.85879
6.86588
6.87206
6.87833
6.88467
6.89059
6.89549
6.89857
6.89924
6.89839
6.89712
6.89685
1.40001
1.40001
1.40001
1.40001
1.40001
1.40001
1.40001
1.40001
1.40001
1.40001
1.40001
1.40001
1.40001
1.40001
1.40001
1.40001
1.40001
1.40001
1.40001
1.40001
1.40001
1.40001
1.40001
1.40001
1.40001
1.40001
1.40001
1.40001
1.40001
1.40001
1.40001
1.40001
1.40001
1.40001
1.40001
1.40001
1.40001
1.40001
1.40001
1.40001
1.40001
1.40001
1.40001
1.40001
1.40001
1.40001
1.40001
1.40001
1.40001
1.40001
1.40001
1.40001
1.40001
1.40001
1.40001
1.40001
1.54701
5.02519
6.44024
6.43156
6.4528
6.47247
6.49563
6.52056
6.54702
6.57317
6.59805
6.62113
6.64152
6.65919
6.67339
6.68643
6.70238
6.72052
6.74027
6.75736
6.77125
6.77987
6.78605
6.79278
6.80254
6.81472
6.82767
6.83931
6.84838
6.85524
6.86123
6.8674
6.87372
6.87952
6.88419
6.88699
6.8874
6.88647
6.88513
6.88492
1.40001
1.40001
1.40001
1.40001
1.40001
1.40001
1.40001
1.40001
1.40001
1.40001
1.40001
1.40001
1.40001
1.40001
1.40001
1.40001
1.40001
1.40001
1.40001
1.40001
1.40001
1.40001
1.40001
1.40001
1.40001
1.40001
1.40001
1.40001
1.40001
1.40001
1.40001
1.40001
1.40001
1.40001
1.40001
1.40001
1.40001
1.40001
1.40001
1.40001
1.40001
1.40001
1.40001
1.40001
1.40001
1.40001
1.40001
1.40001
1.40001
1.40001
1.40001
1.40001
1.40001
1.40001
1.40001
1.40001
1.40961
4.76143
6.39466
6.41126
6.43521
6.4575
6.48132
6.50696
6.53366
6.55977
6.5849
6.60872
6.63036
6.64961
6.66555
6.67923
6.69476
6.71197
6.73106
6.7478
6.76176
6.77102
6.7776
6.78418
6.79326
6.80461
6.81678
6.82783
6.83651
6.84309
6.84889
6.85498
6.8613
6.86705
6.87153
6.87407
6.87423
6.87324
6.87184
6.87172
1.40001
1.40001
1.40001
1.40001
1.40001
1.40001
1.40001
1.40001
1.40001
1.40001
1.40001
1.40001
1.40001
1.40001
1.40001
1.40001
1.40001
1.40001
1.40001
1.40001
1.40001
1.40001
1.40001
1.40001
1.40001
1.40001
1.40001
1.40001
1.40001
1.40001
1.40001
1.40001
1.40001
1.40001
1.40001
1.40001
1.40001
1.40001
1.40001
1.40001
1.40001
1.40001
1.40001
1.40001
1.40001
1.40001
1.40001
1.40001
1.40001
1.40001
1.40001
1.40001
1.40001
1.40001
1.40001
1.40001
1.40006
4.4365
6.32281
6.38148
6.41186
6.43868
6.4634
6.49005
6.51795
6.54548
6.5714
6.59531
6.61701
6.63702
6.65459
6.66945
6.68513
6.70179
6.72026
6.73685
6.75099
6.76106
6.76826
6.77482
6.78314
6.79342
6.80455
6.81485
6.82309
6.8294
6.83499
6.84095
6.84721
6.85292
6.8573
6.85966
6.85966
6.85869
6.8573
6.85731
1.40001
1.40001
1.40001
1.40001
1.40001
1.40001
1.40001
1.40001
1.40001
1.40001
1.40001
1.40001
1.40001
1.40001
1.40001
1.40001
1.40001
1.40001
1.40001
1.40001
1.40001
1.40001
1.40001
1.40001
1.40001
1.40001
1.40001
1.40001
1.40001
1.40001
1.40001
1.40001
1.40001
1.40001
1.40001
1.40001
1.40001
1.40001
1.40001
1.40001
1.40001
1.40001
1.40001
1.40001
1.40001
1.40001
1.40001
1.40001
1.40001
1.40001
1.40001
1.40001
1.40001
1.40001
1.40001
1.40001
1.4
4.0569
6.25716
6.35153
6.38642
6.41896
6.44704
6.47443
6.50168
6.52836
6.55377
6.57767
6.59992
6.62067
6.63979
6.6564
6.67303
6.68969
6.70779
6.72436
6.73871
6.74957
6.75751
6.76422
6.7719
6.78113
6.79119
6.80067
6.8084
6.81437
6.81963
6.82529
6.83136
6.83698
6.84129
6.84352
6.84342
6.84245
6.84107
6.84113
1.40001
1.40001
1.40001
1.40001
1.40001
1.40001
1.40001
1.40001
1.40001
1.40001
1.40001
1.40001
1.40001
1.40001
1.40001
1.40001
1.40001
1.40001
1.40001
1.40001
1.40001
1.40001
1.40001
1.40001
1.40001
1.40001
1.40001
1.40001
1.40001
1.40001
1.40001
1.40001
1.40001
1.40001
1.40001
1.40001
1.40001
1.40001
1.40001
1.40001
1.40001
1.40001
1.40001
1.40001
1.40001
1.40001
1.40001
1.40001
1.40001
1.40001
1.40001
1.40001
1.40001
1.40001
1.40001
1.40001
1.40001
3.64994
6.20178
6.33349
6.37165
6.40218
6.42997
6.45836
6.4866
6.5135
6.53843
6.56125
6.58242
6.60285
6.62277
6.64053
6.6581
6.67506
6.69303
6.70983
6.72457
6.73629
6.74509
6.75214
6.75936
6.76764
6.77662
6.7852
6.79231
6.79781
6.80259
6.80775
6.81344
6.81888
6.82316
6.82539
6.82539
6.82455
6.82325
6.82335
1.40001
1.40001
1.40001
1.40001
1.40001
1.40001
1.40001
1.40001
1.40001
1.40001
1.40001
1.40001
1.40001
1.40001
1.40001
1.40001
1.40001
1.40001
1.40001
1.40001
1.40001
1.40001
1.40001
1.40001
1.40001
1.40001
1.40001
1.40001
1.40001
1.40001
1.40001
1.40001
1.40001
1.40001
1.40001
1.40001
1.40001
1.40001
1.40001
1.40001
1.40001
1.40001
1.40001
1.40001
1.40001
1.40001
1.40001
1.40001
1.40001
1.40001
1.40001
1.40001
1.40001
1.40001
1.40001
1.40001
1.40001
3.21324
6.12396
6.3363
6.36715
6.39622
6.42281
6.44719
6.47185
6.49738
6.52223
6.54535
6.56616
6.58562
6.60515
6.62304
6.64087
6.65788
6.67577
6.69288
6.70806
6.72065
6.73038
6.73802
6.7451
6.75267
6.76069
6.76839
6.77486
6.77984
6.78405
6.78857
6.79368
6.79872
6.80284
6.80506
6.80515
6.8044
6.8031
6.80311
1.40001
1.40001
1.40001
1.40001
1.40001
1.40001
1.40001
1.40001
1.40001
1.40001
1.40001
1.40001
1.40001
1.40001
1.40001
1.40001
1.40001
1.40001
1.40001
1.40001
1.40001
1.40001
1.40001
1.40001
1.40001
1.40001
1.40001
1.40001
1.40001
1.40001
1.40001
1.40001
1.40001
1.40001
1.40001
1.40001
1.40001
1.40001
1.40001
1.40001
1.40001
1.40001
1.40001
1.40001
1.40001
1.40001
1.40001
1.40001
1.40001
1.40001
1.40001
1.40001
1.40001
1.40001
1.40001
1.40001
1.40001
2.7717
5.9779
6.38121
6.38617
6.40651
6.42614
6.44671
6.46773
6.48846
6.50938
6.52967
6.54935
6.56833
6.58723
6.60547
6.62239
6.63917
6.65624
6.67359
6.68917
6.70256
6.71326
6.72168
6.72892
6.73602
6.7432
6.75
6.75571
6.76005
6.76358
6.76729
6.7716
6.77603
6.77986
6.78212
6.78249
6.78198
6.78077
6.78077
1.40001
1.40001
1.40001
1.40001
1.40001
1.40001
1.40001
1.40001
1.40001
1.40001
1.40001
1.40001
1.40001
1.40001
1.40001
1.40001
1.40001
1.40001
1.40001
1.40001
1.40001
1.40001
1.40001
1.40001
1.40001
1.40001
1.40001
1.40001
1.40001
1.40001
1.40001
1.40001
1.40001
1.40001
1.40001
1.40001
1.40001
1.40001
1.40001
1.40001
1.40001
1.40001
1.40001
1.40001
1.40001
1.40001
1.40001
1.40001
1.40001
1.40001
1.40001
1.40001
1.40001
1.40001
1.40001
1.40001
1.40001
2.32062
5.7514
6.43771
6.42524
6.43833
6.44397
6.45477
6.46887
6.48548
6.50342
6.52128
6.53764
6.55321
6.56938
6.58684
6.60369
6.61953
6.63597
6.65236
6.66801
6.68194
6.69344
6.70275
6.71044
6.71733
6.72382
6.72973
6.73464
6.73836
6.74128
6.74425
6.74768
6.75127
6.75449
6.7565
6.7569
6.75638
6.75513
6.75498
1.40001
1.40001
1.40001
1.40001
1.40001
1.40001
1.40001
1.40001
1.40001
1.40001
1.40001
1.40001
1.40001
1.40001
1.40001
1.40001
1.40001
1.40001
1.40001
1.40001
1.40001
1.40001
1.40001
1.40001
1.40001
1.40001
1.40001
1.40001
1.40001
1.40001
1.40001
1.40001
1.40001
1.40001
1.40001
1.40001
1.40001
1.40001
1.40001
1.40001
1.40001
1.40001
1.40001
1.40001
1.40001
1.40001
1.40001
1.40001
1.40001
1.40001
1.40001
1.40001
1.40001
1.40001
1.40001
1.40001
1.40001
1.85991
5.53823
6.51477
6.44873
6.46404
6.46599
6.47163
6.47967
6.49063
6.5029
6.51659
6.53049
6.54367
6.55655
6.57009
6.58474
6.59951
6.6142
6.63038
6.64516
6.65891
6.67107
6.68123
6.68952
6.69641
6.70229
6.70729
6.71128
6.71421
6.71643
6.71854
6.72098
6.72354
6.72594
6.72759
6.72802
6.72762
6.72645
6.72638
1.40001
1.40001
1.40001
1.40001
1.40001
1.40001
1.40001
1.40001
1.40001
1.40001
1.40001
1.40001
1.40001
1.40001
1.40001
1.40001
1.40001
1.40001
1.40001
1.40001
1.40001
1.40001
1.40001
1.40001
1.40001
1.40001
1.40001
1.40001
1.40001
1.40001
1.40001
1.40001
1.40001
1.40001
1.40001
1.40001
1.40001
1.40001
1.40001
1.40001
1.40001
1.40001
1.40001
1.40001
1.40001
1.40001
1.40001
1.40001
1.40001
1.40001
1.40001
1.40001
1.40001
1.40001
1.40001
1.40001
1.40001
1.46559
5.08774
6.51503
6.45902
6.46114
6.46848
6.47999
6.49035
6.4988
6.50814
6.51841
6.52845
6.53769
6.54701
6.55729
6.56859
6.58024
6.59271
6.60593
6.62098
6.63411
6.64616
6.65695
6.66584
6.67286
6.6783
6.68242
6.68544
6.68754
6.68913
6.69055
6.69206
6.69356
6.69478
6.6955
6.69536
6.69446
6.69299
6.69273
1.40001
1.40001
1.40001
1.40001
1.40001
1.40001
1.40001
1.40001
1.40001
1.40001
1.40001
1.40001
1.40001
1.40001
1.40001
1.40001
1.40001
1.40001
1.40001
1.40001
1.40001
1.40001
1.40001
1.40001
1.40001
1.40001
1.40001
1.40001
1.40001
1.40001
1.40001
1.40001
1.40001
1.40001
1.40001
1.40001
1.40001
1.40001
1.40001
1.40001
1.40001
1.40001
1.40001
1.40001
1.40001
1.40001
1.40001
1.40001
1.40001
1.40001
1.40001
1.40001
1.40001
1.40001
1.40001
1.40001
1.40001
1.40039
4.54642
6.35445
6.36078
6.40912
6.44277
6.46804
6.48544
6.50142
6.51372
6.52262
6.53027
6.53654
6.54186
6.54756
6.55471
6.56327
6.5727
6.58321
6.59494
6.60757
6.61938
6.63006
6.63927
6.64644
6.65155
6.65485
6.65682
6.65786
6.6585
6.65894
6.65926
6.65942
6.65933
6.65905
6.65825
6.65698
6.65529
6.65511
1.40001
1.40001
1.40001
1.40001
1.40001
1.40001
1.40001
1.40001
1.40001
1.40001
1.40001
1.40001
1.40001
1.40001
1.40001
1.40001
1.40001
1.40001
1.40001
1.40001
1.40001
1.40001
1.40001
1.40001
1.40001
1.40001
1.40001
1.40001
1.40001
1.40001
1.40001
1.40001
1.40001
1.40001
1.40001
1.40001
1.40001
1.40001
1.40001
1.40001
1.40001
1.40001
1.40001
1.40001
1.40001
1.40001
1.40001
1.40001
1.40001
1.40001
1.40001
1.40001
1.40001
1.40001
1.40001
1.40001
1.40001
1.4
3.94033
6.18676
6.31746
6.37791
6.41679
6.44839
6.47427
6.49389
6.50947
6.52306
6.53178
6.53704
6.53974
6.54143
6.54392
6.54823
6.55428
6.56171
6.57083
6.58095
6.59107
6.60115
6.61001
6.61697
6.62173
6.62434
6.62526
6.62512
6.62475
6.62418
6.62337
6.62229
6.62064
6.61857
6.61617
6.61341
6.6106
6.6098
1.40001
1.40001
1.40001
1.40001
1.40001
1.40001
1.40001
1.40001
1.40001
1.40001
1.40001
1.40001
1.40001
1.40001
1.40001
1.40001
1.40001
1.40001
1.40001
1.40001
1.40001
1.40001
1.40001
1.40001
1.40001
1.40001
1.40001
1.40001
1.40001
1.40001
1.40001
1.40001
1.40001
1.40001
1.40001
1.40001
1.40001
1.40001
1.40001
1.40001
1.40001
1.40001
1.40001
1.40001
1.40001
1.40001
1.40001
1.40001
1.40001
1.40001
1.40001
1.40001
1.40001
1.40001
1.40001
1.40001
1.40001
1.4
3.35658
6.01444
6.26038
6.33377
6.38845
6.42435
6.4514
6.47593
6.49859
6.51376
6.5266
6.53413
6.53705
6.53683
6.53593
6.53601
6.5381
6.54193
6.54766
6.55505
6.56294
6.57081
6.57853
6.58477
6.58884
6.59067
6.59045
6.58894
6.58709
6.58492
6.5824
6.5793
6.57538
6.57134
6.5674
6.56347
6.55982
6.55885
1.40001
1.40001
1.40001
1.40001
1.40001
1.40001
1.40001
1.40001
1.40001
1.40001
1.40001
1.40001
1.40001
1.40001
1.40001
1.40001
1.40001
1.40001
1.40001
1.40001
1.40001
1.40001
1.40001
1.40001
1.40001
1.40001
1.40001
1.40001
1.40001
1.40001
1.40001
1.40001
1.40001
1.40001
1.40001
1.40001
1.40001
1.40001
1.40001
1.40001
1.40001
1.40001
1.40001
1.40001
1.40001
1.40001
1.40001
1.40001
1.40001
1.40001
1.40001
1.40001
1.40001
1.40001
1.40001
1.40001
1.40001
1.40001
2.76926
5.82793
6.27307
6.34191
6.38302
6.40868
6.43204
6.45398
6.47628
6.49682
6.51298
6.52445
6.53058
6.53145
6.52892
6.52617
6.52448
6.52437
6.52621
6.52982
6.53464
6.53993
6.54525
6.55013
6.55323
6.55429
6.55273
6.54955
6.54579
6.5416
6.53721
6.53211
6.52586
6.51905
6.51176
6.50453
6.49836
6.4956
1.40001
1.40001
1.40001
1.40001
1.40001
1.40001
1.40001
1.40001
1.40001
1.40001
1.40001
1.40001
1.40001
1.40001
1.40001
1.40001
1.40001
1.40001
1.40001
1.40001
1.40001
1.40001
1.40001
1.40001
1.40001
1.40001
1.40001
1.40001
1.40001
1.40001
1.40001
1.40001
1.40001
1.40001
1.40001
1.40001
1.40001
1.40001
1.40001
1.40001
1.40001
1.40001
1.40001
1.40001
1.40001
1.40001
1.40001
1.40001
1.40001
1.40001
1.40001
1.40001
1.40001
1.40001
1.40001
1.40001
1.40001
1.40001
2.11539
5.59619
6.40231
6.37078
6.38024
6.39515
6.41478
6.43491
6.45425
6.47398
6.49159
6.50688
6.51673
6.52115
6.5201
6.51653
6.51237
6.50891
6.50674
6.50599
6.50673
6.50862
6.51107
6.51356
6.51529
6.51504
6.51158
6.50631
6.50017
6.49344
6.48592
6.47698
6.4667
6.45577
6.44462
6.43439
6.42645
6.42329
1.40001
1.40001
1.40001
1.40001
1.40001
1.40001
1.40001
1.40001
1.40001
1.40001
1.40001
1.40001
1.40001
1.40001
1.40001
1.40001
1.40001
1.40001
1.40001
1.40001
1.40001
1.40001
1.40001
1.40001
1.40001
1.40001
1.40001
1.40001
1.40001
1.40001
1.40001
1.40001
1.40001
1.40001
1.40001
1.40001
1.40001
1.40001
1.40001
1.40001
1.40001
1.40001
1.40001
1.40001
1.40001
1.40001
1.40001
1.40001
1.40001
1.40001
1.40001
1.40001
1.40001
1.40001
1.40001
1.40001
1.40001
1.40001
1.51122
5.15528
6.51623
6.43313
6.3993
6.39857
6.40641
6.41816
6.43394
6.45165
6.46877
6.48327
6.49608
6.50412
6.50668
6.50477
6.50059
6.49482
6.489
6.4836
6.47948
6.47696
6.47585
6.47515
6.47507
6.47314
6.46793
6.46014
6.45068
6.44027
6.42876
6.41591
6.40152
6.38576
6.36844
6.35083
6.33599
6.32739
1.40001
1.40001
1.40001
1.40001
1.40001
1.40001
1.40001
1.40001
1.40001
1.40001
1.40001
1.40001
1.40001
1.40001
1.40001
1.40001
1.40001
1.40001
1.40001
1.40001
1.40001
1.40001
1.40001
1.40001
1.40001
1.40001
1.40001
1.40001
1.40001
1.40001
1.40001
1.40001
1.40001
1.40001
1.40001
1.40001
1.40001
1.40001
1.40001
1.40001
1.40001
1.40001
1.40001
1.40001
1.40001
1.40001
1.40001
1.40001
1.40001
1.40001
1.40001
1.40001
1.40001
1.40001
1.40001
1.40001
1.40001
1.40001
1.40029
4.45704
6.30927
6.35201
6.38527
6.3956
6.40605
6.41177
6.4204
6.43206
6.44606
6.45988
6.47186
6.482
6.48777
6.48864
6.48575
6.47991
6.47197
6.46279
6.45365
6.44627
6.44073
6.43637
6.43276
6.42818
6.42045
6.40953
6.39638
6.38176
6.36516
6.34591
6.32314
6.29744
6.2701
6.24416
6.22332
6.21253
1.40001
1.40001
1.40001
1.40001
1.40001
1.40001
1.40001
1.40001
1.40001
1.40001
1.40001
1.40001
1.40001
1.40001
1.40001
1.40001
1.40001
1.40001
1.40001
1.40001
1.40001
1.40001
1.40001
1.40001
1.40001
1.40001
1.40001
1.40001
1.40001
1.40001
1.40001
1.40001
1.40001
1.40001
1.40001
1.40001
1.40001
1.40001
1.40001
1.40001
1.40001
1.40001
1.40001
1.40001
1.40001
1.40001
1.40001
1.40001
1.40001
1.40001
1.40001
1.40001
1.40001
1.40001
1.40001
1.40001
1.40001
1.40001
1.39999
3.63744
6.05958
6.30813
6.36871
6.39504
6.40335
6.40986
6.4141
6.41908
6.42709
6.43716
6.44747
6.45689
6.46454
6.46815
6.46768
6.4627
6.45413
6.44233
6.42877
6.41603
6.40552
6.39681
6.38872
6.38086
6.37063
6.35654
6.33874
6.31791
6.29394
6.26665
6.23526
6.19982
6.16002
6.11747
6.07695
6.0489
1.40001
1.40001
1.40001
1.40001
1.40001
1.40001
1.40001
1.40001
1.40001
1.40001
1.40001
1.40001
1.40001
1.40001
1.40001
1.40001
1.40001
1.40001
1.40001
1.40001
1.40001
1.40001
1.40001
1.40001
1.40001
1.40001
1.40001
1.40001
1.40001
1.40001
1.40001
1.40001
1.40001
1.40001
1.40001
1.40001
1.40001
1.40001
1.40001
1.40001
1.40001
1.40001
1.40001
1.40001
1.40001
1.40001
1.40001
1.40001
1.40001
1.40001
1.40001
1.40001
1.40001
1.40001
1.40001
1.40001
1.40001
1.40001
1.4
2.82394
5.78163
6.31103
6.34906
6.38378
6.3959
6.40342
6.4085
6.41166
6.41482
6.41961
6.42604
6.43291
6.43891
6.44252
6.44343
6.43999
6.43288
6.42121
6.4055
6.38844
6.37259
6.35842
6.34493
6.33138
6.31634
6.29782
6.27512
6.2484
6.21693
6.17937
6.13358
6.0773
6.0099
5.93564
5.86873
5.82108
1.40001
1.40001
1.40001
1.40001
1.40001
1.40001
1.40001
1.40001
1.40001
1.40001
1.40001
1.40001
1.40001
1.40001
1.40001
1.40001
1.40001
1.40001
1.40001
1.40001
1.40001
1.40001
1.40001
1.40001
1.40001
1.40001
1.40001
1.40001
1.40001
1.40001
1.40001
1.40001
1.40001
1.40001
1.40001
1.40001
1.40001
1.40001
1.40001
1.40001
1.40001
1.40001
1.40001
1.40001
1.40001
1.40001
1.40001
1.40001
1.40001
1.40001
1.40001
1.40001
1.40001
1.40001
1.40001
1.40001
1.40001
1.40001
1.4
1.9841
5.43351
6.44246
6.34142
6.36487
6.37419
6.38442
6.3933
6.39886
6.40186
6.40385
6.40629
6.40982
6.41366
6.41646
6.41655
6.41288
6.40685
6.39644
6.38106
6.3619
6.34131
6.32141
6.30219
6.28227
6.26168
6.23817
6.20938
6.17434
6.13301
6.08392
6.02465
5.9513
5.86201
5.75628
5.63865
5.58536
1.40001
1.40001
1.40001
1.40001
1.40001
1.40001
1.40001
1.40001
1.40001
1.40001
1.40001
1.40001
1.40001
1.40001
1.40001
1.40001
1.40001
1.40001
1.40001
1.40001
1.40001
1.40001
1.40001
1.40001
1.40001
1.40001
1.40001
1.40001
1.40001
1.40001
1.40001
1.40001
1.40001
1.40001
1.40001
1.40001
1.40001
1.40001
1.40001
1.40001
1.40001
1.40001
1.40001
1.40001
1.40001
1.40001
1.40001
1.40001
1.40001
1.40001
1.40001
1.40001
1.40001
1.40001
1.40001
1.40001
1.40001
1.40001
1.40001
1.42392
3.34769
6.11045
6.31992
6.30914
6.32376
6.33361
6.34183
6.34951
6.3546
6.35696
6.35707
6.35507
6.352
6.34864
6.34428
6.33823
6.33024
6.31879
6.30323
6.28218
6.25606
6.22643
6.1942
6.16005
6.12384
6.08476
6.0397
5.98761
5.92395
5.84758
5.749
5.62344
5.44741
5.20415
4.75318
3.83165
1.40001
1.40001
1.40001
1.40001
1.40001
1.40001
1.40001
1.40001
1.40001
1.40001
1.40001
1.40001
1.40001
1.40001
1.40001
1.40001
1.40001
1.40001
1.40001
1.40001
1.40001
1.40001
1.40001
1.40001
1.40001
1.40001
1.40001
1.40001
1.40001
1.40001
1.40001
1.40001
1.40001
1.40001
1.40001
1.40001
1.40001
1.40001
1.40001
1.40001
1.40001
1.40001
1.40001
1.40001
1.40001
1.40001
1.40001
1.40001
1.40001
1.40001
1.40001
1.40001
1.40001
1.40001
1.40001
1.40001
1.40001
1.40001
1.40001
1.40002
1.46698
3.49862
6.08601
6.27428
6.25126
6.26235
6.26219
6.26213
6.26206
6.26116
6.25846
6.25338
6.24566
6.23602
6.22416
6.20998
6.19351
6.17468
6.15275
6.12675
6.09513
6.05727
6.01269
5.96186
5.90395
5.8393
5.76529
5.68031
5.58012
5.46058
5.3153
5.13342
4.90949
4.57425
4.14448
3.5701
1.40001
1.40001
1.40001
1.40001
1.40001
1.40001
1.40001
1.40001
1.40001
1.40001
1.40001
1.40001
1.40001
1.40001
1.40001
1.40001
1.40001
1.40001
1.40001
1.40001
1.40001
1.40001
1.40001
1.40001
1.40001
1.40001
1.40001
1.40001
1.40001
1.40001
1.40001
1.40001
1.40001
1.40001
1.40001
1.40001
1.40001
1.40001
1.40001
1.40001
1.40001
1.40001
1.40001
1.40001
1.40001
1.40001
1.40001
1.40001
1.40001
1.40001
1.40001
1.40001
1.40001
1.40001
1.40001
1.40001
1.40001
1.40001
1.40001
1.40001
1.40007
1.49588
3.10848
5.91296
6.25558
6.22743
6.22119
6.20945
6.19707
6.18464
6.1716
6.15734
6.14212
6.12513
6.10524
6.08243
6.05683
6.02858
5.99703
5.96229
5.92273
5.87776
5.82568
5.76623
5.69774
5.61972
5.53048
5.42883
5.31229
5.17688
5.02381
4.83315
4.60775
4.33755
4.03635
3.65758
1.40001
1.40001
1.40001
1.40001
1.40001
1.40001
1.40001
1.40001
1.40001
1.40001
1.40001
1.40001
1.40001
1.40001
1.40001
1.40001
1.40001
1.40001
1.40001
1.40001
1.40001
1.40001
1.40001
1.40001
1.40001
1.40001
1.40001
1.40001
1.40001
1.40001
1.40001
1.40001
1.40001
1.40001
1.40001
1.40001
1.40001
1.40001
1.40001
1.40001
1.40001
1.40001
1.40001
1.40001
1.40001
1.40001
1.40001
1.40001
1.40001
1.40001
1.40001
1.40001
1.40001
1.40001
1.40001
1.40001
1.40001
1.40001
1.40001
1.40001
1.40001
1.4002
1.4685
2.39351
5.57967
6.25628
6.22897
6.18723
6.17277
6.14538
6.11952
6.09341
6.06658
6.03912
6.01015
5.97802
5.94343
5.90617
5.86468
5.82092
5.77174
5.71846
5.65881
5.59303
5.51946
5.43723
5.34502
5.24024
5.12543
4.99091
4.84375
4.67187
4.48464
4.28923
4.06003
3.80165
1.40001
1.40001
1.40001
1.40001
1.40001
1.40001
1.40001
1.40001
1.40001
1.40001
1.40001
1.40001
1.40001
1.40001
1.40001
1.40001
1.40001
1.40001
1.40001
1.40001
1.40001
1.40001
1.40001
1.40001
1.40001
1.40001
1.40001
1.40001
1.40001
1.40001
1.40001
1.40001
1.40001
1.40001
1.40001
1.40001
1.40001
1.40001
1.40001
1.40001
1.40001
1.40001
1.40001
1.40001
1.40001
1.40001
1.40001
1.40001
1.40001
1.40001
1.40001
1.40001
1.40001
1.40001
1.40001
1.40001
1.40001
1.40001
1.40001
1.40001
1.40001
1.40001
1.40018
1.42126
1.86459
4.66837
6.10966
6.14146
6.09916
6.07915
6.05211
6.02245
5.99039
5.95518
5.91849
5.879
5.83673
5.79172
5.7437
5.69301
5.6388
5.57927
5.51598
5.4462
5.37167
5.28919
5.19867
5.09834
4.98961
4.87014
4.74069
4.59818
4.45116
4.29287
4.11249
3.94082
1.40001
1.40001
1.40001
1.40001
1.40001
1.40001
1.40001
1.40001
1.40001
1.40001
1.40001
1.40001
1.40001
1.40001
1.40001
1.40001
1.40001
1.40001
1.40001
1.40001
1.40001
1.40001
1.40001
1.40001
1.40001
1.40001
1.40001
1.40001
1.40001
1.40001
1.40001
1.40001
1.40001
1.40001
1.40001
1.40001
1.40001
1.40001
1.40001
1.40001
1.40001
1.40001
1.40001
1.40001
1.40001
1.40001
1.40001
1.40001
1.40001
1.40001
1.40001
1.40001
1.40001
1.40001
1.40001
1.40001
1.40001
1.40001
1.40001
1.40001
1.40001
1.40001
1.40001
1.40004
1.40366
1.64836
3.22101
5.75093
6.05652
6.0378
5.98732
5.9705
5.93476
5.89908
5.85819
5.81341
5.7656
5.71467
5.66056
5.6043
5.54538
5.48274
5.41622
5.34506
5.26901
5.18712
5.09963
5.00568
4.9062
4.80145
4.68894
4.57075
4.44772
4.31301
4.17835
4.04829
1.40001
1.40001
1.40001
1.40001
1.40001
1.40001
1.40001
1.40001
1.40001
1.40001
1.40001
1.40001
1.40001
1.40001
1.40001
1.40001
1.40001
1.40001
1.40001
1.40001
1.40001
1.40001
1.40001
1.40001
1.40001
1.40001
1.40001
1.40001
1.40001
1.40001
1.40001
1.40001
1.40001
1.40001
1.40001
1.40001
1.40001
1.40001
1.40001
1.40001
1.40001
1.40001
1.40001
1.40001
1.40001
1.40001
1.40001
1.40001
1.40001
1.40001
1.40001
1.40001
1.40001
1.40001
1.40001
1.40001
1.40001
1.40001
1.40001
1.40001
1.40001
1.40001
1.40001
1.40001
1.40001
1.40115
1.47566
2.04785
4.36693
5.90163
5.98815
5.95297
5.90129
5.87655
5.83219
5.78479
5.73286
5.67695
5.61869
5.55819
5.49545
5.43028
5.36211
5.29027
5.21445
5.13457
5.05031
4.96114
4.86873
4.7728
4.67079
4.56523
4.45566
4.34253
4.23161
4.12387
1.40001
1.40001
1.40001
1.40001
1.40001
1.40001
1.40001
1.40001
1.40001
1.40001
1.40001
1.40001
1.40001
1.40001
1.40001
1.40001
1.40001
1.40001
1.40001
1.40001
1.40001
1.40001
1.40001
1.40001
1.40001
1.40001
1.40001
1.40001
1.40001
1.40001
1.40001
1.40001
1.40001
1.40001
1.40001
1.40001
1.40001
1.40001
1.40001
1.40001
1.40001
1.40001
1.40001
1.40001
1.40001
1.40001
1.40001
1.40001
1.40001
1.40001
1.40001
1.40001
1.40001
1.40001
1.40001
1.40001
1.40001
1.40001
1.40001
1.40001
1.40001
1.40001
1.40001
1.40001
1.40001
1.40001
1.4002
1.4076
1.63516
2.43419
4.91749
5.8974
5.9328
5.88368
5.81733
5.77504
5.71686
5.65913
5.59812
5.53469
5.4698
5.40301
5.33389
5.26205
5.18739
5.11013
5.02968
4.94537
4.85824
4.76807
4.67239
4.5733
4.47552
4.37816
4.2816
4.18592
2.00766
1.35566
1.01544
0.766558
0.620931
0.554147
0.488211
0.371007
0.284784
0.275658
0.267038
0.241867
0.206667
0.200942
0.208732
0.214176
0.212886
0.21293
0.217169
0.230598
0.253786
0.281594
0.295167
0.306193
0.319269
0.343824
0.374928
0.400078
0.425851
0.460664
0.504233
0.534708
0.559052
0.585736
0.621197
0.656523
0.692814
0.731888
0.772732
0.804187
0.827278
0.846072
0.861795
0.878613
0.897125
0.9231
0.952244
0.97558
0.991278
1.00519
1.01822
1.02159
1.02402
1.03357
1.05073
1.07536
1.09064
1.09332
1.09591
1.10287
1.11059
1.11855
1.13042
1.14232
1.15345
1.16044
1.16193
1.16157
1.15855
1.15907
1.16253
1.16753
1.175
1.1779
1.17666
1.17195
1.16432
1.16019
1.15841
1.15788
1.16081
1.16371
1.1617
1.15846
1.15328
1.14729
1.14532
1.1444
1.14426
1.14725
1.14894
1.14799
1.14621
1.14283
1.14047
1.14019
2.7499
2.28799
1.94354
1.63742
1.4678
1.36616
1.25597
1.09782
0.988976
0.96734
0.928101
0.867086
0.783647
0.762483
0.755966
0.727838
0.677418
0.65672
0.65979
0.65993
0.646827
0.624545
0.622062
0.625441
0.62465
0.616393
0.607994
0.608512
0.616691
0.620641
0.61741
0.615086
0.616568
0.62022
0.620304
0.620193
0.623022
0.63805
0.649422
0.652925
0.658161
0.668484
0.688135
0.698665
0.707748
0.723193
0.749794
0.770351
0.773688
0.779215
0.792032
0.811948
0.828146
0.844114
0.865517
0.891959
0.921011
0.940163
0.950332
0.960566
0.97274
0.988735
1.01174
1.0316
1.04666
1.05945
1.07481
1.08282
1.0834
1.08703
1.09729
1.11084
1.12743
1.1373
1.1396
1.14021
1.14099
1.14076
1.13967
1.13942
1.1431
1.15135
1.15289
1.15217
1.15099
1.14976
1.15028
1.15156
1.15365
1.15973
1.16729
1.16925
1.16977
1.16971
1.16956
1.17029
3.28127
2.98365
2.67778
2.4454
2.28197
2.10625
1.90221
1.77443
1.71168
1.63823
1.5281
1.40246
1.35383
1.31655
1.26704
1.17589
1.10958
1.09941
1.08444
1.06044
1.00188
0.950733
0.936135
0.920534
0.906135
0.874328
0.849483
0.840973
0.828973
0.817975
0.797658
0.776668
0.763691
0.752838
0.739584
0.729795
0.728241
0.725294
0.719132
0.709628
0.70027
0.698641
0.699827
0.703383
0.710203
0.721459
0.731852
0.742074
0.750149
0.756333
0.765069
0.776748
0.792068
0.809085
0.826702
0.842119
0.855322
0.86787
0.877567
0.884039
0.890282
0.899569
0.918709
0.943222
0.959428
0.968846
0.980101
0.996952
1.0045
1.00846
1.01735
1.03649
1.06733
1.0827
1.08555
1.09036
1.10183
1.11609
1.12263
1.12862
1.14083
1.1596
1.17142
1.17408
1.17507
1.17957
1.18645
1.1919
1.19777
1.20945
1.22277
1.22597
1.22701
1.22753
1.2267
1.22625
3.5939
3.37778
3.15434
2.9791
2.80311
2.61684
2.48823
2.38375
2.24883
2.10622
2.02413
1.95556
1.87145
1.75034
1.6668
1.63018
1.59215
1.54134
1.45656
1.40682
1.3753
1.33915
1.29466
1.22814
1.20016
1.19117
1.17408
1.14973
1.10214
1.06844
1.05753
1.04287
1.02452
0.991686
0.97015
0.967271
0.963581
0.954055
0.93592
0.906375
0.883103
0.881331
0.880617
0.87597
0.862701
0.852447
0.84847
0.843537
0.835421
0.820745
0.813953
0.813016
0.814879
0.820502
0.820884
0.818132
0.812895
0.808308
0.808197
0.809416
0.810595
0.812134
0.818105
0.827368
0.830205
0.831252
0.833876
0.842049
0.854409
0.866743
0.880759
0.8987
0.922881
0.945652
0.959049
0.971481
0.986943
1.00571
1.02591
1.04671
1.07038
1.09383
1.11914
1.13402
1.13716
1.14101
1.14849
1.15786
1.16594
1.17806
1.19405
1.1987
1.1991
1.19982
1.2005
1.2
3.78131
3.615
3.45885
3.29561
3.13777
3.01683
2.89217
2.75054
2.63785
2.54747
2.44246
2.31235
2.2207
2.16437
2.10284
2.01769
1.92176
1.87315
1.82996
1.77764
1.69965
1.62688
1.59847
1.56935
1.53623
1.47977
1.43033
1.40963
1.38324
1.35136
1.30043
1.25672
1.24815
1.2372
1.22057
1.1934
1.15441
1.13718
1.12211
1.10384
1.081
1.04885
1.03762
1.03577
1.02845
1.01388
0.990961
0.958628
0.944105
0.938944
0.931102
0.921242
0.908561
0.899068
0.891183
0.880938
0.866244
0.848045
0.841765
0.841543
0.843772
0.847023
0.84723
0.847228
0.84598
0.84177
0.839412
0.840091
0.842462
0.846451
0.853167
0.858795
0.860387
0.860929
0.861088
0.862379
0.865406
0.870732
0.880686
0.896258
0.914086
0.926938
0.937831
0.952628
0.966329
0.97631
0.987728
1.00762
1.02637
1.04231
1.06478
1.08209
1.08909
1.09751
1.10663
1.11602
3.91568
3.78234
3.65095
3.51707
3.39201
3.26866
3.15156
3.05262
2.94909
2.82483
2.71734
2.64287
2.56322
2.46268
2.37668
2.32012
2.26054
2.18576
2.08878
2.03174
1.99524
1.95127
1.89173
1.82169
1.78556
1.7534
1.71458
1.65778
1.59689
1.57389
1.55114
1.52456
1.48551
1.44232
1.42451
1.4055
1.37947
1.34164
1.2972
1.2856
1.279
1.26363
1.24244
1.20998
1.192
1.18159
1.16591
1.14492
1.11467
1.09769
1.09604
1.09241
1.08015
1.05954
1.03392
1.02181
1.01458
1.00552
0.989098
0.976018
0.973241
0.970778
0.964885
0.952735
0.933362
0.919217
0.917335
0.916267
0.913049
0.907131
0.90273
0.899715
0.896272
0.888928
0.880463
0.878695
0.878188
0.878961
0.880151
0.879438
0.877487
0.874618
0.871705
0.871022
0.87183
0.873708
0.878788
0.885246
0.887908
0.89122
0.897035
0.905699
0.915666
0.927001
0.940199
0.955086
4.01406
3.89815
3.78641
3.67532
3.56052
3.45422
3.35698
3.25353
3.15204
3.06271
2.97189
2.86924
2.77934
2.71551
2.65029
2.56619
2.47322
2.41391
2.3615
2.29975
2.22259
2.16833
2.13188
2.08908
2.03358
1.95627
1.9114
1.88311
1.84901
1.8038
1.75182
1.72571
1.70172
1.67139
1.62728
1.57256
1.55202
1.53509
1.51329
1.48437
1.44799
1.43074
1.41539
1.3944
1.36556
1.32438
1.30812
1.30209
1.2894
1.27316
1.24722
1.22623
1.21374
1.19857
1.18182
1.15675
1.13656
1.13279
1.12781
1.11792
1.10305
1.07875
1.06215
1.05076
1.03943
1.02936
1.01566
1.00793
1.00331
0.996603
0.985892
0.968335
0.946972
0.939015
0.938103
0.935282
0.930642
0.925413
0.9197
0.913223
0.90245
0.890344
0.887073
0.886086
0.885708
0.887411
0.8908
0.891345
0.890377
0.886984
0.885462
0.885705
0.886734
0.889166
0.893973
0.899071
4.08886
3.98981
3.89223
3.79315
3.69629
3.60108
3.50362
3.41433
3.33119
3.23848
3.14389
3.06774
2.99394
2.90759
2.82686
2.76593
2.70408
2.62983
2.54588
2.49072
2.44919
2.39931
2.33051
2.26606
2.2247
2.18097
2.12943
2.06586
2.0274
2.00305
1.97231
1.93091
1.87054
1.83281
1.80712
1.7776
1.74019
1.6983
1.67908
1.66212
1.63874
1.60556
1.55647
1.53345
1.51961
1.50072
1.47807
1.44841
1.43195
1.41904
1.40101
1.37673
1.33987
1.31873
1.31452
1.30512
1.2917
1.27234
1.25353
1.24193
1.2281
1.21126
1.18787
1.16638
1.1618
1.15954
1.15163
1.13911
1.12032
1.10379
1.09282
1.08182
1.0692
1.05479
1.04888
1.04551
1.04062
1.03297
1.02039
1.00093
0.984368
0.981152
0.979425
0.975405
0.969087
0.963696
0.959032
0.952743
0.941868
0.928616
0.924466
0.922822
0.921497
0.920919
0.920111
0.918361
)
;

boundaryField
{
    inlet
    {
        type            calculated;
        value           uniform 1.40001;
    }
    outlet
    {
        type            calculated;
        value           nonuniform 0();
    }
    bottom
    {
        type            symmetryPlane;
    }
    top
    {
        type            symmetryPlane;
    }
    obstacle
    {
        type            calculated;
        value           nonuniform List<scalar> 
128
(
6.9689
6.96728
6.96476
6.96085
6.95572
6.94978
6.94295
6.93551
6.92719
6.91789
6.90787
6.89685
6.88492
6.87172
6.85731
6.84113
6.82335
6.80311
6.78077
6.75498
6.72638
6.69273
6.65511
6.6098
6.55885
6.4956
6.42329
6.32739
6.21253
6.0489
5.82108
5.58536
2.00766
1.35566
1.01544
0.766558
0.620931
0.554147
0.488211
0.371007
0.284784
0.275658
0.267038
0.241867
0.206667
0.200942
0.208732
0.214176
0.212886
0.21293
0.217169
0.230598
0.253786
0.281594
0.295167
0.306193
0.319269
0.343824
0.374928
0.400078
0.425851
0.460664
0.504233
0.534708
0.559052
0.585736
0.621197
0.656523
0.692814
0.731888
0.772732
0.804187
0.827278
0.846072
0.861795
0.878613
0.897125
0.9231
0.952244
0.97558
0.991278
1.00519
1.01822
1.02159
1.02402
1.03357
1.05073
1.07536
1.09064
1.09332
1.09591
1.10287
1.11059
1.11855
1.13042
1.14232
1.15345
1.16044
1.16193
1.16157
1.15855
1.15907
1.16253
1.16753
1.175
1.1779
1.17666
1.17195
1.16432
1.16019
1.15841
1.15788
1.16081
1.16371
1.1617
1.15846
1.15328
1.14729
1.14532
1.1444
1.14426
1.14725
1.14894
1.14799
1.14621
1.14283
1.14047
1.14019
)
;
    }
    defaultFaces
    {
        type            empty;
    }
    procBoundary0to1
    {
        type            processor;
        value           nonuniform List<scalar> 8(1.14024 1.17169 1.227 1.20218 1.12663 0.972904 0.901138 0.914083);
    }
    procBoundary0to2
    {
        type            processor;
        value           nonuniform List<scalar> 
192
(
1.40001
1.40001
1.40001
1.40001
1.40001
1.40001
1.40001
1.40001
1.40001
1.40001
1.40001
1.40001
1.40001
1.40001
1.40001
1.40001
1.40001
1.40001
1.40001
1.40001
1.40001
1.40001
1.40001
1.40001
1.40001
1.40001
1.40001
1.40001
1.40001
1.40001
1.40001
1.40001
1.40001
1.40001
1.40001
1.40001
1.40001
1.40001
1.40001
1.40001
1.40001
1.40001
1.40001
1.40001
1.40001
1.40001
1.40001
1.40001
1.40001
1.40001
1.40001
1.40001
1.40001
1.40001
1.40001
1.40001
1.40001
1.40001
1.40001
1.40001
1.40001
1.40001
1.40001
1.40001
1.40001
1.40001
1.40001
1.40001
1.40125
1.42224
1.77701
2.7254
5.13736
5.85881
5.88079
5.82798
5.73414
5.68171
5.62112
5.55498
5.4882
5.41871
5.34577
5.27184
5.19636
5.11953
5.04077
4.95882
4.87341
4.7849
4.69378
4.60279
4.5148
4.42821
4.34114
4.25313
4.164
4.07302
3.98313
3.89572
3.80889
3.7222
3.63748
3.55295
3.46741
3.38769
3.31101
3.22744
3.14387
3.07723
3.01377
2.93844
2.86051
2.80275
2.74875
2.68521
2.61177
2.55917
2.51695
2.46783
2.40389
2.33658
2.29935
2.26639
2.22567
2.1697
2.12528
2.09494
2.05929
2.01545
1.95857
1.92673
1.90903
1.88563
1.85405
1.80788
1.77657
1.75313
1.7261
1.69312
1.65465
1.63804
1.6267
1.60915
1.58487
1.54468
1.51568
1.50132
1.48436
1.46568
1.44081
1.42635
1.41762
1.4047
1.38615
1.35557
1.32452
1.31749
1.31035
1.29971
1.28625
1.26973
1.25812
1.24539
1.22985
1.21015
1.18563
1.17633
1.17381
1.16886
1.16117
1.14984
1.13196
1.11517
1.10089
1.09014
1.0801
1.07052
1.06627
1.06205
1.05564
1.04649
1.03067
1.00745
0.995572
0.993174
0.990775
0.987341
0.982732
0.977159
0.970072
0.958023
)
;
    }
}


// ************************************************************************* //
