/*--------------------------------*- C++ -*----------------------------------*\
  =========                 |
  \\      /  F ield         | OpenFOAM: The Open Source CFD Toolbox
   \\    /   O peration     | Website:  https://openfoam.org
    \\  /    A nd           | Version:  7
     \\/     M anipulation  |
\*---------------------------------------------------------------------------*/
FoamFile
{
    version     2.0;
    format      ascii;
    class       volScalarField;
    location    "0.9";
    object      rho;
}
// * * * * * * * * * * * * * * * * * * * * * * * * * * * * * * * * * * * * * //

dimensions      [1 -3 0 0 0 0 0];

internalField   nonuniform List<scalar> 
4608
(
0.95868
0.95716
0.957013
0.957051
0.957964
0.958152
0.957231
0.955572
0.952627
0.94965
0.948468
0.947806
0.94765
0.94905
0.95357
0.956712
0.95701
0.956684
0.954619
0.951336
0.949888
0.948555
0.946775
0.945186
0.943833
0.942463
0.940584
0.937947
0.936404
0.935984
0.935703
0.93569
0.935297
0.934187
0.93267
0.930785
0.928512
0.926226
0.924048
0.921954
0.920099
0.918522
0.917081
0.91566
0.91399
0.911486
0.907714
0.904028
0.902559
0.901705
0.90081
0.899986
0.899105
0.897926
0.896528
0.895426
0.894933
0.8952
0.894582
0.893162
0.891808
0.890412
0.8888
0.886951
0.884586
0.880804
0.875018
0.869934
0.867606
0.866065
0.864302
0.862199
0.859964
0.857508
0.85468
0.851854
0.849532
0.847587
0.845804
0.844037
0.842137
0.840082
0.837988
0.835851
0.833634
0.832075
0.831137
0.829956
0.828147
0.825737
0.823165
0.820633
0.818115
0.81564
0.813224
0.810722
0.808171
0.805911
0.80399
0.802431
0.801029
0.799477
0.797784
0.795967
0.793711
0.790541
0.786352
0.782684
0.780553
0.778953
0.777316
0.775623
0.774672
0.774052
0.77338
0.772656
0.772122
0.772036
0.773283
0.773236
0.771965
0.769887
0.766635
0.762148
0.755967
0.748931
0.745743
0.744707
0.743584
0.742044
0.740179
0.738
0.735743
0.733732
0.731793
0.729389
0.726942
0.726004
0.72548
0.724926
0.724177
0.723248
0.72217
0.720913
0.719369
0.717297
0.714245
0.709787
0.706469
0.705208
0.704239
0.703378
0.702743
0.702042
0.701052
0.699681
0.698042
0.696253
0.694187
0.691814
0.68939
0.687275
0.685361
0.683345
0.681365
0.679577
0.677898
0.676356
0.674965
0.674063
0.673569
0.67302
0.671479
0.667643
0.662297
0.658197
0.655663
0.653505
0.650878
0.647449
0.64463
0.642855
0.641205
0.640319
0.639794
0.639473
0.639516
0.640402
0.640371
0.639326
0.637602
0.636159
0.634913
0.633108
0.630953
0.629187
0.627659
0.625899
0.623875
0.621806
0.619937
0.618389
0.61707
0.615582
0.613223
0.610339
0.608335
0.60686
0.605432
0.604187
0.60307
0.601799
0.600786
0.599954
0.599165
0.598448
0.597803
0.597315
0.597124
0.597065
0.596843
0.594922
0.589196
0.584565
0.582766
0.581485
0.57987
0.577272
0.57269
0.569412
0.568563
0.568103
0.568011
0.568044
0.567459
0.566771
0.566138
0.565399
0.564439
0.563124
0.561152
0.559252
0.558789
0.558677
0.558522
0.557682
0.555597
0.553147
0.550905
0.548667
0.54611
0.542695
0.538495
0.536488
0.535985
0.535595
0.535302
0.535175
0.535364
0.536342
0.538551
0.540999
0.541456
0.541059
0.538063
0.531097
0.523563
0.517524
0.514769
0.514263
0.514078
0.51406
0.514203
0.514647
0.515332
0.51611
0.517149
0.51895
0.521525
0.524032
0.526699
0.529941
0.532007
0.532641
0.533031
0.533405
0.533466
0.531234
0.992568
0.991346
0.991153
0.991251
0.992686
0.993764
0.992641
0.989927
0.984874
0.979388
0.977268
0.975856
0.974963
0.975398
0.977909
0.978552
0.978134
0.97715
0.974688
0.97167
0.969673
0.967438
0.96536
0.963998
0.962772
0.96125
0.95894
0.955233
0.952345
0.951632
0.951251
0.950984
0.95048
0.949611
0.948335
0.946323
0.943438
0.940893
0.938827
0.936808
0.935037
0.93349
0.932047
0.930785
0.929494
0.927512
0.923918
0.920329
0.918885
0.917732
0.916394
0.915048
0.913611
0.911885
0.910078
0.908889
0.908022
0.907575
0.907138
0.905974
0.90444
0.902823
0.901098
0.89928
0.896996
0.893499
0.888256
0.883147
0.880415
0.878694
0.877076
0.875294
0.873199
0.870663
0.867642
0.864453
0.861974
0.860235
0.858638
0.857028
0.855437
0.853785
0.852018
0.850011
0.847365
0.844658
0.843686
0.842732
0.841125
0.838935
0.836674
0.83428
0.831835
0.829521
0.827292
0.825116
0.822718
0.820449
0.818569
0.816792
0.815113
0.813583
0.811878
0.809884
0.807558
0.804815
0.801053
0.796737
0.79374
0.791808
0.790309
0.78885
0.787056
0.784758
0.783405
0.78252
0.781777
0.781566
0.782046
0.781285
0.779573
0.777855
0.775498
0.772187
0.767421
0.760942
0.756155
0.754081
0.752398
0.750586
0.748601
0.746232
0.743703
0.741174
0.738948
0.737049
0.734863
0.732861
0.732085
0.731481
0.730736
0.729784
0.728714
0.727447
0.72619
0.724663
0.722314
0.718433
0.714165
0.712169
0.71119
0.710351
0.709539
0.708686
0.707722
0.706487
0.70486
0.703117
0.701303
0.699209
0.696892
0.694547
0.692543
0.690504
0.688645
0.687057
0.685032
0.683309
0.682376
0.681541
0.681009
0.680507
0.679374
0.676507
0.671909
0.667806
0.665223
0.663155
0.660779
0.657638
0.654721
0.653062
0.651531
0.650016
0.64933
0.649065
0.649212
0.649156
0.648384
0.64706
0.645756
0.644204
0.642476
0.640756
0.63887
0.637062
0.635311
0.633206
0.630789
0.628502
0.626653
0.625275
0.624117
0.622907
0.621245
0.618568
0.615066
0.612272
0.610592
0.609344
0.608165
0.60691
0.60551
0.604177
0.603327
0.602613
0.601841
0.601091
0.600568
0.600282
0.599851
0.598355
0.593674
0.588797
0.586368
0.584626
0.582868
0.580748
0.577781
0.573527
0.570752
0.570145
0.569779
0.569265
0.56871
0.56816
0.567496
0.566727
0.565859
0.56484
0.563468
0.561848
0.561283
0.561156
0.560986
0.560162
0.558092
0.555665
0.553715
0.551839
0.549673
0.547035
0.543386
0.539595
0.538473
0.538198
0.538
0.537892
0.537981
0.538669
0.540408
0.542938
0.543766
0.543499
0.541562
0.536473
0.529609
0.5233
0.519565
0.518843
0.518602
0.51856
0.518628
0.518955
0.519454
0.519967
0.520669
0.522022
0.524147
0.526248
0.528246
0.53056
0.5325
0.533513
0.533999
0.534411
0.534729
0.533985
1.06024
1.0592
1.05916
1.06114
1.06285
1.06228
1.06016
1.05537
1.04674
1.03991
1.03772
1.03609
1.03508
1.03426
1.03268
1.03111
1.02874
1.02415
1.02035
1.01903
1.01744
1.01524
1.01284
1.01066
1.0087
1.00639
1.00249
0.997388
0.994137
0.992518
0.991656
0.991024
0.99038
0.989467
0.987658
0.984169
0.980291
0.977858
0.975558
0.973682
0.972397
0.971435
0.970494
0.969469
0.967857
0.964527
0.960869
0.959721
0.959092
0.958236
0.95702
0.955467
0.95343
0.951154
0.949109
0.94772
0.946826
0.946152
0.94553
0.944602
0.943398
0.941959
0.940113
0.937586
0.933952
0.928671
0.922955
0.919901
0.918334
0.916893
0.915341
0.913398
0.91068
0.906922
0.903332
0.900722
0.898403
0.896939
0.896043
0.895092
0.89359
0.891656
0.889536
0.886727
0.88229
0.877782
0.876428
0.875516
0.874151
0.872143
0.87003
0.867852
0.86514
0.862185
0.859521
0.857177
0.854894
0.852758
0.850625
0.848765
0.847022
0.845265
0.843411
0.841278
0.838532
0.835155
0.831046
0.827096
0.824738
0.823064
0.821409
0.819596
0.817328
0.813827
0.810182
0.80881
0.807955
0.807484
0.807185
0.80636
0.805344
0.804295
0.802187
0.798054
0.792071
0.786004
0.782538
0.780428
0.778565
0.776986
0.775162
0.772577
0.769249
0.765949
0.763571
0.761961
0.760211
0.758211
0.75729
0.756821
0.756267
0.755493
0.754478
0.753139
0.751442
0.749293
0.746314
0.742245
0.740128
0.739323
0.738477
0.737557
0.736541
0.734969
0.73221
0.730672
0.729648
0.728388
0.726925
0.725438
0.72383
0.721775
0.719193
0.716546
0.714413
0.712562
0.710318
0.707261
0.704393
0.703045
0.702222
0.701248
0.699429
0.696232
0.69275
0.690409
0.688589
0.686381
0.683345
0.679372
0.675854
0.674234
0.673003
0.671779
0.670655
0.670042
0.669635
0.668923
0.667234
0.663934
0.662015
0.661508
0.660476
0.658649
0.656255
0.653369
0.651129
0.64857
0.645074
0.643129
0.64184
0.640587
0.639434
0.638229
0.636724
0.634472
0.631041
0.627445
0.625315
0.624085
0.622925
0.621638
0.62032
0.618944
0.617587
0.616297
0.614885
0.613309
0.611689
0.610221
0.608789
0.606679
0.603172
0.599961
0.598511
0.597322
0.595925
0.594352
0.592064
0.588572
0.585224
0.583635
0.582559
0.581091
0.579749
0.578841
0.577961
0.576968
0.57581
0.574445
0.573313
0.572802
0.572474
0.572325
0.572601
0.57238
0.57103
0.569028
0.567148
0.565037
0.562521
0.559734
0.556033
0.552581
0.551532
0.550918
0.550018
0.549393
0.549145
0.549009
0.549089
0.549887
0.550258
0.549917
0.547672
0.541965
0.535617
0.531122
0.528154
0.527332
0.527018
0.526925
0.526982
0.527408
0.528047
0.528506
0.528856
0.529426
0.530444
0.531517
0.5324
0.533283
0.533965
0.534562
0.535851
0.537679
0.538569
0.53901
1.05509
1.0538
1.05647
1.06358
1.06665
1.06682
1.06671
1.06509
1.06238
1.06188
1.06339
1.06862
1.07626
1.08125
1.08204
1.08168
1.08009
1.07791
1.07804
1.07902
1.0811
1.08355
1.08322
1.08141
1.07842
1.07427
1.06874
1.06414
1.06139
1.05903
1.0566
1.05393
1.0509
1.04713
1.04224
1.03564
1.03051
1.02864
1.02696
1.02486
1.02258
1.0206
1.01878
1.01648
1.01259
1.00729
1.00516
1.00448
1.00378
1.00265
1.00101
0.998898
0.995822
0.991895
0.988767
0.986909
0.986065
0.985613
0.985307
0.984493
0.983192
0.981744
0.979879
0.976773
0.97117
0.966347
0.965166
0.964528
0.963438
0.961676
0.959274
0.955763
0.952356
0.950536
0.948683
0.946299
0.944888
0.944236
0.944059
0.943881
0.942798
0.94089
0.938211
0.93434
0.929493
0.925493
0.923019
0.921139
0.919104
0.916258
0.912916
0.910028
0.907566
0.905115
0.902383
0.899533
0.89695
0.895275
0.893811
0.892149
0.890393
0.888623
0.886651
0.884141
0.881217
0.878111
0.874108
0.869791
0.867414
0.865896
0.864139
0.861759
0.859069
0.855974
0.852743
0.851102
0.850185
0.849856
0.849496
0.848736
0.84795
0.846715
0.843066
0.835571
0.829933
0.827335
0.825172
0.823025
0.821193
0.819584
0.817643
0.814608
0.809631
0.80563
0.804464
0.80337
0.801946
0.80054
0.799625
0.798924
0.798095
0.796971
0.795342
0.793074
0.790131
0.786377
0.782382
0.780156
0.779192
0.778364
0.777324
0.775668
0.77315
0.770309
0.767294
0.765234
0.764311
0.763487
0.762383
0.76113
0.759642
0.757519
0.754622
0.751574
0.749219
0.747391
0.745413
0.742939
0.740278
0.738059
0.735863
0.732475
0.727579
0.724845
0.724254
0.723622
0.722044
0.719284
0.715414
0.710748
0.708236
0.707204
0.706314
0.705437
0.704686
0.704014
0.703332
0.701917
0.698813
0.694607
0.692392
0.6916
0.690855
0.689669
0.687649
0.684649
0.68156
0.678383
0.675358
0.674151
0.673139
0.67178
0.670123
0.668075
0.6654
0.661791
0.657152
0.654581
0.653902
0.653236
0.652183
0.6511
0.650227
0.649219
0.647909
0.6462
0.643977
0.641193
0.637889
0.634194
0.630656
0.628226
0.62625
0.62387
0.622826
0.622426
0.621452
0.619454
0.616617
0.612825
0.609024
0.606997
0.60565
0.604074
0.602658
0.60163
0.600669
0.599439
0.59719
0.594387
0.593402
0.592724
0.591553
0.590575
0.590151
0.589783
0.589205
0.588164
0.586394
0.583788
0.57989
0.575274
0.573755
0.573483
0.573391
0.573477
0.574145
0.574214
0.573516
0.572776
0.572187
0.571314
0.57004
0.567621
0.561651
0.555368
0.554673
0.554781
0.555119
0.55559
0.556135
0.557033
0.558779
0.560999
0.562888
0.564371
0.565662
0.566911
0.568185
0.569664
0.571246
0.572462
0.573444
0.575058
0.578935
0.584068
0.587754
0.591826
1.00763
1.01283
1.02254
1.03924
1.04816
1.04886
1.05065
1.05409
1.05661
1.05709
1.06017
1.0695
1.08113
1.08575
1.08589
1.08546
1.08396
1.08256
1.08182
1.08344
1.08858
1.09208
1.09222
1.09147
1.08965
1.08662
1.08398
1.08372
1.08409
1.08488
1.08501
1.08367
1.08055
1.07629
1.07277
1.07158
1.07112
1.07084
1.07162
1.07184
1.07048
1.06826
1.0657
1.06291
1.05989
1.05724
1.05532
1.0535
1.05165
1.04955
1.0468
1.04194
1.03454
1.02848
1.0258
1.02362
1.02071
1.01926
1.01856
1.01726
1.01515
1.01249
1.00912
1.00463
1.00031
0.998317
0.99714
0.995805
0.993887
0.990772
0.986493
0.983928
0.983118
0.982548
0.98147
0.979764
0.978615
0.978019
0.977901
0.977574
0.976538
0.97481
0.972002
0.968186
0.964612
0.961798
0.958972
0.955517
0.951599
0.947987
0.945773
0.944763
0.944125
0.943253
0.941475
0.939164
0.937908
0.937235
0.937009
0.937319
0.936714
0.935067
0.932803
0.929664
0.925577
0.92084
0.915675
0.911351
0.908746
0.906873
0.904993
0.902911
0.900489
0.897935
0.895436
0.892952
0.891037
0.889929
0.889089
0.8879
0.885567
0.881558
0.875878
0.871071
0.868334
0.866069
0.864102
0.861811
0.859617
0.857686
0.855462
0.85139
0.846462
0.843671
0.84136
0.839394
0.838452
0.837932
0.837127
0.835527
0.833531
0.83171
0.829673
0.827239
0.82452
0.821674
0.819919
0.81903
0.818134
0.816836
0.814894
0.812168
0.809211
0.807225
0.805442
0.803386
0.802221
0.801459
0.800552
0.799395
0.797917
0.795831
0.792924
0.789553
0.787303
0.785907
0.78454
0.782788
0.780346
0.776645
0.77043
0.763231
0.760804
0.760541
0.760474
0.759842
0.758024
0.755127
0.751723
0.748758
0.74594
0.744233
0.743291
0.742581
0.742011
0.741299
0.740147
0.737798
0.734094
0.730703
0.728178
0.726617
0.725487
0.724078
0.721758
0.718664
0.715275
0.711969
0.709307
0.707233
0.705662
0.704111
0.701989
0.698914
0.694597
0.689486
0.687308
0.686881
0.686613
0.686465
0.685986
0.685002
0.683663
0.681862
0.679634
0.676955
0.673735
0.669129
0.662598
0.658647
0.657455
0.65636
0.655059
0.654294
0.65391
0.65321
0.65191
0.649974
0.647449
0.643786
0.640452
0.639557
0.638961
0.637892
0.636914
0.635931
0.635428
0.635647
0.635999
0.636049
0.635809
0.635634
0.635889
0.636456
0.637127
0.638119
0.640242
0.642104
0.642005
0.641442
0.641838
0.642917
0.644847
0.648063
0.652778
0.658722
0.664915
0.669248
0.671117
0.672234
0.67367
0.674546
0.673447
0.671026
0.671266
0.673714
0.678043
0.683134
0.688677
0.694336
0.699903
0.705948
0.713003
0.720017
0.725932
0.730466
0.73318
0.735373
0.738088
0.743344
0.749356
0.752387
0.754326
0.75708
0.762362
0.768353
0.773042
0.779956
0.885154
0.896934
0.90716
0.917893
0.930956
0.944039
0.953781
0.963501
0.978036
0.991766
1.00396
1.01744
1.03698
1.04459
1.04354
1.04448
1.04947
1.0563
1.05823
1.06236
1.0724
1.07842
1.07874
1.07812
1.07741
1.0777
1.07969
1.08314
1.08634
1.08843
1.08885
1.08795
1.08424
1.07892
1.07596
1.07529
1.0753
1.07635
1.0787
1.07937
1.07884
1.07729
1.07598
1.07532
1.07481
1.07517
1.0753
1.07419
1.07277
1.07098
1.06843
1.06412
1.0581
1.05513
1.05405
1.05271
1.05079
1.04846
1.04659
1.04513
1.04322
1.04053
1.03704
1.0332
1.03019
1.02797
1.02579
1.02277
1.0174
1.01011
1.00698
1.00568
1.00437
1.00306
1.00196
1.0008
0.999312
0.997678
0.995931
0.993971
0.99161
0.988593
0.985187
0.98209
0.979441
0.976666
0.97236
0.965722
0.962289
0.961303
0.960491
0.959858
0.959436
0.959297
0.960347
0.960237
0.95927
0.958854
0.959272
0.960277
0.959772
0.958412
0.955887
0.951502
0.945018
0.937201
0.934293
0.933826
0.933383
0.9326
0.931599
0.930967
0.930294
0.928905
0.926798
0.924332
0.921673
0.918947
0.916184
0.91281
0.908918
0.905942
0.904251
0.902796
0.900618
0.898473
0.896248
0.893928
0.891468
0.888246
0.884136
0.878421
0.873115
0.870509
0.868353
0.866143
0.865149
0.864617
0.863807
0.861991
0.859798
0.857884
0.855946
0.853641
0.851553
0.850114
0.84879
0.847238
0.844684
0.841011
0.838594
0.837337
0.836276
0.835096
0.833607
0.832004
0.830632
0.829196
0.827068
0.825842
0.82512
0.824123
0.822589
0.820645
0.818936
0.817217
0.81522
0.812728
0.808623
0.800438
0.790896
0.78823
0.787822
0.787576
0.787598
0.786939
0.785506
0.783684
0.781485
0.779086
0.776592
0.774306
0.773036
0.772313
0.771652
0.770684
0.769078
0.766811
0.764619
0.761836
0.75796
0.754664
0.752939
0.751183
0.748579
0.745377
0.742108
0.739137
0.736474
0.733894
0.732486
0.731603
0.730326
0.727664
0.723999
0.723185
0.723167
0.723407
0.724169
0.724831
0.72467
0.723736
0.72179
0.718796
0.715343
0.711077
0.708713
0.708639
0.709049
0.709989
0.71101
0.712468
0.715244
0.718378
0.721436
0.724612
0.727385
0.730382
0.734024
0.737777
0.742786
0.75029
0.756046
0.759678
0.763702
0.768182
0.773306
0.780077
0.787523
0.794285
0.799899
0.806391
0.816064
0.826165
0.830237
0.834024
0.840204
0.847033
0.852855
0.859169
0.867222
0.874995
0.881907
0.889475
0.898492
0.908714
0.918616
0.92407
0.924821
0.923104
0.920066
0.918071
0.916125
0.915848
0.918263
0.924152
0.931542
0.939367
0.946497
0.950595
0.953982
0.9587
0.966064
0.974488
0.979692
0.98105
0.980605
0.979992
0.980396
0.983564
0.986999
0.988779
0.989481
0.989147
0.988197
0.98896
0.989886
0.991977
0.831372
0.830787
0.829323
0.829999
0.832671
0.836953
0.843314
0.851889
0.862235
0.874199
0.88503
0.893106
0.902074
0.91454
0.924541
0.931933
0.941347
0.956992
0.968556
0.977064
0.991576
1.00106
1.0056
1.01142
1.02009
1.02567
1.03243
1.04375
1.05421
1.05764
1.05951
1.05892
1.05683
1.05676
1.05761
1.05926
1.0636
1.07004
1.07146
1.07129
1.07156
1.07179
1.07171
1.07159
1.07263
1.07596
1.07698
1.07622
1.07434
1.07119
1.06742
1.06437
1.06147
1.05979
1.05921
1.05888
1.05881
1.05853
1.05794
1.05712
1.0563
1.05626
1.05588
1.05362
1.05132
1.04941
1.04722
1.0432
1.03493
1.02867
1.02711
1.02564
1.0233
1.0211
1.01949
1.01775
1.01595
1.0141
1.0118
1.00834
1.00335
0.998197
0.99477
0.99235
0.989745
0.986
0.979309
0.972369
0.97043
0.969434
0.968646
0.968159
0.967875
0.968414
0.970923
0.970976
0.969729
0.96903
0.968928
0.968433
0.967314
0.965376
0.961078
0.954009
0.945927
0.939498
0.93802
0.937716
0.937622
0.937509
0.937364
0.937872
0.939022
0.938418
0.93676
0.934582
0.931474
0.926909
0.922254
0.920579
0.920013
0.919634
0.919549
0.920041
0.919526
0.917997
0.916213
0.914224
0.911967
0.908859
0.903963
0.897212
0.890387
0.887854
0.886888
0.886211
0.885541
0.884477
0.883619
0.883547
0.883017
0.881147
0.878871
0.877016
0.875054
0.872767
0.869871
0.86505
0.85856
0.855987
0.855338
0.85433
0.853261
0.852744
0.852011
0.850416
0.848356
0.84613
0.843142
0.841488
0.84097
0.840063
0.838776
0.837517
0.836179
0.834178
0.830792
0.826291
0.820472
0.81132
0.804695
0.803682
0.803304
0.802943
0.802323
0.801797
0.801706
0.802031
0.800946
0.79862
0.796188
0.794119
0.79307
0.792657
0.792282
0.791739
0.790946
0.789785
0.787934
0.784404
0.778871
0.775795
0.774864
0.773552
0.771396
0.769922
0.768541
0.768448
0.768937
0.770391
0.772405
0.774195
0.776368
0.780402
0.78533
0.789747
0.795002
0.802763
0.809253
0.811127
0.811356
0.814197
0.820532
0.828311
0.836709
0.845197
0.854245
0.864903
0.877052
0.889691
0.902441
0.914463
0.925427
0.936793
0.948302
0.95864
0.970537
0.983801
0.993507
1.00194
1.01253
1.02255
1.0311
1.04296
1.05292
1.05788
1.06343
1.07375
1.07788
1.07931
1.08165
1.09082
1.10234
1.10864
1.11336
1.12066
1.12845
1.12794
1.1274
1.12841
1.13452
1.13816
1.13669
1.13556
1.13515
1.1349
1.13497
1.13276
1.12942
1.12586
1.1226
1.11775
1.10998
1.10641
1.10557
1.10545
1.10693
1.11045
1.11472
1.11572
1.11551
1.11613
1.1192
1.1239
1.12508
1.12383
1.12074
1.11503
1.11179
1.10992
1.10659
1.10337
1.10118
1.09869
1.09485
1.09018
1.08828
1.08884
0.84436
0.835771
0.831032
0.83066
0.830727
0.831456
0.832425
0.831631
0.829012
0.826928
0.826724
0.827124
0.828501
0.831894
0.836093
0.837659
0.837925
0.839773
0.843722
0.848054
0.85485
0.865645
0.876808
0.888681
0.904049
0.915353
0.922647
0.933263
0.944179
0.951782
0.961028
0.971644
0.979678
0.987562
0.997704
1.00782
1.01673
1.02722
1.03378
1.03576
1.03852
1.04225
1.04688
1.05296
1.0589
1.06077
1.06078
1.06026
1.05889
1.05556
1.05256
1.05203
1.0523
1.05324
1.05331
1.05278
1.05241
1.05204
1.05142
1.05085
1.05064
1.05297
1.05575
1.05461
1.05305
1.05173
1.04941
1.0436
1.03418
1.02913
1.02816
1.0276
1.0272
1.02805
1.0304
1.02925
1.02734
1.02569
1.02388
1.02124
1.01732
1.01287
1.00912
1.00587
1.00202
0.996361
0.98868
0.982949
0.981009
0.979704
0.978521
0.977648
0.97738
0.979584
0.982139
0.981062
0.97934
0.978003
0.976716
0.975037
0.97234
0.966292
0.955899
0.949043
0.945137
0.940565
0.938459
0.937774
0.937499
0.937338
0.937698
0.939928
0.941052
0.940238
0.938726
0.936623
0.932218
0.924776
0.921443
0.920918
0.920625
0.920436
0.920586
0.921901
0.923074
0.922714
0.921674
0.920301
0.918306
0.915064
0.90926
0.900788
0.897175
0.896253
0.895571
0.895123
0.894816
0.894446
0.894266
0.895755
0.89717
0.896014
0.894074
0.892208
0.889959
0.886845
0.881652
0.872912
0.867338
0.866228
0.865568
0.864953
0.864453
0.864329
0.865396
0.864871
0.862785
0.860156
0.857418
0.854978
0.853136
0.851675
0.850234
0.84847
0.845847
0.841996
0.837182
0.832087
0.827501
0.822897
0.817361
0.814771
0.81422
0.813919
0.813858
0.813968
0.814227
0.814774
0.816635
0.818108
0.817214
0.816958
0.817389
0.818879
0.821744
0.824853
0.827406
0.829213
0.830228
0.831114
0.834405
0.839746
0.846376
0.854729
0.864761
0.875366
0.886589
0.899403
0.914464
0.932853
0.95117
0.966096
0.983249
1.01144
1.02922
1.03651
1.0457
1.05944
1.06936
1.07561
1.08332
1.09514
1.1104
1.12641
1.14195
1.15862
1.17593
1.18883
1.1994
1.21188
1.22096
1.22553
1.23241
1.23933
1.24216
1.24524
1.25286
1.25818
1.25573
1.2533
1.25384
1.25683
1.25921
1.26498
1.27169
1.2726
1.27401
1.27414
1.27184
1.26629
1.26343
1.26233
1.26262
1.26593
1.27085
1.27509
1.27515
1.2728
1.26781
1.26051
1.25212
1.24491
1.23866
1.23277
1.22606
1.22122
1.21702
1.21202
1.20783
1.20492
1.20182
1.19688
1.18933
1.18093
1.17727
1.17563
1.1744
1.17412
1.17506
1.175
1.17382
1.17329
1.17408
1.17281
1.17068
1.16789
1.16285
1.15468
1.14799
1.14341
1.13984
1.13702
1.13407
1.13058
1.12782
1.12576
1.12298
1.11895
0.868695
0.856432
0.853585
0.853136
0.853624
0.852997
0.851199
0.848314
0.842173
0.834386
0.832553
0.832286
0.832614
0.834841
0.836653
0.836187
0.833532
0.828441
0.8267
0.826579
0.826778
0.828357
0.832122
0.837169
0.840594
0.841715
0.841997
0.841192
0.842013
0.845015
0.849832
0.857269
0.867904
0.878795
0.887954
0.895866
0.905902
0.915968
0.922757
0.929652
0.941635
0.95524
0.964952
0.974974
0.987909
0.991757
0.993222
0.995914
1.00297
1.00594
1.00722
1.01089
1.0186
1.02628
1.02774
1.02634
1.02638
1.02849
1.02987
1.03155
1.03689
1.04356
1.04454
1.04335
1.0416
1.04027
1.03883
1.03608
1.03142
1.02892
1.02843
1.02784
1.02708
1.02728
1.03156
1.0337
1.03249
1.03099
1.02909
1.02648
1.02308
1.01909
1.01501
1.01089
1.0062
1.0013
0.997652
0.994884
0.992758
0.991308
0.990012
0.98892
0.988971
0.992391
0.992903
0.991314
0.989719
0.98803
0.985858
0.982777
0.976182
0.962998
0.951321
0.948443
0.946707
0.94364
0.941265
0.940066
0.939566
0.939412
0.940593
0.943541
0.943912
0.943114
0.941799
0.939361
0.933098
0.923622
0.920787
0.920244
0.920079
0.920068
0.920332
0.921578
0.92317
0.92325
0.922632
0.921477
0.919629
0.916526
0.910053
0.901157
0.898234
0.897323
0.896516
0.895886
0.895473
0.895253
0.896044
0.899852
0.901921
0.901008
0.899271
0.897379
0.89482
0.890522
0.882439
0.873588
0.871156
0.870697
0.870358
0.870116
0.869956
0.87057
0.873817
0.876233
0.875279
0.873166
0.870982
0.868757
0.866519
0.864188
0.861029
0.85634
0.850707
0.846324
0.845402
0.845341
0.845488
0.845181
0.845184
0.845992
0.847828
0.850677
0.855311
0.863076
0.873612
0.884646
0.896587
0.913538
0.933442
0.949151
0.96146
0.978486
1.00076
1.01624
1.02842
1.04121
1.05735
1.07581
1.09417
1.1123
1.13141
1.15395
1.17486
1.1939
1.21589
1.23933
1.26325
1.29021
1.30388
1.31255
1.32645
1.34453
1.34886
1.34622
1.33927
1.33855
1.34285
1.3428
1.34224
1.34535
1.35264
1.35531
1.35966
1.37075
1.388
1.39426
1.39581
1.39701
1.39586
1.39213
1.38692
1.38291
1.37777
1.37154
1.36583
1.35982
1.35225
1.34597
1.34248
1.34034
1.3386
1.33782
1.34185
1.34566
1.34381
1.34112
1.3363
1.32999
1.32684
1.325
1.32209
1.317
1.31377
1.31181
1.30948
1.30537
1.29809
1.28711
1.27615
1.26809
1.26037
1.25544
1.25314
1.24964
1.24386
1.23791
1.23152
1.22547
1.22296
1.22154
1.21797
1.21143
1.20567
1.20389
1.20202
1.1987
1.19653
1.19521
1.19231
1.18815
1.18416
1.18102
1.17718
1.17234
1.16624
1.15926
1.15518
1.15406
1.15365
1.14978
1.14527
1.14343
1.14167
1.13918
1.13491
1.1244
0.945784
0.94204
0.936123
0.931079
0.927594
0.923731
0.918156
0.909658
0.898886
0.888524
0.882877
0.880964
0.8796
0.877506
0.873415
0.865023
0.854718
0.848042
0.844975
0.843741
0.843474
0.844108
0.846032
0.846006
0.844236
0.839668
0.831132
0.825266
0.824431
0.824213
0.824365
0.825294
0.826809
0.828191
0.828428
0.827811
0.828368
0.829639
0.831847
0.836848
0.842522
0.847995
0.852959
0.857576
0.862406
0.867701
0.874412
0.881653
0.890076
0.901511
0.913204
0.921931
0.930657
0.942755
0.953379
0.959127
0.964956
0.974696
0.988065
0.998987
1.00917
1.01884
1.02073
1.02014
1.01797
1.01792
1.01999
1.02128
1.02051
1.01991
1.02171
1.02263
1.02306
1.024
1.02731
1.0295
1.02796
1.02575
1.02402
1.02211
1.01948
1.01612
1.01216
1.00766
1.00246
0.999506
0.998725
0.997883
0.996384
0.995035
0.994227
0.99379
0.995664
0.999718
0.999513
0.998158
0.996833
0.995089
0.991842
0.985037
0.973001
0.960254
0.95552
0.954054
0.952592
0.951035
0.950182
0.950685
0.951192
0.950754
0.9511
0.951828
0.951137
0.949964
0.947968
0.943021
0.933908
0.925776
0.923627
0.922705
0.922398
0.922371
0.922535
0.923571
0.924715
0.924566
0.923879
0.922731
0.920808
0.91731
0.910373
0.901475
0.898714
0.897762
0.896893
0.896194
0.895771
0.89559
0.896645
0.900877
0.902915
0.902202
0.900946
0.899448
0.896901
0.891252
0.880151
0.872265
0.871286
0.871122
0.871134
0.871461
0.872823
0.876195
0.88297
0.890322
0.893453
0.895136
0.89632
0.897846
0.900047
0.90132
0.903403
0.908991
0.916535
0.927463
0.944064
0.96453
0.984281
1.00189
1.02202
1.04469
1.0661
1.08643
1.11165
1.14277
1.1691
1.19163
1.22062
1.26286
1.30135
1.32196
1.33468
1.34764
1.37164
1.38546
1.38509
1.38775
1.39862
1.41621
1.41743
1.41802
1.42644
1.43731
1.44927
1.46318
1.48045
1.49625
1.50583
1.50891
1.50972
1.50825
1.50232
1.49197
1.48206
1.47283
1.46379
1.45498
1.44796
1.44469
1.44325
1.4415
1.43831
1.4356
1.43518
1.44121
1.45085
1.45625
1.4544
1.44983
1.44601
1.44068
1.43225
1.42244
1.41114
1.39906
1.38824
1.379
1.36979
1.36393
1.36074
1.35788
1.35583
1.3553
1.36043
1.36454
1.36401
1.36167
1.35749
1.35382
1.35027
1.34281
1.332
1.32257
1.31557
1.30925
1.30298
1.29685
1.29045
1.28508
1.27971
1.27092
1.26316
1.26151
1.25953
1.25442
1.24609
1.24255
1.24033
1.23476
1.22956
1.2291
1.23046
1.22843
1.22349
1.21923
1.21582
1.21143
1.20368
1.19365
1.1835
1.17285
1.16693
1.16511
1.16454
1.16484
1.1633
1.161
1.16015
1.16051
1.16351
1.16218
1.15716
1.15174
1.14647
1.14078
1.13501
1.12226
1.01989
1.01566
1.01255
1.00841
1.00233
0.990695
0.975326
0.963648
0.95693
0.95133
0.945528
0.940417
0.935757
0.929328
0.915116
0.894248
0.886666
0.884901
0.88172
0.87808
0.877193
0.877943
0.877152
0.874092
0.867047
0.853475
0.838474
0.833073
0.83192
0.831575
0.832852
0.8329
0.831871
0.831668
0.831598
0.830173
0.82823
0.827501
0.82747
0.829324
0.829887
0.829265
0.827177
0.822916
0.820799
0.820605
0.820658
0.821647
0.824019
0.826844
0.830276
0.834254
0.838047
0.842627
0.849166
0.858121
0.869565
0.881754
0.895804
0.909351
0.914023
0.91836
0.926183
0.931249
0.93442
0.939109
0.951125
0.959142
0.963241
0.968841
0.977149
0.981716
0.985194
0.990289
0.997258
1.00141
1.00083
0.998927
0.998303
0.998159
0.997785
0.996374
0.992623
0.989631
0.989307
0.990138
0.992227
0.993827
0.994495
0.994528
0.994499
0.995845
1.00078
1.00525
1.00525
1.00396
1.00165
0.998062
0.992125
0.981916
0.96926
0.96391
0.962676
0.961555
0.960465
0.959543
0.95972
0.965657
0.969325
0.96772
0.966184
0.965025
0.963531
0.960678
0.953937
0.94347
0.936821
0.933228
0.930837
0.929508
0.928528
0.927871
0.927766
0.928074
0.927951
0.927359
0.926427
0.924613
0.920966
0.915485
0.908682
0.90277
0.90109
0.90025
0.899489
0.89897
0.898744
0.89871
0.899801
0.903355
0.905697
0.906198
0.90624
0.90572
0.904033
0.898817
0.891261
0.890674
0.893604
0.900811
0.9116
0.924215
0.940682
0.965457
0.994105
1.0195
1.05142
1.08508
1.10254
1.11699
1.13585
1.16231
1.18874
1.21028
1.23163
1.26056
1.29981
1.33782
1.36753
1.39291
1.42265
1.4506
1.45844
1.46792
1.4887
1.5041
1.5052
1.51315
1.53721
1.56836
1.5832
1.58206
1.58194
1.58154
1.58015
1.57732
1.57197
1.56473
1.55951
1.55735
1.55336
1.5491
1.54712
1.54826
1.55595
1.56772
1.5787
1.58122
1.57819
1.572
1.56366
1.55308
1.53425
1.51549
1.50722
1.50023
1.49198
1.48287
1.47469
1.46913
1.46481
1.46135
1.4588
1.45718
1.45953
1.46732
1.46892
1.46766
1.46576
1.46306
1.45924
1.45285
1.4422
1.42479
1.40499
1.38683
1.3713
1.36555
1.36215
1.35898
1.35712
1.35545
1.354
1.35425
1.36322
1.37401
1.3727
1.36882
1.3645
1.35676
1.34351
1.32643
1.30696
1.29474
1.29194
1.29023
1.28941
1.28928
1.287
1.28348
1.27918
1.27256
1.26525
1.25994
1.25554
1.25175
1.24911
1.24831
1.24843
1.24458
1.24206
1.24262
1.24511
1.24365
1.24001
1.23505
1.22535
1.20633
1.18651
1.17917
1.17583
1.17312
1.1716
1.17077
1.17057
1.17253
1.17608
1.17787
1.17888
1.18138
1.18188
1.17928
1.17483
1.16968
1.16363
1.15526
1.14444
1.12834
1.10846
1.10227
1.09269
1.08284
1.07319
1.06127
1.04771
1.03746
1.03284
1.02876
1.02309
1.01566
1.00601
0.991442
0.975701
0.964596
0.958687
0.956002
0.952906
0.9485
0.945415
0.943646
0.941306
0.936446
0.923408
0.902836
0.89013
0.884824
0.88268
0.882564
0.88355
0.881474
0.87687
0.872717
0.869419
0.865264
0.860069
0.854662
0.849677
0.846785
0.843923
0.838851
0.8313
0.828071
0.827398
0.826375
0.824802
0.823016
0.820655
0.818632
0.818035
0.817852
0.817709
0.817781
0.819117
0.822976
0.828285
0.831116
0.831717
0.83168
0.828754
0.824856
0.82615
0.830476
0.83628
0.843284
0.85206
0.861748
0.869698
0.876011
0.883224
0.89337
0.904051
0.913916
0.923391
0.935276
0.941451
0.941889
0.942058
0.94475
0.953224
0.956672
0.957226
0.959849
0.968043
0.978031
0.982385
0.984803
0.987234
0.98899
0.990453
0.992707
0.99772
1.00177
1.00184
1.00045
0.997448
0.993165
0.987048
0.977061
0.965947
0.962358
0.961728
0.961096
0.960399
0.960227
0.964338
0.974447
0.977373
0.975997
0.974468
0.972933
0.97064
0.965705
0.95644
0.947862
0.943662
0.941283
0.939943
0.939034
0.93844
0.937916
0.937475
0.937351
0.936977
0.936176
0.934345
0.93035
0.92379
0.919587
0.918363
0.916935
0.915925
0.916349
0.917419
0.919323
0.922688
0.928433
0.937731
0.949508
0.963915
0.986599
1.00707
1.01977
1.03624
1.05742
1.08121
1.10864
1.14219
1.18262
1.21849
1.25042
1.29513
1.35218
1.39138
1.424
1.47266
1.49861
1.50991
1.51825
1.52699
1.54379
1.56135
1.5634
1.56881
1.58162
1.60402
1.6249
1.64695
1.66684
1.66999
1.66775
1.66198
1.65857
1.65633
1.65521
1.65243
1.64901
1.6527
1.65674
1.65323
1.64774
1.64235
1.63801
1.63189
1.62379
1.61474
1.60446
1.59373
1.5859
1.58149
1.57819
1.57618
1.58083
1.5988
1.60566
1.60229
1.59864
1.59321
1.58378
1.56664
1.54323
1.52274
1.50686
1.49978
1.49571
1.49009
1.48253
1.47483
1.46869
1.46504
1.46299
1.46199
1.46385
1.47447
1.47722
1.47033
1.4611
1.45323
1.44672
1.44006
1.43077
1.41596
1.39488
1.37333
1.36431
1.36269
1.36232
1.36227
1.36122
1.35961
1.35853
1.36043
1.37249
1.38083
1.37771
1.37178
1.36541
1.35499
1.33673
1.31324
1.29878
1.29402
1.29243
1.29188
1.29302
1.29838
1.29868
1.29526
1.29088
1.28729
1.28314
1.27406
1.2657
1.26365
1.2622
1.26062
1.25953
1.25909
1.26097
1.26734
1.26843
1.26562
1.26093
1.25381
1.24204
1.22426
1.20103
1.18827
1.18546
1.18416
1.18357
1.18403
1.18885
1.19975
1.21273
1.21852
1.21826
1.21676
1.21362
1.20805
1.20086
1.19263
1.18314
1.1711
1.15793
1.15043
1.1476
1.18423
1.17786
1.16859
1.15682
1.13874
1.12099
1.11618
1.11254
1.10709
1.10087
1.09384
1.08415
1.06768
1.04473
1.03438
1.03161
1.02863
1.02436
1.02063
1.01767
1.01374
1.0085
1.00136
0.989667
0.971066
0.954607
0.94893
0.945335
0.940532
0.935274
0.932156
0.928501
0.923569
0.918701
0.915535
0.912427
0.908625
0.902398
0.889444
0.87116
0.858514
0.851711
0.848816
0.847625
0.847101
0.845754
0.84297
0.837669
0.829692
0.825659
0.824703
0.823875
0.823291
0.823269
0.825879
0.831186
0.834511
0.834737
0.833877
0.830504
0.822032
0.815603
0.814877
0.814922
0.815381
0.817353
0.821335
0.82237
0.821603
0.82179
0.822439
0.823897
0.82725
0.832664
0.8394
0.845414
0.847559
0.849378
0.851421
0.85427
0.860325
0.869564
0.877424
0.885281
0.900113
0.920111
0.924628
0.926635
0.931348
0.93846
0.946321
0.950878
0.953779
0.958193
0.960704
0.960797
0.959447
0.956164
0.954147
0.951567
0.948914
0.948597
0.948974
0.950593
0.953376
0.959427
0.97013
0.976382
0.976208
0.97464
0.972463
0.969832
0.966439
0.960494
0.951991
0.948491
0.94758
0.946785
0.94643
0.947849
0.951568
0.953514
0.954165
0.95437
0.954293
0.953984
0.954801
0.958401
0.965863
0.977855
0.996932
1.01783
1.04012
1.06612
1.09181
1.12202
1.15832
1.19807
1.24073
1.28102
1.3262
1.37846
1.40646
1.43371
1.47064
1.49778
1.52471
1.55448
1.58671
1.61378
1.62979
1.64478
1.67199
1.70576
1.71289
1.71891
1.72638
1.72961
1.73032
1.72644
1.71886
1.7104
1.70476
1.70399
1.70423
1.70432
1.70616
1.71327
1.72774
1.73454
1.73237
1.72525
1.71548
1.70256
1.68624
1.67805
1.67501
1.67286
1.66816
1.66118
1.65425
1.64827
1.64214
1.63329
1.6211
1.60794
1.59797
1.59031
1.58356
1.5793
1.57674
1.57696
1.58941
1.60347
1.60013
1.59227
1.58566
1.57846
1.56757
1.54925
1.52259
1.49963
1.49331
1.49014
1.48616
1.48362
1.48323
1.48156
1.4781
1.4755
1.4739
1.47356
1.47956
1.48448
1.48125
1.47589
1.46951
1.46173
1.4533
1.44463
1.43378
1.41657
1.3944
1.37668
1.36949
1.36717
1.3657
1.36517
1.36552
1.36866
1.37619
1.39014
1.40555
1.40781
1.40355
1.39574
1.38388
1.36404
1.339
1.31666
1.30665
1.30434
1.30346
1.30348
1.30737
1.31884
1.32676
1.32588
1.32174
1.31511
1.30435
1.29292
1.28991
1.2887
1.28745
1.28643
1.28598
1.28642
1.29049
1.29946
1.30342
1.30151
1.29571
1.28551
1.2692
1.24529
1.22679
1.22221
1.21998
1.21808
1.2171
1.21727
1.22264
1.23777
1.25522
1.26121
1.26097
1.2595
1.25499
1.24437
1.2292
1.21187
1.1959
1.18948
1.1875
1.18607
1.18533
1.18759
1.26556
1.25606
1.237
1.21801
1.20725
1.19783
1.19249
1.18655
1.18035
1.17373
1.16352
1.14571
1.12225
1.11247
1.10946
1.10485
1.09749
1.09341
1.09221
1.08982
1.08337
1.0764
1.06761
1.05274
1.03478
1.02203
1.01157
1.00741
1.00636
1.00372
0.998378
0.992147
0.985485
0.981782
0.979461
0.975899
0.970082
0.959474
0.938962
0.91779
0.912077
0.910062
0.907622
0.905578
0.903491
0.900889
0.896247
0.885777
0.874403
0.871625
0.870813
0.870743
0.870746
0.868251
0.86647
0.866522
0.866766
0.865974
0.860944
0.846253
0.831234
0.828036
0.82774
0.827545
0.827787
0.829548
0.829863
0.828593
0.827418
0.826011
0.822998
0.819152
0.818147
0.817955
0.817676
0.816659
0.812088
0.806604
0.805947
0.805944
0.80635
0.80865
0.812417
0.817134
0.825694
0.838031
0.842278
0.843523
0.845855
0.851627
0.858367
0.862155
0.864811
0.869041
0.874869
0.880308
0.884125
0.888438
0.894892
0.903572
0.910241
0.914581
0.919008
0.925646
0.936646
0.951948
0.9666
0.970033
0.970667
0.971428
0.971443
0.969923
0.965438
0.961383
0.959355
0.959845
0.961415
0.965507
0.974995
0.991395
1.0099
1.0288
1.05012
1.07306
1.10524
1.1441
1.1805
1.22538
1.2799
1.33612
1.39448
1.4509
1.51017
1.54596
1.57253
1.61735
1.64641
1.66305
1.69596
1.72546
1.74126
1.76586
1.78016
1.77963
1.78195
1.78676
1.79405
1.80066
1.80667
1.81276
1.81783
1.8159
1.81005
1.80723
1.80503
1.80036
1.79377
1.78611
1.77878
1.77042
1.75989
1.74814
1.73917
1.73609
1.73426
1.73048
1.72746
1.73035
1.74185
1.7446
1.74158
1.73472
1.7197
1.69742
1.68124
1.6749
1.66887
1.66111
1.6514
1.64053
1.62954
1.61854
1.60787
1.59808
1.5885
1.58303
1.5823
1.58093
1.5782
1.57594
1.57807
1.59287
1.59938
1.59398
1.58818
1.58299
1.57499
1.56063
1.53883
1.51512
1.50118
1.49567
1.49109
1.48625
1.4835
1.48261
1.48251
1.48402
1.48823
1.4945
1.50479
1.51255
1.51021
1.50404
1.49706
1.48936
1.48017
1.46943
1.45731
1.44361
1.42653
1.40382
1.3863
1.38279
1.38196
1.38148
1.38217
1.3854
1.39112
1.40234
1.42172
1.435
1.43479
1.43162
1.42533
1.41216
1.38797
1.35635
1.33747
1.33406
1.33285
1.33251
1.33426
1.34268
1.35674
1.36207
1.36067
1.35534
1.34776
1.34022
1.33173
1.32455
1.32213
1.32082
1.31998
1.31956
1.31989
1.32408
1.33449
1.34182
1.34134
1.33529
1.32045
1.29576
1.2706
1.26087
1.25771
1.25529
1.25347
1.25267
1.25438
1.26372
1.28007
1.29724
1.30627
1.30694
1.30514
1.2976
1.28138
1.25441
1.22735
1.21765
1.21413
1.2113
1.20928
1.20862
1.2099
1.22873
1.334
1.32258
1.31067
1.29596
1.28861
1.27961
1.26305
1.25555
1.25003
1.23907
1.22502
1.20991
1.19201
1.18176
1.17871
1.17443
1.1679
1.16535
1.16272
1.15779
1.15029
1.13921
1.12527
1.10932
1.09609
1.08753
1.07919
1.07128
1.06824
1.06579
1.06117
1.05516
1.04987
1.0463
1.04226
1.03552
1.02123
0.996104
0.97958
0.976668
0.974272
0.969721
0.965699
0.963294
0.960394
0.955916
0.946555
0.930134
0.923658
0.922476
0.922006
0.922518
0.921154
0.917631
0.9139
0.910896
0.907872
0.901971
0.887683
0.862817
0.85272
0.85201
0.851835
0.852495
0.852629
0.85023
0.846607
0.845547
0.844309
0.841359
0.836222
0.83138
0.82872
0.827087
0.825322
0.821661
0.813349
0.807952
0.807154
0.806866
0.806912
0.807886
0.810234
0.813706
0.817658
0.82021
0.820453
0.819752
0.818213
0.815935
0.81247
0.81075
0.810887
0.811626
0.812408
0.813413
0.815193
0.818145
0.823856
0.832249
0.841205
0.849764
0.859225
0.870786
0.888069
0.908537
0.922766
0.926707
0.929932
0.930645
0.931945
0.936148
0.947901
0.96625
0.996781
1.0357
1.07373
1.12502
1.19149
1.24888
1.30492
1.37851
1.43497
1.48476
1.56161
1.61009
1.64149
1.69317
1.74865
1.77556
1.80302
1.8402
1.85091
1.8522
1.85444
1.85895
1.85605
1.85282
1.85571
1.85573
1.85812
1.86334
1.86865
1.87755
1.87978
1.87672
1.87619
1.87701
1.87213
1.86493
1.85928
1.85302
1.84435
1.83702
1.82996
1.82169
1.81267
1.80303
1.79145
1.77846
1.76766
1.75948
1.75156
1.74394
1.7402
1.74007
1.74653
1.75643
1.75372
1.74315
1.72847
1.71027
1.69013
1.67108
1.66041
1.65436
1.65012
1.64601
1.64035
1.63238
1.62157
1.60829
1.59679
1.59056
1.58762
1.58611
1.58563
1.58587
1.58819
1.59656
1.60334
1.59903
1.59348
1.58845
1.58259
1.57335
1.55811
1.54045
1.52207
1.51049
1.50893
1.50927
1.50959
1.50687
1.50625
1.50791
1.51124
1.5154
1.52277
1.52936
1.5272
1.52252
1.51725
1.50973
1.50071
1.49217
1.48366
1.47376
1.46199
1.44775
1.42937
1.41726
1.41562
1.41521
1.41521
1.417
1.42119
1.42772
1.43925
1.45557
1.46188
1.45997
1.45683
1.45207
1.44201
1.42087
1.39185
1.38027
1.37793
1.37607
1.37519
1.37647
1.38416
1.39772
1.40596
1.4053
1.40066
1.39192
1.38405
1.37661
1.36867
1.36384
1.35995
1.35763
1.35642
1.35582
1.35612
1.36137
1.3682
1.36894
1.36631
1.35257
1.3246
1.30402
1.2981
1.29565
1.29407
1.29328
1.29436
1.30155
1.31333
1.32633
1.3374
1.34054
1.33974
1.33621
1.32699
1.30844
1.27777
1.24989
1.24255
1.24104
1.23949
1.23805
1.2379
1.24252
1.25725
1.28805
1.41552
1.40233
1.39306
1.37694
1.36225
1.35483
1.34376
1.33104
1.31915
1.30233
1.28098
1.2737
1.27028
1.26247
1.25686
1.25353
1.24481
1.23425
1.22873
1.22157
1.21106
1.19973
1.18809
1.1743
1.16198
1.15089
1.1393
1.13495
1.13426
1.13203
1.12733
1.12037
1.11458
1.10965
1.10296
1.09057
1.0659
1.04656
1.04344
1.043
1.04179
1.03692
1.03219
1.02808
1.0224
1.01357
1.00232
0.991785
0.988274
0.987157
0.986853
0.985442
0.982631
0.978893
0.974143
0.968548
0.960506
0.946387
0.93114
0.918182
0.909151
0.907372
0.907477
0.908349
0.907344
0.903855
0.896761
0.892175
0.889975
0.886282
0.880359
0.873964
0.868907
0.864582
0.858095
0.849588
0.843809
0.839091
0.836955
0.836329
0.836183
0.836735
0.835707
0.833418
0.832605
0.832782
0.832587
0.831576
0.827987
0.8194
0.811365
0.808789
0.808266
0.808181
0.808445
0.809534
0.811642
0.814369
0.814357
0.815217
0.817837
0.823449
0.834376
0.848749
0.865869
0.895695
0.923292
0.951035
0.993367
1.03828
1.0884
1.15654
1.21444
1.26879
1.35701
1.42761
1.47747
1.55512
1.61559
1.64362
1.68118
1.74005
1.75891
1.77601
1.80069
1.81624
1.82885
1.84597
1.85564
1.85449
1.85533
1.85611
1.85471
1.85197
1.84784
1.84249
1.83579
1.83357
1.83298
1.83256
1.83453
1.83991
1.8487
1.85921
1.86037
1.85512
1.85175
1.84983
1.84267
1.8312
1.82683
1.82378
1.81766
1.80905
1.80037
1.79038
1.77875
1.76767
1.76068
1.76108
1.76324
1.76082
1.75589
1.75558
1.76083
1.77238
1.77158
1.76077
1.74595
1.73214
1.71575
1.69271
1.67749
1.67231
1.66877
1.66566
1.66212
1.65602
1.65019
1.64501
1.6353
1.62587
1.62405
1.6242
1.62609
1.62989
1.63475
1.64246
1.64886
1.64599
1.63788
1.6277
1.61627
1.60478
1.59322
1.57864
1.55905
1.54863
1.54737
1.5468
1.54813
1.55441
1.56144
1.56585
1.57069
1.5755
1.57441
1.57073
1.5683
1.56529
1.56
1.55256
1.54381
1.53358
1.52216
1.5128
1.50718
1.50145
1.49051
1.47712
1.47143
1.46862
1.46784
1.46854
1.47238
1.47904
1.48743
1.49802
1.50647
1.50663
1.50396
1.499
1.49008
1.47509
1.45119
1.4356
1.43171
1.42853
1.42655
1.42608
1.42811
1.43432
1.44091
1.44476
1.44481
1.44284
1.43752
1.428
1.42425
1.42418
1.42311
1.41498
1.40659
1.4037
1.4012
1.39813
1.39487
1.39233
1.39023
1.38638
1.37363
1.35917
1.35627
1.35463
1.35139
1.34856
1.34803
1.35193
1.36032
1.36784
1.3708
1.37039
1.3689
1.36693
1.36264
1.35274
1.33203
1.30458
1.2933
1.29116
1.2896
1.28861
1.2883
1.29029
1.29789
1.31323
1.33238
1.33514
)
;

boundaryField
{
    inlet
    {
        type            calculated;
        value           nonuniform 0();
    }
    outlet
    {
        type            calculated;
        value           nonuniform List<scalar> 
16
(
0.531625
0.534229
0.539204
0.592836
0.781623
0.992789
1.08846
1.11823
1.12408
1.12228
1.12854
1.14719
1.18702
1.22707
1.28598
1.33492
)
;
    }
    bottom
    {
        type            symmetryPlane;
    }
    top
    {
        type            symmetryPlane;
    }
    obstacle
    {
        type            calculated;
        value           nonuniform List<scalar> 
288
(
0.95868
0.95716
0.957013
0.957051
0.957964
0.958152
0.957231
0.955572
0.952627
0.94965
0.948468
0.947806
0.94765
0.94905
0.95357
0.956712
0.95701
0.956684
0.954619
0.951336
0.949888
0.948555
0.946775
0.945186
0.943833
0.942463
0.940584
0.937947
0.936404
0.935984
0.935703
0.93569
0.935297
0.934187
0.93267
0.930785
0.928512
0.926226
0.924048
0.921954
0.920099
0.918522
0.917081
0.91566
0.91399
0.911486
0.907714
0.904028
0.902559
0.901705
0.90081
0.899986
0.899105
0.897926
0.896528
0.895426
0.894933
0.8952
0.894582
0.893162
0.891808
0.890412
0.8888
0.886951
0.884586
0.880804
0.875018
0.869934
0.867606
0.866065
0.864302
0.862199
0.859964
0.857508
0.85468
0.851854
0.849532
0.847587
0.845804
0.844037
0.842137
0.840082
0.837988
0.835851
0.833634
0.832075
0.831137
0.829956
0.828147
0.825737
0.823165
0.820633
0.818115
0.81564
0.813224
0.810722
0.808171
0.805911
0.80399
0.802431
0.801029
0.799477
0.797784
0.795967
0.793711
0.790541
0.786352
0.782684
0.780553
0.778953
0.777316
0.775623
0.774672
0.774052
0.77338
0.772656
0.772122
0.772036
0.773283
0.773236
0.771965
0.769887
0.766635
0.762148
0.755967
0.748931
0.745743
0.744707
0.743584
0.742044
0.740179
0.738
0.735743
0.733732
0.731793
0.729389
0.726942
0.726004
0.72548
0.724926
0.724177
0.723248
0.72217
0.720913
0.719369
0.717297
0.714245
0.709787
0.706469
0.705208
0.704239
0.703378
0.702743
0.702042
0.701052
0.699681
0.698042
0.696253
0.694187
0.691814
0.68939
0.687275
0.685361
0.683345
0.681365
0.679577
0.677898
0.676356
0.674965
0.674063
0.673569
0.67302
0.671479
0.667643
0.662297
0.658197
0.655663
0.653505
0.650878
0.647449
0.64463
0.642855
0.641205
0.640319
0.639794
0.639473
0.639516
0.640402
0.640371
0.639326
0.637602
0.636159
0.634913
0.633108
0.630953
0.629187
0.627659
0.625899
0.623875
0.621806
0.619937
0.618389
0.61707
0.615582
0.613223
0.610339
0.608335
0.60686
0.605432
0.604187
0.60307
0.601799
0.600786
0.599954
0.599165
0.598448
0.597803
0.597315
0.597124
0.597065
0.596843
0.594922
0.589196
0.584565
0.582766
0.581485
0.57987
0.577272
0.57269
0.569412
0.568563
0.568103
0.568011
0.568044
0.567459
0.566771
0.566138
0.565399
0.564439
0.563124
0.561152
0.559252
0.558789
0.558677
0.558522
0.557682
0.555597
0.553147
0.550905
0.548667
0.54611
0.542695
0.538495
0.536488
0.535985
0.535595
0.535302
0.535175
0.535364
0.536342
0.538551
0.540999
0.541456
0.541059
0.538063
0.531097
0.523563
0.517524
0.514769
0.514263
0.514078
0.51406
0.514203
0.514647
0.515332
0.51611
0.517149
0.51895
0.521525
0.524032
0.526699
0.529941
0.532007
0.532641
0.533031
0.533405
0.533466
0.531234
)
;
    }
    defaultFaces
    {
        type            empty;
    }
    procBoundary1to0
    {
        type            processor;
        value           nonuniform List<scalar> 8(0.963124 0.996004 1.06286 1.05747 1.00318 0.873629 0.831419 0.850858);
    }
    procBoundary1to2
    {
        type            processor;
        value           nonuniform List<scalar> 8(0.883753 0.95039 1.02932 1.11341 1.19123 1.27393 1.35434 1.43031);
    }
    procBoundary1to3
    {
        type            processor;
        value           nonuniform List<scalar> 
288
(
1.49828
1.47959
1.47205
1.46358
1.44891
1.43384
1.41747
1.39345
1.38056
1.37514
1.36518
1.35624
1.35098
1.34127
1.3311
1.32712
1.31991
1.308
1.29709
1.28839
1.27715
1.25702
1.24266
1.23678
1.23004
1.22195
1.21551
1.20782
1.20051
1.19729
1.19358
1.18693
1.17862
1.16769
1.14879
1.13277
1.12277
1.11317
1.10899
1.10834
1.10662
1.10226
1.09575
1.08779
1.07711
1.06749
1.06179
1.0554
1.05063
1.04861
1.04854
1.04797
1.04476
1.03942
1.032
1.02031
1.00011
0.985613
0.982006
0.977608
0.96798
0.963209
0.962535
0.962939
0.962009
0.95802
0.951556
0.94367
0.935326
0.927924
0.921742
0.915601
0.909167
0.90221
0.894038
0.887725
0.884542
0.880779
0.87527
0.87263
0.872001
0.870699
0.867439
0.86276
0.85996
0.8588
0.857623
0.854394
0.844554
0.828081
0.81973
0.819681
0.821126
0.824903
0.832439
0.845939
0.863159
0.883057
0.915013
0.954977
0.991718
1.04505
1.11495
1.16808
1.23505
1.31143
1.35119
1.4035
1.4736
1.50505
1.54562
1.60644
1.64046
1.67036
1.72464
1.76105
1.76869
1.78346
1.79178
1.79144
1.79681
1.79728
1.79492
1.79799
1.79918
1.79266
1.78828
1.78765
1.78527
1.77951
1.77249
1.76362
1.75588
1.75022
1.74415
1.73422
1.72446
1.72188
1.72454
1.72961
1.73597
1.74984
1.76271
1.76009
1.74795
1.7275
1.71908
1.71601
1.70674
1.69914
1.69766
1.69878
1.70263
1.70038
1.69363
1.69342
1.69299
1.6872
1.68217
1.68281
1.69025
1.70599
1.72704
1.74298
1.74405
1.73842
1.72665
1.70947
1.68954
1.67982
1.6785
1.67831
1.68028
1.68526
1.69245
1.69904
1.69794
1.69256
1.68613
1.67959
1.67575
1.67492
1.67586
1.6785
1.68316
1.69083
1.70312
1.70896
1.70321
1.6929
1.68324
1.67279
1.65939
1.64457
1.63308
1.62467
1.61883
1.61633
1.61562
1.61729
1.6206
1.623
1.62543
1.62797
1.63122
1.63426
1.63351
1.62871
1.61861
1.60885
1.60031
1.59075
1.57941
1.56686
1.55485
1.54679
1.54178
1.5372
1.53409
1.53246
1.53148
1.53164
1.53305
1.53482
1.53854
1.54587
1.55241
1.55276
1.55103
1.54735
1.54029
1.52852
1.50813
1.4814
1.4717
1.47039
1.47011
1.46954
1.46879
1.47069
1.47824
1.48484
1.48461
1.48231
1.47821
1.47544
1.47368
1.47109
1.4665
1.46378
1.46158
1.45757
1.45151
1.44408
1.43623
1.42767
1.4162
1.40611
1.4038
1.40311
1.40221
1.40156
1.40128
1.40484
1.41454
1.41643
1.41305
1.41038
1.40756
1.4044
1.40191
1.39914
1.39456
1.38402
1.36357
1.34741
1.34305
1.34155
1.34064
1.34073
1.34325
1.3475
1.35392
1.36176
1.36829
1.37059
1.36982
1.365
)
;
    }
}


// ************************************************************************* //
