/*--------------------------------*- C++ -*----------------------------------*\
  =========                 |
  \\      /  F ield         | OpenFOAM: The Open Source CFD Toolbox
   \\    /   O peration     | Website:  https://openfoam.org
    \\  /    A nd           | Version:  7
     \\/     M anipulation  |
\*---------------------------------------------------------------------------*/
FoamFile
{
    version     2.0;
    format      ascii;
    class       volScalarField;
    location    "1.4";
    object      T;
}
// * * * * * * * * * * * * * * * * * * * * * * * * * * * * * * * * * * * * * //

dimensions      [0 0 0 1 0 0 0];

internalField   nonuniform List<scalar> 
4032
(
1
1
1
1
1
1
1
1
1
1
1
1
1
1
1
1
1
1
1
1.00007
1.08242
1.30943
1.35233
1.35566
1.35599
1.35476
1.3523
1.34956
1.34787
1.34671
1.34621
1.34561
1.3432
1.33958
1.33515
1.33113
1.32735
1.32391
1.3211
1.3178
1.31282
1.3073
1.30091
1.29386
1.28662
1.27992
1.2741
1.26804
1
1
1
1
1
1
1
1
1
1
1
1
1
1
1
1
1
1
1
1
1.01133
1.2271
1.34407
1.3533
1.35368
1.3523
1.34983
1.34693
1.34526
1.34418
1.34367
1.34304
1.34056
1.33687
1.33246
1.32868
1.32518
1.32202
1.31935
1.31582
1.31041
1.30463
1.29867
1.29224
1.28553
1.27922
1.27363
1.26743
1
1
1
1
1
1
1
1
1
1
1
1
1
1
1
1
1
1
1
1
1.00041
1.11308
1.32023
1.35158
1.35119
1.34979
1.34725
1.34425
1.34252
1.34143
1.341
1.34033
1.33787
1.3342
1.32988
1.32623
1.32286
1.31985
1.31728
1.31367
1.30819
1.30212
1.29617
1.29026
1.28414
1.27822
1.27274
1.26664
1
1
1
1
1
1
1
1
1
1
1
1
1
1
1
1
1
1
1
1
1
1.02113
1.25159
1.34309
1.34852
1.34697
1.34441
1.3415
1.33985
1.3389
1.33859
1.33774
1.33522
1.33161
1.32743
1.32387
1.32051
1.31749
1.31498
1.31144
1.30616
1.3002
1.29408
1.28828
1.28249
1.27684
1.27157
1.26599
1
1
1
1
1
1
1
1
1
1
1
1
1
1
1
1
1
1
1
1
1
1.00117
1.13591
1.32274
1.34795
1.34438
1.34141
1.3391
1.33773
1.33691
1.3366
1.33541
1.33278
1.32922
1.32516
1.32165
1.31826
1.3152
1.31266
1.30928
1.30429
1.29869
1.29268
1.28675
1.28101
1.27557
1.27069
1.26557
1
1
1
1
1
1
1
1
1
1
1
1
1
1
1
1
1
1
1
1
1
1.00002
1.03008
1.26264
1.34455
1.34209
1.33813
1.33641
1.33548
1.33514
1.33497
1.3335
1.3307
1.32706
1.32297
1.3195
1.31625
1.31337
1.31087
1.30751
1.30268
1.29742
1.29167
1.28573
1.28005
1.27486
1.2703
1.2653
1
1
1
1
1
1
1
1
1
1
1
1
1
1
1
1
1
1
1
1
1
1
1.00213
1.15033
1.32299
1.33945
1.3352
1.33379
1.33332
1.33358
1.33348
1.33169
1.32879
1.32501
1.32091
1.31755
1.31455
1.31208
1.30975
1.30616
1.30135
1.29625
1.2907
1.28495
1.27945
1.27454
1.27028
1.26527
1
1
1
1
1
1
1
1
1
1
1
1
1
1
1
1
1
1
1
1
1
1
1.00004
1.0362
1.26366
1.33799
1.33316
1.33143
1.33135
1.3322
1.33185
1.32985
1.32693
1.32305
1.31904
1.3158
1.3131
1.3111
1.30891
1.305
1.3002
1.29506
1.2896
1.28413
1.27892
1.27443
1.27049
1.26539
1
1
1
1
1
1
1
1
1
1
1
1
1
1
1
1
1
1
1
1
1
1
1
1.00284
1.15279
1.31916
1.331
1.32941
1.32965
1.33048
1.32973
1.32772
1.32484
1.32103
1.31727
1.31418
1.31174
1.31007
1.30781
1.30375
1.299
1.29372
1.28832
1.28315
1.27831
1.27434
1.27069
1.26545
1
1
1
1
1
1
1
1
1
1
1
1
1
1
1
1
1
1
1
1
1
1
1
1.00006
1.03699
1.2554
1.32691
1.32896
1.32815
1.32847
1.32753
1.3255
1.32262
1.31904
1.31561
1.31256
1.31023
1.30863
1.30618
1.30218
1.29754
1.29221
1.28695
1.28202
1.27751
1.27406
1.27052
1.2652
1
1
1
1
1
1
1
1
1
1
1
1
1
1
1
1
1
1
1
1
1
1
1
1
1.00283
1.14202
1.31036
1.32658
1.32629
1.32708
1.32563
1.32348
1.32039
1.31706
1.31398
1.31102
1.30874
1.30699
1.30422
1.30028
1.29577
1.29047
1.28542
1.28069
1.27646
1.27334
1.2698
1.26448
1
1
1
1
1
1
1
1
1
1
1
1
1
1
1
1
1
1
1
1
1
1
1
1
1.00006
1.0322
1.24155
1.31936
1.32412
1.32532
1.32358
1.32118
1.31796
1.31506
1.31227
1.30952
1.30733
1.30535
1.30217
1.29824
1.29371
1.28853
1.28376
1.27923
1.27526
1.27233
1.26864
1.26337
1
1
1
1
1
1
1
1
1
1
1
1
1
1
1
1
1
1
1
1
1
1
1
1
1
1.00222
1.12056
1.29602
1.32583
1.32431
1.3219
1.31884
1.31559
1.31299
1.31035
1.30785
1.30589
1.30382
1.30037
1.29636
1.29162
1.28663
1.28219
1.2779
1.27432
1.27154
1.26751
1.26226
1
1
1
1
1
1
1
1
1
1
1
1
1
1
1
1
1
1
1
1
1
1
1
1
1
1.00004
1.02309
1.21821
1.31731
1.32232
1.31961
1.3164
1.3135
1.31098
1.30839
1.30611
1.30455
1.30243
1.29887
1.29472
1.28975
1.28507
1.28086
1.27694
1.2739
1.27108
1.26668
1.26144
1
1
1
1
1
1
1
1
1
1
1
1
1
1
1
1
1
1
1
1
1
1
1
1
1
1
1.00129
1.09129
1.28301
1.32278
1.31801
1.31424
1.31147
1.30894
1.3065
1.3047
1.30358
1.30121
1.29765
1.29336
1.28833
1.28388
1.27984
1.27629
1.27374
1.2707
1.26615
1.26097
1
1
1
1
1
1
1
1
1
1
1
1
1
1
1
1
1
1
1
1
1
1
1
1
1
1
1.00002
1.01376
1.19
1.31188
1.31585
1.31154
1.30919
1.30697
1.30515
1.30415
1.30293
1.3
1.29643
1.29201
1.28715
1.28293
1.27905
1.27591
1.27371
1.27039
1.26588
1.26082
1
1
1
1
1
1
1
1
1
1
1
1
1
1
1
1
1
1
1
1
1
1
1
1
1
1
1
1.00061
1.06117
1.26152
1.31114
1.30889
1.30682
1.30543
1.30479
1.30407
1.30191
1.29866
1.29488
1.29043
1.28599
1.28205
1.27846
1.27585
1.27371
1.27008
1.26569
1.26074
1
1
1
1
1
1
1
1
1
1
1
1
1
1
1
1
1
1
1
1
1
1
1
1
1
1
1
1.00001
1.00673
1.15013
1.29539
1.30715
1.30524
1.30517
1.305
1.30332
1.30044
1.29714
1.29318
1.28868
1.28469
1.28109
1.27806
1.27608
1.27353
1.2696
1.26522
1.26028
1
1
1
1
1
1
1
1
1
1
1
1
1
1
1
1
1
1
1
1
1
1
1
1
1
1
1
1
1.00022
1.03584
1.22289
1.29773
1.30405
1.30524
1.30434
1.30174
1.29873
1.29516
1.29105
1.28693
1.28346
1.28032
1.2781
1.2763
1.27299
1.2689
1.26437
1.25936
1
1
1
1
1
1
1
1
1
1
1
1
1
1
1
1
1
1
1
1
1
1
1
1
1
1
1
1
1
1.00258
1.09609
1.26641
1.30509
1.30548
1.30291
1.30036
1.29704
1.29305
1.28883
1.28539
1.28238
1.28011
1.27859
1.27603
1.27218
1.26791
1.2631
1.25799
1
1
1
1
1
1
1
1
1
1
1
1
1
1
1
1
1
1
1
1
1
1
1
1
1
1
1
1
1
1.00005
1.01512
1.17123
1.29105
1.30361
1.30153
1.29886
1.29486
1.29052
1.28691
1.28398
1.28187
1.28072
1.27881
1.27528
1.27117
1.26648
1.26139
1.25662
1
1
1
1
1
1
1
1
1
1
1
1
1
1
1
1
1
1
1
1
1
1
1
1
1
1
1
1
1
1
1.00071
1.05135
1.23291
1.29935
1.30205
1.29747
1.29239
1.28793
1.28517
1.28308
1.28239
1.28133
1.27824
1.27429
1.26958
1.26456
1.26001
1.25584
1
1
1
1
1
1
1
1
1
1
1
1
1
1
1
1
1
1
1
1
1
1
1
1
1
1
1
1
1
1
1.00001
1.00508
1.11173
1.27074
1.29948
1.29469
1.28941
1.28612
1.28384
1.28322
1.28339
1.281
1.27731
1.27271
1.26752
1.26318
1.25926
1.25544
1
1
1
1
1
1
1
1
1
1
1
1
1
1
1
1
1
1
1
1
1
1
1
1
1
1
1
1
1
1
1
1.00015
1.02078
1.18014
1.29005
1.29408
1.28803
1.28545
1.28375
1.28438
1.28348
1.28021
1.27613
1.27082
1.26582
1.26186
1.25828
1.25667
1
1
1
1
1
1
1
1
1
1
1
1
1
1
1
1
1
1
1
1
1
1
1
1
1
1
1
1
1
1
1
1
1.00118
1.05693
1.23047
1.28777
1.28614
1.28459
1.28378
1.2843
1.28245
1.27912
1.27512
1.26972
1.26462
1.26068
1.25868
1.2715
1
1
1
1
1
1
1
1
1
1
1
1
1
1
1
1
1
1
1
1
1
1
1
1
1
1
1
1
1
1
1
1
1.00002
1.0058
1.10727
1.25921
1.28467
1.28527
1.28332
1.28264
1.28072
1.27778
1.27418
1.2689
1.26388
1.26136
1.27501
1.34105
1
1
1
1
1
1
1
1
1
1
1
1
1
1
1
1
1
1
1
1
1
1
1
1
1
1
1
1
1
1
1
1
1
1.00017
1.01878
1.16463
1.27154
1.28478
1.28361
1.282
1.27926
1.27663
1.27307
1.26784
1.26484
1.27809
1.34736
1.42333
1
1
1
1
1
1
1
1
1
1
1
1
1
1
1
1
1
1
1
1
1
1
1
1
1
1
1
1
1
1
1
1
1
1
1.00102
1.04794
1.20875
1.27428
1.28333
1.28183
1.27891
1.27533
1.2708
1.26781
1.27935
1.35322
1.43132
1.45747
1
1
1
1
1
1
1
1
1
1
1
1
1
1
1
1
1
1
1
1
1
1
1
1
1
1
1
1
1
1
1
1
1
1
1.00002
1.00436
1.08698
1.23158
1.28345
1.28221
1.27814
1.2731
1.26928
1.27704
1.34976
1.44059
1.47019
1.46697
1
1
1
1
1
1
1
1
1
1
1
1
1
1
1
1
1
1
1
1
1
1
1
1
1
1
1
1
1
1
1
1
1
1
1
1.00011
1.01272
1.12713
1.25844
1.27553
1.27617
1.27125
1.27374
1.33859
1.43839
1.47709
1.47616
1.46669
1
1
1
1
1
1
1
1
1
1
1
1
1
1
1
1
1
1
1
1
1
1
1
1
1
1
1
1
1
1
1
1
1
1
1
1
1.00055
1.02872
1.17117
1.26471
1.27725
1.27416
1.32131
1.43249
1.4826
1.4868
1.47661
1.46813
1
1
1
1
1
1
1
1
1
1
1
1
1
1
1
1
1
1
1
1
1
1
1
1
1
1
1
1
1
1
1
1
1
1
1
1
1.00001
1.00198
1.05438
1.20131
1.26259
1.30017
1.41948
1.48745
1.4957
1.48857
1.48059
1.47185
1
1
1
1
1
1
1
1
1
1
1
1
1
1
1
1
1
1
1
1
1
1
1
1
1
1
1
1
1
1
1
1
1
1
1
1
1
1.00004
1.00557
1.08564
1.21991
1.3842
1.50043
1.51972
1.50776
1.49635
1.48716
1.47788
1
1
1
1
1
1
1
1
1
1
1
1
1
1
1
1
1
1
1
1
1
1
1
1
1
1
1
1
1
1
1
1
1
1
1
1
1
1
1.00017
1.01309
1.19342
1.47134
1.55341
1.54213
1.51907
1.50366
1.49295
1.48344
1
1
1
1
1
1
1
1
1
1
1
1
1
1
1
1
1
1
1
1
1
1
1
1
1
1
1
1
1
1
1
1
1
1
1
1
1
1
1
1.00067
1.20154
1.51217
1.58056
1.5617
1.53457
1.5155
1.50248
1.49248
1.04196
1.03508
1.0251
1.01484
1.00877
1.00229
0.994854
0.987564
0.980103
0.975189
0.971887
0.96699
0.959068
0.949865
0.945527
0.942972
0.940463
0.940492
0.950235
0.974173
1.0064
1.04066
1.05722
1.06974
1.06977
1.06604
1.05969
1.05464
1.05105
1.04745
1.04327
1.03857
1.03231
1.02681
1.0229
1.01886
1.01399
1.00871
1.00353
0.998344
0.993132
0.98873
1.26044
1.2519
1.24251
1.23241
1.2226
1.21352
1.20529
1.19787
1.19001
1.1813
1.17197
1.16215
1.15233
1.14207
1.13141
1.12235
1.11463
1.10672
1.09801
1.08972
1.08274
1.07548
1.06679
1.05595
1.04607
1.03986
1.03219
1.02239
1.0158
1.01028
1.00337
0.996729
0.989655
0.981896
0.976552
0.97299
0.967576
0.960222
0.955797
0.956745
0.966318
0.989206
1.02015
1.05225
1.06939
1.08443
1.08543
1.0817
1.07698
1.07145
1.06636
1.06174
1.05684
1.05188
1.04607
1.04052
1.03682
1.03349
1.02973
1.02488
1.01878
1.01248
1.00718
1.00236
0.996686
0.992478
1.25972
1.25115
1.24199
1.23253
1.22358
1.21537
1.20799
1.20103
1.19352
1.18495
1.17537
1.16541
1.1557
1.14565
1.13556
1.12717
1.12026
1.11348
1.10541
1.09653
1.08887
1.08131
1.07268
1.06224
1.05092
1.0441
1.03876
1.03088
1.02379
1.01849
1.0115
1.00364
0.997124
0.989659
0.982353
0.978301
0.976062
0.975994
0.982998
1.0042
1.03609
1.06703
1.08678
1.10028
1.09912
1.09594
1.09269
1.08809
1.08338
1.07796
1.07247
1.06636
1.06005
1.05372
1.04954
1.04617
1.04281
1.03917
1.03475
1.02938
1.02357
1.01761
1.01032
1.00369
1.00035
0.997602
1.25926
1.25109
1.24228
1.23336
1.22514
1.21771
1.21084
1.20392
1.19638
1.18784
1.17807
1.16791
1.15854
1.1492
1.14015
1.13255
1.12594
1.11957
1.11209
1.10284
1.09329
1.08485
1.07672
1.06762
1.05686
1.04945
1.04532
1.03958
1.03233
1.02592
1.01882
1.00947
1.00195
0.996355
0.991022
0.990615
0.998351
1.02166
1.05192
1.08381
1.1052
1.1185
1.11755
1.11112
1.10701
1.10289
1.09892
1.09412
1.08922
1.0823
1.07533
1.07
1.06523
1.06065
1.05556
1.05125
1.0471
1.0429
1.03851
1.0336
1.02811
1.0213
1.01326
1.00766
1.00453
1.00182
1.25911
1.25132
1.24296
1.23468
1.22712
1.22016
1.21341
1.20638
1.19871
1.19014
1.18038
1.17018
1.16137
1.15344
1.1456
1.13825
1.13151
1.125
1.11741
1.10757
1.09693
1.08778
1.08006
1.07278
1.06405
1.05649
1.05193
1.04725
1.04042
1.03227
1.02396
1.01494
1.0081
1.00733
1.0137
1.03509
1.06779
1.1024
1.12182
1.13644
1.13751
1.1311
1.12426
1.11885
1.11436
1.10926
1.1037
1.09715
1.09082
1.08642
1.08179
1.07747
1.0713
1.06476
1.05975
1.0554
1.05127
1.04728
1.04343
1.03904
1.03155
1.02177
1.01567
1.01274
1.01014
1.00769
1.25904
1.25168
1.24383
1.23614
1.229
1.22218
1.21545
1.20842
1.20069
1.19214
1.18254
1.17287
1.16512
1.15835
1.15128
1.14387
1.13639
1.12918
1.12133
1.11127
1.10019
1.0911
1.08425
1.07861
1.07178
1.06459
1.05846
1.05277
1.04622
1.03865
1.0295
1.02475
1.02936
1.04832
1.07992
1.11521
1.14038
1.15583
1.1563
1.14977
1.14332
1.13725
1.13181
1.1262
1.11963
1.11232
1.10453
1.10001
1.09625
1.09282
1.08893
1.08295
1.07508
1.06755
1.06286
1.05954
1.05626
1.05235
1.04748
1.03994
1.03068
1.02327
1.02001
1.01742
1.01521
1.0127
1.25901
1.25204
1.24466
1.23731
1.23029
1.22356
1.21701
1.21017
1.20254
1.1942
1.1852
1.17656
1.1696
1.16295
1.15587
1.14844
1.14049
1.13221
1.12405
1.11458
1.1039
1.09561
1.08993
1.08515
1.07901
1.07162
1.06443
1.0576
1.05156
1.04705
1.04988
1.06598
1.09575
1.12931
1.15253
1.17113
1.17485
1.16963
1.16132
1.15535
1.14909
1.1444
1.13824
1.12997
1.1209
1.11378
1.10958
1.10647
1.1033
1.0996
1.09394
1.08488
1.07671
1.0723
1.06874
1.06515
1.06142
1.05697
1.04952
1.03961
1.03128
1.02802
1.02549
1.02313
1.02043
1.01737
1.25907
1.25233
1.2452
1.23798
1.23108
1.22457
1.2183
1.21178
1.20446
1.19664
1.18851
1.18029
1.1731
1.1663
1.15919
1.15157
1.14376
1.13521
1.1263
1.11776
1.10915
1.10167
1.09589
1.09092
1.08496
1.07776
1.07028
1.06493
1.06881
1.08649
1.11612
1.14761
1.17009
1.18718
1.18875
1.18522
1.18077
1.17462
1.16678
1.16189
1.15609
1.14812
1.13926
1.13032
1.12378
1.11996
1.11699
1.11375
1.10984
1.10397
1.09484
1.0864
1.08175
1.07824
1.0746
1.07025
1.06421
1.05647
1.04835
1.0404
1.03655
1.03376
1.031
1.02815
1.02515
1.02188
1.2592
1.2525
1.2454
1.23827
1.23161
1.22544
1.21949
1.21332
1.2064
1.1989
1.1909
1.18254
1.17518
1.16846
1.1618
1.15416
1.14636
1.13828
1.12933
1.1214
1.11497
1.10806
1.10115
1.09528
1.09027
1.08496
1.08741
1.10381
1.13304
1.1658
1.19068
1.20588
1.2037
1.20052
1.19713
1.19208
1.1854
1.17987
1.17316
1.16519
1.15672
1.14839
1.14037
1.13459
1.13077
1.12751
1.12397
1.11972
1.11337
1.10425
1.0956
1.09097
1.08745
1.0836
1.07902
1.07337
1.06638
1.05733
1.04843
1.04435
1.04159
1.03888
1.03601
1.03298
1.0298
1.0263
1.25923
1.25247
1.24533
1.23839
1.23207
1.22629
1.22068
1.21471
1.20792
1.20027
1.19204
1.18388
1.1768
1.17021
1.16397
1.15674
1.1489
1.1413
1.1334
1.12573
1.1192
1.11291
1.10629
1.10177
1.10532
1.1224
1.15037
1.18255
1.2077
1.22315
1.22074
1.21897
1.21502
1.20965
1.20333
1.19671
1.18883
1.1812
1.17371
1.16578
1.15758
1.15066
1.14618
1.14253
1.1387
1.13434
1.12898
1.12192
1.11356
1.10536
1.09996
1.09611
1.09209
1.08757
1.08206
1.07514
1.06718
1.05892
1.05269
1.04919
1.04608
1.04316
1.04014
1.03705
1.03366
1.02906
1.25897
1.25213
1.24506
1.23844
1.2325
1.2271
1.22167
1.21568
1.20886
1.20113
1.19294
1.18509
1.17838
1.17203
1.16603
1.1593
1.1519
1.14457
1.13709
1.12984
1.12333
1.1183
1.12092
1.13784
1.16847
1.20102
1.22572
1.23632
1.23865
1.23787
1.23405
1.22796
1.22122
1.21359
1.20602
1.1987
1.19049
1.18227
1.17493
1.16761
1.16128
1.15705
1.15343
1.14929
1.14453
1.13894
1.13203
1.12367
1.11494
1.10868
1.10432
1.10005
1.09555
1.09057
1.08481
1.07769
1.06848
1.06102
1.05746
1.05428
1.05118
1.04795
1.04453
1.04081
1.03632
1.02987
1.25829
1.25147
1.24464
1.23844
1.23287
1.22777
1.22242
1.2164
1.20963
1.20193
1.19387
1.18643
1.1801
1.17404
1.16828
1.16185
1.15487
1.148
1.14107
1.13439
1.13574
1.15102
1.18152
1.21577
1.24413
1.25291
1.25767
1.2555
1.2521
1.24546
1.23733
1.2291
1.22187
1.21469
1.20735
1.20039
1.19325
1.18602
1.17847
1.17201
1.16764
1.16346
1.1589
1.15392
1.14844
1.14242
1.13528
1.12612
1.11786
1.11231
1.10768
1.10312
1.09829
1.093
1.08686
1.07852
1.06995
1.06529
1.06204
1.05896
1.05577
1.05239
1.04872
1.04433
1.03807
1.02871
1.25731
1.25067
1.24425
1.23844
1.2332
1.22836
1.2231
1.21714
1.21044
1.20279
1.19491
1.18796
1.18199
1.17622
1.17059
1.16438
1.15857
1.15253
1.15183
1.16444
1.19352
1.22808
1.25581
1.26717
1.27476
1.27399
1.27011
1.26193
1.25428
1.24585
1.23814
1.23041
1.22342
1.2173
1.21095
1.20453
1.19765
1.18976
1.18292
1.17779
1.17304
1.16839
1.16367
1.15867
1.15337
1.14576
1.13606
1.12725
1.12103
1.11624
1.11171
1.10719
1.10239
1.09633
1.08752
1.07838
1.07334
1.07019
1.06726
1.06409
1.06067
1.05699
1.05283
1.04667
1.03717
1.02705
1.25633
1.25002
1.24402
1.23852
1.23359
1.22896
1.22381
1.21795
1.2113
1.20369
1.19604
1.18952
1.18382
1.17836
1.17316
1.16851
1.16759
1.17953
1.20685
1.24153
1.26924
1.28161
1.28992
1.29024
1.28716
1.27982
1.27158
1.2625
1.25423
1.24643
1.23963
1.23371
1.22789
1.22203
1.21512
1.20722
1.19949
1.19241
1.18715
1.18274
1.17832
1.17375
1.16896
1.16305
1.15429
1.14463
1.1356
1.12936
1.12497
1.12074
1.11642
1.11162
1.1052
1.09606
1.08671
1.08108
1.07787
1.07503
1.07209
1.06871
1.06489
1.06079
1.05433
1.04524
1.03565
1.02755
1.25564
1.24967
1.244
1.23881
1.23419
1.22968
1.22459
1.21881
1.21214
1.20452
1.19709
1.19091
1.1856
1.18159
1.18038
1.1906
1.21825
1.25354
1.28475
1.29841
1.30508
1.30394
1.30127
1.29546
1.28848
1.27934
1.27076
1.26221
1.25552
1.24994
1.24431
1.23853
1.23188
1.22413
1.21589
1.20778
1.20067
1.19577
1.19191
1.18825
1.18379
1.17889
1.17192
1.16253
1.15287
1.14373
1.13725
1.13325
1.12941
1.12527
1.12083
1.11444
1.10517
1.0955
1.08922
1.08581
1.08278
1.07961
1.07616
1.07283
1.06878
1.06166
1.05255
1.04304
1.0349
1.03065
1.25533
1.24965
1.24431
1.23945
1.23508
1.23059
1.22548
1.21965
1.21285
1.20518
1.19811
1.1931
1.19055
1.19777
1.22399
1.26248
1.29514
1.31349
1.32202
1.3174
1.31468
1.31084
1.30523
1.29707
1.289
1.27947
1.27174
1.26504
1.25954
1.25422
1.24815
1.24129
1.23351
1.22497
1.21637
1.20938
1.20456
1.2009
1.19753
1.19319
1.18781
1.18005
1.1708
1.16124
1.15208
1.14561
1.14161
1.13796
1.13395
1.12962
1.12271
1.11359
1.10422
1.09796
1.09457
1.09147
1.08811
1.08441
1.08052
1.07503
1.0678
1.0597
1.05067
1.04198
1.03719
1.03442
1.25535
1.24997
1.24496
1.24039
1.23619
1.23163
1.2264
1.22034
1.2135
1.20608
1.20124
1.20393
1.22551
1.26419
1.30377
1.32757
1.33531
1.33047
1.32657
1.32024
1.31779
1.31276
1.30697
1.29878
1.2904
1.28172
1.27466
1.26826
1.26201
1.25593
1.24969
1.24265
1.23457
1.22595
1.21895
1.21409
1.21016
1.20643
1.20167
1.19545
1.18773
1.17912
1.16989
1.16082
1.15454
1.15058
1.14687
1.14277
1.13767
1.12993
1.12129
1.11244
1.10652
1.10322
1.09992
1.0961
1.09211
1.08741
1.08101
1.074
1.06667
1.05875
1.04996
1.04387
1.04071
1.03767
1.2554
1.2503
1.24559
1.24135
1.23721
1.23244
1.227
1.22089
1.21416
1.21181
1.22522
1.26117
1.30508
1.33698
1.34854
1.35005
1.34568
1.33809
1.33022
1.32367
1.31962
1.31358
1.30761
1.30011
1.29226
1.28399
1.27623
1.26967
1.26361
1.25722
1.25067
1.24393
1.23655
1.22935
1.22404
1.21938
1.21464
1.20886
1.20209
1.19489
1.18719
1.17871
1.16998
1.16385
1.15976
1.15553
1.15102
1.14478
1.13692
1.12876
1.12044
1.11479
1.1114
1.10821
1.10469
1.10063
1.09465
1.08742
1.08049
1.07374
1.0666
1.05856
1.05177
1.0479
1.04431
1.04057
1.25511
1.25024
1.24586
1.24193
1.23772
1.23268
1.22731
1.22217
1.22645
1.25395
1.29922
1.3389
1.35641
1.36074
1.35918
1.35279
1.34777
1.33956
1.33243
1.32624
1.32132
1.31471
1.30823
1.30097
1.29316
1.28482
1.27713
1.27081
1.26531
1.25937
1.25304
1.24667
1.24039
1.23443
1.22864
1.22256
1.21583
1.20891
1.20193
1.19468
1.18699
1.17916
1.17316
1.16885
1.16443
1.15924
1.15184
1.14396
1.13618
1.12871
1.12362
1.1201
1.11632
1.11203
1.10681
1.1003
1.09326
1.0864
1.08022
1.07413
1.06731
1.06056
1.05578
1.05172
1.04781
1.04414
1.25435
1.24982
1.24576
1.24207
1.23769
1.23301
1.23135
1.24669
1.2874
1.33406
1.36098
1.37188
1.37272
1.36893
1.36324
1.35516
1.34715
1.33926
1.33296
1.32735
1.32261
1.31623
1.3093
1.30186
1.29397
1.28557
1.27834
1.27252
1.26751
1.26226
1.25648
1.25052
1.24448
1.23823
1.2313
1.22332
1.21563
1.20865
1.20189
1.19497
1.18801
1.18222
1.17755
1.17266
1.16676
1.15893
1.15083
1.14324
1.13685
1.13237
1.12869
1.12482
1.12054
1.11533
1.10834
1.10023
1.09288
1.0864
1.08036
1.07439
1.0687
1.0645
1.06075
1.05647
1.05142
1.0456
1.2533
1.24915
1.24554
1.24206
1.2383
1.24271
1.27279
1.32266
1.36163
1.37906
1.38022
1.37735
1.37424
1.36959
1.36387
1.35604
1.34785
1.33986
1.33359
1.32817
1.3234
1.3177
1.31095
1.30345
1.29536
1.28714
1.28046
1.27485
1.27003
1.26498
1.25939
1.25359
1.24743
1.24038
1.23208
1.22354
1.21583
1.209
1.20255
1.19643
1.191
1.18613
1.18108
1.1753
1.16721
1.15818
1.1502
1.14447
1.14036
1.13679
1.13303
1.12866
1.12367
1.1171
1.10832
1.09956
1.09263
1.08673
1.08062
1.07517
1.07149
1.06831
1.06478
1.06037
1.0544
1.047
1.25241
1.24866
1.24579
1.24387
1.25714
1.30161
1.35393
1.38364
1.39195
1.39202
1.3878
1.38173
1.37483
1.36851
1.36295
1.35644
1.34953
1.34224
1.33566
1.32963
1.32404
1.31839
1.31234
1.30516
1.29716
1.28956
1.28322
1.27752
1.27243
1.2672
1.26156
1.25541
1.2483
1.24028
1.23191
1.22384
1.21662
1.21024
1.20455
1.19944
1.1946
1.18964
1.18393
1.17572
1.16645
1.15793
1.1522
1.14807
1.1443
1.14056
1.13657
1.13261
1.12673
1.11802
1.10849
1.10012
1.09302
1.08666
1.08148
1.0778
1.0744
1.07075
1.06724
1.06282
1.05579
1.04821
1.25194
1.24932
1.25001
1.27439
1.33015
1.38085
1.398
1.39891
1.39595
1.39234
1.38972
1.38414
1.37709
1.36931
1.36286
1.35674
1.3509
1.34493
1.33878
1.332
1.32547
1.319
1.31236
1.30544
1.29843
1.29204
1.28599
1.28018
1.27443
1.26841
1.26207
1.25532
1.24789
1.23971
1.23162
1.22448
1.21847
1.21299
1.2078
1.20265
1.19733
1.19132
1.18353
1.17478
1.16626
1.16059
1.15633
1.15213
1.14797
1.14393
1.13921
1.13243
1.12471
1.1167
1.10888
1.10151
1.09445
1.08837
1.08422
1.08098
1.07839
1.07524
1.07048
1.06382
1.05674
1.0516
1.25314
1.25707
1.29222
1.35583
1.39931
1.41366
1.41182
1.40682
1.39994
1.39408
1.39012
1.38567
1.37918
1.37133
1.36386
1.35724
1.35141
1.34622
1.3409
1.3343
1.32736
1.3201
1.31259
1.30549
1.29938
1.29388
1.28809
1.28195
1.27566
1.26911
1.26221
1.25492
1.24713
1.23914
1.23187
1.22625
1.22124
1.21621
1.21095
1.20539
1.19893
1.19095
1.18246
1.17444
1.16901
1.16473
1.16034
1.1557
1.15054
1.14437
1.13747
1.13016
1.12251
1.11538
1.10908
1.10326
1.09804
1.09349
1.08895
1.08404
1.07882
1.07357
1.06836
1.06249
1.05784
1.05444
1.26478
1.31167
1.37787
1.41507
1.41896
1.41598
1.41241
1.40822
1.40267
1.39634
1.39052
1.38549
1.37991
1.3728
1.36539
1.35831
1.35211
1.34697
1.3418
1.33548
1.32854
1.32108
1.31322
1.30611
1.30012
1.2949
1.28921
1.2829
1.27636
1.26952
1.26227
1.25452
1.24654
1.23924
1.23364
1.22879
1.22412
1.21891
1.2133
1.20671
1.19853
1.18969
1.18184
1.17655
1.17233
1.16805
1.16341
1.15825
1.15166
1.14362
1.1355
1.12802
1.12108
1.11461
1.10949
1.1056
1.10202
1.09815
1.09348
1.08752
1.08024
1.0728
1.06713
1.0635
1.06023
1.05603
1.32749
1.39905
1.42904
1.4329
1.42651
1.4189
1.41324
1.41017
1.40595
1.39937
1.39193
1.38493
1.37883
1.3729
1.36669
1.36012
1.35395
1.348
1.34196
1.33568
1.329
1.32166
1.31404
1.30729
1.30107
1.29531
1.28942
1.28322
1.27674
1.26986
1.26237
1.25432
1.24677
1.24105
1.23611
1.23141
1.2263
1.22078
1.21458
1.20703
1.19794
1.18928
1.18346
1.17891
1.17447
1.16994
1.16501
1.15906
1.15176
1.14331
1.13451
1.12655
1.11999
1.11507
1.1113
1.10783
1.10437
1.10049
1.09599
1.08986
1.08203
1.07423
1.0678
1.06246
1.05772
1.05288
1.4122
1.44158
1.44032
1.43368
1.4271
1.4201
1.41422
1.41159
1.40816
1.40133
1.39325
1.38478
1.37743
1.37172
1.36682
1.36201
1.35624
1.3493
1.34221
1.33521
1.32821
1.32131
1.3148
1.30852
1.30225
1.2962
1.29005
1.28376
1.27728
1.27034
1.26261
1.2548
1.24869
1.24344
1.23848
1.23321
1.22763
1.22172
1.21513
1.20723
1.19804
1.1907
1.18565
1.18069
1.17553
1.17012
1.16455
1.15864
1.1519
1.14374
1.13449
1.12622
1.12063
1.1166
1.11292
1.10939
1.10564
1.10169
1.09701
1.09087
1.08351
1.07591
1.06878
1.0623
1.05616
1.05019
1.45114
1.45309
1.44311
1.4341
1.42708
1.42098
1.41603
1.41315
1.4089
1.40215
1.39386
1.38475
1.37685
1.37069
1.36687
1.36362
1.35774
1.35045
1.3426
1.33456
1.32709
1.32086
1.3153
1.30985
1.30394
1.29775
1.29144
1.28497
1.2782
1.27078
1.26309
1.25665
1.25107
1.24556
1.23995
1.23423
1.22832
1.22216
1.2154
1.20767
1.19975
1.19306
1.18701
1.18108
1.17513
1.16915
1.16329
1.15748
1.1513
1.14408
1.13576
1.12867
1.12356
1.11897
1.11452
1.11015
1.10575
1.10115
1.09633
1.09109
1.0846
1.0771
1.06971
1.06264
1.05577
1.04893
1.45766
1.45195
1.44428
1.43532
1.42747
1.4218
1.41785
1.41431
1.40878
1.40159
1.39362
1.38507
1.37731
1.37116
1.36771
1.36452
1.35831
1.35112
1.34283
1.33435
1.32723
1.32106
1.31604
1.31155
1.30582
1.29954
1.29309
1.28605
1.27848
1.27095
1.26445
1.25879
1.25303
1.24712
1.24109
1.23504
1.22891
1.22233
1.21524
1.20798
1.20115
1.19461
1.18812
1.18162
1.17511
1.16862
1.16238
1.1565
1.15067
1.14435
1.13794
1.13233
1.12704
1.1216
1.11609
1.1108
1.10586
1.10111
1.09591
1.08996
1.08382
1.07755
1.07068
1.06381
1.05665
1.04975
1.45702
1.44975
1.44356
1.43658
1.42936
1.42404
1.42008
1.41501
1.40815
1.40015
1.39261
1.38572
1.37904
1.37328
1.36951
1.3651
1.35848
1.35093
1.34262
1.33482
1.32802
1.32214
1.31789
1.31361
1.30749
1.30094
1.2935
1.2857
1.27816
1.27158
1.26589
1.26029
1.25445
1.24838
1.24201
1.23532
1.22835
1.22132
1.21432
1.20759
1.20128
1.19518
1.189
1.18263
1.17609
1.16955
1.16316
1.15676
1.15018
1.14407
1.13899
1.13432
1.12951
1.12432
1.11863
1.11256
1.10642
1.1002
1.09333
1.08593
1.07906
1.07372
1.06952
1.0648
1.05909
1.05396
1.45729
1.44885
1.44255
1.43713
1.43221
1.42776
1.4223
1.4151
1.40697
1.39895
1.39201
1.38615
1.38084
1.37607
1.37135
1.3652
1.35793
1.34989
1.34217
1.33542
1.32922
1.32422
1.32018
1.31474
1.30805
1.30064
1.29264
1.28481
1.27799
1.27209
1.2667
1.26111
1.25529
1.24915
1.24239
1.23492
1.22712
1.21965
1.21283
1.20664
1.20081
1.19517
1.18964
1.1841
1.1783
1.17191
1.16474
1.15696
1.1495
1.14367
1.13905
1.13475
1.13043
1.12583
1.12052
1.11428
1.10705
1.09888
1.09057
1.08308
1.07682
1.07162
1.06725
1.06375
1.06103
1.05845
1.45961
1.45062
1.44324
1.43851
1.43523
1.43117
1.42355
1.41469
1.4064
1.39888
1.39254
1.38753
1.38324
1.3786
1.37253
1.36517
1.35708
1.34898
1.34201
1.33572
1.3305
1.32637
1.32128
1.31478
1.30746
1.29951
1.29149
1.2842
1.27791
1.27224
1.267
1.26131
1.25544
1.24922
1.24219
1.23444
1.22654
1.21889
1.21191
1.20583
1.20046
1.19538
1.19037
1.18541
1.18025
1.17398
1.16598
1.15729
1.14975
1.14394
1.13903
1.13447
1.13003
1.12546
1.12053
1.11455
1.1068
1.09774
1.08916
1.08195
1.07613
1.07145
1.06777
1.06484
1.06341
1.06252
1.46316
1.45427
1.44642
1.44137
1.43816
1.43303
1.4245
1.41524
1.40681
1.39959
1.39405
1.38955
1.38504
1.37939
1.37215
1.36417
1.35627
1.34903
1.34231
1.33667
1.33222
1.32726
1.32091
1.31387
1.30612
1.29823
1.29078
1.28418
1.27804
1.27252
1.26702
1.26141
1.2555
1.24888
1.24157
1.23397
1.22642
1.21903
1.21203
1.20598
1.20099
1.19669
1.19226
1.1871
1.18104
1.17407
1.16628
1.15828
1.15076
1.14426
1.13908
1.13484
1.13103
1.12682
1.12168
1.11523
1.10698
1.09764
1.08919
1.08263
1.07763
1.07382
1.07099
1.06887
1.06614
1.0624
1.46939
1.46075
1.45245
1.4458
1.43998
1.43298
1.42511
1.41709
1.40949
1.40252
1.39648
1.39124
1.38586
1.37877
1.37061
1.36269
1.3556
1.34912
1.34329
1.33855
1.33343
1.3268
1.31963
1.31201
1.30421
1.29722
1.29071
1.28461
1.27908
1.27312
1.26691
1.26057
1.25375
1.24678
1.23997
1.23335
1.22684
1.22059
1.21443
1.20813
1.20158
1.19555
1.19013
1.18451
1.17848
1.17222
1.16606
1.15966
1.15305
1.14665
1.14047
1.13427
1.12848
1.12346
1.11823
1.11188
1.10486
1.09778
1.09147
1.08665
1.08244
1.07814
1.07325
1.06774
1.06282
1.05842
1.47538
1.46796
1.45935
1.44953
1.43974
1.43136
1.42428
1.41792
1.41154
1.40491
1.39844
1.39215
1.38515
1.37703
1.36908
1.36171
1.35508
1.34949
1.34503
1.34008
1.33335
1.32614
1.31823
1.31004
1.30271
1.29634
1.29067
1.28591
1.28055
1.27431
1.26748
1.25947
1.2515
1.24462
1.23865
1.23312
1.2279
1.22285
1.21734
1.211
1.20352
1.19556
1.18838
1.1822
1.17633
1.17048
1.16472
1.15941
1.15436
1.1489
1.14264
1.13573
1.12864
1.122
1.11593
1.10967
1.10321
1.09848
1.09516
1.09195
1.08802
1.08293
1.07672
1.06988
1.06244
1.05493
1.4834
1.47389
1.46313
1.45175
1.44128
1.43275
1.42561
1.41929
1.41295
1.40616
1.39915
1.39208
1.38469
1.377
1.36933
1.36196
1.35542
1.35036
1.34628
1.34043
1.33318
1.3254
1.31694
1.30881
1.30197
1.29608
1.29174
1.28743
1.28131
1.27472
1.26707
1.25806
1.24968
1.24341
1.23809
1.23387
1.22991
1.22476
1.21901
1.21196
1.20322
1.1942
1.18641
1.17989
1.17422
1.16922
1.16465
1.16026
1.15558
1.14986
1.14268
1.135
1.12727
1.11933
1.11227
1.10743
1.10405
1.10149
1.09829
1.09407
1.08819
1.08178
1.07555
1.0687
1.06027
1.05105
)
;

boundaryField
{
    inlet
    {
        type            fixedValue;
        value           uniform 1;
    }
    outlet
    {
        type            inletOutlet;
        inletValue      nonuniform 0();
        value           nonuniform 0();
    }
    bottom
    {
        type            symmetryPlane;
    }
    top
    {
        type            symmetryPlane;
    }
    obstacle
    {
        type            zeroGradient;
    }
    defaultFaces
    {
        type            empty;
    }
    procBoundary2to0
    {
        type            processor;
        value           nonuniform List<scalar> 
115
(
1
1
1
1
1
1
1
1
1
1
1
1
1
1
1
1
1
1
1
1.0033
1.19466
1.34709
1.35696
1.35793
1.35819
1.35715
1.35497
1.35244
1.35058
1.34921
1.34864
1.34796
1.34562
1.34208
1.33771
1.33345
1.32936
1.3256
1.32255
1.31956
1.31513
1.3096
1.30265
1.29519
1.28763
1.28062
1.27445
1.26829
1.03624
1.02811
1.01717
1.00887
1.00222
0.993643
0.985196
0.977627
0.972351
0.969229
0.964635
0.957869
0.949437
0.942152
0.938354
0.934532
0.928775
0.92482
0.92286
0.924495
0.936437
0.96478
0.998427
1.02819
1.04238
1.05301
1.05322
1.04748
1.04506
1.0423
1.03815
1.03329
1.02829
1.02317
1.01776
1.01241
1.00706
1.0024
0.998736
0.995466
0.991531
0.985543
1.26073
1.25217
1.24283
1.23272
1.2223
1.21221
1.20305
1.19472
1.18599
1.17684
1.16743
1.1576
1.14796
1.13793
1.12723
1.11751
1.10886
1.10009
1.09063
1.08225
1.07538
1.06789
1.05873
1.04886
1.04886
)
;
    }
    procBoundary2to1
    {
        type            processor;
        value           nonuniform List<scalar> 4(0.985372 0.989809 0.99487 0.999478);
    }
    procBoundary2to3
    {
        type            processor;
        value           nonuniform List<scalar> 
32
(
1.00473
1.00979
1.01417
1.01781
1.02196
1.02161
1.02042
1.01909
1.01979
1.02325
1.02755
1.0315
1.03469
1.03686
1.04029
1.03976
1.04036
1.04323
1.04741
1.05069
1.05048
1.04715
1.0441
1.04286
1.04477
1.04995
1.05528
1.05954
1.05722
1.05308
1.04829
1.04368
)
;
    }
}


// ************************************************************************* //
