/*--------------------------------*- C++ -*----------------------------------*\
  =========                 |
  \\      /  F ield         | OpenFOAM: The Open Source CFD Toolbox
   \\    /   O peration     | Website:  https://openfoam.org
    \\  /    A nd           | Version:  7
     \\/     M anipulation  |
\*---------------------------------------------------------------------------*/
FoamFile
{
    version     2.0;
    format      ascii;
    class       volScalarField;
    location    "0.7";
    object      T;
}
// * * * * * * * * * * * * * * * * * * * * * * * * * * * * * * * * * * * * * //

dimensions      [0 0 0 1 0 0 0];

internalField   nonuniform List<scalar> 
4032
(
1
1
1
1
1
1
1
1
1
1
1.28481
1.48047
1.4899
1.49613
1.50295
1.50975
1.51882
1.53302
1.55493
1.58645
1.62748
1.66392
1.68424
1.69168
1
1
1
1
1
1
1
1
1
1
1.27707
1.47754
1.48867
1.49526
1.50227
1.50912
1.51826
1.53234
1.55384
1.58521
1.62594
1.66198
1.682
1.68928
1
1
1
1
1
1
1
1
1
1
1.26034
1.4727
1.48627
1.49315
1.50053
1.50745
1.51667
1.53045
1.55116
1.58206
1.62249
1.65863
1.67888
1.68629
1
1
1
1
1
1
1
1
1
1
1.23479
1.46449
1.48312
1.49012
1.49771
1.50478
1.51401
1.52712
1.54631
1.57599
1.61593
1.65277
1.67362
1.68081
1
1
1
1
1
1
1
1
1
1
1.19885
1.45064
1.47949
1.48656
1.49395
1.50111
1.51021
1.52217
1.5388
1.56569
1.60391
1.64176
1.66409
1.67232
1
1
1
1
1
1
1
1
1
1
1.15079
1.42808
1.47555
1.48246
1.48922
1.49654
1.50539
1.51572
1.52907
1.55248
1.58879
1.62799
1.65096
1.65441
1
1
1
1
1
1
1
1
1
1
1.09465
1.39523
1.47144
1.47767
1.48362
1.49122
1.49952
1.50782
1.51787
1.53636
1.56725
1.60323
1.62688
1.63183
1
1
1
1
1
1
1
1
1
1
1.03994
1.35147
1.46713
1.47248
1.47761
1.48508
1.49254
1.49846
1.50522
1.51784
1.54161
1.5742
1.6064
1.63039
1
1
1
1
1
1
1
1
1
1
1.00299
1.29733
1.46189
1.46718
1.4713
1.4781
1.48407
1.48798
1.49161
1.49932
1.51445
1.53329
1.53747
1.50726
1
1
1
1
1
1
1
1
1
1
1.00003
1.22325
1.44588
1.46162
1.46459
1.46999
1.47427
1.47634
1.47737
1.48017
1.48552
1.48865
1.48193
1.41845
1
1
1
1
1
1
1
1
1
1
1
1.12753
1.40464
1.45371
1.45755
1.46115
1.46342
1.46359
1.46304
1.46169
1.45996
1.45162
1.43421
1.35487
1
1
1
1
1
1
1
1
1
1
1
1.03512
1.33512
1.44543
1.4519
1.45096
1.45137
1.45062
1.44931
1.44569
1.43877
1.42436
1.39616
1.32725
1
1
1
1
1
1
1
1
1
1
1
1.00159
1.23883
1.42943
1.44492
1.44045
1.44011
1.43945
1.43768
1.43271
1.42225
1.4046
1.37193
1.31654
1
1
1
1
1
1
1
1
1
1
1
1.00001
1.11851
1.38619
1.43561
1.4315
1.43129
1.43048
1.42707
1.42062
1.4084
1.38941
1.35671
1.31125
1
1
1
1
1
1
1
1
1
1
1
1
1.01745
1.29957
1.42333
1.42673
1.42281
1.4205
1.4153
1.40804
1.39569
1.37642
1.34594
1.3074
1
1
1
1
1
1
1
1
1
1
1
1
1.00055
1.17122
1.39158
1.42006
1.41235
1.41091
1.40561
1.39687
1.38382
1.36394
1.33655
1.30535
1
1
1
1
1
1
1
1
1
1
1
1
1
1.03879
1.31352
1.41085
1.40445
1.40133
1.39635
1.38524
1.37212
1.35349
1.33004
1.3052
1
1
1
1
1
1
1
1
1
1
1
1
1
1.00189
1.17849
1.37785
1.40184
1.3913
1.38498
1.3752
1.3631
1.34626
1.32668
1.30577
1
1
1
1
1
1
1
1
1
1
1
1
1
1.00002
1.03743
1.29494
1.39221
1.38424
1.37551
1.36708
1.35562
1.34087
1.32392
1.30545
1
1
1
1
1
1
1
1
1
1
1
1
1
1
1.00189
1.14636
1.35006
1.38132
1.36935
1.35977
1.34949
1.33609
1.32024
1.30281
1
1
1
1
1
1
1
1
1
1
1
1
1
1
1.00002
1.02297
1.24188
1.36345
1.36818
1.35464
1.34399
1.33104
1.31569
1.29868
1
1
1
1
1
1
1
1
1
1
1
1
1
1
1
1.00075
1.07865
1.29653
1.36207
1.35224
1.33951
1.32595
1.31157
1.29588
1
1
1
1
1
1
1
1
1
1
1
1
1
1
1
1
1.0067
1.15003
1.32377
1.34827
1.33563
1.3216
1.30761
1.29323
1
1
1
1
1
1
1
1
1
1
1
1
1
1
1
1
1.00011
1.02471
1.20675
1.32729
1.33285
1.31923
1.30543
1.2914
1
1
1
1
1
1
1
1
1
1
1
1
1
1
1
1
1
1.00087
1.05357
1.23565
1.31927
1.317
1.30571
1.29159
1
1
1
1
1
1
1
1
1
1
1
1
1
1
1
1
1
1.00001
1.00322
1.07988
1.24546
1.30591
1.30416
1.29344
1
1
1
1
1
1
1
1
1
1
1
1
1
1
1
1
1
1
1.00004
1.00686
1.09681
1.24257
1.29397
1.29197
1
1
1
1
1
1
1
1
1
1
1
1
1
1
1
1
1
1
1
1.00011
1.01037
1.102
1.23475
1.27832
1
1
1
1
1
1
1
1
1
1
1
1
1
1
1
1
1
1
1
1
1.00022
1.01213
1.09875
1.21578
1
1
1
1
1
1
1
1
1
1
1
1
1
1
1
1
1
1
1
1
1
1.00029
1.01146
1.08424
1
1
1
1
1
1
1
1
1
1
1
1
1
1
1
1
1
1
1
1
1
1
1.00026
1.00857
1
1
1
1
1
1
1
1
1
1
1
1
1
1
1
1
1
1
1
1
1
1
1
1.00016
1
1
1
1
1
1
1
1
1
1
1
1
1
1
1
1
1
1
1
1
1
1
1
1
1
1
1
1
1
1
1
1
1
1
1
1
1
1
1
1
1
1
1
1
1
1
1
1
1
1
1
1
1
1
1
1
1
1
1
1
1
1
1
1
1
1
1
1
1
1
1
1
1
1
1
1
1
1
1
1
1
1
1
1
1
1
1
1
1
1
1
1
1
1
1
1
1
1
1
1
1
1
1
1
1
1
1
1
1
1
1
1
1
1
1
1
1
1
1
1
1
1
1
1
1
1
1
1
1
1
1
1
1
1
1
1
1
1
1
1
1
1
1
1
1
1
1
1
1
1
1
1
1
1
1
1
1
1
1
1
1
1
1
1
1
1
1
1
1
1
1
1
1
1
1
1
1
1
1
1
1
1
1
1
1
1
1
1
1
1
1
1
1.04517
0.760783
0.720835
0.745719
0.763686
0.832894
0.897748
0.971772
1.04831
1.10575
1.13801
1.16895
1.22118
1.24061
1.24264
1.26019
1.28563
1.29248
1.28636
1.27096
1.26822
1.26983
1.27679
1.278
1.27221
1.25562
1.23276
1.21351
1.20363
1.20014
1.19736
1.19283
1.18484
1.17064
1.14813
1.11745
1.08001
1.03945
1.00923
0.999961
1.0007
1.00411
1.00342
1.00195
1.0012
1.00093
1.00152
1.00459
1.00673
1.00673
1.00656
1.00586
1.00468
1.00374
1.00321
1.00287
1.00267
1.00259
1.00256
1.00262
1.00312
1.00453
1.00611
1.00652
1.00656
1.00653
1.00618
1.00495
1.00245
1.00041
1.00001
1
1
1
1
1
1
1
1
1
1
1
1
1
1
1
1
1
1
1
1
1
1
1
1
1
1.17848
1.0028
0.958599
0.915366
0.859456
0.833908
0.841774
0.860897
0.888061
0.927669
0.970222
1.02785
1.10417
1.17017
1.20218
1.22869
1.2538
1.26818
1.26791
1.25854
1.25422
1.25431
1.25903
1.26072
1.25625
1.24182
1.22024
1.20037
1.18946
1.18689
1.18619
1.18346
1.17619
1.16327
1.14238
1.11136
1.07278
1.03427
1.00716
0.999311
0.999883
1.00249
1.00163
1.00034
0.999917
0.999793
1.00051
1.00367
1.00614
1.00624
1.00614
1.00558
1.00451
1.00361
1.00308
1.00274
1.0026
1.00258
1.00258
1.00271
1.00327
1.00466
1.00615
1.00655
1.00659
1.00657
1.0062
1.00488
1.00234
1.00037
1.00001
1
1
1
1
1
1
1
1
1
1
1
1
1
1
1
1
1
1
1
1
1
1
1
1
1
1.22136
1.1002
1.0253
0.988619
0.941506
0.882028
0.863776
0.84026
0.828044
0.840394
0.863269
0.899755
0.961178
1.05243
1.13213
1.16999
1.18993
1.20748
1.21212
1.21083
1.20955
1.20945
1.21313
1.21671
1.21557
1.208
1.19279
1.17492
1.16069
1.15375
1.15262
1.15221
1.14963
1.1413
1.12498
1.10058
1.06936
1.03568
1.00922
1.00138
1.00258
1.00452
1.00323
1.00164
1.00108
1.00101
1.00171
1.00466
1.00669
1.00669
1.00651
1.00584
1.00473
1.00379
1.00319
1.00283
1.00268
1.00265
1.00264
1.00278
1.00341
1.00489
1.00629
1.00659
1.00663
1.00658
1.00615
1.00475
1.00215
1.0003
1.00001
1
1
1
1
1
1
1
1
1
1
1
1
1
1
1
1
1
1
1
1
1
1
1
1
1
1.24354
1.16258
1.08062
1.04094
1.00818
0.954284
0.921225
0.899062
0.862831
0.844176
0.844431
0.852704
0.870317
0.925546
1.01906
1.08711
1.12225
1.14254
1.15021
1.15244
1.15344
1.15386
1.15626
1.15891
1.15879
1.15579
1.14736
1.13552
1.12392
1.11529
1.11107
1.10953
1.1077
1.10212
1.091
1.07497
1.05502
1.03209
1.01172
1.00392
1.00433
1.00441
1.00265
1.00112
1.00053
1.00057
1.00225
1.00548
1.00672
1.00667
1.00649
1.00583
1.00478
1.00381
1.00315
1.00279
1.00267
1.00264
1.00266
1.00288
1.00366
1.00525
1.00646
1.00666
1.00669
1.00662
1.00611
1.00454
1.00186
1.00022
1
1
1
1
1
1
1
1
1
1
1
1
1
1
1
1
1
1
1
1
1
1
1
1
1
1
1.2561
1.19747
1.12832
1.07916
1.05127
1.00867
0.963986
0.941909
0.912978
0.877612
0.86866
0.861631
0.858012
0.868267
0.914826
0.997663
1.05728
1.09623
1.11251
1.1135
1.11099
1.10923
1.10921
1.10905
1.10851
1.10726
1.10301
1.09717
1.09006
1.08335
1.07879
1.0761
1.07292
1.06666
1.0568
1.04543
1.03402
1.02205
1.0112
1.00642
1.00504
1.00332
1.00152
1.0004
1.00018
1.00085
1.00329
1.00599
1.00664
1.00661
1.00648
1.0059
1.00487
1.00377
1.00306
1.00277
1.00268
1.00266
1.00272
1.00304
1.004
1.00568
1.00664
1.00675
1.00678
1.00667
1.00604
1.00423
1.0015
1.00013
1
1
1
1
1
1
1
1
1
1
1
1
1
1
1
1
1
1
1
1
1
1
1
1
1
1
1.26219
1.21611
1.16133
1.10944
1.08232
1.05032
1.00421
0.97896
0.957506
0.923044
0.907529
0.900185
0.882194
0.870676
0.875462
0.902557
0.976744
1.04329
1.08205
1.09081
1.08858
1.08227
1.07737
1.0762
1.07661
1.0768
1.07448
1.07098
1.0659
1.06041
1.0558
1.05204
1.04779
1.04106
1.03175
1.02296
1.0163
1.01097
1.00724
1.0057
1.00406
1.00241
1.00119
1.00059
1.00079
1.00205
1.00429
1.00605
1.00652
1.00656
1.00645
1.00595
1.00496
1.0037
1.00292
1.00273
1.0027
1.00272
1.00287
1.00333
1.00454
1.00617
1.0068
1.00687
1.00688
1.00671
1.00589
1.00379
1.0011
1.00007
1
1
1
1
1
1
1
1
1
1
1
1
1
1
1
1
1
1
1
1
1
1
1
1
1
1
1.26634
1.22835
1.18513
1.13671
1.1068
1.0833
1.04447
1.01072
0.991659
0.961871
0.937169
0.92939
0.913887
0.888478
0.873836
0.88001
0.90671
0.973279
1.0359
1.0687
1.07083
1.06703
1.05995
1.05677
1.05795
1.05772
1.05646
1.05448
1.05042
1.04519
1.04011
1.03546
1.03048
1.02333
1.01473
1.00789
1.0038
1.00183
1.0016
1.00256
1.00248
1.00194
1.00161
1.00165
1.00237
1.0036
1.00491
1.00593
1.0064
1.00653
1.00645
1.00596
1.00488
1.00358
1.00289
1.00275
1.00275
1.00283
1.00307
1.00376
1.00524
1.00666
1.00698
1.00703
1.00701
1.00672
1.00564
1.00319
1.0007
1.00003
1
1
1
1
1
1
1
1
1
1
1
1
1
1
1
1
1
1
1
1
1
1
1
1
1
1
1.27144
1.23868
1.20447
1.16318
1.12984
1.10884
1.07882
1.03938
1.0173
0.993815
0.964797
0.953967
0.943538
0.92149
0.90164
0.892592
0.897469
0.916458
0.968122
1.02859
1.05236
1.05323
1.04985
1.04593
1.04524
1.04424
1.04367
1.04207
1.03851
1.03351
1.02817
1.02305
1.01761
1.01118
1.00487
1.00004
0.997695
0.997213
0.998029
1.00057
1.00152
1.0019
1.00245
1.00295
1.00362
1.00438
1.00509
1.00588
1.00652
1.0067
1.00661
1.00602
1.00471
1.00333
1.00285
1.00282
1.00286
1.00301
1.0034
1.00437
1.00603
1.00704
1.00718
1.00722
1.00715
1.00669
1.00523
1.00245
1.00036
1.00001
1
1
1
1
1
1
1
1
1
1
1
1
1
1
1
1
1
1
1
1
1
1
1
1
1
1
1.27689
1.24823
1.22019
1.18643
1.15054
1.12658
1.10189
1.06463
1.03717
1.01873
0.992084
0.974894
0.967465
0.951316
0.93035
0.91641
0.902015
0.905184
0.921609
0.969515
1.01639
1.0377
1.04012
1.03835
1.0355
1.03365
1.03264
1.03094
1.02796
1.02379
1.01894
1.01389
1.0091
1.0044
1.00023
0.997297
0.99596
0.995948
0.997716
1.00093
1.00242
1.00327
1.00387
1.00387
1.00384
1.00431
1.00494
1.00581
1.00672
1.00698
1.00689
1.00614
1.00447
1.00314
1.00292
1.00296
1.00307
1.00331
1.0039
1.0052
1.00677
1.00732
1.00738
1.0074
1.00727
1.00656
1.0046
1.00162
1.00014
1
1
1
1
1
1
1
1
1
1
1
1
1
1
1
1
1
1
1
1
1
1
1
1
1
1
1
1.28165
1.25549
1.22981
1.20088
1.16601
1.13847
1.117
1.08592
1.05483
1.03955
1.01873
0.998173
0.99004
0.978092
0.955758
0.939028
0.924271
0.912473
0.916533
0.931931
0.971964
1.00909
1.02726
1.02845
1.02735
1.02524
1.02336
1.02125
1.01857
1.01513
1.0111
1.00724
1.00401
1.00104
0.998633
0.996965
0.996324
0.996892
0.999788
1.00259
1.00364
1.00434
1.00452
1.00388
1.00366
1.00402
1.00463
1.0058
1.00696
1.00723
1.00713
1.00606
1.00414
1.00313
1.00306
1.00314
1.00332
1.00372
1.00463
1.00624
1.00741
1.0076
1.00764
1.00761
1.00731
1.00623
1.00367
1.00086
1.00004
1
1
1
1
1
1
1
1
1
1
1
1
1
1
1
1
1
1
1
1
1
1
1
1
1
1
1
1.28348
1.25863
1.23405
1.2087
1.17775
1.14861
1.12885
1.10457
1.07456
1.05905
1.0435
1.02172
1.01046
1.00017
0.980132
0.957024
0.943945
0.929462
0.919638
0.924656
0.943044
0.976591
1.00449
1.01667
1.01925
1.01877
1.01706
1.01451
1.01121
1.00767
1.00472
1.00282
1.00107
0.9993
0.998169
0.997463
0.997482
0.999117
1.0022
1.00359
1.00421
1.00446
1.00407
1.00355
1.00363
1.00409
1.00496
1.00657
1.00753
1.00767
1.00719
1.00543
1.00365
1.00326
1.00331
1.00342
1.00368
1.00429
1.00562
1.00726
1.00786
1.00794
1.00797
1.00785
1.00729
1.00559
1.00246
1.00032
1.00001
1
1
1
1
1
1
1
1
1
1
1
1
1
1
1
1
1
1
1
1
1
1
1
1
1
1
1
1.28268
1.25967
1.23638
1.2138
1.18736
1.15955
1.14077
1.12211
1.09577
1.07792
1.06554
1.04527
1.02682
1.01588
0.998212
0.976203
0.962532
0.951886
0.936141
0.930982
0.939157
0.95397
0.977126
0.997997
1.00863
1.0118
1.01173
1.00991
1.00611
1.00235
1.00048
0.999859
0.998654
0.997658
0.997303
0.997236
0.99794
1.00067
1.00288
1.00347
1.00384
1.00378
1.0031
1.00311
1.00362
1.00434
1.00594
1.0079
1.00851
1.00854
1.00728
1.00469
1.00336
1.00333
1.00349
1.00374
1.00423
1.00524
1.00689
1.00802
1.00821
1.00827
1.00828
1.00807
1.00705
1.00448
1.00123
1.00007
1
1
1
1
1
1
1
1
1
1
1
1
1
1
1
1
1
1
1
1
1
1
1
1
1
1
1
1
1.28046
1.26005
1.2384
1.21825
1.19633
1.17197
1.15348
1.13813
1.11619
1.0947
1.08188
1.06433
1.04189
1.0278
1.01275
0.992379
0.980857
0.971954
0.958604
0.944722
0.94076
0.9458
0.959267
0.978028
0.993957
1.003
1.00527
1.00469
1.00232
0.999294
0.998291
0.99778
0.996476
0.996196
0.996294
0.996805
0.998581
1.00178
1.00314
1.00353
1.00379
1.00359
1.00287
1.00298
1.00364
1.00511
1.00768
1.00903
1.00934
1.00887
1.00654
1.0041
1.0035
1.00344
1.00359
1.00403
1.005
1.0067
1.00823
1.00861
1.00867
1.00868
1.00856
1.00802
1.00628
1.00285
1.00038
1.00001
1
1
1
1
1
1
1
1
1
1
1
1
1
1
1
1
1
1
1
1
1
1
1
1
1
1
1
1
1.27927
1.26084
1.24102
1.22286
1.20484
1.18369
1.16509
1.1506
1.13207
1.10858
1.09265
1.0776
1.05586
1.03911
1.02727
1.01011
0.997276
0.989568
0.977453
0.962404
0.949184
0.949745
0.955231
0.967535
0.981606
0.992657
0.997399
0.998581
0.998158
0.997251
0.997257
0.996717
0.995401
0.995266
0.99555
0.996714
0.999526
1.00262
1.00341
1.0037
1.00377
1.00352
1.00361
1.00419
1.00545
1.00792
1.00992
1.01031
1.00993
1.00782
1.0047
1.00366
1.00375
1.00387
1.00418
1.00498
1.00648
1.00827
1.00904
1.00915
1.00922
1.0092
1.0089
1.00769
1.00473
1.00119
1.00006
1
1
1
1
1
1
1
1
1
1
1
1
1
1
1
1
1
1
1
1
1
1
1
1
1
1
1
1
1
1.27852
1.26231
1.24459
1.22766
1.21169
1.19302
1.17395
1.1587
1.14183
1.12005
1.10163
1.08709
1.06845
1.05152
1.04147
1.02734
1.01259
1.00427
0.993634
0.977945
0.963891
0.956316
0.957685
0.964777
0.974859
0.9845
0.990702
0.993308
0.994952
0.996372
0.997185
0.99669
0.995763
0.995538
0.995871
0.997386
1.00089
1.00329
1.00385
1.00402
1.0038
1.00394
1.00458
1.00584
1.00813
1.01034
1.01103
1.01103
1.00965
1.00607
1.00352
1.00327
1.00353
1.00408
1.00516
1.0068
1.00859
1.00948
1.00961
1.00967
1.0097
1.00962
1.00886
1.00652
1.00251
1.00024
1
1
1
1
1
1
1
1
1
1
1
1
1
1
1
1
1
1
1
1
1
1
1
1
1
1
1
1
1
1
1.27805
1.26397
1.24826
1.23205
1.21654
1.19901
1.18009
1.16481
1.14869
1.1282
1.11069
1.09718
1.08109
1.06482
1.05428
1.04269
1.02741
1.01661
1.00664
0.992045
0.978718
0.971974
0.967
0.968377
0.972651
0.978748
0.984722
0.989156
0.992466
0.995434
0.997069
0.996901
0.996701
0.996877
0.997733
1.00032
1.00408
1.0054
1.00591
1.006
1.00604
1.00674
1.00771
1.00919
1.01047
1.01088
1.01097
1.01026
1.00786
1.00482
1.00359
1.00364
1.004
1.00497
1.00671
1.00875
1.01003
1.01032
1.01041
1.01046
1.01041
1.00987
1.00803
1.00405
1.00066
1.00001
1
1
1
1
1
1
1
1
1
1
1
1
1
1
1
1
1
1
1
1
1
1
1
1
1
1
1
1
1
1
1.27835
1.26515
1.25044
1.23488
1.21995
1.20363
1.18517
1.16986
1.15517
1.13642
1.11973
1.10778
1.09358
1.0787
1.06616
1.05439
1.04058
1.02764
1.01802
1.00656
0.994091
0.98644
0.980968
0.975942
0.973619
0.97626
0.981028
0.986098
0.990903
0.994936
0.996914
0.997399
0.997744
0.998494
1.00068
1.00497
1.00794
1.00878
1.00931
1.00931
1.00892
1.00943
1.0101
1.01084
1.0112
1.01133
1.01093
1.009
1.00572
1.00423
1.0044
1.00479
1.00572
1.00745
1.00913
1.01019
1.0108
1.01107
1.01123
1.01131
1.01107
1.00948
1.00559
1.00128
1.00005
1
1
1
1
1
1
1
1
1
1
1
1
1
1
1
1
1
1
1
1
1
1
1
1
1
1
1
1
1
1
1
1.27999
1.26606
1.25161
1.23641
1.22201
1.20722
1.19032
1.17543
1.16204
1.14554
1.12991
1.11845
1.10498
1.0902
1.07761
1.06426
1.05149
1.03959
1.02903
1.01965
1.00913
1.00045
0.99393
0.986021
0.978597
0.978996
0.982921
0.987871
0.992119
0.995566
0.997652
0.998919
0.999967
1.00171
1.00548
1.00983
1.01136
1.01204
1.01206
1.01037
1.01006
1.01035
1.01071
1.01102
1.01121
1.01127
1.0105
1.00805
1.00527
1.0043
1.00447
1.00517
1.00707
1.00953
1.01093
1.0116
1.0121
1.01239
1.0125
1.01229
1.01077
1.00695
1.00197
1.00011
1
1
1
1
1
1
1
1
1
1
1
1
1
1
1
1
1
1
1
1
1
1
1
1
1
1
1
1
1
1
1
1
1.28237
1.26865
1.25384
1.23859
1.22409
1.21013
1.195
1.18112
1.16918
1.15497
1.13957
1.1278
1.1154
1.09967
1.08649
1.075
1.06203
1.05046
1.04107
1.03269
1.02387
1.01284
1.00471
0.996959
0.988682
0.987565
0.989558
0.991723
0.993957
0.996496
0.998856
1.00074
1.00258
1.00561
1.01004
1.01235
1.01323
1.01362
1.01165
1.00945
1.00943
1.00986
1.01024
1.01057
1.01075
1.01051
1.00914
1.00705
1.00587
1.00608
1.00659
1.00751
1.00889
1.01045
1.01191
1.01311
1.0138
1.01404
1.01391
1.01222
1.00807
1.00251
1.00017
1
1
1
1
1
1
1
1
1
1
1
1
1
1
1
1
1
1
1
1
1
1
1
1
1
1
1
1
1
1
1
1
1
1.28073
1.26931
1.25758
1.24306
1.22798
1.21395
1.19982
1.18666
1.17522
1.16278
1.14825
1.13519
1.12326
1.10903
1.09505
1.08414
1.07322
1.06285
1.05358
1.04389
1.03509
1.02572
1.01644
1.00838
1.00106
0.998158
0.999334
0.999749
0.999914
1.00071
1.0024
1.00409
1.00639
1.01026
1.0133
1.01429
1.01482
1.01336
1.01034
1.00934
1.00972
1.01017
1.01058
1.01091
1.01106
1.01035
1.00811
1.00622
1.00644
1.00729
1.0085
1.00978
1.01123
1.01293
1.01476
1.01581
1.01614
1.01582
1.01361
1.00884
1.00276
1.0002
1
1
1
1
1
1
1
1
1
1
1
1
1
1
1
1
1
1
1
1
1
1
1
1
1
1
1
1
1
1
1
1
1
1
1.2662
1.26615
1.25692
1.24773
1.23456
1.22033
1.20597
1.19261
1.18078
1.16873
1.1551
1.14173
1.13014
1.11732
1.104
1.09433
1.08471
1.07372
1.06455
1.05598
1.04643
1.03627
1.02714
1.02135
1.01668
1.01235
1.00982
1.00804
1.00593
1.00641
1.00797
1.00991
1.01239
1.01473
1.01552
1.01586
1.01465
1.01079
1.00919
1.00971
1.01036
1.01106
1.01157
1.01192
1.01201
1.01101
1.00871
1.00765
1.00784
1.00822
1.00905
1.01107
1.01411
1.01701
1.01849
1.01885
1.01786
1.01481
1.00911
1.00263
1.00018
1
1
1
1
1
1
1
1
1
1
1
1
1
1
1
1
1
1
1
1
1
1
1
1
1
1
1
1
1
1
1
1
1
1
1
1.19194
1.24645
1.25391
1.24717
1.23922
1.22887
1.21485
1.20065
1.18753
1.17473
1.1618
1.1484
1.13678
1.12602
1.11382
1.10362
1.09545
1.08538
1.07485
1.0657
1.05683
1.04847
1.04078
1.03431
1.02981
1.02545
1.02187
1.01911
1.0157
1.01361
1.01404
1.01548
1.01763
1.01858
1.01888
1.01762
1.01395
1.01001
1.00905
1.00945
1.01049
1.01203
1.01273
1.01321
1.01317
1.01173
1.01007
1.00998
1.01033
1.0111
1.01312
1.01675
1.02028
1.02171
1.02163
1.01962
1.01559
1.00871
1.00216
1.00012
1
1
1
1
1
1
1
1
1
1
1
1
1
1
1
1
1
1
1
1
1
1
1
1
1
1
1
1
1
1
1
1
1
1
1
1
1.06421
1.16199
1.22359
1.23834
1.23817
1.23013
1.22167
1.21119
1.19763
1.1835
1.17003
1.15695
1.14533
1.13516
1.12419
1.11358
1.10507
1.09556
1.08496
1.07641
1.06792
1.05984
1.05373
1.04845
1.04362
1.03842
1.03272
1.02862
1.02542
1.0231
1.02257
1.0226
1.0222
1.02111
1.01922
1.01623
1.01227
1.01001
1.01029
1.01117
1.01282
1.01404
1.01444
1.01451
1.01345
1.0115
1.0111
1.01175
1.01337
1.01668
1.02112
1.02424
1.02493
1.02392
1.02096
1.01561
1.00754
1.00147
1.00006
1
1
1
1
1
1
1
1
1
1
1
1
1
1
1
1
1
1
1
1
1
1
1
1
1
1
1
1
1
1
1
1
1
1
1
1
1
1.0052
1.04309
1.12541
1.19392
1.22357
1.22575
1.2205
1.21393
1.20532
1.19526
1.18256
1.16908
1.157
1.14626
1.13558
1.1246
1.11511
1.10583
1.09543
1.08695
1.07987
1.0726
1.06652
1.06099
1.0553
1.04997
1.04448
1.03939
1.0352
1.03181
1.02985
1.0286
1.02697
1.02461
1.02131
1.01684
1.01256
1.01198
1.01314
1.0157
1.01789
1.01848
1.01862
1.01768
1.01563
1.01517
1.01603
1.01809
1.02193
1.02616
1.02795
1.02755
1.02543
1.02151
1.01441
1.00567
1.0008
1.00002
1
1
1
1
1
1
1
1
1
1
1
1
1
1
1
1
1
1
1
1
1
1
1
1
1
1
1
1
1
1
1
1
1
1
1
1
1
1
1.00008
1.00253
1.02382
1.08546
1.15523
1.19864
1.21257
1.21099
1.20498
1.19891
1.19091
1.18243
1.1719
1.1601
1.14891
1.13773
1.12718
1.11772
1.1078
1.0992
1.09227
1.08524
1.07882
1.07305
1.06666
1.0602
1.05474
1.04968
1.04527
1.04127
1.03771
1.03478
1.03197
1.02847
1.02382
1.01896
1.01747
1.01795
1.01956
1.02223
1.02342
1.02391
1.02398
1.02281
1.02258
1.0238
1.02607
1.0288
1.03019
1.03002
1.02857
1.02601
1.02068
1.01186
1.0035
1.00032
1.00001
1
1
1
1
1
1
1
1
1
1
1
1
1
1
1
1
1
1
1
1
1
1
1
1
1
1
1
1
1
1
1
1
1
1
1
1
1
1
1
1
1.00002
1.00089
1.01024
1.04702
1.10937
1.16184
1.19017
1.19879
1.1964
1.19084
1.18537
1.17836
1.17086
1.16258
1.15223
1.14151
1.13245
1.12302
1.11392
1.10629
1.09881
1.09148
1.08478
1.07812
1.07142
1.06557
1.06006
1.05477
1.05032
1.04659
1.04311
1.03921
1.0339
1.02831
1.02638
1.0269
1.02872
1.03116
1.03241
1.03275
1.03285
1.03185
1.03082
1.03144
1.03257
1.03322
1.0329
1.03169
1.0296
1.02543
1.01784
1.00816
1.00165
1.00009
1
1
1
1
1
1
1
1
1
1
1
1
1
1
1
1
1
1
1
1
1
1
1
1
1
1
1
1
1
1
1
1
1
1
1
1
1
1
1
1
1
1
1
1.00001
1.00022
1.00315
1.01963
1.06062
1.1133
1.15387
1.17624
1.18398
1.18212
1.17727
1.1724
1.16627
1.15886
1.15168
1.14476
1.13699
1.12885
1.12132
1.11351
1.10538
1.09787
1.09087
1.08427
1.07809
1.07217
1.06625
1.06116
1.05734
1.05362
1.04875
1.04312
1.04073
1.0409
1.04208
1.04429
1.04587
1.04605
1.04519
1.04281
1.03968
1.03708
1.03516
1.03377
1.03266
1.03123
1.02829
1.0223
1.01305
1.0043
1.00054
1.00002
1
1
1
1
1
1
1
1
1
1
1
1
1
1
1
1
1
1
1
1
1
1
1
1
1
1
1
1
1
1
1
1
1
1
1
1
1
1
1
1
1
1
1
1
1
1
1.00003
1.00065
1.00546
1.02388
1.06066
1.10377
1.13751
1.15743
1.1659
1.16654
1.16342
1.15868
1.15379
1.14761
1.14092
1.13471
1.12869
1.12238
1.11584
1.10951
1.10332
1.09702
1.09098
1.08544
1.08026
1.07536
1.07076
1.06599
1.06088
1.05832
1.05818
1.05805
1.05723
1.05557
1.05356
1.05112
1.04801
1.04452
1.0411
1.03833
1.03609
1.03366
1.0302
1.0247
1.0165
1.0073
1.00157
1.00011
1
1
1
1
1
1
1
1
1
1
1
1
1
1
1
1
1
1
1
1
1
1
1
1
1
1
1
1
1
1
1
1
1
1
1
1
1
1
1
1
1
1
1
1
1
1
1
1
1
1
1.00008
1.00095
1.00587
1.0212
1.04944
1.0833
1.11243
1.13219
1.14346
1.14734
1.14662
1.14406
1.14055
1.13531
1.12928
1.12368
1.11794
1.11229
1.10693
1.10124
1.09576
1.09118
1.08701
1.08267
1.07828
1.07386
1.0697
1.06689
1.06512
1.06322
1.06087
1.05781
1.05397
1.04975
1.04531
1.04108
1.03734
1.03393
1.03013
1.02486
1.0175
1.00908
1.00273
1.00035
1.00001
1
1
1
1
1
1
1
1
1
1
1
1
1
1
1
1
1
1
1
1
1
1
1
1
1
1
1
1
1
1
1
1
1
1
1
1
1
1
1
1
1
1
1
1
1
1
1
1
1
1
1
1
1.00001
1.00009
1.00079
1.00409
1.01367
1.03177
1.05586
1.08004
1.09958
1.11308
1.12082
1.12402
1.12404
1.12215
1.11873
1.11456
1.10977
1.10491
1.10026
1.09582
1.09131
1.08649
1.08192
1.07801
1.07458
1.07121
1.06788
1.06462
1.06142
1.0582
1.0547
1.05035
1.04505
1.03933
1.03366
1.02814
1.02228
1.01562
1.00864
1.00314
1.00058
1.00004
1
1
1
1
1
1
1
1
1
1
1
1
1
1
1
1
1
1
1
1
1
1
1
1
1
1
1
1
1
1
1
1
1
1
1
1
1
1
1
1
1
1
1
1
1
1
1
1
1
1
1
1
1
1
1
1
1
1.00005
1.00038
1.00183
1.00609
1.01487
1.02836
1.04449
1.06025
1.07355
1.08339
1.08995
1.09365
1.09529
1.09521
1.09411
1.09213
1.08944
1.08653
1.08331
1.07968
1.07559
1.07126
1.06714
1.06329
1.05922
1.05462
1.04923
1.04293
1.03587
1.02871
1.02205
1.01609
1.0107
1.00593
1.00238
1.00056
1.00006
1
1
1
1
1
1
1
1
1
1
1
1
1
1
1
1
1
1
1
1
1
1
1
1
1
1
1
1
1
1
1
1
1
1
1
1
1
1
1
1
1
1
1
1
1
1
1
1
1
1
1
1
1
1
1
1
1
1
1
1
1
1.00001
1.0001
1.0005
1.00175
1.00465
1.00987
1.0176
1.02725
1.03781
1.04816
1.05741
1.06504
1.07073
1.07458
1.07654
1.07674
1.07542
1.07274
1.06894
1.06426
1.05867
1.05199
1.04431
1.03604
1.02771
1.01995
1.01343
1.00846
1.00493
1.00254
1.00104
1.00028
1.00004
1
1
1
1
1
1
1
1
1
1
1
1
1
1
1
1
1
1
1
1
1
1
1
1
1
1
1
1
1
1
1
1
1
1
1
1
1
1
1
1
1
1
1
1
1
1
1
1
1
1
1
)
;

boundaryField
{
    inlet
    {
        type            fixedValue;
        value           uniform 1;
    }
    outlet
    {
        type            inletOutlet;
        inletValue      uniform 1;
        value           uniform 1;
    }
    bottom
    {
        type            symmetryPlane;
    }
    top
    {
        type            symmetryPlane;
    }
    obstacle
    {
        type            zeroGradient;
    }
    defaultFaces
    {
        type            empty;
    }
}


// ************************************************************************* //
