/*--------------------------------*- C++ -*----------------------------------*\
  =========                 |
  \\      /  F ield         | OpenFOAM: The Open Source CFD Toolbox
   \\    /   O peration     | Website:  https://openfoam.org
    \\  /    A nd           | Version:  7
     \\/     M anipulation  |
\*---------------------------------------------------------------------------*/
FoamFile
{
    version     2.0;
    format      ascii;
    class       volScalarField;
    location    "2.9";
    object      p;
}
// * * * * * * * * * * * * * * * * * * * * * * * * * * * * * * * * * * * * * //

dimensions      [1 -1 -2 0 0 0 0];

internalField   nonuniform List<scalar> 
4608
(
3.79773
2.84779
2.75761
2.76986
2.77639
2.78404
2.79122
2.79858
2.80693
2.81574
2.82499
2.83245
2.83975
2.84703
2.85781
2.86771
2.87639
2.88363
2.89101
2.90022
2.91058
2.91969
2.92408
2.92578
2.9286
2.93553
2.94734
2.95971
2.96798
2.97242
2.97563
2.97896
2.98629
2.99857
3.0089
3.01341
3.01479
3.01645
3.02178
3.03475
3.05922
3.08786
3.10715
3.11425
3.11454
3.11481
3.12232
3.14406
3.17762
3.20891
3.22865
3.23983
3.25094
3.26685
3.28805
3.31903
3.35925
3.39622
3.41823
3.42648
3.42821
3.43107
3.43915
3.45299
3.47158
3.49362
3.51617
3.53437
3.54557
3.54987
3.5529
3.56056
3.57385
3.58985
3.60522
3.6186
3.63158
3.64833
3.66965
3.69181
3.70981
3.72115
3.72566
3.72482
3.7218
3.71768
3.71215
3.70731
3.70719
3.71705
3.73792
3.76395
3.78464
3.79262
3.7896
3.78495
3.79326
2.84638
2.75702
2.76957
2.77643
2.78434
2.79164
2.79908
2.80738
2.81611
2.82529
2.83274
2.84004
2.84721
2.85787
2.8676
2.87625
2.88347
2.89077
2.89986
2.91022
2.9193
2.92349
2.92524
2.92829
2.93525
2.94687
2.95928
2.96757
2.97212
2.97561
2.97924
2.98657
2.99876
3.00917
3.01379
3.01536
3.01715
3.02238
3.0353
3.05978
3.0883
3.10762
3.11496
3.11552
3.11605
3.12381
3.14559
3.17886
3.20989
3.22986
3.24198
3.25423
3.27032
3.29118
3.32103
3.35945
3.39575
3.41934
3.42905
3.43227
3.43669
3.44534
3.45707
3.47204
3.4908
3.5124
3.5326
3.54658
3.55319
3.55636
3.56136
3.5713
3.58586
3.60243
3.61878
3.63419
3.65089
3.66987
3.68925
3.70613
3.71862
3.72518
3.72551
3.72227
3.7173
3.71148
3.70713
3.70754
3.71714
3.73712
3.76214
3.78239
3.79102
3.78897
3.78477
3.78496
2.84454
2.75639
2.76928
2.77656
2.78474
2.79211
2.79958
2.80775
2.81636
2.82546
2.83291
2.84018
2.84725
2.85773
2.86713
2.87578
2.88297
2.89024
2.89925
2.90949
2.91845
2.92238
2.92431
2.9276
2.93458
2.94604
2.95849
2.96683
2.97157
2.97543
2.97932
2.98653
2.99861
3.00931
3.01435
3.01636
3.01844
3.02357
3.03636
3.06059
3.08865
3.10794
3.11571
3.11685
3.11801
3.12631
3.14823
3.181
3.21156
3.2317
3.24493
3.25894
3.27584
3.29673
3.32509
3.36044
3.39337
3.41449
3.42473
3.43192
3.44217
3.45333
3.46363
3.47442
3.48824
3.50629
3.52607
3.54314
3.55483
3.56068
3.56342
3.56879
3.58033
3.59746
3.6173
3.63659
3.65403
3.67057
3.6861
3.70087
3.71455
3.72377
3.72617
3.72289
3.7167
3.71023
3.70659
3.7078
3.71734
3.73629
3.75949
3.77869
3.78823
3.78798
3.78496
3.77268
2.84196
2.75565
2.76897
2.77672
2.78518
2.79262
2.8001
2.80813
2.81662
2.82554
2.83297
2.84019
2.8472
2.85742
2.86641
2.8751
2.88227
2.88957
2.89851
2.9085
2.91721
2.92076
2.92302
2.92653
2.93351
2.94482
2.95727
2.96584
2.97102
2.97533
2.97936
2.98627
2.99811
3.00917
3.01494
3.01776
3.02047
3.02578
3.03852
3.06222
3.08946
3.10845
3.11679
3.11899
3.12136
3.13068
3.15292
3.18505
3.21473
3.23465
3.24877
3.26449
3.28232
3.30347
3.33073
3.36339
3.39282
3.41184
3.42316
3.43495
3.44894
3.46135
3.46963
3.47564
3.48532
3.50106
3.52144
3.54204
3.55739
3.56356
3.56329
3.56426
3.57343
3.59243
3.61663
3.63968
3.65699
3.67012
3.68107
3.6936
3.70918
3.72203
3.72668
3.72308
3.71537
3.70829
3.70562
3.70798
3.71752
3.73495
3.75561
3.77361
3.78433
3.78628
3.78463
3.75643
2.83877
2.75496
2.76864
2.77681
2.78545
2.79293
2.80039
2.80824
2.81663
2.82534
2.83274
2.83995
2.84697
2.85681
2.86553
2.87434
2.88158
2.88894
2.89772
2.90726
2.91552
2.91879
2.92161
2.92522
2.93206
2.94309
2.9555
2.96458
2.97043
2.97518
2.97924
2.98577
2.99729
3.00874
3.01542
3.01939
3.02309
3.02899
3.04189
3.06491
3.09104
3.10938
3.11816
3.12169
3.12587
3.13694
3.16002
3.19162
3.22009
3.23919
3.25347
3.27031
3.28899
3.31056
3.33727
3.36808
3.39482
3.41199
3.42329
3.43713
3.45254
3.46572
3.47328
3.47686
3.48405
3.49876
3.51969
3.54206
3.55833
3.56398
3.56133
3.55942
3.56756
3.58919
3.61693
3.64191
3.65837
3.66832
3.67511
3.68556
3.70308
3.7194
3.72626
3.72231
3.7131
3.70571
3.70411
3.70767
3.71741
3.73299
3.75081
3.76761
3.77945
3.78368
3.78351
3.7363
2.83508
2.75439
2.7683
2.77669
2.78538
2.79281
2.80023
2.80786
2.81622
2.82477
2.8322
2.83945
2.84659
2.85596
2.86466
2.87376
2.88114
2.88851
2.89696
2.90579
2.91336
2.91668
2.92021
2.92376
2.9303
2.94095
2.95336
2.96313
2.96977
2.97488
2.97896
2.98511
2.99632
3.00817
3.01597
3.02128
3.02612
3.03291
3.04625
3.06874
3.09375
3.11136
3.12034
3.12516
3.13149
3.14488
3.16931
3.20067
3.22785
3.24572
3.25948
3.27657
3.29554
3.31728
3.34388
3.37392
3.39935
3.41524
3.42585
3.43837
3.45269
3.46552
3.47349
3.47761
3.48481
3.49937
3.52048
3.54263
3.55745
3.56149
3.55695
3.55434
3.56398
3.58781
3.6169
3.64198
3.6571
3.66442
3.66879
3.67834
3.69733
3.71572
3.72412
3.71988
3.7098
3.70254
3.70205
3.70662
3.71647
3.73015
3.74547
3.76128
3.77387
3.78002
3.78113
3.71234
2.83095
2.75397
2.7679
2.77621
2.78477
2.7921
2.79948
2.80698
2.81537
2.8239
2.8314
2.83864
2.84602
2.85493
2.86398
2.87349
2.88097
2.88819
2.89612
2.90411
2.91101
2.91468
2.91879
2.92213
2.92827
2.93856
2.95102
2.96147
2.96876
2.97409
2.97813
2.98415
2.99529
3.00783
3.01689
3.02354
3.02944
3.03713
3.05111
3.07346
3.0978
3.11502
3.12416
3.12996
3.13832
3.1541
3.18003
3.21146
3.23759
3.25413
3.26697
3.28364
3.30237
3.32394
3.3505
3.38035
3.40553
3.42047
3.42892
3.43811
3.45008
3.46207
3.47114
3.47729
3.4862
3.5017
3.52251
3.54255
3.55481
3.55691
3.55211
3.55141
3.56341
3.58737
3.61486
3.63809
3.65203
3.65866
3.66305
3.6732
3.69256
3.71104
3.71973
3.71538
3.70536
3.6987
3.6992
3.70454
3.71416
3.7263
3.74004
3.75521
3.76802
3.77529
3.77697
3.68458
2.82639
2.75365
2.76733
2.7753
2.78357
2.79079
2.79824
2.8057
2.81416
2.82275
2.83044
2.83746
2.84535
2.85393
2.86358
2.87339
2.88084
2.88774
2.89502
2.9024
2.90866
2.91279
2.91717
2.92026
2.92602
2.93613
2.9487
2.95962
2.96734
2.97269
2.97661
2.98281
2.99428
3.00788
3.0184
3.02625
3.03298
3.04138
3.05601
3.07869
3.10318
3.12086
3.1306
3.13719
3.14698
3.16441
3.19136
3.22285
3.24827
3.26381
3.27586
3.29173
3.3098
3.33074
3.35697
3.38668
3.41181
3.42565
3.43118
3.43685
3.44626
3.45744
3.46792
3.47695
3.48788
3.50437
3.52356
3.54095
3.55089
3.55209
3.54882
3.55144
3.56505
3.58705
3.61111
3.6314
3.64411
3.65163
3.65826
3.67016
3.68856
3.70529
3.71306
3.7089
3.70002
3.69433
3.69523
3.70082
3.71008
3.72147
3.73492
3.74993
3.76226
3.76934
3.77038
3.65298
2.82134
2.75329
2.76651
2.77396
2.78188
2.78908
2.7967
2.80419
2.8127
2.82142
2.82936
2.83622
2.84466
2.85296
2.86323
2.87305
2.88037
2.88693
2.89362
2.90053
2.90633
2.91094
2.91532
2.9182
2.92372
2.93373
2.94643
2.9576
2.96554
2.97072
2.97454
2.98113
2.99333
3.00829
3.02041
3.02936
3.03675
3.04567
3.06092
3.08431
3.10984
3.12907
3.1403
3.14794
3.15836
3.1761
3.20292
3.23388
3.25879
3.27399
3.28587
3.30098
3.31819
3.338
3.36322
3.39221
3.41666
3.42918
3.43237
3.4352
3.44276
3.45359
3.46531
3.47651
3.48903
3.50548
3.52254
3.53684
3.5452
3.54721
3.54741
3.55379
3.56779
3.58614
3.60511
3.6216
3.63425
3.64448
3.65474
3.66832
3.68467
3.69849
3.70458
3.7011
3.69418
3.68945
3.68974
3.69478
3.70392
3.71568
3.73046
3.74592
3.7569
3.76216
3.7611
3.61741
2.8157
2.75269
2.76539
2.77229
2.77993
2.78728
2.79508
2.80264
2.81118
2.82
2.82814
2.83519
2.8438
2.85191
2.8627
2.87226
2.87942
2.88567
2.89184
2.89827
2.90378
2.90898
2.91338
2.91618
2.92151
2.93131
2.94408
2.95541
2.96337
2.96831
2.97226
2.97927
2.99243
3.00897
3.02269
3.03272
3.04076
3.05025
3.06617
3.09057
3.11788
3.13963
3.15323
3.16242
3.1729
3.18966
3.21487
3.24423
3.26837
3.284
3.29646
3.31139
3.32746
3.34556
3.36883
3.39609
3.41911
3.43063
3.43301
3.43438
3.441
3.45161
3.46388
3.47583
3.48881
3.5044
3.51926
3.53085
3.5382
3.54217
3.5468
3.55622
3.56953
3.58422
3.59822
3.61125
3.62416
3.63738
3.65125
3.66608
3.68028
3.69091
3.69532
3.69324
3.68809
3.68381
3.68269
3.68629
3.69572
3.70905
3.72674
3.74319
3.75193
3.75371
3.74917
3.57772
2.80938
2.75173
2.76397
2.77051
2.77798
2.78566
2.79354
2.80127
2.80973
2.81857
2.82684
2.83445
2.84244
2.85078
2.86198
2.87125
2.87817
2.88389
2.88935
2.89525
2.90079
2.90695
2.9114
2.91434
2.91942
2.92882
2.94151
2.95301
2.96096
2.96566
2.96996
2.97758
2.99173
3.00979
3.0251
3.03628
3.04519
3.0555
3.07224
3.09795
3.12756
3.15237
3.16878
3.17979
3.19012
3.20506
3.22742
3.25418
3.2771
3.29346
3.30701
3.32242
3.33704
3.35286
3.3732
3.39781
3.41917
3.43029
3.43338
3.43527
3.44171
3.45135
3.46252
3.47364
3.48629
3.50132
3.51491
3.52486
3.53118
3.5363
3.54405
3.55539
3.56832
3.58045
3.59126
3.6023
3.61534
3.63018
3.64617
3.6617
3.67439
3.68287
3.68672
3.68628
3.68218
3.6773
3.67397
3.67545
3.68546
3.70166
3.72331
3.741
3.74698
3.74425
3.73543
3.53377
2.8023
2.7503
2.76231
2.76877
2.77624
2.78439
2.79217
2.80002
2.80847
2.81738
2.82542
2.83365
2.84061
2.84968
2.86127
2.87018
2.87676
2.88156
2.88592
2.89132
2.89746
2.9048
2.90947
2.91281
2.91759
2.92634
2.93878
2.95042
2.95838
2.96299
2.96784
2.97627
2.9914
3.01085
3.02777
3.04035
3.05049
3.06189
3.07963
3.10689
3.13909
3.16701
3.18609
3.19874
3.20876
3.22145
3.24037
3.26417
3.28561
3.30261
3.31755
3.33308
3.34624
3.3594
3.37604
3.39721
3.41684
3.42848
3.43354
3.43776
3.4446
3.45242
3.46058
3.46924
3.48137
3.49664
3.51058
3.52033
3.52552
3.52974
3.53762
3.54992
3.56349
3.57537
3.58535
3.59575
3.60861
3.62309
3.63877
3.65391
3.66617
3.67478
3.67961
3.68054
3.67657
3.66986
3.66354
3.6629
3.674
3.69363
3.71921
3.73799
3.74123
3.73398
3.72126
3.48545
2.79448
2.74849
2.76057
2.76722
2.77482
2.78352
2.79113
2.79892
2.80741
2.81634
2.82412
2.8325
2.83885
2.84884
2.86058
2.86902
2.87499
2.87885
2.88162
2.88671
2.89421
2.90243
2.90763
2.91131
2.91593
2.92399
2.93606
2.94778
2.95577
2.9607
2.96613
2.97536
2.99142
3.01229
3.0311
3.04559
3.05736
3.06997
3.08875
3.11769
3.15258
3.18334
3.20443
3.21795
3.22734
3.23761
3.25322
3.27439
3.2945
3.31182
3.3282
3.34289
3.35457
3.36501
3.37765
3.39488
3.41245
3.42503
3.4331
3.44077
3.44831
3.45401
3.45837
3.46382
3.47485
3.49089
3.50651
3.517
3.52094
3.52233
3.52776
3.54038
3.55591
3.56967
3.58053
3.59082
3.60297
3.61561
3.62895
3.64281
3.65574
3.66657
3.67377
3.67572
3.67059
3.6614
3.65201
3.64965
3.66209
3.68489
3.71348
3.73298
3.73407
3.72318
3.70783
3.43269
2.78608
2.74645
2.75882
2.76583
2.77386
2.78284
2.79055
2.79803
2.80636
2.81526
2.82348
2.83094
2.83742
2.84833
2.85985
2.86769
2.87255
2.87542
2.87705
2.88218
2.89118
2.89982
2.90563
2.90955
2.91414
2.92158
2.9333
2.9453
2.95344
2.95908
2.9651
2.97488
2.9918
3.01432
3.03566
3.05279
3.06655
3.08036
3.10007
3.13066
3.16815
3.20114
3.22315
3.2364
3.24469
3.25258
3.26543
3.2846
3.30383
3.32131
3.33858
3.35218
3.36208
3.36996
3.37893
3.39217
3.40756
3.42061
3.43162
3.4426
3.45129
3.45525
3.45563
3.45766
3.46725
3.48438
3.50252
3.51397
3.51624
3.51369
3.51534
3.5291
3.54796
3.56454
3.57658
3.58661
3.59701
3.60646
3.61631
3.62916
3.64421
3.65851
3.66832
3.67052
3.66353
3.65187
3.63994
3.63669
3.65045
3.67542
3.70548
3.72509
3.72488
3.71182
3.69562
3.37547
2.7773
2.7444
2.75705
2.76453
2.77344
2.78225
2.78995
2.79721
2.80573
2.81442
2.823
2.82894
2.83659
2.84831
2.8588
2.86568
2.86907
2.87118
2.87276
2.87852
2.8884
2.89711
2.90327
2.90722
2.91175
2.91874
2.93024
2.94291
2.95163
2.95821
2.96493
2.97516
2.99287
3.01746
3.04221
3.06255
3.07828
3.09321
3.11392
3.14622
3.18592
3.22002
3.24153
3.25327
3.25992
3.2654
3.27612
3.29413
3.31321
3.33101
3.34825
3.36089
3.36914
3.37455
3.38086
3.39027
3.4038
3.41661
3.4295
3.44298
3.45224
3.45479
3.45248
3.45142
3.45988
3.47734
3.49728
3.50957
3.50979
3.50382
3.50298
3.51897
3.54094
3.55959
3.57257
3.58208
3.58926
3.59527
3.60174
3.61462
3.63277
3.65047
3.66192
3.66347
3.65469
3.64126
3.62783
3.6245
3.63914
3.66497
3.69506
3.71431
3.71376
3.70021
3.68478
3.3138
2.76844
2.74254
2.75523
2.76328
2.77315
2.78152
2.78904
2.79665
2.80582
2.81351
2.82152
2.82763
2.83691
2.84829
2.85697
2.86235
2.86476
2.86642
2.86917
2.87569
2.88572
2.89433
2.90042
2.90415
2.90844
2.91519
2.92671
2.94049
2.95024
2.95811
2.96581
2.97664
2.99539
3.02273
3.05134
3.07452
3.09183
3.10818
3.13056
3.16472
3.20571
3.23915
3.25846
3.26761
3.2723
3.2754
3.28459
3.3023
3.32187
3.34019
3.3567
3.36844
3.37564
3.37907
3.38371
3.3899
3.40194
3.41392
3.42705
3.44156
3.45107
3.45269
3.44874
3.44589
3.4536
3.47024
3.48994
3.50247
3.50119
3.49337
3.49366
3.51214
3.53555
3.55445
3.56726
3.57528
3.57899
3.58235
3.58697
3.60129
3.62237
3.64193
3.65341
3.65373
3.64388
3.62967
3.61606
3.61318
3.62785
3.65334
3.68243
3.70105
3.70093
3.68814
3.67431
3.24762
2.75972
2.74096
2.75316
2.76197
2.77241
2.78077
2.7884
2.79655
2.80511
2.81166
2.8198
2.82762
2.83806
2.84723
2.85352
2.85774
2.86027
2.86202
2.86601
2.87306
2.88285
2.89125
2.89707
2.90056
2.90441
2.91102
2.92274
2.93781
2.94901
2.95879
2.96807
2.98003
3.00059
3.03117
3.06305
3.08781
3.10658
3.12522
3.14985
3.18578
3.22661
3.25721
3.2727
3.27868
3.2814
3.28266
3.29103
3.30893
3.32936
3.34806
3.36337
3.37416
3.38083
3.38313
3.38665
3.39088
3.40167
3.41263
3.42502
3.43871
3.4476
3.44868
3.44407
3.44062
3.44724
3.46252
3.48091
3.49223
3.49034
3.48349
3.48779
3.50818
3.53143
3.54906
3.55984
3.56544
3.5665
3.56842
3.57396
3.59051
3.61276
3.63186
3.64196
3.6414
3.63163
3.61754
3.60458
3.60192
3.61551
3.64001
3.66795
3.68625
3.68707
3.67561
3.66335
3.17671
2.75105
2.73984
2.75098
2.76108
2.77137
2.78004
2.78754
2.79546
2.80188
2.8101
2.81913
2.8285
2.83796
2.84413
2.84844
2.85255
2.85634
2.85866
2.86318
2.87022
2.87937
2.88787
2.89358
2.89705
2.90054
2.9068
2.9186
2.93464
2.94784
2.96016
2.97194
2.98622
3.00971
3.04333
3.07668
3.10209
3.12265
3.14435
3.17142
3.20789
3.24683
3.273
3.28384
3.28679
3.28776
3.28793
3.29611
3.31461
3.33612
3.35467
3.36831
3.37793
3.384
3.38553
3.38841
3.39204
3.40186
3.41235
3.42361
3.43557
3.4431
3.44332
3.43861
3.43521
3.43986
3.45297
3.46968
3.47938
3.47834
3.47576
3.48509
3.50588
3.52715
3.54207
3.54962
3.55238
3.55196
3.55515
3.56375
3.58189
3.60297
3.61952
3.62758
3.62722
3.61886
3.60561
3.59321
3.58963
3.60118
3.6247
3.65217
3.67076
3.67245
3.66197
3.65046
3.10168
2.7419
2.73977
2.74962
2.7606
2.76958
2.77716
2.7846
2.79244
2.79875
2.80962
2.81938
2.82814
2.83471
2.83893
2.84338
2.84812
2.85335
2.85636
2.86067
2.86707
2.87524
2.88425
2.89051
2.89438
2.89762
2.90321
2.91495
2.93142
2.94718
2.9626
2.97791
2.99593
3.02281
3.05794
3.09202
3.11793
3.14062
3.16532
3.19423
3.22983
3.26517
3.28608
3.29245
3.29286
3.29247
3.29214
3.30061
3.32019
3.3429
3.36073
3.37232
3.38047
3.38551
3.38604
3.38843
3.39219
3.40179
3.41188
3.4219
3.4321
3.43833
3.43783
3.43319
3.42945
3.43157
3.44159
3.45593
3.46511
3.46695
3.47084
3.48421
3.50338
3.52121
3.53254
3.53636
3.5367
3.5365
3.5437
3.55616
3.57425
3.592
3.60458
3.61079
3.61189
3.60611
3.59398
3.5811
3.57508
3.58409
3.60727
3.63554
3.65517
3.65733
3.64704
3.63521
3.02507
2.73383
2.73993
2.74849
2.75765
2.76566
2.77297
2.78156
2.7883
2.79799
2.80913
2.81802
2.82488
2.8291
2.83313
2.83909
2.84542
2.85098
2.85466
2.85838
2.86325
2.87095
2.8808
2.88807
2.8927
2.89612
2.90095
2.91235
2.9291
2.94805
2.96696
2.98663
3.00878
3.03756
3.07441
3.10943
3.13653
3.16102
3.18738
3.21617
3.24942
3.28055
3.29658
3.29958
3.29774
3.29634
3.2959
3.30512
3.32608
3.34979
3.3666
3.37587
3.38221
3.38584
3.38535
3.38731
3.39126
3.4004
3.40992
3.41872
3.42768
3.43316
3.43264
3.42831
3.42403
3.42366
3.42934
3.44098
3.45047
3.4571
3.46708
3.48254
3.49929
3.51299
3.52057
3.52067
3.51937
3.52174
3.53388
3.54966
3.56609
3.57906
3.58743
3.59292
3.5963
3.59358
3.58245
3.56763
3.55798
3.56474
3.58846
3.61861
3.63934
3.64107
3.6298
3.61657
2.94393
2.72749
2.73666
2.74507
2.75352
2.76184
2.76995
2.77825
2.78606
2.79709
2.80657
2.81396
2.81967
2.82323
2.82855
2.83577
2.84367
2.84897
2.85276
2.85572
2.85918
2.86735
2.87755
2.88608
2.8916
2.89564
2.90017
2.91106
2.92895
2.95145
2.97442
2.99804
3.02295
3.05444
3.0926
3.12918
3.1584
3.18353
3.20861
3.23505
3.26492
3.29218
3.30494
3.30586
3.30214
3.29955
3.29963
3.30993
3.33216
3.35623
3.37189
3.37873
3.38321
3.38541
3.3841
3.38551
3.38915
3.39688
3.40536
3.41322
3.42176
3.42714
3.42728
3.42375
3.41935
3.41655
3.41767
3.42657
3.43687
3.44822
3.46263
3.47898
3.4933
3.50304
3.50702
3.50428
3.50201
3.50799
3.52437
3.54229
3.55628
3.56426
3.56941
3.57531
3.58101
3.58039
3.56933
3.55113
3.53755
3.54343
3.56873
3.60105
3.62254
3.62331
3.61045
3.59549
2.8471
2.71995
2.73455
2.74387
2.75039
2.75801
2.76737
2.77497
2.78465
2.79364
2.80168
2.80883
2.81443
2.81883
2.82548
2.83328
2.84158
2.84674
2.85046
2.85204
2.85592
2.86419
2.87443
2.88397
2.89067
2.89559
2.90039
2.91169
2.9323
2.95824
2.98538
3.01148
3.03923
3.07276
3.11237
3.15128
3.18285
3.20597
3.22761
3.25012
3.27583
3.29993
3.31161
3.31179
3.30637
3.30199
3.30357
3.31521
3.33771
3.36138
3.37594
3.38029
3.38328
3.38439
3.38274
3.38358
3.38607
3.39143
3.39856
3.40577
3.41424
3.41992
3.42124
3.41888
3.41497
3.40993
3.40783
3.41408
3.4253
3.43967
3.45622
3.47266
3.48525
3.49202
3.49311
3.48886
3.48653
3.49482
3.51352
3.5323
3.54389
3.54791
3.55154
3.55864
3.56585
3.56544
3.55349
3.53135
3.51522
3.5222
3.54937
3.58263
3.60346
3.60256
3.58772
3.57128
2.74001
2.72355
2.73329
2.73928
2.74583
2.75527
2.76438
2.77295
2.78113
2.78863
2.79611
2.80413
2.81023
2.81626
2.82322
2.83117
2.83843
2.84355
2.84727
2.8486
2.85315
2.86077
2.87107
2.88134
2.88912
2.89534
2.9017
2.91536
2.9397
2.96924
2.99961
3.02761
3.05757
3.09257
3.13409
3.17548
3.20752
3.22708
3.24347
3.26059
3.28206
3.30429
3.3166
3.31709
3.30969
3.30481
3.30862
3.32044
3.34176
3.36464
3.37802
3.38057
3.3827
3.38361
3.38197
3.38187
3.3826
3.38501
3.39093
3.3979
3.40612
3.41191
3.41412
3.41277
3.40936
3.40329
3.39942
3.404
3.41551
3.43102
3.4479
3.46381
3.47533
3.48071
3.48005
3.47528
3.47323
3.48181
3.50044
3.51896
3.5289
3.53094
3.53476
3.54302
3.55016
3.54781
3.53349
3.50746
3.4914
3.50087
3.52926
3.56153
3.58055
3.57842
3.56237
3.54571
2.63901
2.7189
2.72631
2.73575
2.74371
2.75333
2.762
2.77029
2.77699
2.78398
2.79197
2.80081
2.80772
2.81426
2.82102
2.82813
2.83436
2.84013
2.84329
2.84594
2.85031
2.85664
2.8668
2.87776
2.88687
2.89487
2.90463
2.92275
2.95114
2.98418
3.0164
3.04679
3.07811
3.11444
3.15752
3.20012
3.23098
3.24587
3.25605
3.26758
3.28548
3.30674
3.32001
3.32137
3.3123
3.30908
3.31382
3.32503
3.34464
3.36608
3.37849
3.37984
3.38119
3.3821
3.38056
3.37945
3.37816
3.37818
3.38369
3.39117
3.39909
3.40438
3.40637
3.40509
3.40168
3.39576
3.39183
3.39555
3.40676
3.42198
3.43808
3.45306
3.46415
3.46931
3.46822
3.46341
3.46131
3.46851
3.48518
3.50268
3.51196
3.51409
3.51895
3.52707
3.53239
3.52692
3.50885
3.48097
3.46843
3.48084
3.50905
3.53762
3.5529
3.54936
3.53254
3.51681
2.52218
2.71627
2.72386
2.73359
2.74271
2.7515
2.76002
2.7671
2.77391
2.78113
2.79008
2.79852
2.80601
2.81229
2.81797
2.82389
2.82967
2.83589
2.83981
2.84392
2.84664
2.85191
2.86189
2.87377
2.88481
2.89551
2.90991
2.93359
2.96611
3.00149
3.03683
3.06846
3.10087
3.13793
3.18195
3.22344
3.25192
3.26179
3.26588
3.27282
3.28775
3.30816
3.32194
3.32369
3.31501
3.3142
3.31897
3.32942
3.34652
3.36581
3.37759
3.3786
3.37946
3.37996
3.37776
3.37511
3.37159
3.37093
3.37734
3.38605
3.39377
3.39813
3.39869
3.39652
3.39244
3.38704
3.38396
3.38737
3.39819
3.41278
3.42785
3.44176
3.45273
3.45816
3.4571
3.45204
3.44903
3.45409
3.46824
3.48484
3.49436
3.49759
3.50329
3.50962
3.5118
3.50283
3.48034
3.45321
3.44531
3.45921
3.4851
3.50824
3.51911
3.51514
3.4992
3.48653
2.38524
2.71312
2.72312
2.73297
2.74143
2.74946
2.75749
2.76469
2.77216
2.7803
2.78931
2.79728
2.80418
2.80989
2.81434
2.81883
2.82502
2.83077
2.83665
2.84153
2.843
2.84731
2.85705
2.87048
2.88415
2.89858
2.91862
2.94737
2.98265
3.02269
3.05936
3.09189
3.12482
3.16198
3.20466
3.24364
3.26864
3.27481
3.27445
3.27744
3.28972
3.3086
3.32228
3.32386
3.31802
3.31937
3.32433
3.33344
3.34728
3.3642
3.37558
3.37734
3.37789
3.37727
3.3734
3.36832
3.36292
3.36361
3.37171
3.38179
3.3894
3.39301
3.39156
3.38782
3.38281
3.37772
3.37537
3.37845
3.38875
3.40292
3.41753
3.43098
3.44201
3.4474
3.44598
3.43979
3.43512
3.43835
3.45069
3.46687
3.47686
3.48102
3.48591
3.4892
3.48788
3.47533
3.44941
3.42593
3.42216
3.43675
3.45878
3.47581
3.48068
3.47413
3.45909
3.44939
2.24103
2.70728
2.72338
2.73205
2.74033
2.74692
2.75436
2.76272
2.77128
2.78056
2.78862
2.7963
2.80298
2.80725
2.81066
2.81451
2.82013
2.82572
2.83325
2.83762
2.83905
2.8437
2.85394
2.86913
2.88591
2.90514
2.93102
2.96376
3.00308
3.04595
3.08336
3.1167
3.14868
3.18471
3.22416
3.25952
3.28041
3.28411
3.28141
3.2821
3.29145
3.30775
3.32059
3.3228
3.32159
3.3246
3.32969
3.33657
3.34697
3.36151
3.37275
3.37592
3.37608
3.37365
3.36755
3.35909
3.35341
3.35656
3.36615
3.37716
3.38454
3.38733
3.38405
3.3787
3.37325
3.36867
3.36687
3.36926
3.37863
3.39239
3.40709
3.42107
3.43232
3.43695
3.43444
3.42583
3.41902
3.4216
3.43345
3.44949
3.45947
3.46379
3.46609
3.46514
3.46072
3.4454
3.41872
3.399
3.39629
3.40923
3.42484
3.43449
3.43352
3.42498
3.41284
3.4081
2.09514
2.70039
2.7228
2.73056
2.73927
2.74516
2.75304
2.76091
2.77097
2.78022
2.78823
2.7957
2.80152
2.80486
2.80718
2.81083
2.81497
2.82151
2.82801
2.83202
2.83548
2.84175
2.85343
2.87054
2.89114
2.91623
2.94648
2.98205
3.02535
3.07013
3.10893
3.14249
3.17267
3.20511
3.23983
3.27036
3.28714
3.28973
3.28655
3.2866
3.29303
3.30594
3.31737
3.32172
3.32566
3.32985
3.33401
3.3384
3.34609
3.35807
3.36903
3.37358
3.37327
3.36829
3.35952
3.34906
3.34528
3.35018
3.36028
3.37149
3.37828
3.38005
3.37563
3.36928
3.36378
3.35999
3.35869
3.36026
3.36833
3.38144
3.39638
3.41159
3.42311
3.42655
3.42203
3.40997
3.40142
3.40451
3.41658
3.43216
3.44196
3.44503
3.44306
3.43808
3.43026
3.41334
3.3888
3.37165
3.36764
3.37738
3.38811
3.39034
3.38177
3.36752
3.3547
3.34943
1.9485
2.69388
2.72299
2.72918
2.73857
2.74556
2.75198
2.75979
2.77058
2.77921
2.7875
2.79479
2.79946
2.80203
2.80385
2.80667
2.81052
2.81595
2.8209
2.8265
2.83266
2.84147
2.85563
2.87587
2.90107
2.93074
2.96369
3.00292
3.04867
3.09516
3.13551
3.16728
3.19475
3.22304
3.25289
3.27798
3.29052
3.29246
3.28996
3.2901
3.29423
3.30353
3.31383
3.32214
3.32998
3.33447
3.33694
3.3393
3.34509
3.35459
3.36464
3.36951
3.36837
3.36027
3.34955
3.34134
3.33963
3.3449
3.35429
3.36443
3.37018
3.371
3.36601
3.35941
3.35406
3.35115
3.35042
3.3517
3.35856
3.3711
3.38614
3.40232
3.41372
3.4157
3.40838
3.39272
3.38349
3.38749
3.39964
3.41425
3.42361
3.42438
3.41801
3.40865
3.39777
3.38044
3.35958
3.34228
3.33478
3.33878
3.3414
3.33273
3.31371
3.29401
3.28208
3.28045
1.80287
2.6901
2.72258
2.72804
2.73887
2.74565
2.75064
2.75967
2.76934
2.77802
2.78634
2.7928
2.79673
2.79817
2.79941
2.80259
2.80558
2.80877
2.81439
2.82226
2.83131
2.84278
2.86022
2.8853
2.91497
2.94707
2.9836
3.02568
3.07319
3.12076
3.16103
3.1907
3.21442
3.23776
3.26214
3.28246
3.29188
3.29311
3.29248
3.2924
3.29421
3.30026
3.31087
3.32378
3.33367
3.3379
3.33908
3.33974
3.34367
3.35092
3.35943
3.36369
3.36093
3.35007
3.34044
3.33605
3.33583
3.34087
3.34832
3.35611
3.36034
3.36067
3.35574
3.3494
3.34431
3.34211
3.34162
3.34283
3.34903
3.36131
3.37659
3.39306
3.40383
3.40405
3.39339
3.37488
3.36573
3.37005
3.38156
3.39498
3.40403
3.40232
3.39229
3.37814
3.36395
3.34658
3.32859
3.30997
3.29752
3.29484
3.2891
3.27093
3.24174
3.21191
3.18939
3.17251
1.6582
2.68287
2.72459
2.72759
2.73779
2.74362
2.74996
2.75863
2.76784
2.77671
2.78443
2.79008
2.79297
2.79327
2.79473
2.79803
2.79922
2.80285
2.80987
2.82072
2.83241
2.84666
2.8685
2.89832
2.93068
2.96687
3.00694
3.05133
3.09929
3.14585
3.1836
3.21039
3.23063
3.24873
3.26727
3.284
3.2922
3.29374
3.29503
3.2937
3.29233
3.29618
3.30886
3.32515
3.33584
3.34028
3.34088
3.33983
3.3414
3.34691
3.35369
3.35657
3.35155
3.33949
3.33387
3.33271
3.33345
3.33739
3.34189
3.34654
3.3494
3.35012
3.34593
3.33973
3.33496
3.33332
3.33278
3.33379
3.33952
3.3515
3.36729
3.38388
3.39364
3.39151
3.37723
3.35768
3.34898
3.35284
3.36309
3.37465
3.38204
3.37825
3.36588
3.3483
3.33079
3.31284
3.29555
3.2748
3.25603
3.24434
3.2275
3.19382
3.1432
3.0906
3.05244
3.02407
1.52287
2.67038
2.72679
2.72678
2.73496
2.74209
2.74921
2.75711
2.76587
2.77399
2.7812
2.78622
2.78797
2.78801
2.79055
2.79317
2.79516
2.80041
2.80954
2.82178
2.83619
2.85513
2.88049
2.91303
2.95062
2.99128
3.03457
3.0798
3.12593
3.1696
3.2041
3.22744
3.24293
3.255
3.26858
3.2829
3.2919
3.29543
3.29732
3.29359
3.28848
3.29205
3.30736
3.32579
3.33702
3.3422
3.34234
3.33969
3.33794
3.34025
3.34442
3.34577
3.341
3.33188
3.32986
3.33112
3.33136
3.33237
3.33308
3.33531
3.33838
3.34034
3.3369
3.33026
3.32542
3.32368
3.32298
3.3241
3.33018
3.34227
3.35889
3.37528
3.38341
3.37766
3.3599
3.34086
3.3322
3.33478
3.34361
3.35313
3.35829
3.35321
3.33998
3.31991
3.29829
3.27788
3.2597
3.237
3.21167
3.1894
3.16261
3.11989
3.05687
2.98509
2.92288
2.91041
1.25154
2.48007
2.72146
2.72924
2.73507
2.73993
2.74552
2.753
2.76063
2.76726
2.7721
2.77413
2.77542
2.7789
2.78393
2.78828
2.79429
2.80338
2.81652
2.83417
2.85676
2.885
2.92047
2.96349
3.01199
3.05935
3.10167
3.13981
3.17544
3.20866
3.23448
3.25083
3.25861
3.26307
3.27008
3.28163
3.29238
3.29945
3.3016
3.29562
3.29015
3.2944
3.30808
3.32452
3.33614
3.34128
3.33809
3.33029
3.32361
3.32115
3.32154
3.32204
3.32259
3.32217
3.32428
3.3243
3.32035
3.31425
3.30926
3.3089
3.31149
3.31376
3.3122
3.30811
3.30391
3.30208
3.30191
3.30324
3.30881
3.31875
3.33071
3.33967
3.34217
3.3352
3.32127
3.30718
3.29612
3.29089
3.2903
3.29145
3.29253
3.28833
3.2757
3.25105
3.21847
3.18551
3.15758
3.12955
3.0982
3.05855
3.00522
2.92119
2.80782
2.63672
2.4109
1.83626
1.00857
1.95199
2.69518
2.72335
2.72449
2.73171
2.73999
2.74756
2.75287
2.75457
2.75319
2.75184
2.75534
2.76261
2.77116
2.78069
2.79355
2.8131
2.8381
2.86939
2.90898
2.95723
3.01251
3.07109
3.12524
3.16766
3.19551
3.21431
3.23252
3.2514
3.26658
3.27381
3.27495
3.27315
3.27441
3.28213
3.29277
3.30124
3.30408
3.29997
3.29643
3.29708
3.30188
3.30843
3.31426
3.31665
3.31252
3.30689
3.30208
3.29754
3.29556
3.29521
3.29551
3.29671
3.29775
3.29756
3.29347
3.28514
3.27717
3.27157
3.26891
3.26816
3.26933
3.27114
3.27073
3.27144
3.27301
3.27252
3.27203
3.27174
3.27021
3.26664
3.26337
3.26207
3.26047
3.25439
3.24191
3.22501
3.20808
3.19473
3.18568
3.17585
3.15779
3.12654
3.08538
3.04056
2.9973
2.95526
2.91165
2.8562
2.77761
2.66243
2.50953
2.32696
2.05068
1.68245
1.00001
1.33664
2.46827
2.71049
2.71297
2.71738
2.72286
2.72613
2.72821
2.72895
2.73049
2.73449
2.74232
2.75387
2.77135
2.79601
2.82453
2.86074
2.90923
2.96634
3.0252
3.08174
3.13413
3.17957
3.21486
3.23878
3.25264
3.25963
3.26539
3.27217
3.27831
3.2809
3.27826
3.27417
3.27374
3.27785
3.28593
3.29426
3.29854
3.2964
3.29072
3.28622
3.28387
3.28383
3.2848
3.28431
3.28173
3.28049
3.28116
3.28034
3.27735
3.27354
3.26865
3.26358
3.26152
3.26251
3.26299
3.25962
3.25255
3.24339
3.23618
3.23399
3.23512
3.23668
3.23694
3.23722
3.2378
3.23516
3.22887
3.21959
3.20863
3.19859
3.19328
3.19275
3.1933
3.1895
3.17813
3.159
3.13608
3.11321
3.09203
3.06997
3.04334
3.00992
2.97068
2.92664
2.87948
2.82915
2.77417
2.70771
2.62316
2.51832
2.38273
2.22484
2.03212
1.81641
1
1.01547
1.86159
2.6558
2.70019
2.70199
2.70551
2.70749
2.70896
2.71186
2.71654
2.72426
2.73993
2.7653
2.80186
2.85325
2.91819
2.98613
3.04801
3.10084
3.14591
3.18493
3.21643
3.24133
3.2589
3.26885
3.27157
3.27211
3.27359
3.27588
3.27857
3.27992
3.2773
3.27347
3.27208
3.27272
3.27645
3.28064
3.28231
3.27927
3.27335
3.26942
3.2664
3.26433
3.26201
3.25859
3.25587
3.2559
3.25866
3.26064
3.25803
3.25166
3.2414
3.23161
3.22755
3.22806
3.23001
3.22962
3.22652
3.2215
3.21574
3.21257
3.20939
3.20426
3.19807
3.19321
3.19004
3.18622
3.17971
3.17032
3.15925
3.1478
3.13753
3.12879
3.12124
3.11319
3.10277
3.0875
3.0667
3.04107
3.01256
2.98217
2.95095
2.91829
2.8838
2.84465
2.79995
2.74767
2.6872
2.61822
2.53632
2.4484
2.33808
2.22138
2.0973
1.97555
1
1.00006
1.2053
2.32974
2.68239
2.6855
2.68756
2.69416
2.70141
2.71171
2.72716
2.74908
2.78171
2.83712
2.91513
3.00142
3.07942
3.13691
3.17327
3.19633
3.21682
3.23805
3.25565
3.26608
3.27231
3.27404
3.27252
3.2706
3.2697
3.26979
3.2704
3.27101
3.27062
3.26872
3.26622
3.26444
3.26412
3.26307
3.26055
3.25592
3.25193
3.25131
3.25155
3.25077
3.24769
3.24161
3.23482
3.23177
3.23291
3.23481
3.23389
3.22861
3.21864
3.20777
3.20054
3.19673
3.19546
3.19553
3.1961
3.1972
3.19715
3.19448
3.18525
3.17069
3.15622
3.14602
3.1401
3.1366
3.13296
3.12702
3.11787
3.10518
3.08952
3.07223
3.05553
3.04071
3.0279
3.01463
2.99779
2.97487
2.94707
2.91655
2.88554
2.85474
2.82438
2.78953
2.74747
2.69656
2.63659
2.57318
2.49999
2.42535
2.34177
2.26369
2.18796
2.10989
1
1
1.00505
1.56098
2.54013
2.66802
2.67719
2.69005
2.70915
2.73607
2.77704
2.84024
2.92096
3.00755
3.0898
3.1568
3.20178
3.22735
3.24038
3.24785
3.25649
3.26363
3.26923
3.27192
3.27369
3.2728
3.26756
3.26104
3.25855
3.25727
3.25734
3.25858
3.25958
3.25835
3.25445
3.25087
3.24802
3.24424
3.23952
3.23511
3.23331
3.23456
3.237
3.23798
3.23559
3.22866
3.21923
3.21224
3.20973
3.20952
3.20945
3.20733
3.20174
3.19249
3.18227
3.17366
3.16732
3.16427
3.16516
3.16918
3.17274
3.16911
3.15608
3.13685
3.11894
3.10624
3.09888
3.0963
3.09453
3.08814
3.0762
3.06056
3.04267
3.0231
3.00311
2.98404
2.96704
2.95181
2.93713
2.9189
2.89577
2.86855
2.83958
2.81037
2.78145
2.74966
2.71059
2.66442
2.60947
2.55343
2.49188
2.4325
2.37353
2.32042
2.26477
2.20502
1
1
1.00001
1.03673
1.89767
2.62395
2.67925
2.70479
2.75524
2.83447
2.93065
3.02614
3.10732
3.16895
3.21237
3.24022
3.25588
3.26274
3.26264
3.26266
3.26489
3.26768
3.26993
3.2705
3.26981
3.26659
3.25888
3.2499
3.24656
3.24606
3.24718
3.24889
3.2488
3.24593
3.24032
3.23446
3.23055
3.22699
3.22331
3.21999
3.21812
3.21851
3.22064
3.22242
3.22128
3.21563
3.20637
3.19747
3.1915
3.1886
3.18804
3.18781
3.18492
3.1774
3.16623
3.15479
3.14542
3.13957
3.13813
3.14037
3.14095
3.13373
3.11957
3.10194
3.08605
3.07387
3.06639
3.06397
3.0615
3.05105
3.03473
3.0168
2.99876
2.98019
2.96093
2.94155
2.92311
2.90669
2.89291
2.87827
2.85897
2.83352
2.80477
2.77544
2.74599
2.71673
2.68284
2.64457
2.59836
2.55056
2.49969
2.45259
2.40729
2.36393
2.31983
2.27217
1
1
1
1.00026
1.12941
2.21997
2.72516
2.83314
2.93862
3.04883
3.12824
3.18355
3.22149
3.2473
3.26236
3.26998
3.27279
3.26794
3.26206
3.26058
3.26081
3.26244
3.26377
3.26382
3.26159
3.25632
3.2475
3.24026
3.23846
3.23921
3.2407
3.24057
3.23781
3.23259
3.22637
3.22108
3.21736
3.21436
3.21148
3.20845
3.20548
3.20373
3.20414
3.2053
3.20393
3.19883
3.19089
3.18282
3.17661
3.17278
3.17117
3.16936
3.1647
3.15704
3.14712
3.13685
3.128
3.12147
3.11783
3.11501
3.10766
3.09597
3.08277
3.06985
3.05823
3.04867
3.04168
3.03646
3.02937
3.01656
2.99982
2.98186
2.96383
2.94557
2.92693
2.90845
2.89105
2.87624
2.86489
2.85236
2.83289
2.80598
2.77578
2.74582
2.71608
2.68916
2.66165
2.63285
2.59684
2.55696
2.514
2.47197
2.43122
2.39285
2.35687
2.31948
0.810955
0.493337
0.33657
0.251353
0.207157
0.171842
0.132621
0.118247
0.112777
0.102384
0.0942572
0.0939058
0.100104
0.113922
0.1223
0.127538
0.13599
0.155566
0.179737
0.19696
0.2156
0.245219
0.280043
0.309562
0.342208
0.378235
0.424326
0.466392
0.50552
0.550175
0.593366
0.631602
0.669578
0.70793
0.748025
0.791875
0.829346
0.858832
0.890438
0.925949
0.960622
0.987359
1.01702
1.04999
1.08119
1.1185
1.15504
1.18437
1.211
1.23792
1.267
1.28213
1.28476
1.28156
1.28302
1.28425
1.28591
1.29383
1.30028
1.30365
1.31059
1.31836
1.32687
1.33472
1.34663
1.36618
1.38674
1.40065
1.41395
1.42892
1.44538
1.46412
1.48148
1.49699
1.51117
1.52477
1.53729
1.54965
1.5635
1.58618
1.61882
1.6397
1.6492
1.65303
1.65405
1.65507
1.65777
1.6611
1.66532
1.67065
1.67701
1.68315
1.6907
1.70473
1.72245
1.72722
1.23277
1.01485
0.846454
0.710555
0.651714
0.600915
0.528742
0.481792
0.473638
0.453635
0.412328
0.387732
0.389468
0.383466
0.367802
0.359659
0.35807
0.362037
0.366529
0.371342
0.367935
0.36761
0.370815
0.37214
0.378766
0.386634
0.389855
0.393871
0.400345
0.410065
0.423727
0.440706
0.462667
0.491972
0.517874
0.543285
0.572502
0.597547
0.618262
0.644684
0.684525
0.721975
0.754945
0.793267
0.828038
0.856373
0.888842
0.925313
0.965812
1.01864
1.06417
1.10085
1.13424
1.15544
1.17447
1.1905
1.20724
1.22635
1.24798
1.27017
1.28361
1.29522
1.30853
1.324
1.34166
1.36579
1.39747
1.41891
1.43072
1.44161
1.45331
1.46467
1.47666
1.48845
1.49892
1.50981
1.52052
1.53067
1.54244
1.56085
1.58813
1.60906
1.62129
1.62883
1.63264
1.63563
1.64007
1.64695
1.65332
1.65961
1.66711
1.67455
1.68183
1.69093
1.70415
1.71514
1.59028
1.43633
1.32511
1.19879
1.10341
1.03111
0.955121
0.910485
0.880142
0.834354
0.776756
0.742928
0.712802
0.671134
0.628808
0.614406
0.60416
0.585822
0.563025
0.555058
0.548528
0.535223
0.517689
0.512025
0.507435
0.499722
0.486644
0.479877
0.472249
0.462527
0.460805
0.464764
0.473282
0.478972
0.488034
0.50058
0.514459
0.529928
0.546889
0.56596
0.5928
0.618187
0.631198
0.643576
0.660295
0.679577
0.70005
0.725721
0.759493
0.809506
0.865165
0.907605
0.950011
0.99677
1.02949
1.0668
1.10957
1.15049
1.19924
1.23154
1.25553
1.28008
1.29873
1.31858
1.34235
1.37574
1.41952
1.44429
1.4573
1.46471
1.46766
1.47111
1.47617
1.48391
1.49448
1.50633
1.51718
1.52779
1.54002
1.55685
1.57624
1.59034
1.60334
1.61246
1.61828
1.62438
1.62985
1.63776
1.65155
1.66422
1.67385
1.68287
1.69013
1.69619
1.70245
1.70848
1.86451
1.75323
1.63954
1.545
1.46509
1.37359
1.30451
1.2604
1.20358
1.15069
1.10872
1.05959
0.993839
0.946286
0.91759
0.884449
0.845201
0.824799
0.811289
0.789487
0.758772
0.741913
0.73271
0.717106
0.704041
0.690253
0.673352
0.660153
0.646226
0.625531
0.615602
0.614212
0.607989
0.596102
0.592465
0.586271
0.582378
0.582168
0.585686
0.591745
0.59427
0.594295
0.589588
0.576137
0.572047
0.575594
0.582225
0.593823
0.610942
0.63342
0.660331
0.682378
0.704616
0.734999
0.768806
0.806726
0.85664
0.910355
0.972238
1.02777
1.06937
1.11421
1.15024
1.18177
1.21982
1.26599
1.32296
1.35594
1.37258
1.38614
1.39538
1.40538
1.42167
1.43664
1.45557
1.47533
1.4933
1.5108
1.53284
1.56052
1.57732
1.58771
1.59552
1.60036
1.60789
1.61645
1.62316
1.63156
1.64857
1.66639
1.67503
1.68299
1.68969
1.69384
1.69765
1.69987
2.03557
1.94897
1.8518
1.7747
1.7019
1.6343
1.5707
1.50209
1.45077
1.40822
1.34693
1.28787
1.24842
1.20476
1.15679
1.12236
1.09743
1.06837
1.02687
0.99319
0.975149
0.952207
0.922154
0.903342
0.89406
0.880105
0.860502
0.834434
0.812957
0.79747
0.785002
0.772214
0.752174
0.736433
0.730107
0.719548
0.71288
0.710139
0.704708
0.697813
0.689449
0.674056
0.646948
0.631774
0.630453
0.632511
0.640521
0.652098
0.658292
0.659262
0.656851
0.651137
0.650753
0.653813
0.662009
0.673535
0.683769
0.693796
0.707669
0.726909
0.748988
0.777697
0.816555
0.859288
0.913617
0.973939
1.03701
1.08909
1.1287
1.1752
1.21076
1.24544
1.29098
1.32954
1.36592
1.40117
1.42928
1.4565
1.49084
1.52848
1.55033
1.5611
1.56652
1.56934
1.57446
1.58224
1.59182
1.60267
1.62016
1.64392
1.65677
1.66397
1.67005
1.67329
1.67381
1.67548
2.14206
2.06861
1.99305
1.92551
1.86551
1.81449
1.75658
1.68918
1.63638
1.59226
1.53959
1.48723
1.44379
1.40946
1.38265
1.34932
1.30734
1.2647
1.22805
1.19028
1.15086
1.12463
1.11138
1.09315
1.06885
1.04776
1.03153
1.01263
0.991077
0.963106
0.94081
0.927932
0.91201
0.890453
0.877412
0.87103
0.864484
0.85903
0.8502
0.837616
0.822557
0.800166
0.775441
0.764946
0.7605
0.759566
0.758624
0.753554
0.746733
0.735598
0.720954
0.714092
0.712577
0.713126
0.71387
0.713255
0.71153
0.706526
0.699622
0.698622
0.699067
0.701143
0.706395
0.713868
0.724388
0.737785
0.752024
0.770227
0.791337
0.81793
0.852537
0.890899
0.939073
0.993567
1.04537
1.10733
1.16539
1.21954
1.28941
1.35739
1.40799
1.45215
1.47637
1.4885
1.50658
1.51967
1.535
1.55617
1.58083
1.61134
1.63386
1.64406
1.65145
1.65536
1.65332
1.65481
2.21673
2.15414
2.09303
2.03635
1.98501
1.93753
1.88541
1.83106
1.7852
1.74376
1.69894
1.65271
1.61191
1.5819
1.55881
1.52448
1.48433
1.44047
1.38911
1.34716
1.32444
1.30049
1.26982
1.24419
1.22957
1.21457
1.19216
1.16761
1.14617
1.12354
1.09537
1.06569
1.05144
1.03235
1.01771
1.00839
0.995095
0.984772
0.975186
0.962129
0.944771
0.920184
0.90828
0.903818
0.894826
0.885998
0.876829
0.860881
0.844445
0.835614
0.827422
0.822407
0.820626
0.816443
0.807444
0.794797
0.77981
0.768129
0.764302
0.76357
0.761153
0.758751
0.756327
0.751419
0.743552
0.738968
0.738773
0.741256
0.745464
0.748831
0.750832
0.753231
0.75464
0.759477
0.770536
0.787883
0.814264
0.849442
0.894545
0.950784
1.00867
1.07169
1.12987
1.17649
1.23193
1.28913
1.33284
1.38369
1.44258
1.49175
1.53942
1.57828
1.59663
1.60627
1.60909
1.6134
2.27328
2.22146
2.16994
2.11986
2.07192
2.02506
1.98017
1.94162
1.90818
1.87289
1.832
1.78768
1.7476
1.71707
1.69246
1.66136
1.62033
1.57411
1.5368
1.50705
1.47505
1.43771
1.4088
1.38955
1.36938
1.35112
1.33695
1.31847
1.29247
1.26073
1.232
1.20433
1.17733
1.15538
1.13602
1.1237
1.11821
1.10924
1.09529
1.08195
1.07021
1.05622
1.03879
1.02536
1.01351
0.997514
0.978523
0.96518
0.958082
0.953904
0.950393
0.943743
0.9341
0.923065
0.907022
0.888479
0.879542
0.876168
0.872898
0.867297
0.861069
0.85257
0.840231
0.823218
0.808793
0.803325
0.80145
0.7987
0.796037
0.794782
0.792614
0.788884
0.780621
0.768241
0.765083
0.765159
0.767167
0.77153
0.778055
0.786838
0.796832
0.808592
0.819167
0.833145
0.854094
0.884554
0.92428
0.973228
1.0391
1.10825
1.17472
1.24801
1.3017
1.34655
1.39709
1.4355
)
;

boundaryField
{
    inlet
    {
        type            fixedValue;
        value           uniform 1;
    }
    outlet
    {
        type            zeroGradient;
    }
    bottom
    {
        type            symmetryPlane;
    }
    top
    {
        type            symmetryPlane;
    }
    obstacle
    {
        type            zeroGradient;
    }
    defaultFaces
    {
        type            empty;
    }
    procBoundary0to1
    {
        type            processor;
        value           nonuniform List<scalar> 8(1.72614 1.71777 1.71187 1.70132 1.67998 1.6609 1.6215 1.47272);
    }
    procBoundary0to2
    {
        type            processor;
        value           nonuniform List<scalar> 
192
(
1
1
1
1
1.00185
1.49315
2.76807
3.07541
3.14984
3.20762
3.23511
3.25402
3.26511
3.27306
3.27768
3.27702
3.27326
3.2657
3.25877
3.25573
3.25476
3.25518
3.25553
3.25412
3.25005
3.24286
3.23654
3.23454
3.23507
3.23548
3.23374
3.23022
3.22528
3.22059
3.21716
3.2137
3.20933
3.20458
3.20075
3.1975
3.19452
3.19235
3.19143
3.18962
3.18495
3.17841
3.17164
3.16625
3.16262
3.16058
3.1577
3.15093
3.14188
3.13286
3.12494
3.11848
3.11326
3.10828
3.10108
3.08997
3.07666
3.06357
3.05216
3.04317
3.03627
3.02945
3.02071
3.00969
2.99733
2.98473
2.97211
2.95787
2.94088
2.92193
2.9024
2.88367
2.86706
2.85452
2.84648
2.8342
2.8112
2.78231
2.75177
2.72215
2.6932
2.66834
2.64637
2.6264
2.59933
2.56532
2.52654
2.48703
2.44871
2.41328
2.38183
2.35305
2.31843
2.27547
2.22982
2.18378
2.13859
2.09641
2.06047
2.033
2.00947
1.97836
1.94032
1.89856
1.8575
1.82172
1.7894
1.75787
1.7274
1.69882
1.67065
1.64016
1.60541
1.56631
1.53206
1.5069
1.49069
1.47951
1.45985
1.43864
1.41699
1.39094
1.36072
1.32453
1.28637
1.26101
1.24581
1.23674
1.23248
1.22727
1.21817
1.2053
1.18889
1.17037
1.15072
1.12874
1.10429
1.08626
1.07731
1.07276
1.07049
1.06621
1.05905
1.04977
1.03428
1.00774
0.989439
0.983975
0.982505
0.978253
0.97235
0.965347
0.955121
0.937755
0.915067
0.902197
0.896765
0.893007
0.889845
0.88612
0.881879
0.877178
0.871409
0.863402
0.849095
0.826398
0.814305
0.811582
0.810372
0.810758
0.811951
0.81291
0.812999
0.812451
0.810586
0.802739
0.794649
0.794283
0.796156
0.802033
0.813926
0.826788
0.839315
0.858223
0.883863
0.917617
0.962147
1.01799
)
;
    }
}


// ************************************************************************* //
