/*--------------------------------*- C++ -*----------------------------------*\
  =========                 |
  \\      /  F ield         | OpenFOAM: The Open Source CFD Toolbox
   \\    /   O peration     | Website:  https://openfoam.org
    \\  /    A nd           | Version:  7
     \\/     M anipulation  |
\*---------------------------------------------------------------------------*/
FoamFile
{
    version     2.0;
    format      ascii;
    class       volScalarField;
    location    "2.6";
    object      p;
}
// * * * * * * * * * * * * * * * * * * * * * * * * * * * * * * * * * * * * * //

dimensions      [1 -1 -2 0 0 0 0];

internalField   nonuniform List<scalar> 
4608
(
1.85929
1.8623
1.87132
1.87818
1.8791
1.87862
1.87713
1.87757
1.87944
1.88312
1.89142
1.9027
1.90652
1.90717
1.90761
1.90776
1.90783
1.90858
1.91122
1.91811
1.92507
1.92624
1.92581
1.92441
1.92181
1.92015
1.91926
1.9194
1.92259
1.92426
1.92218
1.91846
1.91297
1.90694
1.90404
1.90216
1.90103
1.90062
1.89836
1.89545
1.89155
1.88537
1.88116
1.87941
1.87785
1.87656
1.87469
1.87251
1.87024
1.86695
1.86188
1.85814
1.85644
1.85499
1.85371
1.85249
1.85105
1.84909
1.84556
1.84209
1.84074
1.83972
1.83889
1.83887
1.83903
1.83835
1.83754
1.83642
1.83492
1.83397
1.83328
1.83299
1.83301
1.8319
1.83043
1.82868
1.82611
1.82207
1.81883
1.8179
1.81796
1.81929
1.82519
1.84331
1.89371
1.98636
4.34851
9.94806
11.0757
11.0862
11.0915
11.052
11.0105
10.9762
10.9422
10.8834
10.7994
10.6805
10.5508
10.4338
10.3512
10.3012
10.2696
10.2339
10.1759
10.097
10.0054
9.91284
9.83014
9.76532
9.71477
9.66519
9.61118
9.55345
9.49671
9.44585
9.39919
9.35345
9.30083
9.23595
9.1653
9.09712
9.03506
8.9803
8.93239
8.88732
8.83832
8.7858
8.73356
8.68351
8.63778
8.59857
8.5618
8.51338
8.45528
8.39766
8.34202
8.29097
8.24997
8.21569
8.16743
8.1116
8.05732
8.00493
7.95523
7.91075
7.86632
7.8188
7.77232
7.72581
7.67791
7.62927
7.5868
7.55135
7.51823
7.48814
7.45965
7.42904
7.39649
7.36282
7.3288
7.2951
7.26378
7.23418
7.20002
7.16533
7.12987
7.09341
7.05666
7.02046
6.98493
6.94946
6.91348
6.87674
6.83929
6.80134
6.76293
6.72418
6.68609
6.65016
6.6169
6.58563
6.55572
6.52695
6.4989
6.47115
6.44333
6.41498
6.38528
6.3533
6.3203
6.29024
6.26295
6.23658
6.21041
6.18375
6.15607
6.12706
6.0971
6.06768
6.04017
6.01477
5.9903
5.96587
5.94044
5.91288
5.88207
5.84754
5.81294
5.78347
5.75804
5.73462
5.71175
5.68852
5.66412
5.63792
5.61133
5.58622
5.56282
5.54061
5.51811
5.49512
5.47187
5.44785
5.42286
5.39656
5.36965
5.34513
5.32283
5.30241
5.28252
5.26136
5.23966
5.21789
5.19582
5.17364
5.15059
5.12611
5.09971
5.07082
5.04273
5.01862
4.99936
4.98298
4.96672
4.95045
4.93425
4.91722
4.89972
4.88195
4.8636
4.84414
4.82224
4.79843
4.77712
4.75966
4.74473
4.73067
4.71609
4.70089
4.68448
4.66539
4.64135
4.61314
4.58934
4.57292
4.55916
4.54571
4.53188
4.51662
4.49765
4.4738
4.45007
4.43253
4.41871
4.40559
4.39196
4.37704
4.35896
4.33424
4.30782
4.29245
4.27993
4.26714
4.25491
4.24245
4.23176
4.21052
1.88999
1.89539
1.90619
1.91397
1.91476
1.9138
1.90887
1.90346
1.90202
1.90148
1.90278
1.90631
1.90605
1.90451
1.90189
1.89576
1.89005
1.88886
1.88919
1.89211
1.89648
1.89789
1.89744
1.89438
1.88826
1.88414
1.88343
1.88423
1.88755
1.88903
1.88794
1.88547
1.88072
1.87426
1.87178
1.87123
1.87152
1.87416
1.87563
1.87506
1.87378
1.87084
1.86751
1.8666
1.8663
1.86688
1.8695
1.87204
1.87213
1.87108
1.86878
1.8656
1.86394
1.8634
1.86384
1.86529
1.86491
1.86352
1.86146
1.85782
1.85342
1.85141
1.85047
1.85045
1.85022
1.84885
1.8473
1.84526
1.84233
1.83919
1.83662
1.83492
1.83331
1.8311
1.82943
1.82791
1.82689
1.82706
1.83104
1.84686
1.88352
1.97408
2.14029
2.39629
2.80998
3.22574
3.75816
6.69216
9.9387
10.5701
10.8167
10.8854
10.8514
10.699
10.6068
10.5797
10.5241
10.4022
10.2412
10.0861
9.97553
9.90905
9.90208
9.91534
9.8968
9.8385
9.755
9.66372
9.58183
9.53225
9.51447
9.49758
9.466
9.42383
9.37761
9.33015
9.28379
9.24791
9.21138
9.14866
9.08333
9.02127
8.96547
8.91432
8.87385
8.84074
8.8007
8.75222
8.70116
8.65056
8.60352
8.56528
8.53087
8.47996
8.42272
8.36439
8.30889
8.25684
8.21283
8.17741
8.13356
8.08222
8.02995
7.9802
7.93282
7.89015
7.85117
7.80854
7.7659
7.72265
7.67635
7.6282
7.58717
7.55241
7.51975
7.49023
7.46015
7.42557
7.38949
7.35378
7.31823
7.28327
7.25044
7.2169
7.1816
7.14586
7.10884
7.07073
7.03311
6.99806
6.96489
6.93182
6.89804
6.86282
6.82584
6.78861
6.75298
6.71858
6.68483
6.65158
6.61888
6.58678
6.55546
6.52562
6.49729
6.47002
6.44314
6.41593
6.38757
6.35702
6.32385
6.2905
6.26038
6.23312
6.20674
6.17995
6.15281
6.12488
6.09548
6.06511
6.03557
6.00874
5.9836
5.95985
5.93545
5.90906
5.88001
5.84676
5.812
5.78164
5.75596
5.73338
5.71088
5.68773
5.66353
5.63679
5.60883
5.58296
5.56004
5.53861
5.51667
5.49465
5.473
5.44954
5.42425
5.39693
5.36856
5.34426
5.32245
5.303
5.28384
5.26294
5.24186
5.22008
5.19699
5.17421
5.15143
5.12848
5.1047
5.07935
5.05353
5.02786
5.00432
4.98444
4.96709
4.95117
4.93545
4.9187
4.90218
4.88539
4.86719
4.84817
4.82615
4.80025
4.77778
4.76038
4.74548
4.73154
4.71706
4.70206
4.68611
4.66745
4.64372
4.61526
4.58901
4.57106
4.55775
4.54455
4.53069
4.51563
4.49725
4.47381
4.44916
4.43024
4.41596
4.40288
4.38925
4.37472
4.35772
4.33454
4.30598
4.28755
4.27457
4.2613
4.24905
4.23623
4.22503
4.20426
1.93834
1.94184
1.95116
1.95667
1.956
1.95143
1.93836
1.91872
1.91138
1.90984
1.90824
1.90579
1.90366
1.90163
1.89725
1.88533
1.8729
1.87036
1.86981
1.87031
1.87308
1.87365
1.87279
1.87086
1.86567
1.86061
1.86037
1.86159
1.86508
1.87087
1.87414
1.8753
1.87586
1.87367
1.87108
1.8717
1.87345
1.87696
1.88221
1.88462
1.88526
1.88531
1.88325
1.88045
1.88026
1.88093
1.88268
1.88547
1.88608
1.88558
1.88391
1.8799
1.87509
1.87345
1.87282
1.87228
1.87118
1.86971
1.86781
1.86452
1.85867
1.85264
1.84979
1.84807
1.84636
1.8445
1.84259
1.83999
1.83629
1.83062
1.82498
1.82256
1.82271
1.82542
1.83178
1.84649
1.88536
1.95427
2.11317
2.37273
2.68579
3.21362
3.68835
4.06287
4.53436
4.85227
4.8251
4.95444
5.65522
6.61447
7.53337
8.27479
8.85839
9.26428
9.73367
10.1365
10.3141
10.3987
10.3281
10.1693
10.0444
10.0212
10.0941
10.1715
10.1863
10.1207
9.98241
9.82694
9.6961
9.61651
9.58233
9.55225
9.51561
9.45636
9.38716
9.32191
9.26137
9.22204
9.18412
9.13531
9.08098
9.02073
8.97335
8.93339
8.90525
8.87657
8.83332
8.78038
8.72446
8.67218
8.62342
8.58307
8.54005
8.48662
8.42925
8.36539
8.30541
8.25573
8.21215
8.17224
8.12873
8.08209
8.03036
7.97598
7.93121
7.89102
7.85301
7.81372
7.77382
7.73126
7.68202
7.62794
7.58392
7.549
7.51666
7.48582
7.45249
7.41597
7.37519
7.33304
7.29757
7.26504
7.23371
7.201
7.1678
7.13356
7.09696
7.05716
7.01731
6.98362
6.95382
6.92394
6.89272
6.85849
6.81816
6.77485
6.7406
6.71126
6.68213
6.65275
6.62284
6.59167
6.5587
6.5242
6.4901
6.45943
6.43245
6.40661
6.38024
6.3524
6.32215
6.28894
6.25355
6.22018
6.19232
6.16631
6.14118
6.11641
6.0902
6.06148
6.03006
5.99857
5.96964
5.94468
5.92166
5.89762
5.87132
5.84045
5.8061
5.77546
5.75088
5.72983
5.70893
5.68702
5.6635
5.6362
5.60327
5.57234
5.55082
5.53121
5.51099
5.4913
5.47208
5.45102
5.42719
5.3985
5.36647
5.34045
5.32043
5.3031
5.28544
5.2664
5.24644
5.22365
5.19695
5.16902
5.14449
5.12393
5.10509
5.08646
5.06731
5.0464
5.02266
4.99437
4.96663
4.94883
4.93355
4.9173
4.90143
4.88585
4.86922
4.85136
4.83
4.80244
4.77397
4.75313
4.73863
4.72502
4.71096
4.6967
4.68181
4.66458
4.64277
4.61457
4.58355
4.56127
4.54765
4.53474
4.52134
4.50705
4.49016
4.46918
4.44448
4.42176
4.40586
4.39336
4.38056
4.36716
4.35276
4.33431
4.30885
4.28445
4.26793
4.25421
4.24236
4.22997
4.21835
4.19657
1.82038
1.83386
1.85321
1.86593
1.86984
1.87047
1.86381
1.8562
1.85744
1.86332
1.87433
1.88943
1.89693
1.89847
1.89813
1.89334
1.88913
1.889
1.89009
1.89452
1.90197
1.9032
1.90175
1.89828
1.89045
1.88323
1.88181
1.88157
1.88222
1.88562
1.88706
1.88665
1.88461
1.87883
1.87343
1.87262
1.87283
1.87432
1.87726
1.87804
1.87757
1.87567
1.8704
1.86488
1.86377
1.8638
1.86433
1.86587
1.86612
1.86563
1.86425
1.86031
1.85573
1.8546
1.85446
1.85496
1.85587
1.85573
1.85521
1.85382
1.84969
1.84459
1.84333
1.8426
1.84132
1.84024
1.83948
1.83885
1.83786
1.83778
1.84221
1.85427
1.88622
1.96798
2.09617
2.35162
2.72877
3.09941
3.66052
4.16048
4.43686
4.74739
5.01889
5.11281
5.1224
5.1157
5.09868
5.06548
5.05533
5.10161
5.21311
5.43995
5.81766
6.31676
6.97149
7.71285
8.30719
8.8271
9.18092
9.35234
9.52523
9.67888
9.87808
10.065
10.1673
10.1309
9.98064
9.80828
9.69315
9.63491
9.58563
9.53435
9.4601
9.35829
9.25266
9.17159
9.11257
9.07809
9.04999
9.02098
8.98141
8.93026
8.89124
8.86455
8.84783
8.8227
8.78518
8.73433
8.67374
8.62286
8.57961
8.53869
8.49145
8.44068
8.38421
8.31886
8.25746
8.21038
8.16913
8.12992
8.09139
8.05128
8.00538
7.95133
7.90225
7.86457
7.8289
7.79288
7.75576
7.71539
7.66741
7.61125
7.56271
7.52745
7.49562
7.46412
7.43164
7.39729
7.35859
7.31424
7.27345
7.24058
7.21027
7.18034
7.15029
7.11931
7.08575
7.04743
7.00563
6.96815
6.93783
6.91006
6.88207
6.85161
6.81516
6.77057
6.72683
6.69389
6.66628
6.63965
6.61283
6.58483
6.55453
6.52057
6.48287
6.4447
6.412
6.38577
6.36098
6.33595
6.30997
6.28181
6.24965
6.21277
6.17742
6.14874
6.12424
6.1016
6.07864
6.05416
6.02652
5.99473
5.96137
5.93193
5.90796
5.8855
5.86176
5.83439
5.80198
5.76922
5.74366
5.72313
5.70356
5.6836
5.66238
5.63798
5.6066
5.56834
5.54012
5.52139
5.5029
5.48495
5.46731
5.44873
5.42787
5.4022
5.36978
5.33754
5.31638
5.30033
5.28433
5.26742
5.24933
5.22818
5.20042
5.16433
5.13332
5.11462
5.09893
5.08357
5.0685
5.05284
5.03461
5.01103
4.9798
4.94805
4.92742
4.91126
4.89588
4.88106
4.86598
4.84992
4.83152
4.80847
4.77846
4.74709
4.72874
4.71542
4.7016
4.68772
4.67366
4.6584
4.64073
4.61793
4.58723
4.55699
4.53833
4.52442
4.51159
4.49839
4.48347
4.46617
4.44502
4.41953
4.39687
4.38322
4.37113
4.35857
4.34557
4.33019
4.30968
4.28428
4.2621
4.24716
4.23561
4.22365
4.2124
4.19049
1.63475
1.67112
1.71267
1.72937
1.741
1.76044
1.77553
1.77808
1.78415
1.7997
1.81935
1.83749
1.84392
1.84754
1.8499
1.8484
1.84461
1.84566
1.85102
1.85973
1.8682
1.87104
1.87192
1.8714
1.86698
1.86483
1.8662
1.87031
1.8773
1.88185
1.88255
1.88254
1.88041
1.87588
1.87446
1.87463
1.87638
1.88066
1.88243
1.88181
1.87989
1.87535
1.86807
1.86441
1.86312
1.86249
1.86276
1.86374
1.86296
1.86122
1.85791
1.85201
1.84871
1.84837
1.84827
1.84896
1.84981
1.84953
1.84877
1.84708
1.84271
1.83843
1.83781
1.8381
1.83961
1.84283
1.84877
1.86378
1.89199
1.96207
2.10965
2.31126
2.68981
3.16158
3.56344
4.13133
4.59208
4.78568
4.98586
5.14466
5.21886
5.22656
5.20665
5.17946
5.1657
5.15708
5.13944
5.11087
5.06949
5.02637
4.99118
4.97469
4.97603
5.00461
5.08691
5.26793
5.56769
6.00691
6.54001
7.08909
7.70246
8.26245
8.6813
9.07272
9.38102
9.49737
9.56831
9.59912
9.58042
9.59662
9.60797
9.57592
9.48656
9.36598
9.2496
9.173
9.12429
9.08728
9.04913
9.00149
8.94158
8.88367
8.84603
8.82011
8.79604
8.76709
8.72799
8.67651
8.61843
8.57165
8.53304
8.49282
8.44798
8.40052
8.3483
8.29271
8.24132
8.19915
8.16191
8.12505
8.08711
8.04673
8.00207
7.95238
7.90188
7.85653
7.81602
7.77737
7.73831
7.69697
7.65114
7.60027
7.55043
7.50844
7.47241
7.43864
7.4057
7.37248
7.33718
7.29799
7.25677
7.2191
7.18669
7.15698
7.12783
7.09826
7.0671
7.03222
6.99248
6.95137
6.91542
6.88573
6.8582
6.82987
6.79869
6.7624
6.72067
6.67944
6.64579
6.61785
6.59202
6.56629
6.53929
6.50991
6.47688
6.44001
6.40165
6.36781
6.34018
6.31495
6.29059
6.26566
6.23855
6.20742
6.17182
6.13647
6.10665
6.08179
6.05888
6.03605
6.01195
5.98452
5.95276
5.9206
5.89302
5.8699
5.84755
5.82341
5.79531
5.76265
5.73266
5.71043
5.69134
5.67265
5.65351
5.63277
5.608
5.57543
5.53639
5.50883
5.49084
5.47363
5.45673
5.43975
5.42177
5.40132
5.37531
5.34253
5.31081
5.29007
5.27499
5.25975
5.2432
5.22477
5.20194
5.16968
5.13154
5.10541
5.08861
5.07361
5.05906
5.04506
5.03029
5.01284
4.99079
4.96221
4.92958
4.90296
4.88476
4.86967
4.85512
4.8402
4.82435
4.80649
4.78423
4.75524
4.72464
4.70383
4.68837
4.67391
4.65989
4.64569
4.63075
4.61342
4.5905
4.5614
4.53381
4.51372
4.49929
4.48661
4.47322
4.45844
4.44126
4.41916
4.394
4.37498
4.36179
4.34967
4.33711
4.32301
4.30555
4.28201
4.25556
4.23751
4.22599
4.21467
4.20404
4.18256
1.32753
1.36182
1.39521
1.42847
1.45724
1.48652
1.52478
1.55713
1.58416
1.61588
1.66851
1.69623
1.70596
1.71959
1.73898
1.75541
1.76264
1.77346
1.79011
1.81273
1.82786
1.82961
1.8283
1.83093
1.83436
1.83507
1.83744
1.84448
1.85433
1.85841
1.85912
1.85935
1.85658
1.85196
1.85108
1.85204
1.85513
1.86009
1.8617
1.86158
1.85988
1.85497
1.84757
1.84488
1.8452
1.8471
1.85059
1.8522
1.85226
1.85206
1.85083
1.84781
1.84645
1.84636
1.84733
1.84987
1.85066
1.85019
1.84887
1.84617
1.84337
1.84353
1.84586
1.85674
1.88759
1.94646
2.09235
2.33422
2.6239
3.14359
3.64194
4.02939
4.56287
4.90975
5.02759
5.1498
5.2337
5.29448
5.30855
5.29771
5.25954
5.21503
5.18725
5.16417
5.14267
5.12
5.09037
5.05498
5.01372
4.98028
4.96249
4.94787
4.92779
4.91125
4.89281
4.86902
4.86072
4.87373
4.93138
5.05721
5.2769
5.61393
6.02308
6.52294
7.0884
7.57389
8.09193
8.58275
8.8434
9.04276
9.18279
9.22087
9.23191
9.207
9.17729
9.15605
9.14239
9.11167
9.05751
8.98666
8.91153
8.85806
8.82231
8.78572
8.74317
8.69463
8.63703
8.58059
8.52671
8.4866
8.44987
8.40932
8.36811
8.32531
8.28218
8.24187
8.20378
8.16731
8.13181
8.09623
8.05929
8.0208
7.98045
7.9377
7.89327
7.84847
7.80376
7.75944
7.71581
7.67272
7.62962
7.58595
7.5422
7.49924
7.45733
7.41747
7.38047
7.34592
7.31214
7.27766
7.2418
7.20536
7.16885
7.13472
7.10311
7.07288
7.04257
7.01096
6.97644
6.9379
6.89679
6.85981
6.82906
6.80065
6.77257
6.74271
6.70935
6.67161
6.63172
6.59531
6.56492
6.53861
6.51319
6.48741
6.46002
6.42949
6.39517
6.35806
6.32241
6.29179
6.26622
6.24286
6.21916
6.19382
6.16526
6.13272
6.09892
6.06765
6.04083
6.01692
5.99333
5.96889
5.94184
5.91245
5.8836
5.85786
5.83458
5.81182
5.78693
5.75686
5.72337
5.69629
5.67627
5.658
5.63997
5.62148
5.6013
5.57707
5.54496
5.50646
5.47764
5.45936
5.44301
5.42679
5.41041
5.39312
5.3733
5.34824
5.31607
5.28201
5.25987
5.24478
5.22947
5.21299
5.19472
5.17234
5.14299
5.10808
5.07863
5.05974
5.04409
5.02962
5.01606
5.00171
4.9853
4.96577
4.94124
4.91143
4.88031
4.85592
4.83888
4.82414
4.80966
4.7947
4.7781
4.75806
4.73347
4.70637
4.68065
4.66002
4.64378
4.62909
4.61492
4.60039
4.58361
4.56235
4.53706
4.51214
4.4917
4.47587
4.46163
4.44698
4.43084
4.41138
4.38904
4.36922
4.35484
4.34272
4.33038
4.31674
4.29993
4.27715
4.24882
4.22814
4.21687
4.206
4.19577
4.17454
1.18723
1.18911
1.19178
1.19697
1.2045
1.21454
1.23101
1.25779
1.28488
1.30683
1.3352
1.36148
1.38247
1.40924
1.4405
1.46718
1.49537
1.54361
1.57982
1.5998
1.62521
1.65147
1.66277
1.67591
1.70201
1.71808
1.73118
1.75537
1.77725
1.77895
1.778
1.78409
1.79056
1.79136
1.79498
1.8046
1.81532
1.8199
1.82152
1.8221
1.82131
1.81923
1.82012
1.824
1.82902
1.83493
1.83732
1.83746
1.83779
1.83903
1.84111
1.84247
1.8444
1.84683
1.84657
1.84534
1.84493
1.84437
1.84596
1.85466
1.88499
1.94915
2.07437
2.34486
2.67331
3.06346
3.69231
4.12213
4.46293
4.89728
5.14313
5.23134
5.2894
5.3085
5.31685
5.33417
5.33822
5.32323
5.2981
5.25907
5.20838
5.16618
5.13902
5.11539
5.08585
5.05547
5.0255
4.99391
4.97372
4.96218
4.95319
4.93667
4.91433
4.88749
4.85462
4.83044
4.81449
4.80041
4.79297
4.78188
4.76551
4.76028
4.77341
4.82833
4.95497
5.1641
5.46799
5.90546
6.38642
6.89034
7.43389
7.80786
8.15401
8.51291
8.70761
8.82632
8.9076
8.9332
8.93574
8.91533
8.89333
8.86946
8.83371
8.77361
8.70012
8.62478
8.55646
8.50857
8.46123
8.41627
8.37042
8.32901
8.29087
8.25283
8.21859
8.18821
8.1566
8.12102
8.08074
8.03829
7.99865
7.96351
7.92994
7.89503
7.8576
7.81705
7.77281
7.72495
7.67716
7.63508
7.59775
7.56149
7.52506
7.48736
7.44677
7.40375
7.36162
7.32476
7.29149
7.25933
7.22675
7.19252
7.15543
7.11683
7.0791
7.04463
7.01301
6.98187
6.94969
6.91437
6.87429
6.83186
6.79413
6.76269
6.73562
6.70915
6.68077
6.64953
6.61428
6.57562
6.53745
6.50534
6.47883
6.45427
6.43055
6.40563
6.37802
6.34677
6.3115
6.27497
6.24265
6.21713
6.1949
6.17286
6.14983
6.12421
6.09509
6.06357
6.03197
6.00264
5.97588
5.95078
5.92594
5.90025
5.87372
5.84788
5.82412
5.80121
5.77714
5.74923
5.71458
5.68126
5.65944
5.64097
5.62307
5.6055
5.5875
5.56798
5.54444
5.51269
5.47298
5.44399
5.42593
5.40957
5.39356
5.37738
5.36044
5.34117
5.31657
5.28415
5.24767
5.22292
5.2077
5.19259
5.17649
5.15938
5.13957
5.11429
5.08185
5.04843
5.02475
5.00771
4.99312
4.97958
4.96565
4.95045
4.93318
4.91251
4.88649
4.8545
4.82365
4.80271
4.78747
4.77343
4.75944
4.74465
4.72786
4.70792
4.6842
4.65777
4.63195
4.61032
4.59344
4.57935
4.56566
4.55018
4.53203
4.51226
4.49239
4.47339
4.45506
4.43651
4.41654
4.39497
4.37575
4.36096
4.34852
4.33692
4.32488
4.31124
4.29378
4.26941
4.23812
4.21648
4.20553
4.19503
4.18543
4.16502
1.20684
1.19387
1.18796
1.18729
1.18703
1.18855
1.18898
1.187
1.18371
1.1788
1.1769
1.17848
1.18213
1.19025
1.20648
1.21702
1.22488
1.23785
1.25791
1.2757
1.29295
1.31829
1.34985
1.37993
1.4164
1.45593
1.48544
1.51135
1.54739
1.57303
1.5889
1.60821
1.64124
1.67104
1.69427
1.72036
1.7362
1.74601
1.75327
1.76046
1.76841
1.77881
1.79052
1.80337
1.81739
1.82295
1.82353
1.82217
1.82021
1.82023
1.81875
1.81798
1.82176
1.829
1.83335
1.83819
1.85944
1.91824
2.0378
2.28307
2.66899
3.0627
3.60009
4.23025
4.53364
4.84325
5.15422
5.25416
5.3353
5.38834
5.38464
5.36901
5.36039
5.34733
5.33274
5.31644
5.29064
5.25031
5.19901
5.15899
5.1295
5.1021
5.07628
5.05121
5.02446
4.99643
4.97633
4.96287
4.95235
4.93955
4.92037
4.89853
4.8707
4.84106
4.82617
4.8174
4.80612
4.78837
4.76547
4.73716
4.70158
4.67068
4.65025
4.6346
4.61758
4.59769
4.59158
4.60841
4.66956
4.79809
5.01446
5.31753
5.69576
6.1775
6.65847
7.11415
7.59759
7.94952
8.16801
8.37357
8.54453
8.59035
8.6022
8.59941
8.57324
8.54883
8.51587
8.47231
8.41298
8.35368
8.30495
8.2645
8.2286
8.1956
8.16527
8.13501
8.09989
8.06174
8.02052
7.97529
7.93248
7.90053
7.87257
7.84244
7.80916
7.7737
7.73532
7.69181
7.64453
7.60297
7.56951
7.53814
7.50698
7.47471
7.43917
7.39855
7.35364
7.311
7.27451
7.24127
7.20872
7.1754
7.13966
7.1004
7.05799
7.01621
6.97986
6.9471
6.91548
6.88301
6.84746
6.80589
6.76061
6.72024
6.69131
6.66699
6.64213
6.61651
6.58921
6.55887
6.52305
6.48191
6.4451
6.41782
6.3967
6.37632
6.35485
6.33173
6.30552
6.27361
6.23415
6.19612
6.17081
6.15043
6.13024
6.10945
6.08728
6.06278
6.03487
6.00336
5.96968
5.93731
5.909
5.88398
5.86031
5.83756
5.81547
5.79307
5.76971
5.74342
5.71087
5.67358
5.64229
5.62021
5.60245
5.58545
5.56842
5.55096
5.53188
5.50902
5.47869
5.44093
5.40849
5.38825
5.37228
5.35665
5.34076
5.32427
5.30587
5.28224
5.24839
5.20934
5.18485
5.16896
5.15371
5.13852
5.1229
5.10566
5.08465
5.05726
5.02381
4.99159
4.96854
4.95379
4.94093
4.92766
4.91373
4.89908
4.88204
4.85969
4.82934
4.79447
4.76785
4.75129
4.73801
4.72514
4.71184
4.69758
4.68129
4.66192
4.63661
4.60297
4.5718
4.55506
4.54317
4.531
4.51792
4.50458
4.49061
4.4749
4.45545
4.429
4.3969
4.37465
4.36277
4.35195
4.34099
4.33024
4.31892
4.30588
4.28885
4.26311
4.22823
4.20363
4.19152
4.18111
4.17213
4.1534
1.25211
1.2366
1.23347
1.23121
1.22974
1.22829
1.22559
1.22011
1.20623
1.18945
1.18494
1.18403
1.18408
1.18894
1.19884
1.20223
1.2015
1.19789
1.19305
1.19252
1.19345
1.19643
1.20421
1.21781
1.2285
1.23569
1.24277
1.25058
1.26183
1.27748
1.29765
1.32166
1.34974
1.38243
1.42014
1.44336
1.4611
1.48456
1.51596
1.53337
1.55267
1.58731
1.62966
1.64749
1.66277
1.68526
1.69342
1.69621
1.69859
1.70951
1.72179
1.73725
1.76261
1.81532
1.91187
2.12252
2.53418
2.96493
3.45923
4.137
4.50309
4.80782
5.12342
5.22578
5.29253
5.36999
5.42496
5.45015
5.44984
5.43752
5.41881
5.40242
5.38928
5.36967
5.33627
5.28406
5.22851
5.17367
5.12682
5.09762
5.07496
5.05289
5.02985
5.00484
4.98675
4.9742
4.95763
4.93795
4.91701
4.89103
4.86093
4.83963
4.82693
4.81686
4.80603
4.79118
4.77004
4.73879
4.70149
4.67215
4.64907
4.62666
4.60452
4.58059
4.55216
4.51977
4.49259
4.47819
4.46974
4.46448
4.4647
4.47162
4.49145
4.54395
4.66041
4.84884
5.12491
5.49362
5.9069
6.32928
6.78985
7.16337
7.44763
7.74137
7.97054
8.06397
8.14325
8.19451
8.2206
8.22007
8.21678
8.21082
8.19338
8.16311
8.12325
8.08548
8.05165
8.02093
7.98747
7.95326
7.91458
7.87354
7.83304
7.79114
7.75269
7.71855
7.68623
7.65304
7.61736
7.58018
7.54384
7.51043
7.47919
7.44797
7.41457
7.3775
7.33654
7.29391
7.25303
7.21535
7.17998
7.14535
7.10985
7.072
7.03103
6.98801
6.94718
6.91117
6.87841
6.84684
6.81444
6.7784
6.73668
6.69294
6.65404
6.6269
6.60383
6.58085
6.558
6.53417
6.50683
6.47226
6.43139
6.39406
6.3689
6.34939
6.33022
6.31088
6.29074
6.26711
6.23612
6.19653
6.15758
6.13054
6.11033
6.09102
6.07132
6.0507
6.02807
6.00181
5.97071
5.9355
5.89929
5.86681
5.84111
5.81979
5.79943
5.77888
5.75769
5.73483
5.70846
5.67547
5.63596
5.60146
5.57901
5.56143
5.54479
5.52822
5.51133
5.49347
5.47268
5.44507
5.4072
5.36895
5.34674
5.331
5.31552
5.29997
5.28404
5.26629
5.24378
5.21249
5.174
5.14436
5.12762
5.11355
5.09938
5.08473
5.06914
5.05121
5.02836
4.99751
4.96
4.93092
4.91508
4.9022
4.88945
4.87639
4.86257
4.84695
4.82687
4.79842
4.76218
4.73274
4.71663
4.70417
4.69191
4.67942
4.66648
4.65195
4.63217
4.60082
4.56043
4.53392
4.52108
4.51036
4.49974
4.48888
4.47742
4.46458
4.44793
4.4217
4.38426
4.35873
4.34625
4.3358
4.32575
4.3158
4.30537
4.2937
4.27948
4.25845
4.22561
4.19008
4.17215
4.16172
4.15347
4.13627
1.39779
1.39403
1.39157
1.38434
1.37374
1.36288
1.35179
1.3341
1.30218
1.2863
1.28299
1.27835
1.27244
1.26933
1.26753
1.26238
1.24801
1.22787
1.22058
1.2194
1.21899
1.2187
1.21858
1.21841
1.21579
1.20953
1.20052
1.19735
1.1972
1.19814
1.20214
1.20641
1.20838
1.20896
1.2087
1.21133
1.21664
1.22616
1.24358
1.26621
1.28613
1.30643
1.33414
1.35677
1.37711
1.40224
1.43085
1.47817
1.52479
1.5763
1.68026
1.83087
2.12909
2.60158
3.05046
3.68573
4.20871
4.46662
4.77239
5.03957
5.11146
5.18288
5.22917
5.25394
5.27457
5.29754
5.31866
5.32135
5.30972
5.2845
5.26712
5.25801
5.23252
5.20441
5.17003
5.12884
5.10763
5.09795
5.09484
5.08809
5.0737
5.05412
5.02383
4.99361
4.9724
4.9496
4.92984
4.91152
4.88953
4.86178
4.83149
4.81408
4.80121
4.78885
4.77098
4.74819
4.71891
4.67705
4.63417
4.60854
4.58795
4.57007
4.55101
4.52835
4.49955
4.47263
4.45821
4.44726
4.44175
4.43716
4.42543
4.41268
4.39587
4.37828
4.35897
4.34811
4.33944
4.35166
4.39187
4.47297
4.61884
4.84406
5.14254
5.49009
5.88539
6.29339
6.66511
7.02534
7.31318
7.50274
7.67898
7.82757
7.86752
7.88147
7.9106
7.92316
7.91853
7.91217
7.9175
7.90327
7.86631
7.82225
7.77067
7.73103
7.69803
7.66798
7.64106
7.61222
7.5789
7.53982
7.49325
7.44613
7.40523
7.3713
7.34041
7.30974
7.27803
7.24283
7.20394
7.16353
7.12492
7.0899
7.05765
7.02574
6.99182
6.95533
6.91659
6.87742
6.84112
6.80914
6.77927
6.74942
6.71729
6.68122
6.64078
6.60049
6.56927
6.54479
6.52414
6.50378
6.48184
6.45705
6.42705
6.39054
6.3517
6.3205
6.29885
6.27956
6.26093
6.24154
6.219
6.19097
6.15622
6.11784
6.08499
6.06093
6.04038
6.0206
6.00056
5.97916
5.95508
5.92702
5.89392
5.85527
5.81708
5.79042
5.77049
5.75149
5.73257
5.71344
5.6931
5.66908
5.63776
5.59732
5.55696
5.53224
5.51578
5.50005
5.48425
5.46836
5.4518
5.43263
5.40684
5.37002
5.32925
5.30261
5.2859
5.27087
5.25601
5.24087
5.22443
5.20437
5.17701
5.14029
5.10506
5.08542
5.07163
5.05803
5.04407
5.02968
5.01417
4.99538
4.9696
4.93425
4.89824
4.87676
4.86299
4.85016
4.83727
4.82394
4.80913
4.79057
4.76474
4.73056
4.69988
4.68269
4.67033
4.65845
4.64647
4.63369
4.61835
4.59639
4.56157
4.52104
4.4991
4.48793
4.47766
4.46766
4.45698
4.44523
4.43179
4.41412
4.38775
4.35273
4.32677
4.31423
4.30417
4.29432
4.28427
4.27365
4.2621
4.24776
4.22693
4.19576
4.16121
4.14006
4.13129
4.11546
1.55575
1.54246
1.53588
1.52902
1.51828
1.50023
1.46779
1.42781
1.41284
1.40947
1.40499
1.39695
1.38784
1.37714
1.36174
1.33795
1.31217
1.29382
1.28606
1.2825
1.28111
1.27882
1.27284
1.26209
1.24437
1.22496
1.21433
1.21152
1.21073
1.21254
1.21571
1.21496
1.21328
1.20942
1.20156
1.19854
1.19832
1.1993
1.20405
1.21202
1.21546
1.2161
1.21646
1.2161
1.221
1.23671
1.27164
1.36731
1.55127
1.87841
2.38908
2.81321
3.4188
3.91792
4.11944
4.32252
4.44003
4.51382
4.5754
4.61106
4.65146
4.67723
4.69901
4.73379
4.77128
4.80285
4.81283
4.7972
4.79232
4.80479
4.81219
4.84148
4.87292
4.87144
4.87966
4.88321
4.87864
4.88864
4.90442
4.92029
4.92714
4.91431
4.88355
4.85831
4.84799
4.84306
4.84672
4.85178
4.84102
4.82525
4.80587
4.77904
4.75791
4.7407
4.71226
4.68415
4.65524
4.6187
4.5764
4.54744
4.52857
4.51758
4.51283
4.49987
4.48333
4.46404
4.44931
4.4379
4.42605
4.4116
4.39325
4.36793
4.34416
4.31541
4.28317
4.26174
4.23624
4.20671
4.1931
4.17847
4.16004
4.15623
4.17
4.19704
4.2581
4.37431
4.56097
4.79692
5.10692
5.47084
5.80313
6.20348
6.52146
6.75436
7.04204
7.22815
7.30921
7.41905
7.5044
7.52406
7.56681
7.60023
7.59548
7.60531
7.62175
7.62682
7.60999
7.58378
7.54935
7.50728
7.46509
7.42114
7.37918
7.34329
7.31253
7.27969
7.24108
7.19905
7.15561
7.11216
7.07154
7.03809
7.00897
6.98251
6.95463
6.92337
6.88755
6.84885
6.81139
6.77886
6.75112
6.72644
6.70162
6.67386
6.6405
6.60066
6.5592
6.52482
6.49926
6.47861
6.45829
6.43685
6.41323
6.38481
6.34956
6.30853
6.27076
6.24377
6.22243
6.20372
6.18475
6.16323
6.13769
6.10672
6.07128
6.03588
6.00552
5.98199
5.96204
5.94307
5.92371
5.9026
5.87828
5.84843
5.81021
5.76792
5.73825
5.71882
5.70132
5.68435
5.66733
5.64914
5.6276
5.59882
5.55919
5.51549
5.4864
5.46921
5.4542
5.43955
5.42489
5.40955
5.39195
5.3686
5.33471
5.29183
5.25822
5.23939
5.22486
5.21107
5.19711
5.18202
5.16436
5.14134
5.10953
5.07056
5.04316
5.02881
5.01564
5.00218
4.98877
4.97486
4.95868
4.9367
4.90529
4.86789
4.83903
4.82172
4.80871
4.79655
4.78373
4.76934
4.75207
4.7288
4.69733
4.66519
4.64513
4.63236
4.62078
4.60909
4.59654
4.58156
4.56052
4.52791
4.48702
4.46262
4.45106
4.44058
4.43001
4.41936
4.4084
4.39621
4.38031
4.3566
4.32435
4.29497
4.27768
4.26612
4.25596
4.2462
4.23619
4.22519
4.21213
4.19444
4.16883
4.13357
4.10946
4.09106
1.72705
1.71135
1.69764
1.68178
1.66087
1.63347
1.60503
1.58443
1.56589
1.55643
1.55362
1.54897
1.53662
1.51691
1.48786
1.45504
1.44322
1.43775
1.42926
1.41818
1.41
1.40366
1.39355
1.37198
1.34018
1.32653
1.32002
1.31213
1.30863
1.30781
1.30349
1.29397
1.27833
1.25781
1.24914
1.24488
1.23959
1.23723
1.23782
1.23991
1.24133
1.24671
1.26461
1.31146
1.45296
1.68126
2.00755
2.5828
2.99708
3.3888
3.86168
4.01501
4.08012
4.10751
4.11769
4.13098
4.12674
4.11902
4.094
4.05542
4.03559
4.03733
4.06046
4.08366
4.09046
4.09862
4.11226
4.12554
4.13984
4.16382
4.1917
4.21953
4.261
4.27948
4.29639
4.32724
4.34513
4.36674
4.40278
4.43441
4.4601
4.48988
4.5122
4.52005
4.53278
4.56186
4.57806
4.58407
4.59238
4.59253
4.57468
4.54984
4.54202
4.54289
4.53038
4.52822
4.52438
4.50423
4.48242
4.47108
4.46144
4.45509
4.45845
4.45374
4.44347
4.42774
4.40818
4.3956
4.37733
4.3478
4.32253
4.29583
4.27013
4.24014
4.20984
4.18705
4.16252
4.13728
4.11946
4.10684
4.09649
4.08912
4.07813
4.07058
4.05632
4.04355
4.0401
4.03753
4.0477
4.0879
4.1616
4.27441
4.45733
4.67133
4.94271
5.26973
5.54743
5.88757
6.21043
6.41321
6.66995
6.91197
7.01015
7.1164
7.22132
7.25028
7.2723
7.30967
7.33225
7.32405
7.32068
7.32987
7.32127
7.30491
7.27749
7.23471
7.19145
7.15479
7.1209
7.08625
7.04976
7.01763
6.98595
6.94968
6.91377
6.87666
6.83882
6.80046
6.7663
6.73562
6.71156
6.68947
6.66725
6.64392
6.61682
6.58373
6.54484
6.50491
6.4716
6.44606
6.42475
6.40504
6.38457
6.36129
6.33325
6.29847
6.25647
6.21488
6.18222
6.15756
6.13851
6.11947
6.09872
6.07565
6.04826
6.01586
5.97925
5.94409
5.91704
5.89643
5.8793
5.86255
5.84454
5.82386
5.79782
5.76276
5.72027
5.68464
5.66329
5.64681
5.63142
5.61595
5.59943
5.58034
5.55502
5.5183
5.47177
5.43718
5.41943
5.40526
5.39157
5.37785
5.36343
5.3471
5.32603
5.29546
5.25315
5.21255
5.19055
5.17692
5.16392
5.15053
5.13652
5.12104
5.10149
5.07331
5.03405
5.00024
4.98253
4.96903
4.9562
4.94379
4.93096
4.9163
4.8975
4.87108
4.83419
4.79704
4.77712
4.7649
4.75284
4.74036
4.72734
4.71216
4.69153
4.66168
4.62643
4.60175
4.58821
4.57712
4.56614
4.55478
4.54197
4.52496
4.49985
4.46532
4.42909
4.40788
4.39722
4.38771
4.37856
4.36916
4.35789
4.34433
4.32696
4.30222
4.26742
4.23757
4.22506
4.21573
4.20615
4.19622
4.1861
4.17512
4.16143
4.1404
4.11086
4.07272
1.88111
1.86811
1.84713
1.82101
1.78455
1.75087
1.74091
1.73186
1.71922
1.70642
1.69254
1.68024
1.6638
1.63641
1.59737
1.57693
1.57271
1.56876
1.56026
1.54854
1.5358
1.52139
1.49984
1.46257
1.44348
1.44013
1.43577
1.42845
1.41849
1.40947
1.3984
1.37774
1.34298
1.32476
1.31979
1.31645
1.3157
1.31407
1.32826
1.36036
1.43574
1.64194
1.92234
2.34328
2.99472
3.37598
3.79728
4.18469
4.2561
4.26729
4.25711
4.23966
4.23952
4.2037
4.14772
4.07572
4.00858
3.97967
3.96625
3.9685
3.96828
3.95258
3.92897
3.90441
3.88594
3.87183
3.86601
3.85789
3.83631
3.81715
3.80342
3.78954
3.78323
3.7702
3.75156
3.74792
3.74547
3.74032
3.73865
3.74118
3.75608
3.77984
3.80681
3.83619
3.85825
3.8833
3.91875
3.93988
3.9611
3.99239
4.01128
4.02639
4.05272
4.08388
4.09924
4.11734
4.15107
4.17749
4.1853
4.19973
4.22357
4.2256
4.22543
4.23154
4.23628
4.22219
4.20103
4.19741
4.19072
4.1684
4.15996
4.15591
4.13693
4.12687
4.12311
4.10708
4.09206
4.08673
4.07509
4.0627
4.05211
4.04367
4.03653
4.02663
4.00709
3.98231
3.95854
3.92746
3.90094
3.8895
3.87421
3.85636
3.85031
3.85388
3.86614
3.90835
3.98397
4.09802
4.27417
4.47058
4.7107
5.02249
5.28061
5.55019
5.88772
6.09833
6.27312
6.50901
6.67945
6.74432
6.82729
6.91587
6.94647
6.95481
6.98718
7.02331
7.03598
7.03105
7.03289
7.02958
7.02215
7.00891
6.97974
6.94614
6.91362
6.88302
6.85009
6.81526
6.7834
6.75487
6.72577
6.69235
6.65659
6.62039
6.58517
6.55044
6.51574
6.47917
6.44401
6.41204
6.38587
6.36293
6.34282
6.32156
6.29687
6.26834
6.23484
6.19526
6.15462
6.1217
6.09684
6.07774
6.05932
6.03924
6.01673
5.99059
5.95958
5.92294
5.88598
5.85598
5.83407
5.81758
5.80224
5.78602
5.76755
5.7443
5.71285
5.67239
5.63238
5.60556
5.58807
5.57396
5.56024
5.54565
5.52881
5.50661
5.47402
5.42959
5.38971
5.36819
5.35389
5.34091
5.32816
5.31481
5.29977
5.2808
5.25329
5.21237
5.16754
5.14171
5.12724
5.11433
5.10167
5.08878
5.07474
5.05744
5.03243
4.99549
4.95631
4.93397
4.92082
4.90899
4.89732
4.88523
4.87203
4.85568
4.83132
4.79437
4.75588
4.73472
4.72219
4.71077
4.69942
4.68751
4.67354
4.65419
4.62439
4.58539
4.5572
4.54384
4.53364
4.52384
4.51399
4.50335
4.49005
4.46997
4.43745
4.39487
4.36777
4.35692
4.3481
4.33942
4.32977
4.31968
4.30859
4.29381
4.26967
4.23353
4.20343
4.18772
4.1765
4.16668
4.15766
4.14876
4.13929
4.12701
4.11041
4.07146
2.02364
2.01019
1.98856
1.95179
1.90682
1.88925
1.88555
1.87871
1.86434
1.84852
1.83221
1.80796
1.77782
1.7536
1.73419
1.71402
1.70544
1.70289
1.69636
1.68195
1.66115
1.63152
1.60485
1.5918
1.5808
1.56921
1.56192
1.55527
1.54538
1.5291
1.50734
1.4752
1.46074
1.46248
1.4707
1.50937
1.58913
1.7538
2.06354
2.41087
2.9611
3.58599
3.91085
4.31197
4.59767
4.64745
4.61956
4.57633
4.5241
4.4878
4.42629
4.36516
4.30993
4.23595
4.17126
4.14681
4.13275
4.12127
4.10242
4.08044
4.05127
4.01327
3.98514
3.96324
3.94294
3.9187
3.89026
3.85696
3.81973
3.79127
3.76892
3.74946
3.72965
3.7064
3.67731
3.65576
3.64478
3.63671
3.63405
3.63715
3.62462
3.60318
3.5769
3.56122
3.55359
3.53441
3.51481
3.50846
3.50714
3.4943
3.48328
3.46943
3.461
3.46785
3.4925
3.50997
3.52302
3.54773
3.57073
3.5845
3.61049
3.63753
3.647
3.66524
3.69702
3.71145
3.72603
3.75296
3.75922
3.7611
3.77553
3.79901
3.80487
3.81492
3.83923
3.86566
3.86635
3.86846
3.88023
3.87693
3.86517
3.85836
3.86165
3.8597
3.84077
3.82372
3.81605
3.79733
3.782
3.77796
3.76726
3.75243
3.74766
3.7368
3.71775
3.70929
3.70892
3.70156
3.70144
3.71469
3.72857
3.76327
3.82901
3.92107
4.05206
4.23149
4.43517
4.66106
4.93683
5.19714
5.44012
5.71091
5.93437
6.10615
6.26306
6.44212
6.56155
6.58863
6.63467
6.70276
6.73412
6.73634
6.76298
6.8041
6.81657
6.82045
6.81925
6.81156
6.79493
6.76784
6.73224
6.69528
6.65986
6.62439
6.58709
6.54951
6.51338
6.47659
6.43828
6.39652
6.35743
6.31943
6.28672
6.26182
6.2362
6.21127
6.18391
6.15498
6.12097
6.08566
6.0544
6.02803
6.00814
5.98875
5.96856
5.94743
5.92396
5.89692
5.86516
5.83251
5.80262
5.77715
5.7586
5.74324
5.72714
5.70918
5.68768
5.66007
5.62467
5.58417
5.54918
5.52677
5.51308
5.50067
5.48718
5.4717
5.45203
5.42399
5.38406
5.34091
5.31362
5.29823
5.28613
5.27468
5.26241
5.24826
5.23073
5.20554
5.16718
5.1216
5.0915
5.07583
5.06341
5.0517
5.0398
5.0267
5.01058
4.98729
4.95105
4.90815
4.8832
4.87034
4.85892
4.84774
4.83653
4.82431
4.80878
4.78525
4.74872
4.71022
4.68985
4.67833
4.66779
4.65727
4.64626
4.63332
4.6149
4.58486
4.54349
4.51246
4.49803
4.48818
4.47931
4.47053
4.46112
4.44974
4.43345
4.40707
4.36759
4.33189
4.31574
4.30622
4.29753
4.2887
4.27934
4.26908
4.25588
4.23559
4.20489
4.17091
4.14735
4.13452
4.12644
4.11885
4.11085
4.10142
4.09184
4.06617
2.17304
2.13532
2.10872
2.08627
2.06431
2.03573
2.01816
2.01283
2.00411
1.98639
1.95959
1.92052
1.88719
1.88016
1.87223
1.85737
1.83835
1.8255
1.81602
1.80152
1.77784
1.73998
1.71189
1.70624
1.70367
1.69489
1.6809
1.66734
1.65477
1.63368
1.62458
1.63979
1.70529
1.83564
2.13594
2.56531
2.99781
3.7038
4.23257
4.52115
4.87128
5.06805
5.08476
5.03289
4.93445
4.85241
4.80173
4.74488
4.6972
4.65197
4.58752
4.50483
4.46378
4.44418
4.42977
4.42004
4.39732
4.36659
4.32488
4.27244
4.23079
4.19834
4.16535
4.13185
4.09719
4.05826
4.01167
3.96187
3.92818
3.90193
3.87574
3.84918
3.82178
3.78999
3.75142
3.71755
3.69661
3.677
3.65393
3.63185
3.60962
3.58287
3.54798
3.51146
3.4906
3.47739
3.46237
3.44237
3.41616
3.39793
3.38738
3.3831
3.37547
3.35871
3.34156
3.32601
3.31248
3.30557
3.29729
3.27984
3.26994
3.25676
3.23435
3.21635
3.20818
3.21156
3.20437
3.20015
3.20918
3.21449
3.21783
3.22942
3.25336
3.26786
3.28317
3.31372
3.33677
3.34593
3.36436
3.38802
3.39392
3.4088
3.43456
3.44025
3.44594
3.46924
3.4744
3.4759
3.48812
3.51306
3.51712
3.51428
3.52034
3.53285
3.53815
3.5264
3.51676
3.51558
3.51589
3.5009
3.48614
3.47998
3.47354
3.47038
3.48222
3.49881
3.51736
3.55526
3.61224
3.68542
3.80015
3.96622
4.13226
4.34544
4.59451
4.81631
5.09369
5.33586
5.50897
5.7472
5.93195
6.02052
6.14957
6.30148
6.34315
6.36776
6.43494
6.46885
6.47129
6.49244
6.52883
6.54524
6.54809
6.55789
6.55642
6.54071
6.51605
6.48193
6.44118
6.4019
6.36954
6.33566
6.29707
6.26269
6.23367
6.2044
6.17194
6.13573
6.1004
6.06156
6.02453
5.98831
5.95731
5.93236
5.90956
5.89068
5.87117
5.85179
5.8308
5.80552
5.7785
5.7485
5.7178
5.69473
5.67629
5.66024
5.64541
5.62829
5.60622
5.57644
5.53781
5.4972
5.46787
5.45295
5.441
5.42774
5.41279
5.39508
5.37123
5.33614
5.29185
5.25707
5.23757
5.22605
5.2156
5.20377
5.19024
5.17385
5.15082
5.1152
5.06992
5.03823
5.02218
5.0103
4.99961
4.98874
4.97647
4.96105
4.93871
4.90405
4.86095
4.83253
4.81898
4.80816
4.79781
4.78735
4.77572
4.76078
4.73768
4.70069
4.6625
4.64428
4.63396
4.62431
4.61474
4.60479
4.59312
4.57653
4.5494
4.50892
4.4706
4.45224
4.44276
4.43456
4.42649
4.41797
4.40815
4.39508
4.3749
4.34367
4.30452
4.27683
4.26409
4.25517
4.24695
4.23887
4.22964
4.21778
4.20105
4.17562
4.13799
4.10713
4.09726
4.08944
4.0807
4.07218
4.06507
4.04739
2.31323
2.28107
2.23886
2.2191
2.21069
2.1966
2.17529
2.14461
2.1223
2.10291
2.07986
2.05244
2.02163
2.00898
2.00075
1.98875
1.97434
1.95594
1.92652
1.89689
1.87717
1.86097
1.84739
1.82987
1.82191
1.81946
1.81321
1.81931
1.86827
1.98814
2.21861
2.70439
3.21315
3.76425
4.56728
4.94899
5.16896
5.39871
5.52055
5.52826
5.47706
5.35444
5.2347
5.145
5.08322
5.04505
5.0112
4.96497
4.90805
4.84137
4.79888
4.77188
4.74724
4.72657
4.69518
4.65742
4.61088
4.55007
4.49099
4.4495
4.41422
4.3802
4.34511
4.30732
4.26349
4.20864
4.15693
4.12611
4.09989
4.07272
4.0442
4.01428
3.98074
3.94013
3.89588
3.86084
3.8341
3.8079
3.78017
3.75166
3.72237
3.69029
3.65458
3.61887
3.5891
3.56442
3.54128
3.51799
3.49368
3.46846
3.44277
3.41645
3.38907
3.36339
3.33923
3.31409
3.29266
3.273
3.24732
3.21579
3.19543
3.17591
3.15164
3.13708
3.12898
3.11913
3.1063
3.09016
3.07436
3.06266
3.05288
3.04651
3.04331
3.02796
3.01321
3.00144
2.98095
2.96638
2.96089
2.96365
2.95647
2.942
2.93085
2.92959
2.93678
2.95129
2.96417
2.97527
2.98798
3.00659
3.03542
3.05028
3.05687
3.06995
3.09444
3.10162
3.10832
3.13569
3.14574
3.14277
3.15144
3.15362
3.14802
3.15076
3.16002
3.16224
3.16698
3.18234
3.19072
3.18627
3.1901
3.21463
3.25101
3.27783
3.32319
3.41274
3.50889
3.62367
3.76627
3.94284
4.17567
4.37399
4.56624
4.85981
5.079
5.22682
5.45131
5.64971
5.72827
5.84065
6.00646
6.07001
6.10324
6.17577
6.2226
6.23195
6.22869
6.24852
6.27033
6.27556
6.28332
6.292
6.29344
6.28026
6.25399
6.22159
6.18244
6.1378
6.10036
6.06968
6.03652
6.0037
5.97116
5.93664
5.90149
5.86688
5.83427
5.80792
5.78586
5.76257
5.73948
5.71133
5.67743
5.64179
5.60782
5.59172
5.58155
5.56925
5.55477
5.53578
5.51059
5.47554
5.42907
5.4011
5.38922
5.37722
5.36488
5.35248
5.33763
5.31683
5.28367
5.23884
5.19919
5.17764
5.16706
5.15684
5.14495
5.13193
5.11639
5.09439
5.05997
5.01561
4.98391
4.96809
4.95648
4.94669
4.93671
4.92488
4.91025
4.88924
4.85509
4.81107
4.78206
4.7679
4.75709
4.74738
4.73774
4.72681
4.71227
4.6892
4.65211
4.6134
4.59485
4.58515
4.57637
4.56776
4.55882
4.54866
4.53491
4.51277
4.47746
4.43397
4.40453
4.39285
4.3852
4.37781
4.36995
4.36127
4.35079
4.33616
4.31411
4.28156
4.24197
4.21854
4.20957
4.20199
4.1938
4.18491
4.17488
4.16141
4.14042
4.10826
4.07544
4.05768
4.04662
4.03736
4.03115
4.01726
)
;

boundaryField
{
    inlet
    {
        type            fixedValue;
        value           nonuniform 0();
    }
    outlet
    {
        type            zeroGradient;
    }
    bottom
    {
        type            symmetryPlane;
    }
    top
    {
        type            symmetryPlane;
    }
    obstacle
    {
        type            zeroGradient;
    }
    defaultFaces
    {
        type            empty;
    }
    procBoundary1to0
    {
        type            processor;
        value           nonuniform List<scalar> 8(1.85947 1.88742 1.93583 1.81435 1.61303 1.29347 1.18319 1.21482);
    }
    procBoundary1to2
    {
        type            processor;
        value           nonuniform List<scalar> 8(1.28627 1.41904 1.57256 1.73632 1.88549 2.04049 2.2028 2.33727);
    }
    procBoundary1to3
    {
        type            processor;
        value           nonuniform List<scalar> 
288
(
2.44141
2.42113
2.40423
2.38387
2.35707
2.33498
2.31012
2.28138
2.2494
2.21093
2.19337
2.18418
2.17103
2.15788
2.1428
2.11385
2.08144
2.0572
2.03438
2.01014
1.9877
1.98482
1.99165
2.00883
2.04764
2.16793
2.38087
2.77621
3.43476
3.98726
4.67519
5.43506
5.67374
5.82063
5.9222
5.9553
5.94863
5.88494
5.78234
5.6657
5.53643
5.44886
5.40045
5.36655
5.32529
5.28577
5.24451
5.18866
5.13424
5.0967
5.0639
5.02827
4.98873
4.94649
4.90023
4.84719
4.78701
4.72851
4.68092
4.64142
4.60492
4.56857
4.53109
4.49171
4.44877
4.40076
4.35255
4.31368
4.28218
4.2521
4.22162
4.19003
4.15627
4.11853
4.07504
4.03023
3.99379
3.96404
3.93545
3.90627
3.87593
3.84334
3.80661
3.76547
3.72474
3.69009
3.6613
3.6347
3.60763
3.57878
3.54706
3.51166
3.47323
3.4371
3.41126
3.39035
3.36964
3.34628
3.31798
3.2826
3.24563
3.2201
3.20211
3.186
3.17049
3.15225
3.13095
3.10367
3.0686
3.0423
3.02483
3.01146
2.99489
2.97457
2.95685
2.93759
2.90831
2.87625
2.86269
2.85461
2.84732
2.84775
2.84472
2.83238
2.81232
2.7903
2.77774
2.76896
2.76218
2.76341
2.76808
2.75878
2.73929
2.71625
2.69997
2.69025
2.68942
2.69894
2.70849
2.70913
2.70537
2.70912
2.71621
2.72459
2.7404
2.75543
2.76558
2.78164
2.79208
2.79211
2.78842
2.78828
2.79922
2.80897
2.80807
2.81376
2.83732
2.84564
2.85382
2.87646
2.92408
2.99958
3.07903
3.1761
3.32607
3.48377
3.63253
3.84267
4.06361
4.24679
4.49382
4.73633
4.91347
5.11951
5.37215
5.47918
5.55044
5.67118
5.8107
5.84938
5.86955
5.93126
5.98404
5.98899
6.00197
6.02182
6.02396
6.01793
6.01876
6.03105
6.03879
6.02928
6.00544
5.97426
5.93328
5.88431
5.83636
5.80073
5.77538
5.75395
5.73243
5.70569
5.67366
5.63314
5.58614
5.54736
5.52007
5.50175
5.48614
5.47015
5.45346
5.42995
5.39088
5.35084
5.32701
5.31244
5.30453
5.29666
5.28573
5.27224
5.25238
5.21995
5.17617
5.13584
5.11709
5.10788
5.09776
5.08637
5.07391
5.05888
5.03751
5.00314
4.9602
4.92788
4.91047
4.90132
4.8925
4.88243
4.87124
4.85735
4.83659
4.80242
4.75843
4.7281
4.71313
4.70315
4.69496
4.68653
4.67653
4.66308
4.64147
4.60347
4.55969
4.54178
4.53318
4.52455
4.51602
4.50795
4.49965
4.48916
4.47223
4.44295
4.39986
4.36066
4.34304
4.33428
4.32681
4.31965
4.31253
4.30475
4.29429
4.27762
4.25173
4.2171
4.18265
4.16256
4.15288
4.14568
4.13874
4.13052
4.11948
4.10322
4.07852
4.04671
4.01901
4.00106
3.99438
3.98279
)
;
    }
}


// ************************************************************************* //
