/*--------------------------------*- C++ -*----------------------------------*\
  =========                 |
  \\      /  F ield         | OpenFOAM: The Open Source CFD Toolbox
   \\    /   O peration     | Website:  https://openfoam.org
    \\  /    A nd           | Version:  7
     \\/     M anipulation  |
\*---------------------------------------------------------------------------*/
FoamFile
{
    version     2.0;
    format      ascii;
    class       volScalarField;
    location    "1.1";
    object      rho;
}
// * * * * * * * * * * * * * * * * * * * * * * * * * * * * * * * * * * * * * //

dimensions      [1 -3 0 0 0 0 0];

internalField   nonuniform List<scalar> 
1008
(
1.19017
1.3503
1.45569
1.52136
1.56084
1.57894
1.58661
1.59529
1.6099
1.63192
1.64802
1.64754
1.64157
1.63332
1.62747
1.6221
1.61725
1.61539
1.61645
1.61553
1.61159
1.60531
1.59544
1.58269
1.57191
1.56348
1.5548
1.54569
1.53737
1.53012
1.52331
1.51565
1.50433
1.4876
1.46674
1.4454
1.42756
1.41613
1.41143
1.41067
1.41114
1.41219
1.4142
1.41752
1.4197
1.41995
1.42017
1.4207
1.42145
1.42262
1.42457
1.42664
1.42739
1.42758
1.42764
1.42732
1.42565
1.4212
1.41537
1.41317
1.41316
1.41336
1.41462
1.29552
1.46032
1.59149
1.64614
1.65697
1.6542
1.64997
1.6477
1.65413
1.66831
1.67374
1.66959
1.65873
1.64538
1.63767
1.6339
1.63371
1.64015
1.63882
1.63153
1.62252
1.61345
1.60493
1.59714
1.59064
1.58393
1.57684
1.57145
1.56851
1.56678
1.56463
1.56072
1.55396
1.54393
1.53016
1.51174
1.48871
1.46331
1.44018
1.42405
1.41602
1.41388
1.41446
1.4168
1.4195
1.42037
1.421
1.42197
1.42309
1.42438
1.426
1.42751
1.42806
1.42822
1.42818
1.42744
1.42485
1.41931
1.41445
1.41349
1.41359
1.41388
1.41573
1.39405
1.4707
1.57325
1.64407
1.66227
1.65736
1.65385
1.65369
1.66551
1.67513
1.67071
1.66282
1.65005
1.63541
1.62843
1.62775
1.63554
1.63724
1.63249
1.62401
1.61327
1.60376
1.598
1.59433
1.58998
1.58343
1.57721
1.57372
1.57171
1.56949
1.56651
1.56325
1.56027
1.55705
1.55292
1.54689
1.53742
1.52271
1.50124
1.47513
1.45116
1.43355
1.42421
1.42212
1.42273
1.42297
1.42308
1.42368
1.42452
1.4254
1.42656
1.42791
1.42862
1.42884
1.42879
1.42761
1.42364
1.41721
1.41402
1.41387
1.41408
1.4146
1.41736
1.45647
1.46242
1.50776
1.58503
1.62932
1.64103
1.64638
1.65807
1.66282
1.65415
1.64338
1.6305
1.61683
1.60734
1.60427
1.60848
1.61517
1.61206
1.60404
1.59363
1.58492
1.58194
1.58279
1.58409
1.58167
1.57615
1.57219
1.5708
1.56954
1.56755
1.56543
1.5644
1.56378
1.56292
1.56153
1.55945
1.556
1.54981
1.5396
1.52334
1.50437
1.48517
1.46562
1.44757
1.43456
1.42809
1.42577
1.4253
1.4256
1.42608
1.42688
1.42825
1.4291
1.42929
1.42906
1.42716
1.42175
1.41576
1.41412
1.41421
1.41455
1.41558
1.41961
1.48949
1.45784
1.45785
1.49461
1.55314
1.60184
1.62575
1.62822
1.61964
1.60778
1.59537
1.5833
1.57642
1.57501
1.57889
1.58498
1.58245
1.57554
1.56674
1.56018
1.5595
1.56205
1.56515
1.56546
1.56328
1.55976
1.55682
1.55511
1.55323
1.55005
1.54524
1.54212
1.54339
1.54689
1.55092
1.55283
1.55154
1.54559
1.53769
1.53331
1.53036
1.52634
1.51781
1.50145
1.47688
1.45066
1.4334
1.42734
1.42646
1.42673
1.42766
1.42925
1.43002
1.43014
1.42951
1.42605
1.41924
1.41502
1.41464
1.41486
1.41548
1.41741
1.42251
1.49409
1.4455
1.4349
1.44673
1.48433
1.54408
1.58355
1.58939
1.58188
1.56472
1.54932
1.5421
1.54265
1.54776
1.55901
1.55997
1.55287
1.54125
1.5318
1.53024
1.53175
1.53686
1.53881
1.5376
1.53607
1.53463
1.53339
1.5324
1.53087
1.52796
1.5231
1.51706
1.51281
1.51325
1.51701
1.5233
1.53005
1.53528
1.53816
1.54276
1.54784
1.54804
1.54422
1.53547
1.51938
1.49644
1.46997
1.44666
1.43284
1.42878
1.42903
1.43022
1.43076
1.43103
1.42953
1.42404
1.41698
1.41488
1.41505
1.41551
1.41679
1.42039
1.42566
1.49338
1.44795
1.43865
1.44206
1.46052
1.50215
1.53042
1.53895
1.53645
1.52418
1.51518
1.51317
1.51608
1.5297
1.53508
1.53181
1.52215
1.50951
1.50332
1.50391
1.50837
1.51062
1.51062
1.50961
1.51021
1.51224
1.51329
1.51308
1.51152
1.50968
1.50771
1.50492
1.50125
1.49739
1.49662
1.49931
1.50375
1.51197
1.5273
1.54246
1.54668
1.54655
1.54363
1.53774
1.52946
1.51844
1.50471
1.48753
1.46752
1.44796
1.43584
1.4322
1.43137
1.43048
1.42763
1.42098
1.41609
1.41552
1.41577
1.41654
1.41901
1.42451
1.42831
1.50707
1.4769
1.45959
1.45322
1.4621
1.47729
1.48464
1.48245
1.48776
1.49032
1.48921
1.49644
1.50969
1.50947
1.50405
1.49778
1.49112
1.48656
1.48815
1.49038
1.48995
1.48823
1.48833
1.49076
1.49389
1.49779
1.50083
1.5009
1.49807
1.49699
1.49787
1.49842
1.49731
1.49263
1.48472
1.4816
1.48379
1.48773
1.4962
1.51179
1.52733
1.53445
1.53714
1.53808
1.53379
1.52495
1.51733
1.51163
1.50375
1.48986
1.46807
1.44605
1.43485
1.4299
1.42388
1.41764
1.41594
1.41618
1.41673
1.41835
1.42275
1.4288
1.4302
1.53569
1.51326
1.49201
1.47708
1.46909
1.45928
1.44394
1.43725
1.44446
1.45882
1.47227
1.48527
1.48603
1.47893
1.46869
1.46338
1.46457
1.47172
1.47547
1.47385
1.46965
1.4694
1.47072
1.47425
1.48101
1.48689
1.49042
1.49077
1.4874
1.488
1.49063
1.49249
1.49229
1.48872
1.48146
1.4749
1.47434
1.47772
1.48375
1.49425
1.51055
1.52162
1.52402
1.52469
1.52196
1.51732
1.51563
1.51541
1.51519
1.51316
1.50502
1.48437
1.45302
1.42942
1.41966
1.41667
1.4164
1.41666
1.4177
1.42119
1.42779
1.432
1.43198
1.56832
1.54277
1.52148
1.50032
1.46775
1.43622
1.42077
1.41759
1.42119
1.43445
1.46133
1.47244
1.46577
1.44991
1.44105
1.44196
1.44645
1.45491
1.45745
1.45482
1.45137
1.45402
1.45864
1.46358
1.47083
1.47639
1.47901
1.48078
1.48066
1.48192
1.48459
1.48909
1.49276
1.49294
1.48875
1.48095
1.47706
1.47816
1.48041
1.48398
1.4918
1.50207
1.50595
1.50671
1.50407
1.50264
1.50606
1.51504
1.52296
1.52407
1.52225
1.51343
1.48748
1.44777
1.42306
1.41794
1.41767
1.41813
1.42022
1.42595
1.43247
1.43424
1.43372
1.61132
1.58496
1.54761
1.50296
1.4525
1.41881
1.41214
1.41148
1.41875
1.4366
1.44812
1.44995
1.44063
1.42285
1.41859
1.42352
1.43464
1.44164
1.44244
1.43917
1.43733
1.44003
1.44595
1.45549
1.46371
1.46682
1.46815
1.47055
1.47449
1.47976
1.48551
1.48969
1.49209
1.49327
1.49115
1.48379
1.47682
1.47387
1.47423
1.47587
1.47965
1.48641
1.4923
1.49487
1.49661
1.49824
1.5006
1.50394
1.51175
1.51981
1.5204
1.51548
1.50198
1.47885
1.44865
1.42723
1.42119
1.42133
1.42448
1.43139
1.43556
1.43617
1.43519
1.61701
1.57948
1.53687
1.49425
1.45403
1.42781
1.41802
1.41626
1.41855
1.42136
1.4184
1.41499
1.41092
1.40805
1.40783
1.41611
1.42442
1.42635
1.42628
1.42444
1.42527
1.42979
1.43642
1.44801
1.45678
1.45993
1.46229
1.46494
1.46923
1.47464
1.48128
1.48691
1.49006
1.49211
1.49152
1.48594
1.4779
1.47352
1.47332
1.47567
1.47957
1.48286
1.48583
1.4891
1.49172
1.49341
1.49409
1.49395
1.495
1.49992
1.50584
1.50719
1.50446
1.49445
1.47839
1.45725
1.43823
1.431
1.43195
1.43599
1.43766
1.43807
1.43599
1.62533
1.57873
1.53341
1.49033
1.46668
1.45694
1.45069
1.44349
1.43558
1.41993
1.3978
1.38641
1.38774
1.39543
1.40959
1.41651
1.41664
1.41265
1.41022
1.41281
1.41683
1.42386
1.43625
1.44535
1.44909
1.45147
1.4529
1.45613
1.46108
1.46779
1.47524
1.4812
1.48507
1.48716
1.48839
1.48767
1.48604
1.48424
1.48234
1.48164
1.4823
1.48396
1.48523
1.48638
1.4883
1.49031
1.49167
1.49259
1.49131
1.48847
1.48867
1.49092
1.49256
1.49033
1.48534
1.4795
1.46976
1.45618
1.44467
1.44017
1.43971
1.44017
1.43505
1.62203
1.57776
1.53803
1.51102
1.49145
1.46901
1.44535
1.42687
1.41416
1.39936
1.38382
1.37973
1.38264
1.39187
1.39969
1.40256
1.40244
1.40025
1.40345
1.40971
1.41767
1.42676
1.4315
1.4343
1.4365
1.43909
1.4428
1.4474
1.45491
1.46407
1.47034
1.47369
1.47715
1.48018
1.48263
1.48626
1.49168
1.49621
1.4983
1.49636
1.48983
1.48362
1.48241
1.48341
1.48533
1.48755
1.48874
1.4892
1.48687
1.47846
1.47105
1.47006
1.47267
1.48061
1.48961
1.49329
1.49294
1.48685
1.47229
1.45408
1.44349
1.43922
1.42856
1.62886
1.60034
1.57489
1.55173
1.52581
1.49627
1.46476
1.43355
1.40857
1.39482
1.39104
1.39156
1.39596
1.40215
1.40365
1.39758
1.39443
1.4002
1.40757
1.4174
1.42775
1.43187
1.43303
1.43017
1.42898
1.43234
1.43681
1.4443
1.45688
1.46659
1.46745
1.4687
1.47172
1.47671
1.48318
1.49091
1.50184
1.51082
1.51367
1.51128
1.49813
1.48408
1.48154
1.48248
1.48459
1.48679
1.48749
1.48744
1.48448
1.47596
1.46692
1.46502
1.46611
1.4714
1.48541
1.49728
1.49954
1.49981
1.49499
1.47935
1.45489
1.43629
1.41549
1.60767
1.57993
1.55667
1.53305
1.50763
1.481
1.45342
1.42325
1.39319
1.37214
1.36691
1.36804
1.37404
1.38266
1.38709
1.38669
1.3823
1.3858
1.39294
1.40476
1.41692
1.42159
1.42422
1.42374
1.42239
1.42547
1.4292
1.43525
1.44635
1.45702
1.46091
1.46377
1.46685
1.47116
1.48094
1.50056
1.51955
1.52595
1.5264
1.52059
1.50106
1.48207
1.47868
1.47923
1.48073
1.48211
1.48261
1.4824
1.47915
1.47003
1.45915
1.45695
1.45901
1.46309
1.47447
1.49589
1.51234
1.51556
1.51326
1.499
1.46589
1.42514
1.40324
)
;

boundaryField
{
    inlet
    {
        type            calculated;
        value           nonuniform 0();
    }
    outlet
    {
        type            calculated;
        value           nonuniform List<scalar> 
16
(
1.41454
1.41559
1.41714
1.41931
1.42217
1.42538
1.42816
1.43013
1.43192
1.43367
1.43515
1.43606
1.43535
1.4293
1.41658
1.40378
)
;
    }
    bottom
    {
        type            symmetryPlane;
    }
    top
    {
        type            symmetryPlane;
    }
    obstacle
    {
        type            calculated;
        value           nonuniform 0();
    }
    defaultFaces
    {
        type            empty;
    }
    procBoundary3to1
    {
        type            processor;
        value           nonuniform List<scalar> 
63
(
1.20555
1.2708
1.31439
1.35093
1.38378
1.41323
1.441
1.46753
1.49307
1.52017
1.54572
1.56248
1.57143
1.57452
1.57372
1.57135
1.56835
1.5661
1.56612
1.56848
1.56873
1.56449
1.5551
1.54232
1.52984
1.51865
1.5071
1.49394
1.47946
1.46421
1.44929
1.43827
1.43105
1.42486
1.41868
1.41365
1.41038
1.40846
1.40811
1.40883
1.40998
1.41164
1.41437
1.41821
1.41971
1.41968
1.41943
1.41953
1.41996
1.42087
1.42274
1.42543
1.42685
1.42713
1.42724
1.42703
1.42589
1.42261
1.41693
1.41333
1.41291
1.41302
1.41385
)
;
    }
    procBoundary3to2
    {
        type            processor;
        value           nonuniform List<scalar> 
16
(
1.03563
1.17707
1.34972
1.4674
1.52479
1.55682
1.55515
1.55647
1.56478
1.59467
1.63256
1.64773
1.6735
1.66311
1.6584
1.64211
)
;
    }
}


// ************************************************************************* //
