/*--------------------------------*- C++ -*----------------------------------*\
  =========                 |
  \\      /  F ield         | OpenFOAM: The Open Source CFD Toolbox
   \\    /   O peration     | Website:  https://openfoam.org
    \\  /    A nd           | Version:  7
     \\/     M anipulation  |
\*---------------------------------------------------------------------------*/
FoamFile
{
    version     2.0;
    format      ascii;
    class       volScalarField;
    location    "2";
    object      rho;
}
// * * * * * * * * * * * * * * * * * * * * * * * * * * * * * * * * * * * * * //

dimensions      [1 -3 0 0 0 0 0];

internalField   nonuniform List<scalar> 
4608
(
1.60973
1.59137
1.57006
1.56329
1.55854
1.54941
1.53892
1.52433
1.49957
1.48377
1.47725
1.4685
1.46082
1.45388
1.44072
1.42547
1.41879
1.41101
1.39775
1.38564
1.37175
1.35608
1.35198
1.35248
1.34866
1.33918
1.32638
1.30849
1.29436
1.29091
1.2858
1.27811
1.26871
1.26243
1.2586
1.25261
1.24356
1.23021
1.21307
1.2061
1.20513
1.20349
1.1979
1.19047
1.18102
1.17244
1.16548
1.15429
1.15381
1.16264
1.19063
1.25829
1.37957
1.54428
1.76965
2.04414
2.22252
2.41515
2.55683
2.58214
2.59657
2.59874
2.58617
2.55835
2.52621
2.48937
2.45898
2.43019
2.40144
2.37779
2.36603
2.35888
2.35089
2.3426
2.33844
2.3333
2.32524
2.31783
2.31022
2.30172
2.29196
2.28107
2.26998
2.25786
2.24333
2.22685
2.21223
2.19985
2.18761
2.1761
2.16542
2.15345
2.14033
2.13211
2.12518
2.11788
2.11069
2.10285
2.09301
2.08218
2.07556
2.07069
2.06483
2.05869
2.05245
2.04415
2.03065
2.02067
2.01697
2.01016
2.00358
2.00114
1.9966
1.98849
1.98346
1.98246
1.98146
1.97898
1.9783
1.97918
1.97761
1.97254
1.96917
1.96988
1.96736
1.9609
1.96053
1.96093
1.95432
1.94967
1.95017
1.94883
1.94752
1.94929
1.95124
1.9522
1.95441
1.96178
1.96787
1.97141
1.97707
1.98395
1.99337
2.00344
2.0138
2.02368
2.03633
2.05188
2.05553
2.05589
2.05808
2.06553
2.06887
2.07192
2.07672
2.0849
2.09407
2.09622
2.09604
2.0953
2.09681
2.0982
2.09431
2.08937
2.08924
2.0942
2.10299
2.1062
2.10519
2.10346
2.09986
2.09698
2.09478
2.09295
2.09373
2.09607
2.09702
2.09883
2.09916
2.09466
2.09059
2.09035
2.08787
2.08106
2.07747
2.07316
2.06958
2.06582
2.06018
2.05683
2.05258
2.04383
2.03655
2.03254
2.02776
2.02612
2.02632
2.02825
2.02741
2.0283
2.02648
2.02494
2.02536
2.027
2.0321
2.04146
2.05474
2.0762
2.10761
2.14464
2.18666
2.24295
2.31454
2.37692
2.44248
2.54019
2.61605
2.66773
2.74412
2.83476
2.86916
2.90392
2.9744
3.02347
3.03332
3.05749
3.09918
3.10585
3.10509
3.12353
3.14124
3.13981
3.13984
3.15384
3.16081
3.16089
3.16849
3.17177
3.16926
3.16316
3.15333
3.14071
3.12784
3.11552
3.10163
3.08506
3.06872
3.05336
3.03609
3.01815
3.00406
2.99202
2.97637
2.9615
2.94739
2.93211
2.91757
2.90658
2.89591
2.88556
2.87549
2.86505
2.8544
2.84357
2.83362
2.82505
2.81704
2.80886
2.80069
2.79242
2.78297
2.77231
2.76196
2.75287
2.74435
2.73554
2.7266
2.71797
2.70843
2.69781
2.68675
2.67674
2.66877
2.65885
2.64857
2.63887
2.62993
2.61301
1.69088
1.68226
1.66999
1.66077
1.64603
1.62487
1.61347
1.6014
1.58578
1.57414
1.55859
1.54196
1.53715
1.53284
1.52375
1.51196
1.49399
1.46843
1.459
1.45824
1.45256
1.44261
1.43102
1.42078
1.4133
1.4042
1.39281
1.37701
1.36068
1.35529
1.35297
1.34924
1.34337
1.3353
1.32168
1.3058
1.29786
1.29088
1.28389
1.27618
1.26658
1.26331
1.2612
1.25528
1.24663
1.25101
1.27194
1.32834
1.4631
1.6376
1.85026
2.18435
2.39643
2.55162
2.72905
2.79373
2.80445
2.7958
2.77716
2.74936
2.71512
2.67583
2.63753
2.60475
2.57339
2.54619
2.53187
2.52197
2.51159
2.50109
2.49003
2.48141
2.47628
2.4701
2.4623
2.45313
2.44232
2.42984
2.41666
2.40288
2.38785
2.37124
2.35415
2.33947
2.32653
2.31468
2.30417
2.29366
2.282
2.26793
2.25141
2.24021
2.23298
2.22615
2.21886
2.21045
2.20104
2.18923
2.17454
2.16272
2.15532
2.14804
2.13921
2.13039
2.12216
2.11275
2.09988
2.08682
2.08008
2.07361
2.06676
2.06054
2.05384
2.04506
2.03507
2.02897
2.02242
2.01379
2.00676
2.00199
1.99624
1.98651
1.97577
1.97136
1.96554
1.95539
1.95026
1.94804
1.94334
1.94035
1.93544
1.92976
1.92802
1.9269
1.92558
1.92527
1.92551
1.92497
1.92599
1.9287
1.92668
1.92222
1.91879
1.91208
1.90438
1.90117
1.89858
1.89724
1.90128
1.91227
1.91433
1.91166
1.90748
1.90455
1.90324
1.90397
1.91379
1.93357
1.94815
1.95398
1.95779
1.96468
1.97252
1.97539
1.97867
1.98572
1.99904
2.01126
2.01694
2.0204
2.0231
2.02767
2.03436
2.03572
2.03487
2.03475
2.0348
2.03786
2.0429
2.04076
2.03793
2.03929
2.04163
2.0389
2.03583
2.03751
2.04068
2.04132
2.04246
2.04356
2.04173
2.03796
2.03779
2.03656
2.03331
2.0324
2.03368
2.0357
2.03782
2.038
2.03592
2.03419
2.03393
2.03432
2.03318
2.02741
2.02264
2.02201
2.01892
2.01484
2.01478
2.01874
2.0246
2.03152
2.04013
2.05711
2.08898
2.12361
2.16005
2.21446
2.28776
2.34227
2.40129
2.49282
2.5658
2.6227
2.71346
2.78661
2.82299
2.87402
2.95304
2.98075
3.00217
3.05042
3.08066
3.08252
3.09836
3.12767
3.13269
3.12972
3.13801
3.15045
3.15006
3.1544
3.1685
3.17333
3.17013
3.17031
3.16872
3.16299
3.15444
3.14394
3.12853
3.11021
3.09311
3.07428
3.05532
3.03954
3.02428
3.00907
2.99338
2.97717
2.96167
2.94638
2.93009
2.9153
2.90227
2.89021
2.87623
2.86392
2.85422
2.8448
2.83461
2.82408
2.81558
2.80594
2.79592
2.78505
2.77732
2.76981
2.76078
2.7527
2.74486
2.73627
2.7254
2.71389
2.70474
2.68882
1.79235
1.7769
1.75449
1.7449
1.73496
1.71958
1.70397
1.68086
1.6611
1.65566
1.64801
1.63712
1.62799
1.61235
1.59317
1.58217
1.5692
1.55639
1.54536
1.53184
1.52503
1.51936
1.5103
1.50017
1.48546
1.46442
1.45527
1.44877
1.44059
1.43504
1.42665
1.41599
1.40849
1.39901
1.387
1.37406
1.35676
1.34867
1.34852
1.34848
1.34437
1.34882
1.37148
1.42103
1.53717
1.74475
1.95616
2.26101
2.60605
2.74883
2.89657
3.00999
3.0334
3.01649
2.98812
2.95152
2.91533
2.87412
2.83786
2.80677
2.77119
2.72713
2.69686
2.68473
2.67714
2.67106
2.66311
2.65524
2.64339
2.62897
2.61932
2.61087
2.60168
2.59074
2.57816
2.56362
2.54697
2.529
2.51241
2.49975
2.4879
2.4742
2.45853
2.44346
2.42963
2.41664
2.40626
2.39737
2.38779
2.37655
2.36228
2.34821
2.33877
2.32968
2.32017
2.31099
2.3017
2.29147
2.27881
2.26346
2.25388
2.24598
2.23677
2.22694
2.21823
2.20944
2.19925
2.18583
2.17219
2.16436
2.15682
2.14794
2.13783
2.12804
2.11947
2.11001
2.09848
2.0852
2.07671
2.07061
2.06318
2.05375
2.04229
2.03287
2.02524
2.01692
2.00777
2.00175
1.99718
1.99268
1.98726
1.9801
1.96912
1.95954
1.95548
1.95045
1.94208
1.93427
1.93095
1.92859
1.92153
1.91196
1.90767
1.90302
1.89413
1.89008
1.88715
1.88115
1.87815
1.87695
1.87643
1.87803
1.88164
1.88537
1.88576
1.88225
1.8748
1.86879
1.86531
1.86257
1.86099
1.86599
1.8744
1.87423
1.86807
1.85674
1.85198
1.84994
1.84921
1.85377
1.86736
1.88049
1.88481
1.88464
1.88348
1.88397
1.88728
1.89498
1.90372
1.91254
1.92263
1.93515
1.9408
1.94207
1.94183
1.94299
1.94772
1.95335
1.9598
1.96941
1.97409
1.97692
1.983
1.98838
1.9884
1.9856
1.98475
1.9852
1.989
1.99209
1.99093
1.99055
1.99222
1.99539
1.99496
1.99139
1.98752
1.98405
1.98282
1.98425
1.9861
1.98344
1.98298
1.98529
1.98412
1.98197
1.98164
1.98326
1.98671
1.99534
2.00977
2.01873
2.02594
2.04199
2.07298
2.10555
2.14017
2.192
2.25232
2.30269
2.36765
2.44855
2.5095
2.5796
2.67147
2.72738
2.7735
2.85785
2.91556
2.93817
2.98052
3.0302
3.04329
3.06122
3.09915
3.10978
3.10697
3.11802
3.13816
3.13985
3.13658
3.14077
3.15201
3.15311
3.15325
3.16173
3.16275
3.15995
3.15357
3.14567
3.13625
3.12511
3.11221
3.09661
3.0793
3.06106
3.04081
3.02027
3.00209
2.98509
2.96955
2.95701
2.94463
2.92887
2.91212
2.8965
2.88171
2.86419
2.85076
2.84223
2.83348
2.82387
2.81342
2.80414
2.79337
2.78154
2.77215
2.75758
1.87861
1.86955
1.85679
1.84187
1.82685
1.80189
1.78364
1.7733
1.76051
1.75068
1.73641
1.71693
1.70828
1.69735
1.68245
1.66737
1.64557
1.63293
1.62817
1.62
1.61091
1.60179
1.58397
1.56881
1.55688
1.54365
1.53544
1.52447
1.51232
1.50794
1.50171
1.49149
1.47913
1.45954
1.44312
1.44104
1.44089
1.44591
1.47012
1.53144
1.63806
1.85348
2.12465
2.37504
2.74871
2.99496
3.11345
3.22502
3.27799
3.26755
3.23544
3.18692
3.13603
3.08731
3.03773
3.00308
2.97406
2.94296
2.90815
2.87067
2.8539
2.84494
2.83753
2.83024
2.82238
2.81268
2.79868
2.78363
2.77117
2.75946
2.74749
2.73439
2.71961
2.70283
2.68378
2.66442
2.6497
2.63745
2.62548
2.61312
2.59961
2.58337
2.56431
2.55054
2.5403
2.53062
2.52072
2.51
2.49811
2.48431
2.46883
2.45447
2.44442
2.43596
2.42654
2.41599
2.40548
2.39455
2.38249
2.36816
2.35636
2.34854
2.3401
2.33019
2.31916
2.30913
2.29945
2.28867
2.27564
2.26516
2.25741
2.24843
2.23813
2.22543
2.21391
2.20642
2.19809
2.18771
2.17774
2.17033
2.16212
2.1523
2.13976
2.12536
2.1182
2.11209
2.10407
2.09405
2.08608
2.07949
2.07174
2.06224
2.0478
2.03384
2.02812
2.02204
2.0128
2.00293
1.99745
1.99148
1.98344
1.97276
1.96389
1.9578
1.95213
1.94594
1.9396
1.93304
1.9244
1.91546
1.9102
1.90507
1.90089
1.89819
1.89496
1.89055
1.88302
1.86983
1.86404
1.8612
1.85472
1.84852
1.84585
1.84471
1.8448
1.84279
1.83958
1.83629
1.83175
1.82605
1.82407
1.82351
1.82432
1.82928
1.83375
1.83294
1.83097
1.82635
1.81748
1.81127
1.80804
1.8067
1.80905
1.81783
1.81903
1.81595
1.80963
1.80638
1.80754
1.81163
1.81766
1.82786
1.83743
1.84174
1.84655
1.85135
1.85318
1.85475
1.85931
1.86586
1.87016
1.87469
1.88607
1.89873
1.89901
1.89924
1.90509
1.90619
1.90488
1.90656
1.91106
1.91987
1.92487
1.92762
1.93191
1.93724
1.93793
1.93473
1.92952
1.92775
1.92764
1.92939
1.93072
1.93275
1.93769
1.94693
1.95448
1.95647
1.95873
1.96513
1.97617
1.99558
2.02139
2.04835
2.08421
2.13749
2.18621
2.23621
2.30153
2.36555
2.43472
2.50973
2.56984
2.62641
2.72668
2.78727
2.81821
2.8691
2.94735
2.96637
2.98398
3.02456
3.06743
3.07096
3.07728
3.10422
3.11421
3.11126
3.11336
3.12289
3.12814
3.12488
3.12636
3.13179
3.13156
3.13184
3.13372
3.13208
3.12702
3.11853
3.10669
3.09387
3.08179
3.06832
3.05297
3.0365
3.01964
2.99778
2.97465
2.95851
2.94669
2.9319
2.91544
2.90156
2.88918
2.87292
2.85732
2.83631
1.98621
1.97037
1.95318
1.92692
1.91228
1.90259
1.88694
1.87184
1.85294
1.83231
1.82359
1.81286
1.79822
1.78422
1.76301
1.74645
1.73812
1.72714
1.71713
1.70388
1.68513
1.67701
1.66696
1.65169
1.63811
1.62123
1.60827
1.60235
1.59515
1.5851
1.57455
1.55728
1.5499
1.55366
1.5731
1.64038
1.76386
1.96134
2.29974
2.59367
2.89485
3.24712
3.38512
3.47178
3.53338
3.53531
3.50868
3.46
3.39234
3.33113
3.2714
3.221
3.18912
3.16019
3.13087
3.09619
3.05668
3.03618
3.02673
3.01885
3.01406
3.00859
2.99794
2.98297
2.96313
2.94279
2.92707
2.91312
2.90012
2.88682
2.87206
2.85542
2.83458
2.81023
2.79319
2.78086
2.76987
2.7592
2.74722
2.73394
2.71802
2.69779
2.6817
2.6712
2.66095
2.65051
2.64001
2.62892
2.61539
2.59925
2.58544
2.57308
2.56103
2.55147
2.54223
2.53164
2.51884
2.5055
2.49409
2.48282
2.47031
2.46027
2.45145
2.44136
2.42951
2.41448
2.4036
2.39553
2.38594
2.37449
2.36465
2.35584
2.34528
2.33242
2.31591
2.30367
2.29721
2.2901
2.28106
2.2712
2.26229
2.25262
2.24081
2.22475
2.2091
2.20244
2.19738
2.19037
2.18128
2.17335
2.16631
2.15773
2.14549
2.12742
2.11584
2.11137
2.10583
2.09782
2.09037
2.08441
2.07766
2.06871
2.05437
2.03897
2.03323
2.02839
2.02178
2.01399
2.00687
1.99951
1.99061
1.97788
1.96237
1.9556
1.95176
1.94708
1.94084
1.93453
1.92869
1.92126
1.91039
1.89542
1.88692
1.88356
1.88173
1.8802
1.8767
1.87192
1.86501
1.85508
1.84382
1.83438
1.83017
1.82927
1.829
1.82574
1.82182
1.81737
1.81257
1.80635
1.79545
1.78779
1.7867
1.78548
1.78473
1.78666
1.7901
1.7896
1.78452
1.77589
1.77151
1.77005
1.76858
1.76794
1.77107
1.77342
1.77304
1.7699
1.75836
1.75134
1.74951
1.74944
1.7515
1.75793
1.76351
1.76639
1.77152
1.77532
1.77418
1.77053
1.77049
1.7743
1.7806
1.7868
1.79503
1.80738
1.81564
1.81546
1.81279
1.81274
1.81121
1.81111
1.81415
1.81824
1.82321
1.82965
1.83695
1.84311
1.84532
1.84433
1.84018
1.8393
1.84207
1.84637
1.8534
1.86361
1.87523
1.88584
1.90043
1.91994
1.9403
1.96501
2.00237
2.03926
2.08032
2.13971
2.20454
2.26334
2.33645
2.40079
2.45471
2.54084
2.61694
2.66214
2.7216
2.80713
2.84418
2.87445
2.93421
2.97413
2.98323
3.00293
3.04318
3.06766
3.06656
3.07167
3.09056
3.09505
3.09159
3.09101
3.09556
3.09876
3.09568
3.09533
3.09574
3.0941
3.09582
3.09586
3.09139
3.08259
3.07147
3.05762
3.0427
3.02993
3.01667
3.00028
2.98482
2.95656
2.09219
2.06225
2.04162
2.03422
2.02277
2.00567
1.98961
1.96528
1.94564
1.93483
1.92032
1.90465
1.88316
1.86681
1.85978
1.84862
1.83416
1.8174
1.79381
1.78233
1.7744
1.76083
1.74826
1.73334
1.71152
1.70344
1.69775
1.6888
1.67731
1.68212
1.70484
1.76702
1.91253
2.11497
2.4312
2.86251
3.15337
3.48529
3.71845
3.78235
3.8177
3.80667
3.79409
3.75758
3.69871
3.63073
3.55706
3.47524
3.41948
3.38824
3.36419
3.34233
3.31545
3.28511
3.25306
3.22976
3.21572
3.20494
3.19944
3.19744
3.18479
3.16859
3.14907
3.12237
3.09655
3.07888
3.06381
3.0503
3.03587
3.02004
3.00284
2.98207
2.95729
2.9391
2.92649
2.91545
2.90421
2.89154
2.87775
2.86201
2.84361
2.8262
2.81414
2.80361
2.79173
2.77887
2.76624
2.75319
2.73714
2.71966
2.70917
2.69905
2.6866
2.67448
2.66361
2.65146
2.63563
2.61725
2.60697
2.59827
2.58747
2.57566
2.56534
2.55464
2.54189
2.52458
2.50775
2.4997
2.49255
2.48353
2.47311
2.463
2.45316
2.44141
2.42637
2.40727
2.39517
2.38912
2.38277
2.37462
2.36538
2.35636
2.34656
2.33416
2.31578
2.29905
2.29265
2.28775
2.28139
2.27374
2.26655
2.25932
2.25079
2.23742
2.21657
2.20445
2.19996
2.19481
2.18778
2.18092
2.17473
2.16808
2.15881
2.14236
2.12251
2.11506
2.11024
2.10411
2.09742
2.09185
2.08613
2.07885
2.06687
2.04699
2.03422
2.02936
2.02441
2.01841
2.0127
2.00771
2.00186
1.99312
1.9771
1.95961
1.95382
1.95004
1.94546
1.93985
1.93352
1.92637
1.9164
1.90326
1.88718
1.87664
1.87313
1.87064
1.86717
1.86273
1.85813
1.85266
1.84401
1.82771
1.81271
1.80881
1.8069
1.80655
1.80516
1.80132
1.79586
1.78648
1.77267
1.76623
1.76312
1.75782
1.75313
1.75123
1.75084
1.75006
1.74791
1.74187
1.73214
1.72775
1.72671
1.72628
1.7278
1.73283
1.73362
1.73173
1.7268
1.71686
1.7081
1.70369
1.7016
1.70056
1.70052
1.70425
1.70371
1.7017
1.70301
1.70496
1.7032
1.69697
1.69529
1.69581
1.69766
1.70117
1.70456
1.70776
1.71298
1.71957
1.72281
1.72274
1.72042
1.71735
1.71685
1.71696
1.71791
1.72192
1.72722
1.73289
1.74116
1.74342
1.74402
1.74744
1.75556
1.76562
1.77985
1.79832
1.82092
1.84827
1.87456
1.90695
1.95584
2.00555
2.05129
2.10715
2.16526
2.23035
2.33306
2.39766
2.44246
2.50908
2.60642
2.6571
2.69715
2.77955
2.83006
2.85513
2.89312
2.95686
2.97319
2.97516
2.99507
3.03329
3.04206
3.03985
3.04513
3.05833
3.06102
3.05708
3.05516
3.05587
3.05795
3.05783
3.05526
3.05259
3.04923
3.03993
2.19108
2.17341
2.16411
2.14832
2.13334
2.11543
2.09274
2.0767
2.05829
2.03811
2.01779
1.99256
1.98061
1.97568
1.96419
1.94744
1.92603
1.9
1.88624
1.87463
1.86069
1.8436
1.8255
1.82415
1.82323
1.82806
1.85673
1.92806
2.0884
2.35681
2.64883
3.08613
3.49675
3.75388
4.03121
4.17989
4.203
4.178
4.11892
4.0542
3.99724
3.93041
3.86894
3.80873
3.74285
3.67177
3.61057
3.57686
3.55419
3.53778
3.52147
3.50504
3.48525
3.4591
3.43229
3.41566
3.40118
3.38952
3.37824
3.36091
3.34203
3.32076
3.29396
3.26672
3.24862
3.23238
3.21602
3.19925
3.18188
3.16356
3.1432
3.12104
3.10424
3.09077
3.07762
3.06395
3.04962
3.03424
3.01542
2.99434
2.98028
2.96753
2.95516
2.94372
2.93153
2.91762
2.90116
2.88257
2.86369
2.84872
2.83876
2.82947
2.81829
2.80589
2.79357
2.78007
2.76081
2.73779
2.72689
2.71848
2.70851
2.69746
2.68676
2.6763
2.66421
2.64853
2.62666
2.61011
2.60272
2.59568
2.58689
2.57709
2.5675
2.55765
2.54532
2.52865
2.50612
2.49229
2.4866
2.48053
2.47232
2.46307
2.45455
2.44525
2.43255
2.41134
2.39008
2.38303
2.37835
2.37209
2.36419
2.35677
2.34961
2.34089
2.32576
2.30122
2.28764
2.28333
2.2782
2.27095
2.2642
2.25838
2.25224
2.2431
2.22535
2.20159
2.19203
2.18722
2.1811
2.17453
2.16974
2.16518
2.15935
2.14901
2.12873
2.10855
2.10131
2.09628
2.08993
2.08432
2.08019
2.07568
2.06911
2.05609
2.0338
2.0221
2.01816
2.01375
2.00824
2.00269
1.99707
1.98915
1.97701
1.95808
1.94087
1.93625
1.93363
1.93014
1.92571
1.92023
1.91393
1.90459
1.88994
1.87103
1.85902
1.85531
1.85237
1.84884
1.84453
1.83845
1.82866
1.81329
1.79753
1.78993
1.78487
1.78009
1.7772
1.77601
1.77453
1.77017
1.75838
1.7384
1.72697
1.72496
1.72453
1.72426
1.7206
1.71721
1.71472
1.71132
1.7052
1.6948
1.68752
1.68613
1.68574
1.68704
1.68519
1.68343
1.68403
1.68401
1.68004
1.66802
1.66112
1.66011
1.6603
1.66004
1.65643
1.64797
1.64304
1.64267
1.64312
1.64347
1.64189
1.64099
1.6401
1.6369
1.62998
1.62362
1.62122
1.62096
1.6222
1.62502
1.62483
1.62291
1.62059
1.6166
1.61283
1.61218
1.61309
1.61767
1.62737
1.63801
1.64651
1.65102
1.65309
1.65748
1.66739
1.68333
1.70819
1.74601
1.78374
1.81829
1.86483
1.91782
1.97396
2.04546
2.11372
2.16889
2.23976
2.36778
2.42819
2.46457
2.53603
2.62323
2.66681
2.70663
2.78663
2.82143
2.84015
2.87376
2.92498
2.9372
2.94507
2.96939
2.99
2.99185
3.00125
3.0062
2.32786
2.30905
2.29205
2.26796
2.24109
2.23294
2.22349
2.2001
2.1728
2.14211
2.11363
2.10529
2.10046
2.08441
2.0661
2.04766
2.02136
2.00486
1.99147
1.9741
1.97633
1.99467
2.04862
2.1518
2.32613
2.64479
3.01662
3.39827
3.90379
4.19146
4.38391
4.56267
4.58475
4.57297
4.53538
4.45763
4.37702
4.29618
4.21269
4.15079
4.09068
4.02721
3.96886
3.9168
3.86846
3.82966
3.80447
3.78454
3.76654
3.74697
3.72618
3.70396
3.67949
3.65653
3.6369
3.61789
3.59866
3.57816
3.55642
3.53259
3.50616
3.48037
3.4598
3.44215
3.42531
3.40835
3.39069
3.37151
3.3485
3.32096
3.3007
3.28648
3.27289
3.25908
3.24464
3.22957
3.21314
3.19303
3.16722
3.14586
3.13141
3.11869
3.10692
3.09513
3.08281
3.06883
3.05113
3.02847
3.00563
2.98704
2.97524
2.96646
2.95682
2.94525
2.93315
2.92017
2.90262
2.87478
2.85301
2.84318
2.83344
2.82294
2.81272
2.80253
2.79133
2.77761
2.75915
2.73279
2.71391
2.70648
2.69941
2.69089
2.68144
2.67209
2.66216
2.64957
2.63015
2.60224
2.5882
2.58251
2.57566
2.56672
2.55859
2.55126
2.5424
2.5286
2.5034
2.47884
2.47181
2.46706
2.46044
2.45243
2.4454
2.43859
2.42936
2.41168
2.38428
2.37118
2.36634
2.3604
2.35292
2.34682
2.3415
2.33571
2.32654
2.30746
2.28058
2.26871
2.26344
2.25709
2.25065
2.24597
2.24152
2.23578
2.22541
2.20482
2.18091
2.17103
2.16536
2.15844
2.15298
2.14895
2.14463
2.13863
2.12689
2.10432
2.0881
2.08326
2.07877
2.07313
2.06744
2.0619
2.05509
2.04463
2.0245
2.0026
1.99704
1.99439
1.99052
1.98532
1.97971
1.97391
1.96574
1.9517
1.93355
1.91688
1.91057
1.90728
1.90359
1.89893
1.89237
1.88224
1.86719
1.852
1.84324
1.83643
1.82975
1.82493
1.82097
1.81646
1.80918
1.79546
1.77582
1.76592
1.76207
1.75738
1.75081
1.74674
1.74383
1.74039
1.73486
1.72286
1.70454
1.69685
1.69417
1.69105
1.68691
1.68306
1.68034
1.67689
1.67113
1.65941
1.64797
1.64608
1.64622
1.64585
1.6432
1.63798
1.62836
1.62011
1.61863
1.61844
1.61736
1.61631
1.61583
1.61457
1.6117
1.60451
1.59311
1.58696
1.58457
1.58229
1.57881
1.57568
1.57324
1.57001
1.56351
1.55385
1.54923
1.54888
1.54911
1.55133
1.55389
1.55328
1.55094
1.54787
1.54411
1.53815
1.53218
1.53073
1.53128
1.53383
1.54088
1.55396
1.56132
1.56859
1.58125
1.59578
1.61332
1.6441
1.69271
1.73776
1.78126
1.83643
1.8936
1.96575
2.04834
2.11456
2.16756
2.26027
2.35193
2.40264
2.45382
2.55514
2.61127
2.64348
2.69734
2.7861
2.46938
2.42975
2.41251
2.40479
2.38739
2.36508
2.34612
2.32558
2.28788
2.24297
2.23345
2.23178
2.21991
2.2032
2.18336
2.17867
2.18697
2.21673
2.29685
2.4586
2.70276
3.04594
3.51823
3.89196
4.31519
4.70692
4.86663
5.01897
5.07368
5.03948
4.98293
4.89829
4.79139
4.6953
4.60278
4.50475
4.44014
4.38177
4.31901
4.26847
4.22238
4.17645
4.13624
4.10931
4.08535
4.06339
4.04114
4.01842
3.99449
3.96666
3.9343
3.90467
3.88172
3.86014
3.83876
3.81786
3.79695
3.77502
3.74989
3.71816
3.6851
3.66228
3.64489
3.62854
3.61198
3.59473
3.57663
3.55682
3.53263
3.50267
3.47729
3.46125
3.44685
3.43215
3.41738
3.40237
3.38591
3.36621
3.34139
3.31454
3.29192
3.27456
3.26125
3.24927
3.23717
3.22399
3.20857
3.18886
3.16364
3.13539
3.11406
3.10397
3.09453
3.08375
3.07279
3.06141
3.04786
3.02741
2.99503
2.97015
2.95827
2.94824
2.93817
2.92796
2.9176
2.90637
2.8921
2.87093
2.83957
2.81781
2.80989
2.80281
2.79455
2.78544
2.77666
2.76721
2.75381
2.72869
2.69877
2.6858
2.67801
2.66951
2.66161
2.65502
2.64743
2.63761
2.62195
2.59308
2.56666
2.55955
2.55383
2.54598
2.53847
2.53195
2.52459
2.51308
2.49144
2.46339
2.4501
2.4437
2.43638
2.42832
2.42231
2.41681
2.41044
2.39985
2.3775
2.34888
2.33594
2.32974
2.32235
2.31569
2.31073
2.30568
2.29868
2.28634
2.2643
2.23909
2.22678
2.22038
2.21348
2.2078
2.20346
2.19897
2.1927
2.18043
2.15694
2.13859
2.13327
2.12885
2.12292
2.11683
2.11104
2.10456
2.0936
2.07013
2.04741
2.0425
2.04003
2.03631
2.03138
2.02621
2.02079
2.01321
1.99951
1.9778
1.96051
1.95542
1.95212
1.94846
1.94385
1.93728
1.92638
1.90924
1.8932
1.88493
1.87979
1.87521
1.871
1.86668
1.86087
1.85098
1.83381
1.81512
1.80634
1.80171
1.7976
1.79349
1.78901
1.78447
1.77844
1.76839
1.7536
1.74241
1.73717
1.73297
1.72807
1.72188
1.71448
1.70517
1.6923
1.67563
1.66381
1.66063
1.65881
1.65657
1.65265
1.64536
1.63224
1.61763
1.61122
1.60887
1.60763
1.60635
1.60451
1.60293
1.60136
1.59929
1.59442
1.58373
1.57429
1.56934
1.56573
1.56269
1.56021
1.55738
1.55292
1.54582
1.53547
1.52563
1.52267
1.5218
1.52151
1.52105
1.5193
1.51748
1.51615
1.51387
1.50749
1.49471
1.48409
1.48122
1.48068
1.48069
1.48072
1.47967
1.47452
1.47051
1.46918
1.46556
1.46349
1.46409
1.46597
1.4718
1.48195
1.49001
1.50097
1.51992
1.54157
1.56683
1.60349
1.64957
1.69074
1.74106
1.81036
1.88216
1.94664
2.07338
2.59393
2.57779
2.57148
2.55361
2.52841
2.49458
2.46553
2.45476
2.43632
2.40491
2.40429
2.4152
2.45666
2.54501
2.68235
2.93756
3.2793
3.64486
4.17122
4.58475
4.93185
5.30279
5.44517
5.5363
5.56395
5.52814
5.48517
5.42804
5.3379
5.23789
5.14225
5.03351
4.93762
4.86694
4.79131
4.71914
4.66477
4.61211
4.56249
4.51681
4.47777
4.44003
4.40479
4.37777
4.35261
4.3259
4.29742
4.26804
4.23785
4.20556
4.17105
4.1401
4.11411
4.08997
4.06601
4.04179
4.01796
3.99471
3.97061
3.94247
3.91135
3.88294
3.8581
3.83736
3.81832
3.79872
3.77946
3.75973
3.7382
3.71432
3.68588
3.65648
3.63502
3.61709
3.60001
3.58393
3.56719
3.54885
3.52847
3.50377
3.4756
3.44909
3.42586
3.40892
3.39521
3.38153
3.36796
3.35308
3.33288
3.30412
3.27159
3.24815
3.23246
3.22089
3.21107
3.20096
3.1896
3.17541
3.15347
3.11796
3.08744
3.0729
3.06183
3.0508
3.04015
3.02995
3.0188
3.00335
2.97935
2.94423
2.91764
2.90836
2.90086
2.89271
2.88433
2.87538
2.86423
2.84756
2.82064
2.79044
2.7724
2.76217
2.75463
2.7483
2.74126
2.73223
2.72054
2.70216
2.66924
2.64307
2.63512
2.62845
2.621
2.61366
2.6057
2.59541
2.57979
2.55517
2.53073
2.51735
2.50851
2.49865
2.49051
2.48474
2.47865
2.47107
2.45811
2.43318
2.40554
2.39218
2.38433
2.37686
2.37037
2.36404
2.35676
2.34773
2.33481
2.31327
2.28736
2.2726
2.2644
2.25737
2.25247
2.24824
2.24349
2.23665
2.22398
2.20057
2.18134
2.17433
2.16858
2.16177
2.15589
2.15126
2.14595
2.13552
2.11201
2.08693
2.07858
2.07405
2.06863
2.0632
2.05844
2.05452
2.04956
2.04016
2.0215
1.99722
1.98485
1.98079
1.97754
1.97335
1.96838
1.96343
1.95516
1.93668
1.91359
1.90367
1.89971
1.89591
1.89153
1.88709
1.88272
1.87661
1.86472
1.84612
1.83253
1.82588
1.82084
1.81575
1.80969
1.80115
1.78709
1.77367
1.76984
1.76752
1.76463
1.7618
1.75911
1.75624
1.75199
1.74401
1.7264
1.6997
1.68552
1.68012
1.6754
1.67026
1.66607
1.66226
1.65492
1.63851
1.62129
1.61552
1.61238
1.60851
1.60392
1.59871
1.5927
1.58611
1.57962
1.57588
1.57324
1.57049
1.56758
1.56522
1.56246
1.55738
1.54576
1.52805
1.51856
1.5161
1.51421
1.51131
1.50765
1.50389
1.49962
1.49507
1.49114
1.48684
1.48017
1.47236
1.46924
1.46735
1.46415
1.45833
1.45252
1.44866
1.44582
1.44193
1.43527
1.433
1.43211
1.42932
1.42499
1.42078
1.41924
1.41921
1.41982
1.41883
1.41557
1.41241
1.4107
1.40916
1.41098
1.41791
1.42824
1.46155
2.76321
2.73878
2.72394
2.70741
2.69415
2.6951
2.71029
2.76362
2.86396
3.062
3.33035
3.64904
4.13228
4.53298
4.96163
5.47747
5.73191
5.97416
6.16125
6.17811
6.17164
6.10659
5.99568
5.89101
5.7884
5.67341
5.56394
5.47518
5.38189
5.2738
5.20223
5.1441
5.0874
5.04709
5.00516
4.96312
4.92575
4.88428
4.83916
4.79528
4.75658
4.72239
4.68905
4.65663
4.6259
4.59451
4.56014
4.52324
4.48605
4.45349
4.42308
4.39619
4.37178
4.34548
4.31715
4.28472
4.25174
4.22291
4.19756
4.1746
4.1489
4.12298
4.09628
4.06623
4.03924
4.01218
3.98366
3.96156
3.93976
3.91729
3.89585
3.86864
3.83854
3.8129
3.78512
3.76018
3.74174
3.72159
3.70171
3.68219
3.65797
3.6305
3.60302
3.57186
3.54718
3.53078
3.51488
3.50055
3.48436
3.46254
3.43483
3.40107
3.36921
3.35019
3.3363
3.32442
3.31332
3.30141
3.28699
3.26482
3.2282
3.19076
3.17114
3.15921
3.14791
3.13679
3.12581
3.11359
3.09633
3.06953
3.03279
3.00089
2.98976
2.98308
2.97555
2.96676
2.95633
2.94295
2.92298
2.89166
2.86049
2.84321
2.83387
2.82601
2.81805
2.80952
2.79853
2.78432
2.76111
2.72294
2.70246
2.69644
2.68972
2.68158
2.67294
2.663
2.64883
2.62554
2.59779
2.57971
2.56924
2.56006
2.5509
2.54471
2.53798
2.52733
2.51188
2.49028
2.46143
2.44242
2.43372
2.42678
2.42011
2.41356
2.40667
2.39865
2.38685
2.36593
2.33435
2.31251
2.30484
2.29911
2.29422
2.28968
2.28465
2.27834
2.26825
2.24863
2.22452
2.21333
2.20732
2.20096
2.19457
2.18862
2.18163
2.16872
2.14244
2.1227
2.11896
2.11568
2.11071
2.10562
2.10086
2.0959
2.08931
2.07541
2.04705
2.02764
2.02417
2.02126
2.01659
2.01103
2.00503
1.9956
1.97832
1.96581
1.96156
1.95717
1.95067
1.94477
1.93917
1.9299
1.90802
1.88297
1.87776
1.87746
1.87793
1.87611
1.87202
1.86753
1.8624
1.85519
1.84462
1.82979
1.81115
1.79745
1.79047
1.78587
1.78123
1.77446
1.76379
1.75692
1.75464
1.75339
1.75049
1.74553
1.74099
1.73672
1.73229
1.72676
1.71771
1.70024
1.67865
1.66698
1.65913
1.65158
1.64595
1.64189
1.63758
1.63072
1.61925
1.6034
1.59027
1.58206
1.57506
1.5684
1.56188
1.55391
1.54531
1.54036
1.53721
1.53421
1.5307
1.52597
1.51946
1.51097
1.50124
1.49249
1.48599
1.48029
1.47585
1.47381
1.47299
1.47191
1.46749
1.45689
1.44721
1.44168
1.43689
1.43163
1.42842
1.42675
1.42496
1.42099
1.41183
1.40458
1.40242
1.40127
1.40154
1.40158
1.40022
1.39772
1.39409
1.38925
1.38395
1.37996
1.37802
1.3734
3.03206
3.0752
3.16704
3.35009
3.60736
3.91799
4.40239
4.8068
5.2406
5.77641
6.07001
6.40403
6.67112
6.77871
6.89964
6.9148
6.89854
6.85114
6.77748
6.68384
6.57726
6.44934
6.31668
6.20192
6.09581
5.98935
5.88928
5.79302
5.69282
5.59286
5.5143
5.44607
5.38997
5.34243
5.30269
5.26233
5.22218
5.17773
5.13126
5.0865
5.04414
5.00865
4.97423
4.94273
4.91133
4.87876
4.8423
4.80006
4.75664
4.71856
4.68842
4.6622
4.63828
4.61209
4.58243
4.54513
4.5015
4.46198
4.42405
4.39852
4.37731
4.35208
4.32858
4.3006
4.26574
4.23164
4.19074
4.15233
4.12984
4.10603
4.08321
4.06269
4.03438
4.00521
3.97625
3.93569
3.9017
3.87939
3.85461
3.83497
3.81711
3.79348
3.76755
3.73645
3.69608
3.66692
3.64499
3.62432
3.60894
3.59083
3.56892
3.54493
3.51038
3.47033
3.44421
3.42448
3.41001
3.39866
3.38679
3.37285
3.35059
3.31483
3.27305
3.24396
3.22884
3.21687
3.20487
3.19412
3.18259
3.16573
3.13896
3.09699
3.05862
3.047
3.04021
3.0324
3.02332
3.01219
2.99792
2.97649
2.94254
2.90844
2.89095
2.88135
2.87225
2.86439
2.85559
2.84367
2.82637
2.79334
2.7553
2.74493
2.73895
2.73031
2.72003
2.70926
2.69565
2.67448
2.64763
2.62523
2.61026
2.59723
2.58621
2.58158
2.57907
2.57638
2.5696
2.55567
2.53142
2.49944
2.47564
2.46275
2.45239
2.44088
2.42792
2.41779
2.4108
2.40372
2.39213
2.3679
2.33555
2.31717
2.30944
2.30396
2.29889
2.29353
2.2871
2.27811
2.26173
2.2372
2.22202
2.21521
2.20932
2.20387
2.19928
2.19482
2.18874
2.17539
2.14836
2.1238
2.11474
2.10967
2.10398
2.09853
2.09506
2.09141
2.08651
2.07683
2.05385
2.02768
2.01784
2.01311
2.00817
2.00283
1.99779
1.99199
1.97859
1.95474
1.94231
1.93807
1.93447
1.93144
1.92863
1.92587
1.92068
1.90941
1.88869
1.87322
1.86849
1.86608
1.86304
1.85551
1.84398
1.84028
1.83806
1.83382
1.82888
1.82435
1.82002
1.81528
1.80974
1.80306
1.79248
1.77131
1.74498
1.73247
1.72739
1.72307
1.7187
1.71376
1.7065
1.69252
1.67295
1.6639
1.66246
1.66202
1.66618
1.67607
1.67477
1.66912
1.66217
1.65236
1.63771
1.62302
1.61341
1.60682
1.60068
1.59319
1.58328
1.5743
1.57005
1.56633
1.56229
1.55811
1.55298
1.54639
1.5384
1.5299
1.52208
1.51325
1.49606
1.47678
1.47216
1.47108
1.47032
1.47055
1.46965
1.46556
1.45992
1.45339
1.44299
1.42924
1.42034
1.41574
1.41228
1.40984
1.40701
1.40105
1.39414
1.3921
1.39109
1.39084
1.38953
1.38746
1.38508
1.38128
1.37562
1.36497
4.86853
5.39382
5.85296
6.48497
6.86811
7.16347
7.48632
7.57461
7.65485
7.6961
7.64885
7.59036
7.51462
7.39565
7.28075
7.15366
6.98675
6.86136
6.77046
6.65271
6.55126
6.47974
6.39061
6.31751
6.26085
6.19536
6.13357
6.07825
6.01369
5.94562
5.88373
5.82414
5.7651
5.70888
5.66062
5.61225
5.56251
5.51103
5.46231
5.41824
5.36747
5.31816
5.27356
5.23644
5.20156
5.16061
5.11768
5.07633
5.03587
4.99091
4.94362
4.90178
4.87285
4.84568
4.81448
4.77654
4.73012
4.68547
4.63655
4.59085
4.56512
4.53825
4.51035
4.48502
4.45269
4.41609
4.37308
4.32053
4.28534
4.2587
4.22949
4.2065
4.18068
4.15015
4.12344
4.08698
4.03865
4.00575
3.97848
3.95105
3.93246
3.91194
3.88724
3.85897
3.82116
3.78549
3.75632
3.72549
3.70417
3.68738
3.66683
3.64563
3.61876
3.57926
3.54229
3.51734
3.49821
3.48305
3.46804
3.45348
3.43494
3.40485
3.36711
3.32973
3.30364
3.29075
3.27841
3.26493
3.25177
3.23588
3.21314
3.17802
3.13276
3.11119
3.10248
3.09331
3.08335
3.07155
3.05639
3.03684
3.00749
2.9703
2.94528
2.93246
2.92209
2.91359
2.90488
2.89302
2.87631
2.84554
2.80588
2.79335
2.78797
2.77996
2.76941
2.75719
2.73988
2.7101
2.68032
2.66569
2.65453
2.6435
2.63434
2.6264
2.61712
2.59747
2.55957
2.53944
2.53461
2.52773
2.51964
2.513
2.50462
2.49266
2.47717
2.4585
2.43851
2.42097
2.405
2.38715
2.36781
2.34828
2.33667
2.33263
2.32951
2.32541
2.32014
2.31196
2.29648
2.27069
2.24813
2.23839
2.23193
2.22481
2.21722
2.20973
2.20142
2.18994
2.17106
2.15071
2.14019
2.13388
2.12891
2.12541
2.1216
2.11529
2.10392
2.08552
2.05883
2.04295
2.03971
2.03728
2.03359
2.02814
2.01967
2.00318
1.97694
1.96306
1.95988
1.95707
1.95306
1.94812
1.94112
1.92639
1.90045
1.88695
1.88528
1.88498
1.88577
1.88491
1.88186
1.87635
1.86778
1.85297
1.82844
1.8096
1.80255
1.79814
1.79423
1.79032
1.78566
1.77857
1.76608
1.74974
1.73885
1.73399
1.73028
1.7264
1.7229
1.71922
1.71411
1.70487
1.68959
1.67903
1.67529
1.67194
1.66741
1.66167
1.65555
1.64876
1.63976
1.62588
1.61109
1.60267
1.59833
1.59549
1.59269
1.58913
1.58448
1.57779
1.56714
1.55495
1.54749
1.54288
1.53824
1.53308
1.52731
1.51931
1.50705
1.49685
1.4928
1.49048
1.48914
1.48785
1.48576
1.48023
1.46828
1.45418
1.44335
1.43932
1.43764
1.43688
1.43619
1.43517
1.4337
1.42911
1.41454
1.39718
1.39253
1.39081
1.38863
1.38559
1.3817
1.37685
1.3704
1.36258
1.35569
1.34643
8.62847
8.871
9.02852
9.17699
9.17538
9.14252
9.08529
8.99711
8.88515
8.7516
8.59916
8.37108
8.1003
7.84776
7.60777
7.38276
7.18238
7.02679
6.89011
6.76673
6.67246
6.59308
6.51307
6.44277
6.37634
6.31502
6.26378
6.22337
6.1795
6.13751
6.09416
6.04666
5.99045
5.9288
5.87134
5.82075
5.7738
5.7281
5.6851
5.64025
5.58768
5.52546
5.45696
5.40162
5.35597
5.31393
5.27885
5.244
5.20712
5.15952
5.08883
5.02119
4.97917
4.94656
4.91898
4.88809
4.85401
4.82259
4.7719
4.69342
4.64138
4.60606
4.57773
4.56039
4.54091
4.51749
4.4878
4.43783
4.36659
4.31568
4.28358
4.26012
4.23875
4.21752
4.20215
4.17951
4.13877
4.08647
4.02698
3.98511
3.97158
3.9587
3.94022
3.92091
3.89809
3.86637
3.82133
3.77202
3.73837
3.71873
3.70018
3.68483
3.6696
3.64868
3.62058
3.57596
3.53016
3.5123
3.49848
3.4807
3.46185
3.44337
3.42564
3.40035
3.36135
3.32501
3.30195
3.28964
3.27935
3.26571
3.24842
3.22659
3.19258
3.15537
3.13723
3.12515
3.11312
3.10036
3.08658
3.07182
3.05088
3.0177
2.98445
2.96672
2.95586
2.94747
2.93868
2.92649
2.90948
2.87955
2.83976
2.82558
2.81922
2.81091
2.80122
2.78964
2.77062
2.73805
2.70811
2.69422
2.68343
2.67289
2.66356
2.65358
2.64325
2.6275
2.60139
2.57826
2.56331
2.55075
2.54368
2.5376
2.52884
2.51674
2.50097
2.48088
2.4617
2.44766
2.43395
2.41727
2.39598
2.37181
2.3622
2.35885
2.35465
2.34915
2.34276
2.33304
2.31586
2.29031
2.27121
2.26277
2.2563
2.24987
2.24326
2.23553
2.22662
2.21331
2.1875
2.16614
2.16029
2.15593
2.15139
2.14761
2.14305
2.13586
2.1241
2.10507
2.07825
2.06357
2.06028
2.05749
2.05313
2.04742
2.03861
2.0216
1.99796
1.98568
1.98074
1.97583
1.97012
1.96427
1.95728
1.94598
1.92739
1.90962
1.90261
1.89928
1.89554
1.89099
1.88563
1.87912
1.87097
1.85733
1.83475
1.81998
1.81515
1.81148
1.80867
1.80592
1.80211
1.79558
1.78375
1.76798
1.75515
1.75023
1.74737
1.74394
1.74018
1.73588
1.72953
1.71749
1.69944
1.68904
1.68449
1.68021
1.67579
1.67117
1.66608
1.65963
1.64956
1.63351
1.61807
1.61297
1.61099
1.60893
1.60633
1.6027
1.59724
1.5886
1.57607
1.56474
1.55903
1.55521
1.55144
1.54762
1.54326
1.53677
1.52691
1.51751
1.51194
1.50814
1.50445
1.50057
1.49638
1.49112
1.48314
1.47218
1.4637
1.45864
1.45444
1.45034
1.4464
1.44285
1.4394
1.43447
1.42453
1.40951
1.4005
1.3977
1.39546
1.39291
1.39004
1.38635
1.38049
1.37142
1.36259
1.35443
9.6072
9.52078
9.37947
9.30814
9.19547
8.99205
8.86953
8.72624
8.52975
8.40671
8.26577
8.12126
8.05448
7.97198
7.87059
7.76737
7.662
7.54686
7.43117
7.33271
7.24588
7.15873
7.07025
6.98406
6.89439
6.8083
6.72657
6.66156
6.60169
6.54695
6.48953
6.42752
6.35565
6.27739
6.20481
6.14384
6.09353
6.04892
6.00512
5.95642
5.89905
5.82876
5.74701
5.67787
5.62361
5.58466
5.55294
5.516
5.47576
5.42333
5.3441
5.26476
5.21233
5.17176
5.14239
5.11333
5.08239
5.04955
4.99285
4.90267
4.83951
4.80291
4.77735
4.75839
4.73518
4.70934
4.67807
4.62436
4.54699
4.49133
4.45422
4.42942
4.41108
4.39209
4.37431
4.34717
4.29923
4.23713
4.17148
4.13556
4.12326
4.10953
4.09023
4.07013
4.04527
4.0064
3.94875
3.89449
3.8615
3.84449
3.83046
3.81799
3.80317
3.78152
3.74601
3.68413
3.62952
3.61479
3.60406
3.58952
3.57472
3.56116
3.54474
3.51474
3.46493
3.41382
3.38913
3.38133
3.37395
3.36332
3.34959
3.33088
3.29764
3.25089
3.22198
3.20558
3.19302
3.18215
3.1719
3.16135
3.14427
3.11176
3.0697
3.04418
3.0325
3.0244
3.01538
3.0029
2.98611
2.95776
2.9188
2.90079
2.89204
2.88239
2.87209
2.85954
2.83821
2.8036
2.77589
2.76276
2.75179
2.74277
2.73446
2.7254
2.71654
2.70029
2.66797
2.63896
2.62323
2.61451
2.60904
2.602
2.5912
2.57724
2.55911
2.53564
2.51674
2.50424
2.49188
2.4778
2.45712
2.42972
2.41926
2.41492
2.40874
2.40156
2.3945
2.38492
2.36878
2.34452
2.32439
2.314
2.30703
2.30105
2.29453
2.28687
2.27804
2.26201
2.23067
2.21116
2.20758
2.20399
2.19934
2.19516
2.1898
2.18107
2.16758
2.14711
2.12012
2.10814
2.10543
2.10227
2.09684
2.09008
2.08058
2.06374
2.04153
2.02945
2.02354
2.01786
2.01265
2.00782
2.00146
1.99056
1.97181
1.95186
1.9414
1.93509
1.92969
1.92493
1.91981
1.91405
1.90727
1.89415
1.87238
1.86413
1.86181
1.85895
1.85636
1.85338
1.84806
1.83821
1.82166
1.80197
1.79086
1.78727
1.78392
1.77987
1.77588
1.77124
1.76374
1.74874
1.73078
1.72415
1.72086
1.71716
1.71352
1.70976
1.70516
1.69831
1.68676
1.66948
1.65614
1.65246
1.65026
1.64743
1.64388
1.63953
1.63313
1.62238
1.60943
1.60224
1.59893
1.59619
1.59361
1.59041
1.58548
1.57715
1.56396
1.55262
1.54809
1.545
1.54107
1.53646
1.53211
1.52788
1.5217
1.51228
1.50351
1.49721
1.49161
1.48585
1.48019
1.47537
1.47119
1.46629
1.45756
1.44282
1.43316
1.43042
1.42854
1.42678
1.42477
1.42175
1.41626
1.40629
1.3957
1.38701
10.4118
9.96555
9.57264
9.21751
8.90764
8.63849
8.41425
8.20751
8.02613
7.88058
7.76974
7.70358
7.66409
7.62776
7.59454
7.53394
7.44474
7.358
7.28848
7.23109
7.17682
7.11163
7.03431
6.9436
6.84502
6.74707
6.65039
6.56709
6.49715
6.44098
6.37832
6.30571
6.22319
6.14102
6.06432
5.99884
5.94723
5.90417
5.86157
5.8139
5.75883
5.69108
5.6107
5.54011
5.48586
5.45375
5.42626
5.39058
5.34846
5.29411
5.21738
5.14096
5.09165
5.05355
5.0203
4.98902
4.95919
4.9274
4.87233
4.78851
4.72316
4.68052
4.65915
4.64176
4.6174
4.58937
4.5551
4.50112
4.42824
4.3761
4.3424
4.31635
4.2946
4.27456
4.25711
4.23013
4.18178
4.11961
4.05643
4.02572
4.01475
4.00047
3.98035
3.95828
3.93118
3.89052
3.83284
3.78602
3.75935
3.74182
3.72704
3.7144
3.69924
3.67597
3.63598
3.57059
3.5273
3.51593
3.50522
3.49171
3.47756
3.46308
3.44525
3.41262
3.35994
3.31177
3.29485
3.28795
3.28014
3.26959
3.25626
3.23727
3.20281
3.15568
3.12905
3.11424
3.10148
3.09074
3.08175
3.07249
3.05658
3.02527
2.98321
2.95679
2.94601
2.93928
2.93122
2.91938
2.9027
2.87446
2.83733
2.82155
2.81348
2.80391
2.79304
2.77975
2.75814
2.72445
2.69964
2.68788
2.67783
2.66869
2.66026
2.65212
2.64337
2.62561
2.59266
2.56453
2.55057
2.54525
2.54083
2.53378
2.52288
2.50845
2.48877
2.46354
2.44612
2.43572
2.42504
2.41218
2.39306
2.36684
2.35543
2.35079
2.34474
2.33744
2.32998
2.32086
2.3059
2.28253
2.26322
2.25324
2.24612
2.23958
2.23286
2.22584
2.21795
2.20261
2.17264
2.15429
2.14961
2.14565
2.14189
2.13844
2.13351
2.1251
2.11183
2.09082
2.06389
2.05383
2.05188
2.04909
2.04367
2.03641
2.0265
2.00949
1.98858
1.97899
1.97375
1.9682
1.96287
1.95756
1.95059
1.93898
1.91999
1.90319
1.89514
1.88951
1.8846
1.88017
1.87546
1.86995
1.86228
1.84735
1.82665
1.8194
1.81678
1.8141
1.81188
1.80905
1.80351
1.79277
1.77455
1.75378
1.7463
1.74366
1.74036
1.73635
1.73226
1.72746
1.71939
1.70309
1.68782
1.68325
1.67994
1.67588
1.67202
1.66833
1.66397
1.65745
1.64603
1.62942
1.61857
1.61488
1.61217
1.60918
1.60589
1.60176
1.59478
1.58253
1.5706
1.56556
1.56293
1.56084
1.5588
1.55586
1.55086
1.54205
1.52852
1.51873
1.51552
1.51294
1.50915
1.5045
1.50006
1.49551
1.48878
1.47928
1.47149
1.46603
1.46067
1.45493
1.44963
1.44522
1.44082
1.43499
1.42511
1.41047
1.40099
1.39775
1.3957
1.3942
1.39241
1.38955
1.3845
1.37522
1.36467
1.35581
)
;

boundaryField
{
    inlet
    {
        type            calculated;
        value           nonuniform 0();
    }
    outlet
    {
        type            calculated;
        value           nonuniform List<scalar> 
16
(
2.61317
2.6889
2.75764
2.83641
2.95672
3.04012
3.00625
2.78548
2.07381
1.46174
1.3737
1.36535
1.34665
1.35444
1.38693
1.35572
)
;
    }
    bottom
    {
        type            symmetryPlane;
    }
    top
    {
        type            symmetryPlane;
    }
    obstacle
    {
        type            calculated;
        value           nonuniform 0();
    }
    defaultFaces
    {
        type            empty;
    }
    procBoundary3to1
    {
        type            processor;
        value           nonuniform List<scalar> 
288
(
1.51963
1.50767
1.49495
1.48637
1.47294
1.45788
1.45194
1.44439
1.43334
1.422
1.40618
1.38359
1.37308
1.37032
1.36546
1.35852
1.35214
1.3436
1.32688
1.30874
1.30075
1.29454
1.28777
1.28181
1.27589
1.26619
1.25716
1.25026
1.24102
1.22945
1.21475
1.20344
1.20091
1.20042
1.19684
1.18925
1.18082
1.17004
1.15832
1.14924
1.14341
1.13637
1.12946
1.12662
1.12391
1.11988
1.1125
1.09834
1.08335
1.07568
1.07401
1.07329
1.0762
1.09103
1.12362
1.18732
1.30784
1.47055
1.67383
1.95452
2.10634
2.25001
2.38822
2.42455
2.43128
2.42209
2.40302
2.38098
2.35192
2.32456
2.30083
2.27268
2.24187
2.22604
2.22048
2.21639
2.20929
2.20311
2.19498
2.18804
2.18441
2.18052
2.17765
2.17273
2.16566
2.15696
2.1445
2.13163
2.12221
2.11188
2.10317
2.09548
2.08532
2.07272
2.06372
2.05948
2.05622
2.0504
2.04148
2.03466
2.03179
2.0307
2.03258
2.03748
2.03602
2.02996
2.02198
2.01546
2.0124
2.00983
2.00962
2.01366
2.0116
2.00403
1.99852
1.9985
1.9975
1.99602
1.99818
2.00594
2.01261
2.01544
2.01963
2.02819
2.0372
2.04488
2.05455
2.0665
2.07689
2.0856
2.0924
2.09822
2.10818
2.11468
2.11949
2.128
2.14079
2.14339
2.14436
2.15212
2.15589
2.15563
2.1561
2.16095
2.16081
2.16037
2.16325
2.16596
2.16292
2.15793
2.15636
2.15575
2.15601
2.1599
2.1597
2.15878
2.15959
2.15842
2.15621
2.15553
2.15589
2.15427
2.1482
2.1413
2.13776
2.13665
2.13574
2.13251
2.1288
2.12201
2.11067
2.10195
2.09798
2.09523
2.09059
2.08812
2.08779
2.08472
2.07798
2.07038
2.06735
2.06609
2.06287
2.05828
2.05663
2.05521
2.0523
2.04847
2.04298
2.04051
2.03998
2.03733
2.03323
2.03249
2.03237
2.03191
2.03338
2.03819
2.05206
2.0672
2.08768
2.12537
2.17722
2.22909
2.29957
2.37878
2.44847
2.54026
2.63092
2.69206
2.76307
2.85734
2.90116
2.93744
2.99988
3.05396
3.06087
3.07587
3.11213
3.12828
3.12459
3.13116
3.15152
3.15794
3.15638
3.16363
3.17527
3.17429
3.17361
3.17312
3.16921
3.16101
3.14948
3.13475
3.1176
3.1017
3.08716
3.07067
3.05439
3.03928
3.02292
3.00748
2.99349
2.97805
2.96308
2.95109
2.93986
2.92735
2.91382
2.90075
2.88906
2.87788
2.86922
2.86176
2.85488
2.84624
2.8382
2.8303
2.8213
2.81139
2.80315
2.7952
2.78596
2.77654
2.76707
2.75728
2.74712
2.7378
2.72965
2.72074
2.71067
2.69985
2.68855
2.67685
2.667
2.6591
2.65148
2.64336
2.63325
2.62235
2.61139
2.60002
2.5907
2.58142
2.57438
2.567
2.55917
2.54406
)
;
    }
    procBoundary3to2
    {
        type            processor;
        value           nonuniform List<scalar> 
16
(
1.62369
1.70053
1.80411
1.89906
1.99987
2.11453
2.22996
2.34623
2.49941
2.64793
2.80123
3.02442
4.38579
8.18874
9.6446
10.9024
)
;
    }
}


// ************************************************************************* //
