/*--------------------------------*- C++ -*----------------------------------*\
  =========                 |
  \\      /  F ield         | OpenFOAM: The Open Source CFD Toolbox
   \\    /   O peration     | Website:  https://openfoam.org
    \\  /    A nd           | Version:  7
     \\/     M anipulation  |
\*---------------------------------------------------------------------------*/
FoamFile
{
    version     2.0;
    format      ascii;
    class       volScalarField;
    location    "3.2";
    object      p;
}
// * * * * * * * * * * * * * * * * * * * * * * * * * * * * * * * * * * * * * //

dimensions      [1 -1 -2 0 0 0 0];

internalField   nonuniform List<scalar> 
4608
(
1
1
1
1
1
1
1
1
1
1
1
1
1
1
1
1
1
1
1
1
1
1
1
1
1
1
1.09485
3.45734
4.58335
4.61214
4.64269
4.68206
4.71837
4.74896
4.77251
4.79144
4.80756
4.82234
4.83741
4.85428
4.87266
4.89243
4.91426
4.93861
4.9637
4.98523
5.00015
5.00987
5.01827
5.02917
5.04431
5.06378
5.08582
5.10841
5.13054
5.15197
5.17357
5.19543
5.21674
5.23599
5.25173
5.26405
5.27643
5.29107
5.30792
5.32687
5.34641
5.36611
5.38735
5.41012
5.43146
5.44803
5.45951
5.46884
5.47989
5.49421
5.50931
5.52199
5.53207
5.54243
5.55665
5.57585
5.59682
5.61413
5.62422
5.62767
5.62787
5.63004
5.63589
5.64291
5.65212
5.66073
5.66514
5.66673
5.66536
5.66166
1
1
1
1
1
1
1
1
1
1
1
1
1
1
1
1
1
1
1
1
1
1
1
1
1
1
1.09081
3.44551
4.58051
4.61386
4.64482
4.68228
4.71693
4.74724
4.77114
4.78997
4.80594
4.82126
4.83747
4.85531
4.87424
4.89391
4.91487
4.93771
4.96148
4.98304
4.9992
5.01037
5.01963
5.03041
5.0447
5.06299
5.08387
5.10575
5.12801
5.15034
5.17306
5.19597
5.21836
5.23819
5.25375
5.26509
5.27576
5.28898
5.30578
5.32587
5.34681
5.36729
5.38775
5.40847
5.42784
5.44394
5.4566
5.46759
5.4795
5.49356
5.50801
5.52063
5.5316
5.54325
5.55793
5.5758
5.59414
5.6091
5.61924
5.62468
5.62696
5.63056
5.6365
5.64275
5.6506
5.65776
5.66167
5.66388
5.66387
5.66185
1
1
1
1
1
1
1
1
1
1
1
1
1
1
1
1
1
1
1
1
1
1
1
1
1
1
1.08243
3.42193
4.57842
4.61478
4.64657
4.68199
4.71466
4.7446
4.76891
4.78767
4.80363
4.81968
4.83715
4.85617
4.87584
4.89532
4.91526
4.93643
4.95873
4.98012
4.99736
5.00996
5.02034
5.0313
5.04508
5.06237
5.082
5.10277
5.12438
5.14692
5.17084
5.19522
5.21892
5.23982
5.25578
5.26664
5.27581
5.28709
5.30286
5.32341
5.34585
5.36773
5.38813
5.40686
5.42365
5.4385
5.452
5.46494
5.4783
5.49241
5.50604
5.51829
5.53031
5.54379
5.55941
5.57623
5.59156
5.60333
5.61207
5.61911
5.62489
5.63063
5.63696
5.64273
5.64879
5.65388
5.65716
5.65978
5.66122
5.66145
1
1
1
1
1
1
1
1
1
1
1
1
1
1
1
1
1
1
1
1
1
1
1
1
1
1
1.06737
3.3849
4.58259
4.61907
4.64875
4.68032
4.71153
4.74149
4.76595
4.78453
4.80048
4.81726
4.83606
4.85633
4.8766
4.89568
4.91452
4.93429
4.95566
4.97724
4.9955
5.00932
5.0205
5.0315
5.04483
5.06146
5.08037
5.1005
5.12135
5.14311
5.16722
5.19297
5.21826
5.24042
5.25692
5.26764
5.27593
5.28591
5.30044
5.32051
5.3435
5.36617
5.38644
5.40367
5.41854
5.4324
5.44649
5.46097
5.47562
5.48999
5.5032
5.51544
5.52865
5.54385
5.55989
5.57506
5.58725
5.59608
5.6036
5.61196
5.62096
5.62964
5.63689
5.64236
5.64612
5.64832
5.65065
5.65388
5.65745
5.66059
1
1
1
1
1
1
1
1
1
1
1
1
1
1
1
1
1
1
1
1
1
1
1
1
1
1
1.04195
3.34182
4.59375
4.62405
4.64876
4.67819
4.70847
4.73811
4.76262
4.7812
4.79699
4.81387
4.83334
4.85449
4.87521
4.89418
4.91275
4.9322
4.95335
4.97493
4.99353
5.00775
5.01918
5.03026
5.04372
5.06051
5.07952
5.09958
5.11987
5.14045
5.16326
5.18854
5.21435
5.2376
5.25543
5.2673
5.2761
5.28572
5.29903
5.31769
5.33976
5.36206
5.38222
5.39913
5.41341
5.42679
5.4409
5.45589
5.47122
5.48606
5.49959
5.51233
5.52638
5.54236
5.5583
5.57181
5.58178
5.58869
5.5953
5.60415
5.61519
5.62649
5.63534
5.64103
5.64267
5.642
5.64304
5.64692
5.65262
5.65836
1
1
1
1
1
1
1
1
1
1
1
1
1
1
1
1
1
1
1
1
1
1
1
1
1
1
1.01626
3.29533
4.5969
4.62581
4.64708
4.67568
4.70509
4.73425
4.75904
4.7781
4.79379
4.8102
4.82928
4.85035
4.87117
4.89065
4.91022
4.9305
4.95195
4.97328
4.99134
5.0049
5.016
5.02733
5.04163
5.05941
5.07913
5.09941
5.11933
5.13906
5.16053
5.1842
5.2086
5.23143
5.25036
5.26442
5.27529
5.28578
5.29828
5.31493
5.33478
5.35562
5.37566
5.39336
5.40835
5.42182
5.43544
5.44985
5.46508
5.48052
5.49512
5.50896
5.52349
5.53909
5.55392
5.56611
5.57523
5.58167
5.58786
5.59646
5.60808
5.62093
5.63168
5.63762
5.63771
5.63517
5.635
5.63917
5.64668
5.65441
1
1
1
1
1
1
1
1
1
1
1
1
1
1
1
1
1
1
1
1
1
1
1
1
1
1
1.00075
3.23211
4.59222
4.62499
4.64502
4.67322
4.70127
4.72974
4.75503
4.77509
4.79094
4.80644
4.82424
4.84427
4.86483
4.88539
4.90681
4.92857
4.95061
4.9715
4.9885
5.00093
5.01154
5.02329
5.03877
5.05787
5.07858
5.0993
5.11907
5.1383
5.15863
5.18042
5.2027
5.22401
5.24286
5.25868
5.27218
5.28458
5.29704
5.31166
5.32894
5.34807
5.36797
5.3868
5.40309
5.41694
5.42978
5.443
5.45773
5.47382
5.48987
5.5049
5.51936
5.53357
5.54675
5.55833
5.56788
5.57503
5.5813
5.58918
5.60023
5.61347
5.62532
5.63154
5.63112
5.62785
5.62702
5.63124
5.63965
5.64803
1
1
1
1
1
1
1
1
1
1
1
1
1
1
1
1
1
1
1
1
1
1
1
1
1
1
1.00001
3.14852
4.58677
4.62393
4.64263
4.66992
4.69654
4.72464
4.75057
4.77155
4.78784
4.80246
4.81892
4.83767
4.85776
4.87924
4.90223
4.92537
4.94816
4.96881
4.98491
4.99639
5.00666
5.01878
5.03505
5.0551
5.07668
5.09792
5.11782
5.13695
5.15666
5.17709
5.19741
5.21679
5.23469
5.25118
5.26652
5.28084
5.29385
5.30716
5.32259
5.34065
5.36049
5.38009
5.39729
5.41132
5.42336
5.43549
5.44985
5.4666
5.4839
5.49966
5.51339
5.52571
5.5374
5.54902
5.55977
5.5683
5.57505
5.58222
5.59213
5.60451
5.61603
5.62239
5.62267
5.62013
5.61949
5.62348
5.63141
5.63873
1
1
1
1
1
1
1
1
1
1
1
1
1
1
1
1
1
1
1
1
1
1
1
1
1
1
1
3.05261
4.5795
4.62159
4.63929
4.66588
4.69167
4.71949
4.74508
4.76632
4.78324
4.79784
4.81384
4.83207
4.85188
4.87358
4.89681
4.9203
4.94354
4.96436
4.98033
4.99173
5.0021
5.01436
5.03061
5.05077
5.07268
5.0943
5.11454
5.13402
5.15364
5.17339
5.19238
5.21015
5.22688
5.24309
5.259
5.27431
5.28794
5.30097
5.31586
5.33391
5.35393
5.37359
5.39069
5.40436
5.41576
5.42743
5.4419
5.45916
5.47692
5.49242
5.50497
5.51577
5.52669
5.53876
5.55086
5.56089
5.56842
5.57525
5.58382
5.59424
5.6041
5.61033
5.61224
5.6119
5.61241
5.61582
5.62189
5.62669
1
1
1
1
1
1
1
1
1
1
1
1
1
1
1
1
1
1
1
1
1
1
1
1
1
1
1
2.94562
4.56991
4.61762
4.63442
4.6609
4.68693
4.71467
4.73863
4.75897
4.77634
4.79191
4.80886
4.82779
4.84791
4.86929
4.89135
4.91392
4.93692
4.95813
4.9748
4.987
4.99784
5.01003
5.02557
5.04497
5.06653
5.08818
5.1088
5.1289
5.14893
5.16859
5.18694
5.20372
5.2195
5.23506
5.25068
5.26595
5.27984
5.29323
5.30875
5.32772
5.34815
5.36724
5.38319
5.39583
5.40681
5.41875
5.43382
5.4513
5.46852
5.4829
5.49433
5.50448
5.51539
5.52799
5.54108
5.55237
5.56095
5.56789
5.57508
5.58282
5.59008
5.59593
5.60005
5.60282
5.60526
5.60787
5.61083
5.6119
1
1
1
1
1
1
1
1
1
1
1
1
1
1
1
1
1
1
1
1
1
1
1
1
1
1
1
2.82811
4.55753
4.61172
4.62766
4.65512
4.68255
4.71025
4.73206
4.75032
4.76735
4.78426
4.80324
4.82413
4.84528
4.8662
4.88644
4.90738
4.92959
4.951
4.96862
4.98185
4.99336
5.00528
5.01992
5.03821
5.05902
5.08027
5.10094
5.12152
5.14215
5.16224
5.1806
5.19698
5.21217
5.2271
5.24215
5.25692
5.27067
5.28444
5.30096
5.32116
5.34213
5.36046
5.37477
5.38611
5.39681
5.40941
5.42518
5.44243
5.45841
5.47139
5.4822
5.49249
5.50379
5.51676
5.53033
5.54256
5.5523
5.5596
5.56531
5.57005
5.57462
5.57997
5.5864
5.59273
5.5971
5.59891
5.59831
5.59543
1
1
1
1
1
1
1
1
1
1
1
1
1
1
1
1
1
1
1
1
1
1
1
1
1
1
1
2.70054
4.54083
4.60415
4.61954
4.64875
4.67798
4.70548
4.72576
4.74217
4.75802
4.77557
4.79667
4.82004
4.84279
4.86345
4.88221
4.90155
4.92286
4.94417
4.96237
4.97627
4.98824
4.9997
5.01359
5.03112
5.05119
5.07178
5.09207
5.11267
5.13365
5.15424
5.17299
5.18946
5.20443
5.21896
5.2336
5.24797
5.26152
5.27539
5.29244
5.31343
5.33485
5.3527
5.36567
5.37587
5.38622
5.39921
5.41522
5.43184
5.44647
5.45847
5.46929
5.4801
5.49177
5.50482
5.51853
5.53141
5.54213
5.54966
5.5538
5.55578
5.55821
5.56328
5.57184
5.58124
5.58711
5.5882
5.58439
5.57827
1
1
1
1
1
1
1
1
1
1
1
1
1
1
1
1
1
1
1
1
1
1
1
1
1
1
1
2.56357
4.51678
4.59656
4.61201
4.6428
4.67279
4.69954
4.71917
4.73475
4.74989
4.76798
4.79058
4.81564
4.83964
4.86018
4.87813
4.89657
4.91722
4.93834
4.95655
4.97058
4.98222
4.99313
5.00655
5.02394
5.04349
5.06345
5.08314
5.10338
5.1243
5.14509
5.16416
5.18085
5.19582
5.21026
5.22484
5.23916
5.25261
5.26621
5.28296
5.30393
5.32561
5.3435
5.35591
5.36538
5.37517
5.38787
5.40348
5.41937
5.43314
5.44483
5.45601
5.46724
5.479
5.49193
5.50565
5.51897
5.53023
5.53749
5.54006
5.54015
5.54141
5.54664
5.55683
5.56796
5.57441
5.5748
5.56889
5.56092
1
1
1
1
1
1
1
1
1
1
1
1
1
1
1
1
1
1
1
1
1
1
1
1
1
1
1
2.41817
4.48297
4.59106
4.60659
4.63788
4.66648
4.69159
4.71109
4.7274
4.74342
4.76266
4.7861
4.81175
4.83593
4.85613
4.87374
4.89183
4.91208
4.93304
4.95091
4.96506
4.97561
4.98592
4.99915
5.0164
5.03568
5.05528
5.07452
5.09438
5.115
5.1356
5.15463
5.17129
5.18623
5.20076
5.21553
5.23009
5.24353
5.25648
5.27223
5.29264
5.31453
5.333
5.34562
5.35475
5.36369
5.37537
5.39012
5.40556
5.41914
5.43093
5.4423
5.45357
5.4652
5.47806
5.49187
5.50536
5.51661
5.52306
5.5241
5.52334
5.52454
5.53037
5.54128
5.55264
5.55868
5.55849
5.55193
5.54372
1
1
1
1
1
1
1
1
1
1
1
1
1
1
1
1
1
1
1
1
1
1
1
1
1
1
1
2.2655
4.43791
4.58897
4.60316
4.63238
4.65792
4.68168
4.7022
4.72038
4.73844
4.7593
4.7832
4.80879
4.83207
4.85133
4.86843
4.88633
4.90652
4.92733
4.94531
4.95946
4.96915
4.97892
4.99164
5.00828
5.02723
5.04667
5.06584
5.08569
5.10603
5.12615
5.14468
5.16093
5.17571
5.19035
5.20542
5.22028
5.23365
5.24563
5.26015
5.27999
5.30223
5.32151
5.33457
5.34326
5.35108
5.36149
5.37543
5.39095
5.40483
5.41659
5.42753
5.43843
5.45005
5.46324
5.47732
5.4906
5.50091
5.50604
5.50602
5.50525
5.50731
5.51401
5.52481
5.53512
5.54001
5.53949
5.53365
5.52649
1
1
1
1
1
1
1
1
1
1
1
1
1
1
1
1
1
1
1
1
1
1
1
1
1
1
1
2.10774
4.38098
4.58719
4.59865
4.62502
4.64869
4.67243
4.69476
4.71519
4.73534
4.75706
4.78066
4.80554
4.82752
4.84579
4.8624
4.88005
4.90015
4.92075
4.93922
4.95329
4.96306
4.97243
4.98452
5.00018
5.01841
5.03756
5.05683
5.077
5.09725
5.11679
5.13454
5.15017
5.16466
5.17927
5.19441
5.20922
5.22217
5.233
5.24669
5.26641
5.28907
5.30904
5.32235
5.3304
5.33711
5.34653
5.36025
5.37643
5.3908
5.402
5.41172
5.42188
5.43378
5.44767
5.46199
5.47445
5.48294
5.48654
5.48634
5.48642
5.48989
5.49737
5.50726
5.51543
5.51861
5.51783
5.5134
5.50788
1
1
1
1
1
1
1
1
1
1
1
1
1
1
1
1
1
1
1
1
1
1
1
1
1
1
1
1.94764
4.31
4.58369
4.59289
4.61716
4.64032
4.66527
4.68951
4.71198
4.73366
4.75535
4.77779
4.80099
4.8215
4.83912
4.85568
4.87342
4.89343
4.91386
4.93237
4.94628
4.95641
4.96605
4.97785
4.99267
5.01
5.02852
5.04753
5.06773
5.08773
5.10667
5.12384
5.13902
5.15327
5.16764
5.18242
5.19674
5.20904
5.219
5.23255
5.25247
5.27527
5.29548
5.30872
5.31616
5.32208
5.33105
5.34516
5.36217
5.37671
5.38669
5.39461
5.40377
5.41611
5.43098
5.44541
5.45656
5.46303
5.46519
5.46534
5.46679
5.47156
5.47943
5.4879
5.49358
5.49513
5.49423
5.49151
5.48785
1
1
1
1
1
1
1
1
1
1
1
1
1
1
1
1
1
1
1
1
1
1
1
1
1
1
1
1.78395
4.21972
4.57938
4.58712
4.61021
4.63405
4.66046
4.68638
4.71017
4.7324
4.75329
4.77386
4.79455
4.81336
4.83071
4.8479
4.8665
4.88686
4.90723
4.92489
4.93796
4.94843
4.95866
4.97061
4.98519
5.00213
5.02015
5.03851
5.05793
5.07702
5.09522
5.11222
5.12745
5.14163
5.15554
5.16949
5.18293
5.1946
5.20435
5.21832
5.23824
5.26047
5.28032
5.29344
5.30064
5.30634
5.31541
5.3301
5.3476
5.36186
5.37047
5.37668
5.38492
5.3976
5.41334
5.42762
5.43712
5.44156
5.44258
5.44317
5.4461
5.45196
5.45969
5.46638
5.46967
5.4698
5.46871
5.46728
5.46522
1
1
1
1
1
1
1
1
1
1
1
1
1
1
1
1
1
1
1
1
1
1
1
1
1
1
1
1.62235
4.10808
4.57581
4.58285
4.60437
4.62878
4.6565
4.68358
4.70819
4.73064
4.7507
4.76909
4.78663
4.8033
4.8202
4.83842
4.85857
4.88013
4.90103
4.918
4.92989
4.93962
4.94972
4.96175
4.97664
4.99404
5.01199
5.02954
5.04746
5.06501
5.08239
5.0996
5.11532
5.12956
5.14283
5.15569
5.16816
5.17954
5.1898
5.20431
5.22363
5.24449
5.26342
5.27653
5.2841
5.29034
5.30005
5.3151
5.33242
5.34608
5.35356
5.35851
5.36578
5.37815
5.39404
5.40783
5.41577
5.41854
5.41876
5.41974
5.42379
5.43029
5.43746
5.44234
5.44361
5.44272
5.44156
5.441
5.44042
1
1
1
1
1
1
1
1
1
1
1
1
1
1
1
1
1
1
1
1
1
1
1
1
1
1
1
1.4691
3.97337
4.57284
4.57953
4.6
4.62455
4.65204
4.67899
4.7038
4.7263
4.74603
4.76318
4.7789
4.79411
4.81017
4.82854
4.84951
4.87237
4.89414
4.91084
4.92174
4.93025
4.93966
4.95162
4.96722
4.9856
5.00384
5.02057
5.0365
5.05202
5.06833
5.08571
5.10201
5.1164
5.12921
5.14123
5.15302
5.16447
5.17555
5.19036
5.20854
5.22757
5.24524
5.25845
5.26706
5.27463
5.28528
5.30015
5.31652
5.32931
5.33606
5.34021
5.34646
5.35774
5.37292
5.3861
5.39319
5.39496
5.39447
5.39544
5.4
5.40666
5.41288
5.41576
5.4152
5.41307
5.41167
5.41154
5.41234
1
1
1
1
1
1
1
1
1
1
1
1
1
1
1
1
1
1
1
1
1
1
1
1
1
1
1
1.3259
3.81141
4.56863
4.57876
4.5971
4.62086
4.64724
4.67267
4.69605
4.71766
4.73766
4.75549
4.77147
4.78649
4.80178
4.81891
4.83894
4.86216
4.88501
4.90257
4.91364
4.92127
4.92966
4.94097
4.95685
4.97598
4.99458
5.01075
5.02489
5.03863
5.054
5.07126
5.08781
5.1023
5.11493
5.12649
5.13796
5.14969
5.16159
5.17649
5.19345
5.21054
5.22665
5.23969
5.24941
5.25857
5.27021
5.28454
5.29954
5.31142
5.31794
5.32176
5.32708
5.33666
5.35026
5.36269
5.36933
5.37039
5.36885
5.36914
5.37336
5.37994
5.38531
5.38633
5.38392
5.3806
5.37931
5.37977
5.38236
1
1
1
1
1
1
1
1
1
1
1
1
1
1
1
1
1
1
1
1
1
1
1
1
1
1
1
1.19726
3.62818
4.5611
4.57286
4.59189
4.61629
4.64171
4.66584
4.68843
4.70928
4.7291
4.74765
4.76488
4.78075
4.79568
4.81118
4.82921
4.85115
4.874
4.89286
4.9052
4.91311
4.92066
4.93082
4.94585
4.96455
4.98301
4.999
5.01244
5.0253
5.03952
5.05587
5.07224
5.08698
5.0998
5.11143
5.1229
5.13485
5.14733
5.16218
5.17818
5.19364
5.20819
5.22075
5.23128
5.24188
5.2545
5.26844
5.28222
5.29316
5.29961
5.30318
5.30733
5.31466
5.32617
5.33766
5.34423
5.34493
5.34219
5.34133
5.34487
5.35145
5.35618
5.35508
5.34997
5.34463
5.34276
5.34367
5.34788
1
1
1
1
1
1
1
1
1
1
1
1
1
1
1
1
1
1
1
1
1
1
1
1
1
1
1
1.07863
3.42115
4.55765
4.57153
4.58872
4.61329
4.6383
4.66199
4.68266
4.70046
4.71868
4.73796
4.75722
4.77501
4.79054
4.80484
4.82069
4.84051
4.86228
4.88162
4.89551
4.90455
4.91189
4.92094
4.93426
4.95159
4.96971
4.98613
4.99997
5.01251
5.02517
5.03989
5.05582
5.07095
5.08448
5.09674
5.10847
5.12046
5.13326
5.14809
5.16348
5.17773
5.19076
5.20239
5.21313
5.22462
5.2379
5.2516
5.26431
5.27429
5.2807
5.2842
5.28724
5.2924
5.30157
5.31161
5.31816
5.31846
5.31394
5.31111
5.31311
5.31897
5.32295
5.31991
5.31205
5.30463
5.30234
5.30442
5.31064
1
1
1
1
1
1
1
1
1
1
1
1
1
1
1
1
1
1
1
1
1
1
1
1
1
1
1
1.00697
3.15996
4.52863
4.557
4.57676
4.60386
4.63003
4.65478
4.67568
4.69292
4.71018
4.72955
4.75015
4.76973
4.78642
4.80016
4.81389
4.83085
4.85065
4.86994
4.88521
4.8957
4.90326
4.91142
4.92257
4.93795
4.95548
4.97254
4.98738
4.99989
5.01086
5.02369
5.03925
5.055
5.06946
5.08243
5.09422
5.1059
5.11866
5.13335
5.14836
5.16189
5.17379
5.18453
5.19519
5.20719
5.22078
5.23427
5.24598
5.25513
5.26146
5.26512
5.26716
5.27025
5.27648
5.28433
5.2903
5.29005
5.28382
5.27887
5.27926
5.28419
5.2876
5.28263
5.27139
5.26062
5.25642
5.25864
5.26552
1
1
1
1
1
1
1
1
1
1
1
1
1
1
1
1
1
1
1
1
1
1
1
1
1
1
1
1.00017
2.8351
4.48336
4.54828
4.56993
4.59832
4.6243
4.64857
4.66893
4.68608
4.70355
4.72295
4.744
4.76424
4.78112
4.79412
4.80616
4.82111
4.83982
4.85925
4.87539
4.88676
4.89425
4.90138
4.91044
4.92402
4.94104
4.95867
4.97444
4.98679
4.99606
5.007
5.02212
5.03856
5.05408
5.06782
5.07979
5.09133
5.10413
5.11882
5.13372
5.14693
5.15797
5.16774
5.17795
5.19
5.2035
5.21653
5.22721
5.23562
5.24165
5.24566
5.24698
5.24815
5.25112
5.25634
5.26075
5.25979
5.25239
5.24487
5.24226
5.24436
5.24563
5.23863
5.22471
5.21136
5.20552
5.20778
5.21494
1
1
1
1
1
1
1
1
1
1
1
1
1
1
1
1
1
1
1
1
1
1
1
1
1
1
1
1
2.50416
4.4198
4.54194
4.56426
4.59352
4.61966
4.64384
4.66402
4.68144
4.69916
4.71844
4.73927
4.75914
4.77536
4.78706
4.79787
4.81199
4.83043
4.85
4.86623
4.87742
4.88405
4.88997
4.89768
4.91023
4.92687
4.94456
4.96039
4.97219
4.9804
4.99032
5.00544
5.02288
5.03946
5.05385
5.06591
5.07729
5.0899
5.10443
5.11936
5.13257
5.14313
5.15202
5.16145
5.17302
5.18606
5.19844
5.20829
5.21589
5.22133
5.22568
5.22658
5.22604
5.22578
5.2274
5.22883
5.22704
5.2191
5.20908
5.20257
5.20122
5.2
5.19156
5.17522
5.15794
5.14732
5.14628
5.15027
1
1
1
1
1
1
1
1
1
1
1
1
1
1
1
1
1
1
1
1
1
1
1
1
1
1
1
1
2.17595
4.32569
4.53998
4.5616
4.58909
4.61391
4.63753
4.65863
4.67741
4.69547
4.71471
4.73515
4.75445
4.7697
4.77975
4.78956
4.80335
4.82191
4.84172
4.85781
4.86816
4.87332
4.8778
4.88485
4.89708
4.91347
4.93072
4.94588
4.95691
4.96484
4.97476
4.99031
5.00858
5.02593
5.04083
5.05302
5.06423
5.07651
5.0907
5.10568
5.1191
5.12956
5.13772
5.146
5.15632
5.16841
5.17993
5.18935
5.19631
5.201
5.20513
5.2057
5.20367
5.20058
5.19826
5.19584
5.19261
5.18417
5.17156
5.15975
5.15232
5.14581
5.13388
5.11498
5.09474
5.08007
5.07522
5.07603
1
1
1
1
1
1
1
1
1
1
1
1
1
1
1
1
1
1
1
1
1
1
1
1
1
1
1
1
1.86564
4.1939
4.54186
4.55972
4.58612
4.6109
4.63372
4.65392
4.67283
4.69161
4.71109
4.73067
4.74903
4.7627
4.77157
4.78121
4.79477
4.81266
4.83191
4.84774
4.85753
4.86172
4.86518
4.872
4.88391
4.89963
4.91589
4.92995
4.94048
4.94909
4.96022
4.9767
4.99559
5.01338
5.02863
5.04095
5.05189
5.06359
5.0773
5.09246
5.1065
5.11743
5.12517
5.13201
5.14038
5.1511
5.16174
5.17122
5.17755
5.18131
5.184
5.18368
5.18054
5.17515
5.16861
5.16195
5.15655
5.14678
5.13103
5.11321
5.09875
5.08697
5.07259
5.0515
5.02581
5.00138
4.98534
4.97596
1
1
1
1
1
1
1
1
1
1
1
1
1
1
1
1
1
1
1
1
1
1
1
1
1
1
1
1
1.57841
4.01698
4.54219
4.55753
4.58134
4.60461
4.62738
4.64821
4.66773
4.68659
4.70574
4.72471
4.74218
4.75493
4.76403
4.77453
4.78817
4.80469
4.82223
4.83699
4.84675
4.85129
4.85478
4.86179
4.87325
4.88812
4.90317
4.91563
4.92507
4.9342
4.94698
4.96434
4.98297
5.00017
5.01515
5.02759
5.03877
5.05063
5.06447
5.08018
5.09506
5.10666
5.11405
5.11915
5.12491
5.13363
5.14338
5.15315
5.15905
5.16166
5.16224
5.16066
5.15623
5.1496
5.13964
5.12839
5.11933
5.10704
5.08785
5.0634
5.03971
5.01901
4.99726
4.96886
4.93432
4.89958
4.87324
4.85772
1
1
1
1
1
1
1
1
1
1
1
1
1
1
1
1
1
1
1
1
1
1
1
1
1
1
1
1
1.32617
3.7834
4.55532
4.55536
4.57743
4.5985
4.62032
4.64181
4.66333
4.68402
4.70338
4.72129
4.73644
4.74795
4.75737
4.76765
4.78045
4.79534
4.81098
4.82428
4.83274
4.83699
4.84124
4.84848
4.85856
4.87116
4.88457
4.89695
4.90833
4.92089
4.93658
4.95467
4.97243
4.98861
5.00317
5.01577
5.02739
5.03974
5.05368
5.06959
5.08494
5.09718
5.1045
5.10835
5.11174
5.11805
5.12655
5.13592
5.14144
5.14281
5.14089
5.13742
5.13133
5.12327
5.11057
5.09513
5.081
5.06429
5.04018
5.00884
4.97596
4.94619
4.91713
4.8818
4.83533
4.77987
4.72484
4.68211
1
1
1
1
1
1
1
1
1
1
1
1
1
1
1
1
1
1
1
1
1
1
1
1
1
1
1
1
1.11176
3.46786
4.57295
4.55813
4.5792
4.5994
4.61973
4.63956
4.65876
4.6774
4.69465
4.71091
4.72531
4.73794
4.74899
4.7597
4.77176
4.78511
4.79919
4.81201
4.8205
4.8256
4.83075
4.83802
4.84681
4.85749
4.86969
4.8823
4.8958
4.91183
4.92996
4.94813
4.96446
4.97918
4.99285
5.00541
5.01768
5.03089
5.04516
5.06108
5.07648
5.08892
5.09588
5.09848
5.09981
5.1038
5.11085
5.11899
5.12376
5.12337
5.1188
5.11332
5.10635
5.0973
5.08241
5.06267
5.04199
5.0192
4.98954
4.95152
4.90861
4.8662
4.82282
4.76917
4.69458
4.60205
4.51266
4.4405
1
1
1
1
1
1
1
1
1
1
1
1
1
1
1
1
1
1
1
1
1
1
1
1
1
1
1
1
1.00887
3.07186
4.5764
4.55353
4.57573
4.59745
4.61837
4.6383
4.65715
4.67444
4.68993
4.70414
4.71737
4.72984
4.74091
4.7513
4.76278
4.7751
4.78767
4.79986
4.80847
4.8145
4.82054
4.82764
4.83505
4.84388
4.8554
4.86948
4.88646
4.90651
4.92654
4.94381
4.95782
4.97043
4.98304
4.99603
5.00977
5.0243
5.03889
5.05421
5.0691
5.0816
5.08886
5.09098
5.09111
5.09262
5.09717
5.10308
5.107
5.10523
5.09781
5.08944
5.08116
5.07158
5.05602
5.03222
5.00275
4.97035
4.93424
4.8923
4.84304
4.78848
4.72895
4.65764
4.56075
4.43382
4.30008
4.23681
1
1
1
1
1
1
1
1
1
1
1
1
1
1
1
1
1
1
1
1
1
1
1
1
1
1
1
1
1.00028
2.02369
4.2755
4.56251
4.57914
4.59594
4.61285
4.62999
4.64628
4.65971
4.67078
4.68059
4.69019
4.69965
4.70894
4.71868
4.72908
4.73934
4.75008
4.76219
4.77413
4.78577
4.79567
4.80401
4.81147
4.82002
4.83211
4.84868
4.86924
4.89149
4.91212
4.92918
4.94287
4.95485
4.96686
4.97981
4.9944
5.00989
5.02519
5.03913
5.05142
5.06178
5.06872
5.07143
5.07058
5.0666
5.0627
5.06017
5.05941
5.05613
5.04711
5.03414
5.01897
5.00161
4.97943
4.94838
4.90701
4.85762
4.80414
4.74581
4.67901
4.59625
4.49664
4.36578
4.18991
3.91651
3.53008
2.64856
1
1
1
1
1
1
1
1
1
1
1
1
1
1
1
1
1
1
1
1
1
1
1
1
1
1
1
1
1
1.04385
3.07474
4.5397
4.56913
4.57468
4.58753
4.60179
4.61647
4.628
4.63549
4.6409
4.64522
4.64944
4.6551
4.66301
4.6727
4.68286
4.69426
4.70834
4.7252
4.74304
4.75808
4.7701
4.78216
4.79505
4.8092
4.82486
4.84194
4.86073
4.88192
4.90368
4.92295
4.93863
4.95107
4.96163
4.97316
4.987
5.00212
5.01604
5.02749
5.03645
5.04111
5.04146
5.03656
5.02676
5.01423
5.00135
4.99038
4.97895
4.96452
4.94485
4.91925
4.8878
4.85019
4.80492
4.75052
4.68559
4.61012
4.5226
4.42108
4.30022
4.15484
3.97709
3.74839
3.45027
3.0246
2.45618
1
1
1
1
1
1
1
1
1
1
1
1
1
1
1
1
1
1
1
1
1
1
1
1
1
1
1
1
1
1.0001
1.49706
3.90597
4.53539
4.52589
4.5299
4.54044
4.55464
4.56892
4.58142
4.58882
4.59182
4.59266
4.59472
4.60006
4.61059
4.62617
4.64519
4.66643
4.6892
4.71247
4.73398
4.75319
4.77251
4.792
4.81049
4.82757
4.84391
4.86179
4.8859
4.91493
4.94208
4.96272
4.97547
4.98172
4.98558
4.99256
5.00222
5.01315
5.02451
5.03101
5.03081
5.02383
5.01063
4.99478
4.97792
4.95929
4.93851
4.91446
4.8876
4.85759
4.82356
4.78404
4.73728
4.68141
4.6164
4.54213
4.45764
4.36035
4.24731
4.11591
3.96191
3.78403
3.57401
3.31845
3.01926
2.65705
1
1
1
1
1
1
1
1
1
1
1
1
1
1
1
1
1
1
1
1
1
1
1
1
1
1
1
1
1
1
1.01089
2.10637
4.223
4.47395
4.48216
4.49186
4.50126
4.50646
4.5102
4.51791
4.52898
4.53995
4.55072
4.56209
4.5746
4.59029
4.60987
4.63258
4.65944
4.68967
4.72298
4.75746
4.79125
4.82285
4.84981
4.87096
4.88752
4.90359
4.92725
4.95674
4.98522
5.00774
5.0201
5.02288
5.01798
5.01326
5.01302
5.01659
5.02037
5.01999
5.01363
4.99878
4.97755
4.95478
4.93247
4.90842
4.88029
4.84663
4.8088
4.76836
4.72562
4.67912
4.62652
4.56556
4.49583
4.4182
4.33274
4.23819
4.13128
4.00926
3.87061
3.71381
3.53299
3.33116
3.1227
2.9197
1
1
1
1
1
1
1
1
1
1
1
1
1
1
1
1
1
1
1
1
1
1
1
1
1
1
1
1
1
1
1.00001
1.05228
2.55959
4.29199
4.42239
4.429
4.43782
4.44645
4.45195
4.46112
4.47777
4.49767
4.51944
4.53998
4.56081
4.58591
4.61917
4.65711
4.6962
4.73519
4.77506
4.81689
4.86055
4.90363
4.94178
4.9711
4.9903
5.00192
5.01165
5.02479
5.03658
5.04619
5.05077
5.04676
5.0354
5.0214
5.01041
5.002
4.99447
4.98563
4.97273
4.95331
4.92814
4.90022
4.87145
4.84108
4.80758
4.76966
4.72738
4.68171
4.63339
4.58202
4.52627
4.46469
4.39647
4.32204
4.24173
4.15533
4.06098
3.95717
3.84
3.70842
3.56309
3.41714
3.28409
3.14991
1
1
1
1
1
1
1
1
1
1
1
1
1
1
1
1
1
1
1
1
1
1
1
1
1
1
1
1
1
1
1
1.00017
1.10101
2.83515
4.28332
4.39463
4.38805
4.40355
4.41384
4.43055
4.45271
4.47996
4.5141
4.55338
4.59216
4.63218
4.68174
4.73699
4.79364
4.84826
4.89801
4.94058
4.97609
5.00956
5.03747
5.05579
5.0642
5.06524
5.05986
5.05518
5.0509
5.04722
5.0417
5.03206
5.0174
5.00009
4.98334
4.96719
4.95075
4.93302
4.91233
4.88782
4.85953
4.82889
4.79671
4.76319
4.72741
4.68875
4.64672
4.60161
4.55378
4.50314
4.44902
4.39044
4.32684
4.25809
4.18465
4.10669
4.02366
3.93483
3.83907
3.73789
3.63512
3.53196
3.42925
3.32006
1
1
1
1
1
1
1
1
1
1
1
1
1
1
1
1
1
1
1
1
1
1
1
1
1
1
1
1
1
1
1
1
1.00051
1.13866
2.92624
4.26853
4.36707
4.36307
4.39219
4.42753
4.47274
4.52429
4.581
4.64591
4.71938
4.79111
4.85629
4.91366
4.96283
5.00389
5.03463
5.05151
5.06328
5.06987
5.07393
5.07635
5.07329
5.0674
5.05982
5.05042
5.03952
5.0265
5.00985
4.98973
4.9683
4.94808
4.93029
4.91478
4.89951
4.88061
4.85583
4.82674
4.79562
4.76422
4.7326
4.7006
4.66649
4.62919
4.58786
4.54326
4.49655
4.44845
4.39906
4.34719
4.29129
4.23024
4.16325
4.09158
4.01647
3.93938
3.86301
3.78645
3.70896
3.62841
3.5432
3.45181
1
1
1
1
1
1
1
1
1
1
1
1
1
1
1
1
1
1
1
1
1
1
1
1
1
1
1
1
1
1
1
1
1
1.00088
1.15386
2.88276
4.28214
4.39405
4.44112
4.50033
4.57632
4.66526
4.75816
4.84451
4.91998
4.97913
5.02109
5.0532
5.07235
5.08576
5.09059
5.08969
5.08725
5.08137
5.07236
5.05805
5.04345
5.03438
5.02879
5.02257
5.011
4.99261
4.96671
4.93601
4.90873
4.88788
4.87184
4.86113
4.85345
4.83811
4.81037
4.77665
4.74211
4.70898
4.67807
4.64988
4.62227
4.59105
4.55199
4.50705
4.45985
4.41199
4.36548
4.31975
4.27324
4.22239
4.1644
4.10035
4.03309
3.96496
3.89798
3.83206
3.76719
3.70193
3.63475
3.56225
1.11772
0.646612
0.419041
0.293591
0.234734
0.193116
0.141525
0.100044
0.0944266
0.0928395
0.0838429
0.0733014
0.0727427
0.0832288
0.0893077
0.0915049
0.0959849
0.102048
0.112159
0.126469
0.144775
0.170437
0.189511
0.205694
0.225548
0.257573
0.284156
0.310871
0.348511
0.403205
0.444776
0.47789
0.516069
0.559102
0.605944
0.657098
0.713064
0.769117
0.824057
0.878539
0.930818
0.975874
1.02243
1.06966
1.13117
1.204
1.28756
1.35899
1.42394
1.48163
1.53653
1.59053
1.65336
1.72011
1.79117
1.85694
1.91534
1.96348
1.99173
2.00262
2.01598
2.04716
2.08693
2.13777
2.16587
2.17433
2.16868
2.15179
2.1431
2.15102
2.16263
2.17843
2.19022
2.19917
2.20947
2.22161
2.23653
2.25916
2.29273
2.32107
2.34256
2.36262
2.37464
2.38335
2.39539
2.40997
2.43598
2.48354
2.52849
2.55762
2.58816
2.61612
2.63988
2.664
2.68559
2.71217
1.75139
1.40022
1.1283
0.916762
0.821437
0.743643
0.645223
0.550267
0.533944
0.516164
0.471622
0.411984
0.400435
0.40566
0.393452
0.367443
0.35835
0.354452
0.359042
0.366045
0.364168
0.358682
0.363447
0.367498
0.366914
0.369534
0.37535
0.387018
0.392545
0.39167
0.39292
0.400708
0.413203
0.422794
0.432582
0.446529
0.464647
0.485062
0.507438
0.53355
0.561657
0.590788
0.626512
0.667656
0.702007
0.735989
0.781489
0.835344
0.878569
0.920666
0.974861
1.03218
1.08218
1.13307
1.19597
1.26341
1.31663
1.37733
1.44811
1.49628
1.53972
1.59647
1.66464
1.73969
1.80537
1.86312
1.91086
1.96487
2.00353
2.0467
2.08204
2.11541
2.14377
2.1605
2.17629
2.19795
2.22485
2.25887
2.3068
2.34573
2.36947
2.3911
2.40744
2.4192
2.43258
2.44663
2.46449
2.49759
2.53765
2.56087
2.58142
2.60042
2.61738
2.63661
2.65862
2.6853
2.29115
2.05868
1.85619
1.6394
1.49568
1.37756
1.24284
1.16447
1.1213
1.05969
0.971171
0.89907
0.87306
0.843509
0.794963
0.749661
0.73821
0.726515
0.704084
0.670849
0.64627
0.638762
0.630802
0.617783
0.599963
0.596199
0.596141
0.588926
0.573911
0.562363
0.56253
0.560146
0.55524
0.55667
0.564664
0.566933
0.563623
0.557914
0.559955
0.566448
0.578116
0.597608
0.613062
0.622243
0.63327
0.646215
0.647754
0.650786
0.658246
0.668597
0.682533
0.699892
0.720802
0.745925
0.775582
0.813588
0.85838
0.909186
0.973102
1.04539
1.11238
1.17658
1.25039
1.33115
1.41062
1.48714
1.5696
1.67661
1.77081
1.83619
1.91646
1.98656
2.03702
2.09301
2.12722
2.16108
2.2023
2.24151
2.2864
2.33363
2.36835
2.39725
2.42481
2.44614
2.46335
2.48005
2.49586
2.51503
2.53974
2.55707
2.57
2.58291
2.59793
2.616
2.6375
2.66339
2.71599
2.54264
2.38794
2.20555
2.06876
1.94496
1.80111
1.71037
1.64937
1.55587
1.47339
1.41956
1.34971
1.27228
1.23141
1.2051
1.17167
1.12506
1.0693
1.03839
1.01371
0.982534
0.947309
0.934562
0.928648
0.912846
0.891236
0.860591
0.833713
0.830435
0.83052
0.818959
0.809116
0.808321
0.803515
0.789181
0.76723
0.751385
0.752137
0.750294
0.746728
0.749095
0.751612
0.746934
0.736836
0.72531
0.720088
0.720306
0.725426
0.734672
0.737972
0.739165
0.73595
0.735441
0.73953
0.745923
0.75833
0.772327
0.780816
0.788075
0.79444
0.802436
0.816582
0.839041
0.873576
0.923301
0.980641
1.0518
1.13678
1.21508
1.30489
1.40421
1.49465
1.60711
1.7078
1.7921
1.89333
1.97897
2.05176
2.13837
2.20306
2.24935
2.30289
2.33765
2.36441
2.39916
2.4249
2.44854
2.47928
2.50343
2.52165
2.54211
2.5668
2.59477
2.63026
2.66498
3.00911
2.8785
2.75048
2.59833
2.48164
2.36196
2.24302
2.15044
2.05136
1.97373
1.91263
1.83138
1.73943
1.68907
1.64626
1.58226
1.52702
1.49241
1.44827
1.38772
1.33321
1.30846
1.28827
1.26425
1.22972
1.18579
1.16218
1.14029
1.1141
1.0911
1.08364
1.08161
1.0686
1.04545
1.02549
1.00303
0.974992
0.96548
0.966665
0.964176
0.95403
0.946681
0.941245
0.928672
0.909034
0.899415
0.898971
0.900359
0.900766
0.898754
0.893127
0.880686
0.865005
0.859046
0.858682
0.863114
0.872794
0.879509
0.880275
0.878999
0.873405
0.863264
0.862632
0.869338
0.87566
0.875142
0.875648
0.877125
0.881597
0.889874
0.903277
0.922953
0.947385
0.980253
1.02713
1.08028
1.14719
1.23413
1.32372
1.43103
1.54096
1.64004
1.7602
1.86369
1.95388
2.06629
2.16257
2.22576
2.3033
2.36333
2.39691
2.44249
2.48595
2.5272
2.57779
2.62717
3.20626
3.10248
2.99774
2.87449
2.76768
2.6691
2.58038
2.48713
2.38126
2.30734
2.24984
2.17338
2.1016
2.02496
1.95804
1.91708
1.87275
1.81357
1.74794
1.69796
1.66619
1.63239
1.58626
1.54743
1.51515
1.46996
1.42113
1.39474
1.38489
1.37704
1.35509
1.33734
1.31651
1.27696
1.25058
1.23459
1.21551
1.208
1.20332
1.18779
1.16999
1.15771
1.13827
1.12014
1.11774
1.11383
1.10641
1.10382
1.09886
1.08933
1.07283
1.05136
1.03546
1.02696
1.02528
1.02739
1.02561
1.02351
1.01934
1.01177
1.00137
0.989326
0.98145
0.978622
0.973948
0.964476
0.956027
0.954782
0.95518
0.957366
0.960957
0.962996
0.962207
0.960314
0.96122
0.963793
0.967666
0.975048
0.981908
0.992293
1.01103
1.03717
1.07393
1.1282
1.19804
1.28384
1.39021
1.49341
1.59619
1.71453
1.81769
1.91689
2.03964
2.151
2.25276
2.37018
3.35786
3.26822
3.17541
3.07783
2.98661
2.90429
2.82857
2.74425
2.65163
2.57652
2.52184
2.46836
2.39722
2.31384
2.24912
2.20584
2.15648
2.09562
2.03549
1.98287
1.94098
1.9093
1.87567
1.83219
1.77297
1.7059
1.67891
1.66901
1.64283
1.62275
1.60692
1.57939
1.5389
1.49658
1.48006
1.46958
1.4576
1.44303
1.42294
1.38872
1.35395
1.34276
1.328
1.3158
1.31412
1.30593
1.29589
1.28975
1.27947
1.26217
1.23843
1.21976
1.20464
1.19304
1.19103
1.19016
1.18382
1.18069
1.17551
1.16399
1.15261
1.14743
1.14105
1.13218
1.11987
1.10625
1.10131
1.10209
1.10037
1.0959
1.09155
1.0835
1.07027
1.06303
1.06225
1.06099
1.05798
1.05416
1.04858
1.03696
1.02399
1.0225
1.02358
1.02863
1.03852
1.04987
1.0604
1.07297
1.08641
1.10723
1.13409
1.17426
1.23557
1.32296
1.4278
1.54865
3.48443
3.40469
3.32315
3.24254
3.16471
3.08981
3.01866
2.94602
2.8695
2.79968
2.74573
2.70115
2.64163
2.56829
2.50114
2.44981
2.40034
2.3417
2.27475
2.22221
2.19022
2.15979
2.12383
2.07851
2.0157
1.96265
1.92537
1.89814
1.88145
1.86059
1.8268
1.77777
1.74876
1.73196
1.7096
1.69343
1.67713
1.64795
1.60778
1.57746
1.5504
1.53593
1.53081
1.51792
1.50339
1.49262
1.47745
1.46285
1.44939
1.43426
1.41412
1.38671
1.3706
1.36541
1.36015
1.3511
1.34356
1.33705
1.32674
1.31335
1.30512
1.2975
1.28675
1.27229
1.25879
1.25069
1.24633
1.24252
1.23731
1.22841
1.21329
1.19697
1.19053
1.1891
1.18952
1.18626
1.1807
1.17385
1.16272
1.13963
1.11662
1.11058
1.10817
1.10638
1.10664
1.10846
1.10948
1.10883
1.10696
1.10429
1.09931
1.08364
1.07586
1.07808
1.08562
1.10116
)
;

boundaryField
{
    inlet
    {
        type            fixedValue;
        value           uniform 1;
    }
    outlet
    {
        type            zeroGradient;
    }
    bottom
    {
        type            symmetryPlane;
    }
    top
    {
        type            symmetryPlane;
    }
    obstacle
    {
        type            zeroGradient;
    }
    defaultFaces
    {
        type            empty;
    }
    procBoundary0to1
    {
        type            processor;
        value           nonuniform List<scalar> 8(2.74124 2.70969 2.68371 2.68524 2.65447 2.46562 1.69295 1.1289);
    }
    procBoundary0to2
    {
        type            processor;
        value           nonuniform List<scalar> 
192
(
1
1
1
1
1
1
1
1
1
1
1
1
1
1
1
1
1
1
1
1
1
1
1
1
1
1
1
1
1
1
1
1
1
1
1.00109
1.14504
2.89655
4.43934
4.6445
4.73053
4.83091
4.91158
4.97601
5.02331
5.05703
5.07916
5.09321
5.09966
5.09728
5.09232
5.0871
5.08142
5.07513
5.06619
5.05214
5.03102
5.00938
4.99457
4.9875
4.98644
4.97892
4.95967
4.93117
4.89488
4.86406
4.84232
4.82689
4.81909
4.81581
4.80211
4.77252
4.737
4.70112
4.66726
4.6368
4.61168
4.59099
4.56753
4.53178
4.4874
4.44061
4.39307
4.34831
4.3065
4.26864
4.22995
4.18357
4.12655
4.06381
3.99978
3.93659
3.87554
3.81776
3.7644
3.71385
3.65616
3.58849
3.51728
3.44524
3.37361
3.30437
3.23924
3.17693
3.11369
3.04769
2.98334
2.9287
2.8846
2.837
2.77866
2.71988
2.66592
2.61135
2.54999
2.48386
2.43214
2.3982
2.37408
2.34321
2.30073
2.2444
2.18428
2.15067
2.12846
2.0968
2.06008
2.01827
1.98431
1.96264
1.94121
1.92107
1.89795
1.86226
1.81206
1.78588
1.76723
1.75066
1.74118
1.72839
1.70702
1.67728
1.65821
1.64526
1.62839
1.6101
1.59378
1.57512
1.5553
1.53843
1.52621
1.51865
1.50984
1.49641
1.47958
1.46893
1.45898
1.44734
1.43143
1.41277
1.40315
1.39747
1.39238
1.3871
1.38058
1.37121
1.35341
1.32758
1.31581
1.31206
1.31252
1.31615
1.31323
1.30729
1.29988
1.28824
1.26599
1.24067
1.23063
1.22621
1.22391
1.2236
1.22222
1.21942
1.21518
1.20907
1.20051
1.18854
1.16576
1.13965
1.13215
1.12992
1.1297
)
;
    }
}


// ************************************************************************* //
