/*--------------------------------*- C++ -*----------------------------------*\
  =========                 |
  \\      /  F ield         | OpenFOAM: The Open Source CFD Toolbox
   \\    /   O peration     | Website:  https://openfoam.org
    \\  /    A nd           | Version:  7
     \\/     M anipulation  |
\*---------------------------------------------------------------------------*/
FoamFile
{
    version     2.0;
    format      ascii;
    class       volScalarField;
    location    "1.7";
    object      p;
}
// * * * * * * * * * * * * * * * * * * * * * * * * * * * * * * * * * * * * * //

dimensions      [1 -1 -2 0 0 0 0];

internalField   nonuniform List<scalar> 
1008
(
0.825291
1.09124
1.57385
1.99802
2.15575
2.17211
2.12126
2.07424
2.04449
2.04171
2.00585
1.95145
1.88239
1.82101
1.78364
1.75533
1.72986
1.70327
1.67103
1.62848
1.5924
1.57093
1.55468
1.53731
1.51556
1.48626
1.45546
1.43754
1.42626
1.41564
1.40303
1.38287
1.35068
1.32741
1.31994
1.31438
1.30753
1.29468
1.26963
1.24583
1.23685
1.2314
1.22882
1.22756
1.22543
1.22091
1.2135
1.20349
1.19471
1.19073
1.18938
1.18715
1.18377
1.18063
1.1785
1.17725
1.1779
1.17767
1.17596
1.16941
1.1594
1.14878
1.14815
0.995176
1.18436
1.44749
1.66802
1.83027
1.93274
1.95218
1.95166
1.95889
1.96861
1.94625
1.91201
1.859
1.80706
1.77533
1.75126
1.72782
1.70303
1.67515
1.64078
1.6088
1.58651
1.56804
1.54926
1.52721
1.49926
1.46728
1.44347
1.42908
1.41751
1.40469
1.38682
1.35892
1.33128
1.31774
1.31091
1.30432
1.29398
1.27398
1.25195
1.24213
1.23518
1.22909
1.22535
1.221
1.21266
1.20345
1.19606
1.19008
1.18685
1.18551
1.18348
1.18001
1.17609
1.1725
1.17035
1.17071
1.17263
1.17394
1.17234
1.16818
1.16139
1.15941
1.1308
1.23908
1.36588
1.43803
1.51673
1.63108
1.7505
1.82983
1.89469
1.92719
1.9292
1.90723
1.8702
1.83713
1.81079
1.78708
1.75914
1.72208
1.68291
1.64626
1.61668
1.59461
1.57356
1.5503
1.52356
1.49397
1.46367
1.43849
1.4199
1.40521
1.39028
1.37377
1.35419
1.33209
1.31338
1.30113
1.29149
1.27973
1.26206
1.24417
1.23543
1.22889
1.22444
1.22311
1.21966
1.21107
1.20326
1.19722
1.19055
1.18547
1.18249
1.17948
1.17534
1.17087
1.16659
1.16326
1.16154
1.16174
1.16404
1.16642
1.16766
1.16714
1.16594
1.16312
1.2464
1.36411
1.37538
1.37576
1.38827
1.45162
1.55021
1.66207
1.73832
1.77665
1.79306
1.79301
1.7972
1.80426
1.79912
1.7783
1.74495
1.70067
1.6599
1.6281
1.60174
1.57485
1.54504
1.5144
1.48475
1.45737
1.43441
1.41676
1.40283
1.3892
1.37463
1.35946
1.34331
1.32613
1.31156
1.30018
1.28741
1.27052
1.25501
1.24694
1.24077
1.23546
1.23242
1.22575
1.21451
1.20692
1.20313
1.19987
1.19741
1.19588
1.19318
1.18866
1.18357
1.17825
1.17383
1.17124
1.17105
1.17259
1.17537
1.17741
1.18008
1.18107
1.16115
1.21635
1.33018
1.34995
1.34172
1.34175
1.34385
1.35618
1.40217
1.47429
1.55003
1.61964
1.66143
1.68883
1.70935
1.71984
1.7194
1.7053
1.68161
1.66858
1.65419
1.63433
1.61017
1.57986
1.54145
1.50148
1.4673
1.4396
1.41754
1.39802
1.38105
1.36609
1.35182
1.33675
1.32056
1.30394
1.29009
1.27766
1.26487
1.25508
1.24854
1.24266
1.23629
1.22979
1.22021
1.20717
1.19988
1.19687
1.19453
1.19362
1.19417
1.19217
1.18763
1.18246
1.17739
1.17356
1.1714
1.17225
1.1751
1.18045
1.186
1.19188
1.19718
1.1404
1.1575
1.24524
1.31454
1.33146
1.33991
1.33642
1.32546
1.30123
1.29404
1.31554
1.36995
1.44351
1.51044
1.56182
1.60447
1.63244
1.63713
1.62763
1.61871
1.61175
1.60212
1.58752
1.56876
1.54524
1.52297
1.49608
1.47105
1.44695
1.42146
1.39498
1.37101
1.35123
1.33339
1.31666
1.29955
1.28205
1.26527
1.25359
1.24757
1.24331
1.23912
1.23346
1.2275
1.21909
1.20738
1.20067
1.19844
1.19679
1.19665
1.19717
1.19515
1.19145
1.18756
1.18457
1.18358
1.18378
1.18512
1.18731
1.19174
1.19962
1.20892
1.2126
1.0993
1.10096
1.15909
1.27002
1.33118
1.34294
1.33483
1.31143
1.27945
1.25078
1.24282
1.24847
1.27068
1.30688
1.3495
1.39859
1.4497
1.49702
1.52995
1.5432
1.55113
1.55122
1.54141
1.52667
1.50977
1.49457
1.48566
1.47826
1.46431
1.44458
1.41815
1.3917
1.37246
1.35536
1.3389
1.32136
1.30156
1.28136
1.26616
1.25772
1.25201
1.24619
1.23948
1.23309
1.22504
1.21491
1.20915
1.20761
1.20729
1.20862
1.20933
1.20774
1.20583
1.20445
1.20474
1.20714
1.20957
1.21215
1.21481
1.21901
1.22569
1.23229
1.22665
1.05009
1.05946
1.10603
1.21632
1.31159
1.32836
1.31981
1.29501
1.26744
1.2446
1.22742
1.21793
1.21324
1.20569
1.20229
1.21293
1.2399
1.2865
1.34464
1.39569
1.4318
1.45773
1.46535
1.46184
1.45602
1.45119
1.44868
1.44653
1.43737
1.42461
1.40661
1.38352
1.37036
1.36256
1.35422
1.34309
1.32749
1.3088
1.29335
1.28361
1.27703
1.27143
1.26659
1.26329
1.2576
1.24901
1.24194
1.23936
1.23825
1.23758
1.23664
1.23581
1.23628
1.23784
1.24076
1.24334
1.24245
1.24278
1.24422
1.24437
1.242
1.23751
1.22654
0.993306
1.02094
1.06867
1.16199
1.28379
1.30904
1.297
1.27822
1.26531
1.25088
1.23229
1.20977
1.19037
1.17736
1.16749
1.16011
1.15459
1.15772
1.17381
1.20285
1.23851
1.27754
1.31047
1.33284
1.35248
1.36923
1.38162
1.39129
1.39349
1.38926
1.37647
1.35744
1.34187
1.336
1.33283
1.32603
1.31811
1.30807
1.29549
1.28633
1.28019
1.27548
1.274
1.27657
1.27778
1.27466
1.27094
1.26776
1.26436
1.25969
1.25422
1.25103
1.24869
1.24655
1.24564
1.24408
1.24169
1.24197
1.2431
1.23846
1.23175
1.2258
1.21633
0.848609
0.903738
0.957854
1.05038
1.20085
1.27365
1.26733
1.26547
1.26346
1.25372
1.23583
1.20773
1.17432
1.15992
1.15166
1.14592
1.13938
1.12671
1.10813
1.09933
1.10279
1.11548
1.13728
1.16268
1.18947
1.22104
1.25434
1.28001
1.30006
1.31046
1.31237
1.30795
1.29946
1.29619
1.2957
1.29469
1.29094
1.28374
1.27421
1.26379
1.25563
1.25047
1.24848
1.25214
1.25796
1.2611
1.2605
1.25764
1.2541
1.24956
1.24316
1.23677
1.23206
1.22936
1.22965
1.22877
1.22698
1.22643
1.22457
1.21953
1.21163
1.19993
1.18598
0.72567
0.743309
0.778817
0.839183
0.988353
1.15229
1.23475
1.25498
1.26049
1.25156
1.23285
1.20314
1.16455
1.14528
1.13751
1.13605
1.1301
1.11599
1.09502
1.07182
1.06237
1.06065
1.0622
1.06035
1.06326
1.07196
1.08885
1.11176
1.13682
1.16372
1.18645
1.20043
1.21002
1.21943
1.22842
1.23637
1.24151
1.24219
1.23863
1.23159
1.22439
1.22008
1.21731
1.21689
1.22176
1.23161
1.23769
1.23635
1.23299
1.22853
1.2217
1.21447
1.20853
1.20378
1.20195
1.2024
1.20211
1.19879
1.19311
1.18475
1.1704
1.15152
1.13261
0.714899
0.700142
0.692815
0.700342
0.746972
0.899105
1.11013
1.21129
1.24482
1.23973
1.22339
1.19653
1.15669
1.13178
1.12266
1.12073
1.11817
1.10734
1.08928
1.06387
1.04654
1.03821
1.03422
1.03086
1.02271
1.00912
1.00062
1.00128
1.00828
1.02367
1.04253
1.05761
1.07033
1.08632
1.10308
1.11801
1.13266
1.14817
1.15712
1.15846
1.15671
1.15669
1.15742
1.15805
1.161
1.17002
1.18169
1.18623
1.18433
1.18031
1.17357
1.16584
1.1582
1.15039
1.14442
1.14247
1.13944
1.13206
1.12077
1.10499
1.08498
1.06607
1.05112
0.725872
0.705923
0.688282
0.67574
0.674595
0.700157
0.827135
1.03207
1.17236
1.20728
1.19655
1.17441
1.14686
1.1217
1.1078
1.10085
1.09746
1.09102
1.08022
1.06418
1.04621
1.03001
1.01639
1.0063
0.998686
0.990284
0.979706
0.973897
0.973347
0.974071
0.971803
0.968965
0.96439
0.964127
0.970266
0.980462
0.99554
1.0145
1.03121
1.04176
1.04633
1.04926
1.05248
1.05524
1.05829
1.06481
1.07574
1.08504
1.08736
1.08509
1.08028
1.07366
1.06663
1.05955
1.05326
1.04888
1.04512
1.03956
1.03139
1.02166
1.01284
1.007
1.00514
0.75908
0.737773
0.709949
0.68098
0.666824
0.666985
0.682341
0.771316
0.973295
1.12217
1.16086
1.15425
1.13558
1.11857
1.09925
1.08376
1.07543
1.06815
1.06292
1.05585
1.04285
1.02602
1.00712
0.989016
0.977938
0.971591
0.96573
0.961419
0.96047
0.958381
0.952525
0.944239
0.931275
0.917686
0.914467
0.916049
0.923214
0.935469
0.947549
0.954386
0.957653
0.958037
0.958544
0.960835
0.964979
0.970773
0.977771
0.986222
0.993098
0.99475
0.993514
0.990924
0.988235
0.986106
0.984999
0.985345
0.986444
0.988748
0.99186
0.992925
0.993522
0.994096
0.99639
0.796306
0.77253
0.74387
0.711527
0.680124
0.662615
0.663464
0.671337
0.73068
0.895551
1.05289
1.12053
1.13086
1.11614
1.097
1.07251
1.05213
1.04287
1.03687
1.03586
1.03099
1.01808
0.999266
0.977621
0.962373
0.955708
0.954375
0.955912
0.952496
0.946802
0.940059
0.931274
0.918937
0.905939
0.900065
0.900225
0.903692
0.910948
0.918904
0.925585
0.929332
0.930885
0.931769
0.934154
0.936605
0.93825
0.941364
0.94684
0.955524
0.964308
0.967511
0.968214
0.968786
0.969763
0.970829
0.972021
0.973657
0.976741
0.982377
0.98775
0.989908
0.991155
0.994049
0.822869
0.801751
0.778156
0.751032
0.720197
0.689249
0.667524
0.660963
0.664678
0.704197
0.835216
0.996089
1.08885
1.10378
1.09272
1.06368
1.03226
1.01841
1.01181
1.01134
1.00981
1.00227
0.989361
0.969019
0.952633
0.944587
0.942113
0.941653
0.937355
0.932484
0.926748
0.919601
0.912257
0.903968
0.896396
0.895596
0.896915
0.898782
0.902574
0.90984
0.918237
0.924209
0.928301
0.930444
0.930988
0.931118
0.931786
0.934465
0.941265
0.953626
0.962403
0.965508
0.966799
0.967845
0.968273
0.969003
0.97053
0.973112
0.97768
0.984659
0.988482
0.990634
0.993941
)
;

boundaryField
{
    inlet
    {
        type            fixedValue;
        value           nonuniform 0();
    }
    outlet
    {
        type            zeroGradient;
    }
    bottom
    {
        type            symmetryPlane;
    }
    top
    {
        type            symmetryPlane;
    }
    obstacle
    {
        type            zeroGradient;
    }
    defaultFaces
    {
        type            empty;
    }
    procBoundary1to0
    {
        type            processor;
        value           nonuniform List<scalar> 
14
(
0.716689
0.8573
1.04386
1.12745
1.13752
1.13775
1.11344
1.05016
0.959112
0.795087
0.723203
0.725577
0.742518
0.778665
)
;
    }
    procBoundary1to2
    {
        type            processor;
        value           nonuniform List<scalar> 2(0.81582 0.843208);
    }
    procBoundary1to3
    {
        type            processor;
        value           nonuniform List<scalar> 
63
(
0.846707
0.824578
0.804188
0.78253
0.756825
0.727423
0.696754
0.669725
0.656054
0.65965
0.689428
0.794677
0.958738
1.06103
1.06586
1.04604
1.01738
1.00021
0.992649
0.989694
0.985654
0.977445
0.966976
0.954004
0.941809
0.935435
0.931489
0.925974
0.92089
0.916714
0.912672
0.908644
0.906026
0.902486
0.895711
0.888339
0.887566
0.889084
0.892765
0.901329
0.914764
0.926195
0.930597
0.932379
0.932112
0.928124
0.927562
0.929828
0.934902
0.947062
0.961296
0.966366
0.967993
0.969008
0.969043
0.96985
0.971513
0.973543
0.976593
0.981129
0.987628
0.991416
0.994212
)
;
    }
}


// ************************************************************************* //
