/*--------------------------------*- C++ -*----------------------------------*\
  =========                 |
  \\      /  F ield         | OpenFOAM: The Open Source CFD Toolbox
   \\    /   O peration     | Website:  https://openfoam.org
    \\  /    A nd           | Version:  7
     \\/     M anipulation  |
\*---------------------------------------------------------------------------*/
FoamFile
{
    version     2.0;
    format      ascii;
    class       volVectorField;
    location    "0.2";
    object      U;
}
// * * * * * * * * * * * * * * * * * * * * * * * * * * * * * * * * * * * * * //

dimensions      [0 1 -1 0 0 0 0];

internalField   nonuniform List<vector> 
1008
(
(1.5 -9.88956e-17 0)
(1.5 -3.54154e-17 0)
(1.5 -1.1985e-16 0)
(1.5 -5.90767e-17 0)
(1.5 -5.30781e-16 0)
(1.5 -4.4136e-16 0)
(1.5 -2.7512e-16 0)
(1.5 -5.60256e-16 0)
(1.5 -3.84077e-16 0)
(1.5 -9.10345e-17 0)
(1.5 2.63428e-16 0)
(1.5 1.14553e-16 0)
(1.5 7.26431e-17 0)
(1.5 -1.49602e-16 0)
(1.5 -1.62589e-16 0)
(1.5 1.56609e-16 0)
(1.5 3.23648e-16 0)
(1.5 -9.78606e-19 0)
(1.5 -4.05306e-16 0)
(1.5 -5.91462e-16 0)
(1.5 -1.96997e-16 0)
(1.5 -4.38128e-16 0)
(1.5 -1.2031e-16 0)
(1.5 -9.88257e-17 0)
(1.5 -6.08799e-16 0)
(1.5 -6.8204e-16 0)
(1.5 -7.0473e-17 0)
(1.5 4.23142e-16 0)
(1.5 2.89714e-16 0)
(1.5 3.00894e-16 0)
(1.5 3.33555e-16 0)
(1.5 9.54377e-16 0)
(1.5 5.37323e-16 0)
(1.5 3.30428e-16 0)
(1.5 -1.20365e-16 0)
(1.5 -5.63587e-16 0)
(1.5 -1.28147e-16 0)
(1.5 2.47067e-17 0)
(1.5 -3.85148e-16 0)
(1.5 -2.02503e-17 0)
(1.5 2.69165e-16 0)
(1.5 4.91014e-16 0)
(1.5 1.1513e-15 0)
(1.5 4.75034e-16 0)
(1.5 4.8646e-16 0)
(1.5 4.22441e-16 0)
(1.5 6.87932e-16 0)
(1.5 6.91183e-16 0)
(1.5 4.78868e-16 0)
(1.5 8.25653e-17 0)
(1.5 -7.57546e-17 0)
(1.5 -1.70408e-16 0)
(1.5 6.20548e-16 0)
(1.5 8.46642e-16 0)
(1.5 7.36569e-16 0)
(1.5 6.47937e-16 0)
(1.5 4.33728e-16 0)
(1.5 5.98857e-16 0)
(1.5 2.12619e-16 0)
(1.5 3.79585e-16 0)
(1.5 5.17841e-16 0)
(1.5 4.10858e-16 0)
(1.5 9.19791e-17 0)
(1.5 5.32633e-16 0)
(1.5 6.5121e-16 0)
(1.5 3.53215e-17 0)
(1.5 2.25275e-16 0)
(1.5 -9.09553e-17 0)
(1.5 1.17933e-16 0)
(1.5 -2.06854e-16 0)
(1.5 -7.53694e-16 0)
(1.5 -5.10781e-16 0)
(1.5 -1.58834e-16 0)
(1.5 4.09966e-17 0)
(1.5 -5.45662e-17 0)
(1.5 -6.19973e-19 0)
(1.5 4.10642e-16 0)
(1.5 2.00458e-16 0)
(1.5 7.28665e-16 0)
(1.5 5.79831e-16 0)
(1.5 -1.51951e-16 0)
(1.5 -5.17357e-16 0)
(1.5 -9.32582e-16 0)
(1.5 -1.73614e-16 0)
(1.5 -3.74715e-16 0)
(1.5 -5.30884e-16 0)
(1.5 -4.24788e-16 0)
(1.5 -5.3266e-16 0)
(1.5 -5.56621e-16 0)
(1.5 2.12135e-16 0)
(1.5 9.19618e-16 0)
(1.5 5.35631e-16 0)
(1.5 7.80903e-16 0)
(1.5 1.09152e-15 0)
(1.5 1.55001e-15 0)
(1.5 9.91181e-16 0)
(1.5 6.8109e-16 0)
(1.5 -8.25036e-17 0)
(1.5 -5.79064e-16 0)
(1.5 2.5516e-16 0)
(1.5 3.87873e-16 0)
(1.5 -2.21738e-16 0)
(1.5 6.90226e-16 0)
(1.5 1.15095e-15 0)
(1.5 1.49612e-15 0)
(1.5 1.69875e-15 0)
(1.5 1.5308e-15 0)
(1.5 1.7503e-15 0)
(1.5 1.26478e-15 0)
(1.5 1.42679e-15 0)
(1.5 1.15603e-15 0)
(1.5 1.11182e-15 0)
(1.5 4.86784e-16 0)
(1.5 9.84441e-17 0)
(1.5 5.55332e-16 0)
(1.5 1.88053e-15 0)
(1.5 1.5336e-15 0)
(1.5 1.52934e-15 0)
(1.5 1.16305e-15 0)
(1.5 6.64467e-16 0)
(1.5 8.99514e-16 0)
(1.5 6.74176e-16 0)
(1.5 1.05727e-15 0)
(1.5 5.0263e-16 0)
(1.5 2.62076e-16 0)
(1.5 -2.71664e-16 0)
(1.5 1.24133e-15 0)
(1.5 1.14084e-15 0)
(1.5 7.03687e-16 0)
(1.5 5.80148e-16 0)
(1.5 5.05067e-16 0)
(1.5 7.20045e-16 0)
(1.5 2.32181e-16 0)
(1.5 3.77225e-16 0)
(1.5 4.64557e-16 0)
(1.5 2.28046e-16 0)
(1.5 -4.80785e-16 0)
(1.5 -6.54369e-16 0)
(1.5 -7.06729e-16 0)
(1.5 -3.08358e-16 0)
(1.5 -6.5269e-16 0)
(1.5 -2.30279e-16 0)
(1.5 -3.5083e-16 0)
(1.5 -2.59141e-16 0)
(1.5 -6.92913e-16 0)
(1.5 -9.56291e-16 0)
(1.5 -6.98759e-16 0)
(1.5 -8.20459e-16 0)
(1.5 -1.4572e-15 0)
(1.5 -1.18673e-15 0)
(1.5 -2.80817e-16 0)
(1.5 4.12082e-17 0)
(1.5 -1.11246e-16 0)
(1.5 9.52981e-17 0)
(1.5 3.77996e-17 0)
(1.5 -4.18143e-17 0)
(1.5 1.15674e-16 0)
(1.5 4.50453e-16 0)
(1.5 7.01865e-19 0)
(1.5 2.06607e-17 0)
(1.5 -4.14539e-16 0)
(1.5 -5.59121e-16 0)
(1.5 -2.58884e-16 0)
(1.5 -4.88651e-17 0)
(1.5 -8.56242e-17 0)
(1.5 4.72075e-16 0)
(1.5 7.03152e-16 0)
(1.5 5.64351e-16 0)
(1.5 6.37121e-16 0)
(1.5 5.53969e-16 0)
(1.5 7.04451e-16 0)
(1.5 3.7883e-16 0)
(1.5 -7.05178e-17 0)
(1.5 -4.49648e-16 0)
(1.5 -5.74883e-17 0)
(1.5 -1.01936e-16 0)
(1.5 -4.4573e-16 0)
(1.5 3.8824e-16 0)
(1.5 1.31886e-15 0)
(1.5 1.03105e-15 0)
(1.5 9.20696e-16 0)
(1.5 5.14656e-16 0)
(1.5 6.66282e-16 0)
(1.5 7.67567e-16 0)
(1.5 7.96745e-16 0)
(1.5 6.80553e-16 0)
(1.5 3.63464e-16 0)
(1.5 -1.84778e-16 0)
(1.5 -3.3269e-16 0)
(1.5 7.92043e-16 0)
(1.5 6.94954e-16 0)
(1.5 6.24449e-16 0)
(1.5 2.41882e-16 0)
(1.5 3.36195e-16 0)
(1.5 3.97666e-16 0)
(1.5 2.20021e-16 0)
(1.5 6.63645e-16 0)
(1.5 3.2307e-16 0)
(1.5 -1.48512e-16 0)
(1.5 -1.145e-16 0)
(1.5 -2.54934e-16 0)
(1.5 -5.60505e-16 0)
(1.5 -1.13254e-16 0)
(1.5 -2.46278e-16 0)
(1.5 -6.30895e-16 0)
(1.5 -1.08605e-15 0)
(1.5 -5.47192e-16 0)
(1.5 -5.31828e-16 0)
(1.5 -7.46495e-16 0)
(1.5 -9.93434e-16 0)
(1.5 -1.27432e-15 0)
(1.5 -1.22776e-15 0)
(1.5 -1.06006e-15 0)
(1.5 -4.87193e-16 0)
(1.5 -8.74385e-17 0)
(1.5 -4.20713e-17 0)
(1.5 -1.54016e-17 0)
(1.5 -1.93397e-16 0)
(1.5 3.08175e-17 0)
(1.5 -4.49427e-16 0)
(1.5 -1.31423e-16 0)
(1.5 -1.87383e-16 0)
(1.5 -6.53142e-16 0)
(1.5 -5.84335e-16 0)
(1.5 -7.39428e-17 0)
(1.5 -2.08001e-16 0)
(1.5 -8.38957e-16 0)
(1.5 -6.69987e-16 0)
(1.5 -4.76704e-16 0)
(1.5 2.71237e-17 0)
(1.5 1.4248e-16 0)
(1.5 1.0812e-16 0)
(1.5 -2.42582e-16 0)
(1.5 -1.03216e-16 0)
(1.5 -1.79043e-16 0)
(1.5 -1.72565e-16 0)
(1.5 -7.50322e-16 0)
(1.5 -9.14086e-16 0)
(1.5 -3.59162e-16 0)
(1.5 -3.75083e-16 0)
(1.5 -8.53009e-19 0)
(1.5 8.48756e-17 0)
(1.5 -2.33049e-16 0)
(1.5 -8.65379e-17 0)
(1.5 2.97397e-17 0)
(1.5 1.49178e-16 0)
(1.5 4.20739e-16 0)
(1.5 1.2356e-16 0)
(1.5 -1.83041e-16 0)
(1.5 2.60763e-16 0)
(1.5 1.67671e-16 0)
(1.5 -1.27273e-16 0)
(1.5 5.35412e-16 0)
(1.5 6.3183e-16 0)
(1.5 4.16097e-16 0)
(1.5 8.66424e-17 0)
(1.5 2.62685e-16 0)
(1.5 3.18241e-17 0)
(1.5 2.28731e-16 0)
(1.5 2.48427e-17 0)
(1.5 -3.63191e-16 0)
(1.5 -1.96593e-16 0)
(1.5 -4.52506e-16 0)
(1.5 4.81513e-17 0)
(1.5 -2.4526e-16 0)
(1.5 3.13967e-16 0)
(1.5 8.43779e-16 0)
(1.5 2.17714e-16 0)
(1.5 -8.44397e-16 0)
(1.5 -1.41311e-15 0)
(1.5 -7.09191e-16 0)
(1.5 -7.77229e-16 0)
(1.5 -8.37589e-16 0)
(1.5 -1.05531e-15 0)
(1.5 -6.24294e-16 0)
(1.5 -6.91735e-16 0)
(1.5 -5.15601e-16 0)
(1.5 -6.34177e-16 0)
(1.5 -1.6711e-16 0)
(1.5 9.65856e-18 0)
(1.5 -9.68363e-17 0)
(1.5 9.47132e-17 0)
(1.5 -8.6971e-16 0)
(1.5 -6.91626e-16 0)
(1.5 7.43735e-19 0)
(1.5 -6.1149e-16 0)
(1.5 -6.31867e-16 0)
(1.5 -4.69625e-16 0)
(1.5 -2.59589e-16 0)
(1.5 -1.24444e-15 0)
(1.5 -1.0884e-15 0)
(1.5 -2.85207e-16 0)
(1.5 -5.37964e-16 0)
(1.5 1.4094e-16 0)
(1.5 -2.81166e-16 0)
(1.5 -8.70945e-18 0)
(1.5 3.29994e-16 0)
(1.5 -1.48507e-16 0)
(1.5 -4.41433e-16 0)
(1.5 -7.0662e-16 0)
(1.5 -8.11806e-16 0)
(1.5 -2.97538e-16 0)
(1.5 -3.77872e-16 0)
(1.5 -2.75429e-16 0)
(1.5 -2.05058e-16 0)
(1.5 -1.00151e-15 0)
(1.5 -9.13606e-16 0)
(1.5 -1.08828e-16 0)
(1.5 -5.69306e-16 0)
(1.5 -3.16686e-16 0)
(1.5 -3.90032e-16 0)
(1.5 -6.03775e-16 0)
(1.5 -8.3136e-17 0)
(1.5 4.81792e-16 0)
(1.5 3.09748e-17 0)
(1.5 3.2667e-16 0)
(1.5 3.07693e-16 0)
(1.5 1.75382e-16 0)
(1.5 -1.34577e-16 0)
(1.5 -3.18979e-16 0)
(1.5 -3.6317e-16 0)
(1.5 -1.29607e-16 0)
(1.5 -7.06771e-16 0)
(1.5 -5.46638e-16 0)
(1.5 -3.9586e-16 0)
(1.5 -2.91846e-16 0)
(1.5 -1.94619e-17 0)
(1.5 1.34064e-16 0)
(1.5 1.44177e-16 0)
(1.5 6.84368e-16 0)
(1.5 4.88418e-16 0)
(1.5 7.85333e-17 0)
(1.5 -1.13349e-15 0)
(1.5 -1.06546e-15 0)
(1.5 -9.73578e-16 0)
(1.5 -1.19826e-15 0)
(1.5 -7.4174e-16 0)
(1.5 -5.44592e-16 0)
(1.5 -4.1131e-16 0)
(1.5 -5.74142e-16 0)
(1.5 -6.16601e-16 0)
(1.5 -4.17703e-16 0)
(1.5 -1.93204e-17 0)
(1.5 -1.52494e-17 0)
(1.5 -4.72712e-16 0)
(1.5 -4.37889e-16 0)
(1.5 -2.76257e-16 0)
(1.5 6.46055e-17 0)
(1.5 1.30353e-17 0)
(1.5 -4.85524e-16 0)
(1.5 -9.96184e-16 0)
(1.5 -1.13978e-15 0)
(1.5 -9.71064e-16 0)
(1.5 -7.79223e-16 0)
(1.5 -8.25427e-16 0)
(1.5 -9.46426e-16 0)
(1.5 -6.25543e-16 0)
(1.5 9.67964e-17 0)
(1.5 7.75574e-16 0)
(1.5 4.31534e-16 0)
(1.5 3.17769e-17 0)
(1.5 -4.18002e-16 0)
(1.5 -3.34253e-16 0)
(1.5 -3.052e-16 0)
(1.5 -1.24316e-16 0)
(1.5 -1.40591e-16 0)
(1.5 -1.21848e-16 0)
(1.5 1.7474e-16 0)
(1.5 -4.28342e-16 0)
(1.5 -7.51296e-16 0)
(1.5 -1.03082e-15 0)
(1.5 -1.14893e-15 0)
(1.5 -9.77166e-16 0)
(1.5 -7.29233e-16 0)
(1.5 -7.09055e-16 0)
(1.5 -5.91666e-16 0)
(1.5 3.46616e-17 0)
(1.5 1.46347e-16 0)
(1.5 -3.73628e-16 0)
(1.5 -5.58259e-16 0)
(1.5 -8.25765e-16 0)
(1.5 -6.67559e-16 0)
(1.5 -8.25886e-16 0)
(1.5 -5.47158e-16 0)
(1.5 -7.59067e-16 0)
(1.5 -7.9388e-16 0)
(1.5 -4.73587e-16 0)
(1.5 -5.98823e-16 0)
(1.5 2.63183e-16 0)
(1.5 1.004e-16 0)
(1.5 2.51106e-16 0)
(1.5 8.72628e-17 0)
(1.5 -2.36134e-16 0)
(1.5 -1.86788e-16 0)
(1.5 1.22385e-16 0)
(1.5 -2.14739e-16 0)
(1.5 -7.37467e-16 0)
(1.5 -7.54673e-16 0)
(1.5 -5.5702e-16 0)
(1.5 -2.40738e-16 0)
(1.5 -9.23405e-16 0)
(1.5 -6.043e-16 0)
(1.5 -2.2463e-16 0)
(1.5 -1.09836e-16 0)
(1.5 1.43045e-16 0)
(1.5 4.53122e-17 0)
(1.5 -5.04357e-16 0)
(1.5 -6.10186e-16 0)
(1.5 -1.75277e-16 0)
(1.5 4.76811e-16 0)
(1.5 5.46289e-16 0)
(1.5 1.2784e-17 0)
(1.5 7.75174e-17 0)
(1.5 -7.47112e-16 0)
(1.5 -8.35739e-16 0)
(1.5 -5.02353e-16 0)
(1.5 -5.93569e-16 0)
(1.5 -4.75799e-16 0)
(1.5 -1.90856e-16 0)
(1.5 -2.69907e-17 0)
(1.5 3.21246e-16 0)
(1.5 3.05687e-16 0)
(1.5 3.13512e-16 0)
(1.5 6.55845e-16 0)
(1.5 7.78102e-16 0)
(1.5 4.87359e-16 0)
(1.5 2.57512e-16 0)
(1.5 -5.64397e-16 0)
(1.5 -3.84332e-16 0)
(1.5 3.96151e-17 0)
(1.5 -3.82203e-17 0)
(1.5 -2.46019e-16 0)
(1.5 -1.3607e-15 0)
(1.5 -2.0912e-15 0)
(1.5 -1.27977e-15 0)
(1.5 -9.58651e-16 0)
(1.5 -9.18542e-16 0)
(1.5 -6.94783e-16 0)
(1.5 -6.99741e-16 0)
(1.5 -3.12763e-16 0)
(1.5 -3.88781e-16 0)
(1.5 -2.09737e-16 0)
(1.5 -1.35177e-16 0)
(1.5 1.27546e-16 0)
(1.5 1.86905e-16 0)
(1.5 -4.07178e-16 0)
(1.5 -2.55861e-16 0)
(1.5 -4.28974e-16 0)
(1.5 3.37203e-16 0)
(1.5 3.4903e-16 0)
(1.5 4.63042e-16 0)
(1.5 3.3928e-16 0)
(1.5 5.21294e-16 0)
(1.5 7.03686e-16 0)
(1.5 3.19776e-16 0)
(1.5 -3.28413e-16 0)
(1.5 -1.43974e-16 0)
(1.5 7.70705e-16 0)
(1.5 8.8408e-16 0)
(1.5 4.29553e-16 0)
(1.5 1.79005e-16 0)
(1.5 -5.61182e-17 0)
(1.5 4.35925e-17 0)
(1.5 3.472e-17 0)
(1.5 -3.45453e-16 0)
(1.5 -2.87651e-16 0)
(1.5 3.19236e-17 0)
(1.5 -5.82936e-16 0)
(1.5 -6.97486e-16 0)
(1.5 -8.30357e-16 0)
(1.5 -8.00009e-16 0)
(1.5 -1.06473e-15 0)
(1.5 -6.23624e-16 0)
(1.5 -4.66252e-16 0)
(1.5 -5.10417e-16 0)
(1.5 -3.20757e-16 0)
(1.5 -1.82356e-16 0)
(1.5 -3.90542e-16 0)
(1.5 -4.44517e-16 0)
(1.5 -3.91286e-16 0)
(1.5 -2.08567e-16 0)
(1.5 -1.55715e-16 0)
(1.5 -5.50616e-16 0)
(1.5 -2.51976e-16 0)
(1.5 -2.46284e-18 0)
(1.5 3.27406e-17 0)
(1.5 6.06424e-16 0)
(1.5 -6.71926e-17 0)
(1.5 -1.24935e-16 0)
(1.5 -1.48248e-16 0)
(1.5 -2.50665e-16 0)
(1.5 -1.14445e-16 0)
(1.5 -2.41904e-16 0)
(1.5 -5.23649e-16 0)
(1.5 -6.17804e-16 0)
(1.5 -1.06454e-15 0)
(1.5 -8.86513e-16 0)
(1.5 -6.35506e-16 0)
(1.5 -3.29032e-16 0)
(1.5 3.44589e-16 0)
(1.5 5.67404e-16 0)
(1.5 5.10964e-16 0)
(1.5 2.09999e-16 0)
(1.5 -1.85463e-16 0)
(1.5 -2.43262e-16 0)
(1.5 -3.20729e-16 0)
(1.5 3.59055e-16 0)
(1.5 2.77431e-16 0)
(1.5 -3.31349e-19 0)
(1.5 2.1164e-16 0)
(1.5 1.69824e-16 0)
(1.5 5.46622e-16 0)
(1.5 6.4591e-16 0)
(1.5 6.52904e-16 0)
(1.5 3.75712e-16 0)
(1.5 4.25346e-16 0)
(1.5 1.03243e-15 0)
(1.5 8.97552e-16 0)
(1.5 8.81171e-16 0)
(1.5 4.1818e-16 0)
(1.5 9.23732e-17 0)
(1.5 8.14287e-16 0)
(1.5 7.27221e-16 0)
(1.5 7.89194e-16 0)
(1.5 3.87391e-16 0)
(1.5 2.62255e-16 0)
(1.5 5.67281e-16 0)
(1.5 5.92551e-16 0)
(1.5 -3.84175e-16 0)
(1.5 -1.63102e-16 0)
(1.5 -9.31146e-16 0)
(1.5 -5.94875e-16 0)
(1.5 -3.14176e-16 0)
(1.5 -8.68289e-16 0)
(1.5 -9.39936e-16 0)
(1.5 -1.20698e-15 0)
(1.5 -7.07161e-16 0)
(1.5 -9.86943e-17 0)
(1.5 -7.95418e-16 0)
(1.5 -7.13316e-16 0)
(1.5 -8.97962e-16 0)
(1.5 -5.88687e-16 0)
(1.5 -2.18535e-16 0)
(1.5 -7.58433e-16 0)
(1.5 -5.34945e-16 0)
(1.5 -4.05056e-16 0)
(1.5 -1.39779e-16 0)
(1.5 1.44527e-16 0)
(1.5 -5.52884e-16 0)
(1.5 -2.13673e-16 0)
(1.5 -6.01957e-16 0)
(1.5 -3.13373e-16 0)
(1.5 -1.36887e-16 0)
(1.5 8.95759e-17 0)
(1.5 5.32363e-16 0)
(1.5 -6.81949e-16 0)
(1.5 -5.9651e-16 0)
(1.5 -4.90365e-16 0)
(1.5 -2.46118e-17 0)
(1.5 1.36383e-16 0)
(1.5 -3.20427e-16 0)
(1.5 1.32102e-16 0)
(1.5 6.37808e-16 0)
(1.5 1.01581e-15 0)
(1.5 1.01359e-15 0)
(1.5 -1.20742e-16 0)
(1.5 1.4377e-16 0)
(1.5 -1.51718e-16 0)
(1.5 -3.99354e-16 0)
(1.5 1.90213e-16 0)
(1.5 1.27138e-16 0)
(1.5 2.11724e-16 0)
(1.5 1.09227e-16 0)
(1.5 1.07331e-16 0)
(1.5 4.79604e-17 0)
(1.5 2.26645e-17 0)
(1.5 -8.77811e-17 0)
(1.5 1.90567e-16 0)
(1.5 2.61168e-16 0)
(1.5 6.55411e-16 0)
(1.5 9.07603e-16 0)
(1.5 7.45924e-16 0)
(1.5 4.25045e-16 0)
(1.5 2.98056e-16 0)
(1.5 7.4001e-16 0)
(1.5 5.47613e-16 0)
(1.5 4.834e-16 0)
(1.5 4.31165e-16 0)
(1.5 3.73601e-16 0)
(1.5 2.69218e-16 0)
(1.5 5.60422e-16 0)
(1.5 -4.03997e-17 0)
(1.5 -3.3821e-16 0)
(1.5 -1.85839e-16 0)
(1.5 -3.70949e-16 0)
(1.5 8.70374e-18 0)
(1.5 -4.00134e-16 0)
(1.5 -2.46004e-16 0)
(1.5 -3.94245e-16 0)
(1.5 -1.84022e-16 0)
(1.5 6.57269e-16 0)
(1.5 -1.06955e-16 0)
(1.5 -9.00789e-16 0)
(1.5 -5.70689e-16 0)
(1.5 -4.99678e-17 0)
(1.5 6.2474e-17 0)
(1.5 -5.71745e-16 0)
(1.5 -4.16947e-16 0)
(1.5 1.50602e-16 0)
(1.5 -3.01147e-16 0)
(1.5 -1.78736e-16 0)
(1.5 -3.21814e-16 0)
(1.5 -3.97253e-16 0)
(1.5 2.43355e-16 0)
(1.5 2.48497e-16 0)
(1.5 4.39333e-16 0)
(1.5 5.67364e-16 0)
(1.5 8.40166e-16 0)
(1.5 6.18543e-17 0)
(1.5 -1.0205e-16 0)
(1.5 -1.74954e-16 0)
(1.5 8.92013e-17 0)
(1.5 -2.87994e-16 0)
(1.5 -2.06287e-16 0)
(1.5 -2.26557e-16 0)
(1.5 6.5146e-17 0)
(1.5 4.12402e-16 0)
(1.5 1.36355e-16 0)
(1.5 3.23311e-16 0)
(1.5 -3.09302e-17 0)
(1.5 -6.68173e-16 0)
(1.5 -5.02967e-16 0)
(1.5 -2.05595e-16 0)
(1.5 -6.45571e-17 0)
(1.5 3.66673e-16 0)
(1.5 -3.20907e-16 0)
(1.5 -1.21962e-16 0)
(1.5 -1.86999e-16 0)
(1.5 -1.40921e-16 0)
(1.5 -7.70756e-17 0)
(1.5 -6.17172e-17 0)
(1.5 2.30377e-16 0)
(1.5 -6.38409e-17 0)
(1.5 8.91654e-18 0)
(1.5 -2.12499e-17 0)
(1.5 5.45583e-16 0)
(1.5 1.16885e-15 0)
(1.5 1.07469e-15 0)
(1.5 4.11614e-16 0)
(1.5 2.2457e-16 0)
(1.5 2.74024e-16 0)
(1.5 2.11967e-16 0)
(1.5 1.57763e-16 0)
(1.5 4.97071e-16 0)
(1.5 -5.5799e-17 0)
(1.5 -4.42228e-16 0)
(1.5 2.99152e-16 0)
(1.5 -2.86049e-17 0)
(1.5 7.02095e-17 0)
(1.5 -4.20556e-16 0)
(1.5 -3.36052e-16 0)
(1.5 3.75597e-16 0)
(1.5 4.33055e-16 0)
(1.5 7.70386e-16 0)
(1.5 6.32291e-16 0)
(1.5 1.00782e-16 0)
(1.5 3.28981e-16 0)
(1.5 5.50646e-16 0)
(1.5 5.05806e-16 0)
(1.5 -3.24977e-16 0)
(1.5 -3.79043e-16 0)
(1.5 1.04275e-16 0)
(1.5 6.29316e-17 0)
(1.5 -4.22508e-17 0)
(1.5 -4.57325e-16 0)
(1.5 -7.31185e-16 0)
(1.5 7.0737e-17 0)
(1.5 3.70437e-16 0)
(1.5 6.94025e-16 0)
(1.5 4.68573e-16 0)
(1.5 3.25076e-16 0)
(1.5 5.59354e-16 0)
(1.5 1.85886e-16 0)
(1.5 1.7914e-16 0)
(1.5 -1.20415e-16 0)
(1.5 -9.1128e-17 0)
(1.5 -1.96904e-16 0)
(1.5 -6.73944e-16 0)
(1.5 -4.68703e-16 0)
(1.5 1.35984e-17 0)
(1.5 -1.26869e-16 0)
(1.5 4.19121e-16 0)
(1.5 -1.41503e-17 0)
(1.5 -9.05075e-16 0)
(1.5 -7.68315e-16 0)
(1.5 -6.52029e-16 0)
(1.5 -1.41692e-16 0)
(1.5 3.57516e-16 0)
(1.5 -1.58055e-17 0)
(1.5 2.77808e-16 0)
(1.5 5.07847e-17 0)
(1.5 -3.48608e-16 0)
(1.5 9.13061e-17 0)
(1.5 -1.22514e-16 0)
(1.5 1.14064e-16 0)
(1.5 -2.37245e-16 0)
(1.5 -2.01697e-16 0)
(1.5 2.03125e-16 0)
(1.5 5.26293e-16 0)
(1.5 4.46499e-16 0)
(1.5 2.8698e-16 0)
(1.5 5.83931e-16 0)
(1.5 3.42131e-16 0)
(1.5 -1.35267e-16 0)
(1.5 -5.12271e-16 0)
(1.5 -2.97479e-17 0)
(1.5 2.19811e-17 0)
(1.5 -2.74719e-17 0)
(1.5 -2.49805e-16 0)
(1.5 -1.3306e-16 0)
(1.5 2.06851e-16 0)
(1.5 9.10443e-19 0)
(1.5 -1.36138e-16 0)
(1.5 3.74364e-18 0)
(1.5 4.41103e-16 0)
(1.5 7.13884e-16 0)
(1.5 -1.41927e-17 0)
(1.5 3.84954e-16 0)
(1.5 4.44414e-16 0)
(1.5 1.64804e-16 0)
(1.5 7.70111e-16 0)
(1.5 2.92156e-16 0)
(1.5 -8.985e-17 0)
(1.5 -3.48329e-16 0)
(1.5 -4.91004e-17 0)
(1.5 3.3999e-16 0)
(1.5 2.88505e-17 0)
(1.5 -8.62251e-16 0)
(1.5 -9.52853e-16 0)
(1.5 -5.24547e-16 0)
(1.5 3.37003e-16 0)
(1.5 1.87571e-16 0)
(1.5 9.87244e-17 0)
(1.5 -1.73862e-16 0)
(1.5 -2.92457e-16 0)
(1.5 8.91824e-17 0)
(1.5 -8.1075e-17 0)
(1.5 -4.28194e-16 0)
(1.5 1.49329e-16 0)
(1.5 4.36764e-17 0)
(1.5 -1.82132e-16 0)
(1.5 -2.46454e-16 0)
(1.5 2.475e-16 0)
(1.5 3.23557e-16 0)
(1.5 -1.56605e-16 0)
(1.5 -1.18929e-16 0)
(1.5 -4.28592e-17 0)
(1.5 -4.44216e-17 0)
(1.5 -4.18621e-16 0)
(1.5 1.38105e-16 0)
(1.5 4.22101e-16 0)
(1.5 4.34921e-16 0)
(1.5 2.27204e-16 0)
(1.5 -1.20412e-16 0)
(1.5 -3.46251e-16 0)
(1.5 -1.58524e-16 0)
(1.5 3.01474e-17 0)
(1.5 2.76558e-16 0)
(1.5 6.11088e-16 0)
(1.5 7.64664e-16 0)
(1.5 5.69701e-16 0)
(1.5 3.35978e-16 0)
(1.5 -4.92837e-16 0)
(1.5 -3.99459e-16 0)
(1.5 5.78508e-16 0)
(1.5 9.8762e-16 0)
(1.5 1.41746e-16 0)
(1.5 2.7671e-16 0)
(1.5 -1.00387e-16 0)
(1.5 -4.28943e-16 0)
(1.5 -2.66161e-17 0)
(1.5 -1.10266e-16 0)
(1.5 -7.25306e-16 0)
(1.5 -3.73113e-16 0)
(1.5 -2.37869e-16 0)
(1.5 7.07494e-17 0)
(1.5 2.29861e-16 0)
(1.5 1.15241e-17 0)
(1.5 7.1754e-17 0)
(1.5 -1.69304e-16 0)
(1.5 1.58026e-16 0)
(1.5 1.42444e-16 0)
(1.5 -3.4133e-16 0)
(1.5 2.67339e-17 0)
(1.5 -1.27438e-16 0)
(1.5 -7.51075e-18 0)
(1.5 -5.46511e-17 0)
(1.5 -3.38708e-16 0)
(1.5 -1.45609e-16 0)
(1.5 -4.95776e-16 0)
(1.5 -6.98679e-16 0)
(1.5 -6.15362e-16 0)
(1.5 -1.14233e-15 0)
(1.5 -1.8971e-16 0)
(1.5 -2.86299e-16 0)
(1.5 4.20475e-16 0)
(1.5 1.63519e-16 0)
(1.5 -1.95578e-16 0)
(1.5 4.44292e-17 0)
(1.5 -4.18924e-16 0)
(1.5 -5.39099e-16 0)
(1.5 3.23851e-17 0)
(1.5 1.35894e-18 0)
(1.5 1.37752e-17 0)
(1.5 2.01953e-16 0)
(1.5 4.99091e-16 0)
(1.5 3.38427e-16 0)
(1.5 5.04116e-18 0)
(1.5 1.61078e-16 0)
(1.5 4.69222e-16 0)
(1.5 4.92268e-16 0)
(1.5 -6.10579e-17 0)
(1.5 -8.53295e-17 0)
(1.5 5.77398e-16 0)
(1.5 9.17834e-16 0)
(1.5 4.60325e-16 0)
(1.5 2.56396e-16 0)
(1.5 3.67233e-16 0)
(1.5 1.43268e-16 0)
(1.5 -2.77742e-17 0)
(1.5 -5.96544e-17 0)
(1.5 2.16325e-16 0)
(1.5 2.02311e-16 0)
(1.5 -6.36749e-17 0)
(1.5 1.18847e-16 0)
(1.5 2.5443e-17 0)
(1.5 2.30596e-16 0)
(1.5 4.91372e-16 0)
(1.5 1.20222e-15 0)
(1.5 1.34624e-15 0)
(1.5 1.35978e-15 0)
(1.5 6.89641e-16 0)
(1.5 -1.38302e-16 0)
(1.5 2.69292e-16 0)
(1.5 1.95146e-16 0)
(1.5 -8.11717e-17 0)
(1.5 -1.36925e-16 0)
(1.5 -1.40816e-16 0)
(1.5 9.90178e-17 0)
(1.5 8.45723e-17 0)
(1.5 -8.9431e-17 0)
(1.5 -3.26703e-16 0)
(1.5 -1.29696e-16 0)
(1.5 4.00512e-16 0)
(1.5 7.47968e-16 0)
(1.5 2.75344e-16 0)
(1.5 -3.77335e-16 0)
(1.5 -2.20905e-17 0)
(1.5 1.17663e-16 0)
(1.5 4.22497e-17 0)
(1.5 -2.34392e-16 0)
(1.5 -3.58896e-16 0)
(1.5 -4.16797e-16 0)
(1.5 -4.63609e-16 0)
(1.5 -8.27917e-16 0)
(1.5 -1.0739e-15 0)
(1.5 -5.31496e-16 0)
(1.5 2.1075e-16 0)
(1.5 2.37641e-16 0)
(1.5 3.07356e-16 0)
(1.5 1.79651e-16 0)
(1.5 1.28021e-16 0)
(1.5 -2.25498e-16 0)
(1.5 -3.48362e-17 0)
(1.5 2.35583e-16 0)
(1.5 3.04733e-16 0)
(1.5 1.7631e-16 0)
(1.5 2.0105e-16 0)
(1.5 -7.78983e-17 0)
(1.5 -2.39921e-16 0)
(1.5 6.14749e-17 0)
(1.5 9.29837e-17 0)
(1.5 5.79162e-16 0)
(1.5 1.06289e-15 0)
(1.5 4.08303e-16 0)
(1.5 1.13163e-16 0)
(1.5 6.88152e-17 0)
(1.5 5.84811e-17 0)
(1.5 -6.78265e-17 0)
(1.5 1.37819e-16 0)
(1.5 4.32844e-16 0)
(1.5 3.47807e-16 0)
(1.5 -1.63976e-16 0)
(1.5 -5.67707e-16 0)
(1.5 -5.30606e-16 0)
(1.5 -3.32629e-16 0)
(1.5 -3.77689e-17 0)
(1.5 3.23965e-16 0)
(1.5 1.87473e-16 0)
(1.5 3.95889e-16 0)
(1.5 2.59541e-16 0)
(1.5 5.98086e-16 0)
(1.5 6.16018e-16 0)
(1.5 7.47129e-16 0)
(1.5 1.03614e-15 0)
(1.5 6.63284e-16 0)
(1.5 9.80258e-16 0)
(1.5 4.5535e-16 0)
(1.5 8.07998e-16 0)
(1.5 3.13272e-16 0)
(1.5 1.43301e-16 0)
(1.5 -1.58325e-16 0)
(1.5 -2.51021e-16 0)
(1.5 1.21315e-16 0)
(1.5 2.23522e-16 0)
(1.5 2.35535e-16 0)
(1.5 2.206e-16 0)
(1.5 9.21222e-17 0)
(1.5 2.79298e-16 0)
(1.5 2.86331e-16 0)
(1.5 2.76592e-16 0)
(1.5 8.80269e-17 0)
(1.5 -2.67867e-16 0)
(1.5 -2.76128e-17 0)
(1.5 -4.69619e-17 0)
(1.5 -5.78041e-17 0)
(1.5 -1.16498e-16 0)
(1.5 -7.88711e-16 0)
(1.5 -3.84538e-18 0)
(1.5 1.97066e-16 0)
(1.5 2.90394e-16 0)
(1.5 -1.73599e-16 0)
(1.5 -3.99316e-16 0)
(1.5 1.93413e-16 0)
(1.5 2.12255e-16 0)
(1.5 2.86404e-16 0)
(1.5 3.858e-16 0)
(1.5 -2.09749e-16 0)
(1.5 -2.54342e-17 0)
(1.5 1.70557e-17 0)
(1.5 8.72786e-17 0)
(1.5 -1.61179e-16 0)
(1.5 -8.55694e-16 0)
(1.5 -2.63646e-16 0)
(1.5 3.20678e-17 0)
(1.5 -1.60712e-16 0)
(1.5 -4.25721e-17 0)
(1.5 1.96448e-16 0)
(1.5 -1.4848e-16 0)
(1.5 -4.64396e-16 0)
(1.5 -7.87061e-16 0)
(1.5 -5.5918e-16 0)
(1.5 -3.35593e-16 0)
(1.5 -2.30373e-16 0)
(1.5 -3.82073e-16 0)
(1.5 -8.43107e-16 0)
(1.5 -7.19245e-16 0)
(1.5 -4.74372e-16 0)
(1.5 -3.62373e-16 0)
(1.5 -2.398e-16 0)
(1.5 2.28852e-16 0)
(1.5 5.88852e-16 0)
(1.5 1.18462e-16 0)
(1.5 -5.1848e-17 0)
(1.5 -7.07954e-18 0)
(1.5 9.65932e-17 0)
(1.5 3.93144e-17 0)
(1.5 7.25699e-16 0)
(1.5 9.61438e-16 0)
(1.5 1.06214e-17 0)
(1.5 -4.91644e-17 0)
(1.5 2.48958e-16 0)
(1.5 2.40414e-16 0)
(1.5 2.3509e-16 0)
(1.5 -3.19394e-16 0)
(1.5 -1.89916e-16 0)
(1.5 9.08129e-17 0)
(1.5 4.97168e-16 0)
(1.5 4.76753e-16 0)
(1.5 -3.56069e-16 0)
(1.5 -5.27072e-16 0)
(1.5 4.8254e-16 0)
(1.5 6.54246e-16 0)
(1.5 5.61061e-16 0)
(1.5 5.47708e-17 0)
(1.5 -5.21759e-17 0)
(1.5 1.25107e-16 0)
(1.5 2.11214e-16 0)
(1.5 2.81046e-16 0)
(1.5 1.51994e-16 0)
(1.5 2.92593e-16 0)
(1.5 6.06544e-16 0)
(1.5 7.30018e-16 0)
(1.5 -7.65401e-17 0)
(1.5 -3.11294e-16 0)
(1.5 -5.52919e-16 0)
(1.5 1.97282e-16 0)
(1.5 -4.11812e-17 0)
(1.5 2.32922e-16 0)
(1.5 5.64528e-17 0)
(1.5 -7.27688e-16 0)
(1.5 -9.88435e-16 0)
(1.5 -1.16508e-15 0)
(1.5 -8.03304e-16 0)
(1.5 -3.66197e-16 0)
(1.5 -6.12278e-16 0)
(1.5 2.27515e-17 0)
(1.5 4.57074e-16 0)
)
;

boundaryField
{
    inlet
    {
        type            fixedValue;
        value           nonuniform 0();
    }
    outlet
    {
        type            inletOutlet;
        inletValue      uniform (1.5 0 0);
        value           nonuniform List<vector> 
16
(
(1.5 9.19791e-17 0)
(1.5 -2.71664e-16 0)
(1.5 -3.3269e-16 0)
(1.5 -1.27273e-16 0)
(1.5 3.09748e-17 0)
(1.5 1.46347e-16 0)
(1.5 -3.88781e-16 0)
(1.5 -1.85463e-16 0)
(1.5 1.4377e-16 0)
(1.5 -3.09302e-17 0)
(1.5 -1.41503e-17 0)
(1.5 -1.18929e-16 0)
(1.5 1.61078e-16 0)
(1.5 9.29837e-17 0)
(1.5 3.20678e-17 0)
(1.5 4.57074e-16 0)
)
;
    }
    bottom
    {
        type            symmetryPlane;
    }
    top
    {
        type            symmetryPlane;
    }
    obstacle
    {
        type            slip;
    }
    defaultFaces
    {
        type            empty;
    }
    procBoundary1to0
    {
        type            processor;
        value           nonuniform List<vector> 
14
(
(1.5 -6.45562e-17 0)
(1.5 3.73815e-16 0)
(1.5 1.13289e-15 0)
(1.5 9.5141e-16 0)
(1.5 5.76699e-16 0)
(1.5 2.20369e-17 0)
(1.5 -5.37014e-16 0)
(1.5 2.04629e-16 0)
(1.5 9.37012e-17 0)
(1.5 2.7423e-16 0)
(1.5 -1.55083e-16 0)
(1.5 -4.34265e-16 0)
(1.5 -1.89125e-16 0)
(1.5 -1.27961e-16 0)
)
;
    }
    procBoundary1to2
    {
        type            processor;
        value           nonuniform List<vector> 2((1.5 1.36515e-16 0) (1.5 -2.2029e-16 0));
    }
    procBoundary1to3
    {
        type            processor;
        value           nonuniform List<vector> 
63
(
(1.5 -5.94183e-17 0)
(1.5 -5.79466e-16 0)
(1.5 -3.56683e-16 0)
(1.5 -7.33819e-16 0)
(1.5 -1.25107e-15 0)
(1.5 -1.13831e-15 0)
(1.5 -2.69557e-16 0)
(1.5 -1.69191e-16 0)
(1.5 -6.22021e-16 0)
(1.5 -4.93732e-16 0)
(1.5 -5.44819e-17 0)
(1.5 -4.59631e-16 0)
(1.5 -3.38457e-16 0)
(1.5 -4.93156e-16 0)
(1.5 -2.08604e-16 0)
(1.5 1.69383e-16 0)
(1.5 7.74462e-16 0)
(1.5 3.75612e-16 0)
(1.5 2.01545e-16 0)
(1.5 1.86051e-16 0)
(1.5 3.03747e-16 0)
(1.5 2.49379e-16 0)
(1.5 7.7455e-16 0)
(1.5 1.01624e-15 0)
(1.5 4.73857e-16 0)
(1.5 1.21383e-16 0)
(1.5 -5.3033e-17 0)
(1.5 -4.33804e-17 0)
(1.5 1.17194e-16 0)
(1.5 2.1781e-16 0)
(1.5 4.36003e-16 0)
(1.5 4.48612e-16 0)
(1.5 3.14828e-16 0)
(1.5 4.66931e-16 0)
(1.5 4.18274e-16 0)
(1.5 5.57538e-16 0)
(1.5 3.21815e-16 0)
(1.5 3.1747e-16 0)
(1.5 4.62203e-16 0)
(1.5 6.4595e-16 0)
(1.5 1.14122e-15 0)
(1.5 5.09891e-16 0)
(1.5 2.69471e-16 0)
(1.5 8.73027e-16 0)
(1.5 1.06745e-15 0)
(1.5 1.14519e-15 0)
(1.5 8.29292e-16 0)
(1.5 2.43793e-16 0)
(1.5 1.03846e-16 0)
(1.5 4.35046e-18 0)
(1.5 1.80368e-16 0)
(1.5 -3.05728e-16 0)
(1.5 -3.40698e-16 0)
(1.5 5.53533e-16 0)
(1.5 6.29883e-16 0)
(1.5 4.30945e-16 0)
(1.5 -1.5075e-16 0)
(1.5 -8.53055e-17 0)
(1.5 -7.59279e-17 0)
(1.5 -2.07327e-16 0)
(1.5 2.94975e-17 0)
(1.5 -1.21787e-16 0)
(1.5 3.0039e-16 0)
)
;
    }
}


// ************************************************************************* //
