/*--------------------------------*- C++ -*----------------------------------*\
  =========                 |
  \\      /  F ield         | OpenFOAM: The Open Source CFD Toolbox
   \\    /   O peration     | Website:  https://openfoam.org
    \\  /    A nd           | Version:  7
     \\/     M anipulation  |
\*---------------------------------------------------------------------------*/
FoamFile
{
    version     2.0;
    format      ascii;
    class       volScalarField;
    location    "0.6";
    object      p;
}
// * * * * * * * * * * * * * * * * * * * * * * * * * * * * * * * * * * * * * //

dimensions      [1 -1 -2 0 0 0 0];

internalField   nonuniform List<scalar> 
4032
(
1
1
1
1
1
1
1
1
1
1
1
1
1
1
1
1
1
1
1
1
1
1
1
1
1
1
1
1
1
1
1
1
1
1
1
1
1
1.00007
1.01858
1.33123
2.1554
2.51053
2.54877
2.49075
2.44633
2.38129
2.32346
2.27112
1
1
1
1
1
1
1
1
1
1
1
1
1
1
1
1
1
1
1
1
1
1
1
1
1
1
1
1
1
1
1
1
1
1
1
1
1
1
1.00024
1.02822
1.40935
2.16717
2.50093
2.49827
2.45719
2.39076
2.33936
2.28715
1
1
1
1
1
1
1
1
1
1
1
1
1
1
1
1
1
1
1
1
1
1
1
1
1
1
1
1
1
1
1
1
1
1
1
1
1
1
1
1.00049
1.04356
1.44135
2.17617
2.45658
2.44947
2.40013
2.35961
2.30588
1
1
1
1
1
1
1
1
1
1
1
1
1
1
1
1
1
1
1
1
1
1
1
1
1
1
1
1
1
1
1
1
1
1
1
1
1
1
1
1
1.00096
1.05091
1.45863
2.12149
2.41409
2.41078
2.3824
2.32891
1
1
1
1
1
1
1
1
1
1
1
1
1
1
1
1
1
1
1
1
1
1
1
1
1
1
1
1
1
1
1
1
1
1
1
1
1
1
1
1
1
1.00125
1.05397
1.42531
2.07061
2.34134
2.378
2.35046
1
1
1
1
1
1
1
1
1
1
1
1
1
1
1
1
1
1
1
1
1
1
1
1
1
1
1
1
1
1
1
1
1
1
1
1
1
1
1
1
1
1
1.0013
1.04861
1.38749
1.98227
2.31247
2.33671
1
1
1
1
1
1
1
1
1
1
1
1
1
1
1
1
1
1
1
1
1
1
1
1
1
1
1
1
1
1
1
1
1
1
1
1
1
1
1
1
1
1
1
1.00118
1.04096
1.32748
1.88549
2.22961
1
1
1
1
1
1
1
1
1
1
1
1
1
1
1
1
1
1
1
1
1
1
1
1
1
1
1
1
1
1
1
1
1
1
1
1
1
1
1
1
1
1
1
1
1.00087
1.0303
1.25193
1.76206
1
1
1
1
1
1
1
1
1
1
1
1
1
1
1
1
1
1
1
1
1
1
1
1
1
1
1
1
1
1
1
1
1
1
1
1
1
1
1
1
1
1
1
1
1
1.00054
1.01844
1.182
1
1
1
1
1
1
1
1
1
1
1
1
1
1
1
1
1
1
1
1
1
1
1
1
1
1
1
1
1
1
1
1
1
1
1
1
1
1
1
1
1
1
1
1
1
1
1.00024
1.01048
1
1
1
1
1
1
1
1
1
1
1
1
1
1
1
1
1
1
1
1
1
1
1
1
1
1
1
1
1
1
1
1
1
1
1
1
1
1
1
1
1
1
1
1
1
1
1
1.0001
1
1
1
1
1
1
1
1
1
1
1
1
1
1
1
1
1
1
1
1
1
1
1
1
1
1
1
1
1
1
1
1
1
1
1
1
1
1
1
1
1
1
1
1
1
1
1
1
1
1
1
1
1
1
1
1
1
1
1
1
1
1
1
1
1
1
1
1
1
1
1
1
1
1
1
1
1
1
1
1
1
1
1
1
1
1
1
1
1
1
1
1
1
1
1
1
1
1
1
1
1
1
1
1
1
1
1
1
1
1
1
1
1
1
1
1
1
1
1
1
1
1
1
1
1
1
1
1
1
1
1
1
1
1
1
1
1
1
1
1
1
1
1
1
1
1
1
1
1
1
1
1
1
1
1
1
1
1
1
1
1
1
1
1
1
1
1
1
1
1
1
1
1
1
1
1
1
1
1
1
1
1
1
1
1
1
1
1
1
1
1
1
1
1
1
1
1
1
1
1
1
1
1
1
1
1
1
1
1
1
1
1
1
1
1
1
1
1
1
1
1
1
1
1
1
1
1
1
1
1
1
1
1
1
1
1
1
1
1
1
1
1
1
1
1
1
1
1
1
1
1
1
1
1
1
1
1
1
1
1
1
1
1
1
1
1
1
1
1
1
1
1
1
1
1
1
1
1
1
1
1
1
1
1
1
1
1
1
1
1
1
1
1
1
1
1
1
1
1
1
1
1
1
1
1
1
1
1
1
1
1
1
1
1
1
1
1
1
1
1
1
1
1
1
1
1
1
1
1
1
1
1
1
1
1
1
1
1
1
1
1
1
1
1
1
1
1
1
1
1
1
1
1
1
1
1
1
1
1
1
1
1
1
1
1
1
1
1
1
1
1
1
1
1
1
1
1
1
1
1
1
1
1
1
1
1
1
1
1
1
1
1
1
1
1
1
1
1
1
1
1
1
1
1
1
1
1
1
1
1
1
1
1
1
1
1
1
1
1
1
1
1
1
1
1
1
1
1
1
1
1
1
1
1
1
1
1
1
1
1
1
1
1
1
1
1
1
1
1
1
1
1
1
1
1
1
1
1
1
1
1
1
1
1
1
1
1
1
1
1
1
1
1
1
1
1
1
1
1
1
1
1
1
1
1
1
1
1
1
1
1
1
1
1
1
1
1
1
1
1
1
1
1
1
1
1
1
1
1
1
1
1
1
1
1
1
1
1
1
1
1
1
1
1
1
1
1
1
1
1
1
1
1
1
1
1
1
1
1
1
1
1
1
1
1
1
1
1
1
1
1
1
1
1
1
1
1
1
1
1
1
1
1
1
1
1
1
1
1
1
1
1
1
1
1
1
1
1
1
1
1
1
1
1
1
1
1
1
1
1
1
1
1
1
1
1
1
1
1
1
1
1
1
1
1
1
1
1
1
1
1
1
1
1
1
1
1
1
1
1
1
1
1
1
1
1
1
1
1
1
1
1
1
1
1
1
1
1
1
1
1
1
1
1
1
1
1
1
1
1
1
1
1
1
1
1
1
1
1
1
1
1
1
1
1
1
1
1
1
1
1
1
1
1
1
1
1
1
1
1
1
1
1
1
1
1
1
1
1
1
1
1
1
1
1
1
1
1
1
1
1
1
1
1
1
1
1
1
1
1
1
1
1
1
1
1
1
1
1
1
1
1
1
1
1
1
1
1
1
1
1
1
1
1
1
1
1
1
1
1
1
1
1
1
1
1
1
1
1
1
1
1
1
1
1
1
1
1
1
1
1
1
1
1
1
1
1
1
1
1
1
1
1
1
1
1
1
1
1
1
1
1
1
1
1
1
1
1
1
1
1
1
1
1
1
1
1
1
1
1
1
1
1
1
1
1
1
1
1
1
1
1
1
1
1
1
1
1
1
1
1
1
1
1
1
1
1
1
1
1
1
1
1
1
1
1
1
1
1
1
1
1
1
1
1
1
1
1
1
1
1
1
1
1
1
1
1
1
1
1
1
1
1
1
1
1
1
1
1
1
1
1
1
1
1
1
1
1
1
1
1
1
1
1
1
1
1
1
1
1
1
1
1
1
1
1
1
1
1
1
1
1
1
1
1
1
1
1
1
1
1
1
1
1
1
1
1
1
1
1
1
1
1
1
1
1
1
1
1
1
1
1
1
1
1
1
1
1
1
1
1
1
1
1
1
1
1
1
1
1
1
1
1
1
1
1
1
1
1
1
1
1
1
1
1
1
1
1
1
1
1
1
1
1
1
1
1
1
1
1
1
1
1
1
1
1
1
1
1
1
1
1
1
1
1
1
1
1
1
1
1
1
1
1
1
1
1
1
1
1
1
1
1
1
1
1
1
1
1
1
1
1
1
1
1
1
1
1
1
1
1
1
1
1
1
1
1
1
1
1
1
1
1
1
1
1
1
1
1
1
1
1
1
1
1
1
1
1
1
1
1
1
1
1
1
1
1
1
1
1
1
1
1
1
1
1
1
1
1
1
1
1
1
1
1
1
1
1
1
1
1
1
1
1
1
1
1
1
1
1
1
1
1
1
1
1
1
1
1
1
1
1
1
1
1
1
1
1
1
1
1
1
1
1
1
1
1
1
1
1
1
1
1
1
1
1
1
1
1
1
1
1
1
1
1
1
1
1
1
1
1
1
1.14392
1.1279
1.10656
1.07811
1.05863
1.03428
1.00204
0.9869
0.974159
0.958083
0.948643
0.941883
0.928673
0.912597
0.89341
0.871089
0.857288
0.85837
0.870732
0.891064
0.912236
0.930896
0.942015
0.949184
0.955821
0.96486
0.978235
0.989013
0.993024
0.995584
0.997719
0.999932
1.00242
1.00596
1.00979
1.01207
1.01412
1.01589
1.01711
1.0179
1.01847
1.01902
2.22472
2.1802
2.12572
2.06664
2.01059
1.95375
1.90136
1.85394
1.80406
1.75871
1.71866
1.67043
1.61266
1.56087
1.51516
1.47954
1.45347
1.41853
1.37221
1.33754
1.30145
1.26167
1.23875
1.21371
1.18096
1.16301
1.14501
1.11297
1.08693
1.06452
1.03552
1.01945
1.01044
0.996485
0.986021
0.975958
0.960313
0.937193
0.915203
0.896468
0.889129
0.890608
0.900389
0.908946
0.918682
0.931916
0.942741
0.951633
0.961757
0.976154
0.98847
0.992992
0.995852
0.998177
1.00077
1.00359
1.00693
1.01065
1.01288
1.0147
1.0164
1.01775
1.01858
1.01887
1.01898
1.01959
2.24547
2.20059
2.14557
2.08634
2.03258
1.97904
1.92857
1.8818
1.83388
1.788
1.74645
1.70002
1.64295
1.59147
1.55003
1.51484
1.48705
1.45463
1.40816
1.37094
1.33764
1.29728
1.27255
1.25296
1.22189
1.19402
1.17603
1.14772
1.11773
1.09596
1.06949
1.05471
1.04859
1.03527
1.02028
1.00598
0.98533
0.957777
0.938678
0.929479
0.925055
0.92517
0.928425
0.929559
0.928363
0.934874
0.945949
0.958393
0.974597
0.988939
0.994542
0.997462
0.998742
1.00062
1.00347
1.00718
1.01179
1.01457
1.0163
1.01759
1.01864
1.0197
1.0204
1.02052
1.02091
1.02219
2.26642
2.21907
2.16239
2.10341
2.05385
2.00398
1.95596
1.90974
1.86314
1.8174
1.77374
1.72762
1.67286
1.62304
1.58546
1.54943
1.51929
1.48983
1.4478
1.4025
1.37122
1.33682
1.30785
1.28766
1.25902
1.22781
1.20655
1.17864
1.14625
1.12996
1.11088
1.09241
1.08259
1.06979
1.05076
1.03135
1.00535
0.980364
0.971492
0.967251
0.962497
0.958435
0.955038
0.948231
0.941053
0.945986
0.956985
0.972305
0.988916
0.996987
1.0008
1.00212
1.00292
1.00561
1.0087
1.01274
1.01638
1.01866
1.02053
1.02161
1.02189
1.02192
1.02227
1.02308
1.02481
1.02673
2.28671
2.23418
2.17697
2.12007
2.07402
2.02746
1.98342
1.93886
1.89345
1.84735
1.80057
1.75362
1.70151
1.65414
1.62059
1.58797
1.55443
1.52215
1.48101
1.43589
1.40456
1.37365
1.34103
1.32028
1.29704
1.26169
1.23437
1.21106
1.1826
1.16474
1.14809
1.12779
1.11504
1.10207
1.07966
1.05218
1.02722
1.01335
1.00971
1.00724
0.999377
0.989334
0.978351
0.964196
0.958973
0.964793
0.977867
0.992526
0.998981
1.00184
1.00332
1.00503
1.00852
1.01236
1.01623
1.01918
1.02114
1.02264
1.02412
1.0256
1.02645
1.02655
1.02672
1.02803
1.02979
1.03158
2.31255
2.25251
2.19621
2.13954
2.09627
2.0533
2.01104
1.96568
1.91995
1.87427
1.82685
1.78
1.73184
1.68692
1.65346
1.62236
1.58805
1.55573
1.51703
1.46864
1.43265
1.40816
1.37944
1.35167
1.32792
1.29592
1.26695
1.24415
1.21592
1.19884
1.18654
1.16527
1.14172
1.12549
1.10404
1.07887
1.06374
1.05152
1.04287
1.03997
1.0334
1.02041
1.00165
0.984849
0.982873
0.988047
1.00153
1.0106
1.01387
1.01102
1.00846
1.01112
1.01491
1.02042
1.02462
1.02717
1.02872
1.02949
1.02966
1.02863
1.02869
1.03003
1.03184
1.03386
1.03583
1.038
2.31596
2.26523
2.2191
2.16351
2.11948
2.07689
2.03505
1.99009
1.94498
1.89932
1.85152
1.80474
1.76119
1.71905
1.68643
1.6586
1.62327
1.58461
1.54381
1.49903
1.46719
1.44118
1.41074
1.38421
1.36149
1.32995
1.29662
1.27825
1.25636
1.22983
1.21397
1.19712
1.17341
1.15147
1.12659
1.10758
1.10166
1.09485
1.08284
1.07093
1.05858
1.04194
1.02358
1.01607
1.01628
1.01931
1.02192
1.02127
1.0161
1.01524
1.01882
1.0226
1.02592
1.02834
1.02977
1.03182
1.03406
1.03576
1.03643
1.03584
1.03462
1.03511
1.03658
1.03821
1.04075
1.04406
2.31393
2.2795
2.24728
2.19736
2.14816
2.10271
2.05759
2.01115
1.96546
1.92149
1.87725
1.83172
1.79209
1.75284
1.71798
1.68847
1.65335
1.61439
1.57338
1.5282
1.49473
1.47255
1.44786
1.41773
1.39068
1.36373
1.33313
1.30935
1.28933
1.26352
1.24212
1.22216
1.19893
1.18086
1.1652
1.14842
1.13381
1.12569
1.11549
1.10249
1.08771
1.06632
1.05058
1.04798
1.04832
1.04702
1.04373
1.03462
1.02324
1.02347
1.02823
1.03521
1.03935
1.041
1.03988
1.03869
1.03922
1.04005
1.04089
1.04131
1.04047
1.04133
1.04297
1.04485
1.04776
1.0503
2.14867
2.25377
2.24348
2.22208
2.18972
2.14247
2.08707
2.0356
1.98639
1.94327
1.90388
1.86022
1.8221
1.7841
1.74912
1.71967
1.6835
1.63917
1.59734
1.55918
1.53086
1.50525
1.47775
1.45093
1.42526
1.39803
1.36629
1.34005
1.31899
1.29358
1.27071
1.25365
1.23126
1.21071
1.20099
1.18903
1.17365
1.15969
1.14127
1.12366
1.11273
1.09988
1.08964
1.08292
1.07508
1.06635
1.05652
1.04387
1.03879
1.04177
1.04614
1.04832
1.04649
1.04532
1.04624
1.04703
1.04793
1.04881
1.0489
1.04584
1.04457
1.04611
1.04867
1.05236
1.05499
1.05628
1.59707
2.0656
2.1767
2.20524
2.19865
2.17046
2.12797
2.07823
2.02122
1.97247
1.93211
1.88741
1.85203
1.81756
1.78053
1.7466
1.70933
1.66678
1.62768
1.59112
1.56192
1.53932
1.51512
1.48696
1.4558
1.42765
1.40001
1.37227
1.34846
1.3237
1.29982
1.28553
1.27108
1.25398
1.23852
1.21957
1.19972
1.18651
1.17193
1.15462
1.14108
1.13246
1.12482
1.11662
1.10412
1.08649
1.06737
1.05679
1.05748
1.06299
1.06662
1.0657
1.05663
1.05101
1.05142
1.05384
1.05697
1.05882
1.05767
1.05232
1.05201
1.0538
1.05704
1.06095
1.06263
1.06364
1.10925
1.46664
1.8782
2.14084
2.16603
2.16176
2.12978
2.10814
2.06418
2.01931
1.97541
1.92689
1.88429
1.8447
1.80955
1.77675
1.73856
1.69368
1.65713
1.62771
1.60177
1.57605
1.54746
1.52037
1.4912
1.45995
1.42933
1.40048
1.37893
1.36009
1.33966
1.32205
1.307
1.28932
1.27113
1.25152
1.22844
1.20882
1.19796
1.18669
1.17769
1.16932
1.15426
1.13471
1.11881
1.10134
1.08563
1.08272
1.08336
1.08283
1.07811
1.06814
1.0616
1.06168
1.06395
1.0661
1.06712
1.06498
1.05934
1.05848
1.06044
1.06349
1.06724
1.06888
1.06924
1.06549
1.00445
1.06304
1.30338
1.71495
2.00247
2.14306
2.13084
2.11208
2.07967
2.05515
2.01466
1.97179
1.92789
1.88489
1.84431
1.80323
1.76497
1.7269
1.69544
1.66573
1.63717
1.61377
1.5871
1.55562
1.52
1.487
1.46185
1.43699
1.41428
1.39585
1.3786
1.36262
1.34646
1.32268
1.29265
1.27355
1.25587
1.24155
1.23274
1.22089
1.20667
1.19511
1.1775
1.15409
1.13285
1.1173
1.11192
1.11197
1.111
1.1059
1.09053
1.07437
1.071
1.07328
1.07834
1.08076
1.08052
1.07213
1.06543
1.0663
1.06923
1.07432
1.07727
1.07832
1.07515
1.06574
1.00003
1.00173
1.02799
1.17611
1.51521
1.8659
2.02306
2.10171
2.09289
2.06996
2.03638
2.00975
1.96662
1.92513
1.88679
1.84454
1.80405
1.76168
1.72915
1.70508
1.67892
1.6509
1.61823
1.58619
1.55382
1.52041
1.49443
1.47225
1.45411
1.43891
1.41973
1.3958
1.37197
1.34633
1.31913
1.30103
1.28604
1.27307
1.26486
1.25499
1.23735
1.21249
1.18799
1.16777
1.15438
1.14862
1.1445
1.13851
1.12905
1.11298
1.09627
1.08949
1.09061
1.09322
1.09379
1.09151
1.08374
1.0765
1.07632
1.07851
1.08261
1.08526
1.08589
1.08273
1.07391
1.0656
1
1.00001
1.00047
1.01028
1.08545
1.3134
1.65704
1.9278
2.01674
2.04929
2.04798
2.02709
1.99309
1.96398
1.9245
1.88445
1.84942
1.81031
1.77526
1.74208
1.71088
1.68442
1.65196
1.61459
1.58214
1.55408
1.53523
1.51594
1.49263
1.47229
1.45213
1.42727
1.39725
1.36571
1.34322
1.33104
1.32127
1.30856
1.29297
1.27479
1.25073
1.22535
1.20463
1.18867
1.18135
1.17896
1.17514
1.16652
1.14704
1.12238
1.10986
1.10919
1.11255
1.11347
1.11105
1.10216
1.08931
1.08592
1.08758
1.09235
1.09658
1.09758
1.09396
1.08276
1.07251
1.06965
1
1
1
1.0001
1.00288
1.03127
1.16273
1.42997
1.73462
1.93085
1.98837
2.00316
2.00074
1.98082
1.9483
1.92105
1.88745
1.85099
1.8193
1.78527
1.74995
1.71336
1.67642
1.64496
1.6186
1.59119
1.56902
1.5504
1.52867
1.50617
1.47819
1.44493
1.41606
1.39386
1.37777
1.36341
1.34967
1.33611
1.31898
1.2947
1.26353
1.23839
1.22856
1.2217
1.21497
1.20714
1.19527
1.17673
1.15491
1.13943
1.13676
1.13588
1.13419
1.13066
1.12266
1.10915
1.10195
1.10245
1.1047
1.10679
1.10652
1.10293
1.09396
1.08297
1.07753
1.07858
1
1
1
1
1.00001
1.00057
1.00924
1.06229
1.23046
1.4964
1.75175
1.90475
1.95038
1.95538
1.95095
1.9359
1.90517
1.87772
1.84956
1.8157
1.78521
1.74972
1.7111
1.67685
1.649
1.62527
1.60406
1.58043
1.55148
1.52478
1.49807
1.46719
1.44013
1.42172
1.40789
1.39494
1.37988
1.35907
1.33202
1.30527
1.28018
1.26609
1.25879
1.25185
1.24396
1.23377
1.21494
1.18799
1.16829
1.16428
1.16433
1.16215
1.15741
1.14759
1.13055
1.11885
1.11799
1.12019
1.12154
1.12059
1.11618
1.10524
1.09359
1.08746
1.08865
1.09197
1
1
1
1
1
1
1.00008
1.00174
1.01805
1.09033
1.26831
1.5106
1.73729
1.8624
1.89762
1.90833
1.90711
1.89118
1.8602
1.83379
1.80992
1.77678
1.74689
1.71752
1.68539
1.65571
1.62809
1.60258
1.57517
1.5443
1.51262
1.4864
1.46943
1.45436
1.43671
1.41695
1.39732
1.37527
1.34784
1.31932
1.30391
1.29724
1.29118
1.28221
1.26743
1.24684
1.22502
1.20367
1.19655
1.19414
1.18953
1.1833
1.17551
1.16047
1.14253
1.13787
1.13728
1.13667
1.13468
1.13098
1.12246
1.10909
1.09919
1.0987
1.10027
1.10435
1
1
1
1
1
1
1
1.00001
1.00023
1.00333
1.0252
1.1048
1.2756
1.49048
1.6861
1.80877
1.85052
1.85893
1.85557
1.84327
1.81872
1.78869
1.76695
1.74058
1.71681
1.69127
1.65792
1.62496
1.59504
1.56421
1.5379
1.51548
1.4953
1.47634
1.45906
1.4397
1.41518
1.38691
1.36135
1.34648
1.33772
1.32711
1.31486
1.30232
1.28583
1.26169
1.23772
1.22743
1.2244
1.22153
1.21594
1.20544
1.18735
1.1679
1.16021
1.15943
1.15833
1.15562
1.15004
1.13932
1.12509
1.11491
1.11406
1.11602
1.11822
1.11876
1
1
1
1
1
1
1
1
1
1.00002
1.0004
1.00449
1.02768
1.10228
1.25213
1.44072
1.61685
1.73971
1.79164
1.80385
1.80502
1.79482
1.77516
1.74486
1.7279
1.70675
1.68091
1.6564
1.62538
1.59117
1.56824
1.5478
1.52516
1.50332
1.48042
1.45633
1.43099
1.40622
1.38624
1.37403
1.36412
1.35369
1.33899
1.31867
1.29661
1.275
1.26322
1.25832
1.25025
1.24153
1.23401
1.22101
1.20019
1.18566
1.18173
1.17827
1.17511
1.17106
1.16262
1.14735
1.13268
1.12973
1.12988
1.13237
1.13442
1.13364
1
1
1
1
1
1
1
1
1
1
1
1.00003
1.00047
1.00448
1.02463
1.08542
1.20696
1.36947
1.52902
1.65393
1.7195
1.74231
1.75113
1.75051
1.73201
1.70132
1.68375
1.66952
1.64462
1.62418
1.60504
1.57918
1.55287
1.53325
1.50899
1.48076
1.45302
1.43383
1.41971
1.40631
1.39244
1.37535
1.35672
1.33597
1.31427
1.29675
1.28889
1.28423
1.27727
1.26539
1.2503
1.23044
1.21372
1.20982
1.20773
1.20264
1.19537
1.18517
1.17001
1.15662
1.1534
1.15483
1.15566
1.15462
1.15181
1.14689
1
1
1
1
1
1
1
1
1
1
1
1
1
1.00003
1.0004
1.00341
1.01778
1.06158
1.15217
1.28485
1.42656
1.54996
1.62848
1.67424
1.69104
1.69665
1.68565
1.66285
1.64374
1.63412
1.61716
1.59508
1.57676
1.55866
1.53501
1.51163
1.49422
1.47628
1.45569
1.43777
1.42241
1.40195
1.37858
1.35788
1.34223
1.33104
1.32134
1.3116
1.30081
1.2859
1.26917
1.25193
1.24126
1.23652
1.23216
1.22519
1.21641
1.20384
1.18886
1.1842
1.18392
1.18451
1.18406
1.1807
1.17491
1.16737
1
1
1
1
1
1
1
1
1
1
1
1
1
1
1
1.00002
1.00024
1.00201
1.01051
1.03775
1.09764
1.19499
1.3133
1.42926
1.5197
1.58232
1.61464
1.63349
1.63335
1.62037
1.60744
1.59804
1.58608
1.56585
1.5433
1.52874
1.51754
1.50077
1.4845
1.469
1.44985
1.42924
1.41141
1.39537
1.38038
1.36859
1.35934
1.34618
1.32921
1.30985
1.29425
1.28779
1.28164
1.27265
1.26303
1.25229
1.24011
1.23024
1.22706
1.22575
1.22174
1.2159
1.20997
1.20374
1.19809
1.19319
1
1
1
1
1
1
1
1
1
1
1
1
1
1
1
1
1
1.00001
1.00011
1.00091
1.0049
1.01869
1.05216
1.11276
1.19889
1.29715
1.39017
1.46527
1.51687
1.5505
1.56931
1.56884
1.5631
1.55492
1.5471
1.53484
1.51683
1.50028
1.49219
1.47896
1.46002
1.44255
1.43138
1.41994
1.40593
1.39397
1.3831
1.3694
1.35554
1.34216
1.32937
1.32017
1.31068
1.29979
1.2924
1.28337
1.2697
1.25941
1.25416
1.24723
1.23993
1.23324
1.22589
1.2146
1.20552
1.20113
1
1
1
1
1
1
1
1
1
1
1
1
1
1
1
1
1
1
1
1
1.00003
1.00029
1.00167
1.00691
1.02159
1.05241
1.10398
1.17266
1.24988
1.32545
1.3884
1.43655
1.47124
1.48904
1.49748
1.50013
1.49973
1.49405
1.48253
1.46795
1.45689
1.44818
1.43423
1.41928
1.41116
1.40182
1.3862
1.36874
1.35969
1.35221
1.34061
1.32798
1.31386
1.3027
1.29894
1.29109
1.27879
1.26699
1.25574
1.24474
1.23931
1.23698
1.22975
1.21968
1.2092
1.19688
1
1
1
1
1
1
1
1
1
1
1
1
1
1
1
1
1
1
1
1
1
1
1.00001
1.00006
1.0004
1.00184
1.00652
1.01794
1.04029
1.07603
1.12357
1.17935
1.23667
1.28913
1.3351
1.37018
1.39494
1.41124
1.42004
1.42416
1.42198
1.4177
1.41199
1.40683
1.39895
1.38777
1.37744
1.36842
1.35704
1.34281
1.33136
1.32556
1.31861
1.30861
1.294
1.27858
1.26784
1.26276
1.25708
1.24862
1.23814
1.22483
1.21131
1.19977
1.18989
1.1782
1
1
1
1
1
1
1
1
1
1
1
1
1
1
1
1
1
1
1
1
1
1
1
1
1
1.00001
1.00006
1.00031
1.00124
1.00392
1.01014
1.02214
1.04161
1.06912
1.10324
1.14084
1.17899
1.21465
1.24601
1.27219
1.29292
1.30913
1.31939
1.32543
1.32839
1.32786
1.3241
1.319
1.31314
1.30759
1.30116
1.29324
1.2831
1.27353
1.26305
1.25283
1.24284
1.23207
1.22036
1.20848
1.19564
1.18131
1.16628
1.1508
1.1343
1.11707
1
1
1
1
1
1
1
1
1
1
1
1
1
1
1
1
1
1
1
1
1
1
1
1
1
1
1
1
1
1.00003
1.00013
1.00047
1.00145
1.00371
1.0081
1.01549
1.0264
1.04094
1.05879
1.0788
1.09977
1.12029
1.13895
1.15501
1.16809
1.17825
1.18586
1.19134
1.19426
1.1958
1.19412
1.19058
1.18553
1.17883
1.17066
1.1622
1.15302
1.14231
1.13042
1.11748
1.10341
1.08899
1.07497
1.06147
1.04854
1.03657
1
1
1
1
1
1
1
1
1
1
1
1
1
1
1
1
1
1
1
1
1
1
1
1
1
1
1
1
1
1
1
1
1.00001
1.00003
1.00009
1.00028
1.00071
1.0016
1.00319
1.00572
1.00933
1.01395
1.01941
1.02541
1.03165
1.03789
1.04391
1.04925
1.05354
1.05664
1.05788
1.05774
1.05685
1.05492
1.05212
1.04851
1.04394
1.03852
1.03266
1.02669
1.02097
1.01585
1.01149
1.00789
1.00505
1.00295
1
1
1
1
1
1
1
1
1
1
1
1
1
1
1
1
1
1
1
1
1
1
1
1
1
1
1
1
1
1
1
1
1
1
1
1
1
1.00001
1.00002
1.00006
1.00014
1.00027
1.00048
1.0008
1.00122
1.00175
1.00237
1.00303
1.00364
1.00413
1.00444
1.00458
1.00458
1.00446
1.00419
1.00376
1.00318
1.00253
1.0019
1.00134
1.00088
1.00055
1.00032
1.00017
1.00008
1.00003
1
1
1
1
1
1
1
1
1
1
1
1
1
1
1
1
1
1
1
1
1
1
1
1
1
1
1
1
1
1
1
1
1
1
1
1
1
1
1
1
1
1
1
1
1.00001
1.00001
1.00002
1.00003
1.00003
1.00004
1.00005
1.00005
1.00005
1.00005
1.00005
1.00004
1.00003
1.00002
1.00001
1.00001
1
1
1
1
1
1
1
1
1
1
1
1
1
1
1
1
1
1
1
1
1
1
1
1
1
1
1
1
1
1
1
1
1
1
1
1
1
1
1
1
1
1
1
1
1
1
1
1
1
1
1
1
1
1
1
1
1
1
1
1
1
1
1
1
1
1
1
1
1
1
1
1
1
1
1
1
1
1
1
1
1
1
1
1
1
1
1
1
1
1
1
1
1
1
1
1
1
1
1
1
1
1
1
1
1
1
1
1
1
1
1
1
1
1
1
1
1
1
1
1
1
1
1
1
1
1
1
1
1
1
1
1
1
1
1
1
1
1
1
1
1
1
1
1
1
1
1
1
1
1
1
1
1
1
1
1
1
1
1
1
1
1
1
1
1
1
1
1
1
1
1
1
1
1
1
1
1
1
1
1
1
1
1
1
1
1
1
1
1
1
1
1
1
1
1
1
1
1
1
1
1
1
1
1
1
1
1
1
1
1
1
1
1
1
1
1
1
1
1
1
1
1
1
1
1
1
1
1
1
1
1
1
1
1
1
1
1
1
1
1
1
1
1
1
1
1
1
1
1
1
1
1
1
1
1
1
1
1
1
1
1
1
1
1
1
1
1
1
1
1
1
1
1
1
1
1
1
1
1
1
1
1
1
1
1
1
1
1
1
1
1
1
1
1
1
1
1
1
1
1
1
1
1
1
1
1
1
1
1
1
1
1
1
1
1
1
1
1
1
1
1
1
1
1
1
1
1
1
1
1
1
1
1
1
1
1
1
1
1
1
1
1
1
1
1
1
1
1
1
1
1
1
1
1
1
1
1
1
1
1
1
1
1
1
1
1
1
1
1
1
1
1
1
1
1
1
1
1
1
1
1
1
1
1
1
1
1
1
1
1
1
1
1
1
1
1
1
1
1
1
1
1
)
;

boundaryField
{
    inlet
    {
        type            fixedValue;
        value           uniform 1;
    }
    outlet
    {
        type            zeroGradient;
    }
    bottom
    {
        type            symmetryPlane;
    }
    top
    {
        type            symmetryPlane;
    }
    obstacle
    {
        type            zeroGradient;
    }
    defaultFaces
    {
        type            empty;
    }
    procBoundary2to0
    {
        type            processor;
        value           nonuniform List<scalar> 
115
(
1
1
1
1
1
1
1
1
1
1
1
1
1
1
1
1
1
1
1
1
1
1
1
1
1
1
1
1
1
1
1
1
1
1
1
1
1.00001
1.00797
1.26506
2.09117
2.55129
2.56566
2.54085
2.48145
2.43227
2.3732
2.31292
2.25661
1.10604
1.09309
1.06869
1.04214
1.026
1.00272
0.972999
0.955955
0.938113
0.921638
0.915052
0.90707
0.892291
0.878976
0.865454
0.850361
0.835197
0.836044
0.84972
0.874427
0.903281
0.930603
0.943717
0.94936
0.953972
0.959054
0.967169
0.979862
0.989596
0.993018
0.995386
0.997619
0.99995
1.00269
1.00655
1.00973
1.0118
1.0137
1.01531
1.01688
1.01846
1.01949
2.20745
2.16047
2.1052
2.04711
1.98908
1.9288
1.87465
1.82519
1.77415
1.7301
1.69086
1.64058
1.58383
1.52874
1.47885
1.44602
1.4197
1.37841
1.33717
1.30688
1.26488
1.2246
1.20368
1.17511
1.17511
)
;
    }
    procBoundary2to1
    {
        type            processor;
        value           nonuniform List<scalar> 4(1.01971 1.02072 1.02369 1.0287);
    }
    procBoundary2to3
    {
        type            processor;
        value           nonuniform List<scalar> 
32
(
1.03402
1.04069
1.04624
1.05178
1.05657
1.06038
1.05846
1.05847
1.06376
1.07171
1.08145
1.09499
1.10649
1.11739
1.12964
1.14047
1.16012
1.18852
1.19482
1.18557
1.16548
1.09964
1.02592
1.00154
1.00001
1
1
1
1
1
1
1
)
;
    }
}


// ************************************************************************* //
