/*--------------------------------*- C++ -*----------------------------------*\
  =========                 |
  \\      /  F ield         | OpenFOAM: The Open Source CFD Toolbox
   \\    /   O peration     | Website:  https://openfoam.org
    \\  /    A nd           | Version:  7
     \\/     M anipulation  |
\*---------------------------------------------------------------------------*/
FoamFile
{
    version     2.0;
    format      ascii;
    class       volVectorField;
    location    "2.7";
    object      U;
}
// * * * * * * * * * * * * * * * * * * * * * * * * * * * * * * * * * * * * * //

dimensions      [0 1 -1 0 0 0 0];

internalField   nonuniform List<vector> 
1008
(
(1.61196 -0.365562 0)
(1.62141 -0.376725 0)
(1.63008 -0.381413 0)
(1.64165 -0.385956 0)
(1.656 -0.388756 0)
(1.66388 -0.389201 0)
(1.66172 -0.369271 0)
(1.64397 -0.31311 0)
(1.59591 -0.203066 0)
(1.56307 -0.0892698 0)
(1.50401 0.0446461 0)
(1.47715 0.115323 0)
(1.46674 0.123615 0)
(1.46252 0.12742 0)
(1.46198 0.136977 0)
(1.46114 0.151137 0)
(1.46055 0.163152 0)
(1.46109 0.169018 0)
(1.46764 0.169411 0)
(1.47746 0.169705 0)
(1.4881 0.166316 0)
(1.49731 0.165384 0)
(1.5066 0.168707 0)
(1.51043 0.176612 0)
(1.51381 0.184037 0)
(1.52032 0.18863 0)
(1.52752 0.191574 0)
(1.53363 0.191603 0)
(1.53871 0.190414 0)
(1.54363 0.190792 0)
(1.55009 0.193388 0)
(1.55862 0.196705 0)
(1.56852 0.200226 0)
(1.57831 0.203811 0)
(1.58648 0.206525 0)
(1.59269 0.20857 0)
(1.59849 0.210891 0)
(1.60425 0.213244 0)
(1.60863 0.214779 0)
(1.61039 0.214753 0)
(1.61303 0.215501 0)
(1.62175 0.21855 0)
(1.63166 0.221899 0)
(1.64176 0.225804 0)
(1.65139 0.230527 0)
(1.65963 0.23689 0)
(1.66639 0.242455 0)
(1.67176 0.243844 0)
(1.67448 0.240817 0)
(1.67297 0.236629 0)
(1.66934 0.234254 0)
(1.66978 0.233113 0)
(1.67537 0.23465 0)
(1.68445 0.235984 0)
(1.69367 0.236596 0)
(1.69791 0.23799 0)
(1.7012 0.234862 0)
(1.69536 0.227556 0)
(1.67336 0.203467 0)
(1.62881 0.151777 0)
(1.57171 0.0788891 0)
(1.53591 0.0278457 0)
(1.52748 -0.0315077 0)
(1.6024 -0.33026 0)
(1.61554 -0.340868 0)
(1.62799 -0.350832 0)
(1.64147 -0.357138 0)
(1.65337 -0.356953 0)
(1.66299 -0.363414 0)
(1.67038 -0.367288 0)
(1.67825 -0.363102 0)
(1.67816 -0.343872 0)
(1.66251 -0.286158 0)
(1.62521 -0.183798 0)
(1.58674 -0.0634829 0)
(1.50991 0.0737123 0)
(1.48235 0.133169 0)
(1.47446 0.145829 0)
(1.47282 0.152533 0)
(1.47145 0.162112 0)
(1.4717 0.17826 0)
(1.47097 0.186751 0)
(1.47537 0.18647 0)
(1.48382 0.186739 0)
(1.49472 0.188018 0)
(1.50466 0.188149 0)
(1.51395 0.189286 0)
(1.52046 0.192383 0)
(1.52215 0.196231 0)
(1.52511 0.198943 0)
(1.53079 0.201421 0)
(1.53863 0.203725 0)
(1.54834 0.206302 0)
(1.55793 0.209271 0)
(1.56648 0.212732 0)
(1.57341 0.215722 0)
(1.57943 0.217703 0)
(1.58635 0.220138 0)
(1.59368 0.222952 0)
(1.60024 0.225325 0)
(1.6054 0.22697 0)
(1.60833 0.228194 0)
(1.61015 0.230546 0)
(1.61697 0.234015 0)
(1.62542 0.236237 0)
(1.6344 0.239021 0)
(1.64335 0.242556 0)
(1.65158 0.246415 0)
(1.65962 0.249802 0)
(1.66664 0.252194 0)
(1.66955 0.253747 0)
(1.66961 0.253041 0)
(1.67156 0.250288 0)
(1.67527 0.24689 0)
(1.67864 0.247564 0)
(1.68274 0.252442 0)
(1.69258 0.254915 0)
(1.69567 0.254532 0)
(1.70081 0.252629 0)
(1.69362 0.237283 0)
(1.66175 0.192715 0)
(1.60509 0.109574 0)
(1.53881 0.0210281 0)
(1.50763 -0.0282473 0)
(1.49801 -0.0508713 0)
(1.51228 -0.0755554 0)
(1.58695 -0.298435 0)
(1.60468 -0.306327 0)
(1.62279 -0.314838 0)
(1.63878 -0.323274 0)
(1.65285 -0.331206 0)
(1.66327 -0.334115 0)
(1.66813 -0.336342 0)
(1.67347 -0.343076 0)
(1.68889 -0.343527 0)
(1.70105 -0.339108 0)
(1.70269 -0.319369 0)
(1.68452 -0.261702 0)
(1.6488 -0.163287 0)
(1.57751 -0.0200423 0)
(1.50946 0.115527 0)
(1.49371 0.152063 0)
(1.4836 0.165629 0)
(1.4826 0.179025 0)
(1.4817 0.194762 0)
(1.48264 0.203669 0)
(1.48572 0.207473 0)
(1.49229 0.205918 0)
(1.50062 0.207145 0)
(1.51046 0.210259 0)
(1.51873 0.211444 0)
(1.52524 0.210663 0)
(1.52782 0.210541 0)
(1.53098 0.213136 0)
(1.53855 0.216955 0)
(1.54779 0.221119 0)
(1.55695 0.225075 0)
(1.56587 0.228705 0)
(1.5741 0.231807 0)
(1.58108 0.234198 0)
(1.58687 0.235686 0)
(1.59226 0.236717 0)
(1.59828 0.238237 0)
(1.60489 0.240235 0)
(1.61078 0.242992 0)
(1.61431 0.247528 0)
(1.61667 0.252103 0)
(1.62239 0.253727 0)
(1.63097 0.253648 0)
(1.6406 0.254834 0)
(1.65044 0.256656 0)
(1.6592 0.258447 0)
(1.66501 0.260304 0)
(1.66647 0.262144 0)
(1.66564 0.262248 0)
(1.66611 0.261364 0)
(1.6703 0.263074 0)
(1.67972 0.267804 0)
(1.68997 0.271663 0)
(1.69288 0.270461 0)
(1.69502 0.265949 0)
(1.68115 0.237689 0)
(1.6367 0.164636 0)
(1.56118 0.0461456 0)
(1.51471 -0.0298715 0)
(1.48079 -0.0798186 0)
(1.47846 -0.096348 0)
(1.48404 -0.0950071 0)
(1.49585 -0.104019 0)
(1.5842 -0.275838 0)
(1.5982 -0.276913 0)
(1.61377 -0.281338 0)
(1.6307 -0.287899 0)
(1.64728 -0.294676 0)
(1.66054 -0.302844 0)
(1.66948 -0.310356 0)
(1.67524 -0.315164 0)
(1.68283 -0.315386 0)
(1.6977 -0.317307 0)
(1.71135 -0.317471 0)
(1.72215 -0.315962 0)
(1.71942 -0.295409 0)
(1.6964 -0.231463 0)
(1.65817 -0.128639 0)
(1.56203 0.0401512 0)
(1.51469 0.143822 0)
(1.50581 0.175959 0)
(1.49909 0.199692 0)
(1.49394 0.208191 0)
(1.49491 0.217189 0)
(1.49797 0.221324 0)
(1.50227 0.222611 0)
(1.50859 0.223315 0)
(1.51523 0.225042 0)
(1.52222 0.226467 0)
(1.53004 0.226881 0)
(1.53768 0.227794 0)
(1.54375 0.231621 0)
(1.55009 0.236449 0)
(1.55888 0.239915 0)
(1.56846 0.242953 0)
(1.57712 0.246481 0)
(1.58339 0.250115 0)
(1.58756 0.25227 0)
(1.59364 0.253522 0)
(1.60207 0.254582 0)
(1.61058 0.255815 0)
(1.61774 0.258233 0)
(1.62274 0.262424 0)
(1.62497 0.266933 0)
(1.62677 0.270272 0)
(1.63519 0.271457 0)
(1.64443 0.271588 0)
(1.65336 0.271899 0)
(1.66091 0.272175 0)
(1.66557 0.272208 0)
(1.66623 0.272481 0)
(1.66495 0.275031 0)
(1.66906 0.280991 0)
(1.67585 0.286062 0)
(1.683 0.288017 0)
(1.68719 0.286382 0)
(1.68599 0.275035 0)
(1.66104 0.228658 0)
(1.60232 0.131898 0)
(1.51782 0.0025095 0)
(1.47002 -0.0862103 0)
(1.46769 -0.0895035 0)
(1.47548 -0.0924537 0)
(1.47834 -0.0918435 0)
(1.48398 -0.0895296 0)
(1.49123 -0.0923426 0)
(1.58072 -0.252058 0)
(1.59767 -0.255822 0)
(1.61327 -0.258375 0)
(1.62655 -0.260792 0)
(1.63786 -0.264322 0)
(1.65001 -0.269356 0)
(1.66374 -0.276537 0)
(1.67601 -0.285951 0)
(1.68761 -0.291737 0)
(1.7003 -0.29235 0)
(1.7107 -0.289804 0)
(1.72063 -0.296612 0)
(1.72657 -0.300304 0)
(1.73622 -0.292277 0)
(1.73317 -0.268433 0)
(1.7016 -0.190791 0)
(1.66283 -0.0787133 0)
(1.55938 0.102898 0)
(1.52423 0.197023 0)
(1.51533 0.212833 0)
(1.51152 0.222476 0)
(1.50837 0.225996 0)
(1.50995 0.230096 0)
(1.51355 0.234401 0)
(1.51795 0.23802 0)
(1.52265 0.239362 0)
(1.52724 0.239969 0)
(1.53387 0.242388 0)
(1.54572 0.246851 0)
(1.55784 0.250754 0)
(1.56842 0.254612 0)
(1.57755 0.258679 0)
(1.58361 0.262647 0)
(1.58548 0.265439 0)
(1.58742 0.267201 0)
(1.59281 0.268421 0)
(1.60091 0.269784 0)
(1.61061 0.272165 0)
(1.62089 0.274628 0)
(1.63074 0.2763 0)
(1.63646 0.278647 0)
(1.63624 0.283936 0)
(1.63716 0.286677 0)
(1.64337 0.285117 0)
(1.65043 0.283337 0)
(1.6574 0.283054 0)
(1.66386 0.283923 0)
(1.66858 0.286261 0)
(1.66992 0.292561 0)
(1.66806 0.300648 0)
(1.67386 0.301656 0)
(1.6783 0.298844 0)
(1.67325 0.278998 0)
(1.63195 0.209451 0)
(1.56742 0.0941556 0)
(1.46567 -0.044287 0)
(1.43807 -0.0911981 0)
(1.44341 -0.111376 0)
(1.4555 -0.110302 0)
(1.46252 -0.108237 0)
(1.46819 -0.103153 0)
(1.4742 -0.0957835 0)
(1.48743 -0.0905519 0)
(1.57366 -0.222221 0)
(1.59245 -0.226858 0)
(1.61021 -0.232791 0)
(1.6252 -0.238921 0)
(1.63617 -0.242625 0)
(1.64349 -0.244139 0)
(1.6516 -0.246886 0)
(1.66529 -0.252603 0)
(1.68283 -0.257343 0)
(1.69967 -0.259608 0)
(1.71436 -0.265156 0)
(1.72338 -0.270077 0)
(1.72565 -0.271756 0)
(1.73113 -0.276521 0)
(1.74667 -0.27648 0)
(1.75771 -0.265639 0)
(1.75373 -0.232023 0)
(1.70549 -0.127736 0)
(1.66374 -0.000193785 0)
(1.56605 0.156765 0)
(1.52936 0.227931 0)
(1.51778 0.24698 0)
(1.51866 0.243789 0)
(1.51983 0.24396 0)
(1.5254 0.247776 0)
(1.53021 0.252322 0)
(1.53149 0.253247 0)
(1.53895 0.256705 0)
(1.5493 0.261654 0)
(1.55884 0.266257 0)
(1.56756 0.27009 0)
(1.57598 0.273391 0)
(1.58356 0.27706 0)
(1.58902 0.281256 0)
(1.59149 0.284576 0)
(1.59359 0.28488 0)
(1.60054 0.284864 0)
(1.61045 0.286096 0)
(1.62087 0.287838 0)
(1.63048 0.289999 0)
(1.6378 0.293079 0)
(1.64084 0.296874 0)
(1.63928 0.298765 0)
(1.64205 0.299243 0)
(1.65066 0.300262 0)
(1.65902 0.30151 0)
(1.66773 0.30245 0)
(1.67584 0.30482 0)
(1.68162 0.309869 0)
(1.68035 0.314777 0)
(1.67612 0.304301 0)
(1.65858 0.272881 0)
(1.60289 0.180267 0)
(1.50509 0.0312742 0)
(1.45189 -0.0587502 0)
(1.43114 -0.0833899 0)
(1.42935 -0.085738 0)
(1.44272 -0.0943311 0)
(1.45159 -0.100552 0)
(1.46128 -0.102949 0)
(1.4683 -0.101702 0)
(1.4761 -0.0964163 0)
(1.48895 -0.0857733 0)
(1.56996 -0.196853 0)
(1.58728 -0.198781 0)
(1.60378 -0.203863 0)
(1.61903 -0.211487 0)
(1.6322 -0.218956 0)
(1.64265 -0.224466 0)
(1.65273 -0.225943 0)
(1.66443 -0.226556 0)
(1.6772 -0.227196 0)
(1.68987 -0.228128 0)
(1.702 -0.233511 0)
(1.71466 -0.24012 0)
(1.72777 -0.247157 0)
(1.73733 -0.253107 0)
(1.74565 -0.251132 0)
(1.7604 -0.249126 0)
(1.77159 -0.247108 0)
(1.77767 -0.231582 0)
(1.76408 -0.185774 0)
(1.69879 -0.0638162 0)
(1.64979 0.0618602 0)
(1.56034 0.197959 0)
(1.53808 0.246777 0)
(1.52668 0.268843 0)
(1.52604 0.274643 0)
(1.52867 0.273668 0)
(1.53666 0.271294 0)
(1.54779 0.273488 0)
(1.55893 0.276959 0)
(1.56821 0.280069 0)
(1.57441 0.282526 0)
(1.58062 0.28553 0)
(1.58716 0.289435 0)
(1.59167 0.294047 0)
(1.59294 0.29774 0)
(1.59737 0.299659 0)
(1.60766 0.30112 0)
(1.61768 0.302661 0)
(1.62749 0.304118 0)
(1.63647 0.305215 0)
(1.64342 0.306723 0)
(1.64545 0.30975 0)
(1.64364 0.311112 0)
(1.64606 0.314389 0)
(1.65254 0.317525 0)
(1.65941 0.320703 0)
(1.66664 0.32057 0)
(1.6743 0.321634 0)
(1.67913 0.322797 0)
(1.67341 0.307198 0)
(1.63997 0.250918 0)
(1.55579 0.121958 0)
(1.46514 -0.0146972 0)
(1.43381 -0.0776434 0)
(1.41847 -0.0976882 0)
(1.42188 -0.0923498 0)
(1.43034 -0.0894302 0)
(1.43943 -0.0923257 0)
(1.4495 -0.094728 0)
(1.45883 -0.0936782 0)
(1.46847 -0.090338 0)
(1.47948 -0.0824879 0)
(1.49297 -0.0781816 0)
(1.56542 -0.174089 0)
(1.58138 -0.175173 0)
(1.59674 -0.178231 0)
(1.60981 -0.184492 0)
(1.62104 -0.191576 0)
(1.63354 -0.196628 0)
(1.64868 -0.199606 0)
(1.66493 -0.203405 0)
(1.68038 -0.206191 0)
(1.69425 -0.206817 0)
(1.70572 -0.210056 0)
(1.71291 -0.212975 0)
(1.71872 -0.21561 0)
(1.73297 -0.219556 0)
(1.75048 -0.223462 0)
(1.76641 -0.227035 0)
(1.77886 -0.224465 0)
(1.78675 -0.219825 0)
(1.78864 -0.222619 0)
(1.78214 -0.19648 0)
(1.76317 -0.132104 0)
(1.68577 0.00277426 0)
(1.63204 0.12004 0)
(1.58814 0.222081 0)
(1.53704 0.285553 0)
(1.5326 0.294233 0)
(1.53959 0.297462 0)
(1.5478 0.299797 0)
(1.55497 0.299616 0)
(1.56533 0.300723 0)
(1.57724 0.301389 0)
(1.58732 0.302 0)
(1.59529 0.303663 0)
(1.59965 0.305875 0)
(1.5987 0.309861 0)
(1.60085 0.31324 0)
(1.60794 0.314841 0)
(1.6163 0.316601 0)
(1.62464 0.318489 0)
(1.63347 0.321009 0)
(1.64297 0.322831 0)
(1.65142 0.323076 0)
(1.65518 0.324496 0)
(1.6535 0.329754 0)
(1.6568 0.33311 0)
(1.66409 0.336227 0)
(1.67025 0.336658 0)
(1.67366 0.331792 0)
(1.66246 0.302911 0)
(1.60835 0.213142 0)
(1.50728 0.0651451 0)
(1.44258 -0.0386154 0)
(1.42122 -0.0813642 0)
(1.41797 -0.0803934 0)
(1.42095 -0.0783761 0)
(1.4294 -0.0778966 0)
(1.4371 -0.0842752 0)
(1.44351 -0.0868951 0)
(1.45027 -0.0875018 0)
(1.45656 -0.0837724 0)
(1.46624 -0.0764826 0)
(1.48228 -0.0691698 0)
(1.4957 -0.0674623 0)
(1.56282 -0.151318 0)
(1.57666 -0.153039 0)
(1.58753 -0.156414 0)
(1.5996 -0.161468 0)
(1.61646 -0.166403 0)
(1.63416 -0.170673 0)
(1.65026 -0.174402 0)
(1.66403 -0.17667 0)
(1.67596 -0.178602 0)
(1.68496 -0.180892 0)
(1.69313 -0.184692 0)
(1.70206 -0.18773 0)
(1.71311 -0.190312 0)
(1.72655 -0.189404 0)
(1.74249 -0.187441 0)
(1.7573 -0.187821 0)
(1.77382 -0.191382 0)
(1.78992 -0.19507 0)
(1.80356 -0.201057 0)
(1.80246 -0.202392 0)
(1.80888 -0.184332 0)
(1.79691 -0.156095 0)
(1.76236 -0.0734392 0)
(1.67159 0.0976789 0)
(1.61718 0.204265 0)
(1.5928 0.25269 0)
(1.56993 0.290261 0)
(1.55363 0.316131 0)
(1.55801 0.318332 0)
(1.56881 0.320635 0)
(1.57873 0.320967 0)
(1.5868 0.320381 0)
(1.59191 0.322399 0)
(1.59629 0.325497 0)
(1.6022 0.32726 0)
(1.6086 0.328757 0)
(1.61271 0.329124 0)
(1.61703 0.330373 0)
(1.62516 0.332071 0)
(1.63492 0.334316 0)
(1.64368 0.337013 0)
(1.6505 0.339568 0)
(1.65664 0.342753 0)
(1.6616 0.346743 0)
(1.66303 0.345558 0)
(1.66762 0.344376 0)
(1.66512 0.334397 0)
(1.63792 0.28285 0)
(1.56635 0.164065 0)
(1.47181 0.0230238 0)
(1.39692 -0.0810654 0)
(1.39381 -0.100621 0)
(1.40553 -0.0953616 0)
(1.41629 -0.0879885 0)
(1.42658 -0.0739852 0)
(1.43568 -0.0693692 0)
(1.44221 -0.0741118 0)
(1.44979 -0.0765348 0)
(1.45595 -0.0767641 0)
(1.46179 -0.0724805 0)
(1.47132 -0.0634907 0)
(1.48476 -0.0588351 0)
(1.49482 -0.0594556 0)
(1.55804 -0.127211 0)
(1.57071 -0.130123 0)
(1.58222 -0.134863 0)
(1.59407 -0.139377 0)
(1.60687 -0.141922 0)
(1.6226 -0.143756 0)
(1.64312 -0.146084 0)
(1.66357 -0.14975 0)
(1.6815 -0.154235 0)
(1.69359 -0.158161 0)
(1.69546 -0.161395 0)
(1.69992 -0.162355 0)
(1.71581 -0.163264 0)
(1.73261 -0.16186 0)
(1.74879 -0.159683 0)
(1.76502 -0.159058 0)
(1.77952 -0.161148 0)
(1.79125 -0.163985 0)
(1.79525 -0.169645 0)
(1.79708 -0.177081 0)
(1.80981 -0.173347 0)
(1.82111 -0.168591 0)
(1.82488 -0.15337 0)
(1.80515 -0.102971 0)
(1.75362 0.00415563 0)
(1.66714 0.165719 0)
(1.60187 0.274522 0)
(1.58367 0.298615 0)
(1.58298 0.31469 0)
(1.58546 0.327816 0)
(1.588 0.333462 0)
(1.59152 0.337936 0)
(1.59484 0.339867 0)
(1.59718 0.341865 0)
(1.60043 0.343948 0)
(1.60546 0.346418 0)
(1.61437 0.348318 0)
(1.62411 0.349261 0)
(1.63467 0.351604 0)
(1.64295 0.353873 0)
(1.64712 0.355471 0)
(1.64987 0.354252 0)
(1.65421 0.356629 0)
(1.65917 0.358084 0)
(1.65833 0.349081 0)
(1.64632 0.31788 0)
(1.59841 0.230335 0)
(1.52412 0.103322 0)
(1.44318 -0.0130073 0)
(1.40087 -0.0768877 0)
(1.38971 -0.0721632 0)
(1.39813 -0.071797 0)
(1.41482 -0.0730985 0)
(1.43017 -0.0727155 0)
(1.44034 -0.0677949 0)
(1.44514 -0.0634673 0)
(1.44715 -0.0631305 0)
(1.45369 -0.063101 0)
(1.46004 -0.0628714 0)
(1.46669 -0.0597126 0)
(1.47656 -0.0554469 0)
(1.48483 -0.0545746 0)
(1.49485 -0.0544741 0)
(1.55658 -0.108291 0)
(1.57103 -0.110197 0)
(1.58607 -0.111756 0)
(1.60016 -0.115722 0)
(1.61359 -0.120048 0)
(1.62739 -0.121227 0)
(1.64259 -0.122506 0)
(1.65857 -0.127743 0)
(1.6725 -0.13295 0)
(1.68342 -0.134523 0)
(1.69486 -0.136707 0)
(1.70733 -0.135302 0)
(1.71963 -0.132343 0)
(1.73185 -0.132715 0)
(1.74336 -0.135365 0)
(1.7559 -0.136621 0)
(1.76726 -0.137366 0)
(1.7748 -0.139308 0)
(1.78392 -0.145923 0)
(1.79606 -0.151142 0)
(1.8107 -0.148465 0)
(1.8243 -0.143858 0)
(1.83435 -0.141032 0)
(1.83895 -0.13671 0)
(1.83171 -0.114618 0)
(1.79649 -0.0337167 0)
(1.74781 0.0766683 0)
(1.63899 0.24019 0)
(1.60705 0.315041 0)
(1.60106 0.347569 0)
(1.59768 0.355099 0)
(1.59864 0.351131 0)
(1.60299 0.348579 0)
(1.60627 0.354305 0)
(1.60624 0.359017 0)
(1.61102 0.364296 0)
(1.61727 0.365554 0)
(1.62525 0.366228 0)
(1.63449 0.370403 0)
(1.6408 0.374646 0)
(1.64972 0.372823 0)
(1.65186 0.370094 0)
(1.65235 0.360042 0)
(1.64235 0.334263 0)
(1.60686 0.262969 0)
(1.55246 0.147868 0)
(1.47934 0.0265066 0)
(1.42904 -0.0404145 0)
(1.40012 -0.0829541 0)
(1.394 -0.0861314 0)
(1.39891 -0.0745114 0)
(1.41124 -0.0556145 0)
(1.42588 -0.0516598 0)
(1.44497 -0.0564001 0)
(1.45497 -0.0601387 0)
(1.4584 -0.0605066 0)
(1.45922 -0.0574051 0)
(1.46175 -0.0532989 0)
(1.4671 -0.0513288 0)
(1.47229 -0.0495725 0)
(1.47899 -0.0492352 0)
(1.48521 -0.0496999 0)
(1.49471 -0.0490999 0)
(1.56071 -0.0877111 0)
(1.57084 -0.0889541 0)
(1.57967 -0.0903638 0)
(1.5926 -0.0928563 0)
(1.61063 -0.0953835 0)
(1.63052 -0.0967703 0)
(1.64821 -0.099205 0)
(1.66095 -0.103702 0)
(1.67196 -0.107561 0)
(1.68599 -0.107605 0)
(1.69999 -0.105812 0)
(1.71489 -0.104706 0)
(1.72955 -0.106837 0)
(1.74209 -0.108358 0)
(1.75052 -0.107664 0)
(1.75586 -0.109459 0)
(1.75915 -0.113783 0)
(1.76381 -0.116454 0)
(1.78112 -0.119232 0)
(1.79894 -0.119724 0)
(1.81488 -0.116431 0)
(1.83176 -0.115787 0)
(1.84378 -0.116026 0)
(1.85298 -0.115408 0)
(1.84822 -0.118538 0)
(1.85303 -0.0986545 0)
(1.84216 -0.0644986 0)
(1.78233 0.0404772 0)
(1.72605 0.163306 0)
(1.65405 0.296703 0)
(1.62504 0.371053 0)
(1.60237 0.378804 0)
(1.60392 0.376189 0)
(1.6037 0.376285 0)
(1.60968 0.376317 0)
(1.62068 0.379469 0)
(1.63103 0.384037 0)
(1.63412 0.384238 0)
(1.63695 0.385248 0)
(1.64052 0.385814 0)
(1.64492 0.379086 0)
(1.6387 0.355427 0)
(1.61012 0.286828 0)
(1.56529 0.180388 0)
(1.51125 0.0684915 0)
(1.48519 0.00933685 0)
(1.44253 -0.035178 0)
(1.41503 -0.0529692 0)
(1.409 -0.0615492 0)
(1.40946 -0.0645489 0)
(1.41627 -0.0545018 0)
(1.42791 -0.0439532 0)
(1.44022 -0.0414884 0)
(1.45307 -0.0440038 0)
(1.46319 -0.0484898 0)
(1.46876 -0.0523117 0)
(1.47182 -0.0513574 0)
(1.47375 -0.0463181 0)
(1.47387 -0.0421272 0)
(1.47703 -0.0415691 0)
(1.48222 -0.0423943 0)
(1.48705 -0.0431726 0)
(1.49569 -0.041615 0)
(1.55026 -0.0677797 0)
(1.56651 -0.0683007 0)
(1.58262 -0.0704823 0)
(1.59765 -0.0717533 0)
(1.61155 -0.0725321 0)
(1.62511 -0.0750526 0)
(1.63927 -0.0778755 0)
(1.65361 -0.0805337 0)
(1.66693 -0.0815976 0)
(1.67989 -0.0809167 0)
(1.69378 -0.081482 0)
(1.70754 -0.0816133 0)
(1.71997 -0.0835026 0)
(1.73051 -0.0841542 0)
(1.73982 -0.0836172 0)
(1.74776 -0.0864638 0)
(1.7558 -0.0923329 0)
(1.7683 -0.0922688 0)
(1.78167 -0.0893353 0)
(1.79597 -0.0887792 0)
(1.81057 -0.0886125 0)
(1.8241 -0.0901217 0)
(1.83441 -0.0902978 0)
(1.84043 -0.0896671 0)
(1.84301 -0.0941037 0)
(1.84424 -0.0897333 0)
(1.86094 -0.0828446 0)
(1.85907 -0.0631291 0)
(1.84097 -0.00200682 0)
(1.75809 0.147156 0)
(1.72967 0.249561 0)
(1.67032 0.337509 0)
(1.61785 0.385155 0)
(1.59927 0.404189 0)
(1.60784 0.405894 0)
(1.62043 0.408105 0)
(1.63282 0.408706 0)
(1.63849 0.405882 0)
(1.6395 0.397642 0)
(1.63351 0.374668 0)
(1.61425 0.318668 0)
(1.56501 0.204243 0)
(1.52432 0.0896459 0)
(1.49165 0.0102329 0)
(1.45789 -0.049568 0)
(1.44004 -0.0573987 0)
(1.42823 -0.0545155 0)
(1.41862 -0.0508072 0)
(1.4179 -0.0476455 0)
(1.42171 -0.0439977 0)
(1.43197 -0.0393341 0)
(1.44424 -0.0361144 0)
(1.4528 -0.0358679 0)
(1.46105 -0.0360771 0)
(1.46964 -0.0379407 0)
(1.47616 -0.0390275 0)
(1.48069 -0.0387658 0)
(1.4838 -0.0380188 0)
(1.48373 -0.035957 0)
(1.48351 -0.0349719 0)
(1.48767 -0.0355033 0)
(1.49128 -0.0354156 0)
(1.49868 -0.0331107 0)
(1.54364 -0.0476785 0)
(1.55896 -0.0486282 0)
(1.57328 -0.049756 0)
(1.58802 -0.0507539 0)
(1.60372 -0.0522457 0)
(1.62012 -0.0542051 0)
(1.63662 -0.0561613 0)
(1.65289 -0.0579265 0)
(1.66843 -0.0587861 0)
(1.68242 -0.0583366 0)
(1.69432 -0.057328 0)
(1.70551 -0.0561475 0)
(1.71709 -0.0568348 0)
(1.72863 -0.0585278 0)
(1.73812 -0.0612396 0)
(1.74336 -0.0655401 0)
(1.75505 -0.0667928 0)
(1.7742 -0.064627 0)
(1.79211 -0.0637423 0)
(1.80892 -0.0639276 0)
(1.82145 -0.0620707 0)
(1.82918 -0.0620559 0)
(1.83405 -0.0628197 0)
(1.83824 -0.0618626 0)
(1.84255 -0.0662005 0)
(1.84838 -0.063277 0)
(1.85851 -0.0632066 0)
(1.87296 -0.0623583 0)
(1.88468 -0.0567807 0)
(1.87407 -0.0221456 0)
(1.84194 0.0696814 0)
(1.74795 0.236086 0)
(1.70007 0.310371 0)
(1.65912 0.361927 0)
(1.64059 0.409818 0)
(1.63391 0.426249 0)
(1.63369 0.423434 0)
(1.62788 0.401922 0)
(1.61174 0.350588 0)
(1.58171 0.255705 0)
(1.55161 0.151005 0)
(1.51054 0.0596192 0)
(1.48063 0.00119573 0)
(1.45897 -0.0238416 0)
(1.45096 -0.033056 0)
(1.43613 -0.0341801 0)
(1.43322 -0.0338241 0)
(1.42612 -0.0361481 0)
(1.42052 -0.0344218 0)
(1.42136 -0.0282888 0)
(1.42714 -0.0221619 0)
(1.43964 -0.0238064 0)
(1.45003 -0.0265003 0)
(1.45876 -0.025625 0)
(1.46678 -0.0247185 0)
(1.47505 -0.0246594 0)
(1.48247 -0.0261587 0)
(1.4874 -0.0279925 0)
(1.48901 -0.02791 0)
(1.48708 -0.0257296 0)
(1.48972 -0.0250448 0)
(1.49301 -0.0246826 0)
(1.49892 -0.02267 0)
(1.53856 -0.0277725 0)
(1.55436 -0.0280807 0)
(1.56953 -0.0286956 0)
(1.58478 -0.0299514 0)
(1.6006 -0.031643 0)
(1.61698 -0.0330408 0)
(1.63353 -0.0339343 0)
(1.64962 -0.0347815 0)
(1.66499 -0.0354526 0)
(1.67973 -0.0351257 0)
(1.69431 -0.0344234 0)
(1.7087 -0.0329129 0)
(1.72172 -0.0315936 0)
(1.73022 -0.0335204 0)
(1.7348 -0.038564 0)
(1.74318 -0.0416579 0)
(1.75724 -0.0400416 0)
(1.77193 -0.0380597 0)
(1.78708 -0.0380962 0)
(1.80072 -0.0380681 0)
(1.81297 -0.0359255 0)
(1.82531 -0.036004 0)
(1.83652 -0.0373589 0)
(1.84375 -0.0367659 0)
(1.84686 -0.0401882 0)
(1.85232 -0.0393757 0)
(1.86284 -0.0379518 0)
(1.87624 -0.0407951 0)
(1.88881 -0.0397855 0)
(1.8991 -0.0346671 0)
(1.89649 -0.0159918 0)
(1.87506 0.0422619 0)
(1.83089 0.142512 0)
(1.72668 0.315109 0)
(1.69591 0.380542 0)
(1.66419 0.402833 0)
(1.61246 0.352112 0)
(1.55288 0.250702 0)
(1.51263 0.132944 0)
(1.45424 0.021992 0)
(1.42912 -0.030402 0)
(1.41825 -0.058339 0)
(1.41578 -0.0451009 0)
(1.42881 -0.0394209 0)
(1.43806 -0.0313095 0)
(1.43277 -0.0158502 0)
(1.42772 -0.0148654 0)
(1.42715 -0.0192998 0)
(1.42572 -0.0206049 0)
(1.4269 -0.0172913 0)
(1.42926 -0.0107804 0)
(1.4378 -0.0115015 0)
(1.44993 -0.0146023 0)
(1.46074 -0.0157036 0)
(1.46988 -0.0151194 0)
(1.47809 -0.0148367 0)
(1.48486 -0.0150308 0)
(1.4892 -0.0151477 0)
(1.49096 -0.01543 0)
(1.49063 -0.0157786 0)
(1.49341 -0.0155749 0)
(1.49715 -0.015282 0)
(1.50314 -0.0136138 0)
(1.54072 -0.00868558 0)
(1.55642 -0.00885403 0)
(1.57156 -0.00923622 0)
(1.58707 -0.00989462 0)
(1.60347 -0.0105597 0)
(1.62057 -0.010962 0)
(1.63797 -0.0112952 0)
(1.65503 -0.0118634 0)
(1.67129 -0.0125153 0)
(1.6868 -0.0126919 0)
(1.70118 -0.0120686 0)
(1.71267 -0.0108425 0)
(1.71986 -0.0110488 0)
(1.72518 -0.0126314 0)
(1.7347 -0.0138909 0)
(1.74893 -0.0140165 0)
(1.76407 -0.0132124 0)
(1.77906 -0.0127289 0)
(1.79286 -0.0125106 0)
(1.8059 -0.0125712 0)
(1.81866 -0.0121965 0)
(1.83111 -0.0123319 0)
(1.84062 -0.0128459 0)
(1.84615 -0.0122064 0)
(1.85033 -0.0138461 0)
(1.85617 -0.0132628 0)
(1.86682 -0.0116866 0)
(1.88089 -0.0139272 0)
(1.89372 -0.0134109 0)
(1.90673 -0.0134829 0)
(1.91343 -0.0188499 0)
(1.91883 -0.0107643 0)
(1.90405 0.0113201 0)
(1.83542 0.0696388 0)
(1.7284 0.148132 0)
(1.61811 0.195093 0)
(1.56025 0.21398 0)
(1.50928 0.195767 0)
(1.46231 0.155832 0)
(1.41016 0.103956 0)
(1.39753 0.0452435 0)
(1.40367 0.00960375 0)
(1.42346 -0.00938769 0)
(1.43534 -0.0177452 0)
(1.43577 -0.0140301 0)
(1.42868 -0.0127431 0)
(1.41961 -0.0100722 0)
(1.41977 -0.0107 0)
(1.41979 -0.0113118 0)
(1.42129 -0.0103077 0)
(1.42449 -0.00747661 0)
(1.43241 -0.0061956 0)
(1.44425 -0.00667274 0)
(1.45596 -0.00703856 0)
(1.4659 -0.00702101 0)
(1.47401 -0.00676783 0)
(1.48016 -0.00615388 0)
(1.48474 -0.00560826 0)
(1.48793 -0.00613817 0)
(1.48763 -0.0070987 0)
(1.48904 -0.00764897 0)
(1.49244 -0.00768023 0)
(1.49793 -0.00705897 0)
)
;

boundaryField
{
    inlet
    {
        type            fixedValue;
        value           nonuniform 0();
    }
    outlet
    {
        type            inletOutlet;
        inletValue      uniform (1.5 0 0);
        value           nonuniform List<vector> 
16
(
(1.52748 -0.0315077 0)
(1.51228 -0.0755554 0)
(1.49585 -0.104019 0)
(1.49123 -0.0923426 0)
(1.48743 -0.0905519 0)
(1.48895 -0.0857733 0)
(1.49297 -0.0781816 0)
(1.4957 -0.0674623 0)
(1.49482 -0.0594556 0)
(1.49485 -0.0544741 0)
(1.49471 -0.0490999 0)
(1.49569 -0.041615 0)
(1.49868 -0.0331107 0)
(1.49892 -0.02267 0)
(1.50314 -0.0136138 0)
(1.49793 -0.00705897 0)
)
;
    }
    bottom
    {
        type            symmetryPlane;
    }
    top
    {
        type            symmetryPlane;
    }
    obstacle
    {
        type            slip;
    }
    defaultFaces
    {
        type            empty;
    }
    procBoundary3to1
    {
        type            processor;
        value           nonuniform List<vector> 
63
(
(1.61965 -0.398264 0)
(1.62256 -0.403825 0)
(1.633 -0.412245 0)
(1.64505 -0.413603 0)
(1.64614 -0.396174 0)
(1.62826 -0.339159 0)
(1.58169 -0.228162 0)
(1.53909 -0.110765 0)
(1.46666 0.0282806 0)
(1.45507 0.085479 0)
(1.46081 0.103114 0)
(1.45604 0.108974 0)
(1.45271 0.111977 0)
(1.44994 0.12341 0)
(1.44857 0.137059 0)
(1.44675 0.149345 0)
(1.45019 0.155334 0)
(1.45859 0.156839 0)
(1.4688 0.152901 0)
(1.47906 0.146865 0)
(1.48889 0.146828 0)
(1.49397 0.153374 0)
(1.49614 0.163323 0)
(1.5019 0.170584 0)
(1.51044 0.174426 0)
(1.51915 0.176455 0)
(1.52734 0.17624 0)
(1.53446 0.175073 0)
(1.53871 0.17496 0)
(1.54242 0.176529 0)
(1.54875 0.179085 0)
(1.55673 0.181772 0)
(1.56468 0.184773 0)
(1.57274 0.188251 0)
(1.58134 0.191719 0)
(1.59017 0.194825 0)
(1.59843 0.197193 0)
(1.60553 0.198794 0)
(1.61069 0.200207 0)
(1.61293 0.202086 0)
(1.61519 0.203762 0)
(1.62141 0.205073 0)
(1.62956 0.207198 0)
(1.63777 0.210352 0)
(1.64576 0.214371 0)
(1.65414 0.219564 0)
(1.6622 0.225359 0)
(1.6697 0.229716 0)
(1.67625 0.230687 0)
(1.67682 0.229059 0)
(1.67166 0.224902 0)
(1.66925 0.219994 0)
(1.67385 0.217382 0)
(1.67993 0.217159 0)
(1.68769 0.218285 0)
(1.6952 0.219158 0)
(1.69783 0.221862 0)
(1.69848 0.222842 0)
(1.69177 0.217892 0)
(1.67271 0.200907 0)
(1.63663 0.161901 0)
(1.59494 0.114894 0)
(1.56342 0.0528575 0)
)
;
    }
    procBoundary3to2
    {
        type            processor;
        value           nonuniform List<vector> 
16
(
(1.60089 -0.351125 0)
(1.58779 -0.318133 0)
(1.5753 -0.290895 0)
(1.5717 -0.271882 0)
(1.56342 -0.245512 0)
(1.55565 -0.217675 0)
(1.55232 -0.195011 0)
(1.54914 -0.172483 0)
(1.54643 -0.149102 0)
(1.54333 -0.125016 0)
(1.5424 -0.105246 0)
(1.5461 -0.0855756 0)
(1.53451 -0.0677824 0)
(1.52645 -0.0470389 0)
(1.52147 -0.0275155 0)
(1.52367 -0.00855559 0)
)
;
    }
}


// ************************************************************************* //
