/*--------------------------------*- C++ -*----------------------------------*\
  =========                 |
  \\      /  F ield         | OpenFOAM: The Open Source CFD Toolbox
   \\    /   O peration     | Website:  https://openfoam.org
    \\  /    A nd           | Version:  7
     \\/     M anipulation  |
\*---------------------------------------------------------------------------*/
FoamFile
{
    version     2.0;
    format      ascii;
    class       volScalarField;
    location    "2.1";
    object      T;
}
// * * * * * * * * * * * * * * * * * * * * * * * * * * * * * * * * * * * * * //

dimensions      [0 0 0 1 0 0 0];

internalField   nonuniform List<scalar> 
4032
(
1
1
1
1
1.09936
1.35061
1.38959
1.39347
1.39807
1.40124
1.40337
1.40529
1.40745
1.41026
1.414
1.41836
1.42257
1.42538
1.42657
1.42728
1.42875
1.43174
1.43588
1.4398
1.44248
1.44398
1.44528
1.44738
1.4506
1.45461
1.45875
1.46244
1.4653
1.46757
1.46996
1.47282
1.47608
1.47933
1.48196
1.48348
1.48408
1.4848
1.48676
1.49201
1.50167
1.5149
1.52748
1.53338
1
1
1
1
1.0972
1.34909
1.38936
1.39381
1.39816
1.40125
1.40317
1.40503
1.40725
1.41017
1.41398
1.41833
1.42245
1.4252
1.42639
1.42712
1.42863
1.43163
1.43575
1.43963
1.44227
1.44376
1.44509
1.44721
1.45046
1.45448
1.4586
1.46224
1.46507
1.46731
1.46968
1.47253
1.47576
1.479
1.48162
1.48314
1.48375
1.48445
1.4864
1.4916
1.50123
1.51449
1.52706
1.53297
1
1
1
1
1.09292
1.34646
1.38903
1.39387
1.39817
1.40125
1.40294
1.40468
1.40694
1.41002
1.41395
1.41827
1.42223
1.42486
1.42603
1.42681
1.42839
1.43142
1.43551
1.43931
1.4419
1.44337
1.44471
1.44688
1.45018
1.45422
1.45832
1.4619
1.46466
1.46686
1.46918
1.472
1.47523
1.47847
1.4811
1.48262
1.48324
1.48394
1.4859
1.49106
1.50066
1.51398
1.52652
1.53242
1
1
1
1
1.08674
1.34253
1.38847
1.39375
1.39817
1.40123
1.4027
1.40433
1.40667
1.40993
1.41396
1.41818
1.42188
1.42431
1.42546
1.42632
1.42804
1.43112
1.43515
1.43883
1.4413
1.44276
1.44415
1.4464
1.44975
1.4538
1.45785
1.46135
1.46404
1.46617
1.46843
1.47119
1.4744
1.47764
1.48028
1.48181
1.48244
1.48312
1.48507
1.49019
1.49975
1.51313
1.52565
1.53156
1
1
1
1
1.07839
1.337
1.38812
1.39361
1.39806
1.40099
1.40233
1.40395
1.40645
1.40992
1.41402
1.41805
1.42139
1.42356
1.42468
1.42568
1.42757
1.4307
1.43465
1.43818
1.44053
1.44196
1.44341
1.44574
1.44915
1.4532
1.45718
1.4606
1.4632
1.46526
1.46744
1.47012
1.47327
1.4765
1.47914
1.48069
1.48131
1.48197
1.48391
1.48896
1.49847
1.51191
1.52445
1.53038
1
1
1
1
1.0679
1.32962
1.38802
1.39363
1.39789
1.40047
1.40171
1.40345
1.4062
1.40993
1.41408
1.41787
1.42079
1.42266
1.42376
1.4249
1.42696
1.43014
1.434
1.4374
1.43962
1.44101
1.4425
1.44489
1.44833
1.45238
1.4563
1.45963
1.46214
1.46411
1.46619
1.46877
1.47184
1.47504
1.4777
1.47925
1.47986
1.48048
1.4824
1.48737
1.49678
1.51024
1.52276
1.5287
1
1
1
1
1.05557
1.32029
1.38804
1.39379
1.39765
1.39978
1.40095
1.40284
1.40589
1.40991
1.41409
1.41758
1.42007
1.42166
1.42273
1.42401
1.4262
1.42941
1.43319
1.4365
1.43864
1.43998
1.44146
1.44384
1.44726
1.4513
1.45519
1.45844
1.46087
1.46273
1.46469
1.46714
1.47012
1.47327
1.47591
1.47744
1.47801
1.47856
1.48043
1.48531
1.4946
1.50805
1.52055
1.52648
1
1
1
1
1.04183
1.30881
1.38827
1.39418
1.39732
1.39895
1.40006
1.40211
1.40548
1.4098
1.41399
1.41715
1.41922
1.42059
1.42165
1.42305
1.42531
1.4285
1.4322
1.43547
1.43758
1.43889
1.44031
1.4426
1.44595
1.44994
1.45381
1.45703
1.45937
1.4611
1.46293
1.46524
1.4681
1.47117
1.47376
1.47526
1.47577
1.47624
1.47807
1.48281
1.49192
1.50524
1.51764
1.52349
1
1
1
1
1.02746
1.29499
1.38874
1.39474
1.3968
1.39803
1.3991
1.4013
1.405
1.40958
1.4137
1.41651
1.41822
1.41944
1.42056
1.42207
1.42435
1.42745
1.43101
1.43425
1.43639
1.43771
1.4391
1.44126
1.44443
1.44831
1.45214
1.45534
1.45763
1.45925
1.46091
1.46306
1.46577
1.46873
1.47123
1.47265
1.47308
1.47341
1.47511
1.47962
1.4885
1.50167
1.51398
1.51978
1
1
1
1
1.01357
1.27879
1.38943
1.39518
1.39617
1.39702
1.39809
1.40049
1.40452
1.40925
1.41317
1.41557
1.41699
1.4182
1.4195
1.42118
1.42343
1.42629
1.42958
1.43272
1.43496
1.43642
1.43789
1.4399
1.4428
1.44644
1.45017
1.45337
1.45564
1.45715
1.45866
1.4606
1.46311
1.4659
1.46828
1.46958
1.46992
1.47017
1.47172
1.47588
1.48441
1.49718
1.50927
1.5149
1
1
1
1
1.00253
1.26069
1.39026
1.39523
1.39541
1.39593
1.39709
1.39984
1.40416
1.40881
1.41232
1.41427
1.41551
1.41687
1.41851
1.42043
1.42258
1.42502
1.42785
1.4308
1.43322
1.43502
1.43668
1.43856
1.4411
1.44439
1.44792
1.45107
1.45336
1.45481
1.45615
1.45786
1.46011
1.46266
1.46486
1.46601
1.46621
1.46636
1.46758
1.47107
1.47905
1.49142
1.50341
1.50909
1
1
1
1
1.00003
1.2404
1.39
1.39464
1.39441
1.39479
1.39625
1.39945
1.40389
1.40815
1.41106
1.4126
1.41381
1.41548
1.41761
1.4198
1.42176
1.42359
1.4258
1.42849
1.43118
1.43351
1.43546
1.43722
1.43936
1.44221
1.44544
1.4485
1.45077
1.45219
1.45337
1.45482
1.45675
1.45897
1.46092
1.46193
1.46194
1.46196
1.46277
1.46567
1.47293
1.48448
1.4959
1.50104
1
1
1
1
1
1.2175
1.38778
1.39343
1.39299
1.39359
1.39563
1.39931
1.40357
1.4072
1.40941
1.41063
1.41195
1.4141
1.4168
1.41921
1.42081
1.42191
1.42344
1.42589
1.42896
1.4319
1.43414
1.43578
1.43755
1.43994
1.44282
1.44569
1.44788
1.44925
1.45028
1.45147
1.45303
1.45484
1.45649
1.4573
1.45716
1.45689
1.45695
1.45881
1.46454
1.47496
1.48575
1.49118
1
1
1
1
1
1.19254
1.38347
1.39147
1.39109
1.39243
1.39533
1.39925
1.40305
1.40589
1.40742
1.40848
1.41007
1.41281
1.41605
1.41852
1.41954
1.41989
1.42084
1.42323
1.42678
1.43021
1.43263
1.43414
1.43558
1.43758
1.4401
1.4427
1.44472
1.44599
1.44686
1.44778
1.44895
1.4503
1.45159
1.45207
1.45177
1.45089
1.44994
1.45093
1.45528
1.46435
1.47303
1.47486
1
1
1
1
1
1.16601
1.37652
1.38828
1.38919
1.39189
1.39541
1.39911
1.40215
1.40411
1.40517
1.40631
1.4084
1.41174
1.41528
1.41747
1.41772
1.41756
1.41827
1.42082
1.42479
1.42845
1.43087
1.4322
1.4334
1.43509
1.4373
1.43958
1.44134
1.44247
1.44315
1.44373
1.44449
1.4454
1.44619
1.44631
1.44568
1.44405
1.442
1.44137
1.4429
1.44735
1.45242
1.45299
1
1
1
1
1
1.13663
1.36538
1.38459
1.38788
1.39191
1.39552
1.39861
1.40065
1.40185
1.40281
1.40435
1.40708
1.41082
1.41424
1.41583
1.41554
1.41509
1.41591
1.41878
1.42301
1.42663
1.42883
1.42993
1.43096
1.43243
1.43438
1.43635
1.4378
1.43877
1.4392
1.43933
1.43962
1.44004
1.44038
1.44005
1.4389
1.43639
1.43289
1.42943
1.42767
1.42879
1.43328
1.44111
1
1
1
1
1
1.1041
1.34896
1.38193
1.38739
1.39219
1.39549
1.39745
1.39845
1.39927
1.40053
1.40278
1.40607
1.4098
1.41269
1.41359
1.41308
1.41277
1.41391
1.41709
1.42136
1.42471
1.42656
1.42742
1.4283
1.42958
1.4313
1.433
1.43415
1.43493
1.435
1.43464
1.43431
1.43427
1.43414
1.43337
1.43149
1.42808
1.4231
1.41706
1.41058
1.40189
1.378
1.3229
1
1
1
1
1
1.06947
1.32699
1.38096
1.38777
1.3924
1.39482
1.39536
1.39579
1.39672
1.39865
1.40162
1.40508
1.40832
1.41047
1.411
1.41066
1.41082
1.41239
1.41563
1.41965
1.42263
1.42409
1.42474
1.42545
1.4265
1.42795
1.42944
1.43039
1.43094
1.43064
1.42968
1.42874
1.42819
1.42753
1.42625
1.42366
1.41925
1.41267
1.40355
1.39139
1.37079
1.33937
1.24749
1
1
1
1
1
1.03434
1.29897
1.38205
1.38832
1.39136
1.39273
1.39273
1.39324
1.39472
1.39739
1.40065
1.4037
1.40612
1.40768
1.40835
1.40863
1.4094
1.41122
1.41416
1.41766
1.42025
1.42142
1.42191
1.42244
1.42322
1.42439
1.42569
1.42654
1.42683
1.42606
1.42454
1.423
1.42192
1.42072
1.41886
1.41559
1.41011
1.40193
1.39002
1.37355
1.34692
1.30458
1.20482
1
1
1
1
1
1.00573
1.2654
1.38423
1.3881
1.38869
1.38952
1.39015
1.39143
1.39359
1.39655
1.39944
1.40166
1.40328
1.4047
1.406
1.40714
1.40845
1.41018
1.41252
1.41531
1.41754
1.4186
1.41898
1.4193
1.41981
1.42068
1.42183
1.42261
1.42252
1.42135
1.41926
1.41718
1.41557
1.41382
1.41138
1.40745
1.40101
1.39135
1.37742
1.35746
1.3283
1.27893
1.19293
1
1
1
1
1
1.00016
1.22685
1.38388
1.38602
1.38548
1.38657
1.38835
1.39056
1.39308
1.39572
1.39774
1.39903
1.40021
1.40194
1.40412
1.4061
1.40772
1.4091
1.41063
1.4126
1.4145
1.41563
1.41597
1.4161
1.41635
1.41688
1.41786
1.41852
1.41812
1.41651
1.41394
1.41138
1.40922
1.40693
1.40391
1.39937
1.39221
1.38138
1.3661
1.34435
1.31409
1.26503
1.1978
1
1
1
1
1
1
1.18484
1.37708
1.38256
1.38253
1.38462
1.38757
1.39028
1.39265
1.39453
1.39557
1.39626
1.39743
1.39972
1.40267
1.40521
1.40686
1.40771
1.40842
1.40962
1.41124
1.41256
1.41299
1.41297
1.41294
1.41309
1.4138
1.41425
1.41363
1.41165
1.4087
1.40573
1.403
1.40012
1.39653
1.39146
1.38383
1.37235
1.35629
1.33407
1.30436
1.25916
1.20453
1
1
1
1
1
1
1.14003
1.36117
1.3781
1.38093
1.38437
1.38756
1.38989
1.39156
1.3926
1.39315
1.39387
1.39537
1.39814
1.40148
1.40413
1.40554
1.40578
1.40592
1.40651
1.40791
1.40948
1.41006
1.40999
1.4097
1.40938
1.40966
1.40975
1.40894
1.40679
1.40366
1.40032
1.39702
1.39349
1.38931
1.38378
1.37586
1.36422
1.34798
1.32609
1.29796
1.25725
1.21192
1
1
1
1
1
1
1.09369
1.33734
1.37525
1.38121
1.38463
1.38711
1.38865
1.38955
1.39018
1.39094
1.39226
1.39416
1.39696
1.40011
1.40242
1.40341
1.4033
1.40321
1.40347
1.40464
1.4064
1.4072
1.40718
1.40668
1.40579
1.40536
1.405
1.40404
1.40201
1.39892
1.39528
1.39139
1.38719
1.38238
1.3764
1.36827
1.3568
1.34096
1.31984
1.29368
1.25781
1.21931
1
1
1
1
1
1
1.04805
1.30674
1.37512
1.38183
1.384
1.38552
1.38611
1.38678
1.38776
1.38934
1.39145
1.39349
1.39582
1.39822
1.39994
1.4006
1.40046
1.40044
1.40057
1.40155
1.4033
1.40436
1.40446
1.40373
1.40224
1.40092
1.40001
1.39903
1.39731
1.39444
1.3906
1.38619
1.38135
1.37587
1.36939
1.36105
1.34988
1.33484
1.31487
1.2908
1.25927
1.22601
1
1
1
1
1
1
1.00994
1.26884
1.37677
1.38203
1.38195
1.38248
1.38276
1.38388
1.38583
1.38845
1.39106
1.39276
1.39417
1.39554
1.3967
1.39735
1.39752
1.39775
1.39791
1.39871
1.40021
1.40143
1.40165
1.40071
1.39862
1.39641
1.39499
1.39404
1.39267
1.39013
1.38625
1.38142
1.376
1.36991
1.3629
1.35428
1.34339
1.32933
1.31074
1.28879
1.26117
1.23192
1
1
1
1
1
1
1.00043
1.22099
1.37678
1.38
1.37902
1.37944
1.38021
1.38195
1.38482
1.38782
1.39029
1.39144
1.39188
1.39235
1.39319
1.39406
1.39474
1.3953
1.39548
1.39602
1.39711
1.39826
1.39851
1.39747
1.39493
1.39205
1.39017
1.38914
1.38802
1.38584
1.38209
1.37702
1.37115
1.36453
1.35703
1.3481
1.33738
1.32422
1.3071
1.28729
1.26304
1.23708
1
1
1
1
1
1
1
1.16518
1.36786
1.37626
1.3761
1.37737
1.37903
1.38145
1.38443
1.38686
1.38857
1.38908
1.3891
1.38932
1.39005
1.39118
1.39223
1.39295
1.39329
1.39343
1.39395
1.39478
1.3949
1.39389
1.39123
1.38812
1.3858
1.38446
1.38334
1.38142
1.37795
1.37289
1.36679
1.35976
1.35185
1.34262
1.33197
1.31951
1.30374
1.28597
1.26459
1.24148
1
1
1
1
1
1
1
1.10545
1.34326
1.37169
1.37449
1.37722
1.37931
1.38134
1.38359
1.38488
1.3857
1.38604
1.3864
1.38696
1.38761
1.38879
1.38987
1.39057
1.39098
1.39076
1.39064
1.39096
1.39096
1.38997
1.38766
1.38477
1.38208
1.38017
1.3787
1.37681
1.37365
1.36886
1.36277
1.35555
1.34735
1.33791
1.32725
1.31529
1.3006
1.28469
1.26571
1.24503
1
1
1
1
1
1
1
1.04921
1.3064
1.36845
1.37422
1.37755
1.37935
1.38047
1.38129
1.38179
1.38234
1.38313
1.38431
1.38529
1.38578
1.3866
1.38751
1.38807
1.3883
1.38791
1.38723
1.38696
1.38673
1.38594
1.38432
1.3819
1.37901
1.37639
1.37423
1.37209
1.36913
1.36475
1.35892
1.35174
1.3434
1.33392
1.32327
1.31169
1.29781
1.28346
1.2664
1.2477
1
1
1
1
1
1
1
1.00708
1.25898
1.36608
1.37498
1.37717
1.37805
1.37793
1.37786
1.37828
1.37932
1.38097
1.38296
1.38408
1.3843
1.38437
1.38485
1.38518
1.38528
1.38485
1.38385
1.38298
1.38256
1.3821
1.38116
1.37931
1.37644
1.37316
1.37016
1.36749
1.36454
1.3605
1.35504
1.3481
1.33983
1.33051
1.31997
1.30879
1.29565
1.2824
1.26672
1.24952
1
1
1
1
1
1
1
1.00031
1.20027
1.36255
1.37483
1.37489
1.37492
1.37474
1.37475
1.37548
1.37727
1.37953
1.38164
1.38264
1.38249
1.38193
1.38191
1.38196
1.38205
1.3817
1.38064
1.37948
1.37882
1.37859
1.37811
1.37671
1.37399
1.37032
1.36661
1.36331
1.3601
1.35616
1.351
1.34443
1.33646
1.32752
1.31725
1.30663
1.29426
1.28161
1.2668
1.25072
1
1
1
1
1
1
1
1
1.13396
1.34742
1.3724
1.37134
1.37151
1.3719
1.37269
1.374
1.37609
1.37812
1.37969
1.38027
1.3801
1.37944
1.37895
1.37871
1.37881
1.37854
1.37767
1.37654
1.37568
1.37545
1.37511
1.37386
1.3713
1.3676
1.36358
1.35972
1.35604
1.35185
1.34677
1.34057
1.33311
1.32476
1.31498
1.3051
1.29352
1.28107
1.26678
1.25151
1
1
1
1
1
1
1
1
1.06771
1.31561
1.3693
1.36789
1.36882
1.36998
1.3715
1.3732
1.37484
1.37614
1.37694
1.37725
1.37721
1.37691
1.3763
1.37586
1.37575
1.37545
1.37489
1.37404
1.37313
1.37267
1.37208
1.37065
1.36819
1.36478
1.36084
1.35668
1.35244
1.34772
1.34245
1.3365
1.32967
1.32216
1.31314
1.30406
1.29306
1.28058
1.26668
1.25212
1
1
1
1
1
1
1
1
1.01411
1.26822
1.36398
1.36692
1.36781
1.36893
1.37019
1.37156
1.37281
1.37356
1.37382
1.37412
1.37444
1.37448
1.37405
1.3735
1.37299
1.37252
1.37226
1.37179
1.37098
1.37014
1.36899
1.36716
1.36475
1.36175
1.35819
1.35403
1.34933
1.34393
1.33825
1.3324
1.32624
1.31978
1.31168
1.30318
1.29239
1.28
1.2666
1.25276
1
1
1
1
1
1
1
1
1.00079
1.20537
1.35642
1.36695
1.36692
1.36776
1.36833
1.36914
1.37017
1.37073
1.37097
1.37147
1.37199
1.37223
1.37192
1.37133
1.37048
1.3698
1.36969
1.36961
1.36895
1.36771
1.3659
1.36362
1.36115
1.35847
1.35539
1.35145
1.3465
1.34058
1.33455
1.32877
1.32317
1.31765
1.3103
1.30202
1.29128
1.27934
1.26664
1.25337
1
1
1
1
1
1
1
1
1.00001
1.1315
1.34006
1.36575
1.36525
1.36615
1.36637
1.36687
1.36794
1.36844
1.36879
1.36927
1.36972
1.37
1.36985
1.36927
1.36818
1.36724
1.36714
1.36723
1.36672
1.36527
1.36296
1.36027
1.35761
1.35502
1.35224
1.34856
1.34368
1.33778
1.33171
1.32604
1.32068
1.31558
1.30854
1.30026
1.28982
1.27862
1.2665
1.25367
1
1
1
1
1
1
1
1
1
1.05828
1.30475
1.36206
1.3633
1.36397
1.36447
1.36527
1.36645
1.36681
1.36696
1.36713
1.36739
1.36766
1.36775
1.36725
1.36611
1.36485
1.36446
1.36449
1.36412
1.36274
1.36027
1.3573
1.35433
1.35148
1.34862
1.34519
1.34081
1.33553
1.32981
1.32429
1.31868
1.31325
1.3061
1.29798
1.28804
1.27747
1.26583
1.25392
1
1
1
1
1
1
1
1
1
1.00844
1.2498
1.35743
1.3608
1.36153
1.3628
1.36398
1.36509
1.36531
1.36511
1.36489
1.36488
1.3652
1.36547
1.36522
1.36418
1.36269
1.36171
1.36141
1.36108
1.35999
1.35777
1.35475
1.3514
1.34799
1.34477
1.34156
1.33795
1.33372
1.32859
1.32319
1.31692
1.31059
1.30302
1.29506
1.28569
1.27566
1.26501
1.25448
1
1
1
1
1
1
1
1
1
1.00038
1.17692
1.34878
1.35808
1.35967
1.36118
1.36257
1.36367
1.36382
1.36327
1.36251
1.36231
1.36263
1.363
1.36302
1.36223
1.36062
1.359
1.35813
1.35773
1.357
1.35528
1.35244
1.34875
1.34474
1.34109
1.33801
1.33517
1.33209
1.32755
1.32209
1.31508
1.30767
1.2996
1.29172
1.28293
1.27389
1.26502
1.25647
1
1
1
1
1
1
1
1
1
1
1.09386
1.32094
1.35565
1.35774
1.35949
1.36066
1.3617
1.36205
1.36142
1.36028
1.35984
1.36011
1.36055
1.36075
1.36014
1.3585
1.35643
1.35492
1.35429
1.35381
1.35266
1.35015
1.34631
1.34193
1.33793
1.33482
1.3325
1.33022
1.32603
1.32034
1.31281
1.30486
1.29645
1.28864
1.28081
1.27418
1.26892
1.26642
1
1
1
1
1
1
1
1
1
1
1.02256
1.27145
1.35335
1.35605
1.35758
1.35885
1.35957
1.35981
1.35925
1.35815
1.35762
1.35783
1.35827
1.35841
1.35788
1.35627
1.35404
1.35205
1.35101
1.35061
1.34987
1.34774
1.34402
1.33962
1.33541
1.33207
1.32982
1.3276
1.32343
1.31752
1.31026
1.3025
1.29438
1.28755
1.28317
1.28384
1.29001
1.30032
1
1
1
1
1
1
1
1
1
1
1.00161
1.20087
1.34716
1.35393
1.35508
1.35672
1.35741
1.35755
1.35695
1.35601
1.35562
1.35575
1.35607
1.35602
1.35545
1.35391
1.35174
1.34957
1.34806
1.34749
1.34693
1.34516
1.34182
1.33767
1.33342
1.32964
1.32688
1.32411
1.31971
1.31425
1.30796
1.30131
1.29592
1.29545
1.30299
1.31695
1.33118
1.33988
1
1
1
1
1
1
1
1
1
1
1.00003
1.11414
1.32574
1.35069
1.35263
1.35457
1.35529
1.35541
1.35482
1.35393
1.35355
1.35354
1.35373
1.35356
1.35293
1.35148
1.34945
1.34735
1.3455
1.34456
1.34396
1.34242
1.33954
1.33575
1.33154
1.3273
1.3236
1.32043
1.31614
1.31162
1.30738
1.30667
1.31207
1.32634
1.34309
1.35544
1.36102
1.36057
1
1
1
1
1
1
1
1
1
1
1
1.034
1.27849
1.34788
1.35115
1.35243
1.35326
1.35326
1.35276
1.35178
1.35126
1.35116
1.35131
1.35116
1.35046
1.34905
1.34707
1.34516
1.34324
1.3419
1.3411
1.33957
1.33696
1.33341
1.32927
1.32483
1.3208
1.31753
1.31405
1.31328
1.31757
1.33213
1.35016
1.3652
1.37385
1.376
1.37167
1.3655
0.861014
0.534012
0.300517
0.402314
0.47347
0.568157
0.639117
0.719659
0.786357
0.782123
0.78135
0.785099
0.805075
0.855052
0.915781
0.961616
0.970384
0.961351
0.94419
0.943366
0.955676
0.978982
0.992132
0.988006
0.979353
0.978991
0.982764
0.995643
1.0115
1.02064
1.02057
1.01567
1.00847
1.00745
1.01227
1.02436
1.03078
1.03073
1.02897
1.02778
1.02982
1.03593
1.0419
1.05251
1.07949
1.13247
1.20309
1.2828
1.34409
1.38861
1.41079
1.4063
1.39926
1.39418
1.39911
1.4034
1.40244
1.39524
1.38746
1.38335
1.38029
1.37901
1.37789
1.37353
1.36995
1.3686
0.983335
0.815385
0.710824
0.652922
0.580078
0.579236
0.598127
0.62579
0.627667
0.6259
0.629054
0.644848
0.675406
0.720446
0.767257
0.80673
0.825833
0.842133
0.85856
0.877276
0.896188
0.916345
0.937428
0.950294
0.951175
0.953249
0.957157
0.964416
0.975207
0.986961
0.991909
0.991429
0.989413
0.989398
0.993035
1.00136
1.00901
1.01153
1.01071
1.00957
1.01121
1.01849
1.03561
1.06949
1.11081
1.15561
1.18218
1.20565
1.24363
1.28099
1.31413
1.33507
1.34704
1.35459
1.36575
1.37391
1.37528
1.37125
1.36817
1.36588
1.36346
1.36184
1.36132
1.35943
1.35706
1.35603
1.03662
0.917781
0.853222
0.792186
0.727304
0.65971
0.658617
0.652792
0.636948
0.61917
0.601389
0.607218
0.626144
0.649192
0.663503
0.677988
0.699288
0.725138
0.756778
0.79059
0.814475
0.832926
0.85313
0.879285
0.898428
0.910034
0.917052
0.9204
0.925782
0.934763
0.940632
0.945355
0.949288
0.952371
0.955361
0.959261
0.963294
0.96673
0.970845
0.978036
0.990574
1.01257
1.04571
1.0843
1.11921
1.12845
1.1335
1.13464
1.13948
1.15697
1.19375
1.2326
1.26836
1.292
1.31378
1.32457
1.33136
1.33027
1.32918
1.32662
1.32524
1.32405
1.32347
1.32327
1.32383
1.32431
1.08244
0.994892
0.92053
0.870264
0.818717
0.756017
0.724213
0.717575
0.70778
0.687717
0.661008
0.656912
0.655313
0.644488
0.641084
0.647309
0.655826
0.660562
0.669243
0.689465
0.722535
0.753558
0.778578
0.807083
0.833882
0.849505
0.862845
0.870654
0.877836
0.887166
0.894991
0.904948
0.914353
0.916834
0.918837
0.919772
0.920595
0.92521
0.938024
0.958304
0.987601
1.02631
1.06044
1.07739
1.08944
1.0985
1.10443
1.10241
1.09622
1.09469
1.10246
1.12681
1.16779
1.20831
1.24045
1.25954
1.27484
1.28381
1.29063
1.29314
1.293
1.2906
1.28706
1.28608
1.28662
1.28863
1.11777
1.04351
0.977235
0.931312
0.889365
0.835857
0.779786
0.766751
0.762974
0.749034
0.723732
0.708216
0.701404
0.683799
0.670385
0.670314
0.675557
0.675448
0.671525
0.671717
0.675681
0.685252
0.700752
0.726151
0.762287
0.79111
0.81417
0.832705
0.84303
0.851699
0.859638
0.870877
0.884921
0.889338
0.893704
0.896822
0.901576
0.915091
0.944309
0.978891
1.01825
1.05012
1.06185
1.06776
1.07661
1.08757
1.08893
1.08668
1.08151
1.08026
1.08194
1.08683
1.09967
1.12713
1.16347
1.19838
1.22483
1.24198
1.25425
1.26483
1.27228
1.27219
1.26948
1.26747
1.2668
1.26695
1.14372
1.08301
1.02291
0.974173
0.938525
0.902082
0.854211
0.810149
0.799581
0.791997
0.77409
0.752591
0.746506
0.734982
0.71411
0.707899
0.709306
0.707068
0.696205
0.685243
0.68502
0.687384
0.687475
0.690159
0.700868
0.718187
0.737914
0.76541
0.790744
0.812216
0.830986
0.846598
0.863883
0.872132
0.87989
0.889341
0.905685
0.940515
0.985541
1.01839
1.04719
1.0531
1.05892
1.06601
1.07472
1.07916
1.07894
1.0769
1.07502
1.07627
1.07873
1.08172
1.08306
1.08622
1.09586
1.12021
1.15554
1.19203
1.2208
1.24254
1.25542
1.26083
1.25885
1.25804
1.25845
1.2597
1.16256
1.11206
1.06225
1.01643
0.976348
0.944456
0.909098
0.86515
0.838205
0.830081
0.816596
0.792199
0.779193
0.772904
0.757049
0.741307
0.739848
0.739018
0.729741
0.714982
0.709827
0.708587
0.703366
0.701056
0.704863
0.706224
0.707005
0.711328
0.723217
0.742638
0.772787
0.801178
0.827627
0.852959
0.872706
0.902984
0.941698
0.990086
1.02516
1.0447
1.05664
1.06036
1.06395
1.06702
1.07177
1.0728
1.07206
1.07074
1.07207
1.07544
1.07808
1.07929
1.07978
1.07955
1.07871
1.08051
1.09257
1.12168
1.16072
1.19987
1.22729
1.24577
1.25086
1.25265
1.25261
1.25519
1.17826
1.13536
1.09219
1.0517
1.01327
0.979826
0.949201
0.912171
0.878486
0.865884
0.856195
0.836695
0.81284
0.8052
0.794958
0.776723
0.769549
0.768578
0.761454
0.746581
0.736827
0.734902
0.729078
0.721248
0.720742
0.720061
0.715549
0.715063
0.714531
0.715466
0.720545
0.733465
0.758668
0.803353
0.857502
0.91943
0.969089
1.00965
1.02734
1.04461
1.05253
1.05619
1.05994
1.0612
1.06179
1.06277
1.06478
1.06746
1.07025
1.07348
1.07452
1.07449
1.07463
1.0744
1.07534
1.0772
1.0781
1.08296
1.09571
1.12324
1.16056
1.19798
1.22296
1.24
1.24619
1.25063
1.19095
1.15428
1.11591
1.07999
1.04542
1.0118
0.982953
0.953978
0.920844
0.898153
0.888561
0.875184
0.852258
0.835508
0.826345
0.809592
0.794669
0.792747
0.788726
0.77722
0.763778
0.761196
0.758001
0.748796
0.745593
0.744306
0.738457
0.729744
0.725432
0.723506
0.725341
0.733561
0.750688
0.782595
0.842114
0.887297
0.930615
0.961031
0.97901
1.00469
1.02136
1.03347
1.04009
1.04439
1.04874
1.05365
1.06113
1.06656
1.0686
1.06955
1.06802
1.06755
1.06801
1.06904
1.0722
1.07571
1.07701
1.07647
1.07604
1.07871
1.0898
1.11794
1.15703
1.19391
1.21959
1.23765
1.20119
1.16936
1.13511
1.10234
1.0724
1.0423
1.01235
0.98564
0.959523
0.934345
0.917808
0.905261
0.886257
0.864132
0.853716
0.842571
0.824359
0.815713
0.81307
0.804324
0.790076
0.785482
0.783413
0.775538
0.76892
0.766061
0.760783
0.750145
0.744138
0.7439
0.752042
0.773792
0.807469
0.848276
0.87884
0.881369
0.882448
0.88813
0.89694
0.918578
0.946938
0.972417
0.996944
1.01641
1.03238
1.04542
1.05487
1.06245
1.06328
1.06273
1.06079
1.06054
1.0616
1.06454
1.07016
1.07335
1.07402
1.07286
1.07011
1.06864
1.06852
1.07362
1.08832
1.11635
1.15344
1.1899
1.20967
1.18116
1.15105
1.12089
1.09287
1.06769
1.04084
1.01223
0.988019
0.966193
0.946653
0.932578
0.916723
0.892245
0.875109
0.868409
0.855659
0.842222
0.837677
0.830046
0.814692
0.806174
0.8045
0.799166
0.790679
0.785683
0.780968
0.774279
0.774589
0.785266
0.815445
0.845024
0.871946
0.899114
0.901338
0.897261
0.890249
0.886691
0.888043
0.890208
0.895942
0.905512
0.920409
0.94125
0.967124
0.994764
1.01728
1.03566
1.04879
1.05165
1.05202
1.05428
1.05675
1.0615
1.06808
1.0703
1.06999
1.06719
1.06497
1.06384
1.06375
1.06625
1.06867
1.07294
1.0843
1.11064
1.21675
1.1907
1.16395
1.13647
1.10972
1.08684
1.06416
1.03702
1.01155
0.991991
0.972817
0.956787
0.942371
0.921987
0.897983
0.889854
0.881863
0.868544
0.861654
0.85452
0.839808
0.827189
0.824109
0.820038
0.811733
0.806466
0.802691
0.806779
0.82101
0.855747
0.892193
0.904643
0.918565
0.921381
0.917759
0.911003
0.904387
0.898445
0.897419
0.897685
0.899713
0.904109
0.904578
0.905408
0.908528
0.917575
0.936812
0.962633
0.989464
1.01233
1.03167
1.04375
1.05138
1.05977
1.06532
1.06511
1.0631
1.06056
1.05949
1.05906
1.06087
1.06429
1.06578
1.06632
1.06617
1.06834
1.22253
1.19871
1.17443
1.14935
1.12448
1.10228
1.08185
1.05866
1.03339
1.01301
0.995916
0.979481
0.96471
0.94723
0.923033
0.910817
0.905095
0.893452
0.88408
0.876404
0.862752
0.847205
0.841725
0.838779
0.835269
0.835333
0.844749
0.864609
0.887817
0.924785
0.941221
0.94203
0.939958
0.935258
0.929169
0.92494
0.921568
0.918295
0.917824
0.917122
0.915657
0.914468
0.912677
0.909992
0.907313
0.906542
0.907512
0.911298
0.918889
0.934466
0.957762
0.983929
1.01095
1.03131
1.04618
1.05264
1.05239
1.05378
1.05462
1.05607
1.05976
1.06265
1.06347
1.06323
1.06195
1.05995
1.22715
1.20534
1.18308
1.16022
1.13722
1.11584
1.09656
1.07627
1.05316
1.03229
1.01602
1.00019
0.985345
0.969741
0.947947
0.931238
0.925271
0.915349
0.904504
0.895943
0.883499
0.868051
0.860731
0.86218
0.872581
0.890671
0.916319
0.932297
0.946691
0.963661
0.96515
0.961682
0.954019
0.947211
0.9419
0.940625
0.938883
0.935299
0.933609
0.932693
0.929763
0.927343
0.925436
0.921748
0.919318
0.916547
0.91316
0.911081
0.912299
0.913961
0.915942
0.920771
0.933924
0.954699
0.978635
1.00229
1.02043
1.03582
1.04533
1.05063
1.05638
1.05899
1.0588
1.05828
1.05748
1.0562
1.23066
1.21071
1.19031
1.16954
1.14835
1.12782
1.10946
1.09136
1.07041
1.0499
1.03409
1.01916
1.00416
0.989569
0.97102
0.95128
0.942736
0.933735
0.922568
0.913681
0.904517
0.893943
0.894386
0.909782
0.934631
0.96348
0.976781
0.976829
0.981618
0.982202
0.979349
0.974508
0.968082
0.961412
0.956961
0.955268
0.954504
0.952456
0.948819
0.947152
0.944295
0.940879
0.939608
0.937133
0.933622
0.9308
0.927429
0.923485
0.920877
0.918755
0.915631
0.915729
0.91587
0.917002
0.920458
0.931765
0.951733
0.976391
1.00182
1.02338
1.0367
1.04521
1.04755
1.05051
1.05308
1.05351
1.23331
1.21501
1.19635
1.17744
1.15806
1.1387
1.12078
1.10428
1.08586
1.06589
1.04965
1.03607
1.02146
1.0066
0.990171
0.97018
0.958131
0.950044
0.941892
0.93679
0.936061
0.940257
0.95639
0.978963
0.999909
1.01254
1.01036
1.00301
0.999968
0.995059
0.989832
0.986991
0.982706
0.977018
0.973668
0.969851
0.967992
0.966898
0.963936
0.960416
0.956709
0.951489
0.948923
0.947885
0.945574
0.943503
0.941027
0.937359
0.933036
0.929273
0.926311
0.923347
0.920294
0.91683
0.91716
0.917607
0.91895
0.922306
0.932968
0.951696
0.973036
0.995321
1.01353
1.02887
1.04132
1.04694
1.23526
1.21849
1.20159
1.18426
1.16655
1.14868
1.13108
1.11513
1.09921
1.08087
1.06303
1.04958
1.03649
1.02197
1.00599
0.98824
0.97521
0.970011
0.971639
0.983731
0.995911
1.00849
1.02156
1.03188
1.03851
1.03728
1.03128
1.0205
1.01189
1.00704
1.00214
1.00028
0.99838
0.99311
0.988498
0.985241
0.980983
0.979242
0.977136
0.972557
0.968347
0.963714
0.95927
0.958255
0.956904
0.954977
0.953233
0.950292
0.945675
0.940854
0.936919
0.933133
0.929829
0.927414
0.924728
0.921933
0.919619
0.919194
0.917481
0.917421
0.919651
0.929013
0.94797
0.972148
0.998817
1.02038
1.23689
1.22148
1.2062
1.19032
1.17396
1.15756
1.14082
1.12465
1.10945
1.09339
1.07618
1.06067
1.048
1.03588
1.02351
1.01185
1.00682
1.01215
1.02989
1.04883
1.05808
1.06172
1.064
1.06233
1.05856
1.05075
1.04314
1.0346
1.02387
1.01991
1.01734
1.01447
1.0128
1.00902
1.00236
0.998654
0.994633
0.990297
0.988219
0.984449
0.978539
0.974285
0.970622
0.968492
0.967403
0.9655
0.963381
0.960916
0.956052
0.949646
0.944472
0.941601
0.939737
0.937399
0.934577
0.931726
0.929195
0.926023
0.9227
0.918703
0.915442
0.914378
0.914973
0.919071
0.931185
0.952188
1.23839
1.22414
1.21029
1.19569
1.18046
1.16519
1.14916
1.13316
1.11813
1.10305
1.08749
1.0733
1.06313
1.05526
1.05465
1.06017
1.06691
1.07695
1.09204
1.09851
1.09673
1.09139
1.08325
1.07622
1.07075
1.06268
1.05425
1.04839
1.03996
1.03407
1.0326
1.02867
1.0254
1.02259
1.01676
1.01049
1.00768
1.00268
0.998277
0.995111
0.989555
0.983911
0.981446
0.978846
0.977361
0.976121
0.973771
0.970244
0.964768
0.958147
0.954024
0.951607
0.94926
0.946915
0.944441
0.941977
0.939359
0.936208
0.932362
0.927548
0.921854
0.916182
0.914197
0.914647
0.915001
0.916606
1.23969
1.22659
1.21384
1.20024
1.18579
1.17118
1.15622
1.14096
1.12665
1.11441
1.10257
1.09495
1.09604
1.10361
1.11287
1.1225
1.12545
1.12598
1.12673
1.1231
1.11344
1.10585
1.09704
1.08735
1.08251
1.07787
1.07005
1.06213
1.05443
1.04766
1.04543
1.04303
1.03804
1.0349
1.03073
1.0228
1.01802
1.01445
1.00875
1.00473
1.00085
0.995081
0.992071
0.990316
0.987423
0.985187
0.982708
0.978691
0.972417
0.966319
0.962812
0.960093
0.957255
0.954587
0.952047
0.949263
0.946621
0.944322
0.941433
0.937217
0.931553
0.925782
0.921523
0.918604
0.91612
0.915077
1.24097
1.22889
1.21668
1.20367
1.19002
1.17658
1.1635
1.15091
1.14133
1.13752
1.13965
1.14654
1.15371
1.16247
1.16606
1.16271
1.15608
1.14825
1.14324
1.13722
1.12635
1.11812
1.11188
1.10324
1.09562
1.09108
1.08382
1.07345
1.06733
1.06204
1.05772
1.05605
1.052
1.04646
1.0423
1.03552
1.02689
1.02343
1.01923
1.01462
1.01168
1.00793
1.003
1.0005
0.997721
0.994077
0.990092
0.985145
0.979294
0.974961
0.97239
0.969776
0.966919
0.963604
0.959696
0.955757
0.952378
0.949888
0.947662
0.944953
0.941502
0.937194
0.932287
0.927246
0.923383
0.920225
1.24235
1.23087
1.21891
1.20664
1.19492
1.18533
1.17976
1.17918
1.18305
1.18937
1.19691
1.20072
1.19701
1.19586
1.19032
1.18203
1.1746
1.16518
1.15577
1.14959
1.14092
1.13065
1.12372
1.11632
1.10718
1.10119
1.09552
1.08648
1.07954
1.07644
1.07143
1.06804
1.06492
1.05839
1.0513
1.04545
1.03732
1.03167
1.029
1.02488
1.02194
1.0193
1.01515
1.01054
1.00693
1.00248
0.997326
0.991038
0.985618
0.983176
0.981233
0.978822
0.976186
0.973397
0.969872
0.964564
0.958276
0.953701
0.951
0.949069
0.947135
0.944881
0.942131
0.938525
0.933457
0.927472
1.24398
1.23325
1.22294
1.21527
1.21285
1.21601
1.22375
1.23217
1.23703
1.23608
1.2329
1.22526
1.21818
1.21332
1.20602
1.19634
1.18779
1.17868
1.16796
1.1587
1.15075
1.14051
1.13265
1.12768
1.12028
1.11151
1.10638
1.10101
1.09331
1.08866
1.08408
1.0783
1.07456
1.0693
1.06063
1.05362
1.0481
1.04157
1.03839
1.03526
1.03148
1.02886
1.0258
1.02133
1.01629
1.01064
1.00354
0.997049
0.993448
0.991031
0.988746
0.986463
0.984044
0.981572
0.978693
0.974518
0.967727
0.959517
0.954565
0.952243
0.95072
0.949659
0.948149
0.946022
0.943033
0.938024
1.24824
1.24237
1.24233
1.24747
1.25686
1.26603
1.27144
1.27142
1.26536
1.25768
1.25006
1.24011
1.23122
1.22422
1.21651
1.20714
1.19726
1.18786
1.17708
1.16642
1.1592
1.15166
1.14299
1.13729
1.13278
1.12515
1.11792
1.11328
1.10671
1.09865
1.09398
1.08812
1.0826
1.07824
1.07163
1.06296
1.05787
1.0532
1.04829
1.04486
1.04081
1.03685
1.03403
1.0303
1.02533
1.01921
1.01115
1.00413
1.00108
0.998861
0.996617
0.994126
0.991492
0.988738
0.985698
0.98182
0.976087
0.96789
0.960638
0.957265
0.955175
0.953375
0.951957
0.950336
0.948174
0.945115
1.26886
1.27614
1.28573
1.29332
1.2972
1.29888
1.29497
1.28788
1.27904
1.26892
1.25899
1.24861
1.23995
1.23204
1.22409
1.21544
1.2056
1.19619
1.18679
1.17631
1.16789
1.16201
1.15511
1.14828
1.14334
1.13778
1.12967
1.12269
1.11716
1.10933
1.10253
1.09706
1.0907
1.08584
1.08117
1.07443
1.06725
1.06334
1.05906
1.05433
1.04995
1.04503
1.04039
1.03663
1.03238
1.02707
1.0204
1.01336
1.00882
1.00594
1.00343
1.00101
0.998423
0.995485
0.992121
0.988228
0.983486
0.977183
0.969453
0.963571
0.960296
0.957695
0.955296
0.95313
0.951035
0.94873
1.31131
1.31822
1.32064
1.31954
1.31717
1.31317
1.30543
1.29629
1.28572
1.27478
1.26451
1.25568
1.24808
1.24002
1.2319
1.22377
1.21472
1.20481
1.19584
1.18732
1.17865
1.17156
1.16556
1.15859
1.15183
1.14697
1.14092
1.13262
1.12594
1.11961
1.11166
1.10523
1.09914
1.09289
1.08859
1.08444
1.07876
1.07278
1.06857
1.06393
1.05831
1.05257
1.04684
1.04187
1.03794
1.03406
1.02959
1.02397
1.01771
1.01294
1.00956
1.00671
1.00411
1.00132
0.998115
0.994565
0.990614
0.985639
0.978695
0.9711
0.966187
0.962914
0.959847
0.956787
0.953913
0.951367
1.34244
1.34045
1.33704
1.33125
1.32572
1.31853
1.30961
1.29956
1.28984
1.28055
1.27088
1.26306
1.25627
1.24857
1.24021
1.23153
1.22281
1.2134
1.20392
1.19586
1.18808
1.18007
1.17349
1.16793
1.16133
1.15487
1.14995
1.1435
1.13496
1.12795
1.12102
1.11313
1.10682
1.10122
1.09609
1.09277
1.08919
1.08393
1.07753
1.0718
1.0658
1.05889
1.05279
1.04784
1.0439
1.04081
1.03754
1.03341
1.0277
1.02093
1.01586
1.01233
1.00915
1.00614
1.00313
1.00002
0.996699
0.992692
0.987058
0.979545
0.972779
0.968328
0.964766
0.961313
0.957891
0.954646
1.35531
1.34872
1.34174
1.33476
1.3288
1.32116
1.31306
1.304
1.29512
1.28666
1.27786
1.27006
1.26318
1.25535
1.24672
1.23796
1.22933
1.22053
1.21111
1.20216
1.19524
1.18866
1.18205
1.17652
1.17108
1.16436
1.15807
1.15239
1.14424
1.1341
1.12757
1.12172
1.11542
1.11024
1.10529
1.10053
1.09712
1.09297
1.08659
1.07882
1.07187
1.06539
1.05924
1.05465
1.0508
1.0472
1.04392
1.04042
1.03597
1.02995
1.02301
1.01771
1.01411
1.01107
1.0082
1.00525
1.00209
0.998449
0.99361
0.986853
0.979833
0.97478
0.970885
0.967173
0.96334
0.959456
1.35873
1.3521
1.34469
1.33792
1.33117
1.32382
1.31659
1.30861
1.30072
1.2927
1.284
1.2757
1.26823
1.26034
1.25196
1.24365
1.23547
1.22711
1.21793
1.20878
1.20175
1.1963
1.19094
1.18543
)
;

boundaryField
{
    inlet
    {
        type            fixedValue;
        value           uniform 1;
    }
    outlet
    {
        type            inletOutlet;
        inletValue      nonuniform 0();
        value           nonuniform 0();
    }
    bottom
    {
        type            symmetryPlane;
    }
    top
    {
        type            symmetryPlane;
    }
    obstacle
    {
        type            zeroGradient;
    }
    defaultFaces
    {
        type            empty;
    }
    procBoundary0to1
    {
        type            processor;
        value           nonuniform List<scalar> 
28
(
1.3682
1.35581
1.32523
1.2896
1.26629
1.25841
1.25483
1.25063
1.246
1.21438
1.14779
1.07924
1.0586
1.05453
1.05349
1.05216
1.03673
0.977287
0.922491
0.915503
0.917222
0.922414
0.930084
0.940096
0.945761
0.948976
0.951729
0.955867
)
;
    }
    procBoundary0to2
    {
        type            processor;
        value           nonuniform List<scalar> 
115
(
1
1
1
1
1
1
1
1
1
1
1
1.00298
1.20592
1.34192
1.34964
1.35049
1.35138
1.35133
1.35071
1.34951
1.34895
1.34885
1.34903
1.34895
1.34811
1.34658
1.34453
1.34283
1.34111
1.33957
1.33854
1.33677
1.33399
1.33043
1.32649
1.32259
1.31919
1.31715
1.31932
1.33152
1.35152
1.37088
1.38281
1.38651
1.38538
1.38094
1.37558
1.36899
1.18007
1.17401
1.16643
1.15795
1.15001
1.14083
1.13339
1.12919
1.12523
1.12046
1.11534
1.10934
1.10307
1.09841
1.09324
1.08592
1.07788
1.07172
1.06667
1.06213
1.05803
1.05403
1.05
1.04601
1.04185
1.03688
1.03087
1.0247
1.01948
1.01559
1.01268
1.00999
1.00701
1.00347
0.998792
0.992367
0.985475
0.980537
0.976921
0.973524
0.969938
0.965971
1.36239
1.35521
1.3478
1.34072
1.33327
1.32642
1.31987
1.31306
1.30605
1.29817
1.28926
1.28046
1.27218
1.26401
1.25648
1.24931
1.24199
1.23409
1.22525
1.21622
1.20896
1.20331
1.19849
1.18007
1.1933
)
;
    }
}


// ************************************************************************* //
