/*--------------------------------*- C++ -*----------------------------------*\
  =========                 |
  \\      /  F ield         | OpenFOAM: The Open Source CFD Toolbox
   \\    /   O peration     | Website:  https://openfoam.org
    \\  /    A nd           | Version:  7
     \\/     M anipulation  |
\*---------------------------------------------------------------------------*/
FoamFile
{
    version     2.0;
    format      ascii;
    class       volScalarField;
    location    "1";
    object      T;
}
// * * * * * * * * * * * * * * * * * * * * * * * * * * * * * * * * * * * * * //

dimensions      [0 0 0 1 0 0 0];

internalField   nonuniform List<scalar> 
4032
(
1
1
1
1
1
1
1
1.03194
1.33157
1.44514
1.45279
1.46018
1.46766
1.47572
1.48385
1.4914
1.49851
1.50615
1.51566
1.53071
1.55598
1.59532
1.63831
1.65921
1
1
1
1
1
1
1
1.02738
1.32598
1.44343
1.45255
1.45962
1.46708
1.47508
1.48308
1.49046
1.49745
1.50502
1.51455
1.52954
1.55461
1.59376
1.63626
1.65672
1
1
1
1
1
1
1
1.01835
1.31476
1.44199
1.45144
1.45809
1.46563
1.47362
1.48146
1.48861
1.49542
1.50285
1.51238
1.52727
1.55209
1.59115
1.63336
1.65356
1
1
1
1
1
1
1
1.00779
1.29794
1.4402
1.44952
1.45583
1.46353
1.47142
1.47887
1.48563
1.49218
1.49943
1.50892
1.52357
1.54781
1.58626
1.62795
1.64759
1
1
1
1
1
1
1
1.00029
1.27504
1.43701
1.4467
1.45304
1.46094
1.46846
1.47526
1.48152
1.48777
1.49465
1.50371
1.51724
1.53945
1.57658
1.61802
1.63856
1
1
1
1
1
1
1
1
1.24442
1.4307
1.44324
1.45
1.45792
1.46472
1.47064
1.47633
1.48226
1.48861
1.49693
1.50907
1.52924
1.56452
1.6044
1.62077
1
1
1
1
1
1
1
1
1.20477
1.41921
1.43935
1.44673
1.45433
1.46001
1.46493
1.47013
1.47583
1.48162
1.48879
1.49847
1.51372
1.54224
1.57917
1.59718
1
1
1
1
1
1
1
1
1.15551
1.39986
1.43538
1.44313
1.44991
1.45418
1.4582
1.46307
1.46859
1.47386
1.47915
1.48497
1.49511
1.51766
1.55689
1.59149
1
1
1
1
1
1
1
1
1.09923
1.37042
1.43174
1.43874
1.44412
1.4472
1.45076
1.45547
1.46082
1.4654
1.46783
1.47032
1.47443
1.48265
1.48729
1.46599
1
1
1
1
1
1
1
1
1.04365
1.32891
1.4277
1.43315
1.43686
1.43963
1.44328
1.44787
1.45265
1.45565
1.45553
1.45454
1.45204
1.44484
1.43389
1.37323
1
1
1
1
1
1
1
1
1.00436
1.27592
1.42198
1.42645
1.42924
1.43241
1.43624
1.4403
1.4436
1.44459
1.44303
1.4388
1.4315
1.41473
1.39165
1.30938
1
1
1
1
1
1
1
1
1.00009
1.2078
1.40722
1.41942
1.42291
1.4265
1.4299
1.43225
1.43373
1.43301
1.43046
1.42401
1.41293
1.39254
1.35986
1.28474
1
1
1
1
1
1
1
1
1
1.12471
1.37393
1.41302
1.41799
1.42155
1.42361
1.42357
1.42341
1.42187
1.41869
1.41079
1.39693
1.37498
1.33968
1.27872
1
1
1
1
1
1
1
1
1
1.04331
1.31797
1.40749
1.4142
1.4163
1.41652
1.41522
1.41361
1.41128
1.40749
1.39847
1.38295
1.36044
1.32655
1.27821
1
1
1
1
1
1
1
1
1
1.00346
1.23989
1.39717
1.40882
1.40985
1.40897
1.40724
1.40485
1.40162
1.39658
1.38648
1.37068
1.34867
1.31808
1.27914
1
1
1
1
1
1
1
1
1
1.00005
1.13853
1.36866
1.40174
1.40159
1.40101
1.39997
1.39725
1.39284
1.38614
1.37534
1.36014
1.33937
1.31224
1.28011
1
1
1
1
1
1
1
1
1
1
1.03944
1.30619
1.39221
1.39408
1.39322
1.39208
1.3887
1.38345
1.37579
1.36487
1.35033
1.33176
1.30807
1.28109
1
1
1
1
1
1
1
1
1
1
1.00264
1.20982
1.37539
1.38847
1.38568
1.38342
1.37971
1.37422
1.3668
1.35633
1.34286
1.32633
1.30535
1.28137
1
1
1
1
1
1
1
1
1
1
1.00004
1.09068
1.33097
1.38351
1.37929
1.37628
1.37258
1.36671
1.35948
1.34934
1.33679
1.32151
1.30262
1.28136
1
1
1
1
1
1
1
1
1
1
1
1.01212
1.24208
1.37061
1.37404
1.36994
1.36604
1.35946
1.35251
1.3433
1.33188
1.31755
1.30029
1.28109
1
1
1
1
1
1
1
1
1
1
1
1.00038
1.11462
1.33374
1.36938
1.36377
1.35963
1.35384
1.34692
1.33826
1.3271
1.31339
1.29746
1.28005
1
1
1
1
1
1
1
1
1
1
1
1
1.01838
1.24594
1.35877
1.35931
1.35371
1.34867
1.34093
1.33238
1.32191
1.3093
1.29445
1.27825
1
1
1
1
1
1
1
1
1
1
1
1
1.00074
1.11053
1.32002
1.35594
1.34843
1.34281
1.33576
1.32762
1.31721
1.30509
1.29106
1.27597
1
1
1
1
1
1
1
1
1
1
1
1
1.00001
1.01635
1.22321
1.34228
1.34516
1.33722
1.33114
1.32292
1.31277
1.30122
1.28822
1.27436
1
1
1
1
1
1
1
1
1
1
1
1
1
1.00059
1.08133
1.29339
1.33964
1.3329
1.3267
1.31892
1.30895
1.29841
1.28687
1.27405
1
1
1
1
1
1
1
1
1
1
1
1
1
1
1.00905
1.17763
1.32067
1.3315
1.32257
1.31482
1.30578
1.29628
1.28579
1.27388
1
1
1
1
1
1
1
1
1
1
1
1
1
1
1.00025
1.04494
1.24791
1.3225
1.31887
1.31133
1.30322
1.29403
1.28413
1.27296
1
1
1
1
1
1
1
1
1
1
1
1
1
1
1
1.00318
1.10902
1.28267
1.31537
1.31007
1.30188
1.29253
1.28221
1.271
1
1
1
1
1
1
1
1
1
1
1
1
1
1
1
1.00005
1.01607
1.17193
1.29328
1.30983
1.29916
1.29051
1.28054
1.26932
1
1
1
1
1
1
1
1
1
1
1
1
1
1
1
1
1.00061
1.04415
1.21458
1.30025
1.29553
1.28892
1.2788
1.26852
1
1
1
1
1
1
1
1
1
1
1
1
1
1
1
1
1.00001
1.00312
1.07972
1.2438
1.28978
1.28915
1.27821
1.26797
1
1
1
1
1
1
1
1
1
1
1
1
1
1
1
1
1
1.00005
1.0092
1.11736
1.25024
1.28484
1.27707
1.26932
1
1
1
1
1
1
1
1
1
1
1
1
1
1
1
1
1
1
1.00027
1.01996
1.14109
1.25672
1.27252
1.26885
1
1
1
1
1
1
1
1
1
1
1
1
1
1
1
1
1
1
1
1.00087
1.03128
1.15888
1.25108
1.26626
1
1
1
1
1
1
1
1
1
1
1
1
1
1
1
1
1
1
1
1.00001
1.00187
1.04153
1.16509
1.24607
1
1
1
1
1
1
1
1
1
1
1
1
1
1
1
1
1
1
1
1
1.00003
1.00294
1.04872
1.16622
1
1
1
1
1
1
1
1
1
1
1
1
1
1
1
1
1
1
1
1
1
1.00005
1.00411
1.05117
1
1
1
1
1
1
1
1
1
1
1
1
1
1
1
1
1
1
1
1
1
1
1.00008
1.00439
1
1
1
1
1
1
1
1
1
1
1
1
1
1
1
1
1
1
1
1
1
1
1
1.00009
1
1
1
1
1
1
1
1
1
1
1
1
1
1
1
1
1
1
1
1
1
1
1
1
1.01921
0.730004
0.600393
0.653652
0.786053
0.845678
0.912356
0.968091
0.986145
1.00352
1.03859
1.08861
1.12291
1.13255
1.1384
1.14634
1.14449
1.14689
1.16231
1.2097
1.2437
1.25178
1.25473
1.25287
1.25583
1.25887
1.26525
1.27037
1.2735
1.27217
1.27191
1.27606
1.27952
1.28028
1.2796
1.27627
1.27156
1.26647
1.26075
1.25286
1.24064
1.22338
1.2036
1.18779
1.18107
1.18078
1.18186
1.17986
1.17057
1.15479
1.13439
1.11053
1.08405
1.05643
1.03304
1.01523
1.00137
0.994565
0.991876
0.991391
0.996298
1.00204
1.00221
1.00179
1.00131
1.00097
1.00088
1.00096
1.00247
1.00517
1.00624
1.00608
1.00574
1.00541
1.00525
1.00518
1.0053
1.00593
1.00663
1.00674
1.0067
1.00653
1.00596
1.00472
1.00347
1.00311
1.00309
1.00309
1.00311
1.00317
1.00342
1.0041
1.00501
1.00533
1.00536
1.00529
1.15017
1.00711
0.863317
0.825706
0.8453
0.842102
0.835567
0.829782
0.840434
0.858431
0.894114
0.946194
0.986313
1.01534
1.0385
1.05829
1.07288
1.08508
1.1117
1.16548
1.20375
1.22031
1.23098
1.23378
1.23849
1.24266
1.2495
1.2562
1.26118
1.2615
1.26062
1.26457
1.26947
1.27154
1.27122
1.26877
1.26402
1.2586
1.2526
1.24516
1.23435
1.21923
1.20202
1.18636
1.17599
1.17238
1.17168
1.16986
1.16303
1.15034
1.13281
1.11119
1.08464
1.05526
1.03085
1.01304
0.999633
0.993786
0.992105
0.992622
0.9961
1.00049
1.00088
1.00061
1.00041
1.00031
1.00029
1.00049
1.00206
1.00473
1.00596
1.00585
1.00554
1.00526
1.00513
1.00507
1.0052
1.00582
1.00655
1.00669
1.00665
1.00649
1.00594
1.00471
1.00347
1.00312
1.0031
1.0031
1.00312
1.0032
1.00347
1.00415
1.00503
1.00534
1.00537
1.00531
1.17143
1.08885
1.00952
0.918114
0.886241
0.86651
0.83217
0.80694
0.801556
0.804669
0.815741
0.839829
0.862162
0.889333
0.918462
0.945108
0.975038
1.00479
1.04107
1.09626
1.13613
1.15942
1.17488
1.18014
1.18874
1.19708
1.20568
1.215
1.22295
1.22607
1.2266
1.23018
1.23733
1.24211
1.24299
1.24196
1.23871
1.23334
1.22704
1.22
1.21129
1.20011
1.18738
1.17485
1.16398
1.15627
1.15138
1.14696
1.14087
1.13169
1.11899
1.10243
1.08198
1.0576
1.03076
1.01024
0.99905
0.995504
0.995275
0.995924
0.997767
1.00062
1.00174
1.00142
1.0012
1.00103
1.001
1.00121
1.00268
1.00513
1.00621
1.00609
1.00575
1.00541
1.00526
1.0052
1.00533
1.00594
1.00664
1.00675
1.00671
1.00652
1.00594
1.00469
1.00347
1.00313
1.00311
1.00311
1.00313
1.00321
1.0035
1.00422
1.0051
1.00537
1.00539
1.00532
1.19135
1.12389
1.07199
1.00031
0.94072
0.919038
0.886247
0.854905
0.845446
0.829645
0.804001
0.798625
0.801859
0.811887
0.830712
0.858365
0.88845
0.919904
0.953944
1.00236
1.06094
1.0961
1.11481
1.12177
1.13159
1.14286
1.1536
1.16416
1.17166
1.17475
1.17664
1.18039
1.18757
1.195
1.1978
1.19769
1.19617
1.1923
1.18712
1.1816
1.17535
1.16743
1.15773
1.14755
1.13802
1.12924
1.12173
1.11539
1.10892
1.10146
1.09238
1.08117
1.06774
1.05079
1.03086
1.01231
1.00126
0.997693
0.997569
0.997726
0.998212
0.999971
1.00137
1.00115
1.001
1.00093
1.00098
1.00152
1.00308
1.00523
1.00614
1.00603
1.00573
1.00537
1.00522
1.00517
1.00534
1.00602
1.00669
1.00678
1.00674
1.00655
1.00593
1.00465
1.00344
1.00313
1.00312
1.00312
1.00314
1.00324
1.00357
1.00435
1.00519
1.00541
1.00543
1.00534
1.21075
1.15088
1.10562
1.05135
0.991103
0.963528
0.936872
0.900385
0.880629
0.865292
0.837954
0.808235
0.805122
0.806595
0.81216
0.82053
0.835575
0.857937
0.886334
0.924232
0.99105
1.04558
1.07965
1.09
1.09533
1.10097
1.10858
1.11801
1.12423
1.12774
1.13055
1.13425
1.13936
1.14539
1.14883
1.14941
1.14849
1.14592
1.14208
1.13797
1.13389
1.12898
1.12297
1.11609
1.10846
1.10046
1.0928
1.08581
1.07907
1.07198
1.0642
1.05583
1.04668
1.03623
1.0242
1.01172
1.00313
0.999584
0.998437
0.99808
0.998137
0.999325
1.00114
1.00119
1.00114
1.00115
1.0013
1.00199
1.00339
1.00525
1.00603
1.00595
1.00565
1.00531
1.00518
1.00517
1.0054
1.00612
1.00674
1.00682
1.00678
1.00657
1.00591
1.0046
1.00342
1.00314
1.00312
1.00313
1.00316
1.00329
1.00368
1.00453
1.0053
1.00546
1.00548
1.00536
1.22601
1.17392
1.13262
1.08891
1.03372
1.00015
0.978211
0.944025
0.918518
0.904044
0.880785
0.846736
0.8378
0.833451
0.821793
0.820788
0.824896
0.827362
0.831799
0.848151
0.902747
0.98386
1.04721
1.06988
1.07655
1.07723
1.081
1.08829
1.09554
1.10016
1.10242
1.10401
1.10451
1.10544
1.10738
1.10938
1.10976
1.10913
1.1066
1.10241
1.09814
1.09425
1.0907
1.08711
1.08241
1.07639
1.06971
1.06289
1.056
1.04873
1.04094
1.03328
1.02626
1.0197
1.01354
1.0078
1.00321
1.00035
0.998685
0.998012
0.998043
0.999378
1.00132
1.00149
1.00145
1.00147
1.00166
1.00232
1.00361
1.00534
1.00599
1.0059
1.00558
1.00524
1.00515
1.00517
1.00548
1.00625
1.00681
1.00686
1.00682
1.00659
1.00588
1.00452
1.00339
1.00315
1.00314
1.00315
1.0032
1.00335
1.00383
1.00475
1.00542
1.00552
1.00554
1.00538
1.23799
1.19361
1.15528
1.11906
1.07218
1.03209
1.01173
0.982866
0.952303
0.936376
0.916216
0.884541
0.86687
0.862062
0.850677
0.835722
0.833652
0.829423
0.824955
0.826924
0.841039
0.894976
0.98882
1.04861
1.06192
1.06476
1.06783
1.07268
1.08036
1.08421
1.08476
1.0832
1.07951
1.07865
1.07933
1.08236
1.08524
1.08503
1.08163
1.07649
1.07244
1.06956
1.06772
1.06584
1.06273
1.05832
1.05293
1.0468
1.04013
1.03298
1.02561
1.01867
1.01284
1.00847
1.00562
1.00375
1.00186
0.99963
0.998156
0.997714
0.998138
1.00023
1.00185
1.00189
1.00165
1.00161
1.00176
1.00239
1.00376
1.00547
1.00598
1.00589
1.00555
1.00522
1.00515
1.0052
1.00559
1.00642
1.00688
1.00692
1.00687
1.00659
1.0058
1.00441
1.00337
1.00317
1.00316
1.00318
1.00324
1.00345
1.00403
1.005
1.00553
1.0056
1.00561
1.0054
1.24613
1.20826
1.17327
1.14188
1.10337
1.06244
1.0402
1.0162
0.984842
0.965406
0.947468
0.919662
0.898268
0.893387
0.884695
0.866309
0.858405
0.85169
0.838769
0.833269
0.836376
0.847612
0.895273
0.992438
1.04081
1.05315
1.0595
1.06514
1.07137
1.07279
1.07253
1.06883
1.06443
1.06337
1.06413
1.06802
1.06997
1.06831
1.0632
1.0582
1.05522
1.05392
1.05339
1.05199
1.04906
1.04509
1.04018
1.03446
1.02851
1.02265
1.01697
1.01125
1.0065
1.00353
1.00165
1.0001
0.998835
0.997698
0.997164
0.997315
0.998926
1.0015
1.00229
1.0022
1.00171
1.00153
1.00166
1.00238
1.00405
1.00568
1.00596
1.00585
1.00546
1.00518
1.00514
1.00526
1.00579
1.00664
1.00697
1.00698
1.0069
1.00656
1.00569
1.00426
1.00334
1.0032
1.0032
1.00323
1.00332
1.00359
1.0043
1.00527
1.00565
1.00569
1.00569
1.0054
1.25228
1.21967
1.18776
1.15968
1.12764
1.08961
1.06488
1.04432
1.01527
0.992116
0.975175
0.951113
0.927179
0.919907
0.91223
0.896052
0.881877
0.875313
0.862761
0.847217
0.843915
0.84708
0.856699
0.900137
0.983632
1.02994
1.0492
1.06076
1.06433
1.06432
1.06263
1.05802
1.05489
1.0541
1.05535
1.0585
1.05838
1.05512
1.04965
1.04619
1.04431
1.04422
1.04415
1.04233
1.03913
1.03512
1.03019
1.02491
1.02026
1.0167
1.01259
1.00748
1.00337
1.00051
0.998534
0.997196
0.996315
0.996069
0.99623
0.997578
1.00055
1.00226
1.00249
1.00217
1.00158
1.00148
1.00173
1.00269
1.00459
1.0058
1.00586
1.00567
1.00529
1.00513
1.00514
1.00538
1.00611
1.0069
1.00707
1.00706
1.00694
1.00652
1.00552
1.00408
1.00331
1.00323
1.00324
1.00328
1.0034
1.00379
1.00465
1.00554
1.00577
1.00579
1.00578
1.00537
1.25582
1.22754
1.19889
1.17354
1.14673
1.11334
1.08642
1.06755
1.04234
1.01674
0.999656
0.979396
0.95497
0.94386
0.937114
0.924148
0.906221
0.898896
0.890452
0.873959
0.866022
0.864079
0.861643
0.866296
0.901307
0.97188
1.02598
1.05154
1.05705
1.05669
1.05362
1.04896
1.04682
1.04653
1.04783
1.04946
1.04853
1.04474
1.04055
1.03773
1.03658
1.03674
1.03622
1.03399
1.03085
1.02689
1.02223
1.0178
1.01494
1.01308
1.009
1.00402
1.00044
0.998011
0.99652
0.99563
0.995171
0.995157
0.99612
0.998996
1.00177
1.00244
1.00247
1.00188
1.00147
1.00155
1.00203
1.00337
1.00521
1.00578
1.00571
1.00542
1.00508
1.00504
1.00515
1.00561
1.00653
1.00711
1.00717
1.00715
1.00697
1.00644
1.0053
1.0039
1.00332
1.00328
1.0033
1.00336
1.00354
1.00407
1.00507
1.00578
1.00589
1.00591
1.00587
1.0053
1.25867
1.23376
1.20777
1.18448
1.16136
1.13282
1.10523
1.08623
1.06499
1.03948
1.02061
1.00374
0.981706
0.96534
0.958345
0.948552
0.931094
0.91805
0.911378
0.89925
0.886855
0.882591
0.874452
0.866927
0.872833
0.905244
0.973021
1.02962
1.04864
1.04937
1.04689
1.04169
1.03918
1.03912
1.04016
1.04111
1.04023
1.03696
1.03383
1.03153
1.03
1.02887
1.02749
1.02569
1.02321
1.01991
1.01649
1.01347
1.01137
1.00848
1.00393
1.00029
0.997819
0.996239
0.995342
0.994851
0.994773
0.995402
0.997733
1.0009
1.00214
1.00236
1.00209
1.00146
1.00136
1.00167
1.00247
1.00419
1.00558
1.00572
1.00554
1.00513
1.00497
1.00503
1.0053
1.00601
1.00693
1.00724
1.00727
1.00721
1.00697
1.00632
1.00502
1.00373
1.00336
1.00335
1.00338
1.00348
1.00375
1.00446
1.00551
1.00597
1.00602
1.00603
1.00595
1.00514
1.26081
1.23886
1.21522
1.19352
1.17247
1.14775
1.12155
1.10095
1.08273
1.06063
1.03892
1.02346
1.00638
0.98676
0.975938
0.968658
0.955338
0.937859
0.930057
0.921536
0.907624
0.901874
0.896556
0.882615
0.878342
0.884245
0.913502
0.981432
1.02897
1.04184
1.04098
1.03665
1.03267
1.03218
1.03309
1.03424
1.03358
1.0305
1.02768
1.02541
1.02301
1.02085
1.0193
1.01802
1.01641
1.01447
1.01269
1.01029
1.00707
1.00321
0.999678
0.997368
0.995866
0.994964
0.99447
0.994386
0.995012
0.997142
1.00018
1.00177
1.00211
1.00213
1.00168
1.00127
1.00143
1.00196
1.00298
1.0046
1.00548
1.00554
1.00541
1.00512
1.00506
1.00521
1.00568
1.00657
1.00724
1.00735
1.00736
1.00728
1.00696
1.00613
1.00467
1.0036
1.00341
1.00343
1.00349
1.00364
1.00406
1.00499
1.00592
1.00615
1.00618
1.00617
1.00599
1.00487
1.26179
1.2423
1.2205
1.20035
1.1807
1.15815
1.13503
1.11343
1.09577
1.0785
1.05692
1.03917
1.02632
1.00926
0.992449
0.984749
0.975293
0.958522
0.946878
0.939574
0.927333
0.917833
0.913938
0.903838
0.888606
0.886493
0.89404
0.926643
0.987745
1.02617
1.03288
1.03136
1.02765
1.02605
1.02719
1.02867
1.02758
1.02417
1.02148
1.01901
1.01618
1.01387
1.01274
1.01232
1.01196
1.01134
1.00938
1.00597
1.00251
0.999366
0.996971
0.995593
0.994793
0.994376
0.994367
0.995021
0.997049
0.999914
1.00149
1.00182
1.00193
1.00178
1.0015
1.00155
1.00187
1.00246
1.00342
1.00465
1.00521
1.00526
1.00521
1.00513
1.00521
1.00553
1.0062
1.00709
1.00745
1.0075
1.00749
1.00736
1.00691
1.00585
1.00431
1.00354
1.00348
1.00352
1.00361
1.00385
1.00449
1.00559
1.00624
1.00633
1.00635
1.0063
1.00598
1.00444
1.26153
1.24442
1.22449
1.20559
1.18736
1.16589
1.14532
1.12508
1.10608
1.09175
1.0747
1.05409
1.04134
1.02898
1.01101
0.998585
0.991097
0.977598
0.962796
0.955221
0.945133
0.933522
0.929309
0.922599
0.909803
0.899225
0.899363
0.907192
0.938149
0.990472
1.01917
1.02448
1.023
1.02178
1.02304
1.0237
1.02168
1.01792
1.01535
1.01275
1.01002
1.00831
1.00818
1.00881
1.00901
1.00773
1.00456
1.00144
0.998952
0.997001
0.99564
0.994858
0.994544
0.99455
0.995187
0.997186
0.999959
1.00146
1.0017
1.00177
1.00175
1.00153
1.00156
1.00182
1.00225
1.00281
1.00362
1.00468
1.00509
1.0051
1.00513
1.00528
1.00554
1.00597
1.0067
1.00738
1.00759
1.00764
1.00763
1.00744
1.00681
1.00544
1.004
1.00359
1.0036
1.00366
1.0038
1.00419
1.0051
1.00616
1.00648
1.00652
1.00652
1.0064
1.00586
1.00381
1.26056
1.24533
1.22757
1.20974
1.19298
1.1729
1.15278
1.13548
1.11692
1.10163
1.08881
1.07087
1.05405
1.04393
1.02984
1.01272
1.00379
0.992986
0.977542
0.968837
0.960389
0.94862
0.943154
0.938218
0.92826
0.918147
0.908217
0.908543
0.916358
0.945001
0.988598
1.01233
1.01793
1.01834
1.01946
1.01892
1.0159
1.01199
1.00936
1.00689
1.00506
1.0048
1.00591
1.00661
1.00543
1.0028
1.00039
0.998523
0.996842
0.995684
0.995329
0.995273
0.995342
0.995867
0.997379
0.999721
1.0013
1.00167
1.00174
1.00174
1.00166
1.00162
1.00168
1.00185
1.00219
1.00266
1.00341
1.00457
1.00532
1.00547
1.00557
1.00581
1.00611
1.00651
1.00704
1.00753
1.0077
1.00776
1.00774
1.00748
1.00659
1.00493
1.0038
1.00366
1.0037
1.00381
1.00406
1.00471
1.00587
1.00661
1.00671
1.00673
1.00669
1.00642
1.00553
1.00295
1.25982
1.24564
1.22986
1.2132
1.19765
1.18003
1.15988
1.14345
1.12827
1.11144
1.09903
1.08649
1.06827
1.05509
1.04494
1.02852
1.0148
1.00502
0.990387
0.980544
0.973973
0.963859
0.95687
0.952678
0.9452
0.935371
0.925019
0.914771
0.916156
0.923657
0.950856
0.987948
1.00876
1.01443
1.01467
1.01341
1.01023
1.00641
1.00372
1.00191
1.00164
1.00309
1.00449
1.0036
1.00115
0.998713
0.997707
0.996796
0.996218
0.996205
0.996524
0.996804
0.997048
0.997737
0.99927
1.00052
1.00103
1.00128
1.00138
1.00143
1.00148
1.00154
1.00167
1.00188
1.00213
1.00248
1.00316
1.00444
1.00562
1.006
1.00618
1.00641
1.0067
1.00699
1.00734
1.00775
1.00792
1.00795
1.00787
1.00742
1.00618
1.00447
1.00378
1.00378
1.00384
1.004
1.00444
1.00545
1.00659
1.00693
1.00697
1.00697
1.00684
1.00633
1.00489
1.00193
1.26016
1.2464
1.2319
1.21631
1.20161
1.18648
1.16783
1.15046
1.13827
1.12318
1.10739
1.09718
1.08312
1.06555
1.05503
1.04211
1.0255
1.01547
1.00343
0.991405
0.986104
0.978761
0.971591
0.96608
0.959306
0.950629
0.939979
0.926406
0.917304
0.919199
0.931282
0.960027
0.991115
1.00841
1.00858
1.00715
1.0043
1.00088
0.998821
0.998518
0.999914
1.00211
1.0018
1.0001
0.997889
0.996856
0.9964
0.996209
0.996653
0.997595
0.997897
0.997889
0.997934
0.998433
0.999519
1.0002
1.00061
1.00088
1.00101
1.00109
1.00115
1.00116
1.00133
1.00168
1.0021
1.00265
1.00374
1.00546
1.00655
1.00682
1.00683
1.00678
1.00693
1.00716
1.00749
1.00796
1.00818
1.00821
1.00806
1.0073
1.0056
1.00414
1.00389
1.00393
1.00404
1.00433
1.00508
1.00636
1.00711
1.0072
1.00723
1.00719
1.00692
1.00602
1.00382
1.00095
1.26072
1.24739
1.2336
1.21889
1.20476
1.19143
1.17563
1.15805
1.14552
1.13357
1.11711
1.10435
1.09324
1.07602
1.06261
1.05191
1.03609
1.02449
1.01654
1.00473
0.997169
0.992557
0.986135
0.979153
0.970937
0.961964
0.950879
0.938762
0.926669
0.923639
0.928963
0.9446
0.969372
0.995669
1.00117
1.00013
0.998429
0.996943
0.996205
0.997551
1.00096
1.00135
1.00035
0.998778
0.997522
0.997143
0.997149
0.997771
0.998661
0.99878
0.998544
0.998308
0.99832
0.998855
0.999551
0.999935
1.00027
1.0006
1.00083
1.00099
1.00109
1.0012
1.00133
1.00153
1.00198
1.00307
1.0051
1.00682
1.00727
1.00741
1.00717
1.00689
1.00695
1.00713
1.00753
1.00813
1.00837
1.0084
1.00813
1.00695
1.00496
1.00401
1.00398
1.00406
1.00426
1.00482
1.00602
1.00721
1.00749
1.00752
1.00751
1.00736
1.00682
1.00528
1.00239
1.0003
1.26081
1.24837
1.23542
1.2215
1.20777
1.19526
1.18165
1.16518
1.15129
1.1408
1.1264
1.11132
1.10023
1.08516
1.06949
1.05973
1.04678
1.03382
1.02808
1.02001
1.00975
1.00442
0.998678
0.990822
0.980561
0.969466
0.958504
0.949262
0.940612
0.933246
0.934287
0.943079
0.956131
0.975401
0.992123
0.995084
0.996044
0.997832
1.00168
1.00693
1.00962
1.01039
1.01054
1.01015
1.00965
1.00936
1.0097
1.01004
1.00955
1.00844
1.00691
1.00545
1.00434
1.0034
1.00238
1.00143
1.00104
1.00112
1.00124
1.00133
1.00144
1.00161
1.00183
1.00219
1.00303
1.00493
1.00701
1.00763
1.00775
1.0075
1.00702
1.00694
1.00707
1.00735
1.00798
1.00857
1.0087
1.00866
1.00802
1.00625
1.0045
1.00412
1.00418
1.0043
1.00466
1.00562
1.00709
1.00777
1.00785
1.00787
1.0078
1.00746
1.00643
1.00396
1.00102
1.00005
1.25972
1.24844
1.23692
1.22412
1.21081
1.19847
1.18604
1.17102
1.15602
1.14572
1.13355
1.11804
1.10619
1.09309
1.07692
1.0674
1.05813
1.04538
1.0386
1.03303
1.02325
1.01493
1.00809
0.999195
0.986874
0.975049
0.96656
0.960613
0.955714
0.950017
0.946878
0.950576
0.957456
0.968837
0.987953
1.00379
1.01488
1.02521
1.03503
1.04104
1.04291
1.04322
1.0432
1.04302
1.0424
1.04189
1.04131
1.03963
1.03711
1.03419
1.03139
1.02886
1.02619
1.02287
1.01903
1.01506
1.01141
1.00839
1.00586
1.0039
1.00279
1.00254
1.00277
1.00344
1.00501
1.00706
1.00782
1.00793
1.00773
1.00709
1.00678
1.00691
1.00716
1.0077
1.00862
1.00907
1.00918
1.00901
1.00774
1.00542
1.00428
1.00425
1.00437
1.00463
1.00534
1.0068
1.00798
1.00819
1.00822
1.0082
1.00803
1.00733
1.00543
1.00219
1.00023
1
1.25854
1.24837
1.23821
1.22655
1.21387
1.20154
1.1897
1.17578
1.16029
1.14933
1.13894
1.12438
1.11196
1.10113
1.08664
1.07598
1.06897
1.05799
1.04839
1.04291
1.03377
1.02268
1.01456
1.00521
0.99248
0.982881
0.97933
0.977317
0.976414
0.976299
0.977839
0.980537
0.986267
1.00211
1.02217
1.04077
1.05592
1.06894
1.07611
1.07638
1.07529
1.0722
1.06878
1.06728
1.06673
1.06641
1.06452
1.06124
1.0573
1.05378
1.05126
1.0492
1.04698
1.04407
1.04049
1.03661
1.03271
1.02857
1.02377
1.01828
1.0128
1.00883
1.00706
1.00693
1.00767
1.00815
1.00821
1.00812
1.00766
1.00702
1.00689
1.00708
1.00749
1.00841
1.00933
1.00956
1.0096
1.009
1.00701
1.00491
1.0044
1.00444
1.00457
1.00507
1.0064
1.00806
1.0086
1.00866
1.00866
1.00855
1.00805
1.00666
1.00362
1.00071
1.00002
1
1.25816
1.24841
1.23906
1.22848
1.21647
1.20404
1.19241
1.17956
1.16477
1.15291
1.14354
1.13083
1.11819
1.1092
1.09749
1.0858
1.0785
1.06908
1.05669
1.04895
1.04102
1.03012
1.02083
1.01224
1.00506
1.00399
1.00798
1.01529
1.02501
1.03498
1.04021
1.03786
1.03827
1.04664
1.05802
1.07037
1.08091
1.08911
1.09
1.08868
1.08528
1.08093
1.07664
1.07503
1.07586
1.07498
1.07199
1.06826
1.06473
1.06225
1.0604
1.05849
1.05637
1.05416
1.05203
1.05
1.04783
1.04546
1.04271
1.03892
1.0335
1.02738
1.02205
1.01767
1.01394
1.01097
1.00917
1.00819
1.00746
1.00713
1.00727
1.00759
1.00832
1.00951
1.01008
1.0102
1.00995
1.00845
1.00583
1.00463
1.00461
1.00472
1.00503
1.00603
1.00786
1.00896
1.0091
1.00914
1.0091
1.00878
1.00771
1.00507
1.00152
1.00009
1
1
1.25751
1.24824
1.23942
1.23028
1.21907
1.20622
1.19412
1.18226
1.16902
1.15723
1.14861
1.13793
1.12566
1.11672
1.10673
1.09433
1.08512
1.07625
1.0644
1.05517
1.04848
1.04102
1.03755
1.04102
1.04871
1.06133
1.07669
1.08865
1.097
1.09619
1.09056
1.0794
1.07301
1.07342
1.07579
1.08039
1.08498
1.08664
1.0862
1.0842
1.08031
1.07748
1.07619
1.07516
1.07368
1.07174
1.06893
1.06572
1.06371
1.06219
1.06021
1.05787
1.05572
1.05403
1.05259
1.05118
1.05029
1.04989
1.04912
1.0477
1.04578
1.04338
1.04016
1.03589
1.03047
1.02402
1.01723
1.01158
1.0085
1.00773
1.00783
1.00835
1.00949
1.01043
1.01066
1.01067
1.00974
1.00727
1.00507
1.0046
1.00468
1.00492
1.00572
1.00756
1.00925
1.0096
1.00965
1.00964
1.00945
1.00862
1.00642
1.00262
1.00028
1
1
1
1.25866
1.24906
1.2403
1.23204
1.22131
1.20846
1.1959
1.18467
1.17306
1.16238
1.15423
1.14505
1.13317
1.1228
1.11304
1.10076
1.09053
1.08348
1.07543
1.07121
1.0766
1.08628
1.09926
1.11567
1.127
1.13578
1.14233
1.1404
1.13369
1.12419
1.11187
1.10056
1.09349
1.08882
1.08587
1.08514
1.08327
1.07938
1.07735
1.07586
1.07552
1.07619
1.07586
1.07237
1.06818
1.06533
1.06358
1.06199
1.0609
1.06011
1.05851
1.05596
1.05401
1.05307
1.05243
1.05219
1.05262
1.05258
1.0518
1.05086
1.05031
1.04986
1.04887
1.04712
1.04408
1.03928
1.03269
1.02519
1.01852
1.0138
1.01137
1.01088
1.01105
1.01113
1.01107
1.01042
1.00856
1.00596
1.0049
1.0049
1.00507
1.00562
1.00712
1.00929
1.01016
1.01026
1.01029
1.01016
1.00949
1.00762
1.00383
1.00064
1.00001
1
1
1
1.25949
1.25041
1.24111
1.23252
1.22238
1.21052
1.19843
1.18809
1.17781
1.16764
1.15904
1.15041
1.13937
1.12815
1.11878
1.10941
1.10399
1.10855
1.12085
1.13539
1.15366
1.16738
1.17582
1.18015
1.17687
1.17132
1.16419
1.15311
1.13993
1.12888
1.11742
1.10791
1.10012
1.09164
1.08585
1.08068
1.0728
1.06506
1.06344
1.06466
1.06755
1.06818
1.06695
1.06413
1.06091
1.05931
1.05935
1.05961
1.0592
1.05762
1.05518
1.05241
1.05033
1.04925
1.04851
1.04745
1.04637
1.04643
1.04673
1.04727
1.04802
1.0484
1.04856
1.0482
1.0471
1.04487
1.0412
1.03676
1.03221
1.02745
1.02233
1.01731
1.01366
1.01193
1.01099
1.00936
1.00689
1.00539
1.00519
1.00534
1.00574
1.00686
1.00903
1.0106
1.01084
1.01091
1.01089
1.01041
1.00878
1.00507
1.00114
1.00004
1
1
1
1
1.25979
1.2528
1.24251
1.23305
1.22333
1.21255
1.20134
1.19175
1.18229
1.17228
1.16327
1.1554
1.14602
1.13734
1.13798
1.1484
1.16562
1.18707
1.20532
1.21313
1.22058
1.21853
1.21319
1.20599
1.19474
1.1837
1.17167
1.15731
1.14165
1.12858
1.11885
1.11006
1.10148
1.09296
1.0837
1.07352
1.06455
1.05915
1.0576
1.05911
1.06057
1.059
1.05544
1.05384
1.05313
1.05261
1.0525
1.05195
1.0507
1.04884
1.04677
1.0455
1.04472
1.04401
1.04326
1.04174
1.03914
1.03651
1.03612
1.03695
1.03877
1.04223
1.04575
1.04814
1.04928
1.04909
1.04679
1.04331
1.04056
1.03808
1.03476
1.0298
1.02302
1.01601
1.01095
1.00791
1.00602
1.00548
1.00565
1.00599
1.00682
1.00868
1.01089
1.0116
1.0117
1.0117
1.01131
1.00983
1.00625
1.00174
1.00009
1
1
1
1
1
1.25677
1.25339
1.24326
1.23406
1.22489
1.21466
1.20399
1.19471
1.18581
1.17707
1.17003
1.16758
1.17387
1.18985
1.21258
1.23443
1.24692
1.25466
1.25262
1.24714
1.24082
1.23166
1.22039
1.20754
1.19323
1.17887
1.16585
1.1527
1.14142
1.13234
1.12505
1.11823
1.11003
1.0979
1.0822
1.06645
1.05964
1.05857
1.0595
1.0595
1.05673
1.05191
1.04552
1.04277
1.04263
1.0446
1.04627
1.04612
1.04475
1.04153
1.03842
1.03781
1.0382
1.03863
1.03868
1.038
1.03583
1.03276
1.031
1.03144
1.03311
1.03737
1.0445
1.04905
1.04985
1.04932
1.04647
1.04275
1.04054
1.0395
1.03867
1.0371
1.03361
1.02659
1.0169
1.00945
1.00677
1.00649
1.00666
1.00712
1.00835
1.01068
1.01226
1.01252
1.0126
1.01237
1.01096
1.00736
1.00234
1.00016
1
1
1
1
1
1
1.2371
1.25087
1.24302
1.23642
1.22697
1.21623
1.20606
1.19816
1.19202
1.19221
1.20467
1.22959
1.25595
1.27776
1.28901
1.29132
1.28848
1.28309
1.27414
1.26285
1.25026
1.23588
1.21899
1.20181
1.18683
1.17376
1.16226
1.15149
1.14181
1.13272
1.12381
1.11391
1.10285
1.09155
1.07876
1.06795
1.06176
1.05774
1.05453
1.05164
1.04772
1.04378
1.03972
1.0375
1.03747
1.03924
1.04009
1.03913
1.03737
1.0358
1.03469
1.03461
1.03515
1.0355
1.0354
1.03489
1.03407
1.03256
1.03088
1.03072
1.03163
1.03318
1.03534
1.03821
1.04025
1.04079
1.04009
1.03914
1.03976
1.04059
1.04074
1.03999
1.03807
1.03408
1.027
1.01854
1.01198
1.00899
1.00849
1.00893
1.01052
1.01272
1.01348
1.01361
1.01344
1.01203
1.00834
1.00288
1.00024
1
1
1
1
1
1
1
1.16068
1.23013
1.23928
1.23563
1.22728
1.21846
1.21179
1.21282
1.22939
1.25952
1.29229
1.31336
1.32299
1.32128
1.31424
1.3075
1.29726
1.28647
1.27401
1.26
1.24527
1.23032
1.2143
1.19856
1.18485
1.17377
1.16457
1.15634
1.14781
1.13817
1.12626
1.1124
1.09825
1.08665
1.08
1.07515
1.06876
1.06199
1.05597
1.04979
1.04264
1.03822
1.03639
1.03723
1.0385
1.03848
1.03684
1.03355
1.03121
1.03097
1.03148
1.03304
1.03411
1.03437
1.03399
1.03308
1.03276
1.03229
1.03168
1.03174
1.0324
1.03358
1.03451
1.03483
1.03508
1.03531
1.03527
1.03535
1.03576
1.03637
1.03733
1.03799
1.03722
1.03453
1.03149
1.02783
1.02242
1.01642
1.01266
1.01211
1.01319
1.01447
1.01482
1.01462
1.01312
1.00916
1.00325
1.00029
1
1
1
1
1
1
1
1
1.04989
1.1508
1.21534
1.22988
1.22577
1.22621
1.24404
1.27916
1.31591
1.34234
1.35501
1.35393
1.34911
1.33884
1.32708
1.31404
1.29914
1.28218
1.26679
1.252
1.23775
1.22434
1.21162
1.19954
1.18728
1.17539
1.16405
1.15338
1.14313
1.13296
1.12243
1.11023
1.09842
1.08939
1.08189
1.07414
1.06618
1.05861
1.05212
1.04649
1.04101
1.03704
1.03532
1.03449
1.0337
1.0328
1.0312
1.02925
1.0289
1.02951
1.031
1.03292
1.03383
1.03397
1.03356
1.03288
1.03292
1.03339
1.03461
1.03569
1.03584
1.03434
1.03181
1.02991
1.02881
1.02909
1.03023
1.03153
1.03194
1.032
1.0316
1.03166
1.0324
1.03338
1.03371
1.03268
1.03058
1.02757
1.0238
1.01996
1.0174
1.01626
1.01535
1.01373
1.00967
1.00344
1.0003
1
1
1
1
1
1
1
1
1
1.0044
1.04305
1.1353
1.19717
1.23833
1.28504
1.32982
1.35337
1.36819
1.37148
1.36769
1.3603
1.35103
1.33848
1.32405
1.30939
1.29389
1.27814
1.26261
1.2482
1.23486
1.22259
1.21198
1.20264
1.19251
1.18116
1.16919
1.15667
1.14421
1.13164
1.12098
1.11307
1.10529
1.09721
1.08877
1.08018
1.07145
1.06231
1.05345
1.04614
1.04081
1.03884
1.03821
1.03671
1.03354
1.02959
1.0286
1.02935
1.03018
1.03143
1.03341
1.035
1.03559
1.03575
1.03582
1.03629
1.03715
1.0383
1.03926
1.03953
1.03878
1.036
1.03112
1.02656
1.02533
1.02557
1.02664
1.0292
1.03098
1.03141
1.03135
1.02979
1.02806
1.02828
1.02977
1.03184
1.0324
1.03291
1.03297
1.03092
1.02571
1.01883
1.01414
1.00911
1.00315
1.00028
1
1
1
1
1
1
1
1
1
1
1.0001
1.00366
1.04144
1.14638
1.27284
1.35993
1.40714
1.43257
1.43193
1.41565
1.39278
1.36993
1.34973
1.33317
1.31875
1.30436
1.28933
1.2747
1.25993
1.24632
1.23385
1.22193
1.2106
1.19931
1.18809
1.17707
1.16571
1.15383
1.14173
1.12982
1.11817
1.10758
1.09883
1.09093
1.08339
1.07599
1.06822
1.05964
1.05046
1.04236
1.03715
1.03425
1.03259
1.03138
1.02939
1.02558
1.02309
1.02307
1.02378
1.02546
1.02794
1.03013
1.03135
1.03222
1.03309
1.03422
1.03574
1.03752
1.03872
1.03892
1.03837
1.03543
1.02851
1.02198
1.02099
1.02148
1.02281
1.02577
1.02792
1.02839
1.02841
1.02649
1.02378
1.02381
1.02505
1.02882
1.0362
1.04094
1.04144
1.0398
1.03394
1.02299
1.00994
1.00217
1.00015
1
1
1
1
1
1
1
1
1
1
1
)
;

boundaryField
{
    inlet
    {
        type            fixedValue;
        value           uniform 1;
    }
    outlet
    {
        type            inletOutlet;
        inletValue      uniform 1;
        value           nonuniform List<scalar> 
32
(
1.00527
1.00529
1.00529
1.00531
1.00532
1.00534
1.00534
1.00532
1.00526
1.00515
1.00495
1.00462
1.00412
1.00341
1.00251
1.00151
1.00066
1.00018
1.00002
1
1
1
1
1
1
1
1
1
1
1
1
1
)
;
    }
    bottom
    {
        type            symmetryPlane;
    }
    top
    {
        type            symmetryPlane;
    }
    obstacle
    {
        type            zeroGradient;
    }
    defaultFaces
    {
        type            empty;
    }
}


// ************************************************************************* //
