/*--------------------------------*- C++ -*----------------------------------*\
  =========                 |
  \\      /  F ield         | OpenFOAM: The Open Source CFD Toolbox
   \\    /   O peration     | Website:  https://openfoam.org
    \\  /    A nd           | Version:  7
     \\/     M anipulation  |
\*---------------------------------------------------------------------------*/
FoamFile
{
    version     2.0;
    format      ascii;
    class       volScalarField;
    location    "1.6";
    object      rho;
}
// * * * * * * * * * * * * * * * * * * * * * * * * * * * * * * * * * * * * * //

dimensions      [1 -3 0 0 0 0 0];

internalField   nonuniform List<scalar> 
4608
(
1.61151
1.60015
1.58708
1.56702
1.5423
1.53396
1.52655
1.51708
1.51053
1.49859
1.48227
1.47302
1.4619
1.44711
1.43415
1.41781
1.40657
1.40458
1.40184
1.39371
1.38392
1.37073
1.34972
1.33677
1.334
1.32827
1.31957
1.31363
1.30615
1.29694
1.28915
1.27927
1.26711
1.25275
1.2429
1.23965
1.23694
1.23316
1.22745
1.21908
1.20507
1.19052
1.18239
1.1775
1.17362
1.16766
1.16144
1.15747
1.15331
1.14614
1.13135
1.12207
1.12579
1.13993
1.18359
1.27116
1.38681
1.58349
1.81248
1.98409
2.22812
2.38077
2.45212
2.53199
2.56507
2.55845
2.53371
2.49384
2.46021
2.43095
2.39566
2.37021
2.35108
2.32834
2.29793
2.2709
2.26121
2.25576
2.24985
2.24397
2.23809
2.22881
2.22135
2.21706
2.2139
2.20943
2.20196
2.19331
2.18256
2.16845
2.1553
2.14448
2.13351
2.12421
2.11522
2.10289
2.08716
2.07463
2.06337
2.05117
2.04339
2.03869
2.03215
2.02226
2.0133
2.00739
2.00059
1.99263
1.98345
1.97699
1.97401
1.97281
1.97304
1.97264
1.96864
1.96389
1.96124
1.95893
1.95764
1.95754
1.95776
1.95884
1.96102
1.95806
1.95206
1.94478
1.93809
1.93527
1.93078
1.92628
1.9252
1.93093
1.93363
1.93054
1.92518
1.92133
1.91861
1.91703
1.91727
1.92657
1.94499
1.95664
1.95822
1.95745
1.95772
1.96218
1.96914
1.97463
1.98246
1.99858
2.01016
2.01362
2.01763
2.02383
2.02594
2.02726
2.03147
2.04103
2.04653
2.05202
2.05798
2.05877
2.05526
2.05181
2.05242
2.05542
2.05354
2.05238
2.05342
2.05768
2.05733
2.05411
2.05369
2.05547
2.05406
2.05066
2.05067
2.05252
2.05157
2.05117
2.05206
2.05264
2.04857
2.04126
2.0381
2.0376
2.03753
2.03519
2.03431
2.03201
2.02616
2.0162
2.00694
2.00339
2.00175
1.99676
1.99206
1.9923
1.9927
1.98795
1.9764
1.96846
1.9666
1.96513
1.96195
1.95934
1.95884
1.95805
1.95511
1.95241
1.94896
1.94092
1.93153
1.9285
1.92646
1.92342
1.91998
1.91596
1.91143
1.90734
1.90222
1.89409
1.88728
1.88195
1.87502
1.86691
1.86425
1.86295
1.86053
1.85915
1.85939
1.85681
1.85391
1.85057
1.84612
1.84527
1.846
1.84816
1.85317
1.86177
1.87523
1.89866
1.93058
1.9579
1.98422
2.01806
2.05899
2.09967
2.14405
2.20021
2.26834
2.3199
2.36512
2.43254
2.49639
2.51965
2.54711
2.60752
2.63814
2.65276
2.68638
2.7187
2.73681
2.76467
2.78492
2.78686
2.79527
2.81334
2.8163
2.81405
2.81959
2.82889
2.82782
2.82425
2.82634
2.83366
2.83418
2.83489
2.84061
2.84388
2.84209
2.83667
2.83195
2.8276
2.82177
2.81247
2.80094
2.77965
1.70298
1.67786
1.66147
1.64897
1.63487
1.62598
1.61278
1.59679
1.59076
1.58214
1.56839
1.55236
1.52954
1.51306
1.5086
1.50187
1.49244
1.48619
1.47839
1.46302
1.44819
1.43469
1.4205
1.41411
1.40764
1.39608
1.38979
1.38498
1.37764
1.36835
1.35258
1.33212
1.32512
1.32092
1.31587
1.31154
1.30482
1.29715
1.28918
1.2775
1.26415
1.25206
1.24075
1.23611
1.2352
1.23333
1.22909
1.2223
1.22392
1.23523
1.27147
1.36357
1.49972
1.68816
1.97924
2.18142
2.38062
2.59428
2.65775
2.70458
2.74025
2.7483
2.73538
2.7038
2.6529
2.60671
2.56291
2.52936
2.51218
2.49645
2.47837
2.45363
2.41922
2.40288
2.39809
2.39577
2.39421
2.38913
2.38188
2.37065
2.35591
2.34517
2.33696
2.32789
2.31776
2.30652
2.2934
2.2774
2.25831
2.2433
2.23302
2.22236
2.21136
2.2011
2.19008
2.17661
2.16312
2.15439
2.146
2.13653
2.12721
2.11882
2.11044
2.10226
2.09502
2.08777
2.07901
2.06917
2.06107
2.05419
2.04807
2.04259
2.03628
2.02838
2.0204
2.01308
2.00361
1.99188
1.98566
1.98163
1.9739
1.96538
1.96033
1.95373
1.94183
1.9304
1.92609
1.92449
1.92457
1.92064
1.91366
1.90678
1.90333
1.90109
1.89999
1.89995
1.90351
1.9071
1.90434
1.89699
1.88994
1.88556
1.88265
1.88045
1.87798
1.87816
1.88378
1.88446
1.879
1.86782
1.8639
1.86268
1.86042
1.85926
1.86598
1.87509
1.87392
1.87508
1.87753
1.87955
1.88392
1.89261
1.9028
1.91266
1.92256
1.93114
1.93773
1.94454
1.95523
1.95928
1.9616
1.96495
1.96765
1.97294
1.97848
1.98125
1.98747
1.99282
1.99276
1.99277
1.99433
1.99538
1.99151
1.98746
1.98728
1.99046
1.99485
1.99478
1.99483
1.99784
1.99818
1.99402
1.98862
1.98637
1.98522
1.98529
1.99023
1.996
1.99598
1.99321
1.99124
1.98764
1.98258
1.9809
1.97999
1.97864
1.97678
1.97592
1.97645
1.97715
1.97394
1.96896
1.96563
1.96087
1.95174
1.9426
1.93957
1.93532
1.93041
1.92803
1.92511
1.92051
1.91683
1.91334
1.90765
1.89705
1.88699
1.88385
1.88141
1.87869
1.87703
1.87667
1.87555
1.87376
1.87075
1.8645
1.85423
1.84803
1.84672
1.84651
1.84541
1.84543
1.84774
1.8504
1.85026
1.8483
1.84627
1.84448
1.84362
1.84567
1.85497
1.87215
1.8961
1.92383
1.95952
1.9971
2.02602
2.06277
2.11404
2.16415
2.21118
2.25783
2.30425
2.37346
2.42731
2.46235
2.50582
2.5754
2.60117
2.61661
2.65102
2.70052
2.70838
2.71624
2.74515
2.77118
2.7702
2.7737
2.79339
2.80009
2.79735
2.80083
2.80996
2.81218
2.80811
2.80529
2.80625
2.80494
1.78871
1.77133
1.75457
1.73829
1.71847
1.70992
1.70513
1.69447
1.68038
1.66502
1.64057
1.61985
1.61059
1.60172
1.59475
1.58743
1.57328
1.56234
1.55295
1.5387
1.52252
1.50269
1.49037
1.48764
1.48515
1.47737
1.46863
1.45913
1.44105
1.42428
1.41421
1.40536
1.39971
1.39187
1.38485
1.38089
1.37449
1.36451
1.34852
1.32693
1.31789
1.31552
1.31493
1.31409
1.31986
1.34185
1.38071
1.46822
1.63018
1.81874
2.10515
2.40313
2.57755
2.79389
2.90879
2.93046
2.94143
2.93125
2.92279
2.90597
2.8664
2.8203
2.76895
2.70466
2.66712
2.65123
2.64229
2.63111
2.61438
2.59057
2.56427
2.55151
2.54426
2.53928
2.53865
2.53495
2.52575
2.51337
2.49588
2.47732
2.46548
2.45569
2.44546
2.43388
2.42098
2.40631
2.38913
2.37236
2.36067
2.351
2.34092
2.32986
2.3181
2.30586
2.29381
2.28389
2.27556
2.26701
2.25717
2.24572
2.23359
2.22221
2.21268
2.2043
2.19543
2.18406
2.17036
2.15907
2.14891
2.13739
2.12836
2.12175
2.1136
2.102
2.08871
2.07697
2.06551
2.05459
2.0485
2.04372
2.03707
2.02873
2.01901
2.0089
1.99968
1.9912
1.98528
1.98152
1.97838
1.97329
1.96735
1.95959
1.94878
1.94322
1.93869
1.9312
1.92627
1.92411
1.9198
1.91342
1.90511
1.89218
1.88362
1.88087
1.87495
1.86805
1.86469
1.86326
1.86347
1.85984
1.85287
1.84956
1.84709
1.84257
1.8401
1.83881
1.83878
1.84074
1.84671
1.84928
1.84646
1.84182
1.83429
1.8264
1.82364
1.82246
1.82246
1.82709
1.82771
1.82225
1.81981
1.81885
1.81651
1.81666
1.82085
1.82907
1.8376
1.84131
1.8427
1.8446
1.85143
1.86036
1.86541
1.86988
1.87815
1.88741
1.8926
1.89963
1.90429
1.90624
1.91063
1.91423
1.91723
1.92213
1.92244
1.92025
1.92052
1.9237
1.93157
1.94255
1.94694
1.94643
1.94197
1.93841
1.93852
1.9381
1.93488
1.93378
1.93713
1.94093
1.94402
1.94505
1.94403
1.93929
1.93325
1.92856
1.92657
1.92651
1.92856
1.93027
1.9298
1.92931
1.92864
1.928
1.92645
1.92157
1.91253
1.90676
1.90504
1.90393
1.90368
1.90501
1.90328
1.89652
1.89029
1.88711
1.88404
1.88038
1.87471
1.86679
1.85687
1.8458
1.84196
1.84113
1.84101
1.83907
1.83688
1.83514
1.83148
1.82382
1.81522
1.81258
1.81187
1.81171
1.81286
1.81692
1.82144
1.82666
1.8306
1.83437
1.84214
1.85298
1.86553
1.8868
1.91785
1.94874
1.9796
2.01929
2.06986
2.11386
2.1522
2.20424
2.27003
2.30853
2.34643
2.41074
2.45279
2.48061
2.53091
2.5706
2.59408
2.62602
2.6798
2.69122
2.69567
2.71981
2.74489
2.75025
1.88688
1.8614
1.83561
1.82516
1.81949
1.81087
1.79918
1.78721
1.76582
1.74009
1.72354
1.7105
1.70084
1.68783
1.67668
1.67198
1.66379
1.64929
1.62932
1.60364
1.58921
1.58332
1.57785
1.57063
1.56484
1.55636
1.54202
1.52663
1.50891
1.49565
1.4849
1.47571
1.47168
1.46809
1.46085
1.45167
1.4394
1.41664
1.40465
1.405
1.41169
1.43784
1.49626
1.60208
1.79031
2.01138
2.25836
2.6066
2.81156
2.98188
3.15797
3.21366
3.20349
3.16723
3.12596
3.09064
3.06259
3.02452
2.98635
2.94524
2.88948
2.828
2.79856
2.7845
2.77968
2.77197
2.75846
2.74481
2.72487
2.70627
2.69732
2.69091
2.68745
2.68161
2.67054
2.65776
2.64083
2.61916
2.60327
2.59188
2.58063
2.56856
2.55559
2.54118
2.52384
2.50556
2.49364
2.48403
2.47416
2.4633
2.45107
2.43668
2.42115
2.40963
2.40035
2.39106
2.38171
2.37158
2.35829
2.34414
2.33419
2.32426
2.31399
2.30503
2.29584
2.28437
2.26846
2.25841
2.25121
2.24262
2.2343
2.22659
2.21829
2.20822
2.19393
2.18291
2.17623
2.16837
2.16019
2.15313
2.14593
2.13772
2.12636
2.1111
2.10219
2.09548
2.08691
2.07725
2.07056
2.06435
2.05655
2.04599
2.0309
2.01877
2.01189
2.00334
1.99333
1.98851
1.984
1.97717
1.96839
1.95749
1.94602
1.93693
1.92771
1.91888
1.91471
1.91251
1.90996
1.90515
1.89969
1.89422
1.88775
1.87737
1.86421
1.85888
1.85683
1.85482
1.85123
1.84645
1.842
1.83819
1.83257
1.81912
1.80806
1.80628
1.80671
1.80305
1.79802
1.79663
1.79775
1.80019
1.80001
1.79346
1.78492
1.78298
1.78221
1.78159
1.78267
1.78559
1.78761
1.78841
1.78711
1.77749
1.77048
1.76902
1.76735
1.76642
1.7698
1.77904
1.78107
1.77992
1.77747
1.77394
1.7744
1.77545
1.77644
1.77901
1.78441
1.79554
1.80935
1.81868
1.8208
1.81998
1.82025
1.8238
1.82519
1.82608
1.82892
1.83355
1.84034
1.84999
1.86155
1.8682
1.86922
1.86627
1.86089
1.86073
1.8635
1.86648
1.86909
1.87287
1.88078
1.89098
1.89287
1.89099
1.88734
1.88131
1.873
1.86675
1.86484
1.86409
1.8639
1.86722
1.87554
1.87959
1.87845
1.87667
1.874
1.86739
1.85567
1.84813
1.84684
1.84632
1.84607
1.84865
1.85266
1.85176
1.84941
1.84587
1.83678
1.82457
1.82037
1.81976
1.81951
1.82112
1.82147
1.81929
1.81694
1.81357
1.80867
1.80031
1.79235
1.79133
1.79283
1.79288
1.79024
1.78901
1.79025
1.79422
1.80063
1.81254
1.83538
1.85857
1.87526
1.89697
1.93356
1.96764
2.00047
2.04431
2.08908
2.13085
2.18504
2.24103
2.27974
2.32217
2.37767
2.44731
1.97379
1.94597
1.93781
1.93072
1.92041
1.90955
1.89253
1.87495
1.8556
1.83292
1.81445
1.79557
1.78445
1.77955
1.77429
1.76353
1.74981
1.72928
1.69759
1.6823
1.67786
1.67129
1.66354
1.65349
1.64448
1.63555
1.62039
1.59986
1.57647
1.56378
1.55904
1.55598
1.55184
1.54535
1.5361
1.5269
1.52657
1.54656
1.61131
1.728
1.94906
2.24217
2.50227
2.85199
3.12001
3.2394
3.35311
3.45508
3.48445
3.46758
3.41599
3.33928
3.27408
3.22273
3.18318
3.15364
3.12111
3.08347
3.03325
2.97693
2.95391
2.94221
2.93527
2.93173
2.92365
2.9122
2.89434
2.87323
2.86068
2.85122
2.84354
2.83524
2.82245
2.80796
2.79003
2.76701
2.74762
2.73476
2.72326
2.71184
2.69918
2.68498
2.66774
2.64726
2.63316
2.62264
2.61252
2.60245
2.59163
2.57977
2.56494
2.54853
2.53861
2.52932
2.5184
2.50756
2.49718
2.48618
2.47253
2.45845
2.45007
2.442
2.43208
2.42146
2.41089
2.39952
2.38547
2.37292
2.36545
2.35764
2.34783
2.33739
2.32723
2.31599
2.30006
2.28434
2.27731
2.27058
2.26119
2.25097
2.24261
2.23392
2.2222
2.20408
2.18724
2.18107
2.17528
2.16609
2.15735
2.15171
2.14532
2.13647
2.12367
2.10727
2.09721
2.09062
2.0822
2.07579
2.07196
2.06719
2.06052
2.05223
2.04197
2.02929
2.01657
2.00536
1.99923
1.99577
1.99232
1.98708
1.98029
1.97316
1.96533
1.95548
1.94088
1.92492
1.91938
1.91683
1.91287
1.90649
1.90019
1.89497
1.88908
1.8807
1.86529
1.85168
1.84785
1.84563
1.84305
1.83878
1.83486
1.83149
1.8277
1.82186
1.80864
1.79445
1.79043
1.78889
1.78801
1.78371
1.77734
1.77516
1.77434
1.77195
1.76255
1.74981
1.74695
1.74603
1.74426
1.74267
1.74216
1.74372
1.74974
1.75113
1.74872
1.74091
1.7284
1.72044
1.71629
1.71339
1.71209
1.7124
1.71843
1.72245
1.72108
1.7176
1.71434
1.71064
1.70843
1.70782
1.70832
1.71129
1.71773
1.72692
1.73385
1.73644
1.73642
1.73403
1.73055
1.72996
1.73203
1.73605
1.74242
1.75249
1.76441
1.7738
1.77887
1.77994
1.77849
1.773
1.76762
1.76752
1.77095
1.77736
1.78483
1.79265
1.80183
1.81146
1.81762
1.81881
1.81739
1.8089
1.79898
1.79778
1.79884
1.80048
1.80283
1.80773
1.81457
1.81571
1.81381
1.8087
1.79908
1.79126
1.78923
1.78865
1.7871
1.78556
1.78536
1.78721
1.78896
1.78841
1.78422
1.77739
1.77372
1.7718
1.76989
1.76693
1.76157
1.75821
1.75756
1.75746
1.75762
1.75849
1.76034
1.76386
1.76721
1.76954
1.77261
1.77998
1.78534
1.78959
1.79818
1.81339
1.83012
1.84736
1.87247
1.92463
2.07676
2.06196
2.04957
2.03341
2.01541
2.00752
1.99756
1.97848
1.95166
1.91734
1.89798
1.89123
1.88639
1.87764
1.86793
1.85543
1.83134
1.80488
1.78684
1.77687
1.76724
1.75327
1.7456
1.74117
1.73186
1.71685
1.69341
1.66205
1.64994
1.64989
1.65063
1.65413
1.66712
1.7004
1.78395
1.92058
2.12089
2.47417
2.78786
3.08834
3.46707
3.62904
3.68801
3.72284
3.72201
3.7245
3.70758
3.65384
3.58569
3.50303
3.41331
3.3633
3.33333
3.30955
3.28264
3.24804
3.20346
3.16039
3.13805
3.12394
3.11687
3.11681
3.11167
3.09788
3.08087
3.05753
3.0364
3.02263
3.01011
2.99976
2.98672
2.9713
2.95392
2.932
2.90718
2.89082
2.87842
2.86688
2.85447
2.84096
2.82613
2.80835
2.78824
2.77478
2.76458
2.75433
2.7429
2.73007
2.71611
2.70205
2.68758
2.67417
2.66466
2.6557
2.64511
2.63266
2.61856
2.60401
2.59065
2.57683
2.56624
2.5582
2.54882
2.53726
2.52417
2.51073
2.4973
2.48249
2.47135
2.46371
2.45483
2.44385
2.43338
2.42266
2.40827
2.38854
2.37718
2.37124
2.36407
2.35505
2.34693
2.33942
2.33083
2.31853
2.29938
2.28336
2.27673
2.27013
2.26206
2.25594
2.25084
2.24463
2.23637
2.22452
2.20834
2.19528
2.18634
2.17694
2.17087
2.16668
2.16143
2.15449
2.14582
2.13509
2.12187
2.1058
2.08986
2.08359
2.08049
2.07654
2.07044
2.06304
2.05572
2.04745
2.03617
2.01742
2.00186
1.99781
1.99521
1.99096
1.98492
1.97836
1.97221
1.965
1.95447
1.93723
1.92087
1.9159
1.91307
1.90896
1.9033
1.89673
1.89047
1.88341
1.87383
1.85758
1.84039
1.83591
1.83344
1.8295
1.82317
1.81801
1.81466
1.81099
1.80408
1.78986
1.77665
1.77031
1.76422
1.75955
1.75723
1.75559
1.75414
1.75133
1.74759
1.74254
1.73345
1.71953
1.70782
1.70007
1.69738
1.69693
1.69728
1.70012
1.69927
1.69671
1.69551
1.69433
1.69102
1.68393
1.67827
1.67543
1.67425
1.6745
1.67777
1.67756
1.6747
1.67094
1.66463
1.65487
1.64825
1.64597
1.64539
1.64495
1.64578
1.65077
1.65522
1.6544
1.65394
1.6554
1.65493
1.65085
1.64836
1.64816
1.64949
1.65295
1.65862
1.66599
1.67399
1.6815
1.68631
1.68758
1.68566
1.68357
1.68396
1.68513
1.68845
1.69548
1.70482
1.71303
1.72057
1.72545
1.72547
1.72274
1.72363
1.72395
1.7227
1.72303
1.72723
1.73622
1.7397
1.73829
1.73506
1.73452
1.73521
1.7359
1.73694
1.73848
1.73833
1.73555
1.72923
1.72067
1.71398
1.71121
1.71038
1.71065
1.71341
1.71556
1.71652
1.71748
1.71647
1.71173
1.71117
1.7107
1.70803
1.70715
1.70741
1.71319
2.19864
2.17433
2.15149
2.14294
2.13743
2.12458
2.10503
2.07583
2.03491
2.01683
2.01087
2.00108
1.98975
1.97434
1.96099
1.94857
1.92701
1.90105
1.87485
1.85831
1.85195
1.84743
1.84017
1.83071
1.81633
1.79219
1.77394
1.77529
1.79804
1.85264
1.97107
2.18625
2.42173
2.75736
3.17839
3.43712
3.70562
3.97806
4.09975
4.11874
4.09562
4.03392
3.97989
3.9317
3.87413
3.81568
3.75031
3.67064
3.58954
3.54015
3.50976
3.48908
3.46613
3.43996
3.41491
3.38239
3.35113
3.33521
3.32424
3.31909
3.31364
3.2981
3.28089
3.25959
3.23178
3.20928
3.19347
3.17997
3.16627
3.15038
3.1333
3.11348
3.08878
3.06657
3.05191
3.03906
3.02671
3.01363
2.99948
2.98295
2.96164
2.94301
2.93068
2.91893
2.90763
2.89634
2.88419
2.86971
2.8495
2.83081
2.8195
2.80755
2.79572
2.78622
2.7763
2.76471
2.75025
2.73123
2.71384
2.70051
2.68764
2.67818
2.66998
2.66026
2.64828
2.634
2.61817
2.60161
2.58638
2.57775
2.56965
2.56012
2.55116
2.54223
2.53135
2.51486
2.49162
2.47876
2.47222
2.46458
2.45573
2.44805
2.44088
2.43263
2.42091
2.40129
2.38014
2.36905
2.35976
2.35128
2.34568
2.34008
2.33329
2.32439
2.31263
2.29756
2.28143
2.26468
2.25371
2.24923
2.24576
2.24024
2.23255
2.22466
2.21595
2.20348
2.18168
2.16325
2.1586
2.15569
2.15133
2.14512
2.1388
2.13255
2.12481
2.11232
2.09054
2.07653
2.07305
2.07021
2.0658
2.05999
2.05397
2.04811
2.04015
2.02792
2.0117
1.99607
1.98997
1.9868
1.98272
1.97731
1.97079
1.96359
1.95389
1.94061
1.92281
1.91038
1.90651
1.90271
1.89791
1.89217
1.88637
1.88023
1.87307
1.86129
1.84289
1.83088
1.82581
1.82166
1.8173
1.81209
1.80596
1.79976
1.79419
1.78841
1.78141
1.77201
1.75806
1.74234
1.72702
1.71719
1.71434
1.71334
1.71363
1.71282
1.70925
1.70469
1.69917
1.69081
1.67913
1.66736
1.66296
1.66153
1.66144
1.66156
1.65919
1.65587
1.65312
1.64977
1.64285
1.63189
1.62695
1.62597
1.62531
1.62538
1.62797
1.62816
1.62628
1.62359
1.6202
1.61551
1.60641
1.59361
1.58928
1.58834
1.58813
1.58907
1.58786
1.58515
1.58492
1.58579
1.58521
1.58346
1.57952
1.57369
1.57195
1.57248
1.5756
1.57991
1.58195
1.58425
1.58961
1.59241
1.59185
1.59004
1.58809
1.5876
1.59033
1.5991
1.61021
1.61214
1.61214
1.61422
1.61801
1.62095
1.62506
1.63039
1.63112
1.63122
1.63174
1.6297
1.62288
1.61741
1.61647
1.61865
1.62348
1.63029
1.63727
1.63947
1.63868
1.63664
1.63715
1.63809
1.63656
1.63452
1.63448
1.63891
2.32343
2.29319
2.28107
2.27675
2.2644
2.24286
2.21274
2.17456
2.15342
2.14122
2.12682
2.10535
2.09348
2.08679
2.07363
2.05273
2.0203
1.98084
1.96628
1.9655
1.96271
1.95723
1.95652
1.96792
2.00026
2.07433
2.20963
2.47006
2.80654
3.13634
3.60956
3.97449
4.15253
4.35538
4.45719
4.47182
4.48232
4.44121
4.36339
4.2877
4.2074
4.13265
4.0755
4.01515
3.95194
3.89124
3.82787
3.77151
3.74044
3.71885
3.70074
3.68155
3.66056
3.63499
3.60155
3.57631
3.56
3.54551
3.53493
3.52005
3.50152
3.48141
3.45507
3.4212
3.39775
3.38149
3.36681
3.35263
3.33682
3.3196
3.29921
3.27137
3.24553
3.23074
3.21803
3.20553
3.1919
3.17712
3.16094
3.14121
3.11614
3.09672
3.08494
3.07285
3.06028
3.04816
3.03598
3.02234
3.00399
2.97779
2.95918
2.94743
2.93507
2.92374
2.91382
2.9033
2.89097
2.87466
2.85381
2.83436
2.8188
2.80569
2.79637
2.78753
2.7773
2.7649
2.74987
2.73006
2.70909
2.69581
2.68577
2.67547
2.66673
2.65894
2.65033
2.63906
2.62067
2.59348
2.57667
2.56805
2.55892
2.55013
2.54372
2.5375
2.52989
2.51901
2.50232
2.47775
2.45537
2.44515
2.43873
2.43325
2.4274
2.42017
2.41232
2.40392
2.39243
2.37159
2.34631
2.3379
2.334
2.32869
2.32168
2.31589
2.31072
2.3041
2.29145
2.26645
2.24559
2.24011
2.23594
2.23034
2.22389
2.21756
2.21107
2.2029
2.18928
2.16631
2.15179
2.14745
2.14341
2.13836
2.1325
2.12642
2.12001
2.11029
2.09549
2.07908
2.06375
2.05757
2.0547
2.05101
2.04559
2.03807
2.02796
2.0136
1.99746
1.98219
1.97239
1.96862
1.96483
1.95974
1.95326
1.94584
1.93685
1.92465
1.90396
1.8892
1.88619
1.88336
1.8788
1.87262
1.86645
1.86102
1.8543
1.84566
1.83547
1.82498
1.81456
1.80204
1.78882
1.77423
1.76074
1.75705
1.7549
1.75124
1.74577
1.74008
1.73513
1.7296
1.72042
1.7071
1.69331
1.68557
1.6829
1.68073
1.67782
1.6742
1.67055
1.66724
1.66101
1.64344
1.62393
1.61984
1.61867
1.61758
1.61678
1.61644
1.61488
1.61243
1.60976
1.60542
1.59668
1.58174
1.57554
1.57494
1.57535
1.57535
1.57354
1.56799
1.56079
1.55719
1.55514
1.5529
1.54956
1.54343
1.53332
1.52745
1.52651
1.52621
1.52335
1.52029
1.52015
1.52197
1.52201
1.51911
1.51105
1.50176
1.49857
1.4988
1.49888
1.49761
1.49705
1.49773
1.50126
1.50296
1.50195
1.50053
1.50061
1.5036
1.50728
1.50745
1.50441
1.49909
1.49719
1.49753
1.49914
1.50401
1.51249
1.51663
1.51652
1.51617
1.5168
1.52074
1.5253
1.52758
1.52908
1.53535
2.46126
2.43128
2.42291
2.41456
2.39572
2.36918
2.33162
2.2976
2.28067
2.26456
2.24068
2.22413
2.21771
2.20806
2.18761
2.15437
2.12499
2.12295
2.1372
2.17454
2.26241
2.42147
2.63118
2.92413
3.34284
3.68368
4.06063
4.50304
4.69466
4.85117
4.96325
4.92649
4.88658
4.83956
4.76639
4.68159
4.59927
4.50478
4.40758
4.34136
4.27016
4.20749
4.17049
4.13348
4.09322
4.04803
4.00327
3.97702
3.95621
3.94052
3.92376
3.9022
3.87962
3.85194
3.8165
3.78852
3.76855
3.75089
3.73342
3.71415
3.69401
3.67114
3.64168
3.60843
3.5858
3.56859
3.55158
3.53454
3.51771
3.50082
3.48174
3.4563
3.42849
3.40849
3.39299
3.37826
3.36353
3.34809
3.33227
3.31458
3.29236
3.26643
3.24616
3.23042
3.2144
3.20172
3.19055
3.17854
3.16456
3.14458
3.11797
3.09429
3.07748
3.06326
3.05097
3.04096
3.03014
3.01733
3.00169
2.98212
2.96048
2.93977
2.92438
2.9146
2.90533
2.89503
2.88235
2.86492
2.84115
2.81863
2.80481
2.79387
2.78297
2.77438
2.76615
2.7569
2.74528
2.72748
2.69958
2.67494
2.66216
2.65323
2.64587
2.63926
2.63263
2.62551
2.61654
2.6015
2.57509
2.54644
2.53247
2.52527
2.51837
2.51052
2.5037
2.49786
2.49127
2.47984
2.45598
2.4273
2.41549
2.4085
2.40044
2.39499
2.39072
2.38537
2.37729
2.36321
2.33865
2.31503
2.30508
2.29898
2.29244
2.28575
2.27923
2.27263
2.26347
2.24851
2.22557
2.20591
2.20027
2.1968
2.19248
2.18711
2.18097
2.1732
2.15999
2.14223
2.12496
2.11215
2.10777
2.10521
2.10116
2.09472
2.08539
2.07187
2.05384
2.03765
2.02693
2.02199
2.01841
2.01412
2.00838
2.00115
1.99148
1.97712
1.95549
1.9389
1.93531
1.93333
1.93018
1.92569
1.92085
1.91582
1.9093
1.89877
1.88297
1.86792
1.86051
1.85544
1.8495
1.84056
1.82356
1.80776
1.80353
1.80059
1.79649
1.79133
1.78609
1.78069
1.7733
1.75986
1.74484
1.73782
1.73311
1.72808
1.72268
1.71679
1.7105
1.70388
1.69517
1.67978
1.66005
1.65004
1.64635
1.6438
1.64151
1.63851
1.63376
1.6271
1.61836
1.605
1.58841
1.58263
1.58109
1.581
1.58101
1.57914
1.5759
1.56966
1.5585
1.55011
1.5463
1.54308
1.53946
1.53477
1.5278
1.51881
1.51222
1.50806
1.50123
1.49764
1.49706
1.4979
1.49909
1.49833
1.49536
1.49026
1.48473
1.47926
1.46889
1.45556
1.45296
1.4531
1.45379
1.45312
1.45009
1.44485
1.44302
1.44216
1.44081
1.4383
1.43431
1.42926
1.4234
1.41689
1.41101
1.40913
1.4089
1.40904
1.4102
1.41134
1.4115
1.40971
1.40599
1.40615
1.40738
1.41018
2.59968
2.58977
2.5818
2.5611
2.53646
2.50389
2.45708
2.43488
2.42147
2.40146
2.38068
2.38137
2.38754
2.39781
2.43165
2.50578
2.64466
2.90265
3.20743
3.56256
4.09142
4.46164
4.77086
5.1139
5.26716
5.37058
5.4577
5.47589
5.41964
5.34356
5.25299
5.14505
5.06887
4.98895
4.90859
4.84401
4.77516
4.69035
4.59178
4.52444
4.48017
4.44383
4.41459
4.38383
4.35278
4.31762
4.27349
4.23453
4.20797
4.18505
4.16317
4.14152
4.11919
4.09465
4.06524
4.0303
3.99617
3.96981
3.94849
3.92869
3.90901
3.88775
3.86476
3.83891
3.81041
3.78402
3.75991
3.73808
3.71872
3.69978
3.68173
3.663
3.63848
3.61137
3.58933
3.56717
3.546
3.52921
3.51144
3.49385
3.4769
3.45567
3.43064
3.40674
3.37967
3.3576
3.3466
3.33526
3.32195
3.30764
3.28801
3.26431
3.23856
3.21264
3.19327
3.17906
3.16717
3.15445
3.1408
3.12621
3.10906
3.08796
3.06288
3.0449
3.03272
3.02117
3.00965
2.99475
2.97263
2.94595
2.92464
2.91077
2.89914
2.88791
2.87769
2.86748
2.85613
2.84284
2.8256
2.79726
2.76375
2.74898
2.74044
2.73271
2.72573
2.7192
2.71208
2.70241
2.68669
2.65888
2.62598
2.60895
2.59944
2.58898
2.58112
2.57597
2.57041
2.56241
2.54928
2.52689
2.49958
2.47938
2.46664
2.46087
2.45683
2.45155
2.44468
2.43653
2.42478
2.40227
2.37325
2.35847
2.35157
2.34507
2.33803
2.33177
2.32566
2.31644
2.29999
2.27462
2.25536
2.24956
2.24564
2.24104
2.23549
2.22891
2.21937
2.20325
2.18429
2.16714
2.15972
2.15643
2.15285
2.14752
2.13914
2.12585
2.10592
2.08746
2.07859
2.07311
2.06788
2.06283
2.05736
2.05137
2.04375
2.03122
2.0069
1.98542
1.98134
1.97951
1.97689
1.97312
1.9687
1.96359
1.95676
1.94528
1.92548
1.90412
1.89689
1.89397
1.89098
1.88722
1.88078
1.86848
1.84984
1.83592
1.83026
1.82635
1.82241
1.81953
1.817
1.81168
1.79718
1.78017
1.77433
1.77142
1.76824
1.76609
1.76355
1.75912
1.75127
1.73752
1.71406
1.69324
1.68577
1.68233
1.67881
1.67461
1.66986
1.66453
1.65808
1.64925
1.63646
1.61952
1.6025
1.59156
1.58558
1.58106
1.57689
1.57363
1.57199
1.57103
1.57016
1.56887
1.56676
1.56379
1.55787
1.54297
1.52323
1.5115
1.50299
1.49625
1.49282
1.49084
1.4898
1.48923
1.48782
1.48617
1.48464
1.48121
1.47125
1.45312
1.44379
1.44276
1.44226
1.44024
1.43636
1.43082
1.4247
1.4211
1.41847
1.41543
1.41196
1.40796
1.40285
1.39802
1.39392
1.39072
1.38931
1.38857
1.38791
1.38665
1.38377
1.37675
1.36505
1.35747
1.35394
1.35078
2.77466
2.76303
2.7401
2.71153
2.67226
2.66058
2.65407
2.65678
2.68245
2.7505
2.88075
3.09365
3.33672
3.68113
4.12448
4.47204
4.93482
5.36531
5.60344
5.87995
6.05803
6.05147
6.0229
5.97111
5.90703
5.83316
5.73887
5.63382
5.51896
5.40421
5.28908
5.18116
5.12141
5.07945
5.03506
4.99007
4.94197
4.88446
4.81682
4.77697
4.74763
4.71509
4.68538
4.65708
4.6279
4.59507
4.55697
4.51462
4.47355
4.43936
4.41077
4.38609
4.36353
4.34121
4.31658
4.28804
4.25403
4.21708
4.18471
4.15597
4.13319
4.11214
4.09011
4.06892
4.04455
4.01807
3.9915
3.95957
3.92898
3.90357
3.87758
3.85815
3.83945
3.81471
3.79381
3.77243
3.73969
3.70948
3.68702
3.66129
3.64423
3.63009
3.60909
3.58564
3.55985
3.52212
3.49353
3.48154
3.46549
3.44875
3.43432
3.41454
3.39569
3.37399
3.34249
3.31553
3.29337
3.27207
3.25949
3.24771
3.23284
3.21679
3.1965
3.17457
3.15784
3.1397
3.12161
3.10436
3.07878
3.05
3.0321
3.01787
3.00238
2.98944
2.97713
2.96332
2.95126
2.93785
2.91898
2.89535
2.86578
2.83299
2.81864
2.81138
2.80417
2.79724
2.79016
2.78072
2.76696
2.74664
2.71705
2.68544
2.6659
2.65469
2.64697
2.64071
2.63404
2.62569
2.61519
2.60016
2.57708
2.54511
2.5223
2.51626
2.5122
2.50681
2.50038
2.49352
2.48473
2.46749
2.43401
2.40975
2.40232
2.39605
2.38861
2.38144
2.37454
2.36559
2.34929
2.32339
2.30125
2.29398
2.28973
2.28517
2.27983
2.27326
2.26291
2.24314
2.22167
2.20626
2.19767
2.19427
2.19106
2.18639
2.17889
2.16601
2.14399
2.12032
2.10988
2.10413
2.09745
2.09074
2.08489
2.07964
2.07335
2.06144
2.0361
2.01553
2.01177
2.00979
2.00674
2.00327
1.9999
1.99538
1.98758
1.97125
1.94597
1.92915
1.92225
1.91811
1.91482
1.91141
1.9069
1.89928
1.88554
1.86944
1.85932
1.85346
1.84886
1.84402
1.83615
1.82176
1.80784
1.80162
1.79829
1.79535
1.7927
1.7901
1.78522
1.77244
1.75749
1.75397
1.75282
1.75053
1.74818
1.7454
1.74206
1.73879
1.73538
1.73112
1.72406
1.71117
1.69108
1.66923
1.654
1.64412
1.63676
1.63113
1.62454
1.61388
1.60025
1.59061
1.58509
1.58024
1.57467
1.56921
1.56507
1.56159
1.55719
1.55128
1.54371
1.53393
1.52378
1.51255
1.50218
1.49589
1.49015
1.48387
1.48084
1.47912
1.47727
1.47361
1.46586
1.45786
1.45253
1.4482
1.44285
1.43513
1.42629
1.42057
1.41723
1.41386
1.40973
1.4044
1.39633
1.38839
1.38595
1.38546
1.38568
1.38604
1.38578
1.38506
1.38195
1.37291
1.36143
1.35357
1.34732
1.34325
2.99216
2.99857
3.03092
3.0995
3.1989
3.40558
3.67471
4.01504
4.46369
4.85637
5.36823
5.74363
6.03188
6.39108
6.55101
6.66152
6.79051
6.81268
6.80247
6.75328
6.66715
6.55991
6.4561
6.35051
6.24926
6.1431
6.03402
5.92563
5.8168
5.70737
5.60108
5.50793
5.44362
5.38436
5.33177
5.27838
5.22705
5.1754
5.12538
5.07744
5.03524
5.00283
4.9707
4.94028
4.90699
4.87218
4.83768
4.80136
4.7632
4.72144
4.68534
4.6532
4.62455
4.5979
4.57195
4.54567
4.51692
4.48355
4.44727
4.40857
4.36871
4.33815
4.31094
4.28603
4.26457
4.24061
4.21596
4.18805
4.14906
4.1075
4.07092
4.03747
4.01829
3.99975
3.97833
3.96113
3.93675
3.89797
3.85975
3.82182
3.7894
3.77565
3.76117
3.74198
3.72214
3.69527
3.65135
3.61255
3.58949
3.56658
3.55159
3.53693
3.52075
3.50716
3.48632
3.45585
3.4179
3.37149
3.34715
3.33928
3.32809
3.31301
3.29873
3.28169
3.26774
3.25018
3.22203
3.19055
3.15297
3.11772
3.10826
3.10306
3.09122
3.07277
3.05647
3.03967
3.02406
3.00986
2.99005
2.96435
2.93851
2.90949
2.88837
2.87873
2.86827
2.85308
2.83909
2.82902
2.81771
2.80465
2.79013
2.77095
2.73874
2.70061
2.68606
2.6791
2.67014
2.66114
2.65457
2.64723
2.63657
2.61619
2.57721
2.54868
2.54089
2.53498
2.52854
2.52224
2.51588
2.50759
2.49432
2.4696
2.43798
2.41995
2.41048
2.40311
2.39685
2.39165
2.38511
2.37355
2.35021
2.32159
2.30925
2.3039
2.29883
2.29307
2.28623
2.27652
2.25915
2.23471
2.22179
2.21652
2.2118
2.20675
2.20022
2.18963
2.17144
2.14757
2.13239
2.12654
2.12192
2.117
2.11192
2.10618
2.0987
2.08684
2.06594
2.04298
2.03335
2.02901
2.02394
2.01933
2.01545
2.0113
2.0057
1.99746
1.98393
1.9646
1.94977
1.94298
1.93833
1.93376
1.92886
1.9225
1.91237
1.89747
1.88385
1.87591
1.8703
1.86461
1.85767
1.84821
1.83434
1.82037
1.81348
1.80864
1.80314
1.79704
1.79093
1.78459
1.77635
1.76142
1.7445
1.73882
1.73626
1.73326
1.72998
1.7266
1.7224
1.71646
1.70823
1.69433
1.67756
1.6721
1.67082
1.67288
1.67928
1.67697
1.67081
1.66244
1.65012
1.63666
1.6273
1.62141
1.61654
1.61115
1.60271
1.58458
1.56326
1.55886
1.55875
1.56241
1.56112
1.55652
1.55146
1.54571
1.53798
1.52554
1.50434
1.49122
1.4898
1.49016
1.49595
1.49622
1.49233
1.48704
1.48043
1.46996
1.45559
1.44545
1.44115
1.43808
1.43462
1.43007
1.42249
1.40774
1.39114
1.38549
1.38363
1.38201
1.38071
1.3805
1.3828
1.3826
1.3796
1.37267
1.36306
1.35603
4.21048
4.56646
5.12461
5.56714
6.00744
6.59312
6.88272
7.17713
7.4112
7.52332
7.60507
7.56286
7.49834
7.45401
7.3848
7.30037
7.19358
7.05276
6.92687
6.78622
6.62052
6.53817
6.46672
6.37377
6.30781
6.25148
6.18496
6.1033
6.0121
5.94827
5.89837
5.84914
5.80506
5.75969
5.70749
5.64727
5.58286
5.51586
5.45819
5.41081
5.36936
5.33683
5.29843
5.25581
5.21013
5.1605
5.11337
5.0678
5.02846
4.99309
4.96167
4.92472
4.87985
4.8343
4.7973
4.76638
4.73531
4.70161
4.66634
4.63142
4.58852
4.5411
4.49725
4.45902
4.43507
4.41322
4.38798
4.36045
4.32526
4.28012
4.23319
4.18831
4.15683
4.1377
4.11752
4.09901
4.0789
4.04647
4.00453
3.95728
3.90864
3.88792
3.87394
3.85574
3.83662
3.81369
3.77934
3.73702
3.69903
3.66277
3.64337
3.63013
3.61486
3.60195
3.58559
3.56079
3.52384
3.4684
3.42724
3.41645
3.40571
3.38974
3.37584
3.36262
3.35185
3.33694
3.30793
3.26585
3.21493
3.1789
3.17071
3.16627
3.15786
3.14374
3.1287
3.11384
3.09644
3.07321
3.03282
2.99033
2.97812
2.96795
2.95246
2.9442
2.93849
2.92588
2.90563
2.88449
2.86101
2.83534
2.81978
2.80973
2.79521
2.77261
2.74987
2.72925
2.71198
2.7053
2.70018
2.69255
2.68088
2.66164
2.62794
2.59591
2.58708
2.58205
2.5751
2.56622
2.55593
2.54445
2.53085
2.51026
2.48241
2.46111
2.44973
2.44253
2.43686
2.43135
2.42361
2.41014
2.38456
2.35707
2.34894
2.34526
2.34076
2.33396
2.32237
2.3016
2.27729
2.26553
2.26027
2.25492
2.24855
2.24206
2.23534
2.22569
2.2091
2.18276
2.16425
2.16178
2.16185
2.16256
2.16073
2.15404
2.14231
2.12745
2.10796
2.08618
2.07381
2.06598
2.05886
2.05195
2.04779
2.04657
2.04576
2.0409
2.02463
2.00646
1.99887
1.99435
1.9893
1.98393
1.97842
1.97152
1.95988
1.942
1.92795
1.92152
1.91644
1.90992
1.90047
1.88583
1.86369
1.84274
1.83451
1.83032
1.82501
1.81776
1.80941
1.80038
1.78924
1.7726
1.75384
1.74586
1.7435
1.74137
1.73887
1.73576
1.73016
1.71662
1.69947
1.69463
1.69345
1.69157
1.68759
1.68136
1.67305
1.66285
1.64917
1.63288
1.61967
1.61213
1.60816
1.6053
1.60241
1.5985
1.59163
1.58087
1.5717
1.5657
1.5593
1.55262
1.54808
1.54456
1.54082
1.53589
1.52723
1.51375
1.50575
1.50301
1.50069
1.49733
1.49238
1.48726
1.48225
1.47581
1.46572
1.45092
1.43778
1.43187
1.42877
1.42574
1.42199
1.41646
1.40694
1.39562
1.39165
1.39032
1.38935
1.38826
1.38679
1.38497
1.38221
1.37746
1.36964
1.35653
1.34519
1.33915
7.9312
8.36105
8.7136
8.83323
8.95834
9.05117
9.04661
9.02451
8.96848
8.88582
8.76292
8.59719
8.42113
8.21543
7.97136
7.73686
7.51342
7.30726
7.11679
6.92625
6.76831
6.65232
6.55782
6.47684
6.42196
6.36779
6.30344
6.22423
6.13904
6.08058
6.05268
6.02319
5.99457
5.96575
5.92945
5.87563
5.79954
5.71722
5.65989
5.62275
5.58808
5.55499
5.5186
5.47185
5.41359
5.33769
5.25966
5.215
5.18439
5.15599
5.12678
5.08895
5.03878
4.9731
4.8998
4.85785
4.83206
4.80499
4.78168
4.75762
4.7221
4.67008
4.59292
4.52267
4.50047
4.48401
4.46445
4.4433
4.4193
4.38724
4.33597
4.26737
4.21802
4.19342
4.17391
4.15678
4.14096
4.12031
4.09285
4.04779
3.97377
3.9319
3.91743
3.90199
3.88385
3.86495
3.84455
3.81684
3.77163
3.71745
3.68722
3.66892
3.6528
3.64017
3.62596
3.60751
3.58139
3.53683
3.481
3.45581
3.44375
3.42971
3.416
3.40317
3.39199
3.37708
3.35044
3.30918
3.25609
3.21905
3.20927
3.20275
3.19411
3.18277
3.1707
3.15631
3.1361
3.10779
3.06654
3.02427
3.00919
2.99988
2.98881
2.98199
2.97532
2.96065
2.93674
2.91094
2.88437
2.8633
2.85375
2.84403
2.82815
2.80857
2.78515
2.75419
2.73969
2.7354
2.72856
2.71857
2.70628
2.68844
2.65837
2.6281
2.61509
2.6068
2.59922
2.59118
2.58185
2.57211
2.55942
2.53738
2.50638
2.48417
2.47459
2.4682
2.462
2.45524
2.44658
2.43189
2.40445
2.38023
2.37254
2.3679
2.36243
2.35479
2.34282
2.32273
2.3
2.28702
2.27961
2.27318
2.26672
2.26039
2.25266
2.2388
2.21376
2.18917
2.17701
2.16991
2.1646
2.16021
2.15593
2.15083
2.14308
2.12958
2.10572
2.07835
2.06928
2.06648
2.06344
2.0596
2.05513
2.0494
2.04085
2.02626
2.003
1.98618
1.98065
1.97676
1.97286
1.96864
1.96344
1.95527
1.93999
1.92077
1.91053
1.90602
1.90178
1.89648
1.88912
1.87818
1.86434
1.85159
1.84209
1.83529
1.8304
1.82539
1.81925
1.81197
1.80198
1.7854
1.76797
1.76166
1.7586
1.75497
1.75091
1.74641
1.74031
1.73003
1.7146
1.70319
1.69854
1.69497
1.69077
1.68583
1.67994
1.67152
1.65805
1.64004
1.62708
1.62268
1.62021
1.61771
1.61495
1.61138
1.60537
1.59467
1.58167
1.57176
1.56556
1.56193
1.55918
1.55629
1.55297
1.54872
1.54183
1.53049
1.5185
1.51171
1.50775
1.50416
1.50083
1.49765
1.49369
1.48721
1.47528
1.45836
1.44755
1.44368
1.44105
1.43838
1.43529
1.43063
1.4226
1.41352
1.40658
1.40296
1.40085
1.39854
1.39586
1.39327
1.39052
1.38657
1.37884
1.36397
1.35151
1.34487
9.56992
9.54909
9.4741
9.35646
9.22061
9.12063
9.04976
8.89113
8.73715
8.60529
8.40227
8.24256
8.12393
7.98231
7.91393
7.84381
7.75672
7.66313
7.55921
7.4459
7.32824
7.21217
7.11617
7.03743
6.96247
6.88603
6.80744
6.72256
6.63194
6.54461
6.48426
6.43458
6.38965
6.34275
6.29053
6.22482
6.14333
6.05702
5.98856
5.94401
5.90525
5.86888
5.82801
5.77445
5.70692
5.61676
5.53083
5.4913
5.46081
5.42813
5.39356
5.35074
5.29371
5.21737
5.13531
5.08892
5.06308
5.03847
5.0154
4.98612
4.94318
4.88244
4.79287
4.72307
4.70071
4.68156
4.65927
4.63714
4.61196
4.57599
4.51846
4.44284
4.38593
4.36082
4.34329
4.32622
4.30969
4.28788
4.25623
4.20237
4.1198
4.0762
4.06209
4.04725
4.02978
4.01174
3.99069
3.9574
3.90113
3.8389
3.80729
3.78932
3.77522
3.7638
3.75107
3.73381
3.70621
3.65478
3.58863
3.55907
3.54641
3.53268
3.52022
3.50891
3.49838
3.48307
3.45408
3.40546
3.34605
3.31448
3.30546
3.29777
3.28819
3.27709
3.26555
3.25085
3.22782
3.19078
3.1429
3.10628
3.0946
3.08706
3.07911
3.07193
3.06213
3.04229
3.01008
2.97599
2.94993
2.94061
2.93472
2.92458
2.90944
2.89166
2.86342
2.82352
2.80831
2.80195
2.79268
2.78161
2.77052
2.75614
2.7329
2.70382
2.68018
2.66499
2.65758
2.65037
2.64239
2.63447
2.62245
2.60041
2.56739
2.5412
2.53125
2.52514
2.51838
2.51038
2.50071
2.48514
2.45885
2.43657
2.42702
2.42059
2.41378
2.40542
2.3933
2.37323
2.35095
2.33771
2.32888
2.32148
2.31462
2.30832
2.29974
2.28302
2.25364
2.22752
2.21766
2.21176
2.20547
2.19942
2.19385
2.18798
2.17991
2.16597
2.14024
2.11088
2.10319
2.10125
2.09911
2.0959
2.09129
2.08458
2.07369
2.05477
2.02716
2.00672
2.00115
1.99866
1.99614
1.99244
1.98684
1.97693
1.95853
1.93968
1.93244
1.92886
1.92499
1.92024
1.91343
1.90222
1.89044
1.88305
1.87639
1.86924
1.86373
1.85904
1.85377
1.8474
1.8377
1.82024
1.80212
1.79512
1.79112
1.78684
1.78259
1.7782
1.77213
1.76072
1.74183
1.72886
1.72479
1.72202
1.71908
1.71585
1.71146
1.70404
1.69121
1.67247
1.66378
1.66202
1.66013
1.65704
1.65282
1.64722
1.63837
1.62517
1.61191
1.60333
1.60079
1.59937
1.59739
1.59429
1.59014
1.58499
1.57764
1.56487
1.54955
1.54243
1.53969
1.53777
1.53597
1.53375
1.5304
1.52411
1.51169
1.49669
1.49027
1.48759
1.48482
1.48172
1.47825
1.47338
1.4654
1.45432
1.4429
1.43832
1.43655
1.43462
1.43207
1.42941
1.42668
1.42277
1.41499
1.39993
1.38673
1.37915
10.9967
10.5498
10.1052
9.68651
9.29883
8.95925
8.6751
8.41685
8.23317
8.07486
7.9259
7.80268
7.69192
7.57868
7.50584
7.45558
7.43394
7.40793
7.35307
7.27722
7.19078
7.10005
7.02219
6.96218
6.90045
6.83061
6.75231
6.66865
6.57511
6.47548
6.3898
6.32377
6.27302
6.21796
6.15527
6.08383
6.00622
5.92287
5.84943
5.79737
5.75656
5.72358
5.68486
5.63097
5.56164
5.46902
5.3929
5.36178
5.33242
5.29833
5.26171
5.21932
5.1634
5.08744
5.01382
4.96978
4.94153
4.9169
4.89431
4.8651
4.8208
4.75691
4.66576
4.60545
4.58512
4.56486
4.54152
4.51755
4.48995
4.45217
4.39369
4.32023
4.2701
4.24533
4.22666
4.2097
4.19374
4.1712
4.13693
4.07942
4.00005
3.9654
3.95234
3.93708
3.9193
3.90035
3.87705
3.84021
3.78216
3.72708
3.69989
3.68268
3.67007
3.65912
3.64614
3.62794
3.59767
3.5416
3.47982
3.45632
3.44384
3.43053
3.41865
3.40833
3.39911
3.38424
3.35445
3.302
3.24153
3.21901
3.21198
3.20454
3.19474
3.18366
3.17208
3.15761
3.13394
3.09287
3.04785
3.02236
3.01026
3.00138
2.99358
2.98643
2.97641
2.95682
2.92278
2.88584
2.86376
2.85748
2.85259
2.84364
2.8304
2.81297
2.78351
2.74354
2.72824
2.7215
2.71244
2.70199
2.69162
2.67893
2.65904
2.63139
2.60615
2.5907
2.58176
2.57396
2.5676
2.56123
2.55034
2.53001
2.49833
2.47134
2.46159
2.45607
2.44977
2.44186
2.4319
2.41648
2.39222
2.3718
2.36258
2.35583
2.34863
2.34029
2.32838
2.30852
2.28718
2.2754
2.26718
2.25964
2.2529
2.2471
2.23943
2.22482
2.19827
2.16794
2.15787
2.15446
2.15059
2.14562
2.13962
2.13264
2.12337
2.10798
2.0841
2.05911
2.04969
2.04685
2.04429
2.04104
2.03759
2.03263
2.02276
2.00425
1.97627
1.9548
1.95048
1.9487
1.94637
1.94224
1.93571
1.92448
1.90563
1.88923
1.8831
1.87954
1.87587
1.87143
1.86443
1.8518
1.83912
1.83272
1.8275
1.82139
1.81554
1.8103
1.80525
1.79938
1.78983
1.77302
1.75644
1.74909
1.74486
1.74117
1.73764
1.73357
1.7271
1.71437
1.69578
1.68536
1.68205
1.67949
1.67655
1.67319
1.66857
1.66085
1.64772
1.63058
1.62462
1.62329
1.62173
1.61893
1.61483
1.60912
1.6002
1.58734
1.57325
1.56561
1.5638
1.56245
1.56039
1.55735
1.55344
1.5486
1.54157
1.52858
1.51349
1.50735
1.50482
1.50292
1.50095
1.49845
1.49473
1.48796
1.4754
1.4631
1.45891
1.45662
1.45389
1.45083
1.44752
1.443
1.43559
1.42356
1.41132
1.40809
1.4068
1.40521
1.40278
1.39996
1.39705
1.39298
1.38488
1.36942
1.35706
1.35052
)
;

boundaryField
{
    inlet
    {
        type            calculated;
        value           nonuniform 0();
    }
    outlet
    {
        type            calculated;
        value           nonuniform List<scalar> 
16
(
2.77988
2.80523
2.75112
2.44833
1.92513
1.71301
1.63844
1.535
1.41001
1.35049
1.34292
1.35568
1.33877
1.34448
1.37875
1.35011
)
;
    }
    bottom
    {
        type            symmetryPlane;
    }
    top
    {
        type            symmetryPlane;
    }
    obstacle
    {
        type            calculated;
        value           nonuniform 0();
    }
    defaultFaces
    {
        type            empty;
    }
    procBoundary3to1
    {
        type            processor;
        value           nonuniform List<scalar> 
288
(
1.52716
1.50763
1.49715
1.48814
1.47583
1.46252
1.44301
1.4265
1.42125
1.41647
1.4096
1.40244
1.39078
1.36983
1.35554
1.34685
1.33833
1.33299
1.32634
1.31331
1.30526
1.30121
1.29367
1.28219
1.26973
1.25301
1.24063
1.23806
1.23809
1.23504
1.22871
1.21921
1.20456
1.18601
1.17858
1.1782
1.17443
1.16656
1.15837
1.15282
1.14791
1.14097
1.12706
1.11319
1.10755
1.10389
1.10088
1.09778
1.09339
1.08727
1.07844
1.06513
1.05324
1.0462
1.04369
1.04536
1.05209
1.0702
1.11379
1.18277
1.29102
1.48158
1.66744
1.85179
2.10533
2.2111
2.29295
2.36916
2.37951
2.36705
2.35428
2.33508
2.31064
2.28065
2.24915
2.22031
2.19308
2.17105
2.15289
2.13672
2.12669
2.11965
2.10847
2.10252
2.10028
2.0993
2.09939
2.09771
2.09411
2.0895
2.08424
2.07973
2.07525
2.07099
2.06689
2.06067
2.05018
2.04226
2.03585
2.02734
2.02194
2.02024
2.02115
2.01733
2.01098
2.00883
2.00456
1.9949
1.98823
1.98801
1.98821
1.98296
1.98162
1.98123
1.9767
1.97656
1.97761
1.97628
1.97717
1.98024
1.98284
1.98574
1.98933
1.99568
2.00487
2.01148
2.01739
2.02524
2.03569
2.04685
2.05007
2.05194
2.05522
2.06276
2.06691
2.07048
2.07619
2.08888
2.09526
2.09723
2.10255
2.11042
2.11046
2.11147
2.11422
2.11766
2.11712
2.11287
2.11294
2.11897
2.12206
2.11828
2.11804
2.11806
2.11348
2.11141
2.11301
2.1168
2.11718
2.11796
2.11978
2.11848
2.11369
2.11039
2.10902
2.10763
2.10158
2.09745
2.09645
2.09222
2.0841
2.07836
2.07473
2.0702
2.06296
2.05406
2.04988
2.04883
2.04494
2.039
2.03687
2.03438
2.02872
2.02337
2.02126
2.01825
2.01495
2.01313
2.01144
2.0074
2.00179
1.996
1.98986
1.98489
1.9822
1.97956
1.97474
1.96752
1.96408
1.95962
1.95219
1.94323
1.93921
1.93665
1.93165
1.92579
1.92256
1.91864
1.91259
1.90542
1.90019
1.89458
1.8901
1.88881
1.88893
1.88882
1.88669
1.88431
1.88205
1.87962
1.87687
1.87666
1.87383
1.87023
1.86963
1.86983
1.8711
1.87479
1.88292
1.89081
1.89662
1.90675
1.92491
1.95246
1.98467
2.02282
2.06918
2.12085
2.17327
2.22532
2.28133
2.35432
2.40529
2.44288
2.49518
2.55516
2.58432
2.61286
2.66053
2.71661
2.73006
2.74148
2.77048
2.80012
2.80162
2.79962
2.81331
2.82859
2.82723
2.82476
2.83399
2.84218
2.84294
2.84872
2.85626
2.8554
2.85354
2.85595
2.85924
2.85859
2.85434
2.84795
2.84367
2.83829
2.82899
2.81771
2.80674
2.79457
2.78036
2.7654
2.75097
2.73418
2.71839
2.70508
2.6924
2.67945
2.66747
2.64617
)
;
    }
    procBoundary3to2
    {
        type            processor;
        value           nonuniform List<scalar> 
16
(
1.61841
1.71735
1.8041
1.90879
2.00934
2.09977
2.22278
2.35028
2.49103
2.63818
2.78155
2.99607
3.91172
7.57497
9.57972
11.4318
)
;
    }
}


// ************************************************************************* //
