/*--------------------------------*- C++ -*----------------------------------*\
  =========                 |
  \\      /  F ield         | OpenFOAM: The Open Source CFD Toolbox
   \\    /   O peration     | Website:  https://openfoam.org
    \\  /    A nd           | Version:  7
     \\/     M anipulation  |
\*---------------------------------------------------------------------------*/
FoamFile
{
    version     2.0;
    format      ascii;
    class       volScalarField;
    location    "1.4";
    object      T;
}
// * * * * * * * * * * * * * * * * * * * * * * * * * * * * * * * * * * * * * //

dimensions      [0 0 0 1 0 0 0];

internalField   nonuniform List<scalar> 
4032
(
1
1
1
1
1
1
1
1
1
1
1
1.22764
1.41241
1.42536
1.42772
1.43042
1.432
1.43228
1.4322
1.43304
1.43657
1.44293
1.44995
1.45516
1.45814
1.46023
1.46225
1.46425
1.46642
1.46894
1.47216
1.47635
1.48009
1.48269
1.48487
1.48775
1.4922
1.498
1.5037
1.50851
1.51198
1.5141
1.51835
1.52817
1.54821
1.57797
1.60544
1.61829
1
1
1
1
1
1
1
1
1
1
1
1.22519
1.41124
1.42529
1.42767
1.4304
1.4319
1.43205
1.43193
1.43281
1.43645
1.44292
1.44995
1.45511
1.45801
1.46004
1.46203
1.46403
1.4662
1.46872
1.4719
1.47605
1.47978
1.48243
1.48467
1.48756
1.49196
1.49769
1.50335
1.50816
1.51164
1.51375
1.51799
1.52783
1.54794
1.57773
1.60514
1.61794
1
1
1
1
1
1
1
1
1
1
1
1.2203
1.41008
1.42473
1.42731
1.43015
1.43161
1.43163
1.43145
1.43237
1.43619
1.44284
1.44993
1.45498
1.45774
1.45965
1.46158
1.4636
1.46579
1.46831
1.47144
1.47552
1.47925
1.48198
1.48429
1.48719
1.49151
1.49715
1.50279
1.50763
1.51114
1.51327
1.51752
1.52745
1.54773
1.57761
1.60488
1.61758
1
1
1
1
1
1
1
1
1
1
1
1.21317
1.40841
1.42397
1.42684
1.42977
1.43109
1.43095
1.43067
1.43173
1.43586
1.4428
1.44994
1.4548
1.4573
1.45905
1.46089
1.46291
1.46514
1.46765
1.47072
1.47473
1.47849
1.48132
1.48371
1.4866
1.4908
1.49631
1.5019
1.50674
1.51028
1.51242
1.51668
1.52671
1.5472
1.57723
1.60441
1.61701
1
1
1
1
1
1
1
1
1
1
1
1.20353
1.40604
1.42324
1.42625
1.42916
1.43029
1.42999
1.4297
1.43101
1.43557
1.44279
1.44989
1.45446
1.45665
1.45822
1.45997
1.46198
1.46425
1.46677
1.46977
1.47371
1.47749
1.48044
1.48291
1.48575
1.48978
1.49512
1.50065
1.50547
1.50901
1.51116
1.51539
1.52547
1.54616
1.5764
1.60359
1.61616
1
1
1
1
1
1
1
1
1
1
1
1.19122
1.40249
1.42265
1.42553
1.42833
1.4292
1.42876
1.42862
1.43033
1.43543
1.44282
1.44972
1.4539
1.45578
1.45717
1.45882
1.46082
1.46311
1.46563
1.46859
1.47245
1.47629
1.47936
1.48189
1.48464
1.48845
1.49359
1.49904
1.50381
1.50733
1.50946
1.51361
1.52365
1.54445
1.57489
1.60222
1.61481
1
1
1
1
1
1
1
1
1
1
1
1.17608
1.3974
1.42212
1.42454
1.42724
1.42785
1.42739
1.42753
1.42984
1.43543
1.44281
1.44932
1.45305
1.45465
1.45588
1.45744
1.45943
1.46175
1.46426
1.46719
1.471
1.47489
1.47807
1.48061
1.48323
1.48679
1.4917
1.49703
1.50172
1.50517
1.50723
1.51123
1.52113
1.54194
1.57257
1.60014
1.61284
1
1
1
1
1
1
1
1
1
1
1
1.15784
1.39033
1.42148
1.4232
1.42595
1.42634
1.42602
1.42656
1.42957
1.43551
1.44267
1.44861
1.45188
1.45326
1.45437
1.45586
1.45783
1.4602
1.46267
1.46559
1.46934
1.47327
1.47654
1.47906
1.48152
1.4848
1.48945
1.49464
1.4992
1.50256
1.50454
1.50833
1.51797
1.5386
1.56932
1.59717
1.60998
1
1
1
1
1
1
1
1
1
1
1
1.13592
1.38069
1.42043
1.42166
1.42453
1.4248
1.42475
1.42583
1.42949
1.43556
1.44227
1.44754
1.45039
1.45162
1.45265
1.45408
1.45605
1.45845
1.4609
1.4638
1.46748
1.47143
1.47475
1.47722
1.4795
1.48249
1.48683
1.49182
1.49621
1.4994
1.50124
1.50473
1.51397
1.53426
1.56499
1.5932
1.60621
1
1
1
1
1
1
1
1
1
1
1
1.11057
1.3681
1.41849
1.42019
1.42319
1.42334
1.42362
1.42535
1.42955
1.43552
1.44157
1.44611
1.4486
1.44977
1.45075
1.45212
1.45408
1.45652
1.45894
1.46184
1.46543
1.46934
1.47266
1.47505
1.47716
1.47987
1.48382
1.48852
1.4927
1.49573
1.49743
1.50061
1.50929
1.52898
1.55944
1.58791
1.60103
1
1
1
1
1
1
1
1
1
1
1
1.08295
1.35192
1.41635
1.41898
1.42154
1.42183
1.42258
1.42508
1.42971
1.43532
1.44051
1.44432
1.44655
1.44775
1.44873
1.45003
1.45192
1.45438
1.45684
1.45976
1.46322
1.46698
1.47024
1.47255
1.47452
1.47692
1.48038
1.48472
1.48865
1.4915
1.49296
1.49561
1.50342
1.5222
1.55227
1.58116
1.59464
1
1
1
1
1
1
1
1
1
1
1
1.05413
1.33134
1.41501
1.41791
1.41949
1.42011
1.42159
1.42496
1.42982
1.43484
1.43909
1.44225
1.44432
1.44561
1.44661
1.44779
1.44956
1.45205
1.45464
1.4576
1.46084
1.46434
1.46748
1.46969
1.47156
1.47367
1.47652
1.48035
1.48401
1.48664
1.48782
1.48992
1.49678
1.5144
1.54358
1.57236
1.58565
1
1
1
1
1
1
1
1
1
1
1
1.02658
1.30616
1.41454
1.4167
1.4173
1.41821
1.42066
1.42487
1.42967
1.43396
1.43737
1.44003
1.44202
1.44339
1.44436
1.44537
1.447
1.44956
1.4524
1.45537
1.4583
1.46144
1.46438
1.46651
1.46834
1.47009
1.47223
1.47543
1.47877
1.48119
1.48199
1.48322
1.48853
1.50402
1.53177
1.56043
1.57446
1
1
1
1
1
1
1
1
1
1
1
1.00509
1.27772
1.41473
1.41508
1.41518
1.41657
1.41999
1.42461
1.42901
1.43257
1.43539
1.43779
1.43975
1.44113
1.44195
1.44274
1.44427
1.44701
1.45016
1.45305
1.45557
1.45825
1.46096
1.46305
1.46483
1.46612
1.4676
1.47003
1.47295
1.475
1.47524
1.47536
1.47904
1.49241
1.51842
1.54553
1.55627
1
1
1
1
1
1
1
1
1
1
1
1.00008
1.24588
1.41256
1.41299
1.41346
1.41574
1.41967
1.42401
1.42766
1.43062
1.4332
1.43556
1.43754
1.43881
1.43938
1.43996
1.44149
1.44452
1.44789
1.45056
1.45261
1.4548
1.45724
1.45932
1.46105
1.46184
1.46253
1.46421
1.46651
1.46794
1.46754
1.46658
1.46823
1.4774
1.49778
1.52177
1.53203
1
1
1
1
1
1
1
1
1
1
1
1
1.20868
1.40436
1.41117
1.41257
1.41543
1.41919
1.42276
1.42561
1.42822
1.43087
1.43335
1.43529
1.43635
1.43667
1.43712
1.43882
1.44211
1.44549
1.44784
1.4494
1.45111
1.45323
1.45531
1.45694
1.4572
1.45712
1.45794
1.45929
1.46001
1.45897
1.45656
1.45529
1.45947
1.47457
1.49869
1.51849
1
1
1
1
1
1
1
1
1
1
1
1
1.16581
1.38923
1.40992
1.41207
1.41525
1.41833
1.42082
1.423
1.42556
1.42849
1.43106
1.43283
1.43364
1.43386
1.43442
1.43639
1.43971
1.44285
1.44481
1.44597
1.44722
1.44899
1.45101
1.45255
1.45229
1.4515
1.45112
1.45135
1.45126
1.44963
1.44574
1.44138
1.4397
1.44162
1.43358
1.39112
1
1
1
1
1
1
1
1
1
1
1
1
1.11866
1.36758
1.4093
1.41163
1.4149
1.41676
1.41817
1.42006
1.4229
1.42611
1.42859
1.43008
1.43074
1.43108
1.43197
1.4341
1.43712
1.43985
1.44147
1.44238
1.44323
1.44454
1.44638
1.44784
1.44727
1.44574
1.44396
1.44286
1.44193
1.43957
1.43448
1.42673
1.41769
1.40411
1.38419
1.30517
1
1
1
1
1
1
1
1
1
1
1
1
1.07023
1.33869
1.40896
1.41119
1.4137
1.41427
1.41517
1.41725
1.42042
1.42365
1.42586
1.42711
1.42784
1.42853
1.42971
1.43167
1.43413
1.43644
1.43794
1.43882
1.43921
1.43999
1.44147
1.44278
1.44205
1.43983
1.4367
1.43418
1.43226
1.42905
1.42283
1.41234
1.39771
1.37543
1.34014
1.24967
1
1
1
1
1
1
1
1
1
1
1
1
1.02606
1.30122
1.40846
1.41002
1.41083
1.41113
1.41234
1.41492
1.41811
1.42097
1.42294
1.42423
1.42527
1.42631
1.42742
1.42884
1.43067
1.43268
1.43433
1.43535
1.43525
1.43552
1.43639
1.43733
1.43652
1.43369
1.42942
1.42558
1.42255
1.41846
1.41117
1.39893
1.38014
1.35364
1.30728
1.22689
1
1
1
1
1
1
1
1
1
1
1
1
1.00186
1.25599
1.40618
1.40733
1.40722
1.40796
1.41002
1.41299
1.41579
1.41812
1.42012
1.42173
1.42312
1.42421
1.42484
1.42552
1.4268
1.42872
1.43069
1.4319
1.43156
1.43118
1.43137
1.43158
1.43059
1.42729
1.42229
1.41735
1.41308
1.40804
1.39985
1.38666
1.36603
1.33733
1.28949
1.22514
1
1
1
1
1
1
1
1
1
1
1
1
1.00002
1.20324
1.39653
1.40436
1.40433
1.40559
1.40812
1.41093
1.41323
1.41532
1.41767
1.41966
1.42116
1.42195
1.42192
1.42193
1.42276
1.42472
1.42699
1.42847
1.42811
1.42717
1.42635
1.42556
1.42405
1.42067
1.41549
1.40973
1.40416
1.39798
1.38907
1.3755
1.35482
1.32596
1.28115
1.22754
1
1
1
1
1
1
1
1
1
1
1
1
1
1.14487
1.37604
1.40199
1.40236
1.40397
1.4063
1.40853
1.41063
1.41297
1.41572
1.41782
1.4189
1.41911
1.41863
1.41831
1.41896
1.42088
1.42324
1.42497
1.42472
1.42336
1.42131
1.41923
1.41712
1.41397
1.40908
1.40287
1.39607
1.38854
1.37894
1.36535
1.34559
1.3183
1.27837
1.23267
1
1
1
1
1
1
1
1
1
1
1
1
1
1.08441
1.34462
1.40074
1.40114
1.4028
1.40432
1.40599
1.40825
1.41114
1.41421
1.41587
1.41616
1.41584
1.41502
1.41486
1.4156
1.41736
1.41956
1.42131
1.42115
1.41949
1.41623
1.41276
1.41001
1.40719
1.40292
1.39675
1.38903
1.38012
1.36968
1.35616
1.33769
1.31284
1.27828
1.23943
1
1
1
1
1
1
1
1
1
1
1
1
1
1.0294
1.3014
1.39986
1.40022
1.40109
1.40217
1.40381
1.40622
1.40964
1.4127
1.41353
1.41316
1.41211
1.41133
1.41161
1.41264
1.41433
1.41604
1.41731
1.41715
1.41526
1.41114
1.40652
1.40305
1.40035
1.39681
1.39118
1.38309
1.37304
1.36162
1.34801
1.33072
1.30849
1.27851
1.24561
1
1
1
1
1
1
1
1
1
1
1
1
1
1.00216
1.24539
1.39752
1.39807
1.39878
1.40031
1.40223
1.40474
1.40827
1.41063
1.41073
1.40986
1.40818
1.40773
1.40847
1.40998
1.41166
1.41254
1.41296
1.41257
1.41045
1.40606
1.40084
1.39656
1.39358
1.39058
1.38577
1.37798
1.36737
1.35502
1.34111
1.32455
1.30475
1.27859
1.25035
1
1
1
1
1
1
1
1
1
1
1
1
1
1.00003
1.17685
1.38429
1.39454
1.39635
1.39891
1.40105
1.40353
1.40625
1.40761
1.40753
1.40642
1.40453
1.40431
1.40535
1.40728
1.40885
1.40887
1.40848
1.40739
1.40506
1.40102
1.39582
1.39088
1.38722
1.3843
1.38024
1.37328
1.36289
1.35001
1.33574
1.31938
1.3013
1.27837
1.25371
1
1
1
1
1
1
1
1
1
1
1
1
1
1
1.10297
1.35333
1.39058
1.3947
1.39766
1.39944
1.40134
1.40304
1.404
1.40405
1.40301
1.40132
1.40118
1.40222
1.40416
1.40548
1.40505
1.40385
1.40199
1.3995
1.39601
1.39133
1.38613
1.38166
1.37825
1.37451
1.36853
1.3591
1.34635
1.33197
1.31537
1.29827
1.27785
1.25564
1
1
1
1
1
1
1
1
1
1
1
1
1
1
1.0369
1.30578
1.38643
1.39383
1.39554
1.39675
1.39793
1.39903
1.40014
1.40051
1.39979
1.39853
1.3983
1.39905
1.40061
1.40156
1.40094
1.39928
1.39684
1.3941
1.39102
1.38707
1.38215
1.3771
1.37284
1.36882
1.36358
1.35543
1.34358
1.32946
1.31274
1.29595
1.27698
1.25642
1
1
1
1
1
1
1
1
1
1
1
1
1
1
1.0031
1.24294
1.38243
1.39173
1.39262
1.3938
1.39436
1.39507
1.39635
1.39688
1.39656
1.39587
1.39563
1.39599
1.39686
1.39725
1.39666
1.39494
1.39225
1.38919
1.38619
1.38284
1.37855
1.37345
1.3684
1.36365
1.35854
1.35145
1.34093
1.32757
1.31121
1.2943
1.27602
1.2569
1
1
1
1
1
1
1
1
1
1
1
1
1
1
1.00006
1.16458
1.36954
1.38886
1.38979
1.39123
1.39156
1.39177
1.39275
1.39337
1.39344
1.3933
1.39312
1.39313
1.39318
1.39299
1.39234
1.39088
1.38828
1.38493
1.38166
1.37856
1.37499
1.37037
1.36498
1.35938
1.35376
1.34699
1.33766
1.32563
1.30995
1.29334
1.27601
1.25785
1
1
1
1
1
1
1
1
1
1
1
1
1
1
1
1.08165
1.33429
1.38582
1.38867
1.38936
1.38917
1.38878
1.38917
1.38996
1.39057
1.39084
1.39077
1.39047
1.38982
1.38897
1.38817
1.38708
1.38479
1.38124
1.37756
1.37437
1.3713
1.36747
1.36237
1.35621
1.34964
1.34231
1.33354
1.32279
1.30819
1.29272
1.27633
1.25899
1
1
1
1
1
1
1
1
1
1
1
1
1
1
1
1.01495
1.27669
1.38107
1.38658
1.38678
1.38636
1.38571
1.38589
1.38692
1.38803
1.38846
1.38833
1.38773
1.38656
1.38522
1.3843
1.38352
1.3815
1.37788
1.37391
1.37044
1.36751
1.3644
1.35999
1.35382
1.34619
1.3377
1.32864
1.31865
1.3058
1.29184
1.27656
1.26024
1
1
1
1
1
1
1
1
1
1
1
1
1
1
1
1.00068
1.19774
1.37203
1.38434
1.38403
1.38341
1.38291
1.38322
1.38454
1.38594
1.38603
1.38571
1.38475
1.38333
1.38178
1.38076
1.38008
1.37813
1.3746
1.37067
1.36697
1.36386
1.36109
1.35732
1.35158
1.34315
1.33351
1.32363
1.31376
1.30272
1.2903
1.27626
1.26155
1
1
1
1
1
1
1
1
1
1
1
1
1
1
1
1.00001
1.1062
1.3435
1.38167
1.38138
1.38141
1.38105
1.38125
1.38249
1.38384
1.38364
1.3829
1.38154
1.38008
1.37856
1.37745
1.37667
1.37462
1.37127
1.36764
1.36395
1.36053
1.35756
1.35404
1.34849
1.33997
1.33005
1.31943
1.30925
1.2992
1.28789
1.27565
1.26322
1
1
1
1
1
1
1
1
1
1
1
1
1
1
1
1
1.02633
1.28696
1.37634
1.37877
1.37929
1.37904
1.37892
1.37991
1.38125
1.38104
1.37998
1.37834
1.37688
1.37549
1.37433
1.37329
1.37106
1.36788
1.36457
1.36111
1.35749
1.35398
1.35008
1.34444
1.33647
1.32711
1.3162
1.30582
1.29577
1.28578
1.27573
1.26502
1
1
1
1
1
1
1
1
1
1
1
1
1
1
1
1
1.00157
1.20365
1.36584
1.37729
1.37739
1.37672
1.37625
1.37694
1.37809
1.37802
1.37695
1.37528
1.37376
1.37249
1.37124
1.3699
1.36756
1.36444
1.36126
1.35807
1.35444
1.35038
1.34572
1.3398
1.33242
1.32422
1.3138
1.30374
1.29377
1.28505
1.27636
1.26634
1
1
1
1
1
1
1
1
1
1
1
1
1
1
1
1
1.00002
1.10459
1.337
1.37659
1.3749
1.37373
1.3734
1.37396
1.37481
1.37489
1.37408
1.37236
1.37061
1.36932
1.36805
1.36651
1.36421
1.3611
1.35781
1.35464
1.35111
1.34681
1.34156
1.33518
1.32823
1.32106
1.31188
1.30256
1.29333
1.28521
1.27693
1.26711
1
1
1
1
1
1
1
1
1
1
1
1
1
1
1
1
1
1.02175
1.27956
1.3721
1.371
1.37005
1.37037
1.37096
1.3717
1.37195
1.37129
1.3695
1.36743
1.36599
1.36476
1.36318
1.36095
1.35791
1.35435
1.3509
1.34737
1.34314
1.33785
1.33132
1.32448
1.31776
1.31018
1.30193
1.29349
1.28573
1.27737
1.26754
1
1
1
1
1
1
1
1
1
1
1
1
1
1
1
1
1
1.00123
1.18941
1.35917
1.36795
1.36756
1.36788
1.36838
1.36896
1.36905
1.36829
1.36635
1.36413
1.36265
1.36151
1.36005
1.35786
1.35484
1.35105
1.34716
1.34348
1.33948
1.3346
1.32847
1.32157
1.31492
1.30841
1.30148
1.29384
1.28614
1.27751
1.26782
1
1
1
1
1
1
1
1
1
1
1
1
1
1
1
1
1
1.00002
1.08343
1.32126
1.36517
1.36565
1.36587
1.36627
1.3665
1.36625
1.36512
1.36303
1.36083
1.35943
1.35849
1.35724
1.35505
1.35193
1.34799
1.34374
1.3398
1.33594
1.33165
1.32635
1.31972
1.31307
1.30678
1.30079
1.29372
1.28595
1.27733
1.26799
1
1
1
1
1
1
1
1
1
1
1
1
1
1
1
1
1
1
1.01219
1.25085
1.36177
1.36262
1.36284
1.36396
1.36433
1.36383
1.36238
1.36011
1.3579
1.35651
1.35574
1.35472
1.35254
1.34926
1.3452
1.34075
1.33656
1.33269
1.32887
1.3245
1.3187
1.31217
1.30562
1.29951
1.29252
1.28484
1.27664
1.26809
1
1
1
1
1
1
1
1
1
1
1
1
1
1
1
1
1
1
1.00049
1.14695
1.3423
1.35884
1.36008
1.36218
1.36233
1.36169
1.36013
1.35772
1.35542
1.35392
1.35321
1.35239
1.35022
1.34682
1.34263
1.33813
1.33378
1.3298
1.3263
1.32273
1.31797
1.31171
1.30486
1.29785
1.29058
1.28318
1.27572
1.26819
1
1
1
1
1
1
1
1
1
1
1
1
1
1
1
1
1
1
1
1.04151
1.28703
1.35528
1.35867
1.3601
1.36033
1.35944
1.35765
1.35523
1.35307
1.35155
1.35089
1.35016
1.34794
1.34448
1.34019
1.33574
1.33142
1.32744
1.32417
1.32113
1.31689
1.31105
1.30396
1.29641
1.28885
1.28164
1.27494
1.26827
1
1
1
1
1
1
1
1
1
1
1
1
1
1
1
1
1
1
1
1.0033
1.19466
1.34709
1.35696
1.35793
1.35819
1.35715
1.35497
1.35244
1.35058
1.34921
1.34864
1.34796
1.34562
1.34208
1.33771
1.33345
1.32936
1.3256
1.32255
1.31956
1.31513
1.3096
1.30265
1.29519
1.28763
1.28062
1.27445
1.26829
0.917166
0.579636
0.316453
0.455588
0.486719
0.555064
0.645752
0.712729
0.785565
0.87731
0.901933
0.900105
0.885515
0.880682
0.912817
0.991652
1.02083
1.02054
1.01995
1.01964
1.01664
1.01764
1.01664
1.01917
1.02609
1.04478
1.05704
1.0585
1.06097
1.06495
1.06876
1.07054
1.0729
1.07766
1.0792
1.08128
1.08445
1.08412
1.0831
1.08
1.0785
1.08199
1.09017
1.09498
1.09738
1.09782
1.09735
1.09745
1.09792
1.10053
1.10654
1.11327
1.11545
1.11506
1.11521
1.11619
1.12093
1.13417
1.1562
1.18202
1.19534
1.20172
1.20888
1.21482
1.22057
1.22223
1.04642
0.854445
0.751151
0.725087
0.645814
0.603698
0.608477
0.625924
0.647641
0.671171
0.691571
0.705584
0.727122
0.752555
0.792036
0.837136
0.864648
0.890135
0.910028
0.929479
0.945648
0.958997
0.971939
0.978854
0.986522
1.00258
1.01506
1.01868
1.02307
1.03065
1.0362
1.03859
1.04167
1.04717
1.05154
1.05429
1.05886
1.06265
1.06407
1.0639
1.06326
1.06495
1.06958
1.07245
1.07446
1.07643
1.07819
1.07964
1.08158
1.08532
1.0916
1.0983
1.10183
1.10215
1.10225
1.1034
1.10743
1.11947
1.14102
1.16618
1.18196
1.19041
1.19831
1.20601
1.21176
1.21454
1.08988
0.957626
0.879556
0.840564
0.794727
0.724426
0.675775
0.678285
0.665476
0.641604
0.639419
0.647522
0.667104
0.689157
0.705546
0.717171
0.729684
0.75803
0.788221
0.820195
0.8526
0.875212
0.896181
0.917258
0.930917
0.940683
0.950755
0.956834
0.964723
0.975173
0.981127
0.983449
0.987517
0.992721
0.996244
0.999873
1.004
1.00872
1.01355
1.01923
1.02499
1.02912
1.03111
1.03181
1.0326
1.0341
1.03597
1.03845
1.04132
1.04586
1.05239
1.05842
1.06201
1.06437
1.06679
1.07024
1.07604
1.08831
1.10909
1.13281
1.14913
1.15748
1.16484
1.17293
1.18069
1.18639
1.12234
1.03791
0.951583
0.897215
0.871141
0.82108
0.766193
0.753293
0.736558
0.705495
0.690269
0.691804
0.692468
0.686954
0.68009
0.677526
0.676289
0.678636
0.687358
0.708171
0.754168
0.792598
0.815856
0.839691
0.857621
0.867772
0.880644
0.893364
0.905161
0.919159
0.930238
0.933865
0.938043
0.943839
0.947009
0.950483
0.955075
0.958347
0.962421
0.968951
0.976963
0.980745
0.981839
0.982805
0.983396
0.984594
0.986609
0.98986
0.994059
1.00038
1.00707
1.01114
1.01404
1.01699
1.02024
1.02428
1.03025
1.04051
1.06032
1.08571
1.10563
1.11527
1.12146
1.12794
1.13575
1.14314
1.14812
1.08328
1.00927
0.951794
0.923101
0.885325
0.829536
0.808112
0.794471
0.766629
0.739535
0.730995
0.733043
0.727018
0.70929
0.701795
0.698997
0.69269
0.690624
0.693192
0.703198
0.718457
0.736213
0.758878
0.784333
0.803942
0.823088
0.845032
0.860882
0.872636
0.886836
0.893127
0.898687
0.906715
0.913158
0.921124
0.929885
0.934247
0.936978
0.941448
0.94501
0.946262
0.947654
0.948111
0.948146
0.948671
0.950991
0.955991
0.96361
0.972347
0.976921
0.978591
0.98033
0.981843
0.982871
0.985881
0.99114
0.999226
1.01679
1.04651
1.07026
1.08016
1.08432
1.08822
1.09395
1.10077
1.16792
1.11398
1.05335
0.998214
0.964768
0.933939
0.889756
0.853461
0.8381
0.816857
0.784797
0.769995
0.771243
0.767619
0.750091
0.737281
0.731602
0.721378
0.709542
0.706994
0.709121
0.713148
0.712159
0.713137
0.718036
0.728411
0.745315
0.774977
0.80682
0.827418
0.849854
0.864935
0.872833
0.881318
0.891159
0.900014
0.910812
0.918182
0.92052
0.922945
0.925244
0.92581
0.92787
0.929762
0.930037
0.930672
0.933879
0.940224
0.947642
0.953678
0.957321
0.958535
0.959558
0.960686
0.961957
0.964576
0.968698
0.975672
0.989087
1.01631
1.04577
1.05855
1.06216
1.06485
1.06899
1.07431
1.18382
1.13769
1.08684
1.03743
1.00049
0.973348
0.939847
0.896429
0.870447
0.856584
0.833196
0.808382
0.803276
0.7983
0.783708
0.765932
0.761033
0.753811
0.740809
0.737864
0.738022
0.732628
0.723915
0.719567
0.716508
0.717184
0.719374
0.727079
0.741968
0.76012
0.78231
0.812214
0.833524
0.849949
0.869604
0.880891
0.894787
0.907174
0.909283
0.911272
0.914043
0.915437
0.917704
0.920381
0.921722
0.923104
0.92643
0.931818
0.937427
0.942169
0.945464
0.947018
0.948228
0.949727
0.952089
0.954568
0.958043
0.963756
0.973971
0.996397
1.02773
1.04716
1.05243
1.05519
1.05824
1.06139
1.19734
1.15647
1.11457
1.07026
1.02957
1.00363
0.978426
0.942479
0.901432
0.887544
0.873076
0.850162
0.838867
0.830927
0.815645
0.795141
0.788666
0.783
0.770978
0.766383
0.764363
0.758229
0.74671
0.738575
0.731908
0.72576
0.72567
0.72951
0.731872
0.732541
0.734788
0.742942
0.759283
0.782701
0.816224
0.849532
0.870553
0.890809
0.896383
0.899761
0.904642
0.907688
0.909635
0.91292
0.917289
0.921208
0.924723
0.92871
0.931456
0.93344
0.93536
0.937521
0.940024
0.943042
0.946361
0.94941
0.952354
0.956835
0.964415
0.982058
1.0135
1.0398
1.04827
1.05143
1.05378
1.05539
1.20917
1.17273
1.13642
1.09715
1.05749
1.02924
1.00756
0.978828
0.940242
0.920032
0.905627
0.885252
0.872807
0.863264
0.846302
0.821509
0.813519
0.80851
0.797727
0.792142
0.789626
0.783121
0.769662
0.761571
0.757495
0.750798
0.748292
0.747301
0.744286
0.738925
0.735216
0.734896
0.736275
0.741231
0.753649
0.780564
0.810566
0.839461
0.864322
0.875633
0.886558
0.894218
0.898236
0.905055
0.914257
0.921212
0.925264
0.927973
0.928354
0.928029
0.929391
0.931543
0.934114
0.937967
0.942325
0.946502
0.949438
0.952177
0.957215
0.970753
1.00024
1.03307
1.0457
1.04922
1.05104
1.05194
1.21887
1.1867
1.15436
1.11964
1.08323
1.05418
1.03363
1.00837
0.973916
0.953434
0.937543
0.915434
0.901802
0.892543
0.875163
0.84842
0.839219
0.834423
0.823852
0.8173
0.814018
0.806362
0.791535
0.782626
0.77964
0.77409
0.770541
0.768864
0.764728
0.756151
0.747773
0.744043
0.74321
0.743704
0.746728
0.751334
0.758062
0.768235
0.786186
0.80831
0.831586
0.859053
0.877733
0.892776
0.907779
0.916933
0.920599
0.921781
0.921704
0.922637
0.926015
0.929636
0.933527
0.937702
0.940992
0.943761
0.94639
0.948742
0.952299
0.96217
0.988182
1.02615
1.04364
1.04719
1.04813
1.04921
1.2263
1.19776
1.16852
1.13845
1.10623
1.07654
1.05649
1.03494
1.00322
0.981124
0.966803
0.944277
0.927335
0.918057
0.901947
0.875672
0.864327
0.859368
0.848234
0.840119
0.836173
0.827775
0.811733
0.803006
0.80069
0.795416
0.791232
0.789501
0.784845
0.775073
0.76653
0.764485
0.761795
0.759178
0.758846
0.758198
0.757347
0.754895
0.753223
0.756174
0.766138
0.790832
0.826171
0.857478
0.883048
0.896316
0.902522
0.907096
0.912091
0.916568
0.921204
0.926942
0.933214
0.93705
0.938886
0.940154
0.941954
0.943447
0.945696
0.953084
0.974697
1.01752
1.04253
1.0465
1.0463
1.04718
1.23136
1.20599
1.17964
1.15356
1.12536
1.0964
1.07575
1.05723
1.02984
1.00416
0.990915
0.97117
0.950845
0.940585
0.926673
0.90257
0.889039
0.883689
0.872222
0.861069
0.856625
0.848331
0.832397
0.823771
0.821626
0.815942
0.810485
0.808202
0.803084
0.793053
0.783844
0.782429
0.780422
0.777063
0.775871
0.773822
0.769082
0.761314
0.755935
0.755501
0.756328
0.760892
0.771891
0.790756
0.816527
0.844943
0.865888
0.880729
0.893732
0.904338
0.911773
0.921963
0.929974
0.932796
0.933783
0.933557
0.934597
0.936264
0.938234
0.944151
0.961388
1.00157
1.03716
1.04451
1.04596
1.04744
1.23469
1.2121
1.18845
1.16539
1.14063
1.11375
1.09251
1.07545
1.05234
1.02523
1.01081
0.994812
0.973462
0.961017
0.949476
0.928932
0.911644
0.905947
0.895703
0.881935
0.8756
0.867399
0.851858
0.842316
0.840221
0.834883
0.827512
0.824912
0.820272
0.810461
0.801782
0.800821
0.799104
0.795311
0.793218
0.7903
0.784174
0.774697
0.768106
0.765582
0.765194
0.766352
0.768592
0.76971
0.772559
0.779133
0.792911
0.817184
0.844455
0.871691
0.893354
0.908553
0.92177
0.925867
0.927561
0.92689
0.927577
0.929847
0.932128
0.936552
0.949318
0.979983
1.02245
1.03926
1.04497
1.04914
1.23711
1.21667
1.19532
1.17466
1.15309
1.12883
1.10722
1.0908
1.07124
1.04504
1.02761
1.01505
0.995545
0.979959
0.969954
0.953533
0.933509
0.925857
0.916752
0.902115
0.894006
0.886344
0.872186
0.859871
0.857389
0.852703
0.843848
0.840595
0.83697
0.828363
0.819052
0.8179
0.816348
0.811953
0.808645
0.804909
0.797133
0.786122
0.782495
0.78116
0.779533
0.778848
0.777561
0.775466
0.773411
0.769547
0.768789
0.772578
0.785308
0.809483
0.845241
0.875992
0.899908
0.91473
0.921913
0.925387
0.92629
0.929254
0.933486
0.936487
0.941827
0.962395
1.00186
1.02955
1.04279
1.05044
1.2392
1.22048
1.20121
1.18241
1.16358
1.14204
1.12051
1.10397
1.08709
1.06368
1.04293
1.03212
1.01637
0.998332
0.987927
0.974745
0.95478
0.943971
0.935614
0.921168
0.911135
0.904176
0.892204
0.877209
0.872874
0.86909
0.860027
0.854919
0.852464
0.845913
0.835762
0.833294
0.832152
0.827598
0.822932
0.818194
0.80905
0.7995
0.797703
0.797476
0.795398
0.793833
0.79212
0.788418
0.781965
0.775252
0.772176
0.772282
0.773715
0.777962
0.789125
0.80974
0.834352
0.861783
0.883287
0.903314
0.91368
0.921512
0.93019
0.934904
0.939736
0.951297
0.982826
1.01935
1.04093
1.05108
1.24139
1.22432
1.20686
1.18949
1.17265
1.15364
1.13265
1.11544
1.10042
1.08055
1.05824
1.04645
1.03446
1.01673
1.00425
0.99249
0.973907
0.960174
0.952739
0.93988
0.927438
0.920483
0.910566
0.895089
0.886942
0.884264
0.877004
0.869203
0.867221
0.863011
0.853162
0.847362
0.846182
0.841832
0.835289
0.829918
0.821396
0.812721
0.8109
0.810897
0.809149
0.807268
0.8056
0.801736
0.794429
0.786925
0.783262
0.780004
0.779816
0.780801
0.782682
0.785039
0.789305
0.799948
0.817618
0.842317
0.870635
0.892673
0.915886
0.926286
0.932366
0.941515
0.967279
1.00906
1.04463
1.06593
1.24401
1.2284
1.2124
1.19616
1.18044
1.16351
1.14378
1.12572
1.11163
1.09498
1.0736
1.05951
1.0496
1.03365
1.01946
1.00818
0.991327
0.974734
0.96758
0.957371
0.943459
0.935105
0.926941
0.913539
0.901069
0.898008
0.893528
0.884501
0.88054
0.877999
0.870443
0.860984
0.85817
0.854318
0.846641
0.840814
0.834977
0.827177
0.823824
0.823532
0.821883
0.819231
0.817515
0.813702
0.806127
0.798989
0.797226
0.794284
0.791599
0.791099
0.790029
0.788652
0.787922
0.786289
0.787024
0.792431
0.809784
0.836324
0.867359
0.892326
0.907365
0.92105
0.950071
1.00471
1.07485
1.12083
1.24699
1.23252
1.21752
1.2021
1.18704
1.1717
1.15384
1.13545
1.12133
1.10732
1.08821
1.07204
1.06265
1.04886
1.03351
1.02206
1.00701
0.989012
0.980386
0.972725
0.95963
0.948084
0.940901
0.930969
0.91749
0.91102
0.908304
0.90116
0.893099
0.890551
0.885559
0.875174
0.869221
0.865784
0.858615
0.852082
0.848334
0.842352
0.836192
0.835051
0.833531
0.829852
0.827503
0.823796
0.816544
0.810593
0.809559
0.807893
0.804942
0.803446
0.801801
0.798426
0.794646
0.789826
0.786763
0.787083
0.788893
0.794093
0.806487
0.831339
0.860123
0.890373
0.936809
1.01751
1.1135
1.17982
1.25009
1.2363
1.22194
1.20707
1.19258
1.17846
1.16267
1.14495
1.13021
1.11787
1.1015
1.08422
1.07413
1.06215
1.04654
1.03448
1.02136
1.00353
0.991477
0.985336
0.975433
0.961803
0.952933
0.945772
0.934923
0.924595
0.921388
0.916929
0.907509
0.901339
0.897305
0.888556
0.879778
0.876342
0.870994
0.864023
0.860992
0.856876
0.849102
0.845752
0.844056
0.839819
0.836197
0.833009
0.826892
0.821944
0.821366
0.820248
0.817773
0.816232
0.814241
0.810309
0.804747
0.799182
0.793788
0.791936
0.791754
0.793445
0.795753
0.803342
0.8233
0.871953
0.929809
1.01319
1.11147
1.19458
1.25271
1.23942
1.22555
1.21128
1.19721
1.18405
1.17022
1.15394
1.1388
1.12705
1.11313
1.09578
1.08412
1.07378
1.05878
1.04524
1.03381
1.0187
1.00309
0.995346
0.988412
0.976661
0.964679
0.958397
0.950864
0.939773
0.933165
0.929895
0.922669
0.912608
0.90726
0.90007
0.890518
0.886947
0.883378
0.87672
0.873063
0.869888
0.862789
0.8564
0.853959
0.849774
0.844436
0.841633
0.83761
0.833022
0.832223
0.831181
0.828753
0.826833
0.824676
0.820316
0.813454
0.808195
0.803849
0.801051
0.800275
0.803334
0.815235
0.8433
0.88182
0.918191
0.948975
0.970036
1.02008
1.1241
1.25463
1.24184
1.22836
1.21468
1.20117
1.18868
1.17654
1.16216
1.14711
1.1351
1.12289
1.10661
1.09252
1.08306
1.07027
1.05549
1.04423
1.03227
1.01661
1.00482
0.998882
0.990495
0.977788
0.969143
0.963996
0.955345
0.945745
0.941223
0.935444
0.924697
0.916803
0.91038
0.901642
0.897829
0.895457
0.889735
0.884308
0.880934
0.875026
0.866718
0.863054
0.859095
0.853054
0.850556
0.848487
0.844612
0.843018
0.841882
0.839205
0.836447
0.833377
0.827911
0.820118
0.816976
0.816015
0.817236
0.824901
0.847331
0.880795
0.914285
0.940178
0.957179
0.960474
0.956742
0.957804
0.99371
1.25583
1.24345
1.23046
1.21761
1.20485
1.19283
1.18185
1.16938
1.15487
1.1421
1.13053
1.11589
1.10029
1.09012
1.08012
1.06614
1.0535
1.04355
1.03076
1.01591
1.00754
1.00157
0.991624
0.980107
0.974794
0.968786
0.958972
0.952275
0.946601
0.936491
0.926563
0.920576
0.912909
0.908518
0.906805
0.902249
0.89563
0.891049
0.885547
0.876661
0.871788
0.868149
0.862546
0.860367
0.859293
0.856369
0.853667
0.851954
0.84885
0.844726
0.840036
0.833743
0.827451
0.827644
0.832696
0.849836
0.881893
0.919943
0.952288
0.965713
0.972578
0.972958
0.970485
0.964749
0.95573
0.955623
1.25656
1.2447
1.2325
1.22053
1.20856
1.19698
1.1865
1.17536
1.16164
1.14793
1.13629
1.12328
1.10797
1.09626
1.0881
1.07685
1.06319
1.05278
1.04255
1.02867
1.01646
1.01049
1.00341
0.99237
0.984675
0.980327
0.972051
0.963229
0.956822
0.947276
0.93669
0.931218
0.924579
0.918904
0.917029
0.913404
0.906597
0.900788
0.894915
0.886019
0.88017
0.877408
0.872706
0.870465
0.869729
0.867211
0.863889
0.861141
0.857805
0.852677
0.847211
0.841032
0.842797
0.856129
0.883282
0.92006
0.952435
0.979513
0.988788
0.987698
0.985318
0.980968
0.974698
0.96821
0.960786
0.954656
1.25729
1.24617
1.23478
1.22359
1.21241
1.20125
1.19068
1.17997
1.16706
1.15289
1.14083
1.12927
1.11556
1.103
1.09474
1.08626
1.07375
1.06125
1.05182
1.04037
1.02674
1.01874
1.01348
1.00478
0.994966
0.990237
0.984049
0.974326
0.966494
0.957304
0.946778
0.941747
0.936218
0.929325
0.926235
0.923225
0.916739
0.910264
0.903999
0.895202
0.888852
0.887172
0.883462
0.880483
0.879603
0.877081
0.873117
0.869315
0.865624
0.861249
0.859414
0.866533
0.888365
0.924567
0.958955
0.980406
0.996466
1.00434
1.00232
0.996566
0.989458
0.983433
0.977427
0.973461
0.969436
0.964428
1.25818
1.24787
1.23722
1.22672
1.21616
1.20513
1.19423
1.18343
1.17128
1.15752
1.14509
1.13457
1.12297
1.11055
1.10128
1.09401
1.08373
1.07012
1.0594
1.05
1.03791
1.02763
1.0224
1.01604
1.00631
0.999248
0.994294
0.985409
0.975613
0.966693
0.956943
0.951851
0.94715
0.939844
0.934775
0.931788
0.925967
0.919288
0.913203
0.904834
0.898367
0.897
0.894181
0.890055
0.888417
0.885924
0.881446
0.878361
0.875564
0.881461
0.898654
0.930059
0.964712
0.990094
1.00447
1.01478
1.015
1.01218
1.00596
0.999427
0.993073
0.986926
0.981059
0.977557
0.975993
0.973578
1.25917
1.24965
1.23963
1.2295
1.21916
1.20812
1.19706
1.1863
1.17482
1.16213
1.14988
1.13976
1.13004
1.11874
1.10825
1.10037
1.09168
1.07913
1.06669
1.05827
1.0486
1.0377
1.03097
1.02594
1.0179
1.00849
1.00259
0.995534
0.98514
0.975241
0.966421
0.960939
0.957073
0.951015
0.943794
0.939444
0.93411
0.927638
0.922277
0.915284
0.908351
0.906555
0.904085
0.899184
0.896426
0.894785
0.892667
0.89624
0.912231
0.938286
0.974162
0.998594
1.01568
1.02195
1.02606
1.02589
1.02158
1.01546
1.00931
1.00341
0.996655
0.989408
0.986443
0.984584
0.982548
0.979723
1.26006
1.25106
1.24143
1.2314
1.22103
1.21007
1.19928
1.189
1.17822
1.16687
1.15552
1.14546
1.13655
1.12654
1.11549
1.10625
1.09783
1.08704
1.0746
1.06612
1.05833
1.04844
1.03983
1.0345
1.02817
1.01872
1.00961
1.00313
0.994494
0.984252
0.975604
0.969022
0.965346
0.961236
0.954506
0.947756
0.94146
0.935146
0.930712
0.925518
0.918546
0.91542
0.912997
0.908585
0.907017
0.910762
0.92604
0.953882
0.984357
1.01119
1.03196
1.03336
1.03642
1.03603
1.03414
1.03053
1.02547
1.01889
1.01199
1.00581
1.001
0.996996
0.993671
0.990338
0.986497
0.982136
1.26058
1.25186
1.24244
1.23244
1.2221
1.21132
1.20115
1.19177
1.18193
1.17184
1.16168
1.15172
1.14254
1.13295
1.12212
1.11205
1.10327
1.09377
1.08283
1.07413
1.06714
1.05877
1.04924
1.04195
1.03624
1.02811
1.01717
1.00887
1.00222
0.993643
0.985196
0.977627
0.972351
0.969229
0.964635
0.957869
0.949437
0.942152
0.938354
0.934532
0.928775
0.92482
0.92286
0.924495
0.936437
0.96478
0.998427
1.02819
1.04238
1.05301
1.05322
1.04748
1.04506
1.0423
1.03815
1.03329
1.02829
1.02317
1.01776
1.01241
1.00706
1.0024
0.998736
0.995466
0.991531
0.985543
1.26073
1.25217
1.24283
1.23272
1.2223
1.21221
1.20305
1.19472
1.18599
1.17684
1.16743
1.1576
1.14796
1.13793
1.12723
1.11751
1.10886
1.10009
1.09063
1.08225
1.07538
1.06789
1.05873
1.04886
)
;

boundaryField
{
    inlet
    {
        type            fixedValue;
        value           uniform 1;
    }
    outlet
    {
        type            inletOutlet;
        inletValue      nonuniform 0();
        value           nonuniform 0();
    }
    bottom
    {
        type            symmetryPlane;
    }
    top
    {
        type            symmetryPlane;
    }
    obstacle
    {
        type            zeroGradient;
    }
    defaultFaces
    {
        type            empty;
    }
    procBoundary0to1
    {
        type            processor;
        value           nonuniform List<scalar> 
28
(
1.2215
1.21433
1.18948
1.14915
1.10773
1.08025
1.06434
1.05638
1.05327
1.05139
1.04958
1.04995
1.05165
1.05285
1.05669
1.08672
1.14758
1.19758
1.20946
1.19155
1.09808
0.979937
0.956009
0.958477
0.968913
0.974838
0.978106
0.980647
)
;
    }
    procBoundary0to2
    {
        type            processor;
        value           nonuniform List<scalar> 
115
(
1
1
1
1
1
1
1
1
1
1
1
1
1
1
1
1
1
1
1
1.00007
1.08242
1.30943
1.35233
1.35566
1.35599
1.35476
1.3523
1.34956
1.34787
1.34671
1.34621
1.34561
1.3432
1.33958
1.33515
1.33113
1.32735
1.32391
1.3211
1.3178
1.31282
1.3073
1.30091
1.29386
1.28662
1.27992
1.2741
1.26804
1.04196
1.03508
1.0251
1.01484
1.00877
1.00229
0.994854
0.987564
0.980103
0.975189
0.971887
0.96699
0.959068
0.949865
0.945527
0.942972
0.940463
0.940492
0.950235
0.974173
1.0064
1.04066
1.05722
1.06974
1.06977
1.06604
1.05969
1.05464
1.05105
1.04745
1.04327
1.03857
1.03231
1.02681
1.0229
1.01886
1.01399
1.00871
1.00353
0.998344
0.993132
0.98873
1.26044
1.2519
1.24251
1.23241
1.2226
1.21352
1.20529
1.19787
1.19001
1.1813
1.17197
1.16215
1.15233
1.14207
1.13141
1.12235
1.11463
1.10672
1.09801
1.08972
1.08274
1.07548
1.06679
1.04196
1.05595
)
;
    }
}


// ************************************************************************* //
