/*--------------------------------*- C++ -*----------------------------------*\
  =========                 |
  \\      /  F ield         | OpenFOAM: The Open Source CFD Toolbox
   \\    /   O peration     | Website:  https://openfoam.org
    \\  /    A nd           | Version:  7
     \\/     M anipulation  |
\*---------------------------------------------------------------------------*/
FoamFile
{
    version     2.0;
    format      ascii;
    class       volVectorField;
    location    "0.3";
    object      U;
}
// * * * * * * * * * * * * * * * * * * * * * * * * * * * * * * * * * * * * * //

dimensions      [0 1 -1 0 0 0 0];

internalField   nonuniform List<vector> 
1008
(
(1.5 -5.50042e-16 0)
(1.5 -3.10553e-16 0)
(1.5 -6.20972e-16 0)
(1.5 -3.22877e-16 0)
(1.5 -9.29842e-17 0)
(1.5 2.91927e-15 0)
(1.5 9.94594e-17 0)
(1.5 1.79551e-16 0)
(1.5 5.7428e-16 0)
(1.5 7.17522e-16 0)
(1.5 5.38929e-16 0)
(1.5 2.16281e-16 0)
(1.5 -3.29098e-16 0)
(1.5 -4.04071e-16 0)
(1.5 -8.95293e-16 0)
(1.5 -1.03146e-15 0)
(1.5 -8.31026e-16 0)
(1.5 -5.97707e-16 0)
(1.5 -5.04842e-16 0)
(1.5 -6.97571e-16 0)
(1.5 -8.88714e-16 0)
(1.5 -6.6734e-16 0)
(1.5 -4.24279e-16 0)
(1.5 -8.13328e-17 0)
(1.5 4.16938e-16 0)
(1.5 5.31135e-16 0)
(1.5 5.17503e-16 0)
(1.5 5.25773e-16 0)
(1.5 -1.92918e-16 0)
(1.5 -4.36483e-16 0)
(1.5 -3.72857e-17 0)
(1.5 1.41343e-16 0)
(1.5 2.34189e-16 0)
(1.5 3.09301e-16 0)
(1.5 4.66263e-16 0)
(1.5 6.04862e-16 0)
(1.5 4.96084e-16 0)
(1.5 -3.81232e-16 0)
(1.5 -9.72872e-16 0)
(1.5 -7.47274e-16 0)
(1.5 -2.96736e-16 0)
(1.5 -1.45845e-16 0)
(1.5 -3.79052e-17 0)
(1.5 -2.86036e-16 0)
(1.5 -2.10004e-16 0)
(1.5 -4.19529e-16 0)
(1.5 -9.33069e-16 0)
(1.5 -2.21183e-16 0)
(1.5 1.0649e-15 0)
(1.5 1.15086e-15 0)
(1.5 1.10333e-15 0)
(1.5 9.02374e-16 0)
(1.5 1.37502e-16 0)
(1.5 -3.88139e-16 0)
(1.5 1.41747e-18 0)
(1.5 -1.2682e-16 0)
(1.5 -2.52578e-16 0)
(1.5 1.48435e-16 0)
(1.5 6.36765e-16 0)
(1.5 1.12228e-15 0)
(1.5 5.9821e-16 0)
(1.5 -3.78166e-16 0)
(1.5 -2.27691e-16 0)
(1.5 -1.19697e-16 0)
(1.5 1.21961e-16 0)
(1.5 3.09374e-16 0)
(1.5 2.96655e-16 0)
(1.5 7.46492e-16 0)
(1.5 8.64575e-16 0)
(1.5 -5.75986e-16 0)
(1.5 -1.14735e-15 0)
(1.5 -3.95796e-16 0)
(1.5 4.89144e-16 0)
(1.5 5.43547e-16 0)
(1.5 5.96386e-16 0)
(1.5 6.508e-16 0)
(1.5 6.94061e-16 0)
(1.5 4.76628e-16 0)
(1.5 -1.05653e-16 0)
(1.5 -2.20574e-16 0)
(1.5 -1.06643e-16 0)
(1.5 2.39442e-16 0)
(1.5 7.25002e-16 0)
(1.5 6.06453e-16 0)
(1.5 2.88016e-16 0)
(1.5 -2.50572e-16 0)
(1.5 5.53963e-16 0)
(1.5 9.11816e-16 0)
(1.5 8.11283e-16 0)
(1.5 8.67341e-16 0)
(1.5 7.86313e-16 0)
(1.5 1.1399e-15 0)
(1.5 9.62099e-16 0)
(1.5 3.09245e-16 0)
(1.5 -3.56407e-16 0)
(1.5 -2.36297e-16 0)
(1.5 -2.83208e-16 0)
(1.5 -4.02891e-16 0)
(1.5 1.31589e-16 0)
(1.5 1.52343e-16 0)
(1.5 6.84682e-16 0)
(1.5 9.9578e-16 0)
(1.5 -1.67667e-17 0)
(1.5 -2.75108e-17 0)
(1.5 6.81333e-17 0)
(1.5 1.85956e-16 0)
(1.5 -1.63618e-17 0)
(1.5 -5.46526e-16 0)
(1.5 -5.61799e-16 0)
(1.5 8.47645e-17 0)
(1.5 2.53805e-16 0)
(1.5 7.48061e-16 0)
(1.5 1.7528e-15 0)
(1.5 1.93523e-15 0)
(1.5 1.37802e-15 0)
(1.5 4.0781e-16 0)
(1.5 2.0128e-16 0)
(1.5 7.40788e-16 0)
(1.5 8.76619e-16 0)
(1.5 7.89897e-17 0)
(1.5 -3.37199e-16 0)
(1.5 -9.35404e-16 0)
(1.5 -4.17013e-16 0)
(1.5 3.65771e-16 0)
(1.5 6.36851e-16 0)
(1.5 9.95812e-16 0)
(1.5 2.89993e-16 0)
(1.5 4.46571e-16 0)
(1.5 3.21717e-17 0)
(1.5 -2.00308e-16 0)
(1.5 -5.254e-16 0)
(1.5 -8.82287e-16 0)
(1.5 -9.23134e-16 0)
(1.5 -8.23096e-17 0)
(1.5 -1.97e-16 0)
(1.5 -3.47179e-16 0)
(1.5 1.1642e-15 0)
(1.5 1.34467e-15 0)
(1.5 9.82337e-16 0)
(1.5 -9.76908e-17 0)
(1.5 2.60668e-17 0)
(1.5 6.35961e-16 0)
(1.5 8.44867e-16 0)
(1.5 9.46955e-16 0)
(1.5 5.89408e-16 0)
(1.5 -1.99783e-17 0)
(1.5 -8.32619e-16 0)
(1.5 -1.4753e-16 0)
(1.5 3.08205e-17 0)
(1.5 1.40594e-16 0)
(1.5 3.50165e-17 0)
(1.5 1.13994e-16 0)
(1.5 2.14682e-16 0)
(1.5 -1.63395e-16 0)
(1.5 -6.77545e-16 0)
(1.5 -5.59005e-16 0)
(1.5 -1.82804e-16 0)
(1.5 -2.11471e-16 0)
(1.5 -6.05984e-16 0)
(1.5 -6.77753e-16 0)
(1.5 -1.01637e-16 0)
(1.5 -6.4302e-17 0)
(1.5 -2.87818e-16 0)
(1.5 1.11007e-16 0)
(1.5 1.54782e-16 0)
(1.5 1.096e-16 0)
(1.5 5.11043e-16 0)
(1.5 1.25315e-15 0)
(1.5 1.14505e-15 0)
(1.5 1.12891e-15 0)
(1.5 3.84802e-16 0)
(1.5 7.30754e-17 0)
(1.5 -8.8959e-16 0)
(1.5 -9.11458e-16 0)
(1.5 -1.94523e-16 0)
(1.5 -6.54979e-19 0)
(1.5 4.48291e-16 0)
(1.5 -3.04974e-17 0)
(1.5 -2.01885e-16 0)
(1.5 -2.73182e-16 0)
(1.5 -4.6594e-16 0)
(1.5 -5.15759e-16 0)
(1.5 -4.40578e-16 0)
(1.5 -3.69938e-16 0)
(1.5 -4.84709e-16 0)
(1.5 -7.94323e-16 0)
(1.5 -1.16193e-16 0)
(1.5 7.95032e-16 0)
(1.5 -1.01944e-16 0)
(1.5 -2.77379e-16 0)
(1.5 6.83259e-16 0)
(1.5 1.16517e-15 0)
(1.5 1.5363e-15 0)
(1.5 2.24159e-15 0)
(1.5 2.10053e-15 0)
(1.5 1.03657e-15 0)
(1.5 -2.84707e-16 0)
(1.5 -5.67213e-16 0)
(1.5 -6.92173e-17 0)
(1.5 7.59645e-17 0)
(1.5 -5.00643e-16 0)
(1.5 -4.18832e-16 0)
(1.5 9.06098e-17 0)
(1.5 -3.05179e-16 0)
(1.5 -7.28074e-16 0)
(1.5 -4.59496e-16 0)
(1.5 1.88843e-16 0)
(1.5 1.09135e-16 0)
(1.5 -1.01104e-15 0)
(1.5 -1.10743e-15 0)
(1.5 6.29745e-17 0)
(1.5 -5.43152e-16 0)
(1.5 -3.43927e-16 0)
(1.5 5.52011e-16 0)
(1.5 8.09334e-16 0)
(1.5 5.02564e-16 0)
(1.5 4.15541e-16 0)
(1.5 6.32664e-16 0)
(1.5 1.71598e-15 0)
(1.5 1.49815e-15 0)
(1.5 9.31805e-16 0)
(1.5 3.22689e-16 0)
(1.5 1.93504e-17 0)
(1.5 -2.04443e-16 0)
(1.5 -1.04743e-15 0)
(1.5 -8.58686e-16 0)
(1.5 -4.50789e-16 0)
(1.5 -4.49953e-16 0)
(1.5 -5.24872e-16 0)
(1.5 -2.19795e-16 0)
(1.5 -1.20875e-16 0)
(1.5 2.96282e-16 0)
(1.5 -5.03984e-16 0)
(1.5 -5.50927e-16 0)
(1.5 -2.14987e-16 0)
(1.5 3.34849e-17 0)
(1.5 3.3642e-16 0)
(1.5 6.7023e-16 0)
(1.5 5.17984e-16 0)
(1.5 4.91965e-17 0)
(1.5 -1.23458e-16 0)
(1.5 -1.26656e-16 0)
(1.5 3.06595e-16 0)
(1.5 1.51453e-15 0)
(1.5 1.52398e-15 0)
(1.5 5.52361e-16 0)
(1.5 2.93447e-17 0)
(1.5 -1.98464e-16 0)
(1.5 -7.4679e-16 0)
(1.5 -7.7174e-16 0)
(1.5 -1.08664e-15 0)
(1.5 -4.70048e-16 0)
(1.5 -3.10605e-16 0)
(1.5 -1.21798e-16 0)
(1.5 -3.68052e-16 0)
(1.5 6.27166e-17 0)
(1.5 -1.04238e-16 0)
(1.5 -8.9735e-17 0)
(1.5 -1.82529e-16 0)
(1.5 8.67717e-16 0)
(1.5 1.16564e-15 0)
(1.5 5.48169e-16 0)
(1.5 -2.28155e-16 0)
(1.5 -2.40291e-16 0)
(1.5 -4.09721e-16 0)
(1.5 -7.16145e-16 0)
(1.5 -2.31387e-16 0)
(1.5 3.08389e-16 0)
(1.5 6.27356e-16 0)
(1.5 1.24796e-16 0)
(1.5 9.11519e-18 0)
(1.5 -1.81771e-16 0)
(1.5 -3.25725e-16 0)
(1.5 -6.18733e-16 0)
(1.5 -7.70369e-16 0)
(1.5 1.37603e-16 0)
(1.5 6.54489e-16 0)
(1.5 3.77543e-16 0)
(1.5 2.39886e-16 0)
(1.5 3.78389e-16 0)
(1.5 -8.35755e-17 0)
(1.5 -3.05001e-16 0)
(1.5 -1.75667e-16 0)
(1.5 5.70439e-16 0)
(1.5 1.00292e-15 0)
(1.5 2.43918e-16 0)
(1.5 -1.17737e-16 0)
(1.5 7.32207e-17 0)
(1.5 4.15886e-16 0)
(1.5 4.20897e-16 0)
(1.5 -6.56217e-17 0)
(1.5 -5.89839e-16 0)
(1.5 -1.15548e-16 0)
(1.5 -3.79855e-16 0)
(1.5 -7.97484e-17 0)
(1.5 -1.10435e-16 0)
(1.5 -4.56874e-16 0)
(1.5 -2.2507e-16 0)
(1.5 2.68975e-16 0)
(1.5 9.21474e-16 0)
(1.5 1.0554e-15 0)
(1.5 9.67411e-16 0)
(1.5 1.10901e-15 0)
(1.5 9.81426e-16 0)
(1.5 6.0352e-16 0)
(1.5 2.30332e-17 0)
(1.5 7.11921e-16 0)
(1.5 9.65284e-16 0)
(1.5 8.86362e-16 0)
(1.5 -1.48836e-16 0)
(1.5 -5.39787e-18 0)
(1.5 2.3529e-16 0)
(1.5 2.82873e-16 0)
(1.5 6.26015e-17 0)
(1.5 -3.4427e-17 0)
(1.5 8.09301e-17 0)
(1.5 2.32126e-16 0)
(1.5 2.815e-16 0)
(1.5 -9.78662e-17 0)
(1.5 -2.10479e-16 0)
(1.5 -4.34135e-16 0)
(1.5 -3.57421e-16 0)
(1.5 2.84286e-16 0)
(1.5 7.2333e-16 0)
(1.5 5.86457e-16 0)
(1.5 5.57289e-16 0)
(1.5 7.19989e-16 0)
(1.5 4.95137e-16 0)
(1.5 7.58067e-16 0)
(1.5 8.00558e-16 0)
(1.5 1.22649e-15 0)
(1.5 1.01789e-15 0)
(1.5 7.89365e-16 0)
(1.5 4.34633e-16 0)
(1.5 1.14476e-15 0)
(1.5 1.29406e-15 0)
(1.5 8.27813e-16 0)
(1.5 -1.23452e-17 0)
(1.5 -1.1388e-16 0)
(1.5 1.50641e-16 0)
(1.5 1.33426e-16 0)
(1.5 1.31729e-15 0)
(1.5 1.06417e-16 0)
(1.5 -2.1927e-16 0)
(1.5 -1.33362e-16 0)
(1.5 -3.29681e-16 0)
(1.5 -3.3671e-16 0)
(1.5 5.4574e-17 0)
(1.5 6.74632e-16 0)
(1.5 4.61604e-16 0)
(1.5 9.44198e-17 0)
(1.5 3.37569e-17 0)
(1.5 5.07068e-16 0)
(1.5 1.02615e-15 0)
(1.5 6.51364e-16 0)
(1.5 4.58713e-16 0)
(1.5 6.65428e-16 0)
(1.5 1.24847e-15 0)
(1.5 1.31912e-15 0)
(1.5 1.10543e-15 0)
(1.5 8.86517e-16 0)
(1.5 6.87591e-16 0)
(1.5 5.51526e-16 0)
(1.5 -2.171e-16 0)
(1.5 -5.36099e-16 0)
(1.5 1.69376e-16 0)
(1.5 2.20574e-16 0)
(1.5 1.26077e-16 0)
(1.5 4.38461e-16 0)
(1.5 9.51074e-17 0)
(1.5 -5.83933e-16 0)
(1.5 -8.79532e-16 0)
(1.5 -2.10849e-16 0)
(1.5 -2.7444e-16 0)
(1.5 -4.68618e-16 0)
(1.5 7.23257e-17 0)
(1.5 2.42883e-16 0)
(1.5 6.01152e-16 0)
(1.5 9.48473e-17 0)
(1.5 -1.57548e-16 0)
(1.5 2.67276e-16 0)
(1.5 1.54842e-15 0)
(1.5 4.41485e-16 0)
(1.5 -3.24519e-16 0)
(1.5 1.06267e-16 0)
(1.5 8.04e-16 0)
(1.5 6.23905e-16 0)
(1.5 -6.30619e-16 0)
(1.5 -1.2253e-15 0)
(1.5 -8.8617e-16 0)
(1.5 4.28116e-17 0)
(1.5 2.26067e-16 0)
(1.5 4.93851e-16 0)
(1.5 3.06109e-16 0)
(1.5 -2.00192e-16 0)
(1.5 -5.82527e-16 0)
(1.5 -4.37557e-16 0)
(1.5 -4.07886e-16 0)
(1.5 -5.19691e-16 0)
(1.5 -2.67961e-16 0)
(1.5 -4.42839e-16 0)
(1.5 9.61986e-17 0)
(1.5 3.07163e-16 0)
(1.5 1.25913e-16 0)
(1.5 2.77818e-16 0)
(1.5 9.55367e-16 0)
(1.5 7.9738e-16 0)
(1.5 5.32622e-16 0)
(1.5 5.71797e-16 0)
(1.5 8.3419e-16 0)
(1.5 4.46126e-16 0)
(1.5 2.2095e-16 0)
(1.5 2.9592e-17 0)
(1.5 -3.20562e-16 0)
(1.5 6.15253e-12 0)
(1.5 3.13504e-09 0)
(1.5 2.92357e-07 0)
(1.5 8.29402e-06 0)
(1.49997 9.58107e-05 0)
(1.49978 0.000613945 0)
(1.49924 0.00235586 0)
(1.49834 0.0060589 0)
(1.49768 0.0114138 0)
(1.49828 0.0161703 0)
(1.49929 0.0175819 0)
(1.49983 0.0170649 0)
(1.5007 0.0150321 0)
(1.50133 0.011447 0)
(1.50138 0.00731916 0)
(1.50099 0.00377588 0)
(1.50049 0.00143172 0)
(1.50014 0.000319753 0)
(1.50001 2.78542e-05 0)
(1.5 5.15695e-07 0)
(1.5 9.40241e-10 0)
(1.5 1.60518e-13 0)
(1.5 -1.42165e-15 0)
(1.5 -1.32322e-15 0)
(1.5 -8.92121e-16 0)
(1.5 -2.99779e-16 0)
(1.5 2.54105e-17 0)
(1.5 -3.80296e-16 0)
(1.5 -7.18995e-16 0)
(1.5 -4.49466e-16 0)
(1.5 -5.87412e-16 0)
(1.5 -4.02223e-16 0)
(1.5 3.10541e-16 0)
(1.5 7.70329e-16 0)
(1.5 1.18908e-13 0)
(1.5 2.63806e-11 0)
(1.5 2.66385e-09 0)
(1.5 9.79979e-08 0)
(1.5 1.68993e-06 0)
(1.5 1.40063e-05 0)
(1.49998 6.79329e-05 0)
(1.49996 0.000203921 0)
(1.49995 0.000395324 0)
(1.49998 0.000520004 0)
(1.49999 0.000525336 0)
(1.50001 0.000465757 0)
(1.50003 0.000324016 0)
(1.50003 0.000165076 0)
(1.50002 5.67475e-05 0)
(1.5 1.08739e-05 0)
(1.5 7.89448e-07 0)
(1.5 1.20118e-08 0)
(1.5 1.81809e-11 0)
(1.5 4.79271e-15 0)
(1.5 -2.16751e-15 0)
(1.5 -1.64045e-15 0)
(1.5 -1.41333e-15 0)
(1.5 -5.44291e-16 0)
(1.5 -3.28515e-16 0)
(1.5 -5.38211e-16 0)
(1.5 -2.38977e-16 0)
(1.5 1.6539e-16 0)
(1.5 -1.44541e-16 0)
(1.5 -3.52371e-16 0)
(1.5 2.4171e-16 0)
(1.5 6.77194e-16 0)
(1.5 1.99974e-16 0)
(1.5 5.07896e-16 0)
(1.5 1.86234e-15 0)
(1.5 1.01114e-13 0)
(1.5 7.21125e-12 0)
(1.5 3.56188e-10 0)
(1.5 6.86666e-09 0)
(1.5 6.66132e-08 0)
(1.5 3.2827e-07 0)
(1.5 9.05109e-07 0)
(1.5 1.47755e-06 0)
(1.5 1.56825e-06 0)
(1.5 1.3787e-06 0)
(1.5 8.5153e-07 0)
(1.5 3.19403e-07 0)
(1.5 6.14172e-08 0)
(1.5 4.30229e-09 0)
(1.5 6.24401e-11 0)
(1.5 1.77594e-13 0)
(1.5 -1.52477e-15 0)
(1.5 -1.80304e-15 0)
(1.5 -1.51127e-15 0)
(1.5 -1.32902e-15 0)
(1.5 -1.20486e-15 0)
(1.5 -1.06107e-15 0)
(1.5 -1.35093e-15 0)
(1.5 -1.28263e-15 0)
(1.5 -5.98239e-16 0)
(1.5 7.81755e-16 0)
(1.5 6.25205e-16 0)
(1.5 1.45396e-16 0)
(1.5 6.48657e-17 0)
(1.5 5.87763e-16 0)
(1.5 -3.56593e-16 0)
(1.5 -1.91742e-16 0)
(1.5 4.27605e-16 0)
(1.5 1.15305e-15 0)
(1.5 1.43421e-15 0)
(1.5 1.43572e-14 0)
(1.5 2.64403e-13 0)
(1.5 3.79337e-12 0)
(1.5 3.00995e-11 0)
(1.5 1.19456e-10 0)
(1.5 2.41921e-10 0)
(1.5 2.67035e-10 0)
(1.5 2.27531e-10 0)
(1.5 1.18874e-10 0)
(1.5 2.95513e-11 0)
(1.5 2.62473e-12 0)
(1.5 9.32775e-14 0)
(1.5 3.23233e-16 0)
(1.5 -1.22353e-15 0)
(1.5 -1.32229e-15 0)
(1.5 -8.25604e-16 0)
(1.5 -6.10939e-16 0)
(1.5 -1.0416e-15 0)
(1.5 -1.15722e-15 0)
(1.5 -2.12342e-15 0)
(1.5 -2.11097e-15 0)
(1.5 -1.62723e-15 0)
(1.5 -6.40196e-16 0)
(1.5 -8.36362e-17 0)
(1.5 5.23725e-16 0)
(1.5 2.92954e-16 0)
(1.5 -1.9e-17 0)
(1.5 2.22054e-16 0)
(1.5 1.80163e-16 0)
(1.5 -3.84252e-16 0)
(1.5 1.63508e-16 0)
(1.5 1.09044e-15 0)
(1.5 1.16265e-15 0)
(1.5 9.29854e-16 0)
(1.5 6.49929e-16 0)
(1.5 1.13044e-15 0)
(1.5 1.21859e-15 0)
(1.5 4.25919e-15 0)
(1.5 6.90074e-15 0)
(1.5 7.38139e-15 0)
(1.5 6.21746e-15 0)
(1.5 2.82852e-15 0)
(1.5 9.28574e-16 0)
(1.5 4.67713e-16 0)
(1.5 1.47903e-16 0)
(1.5 -1.13096e-15 0)
(1.5 -1.57286e-15 0)
(1.5 -1.37096e-15 0)
(1.5 -5.6093e-16 0)
(1.5 4.07922e-16 0)
(1.5 -2.07765e-16 0)
(1.5 -7.30515e-16 0)
(1.5 -9.74379e-16 0)
(1.5 -7.81733e-16 0)
(1.5 -9.63911e-16 0)
(1.5 -1.06454e-15 0)
(1.5 -1.31702e-15 0)
(1.5 -9.38449e-16 0)
(1.5 8.3105e-17 0)
(1.5 5.99948e-16 0)
(1.5 -1.89945e-16 0)
(1.5 9.49511e-16 0)
(1.5 -1.60976e-16 0)
(1.5 -5.3654e-16 0)
(1.5 1.6662e-16 0)
(1.5 3.43647e-16 0)
(1.5 2.32655e-16 0)
(1.5 -1.01269e-16 0)
(1.5 -3.00205e-16 0)
(1.5 -3.82391e-16 0)
(1.5 4.31098e-16 0)
(1.5 6.8949e-16 0)
(1.5 6.27238e-16 0)
(1.5 1.48116e-17 0)
(1.5 -3.4502e-16 0)
(1.5 -2.43729e-16 0)
(1.5 4.72754e-17 0)
(1.5 -3.76173e-16 0)
(1.5 -2.97647e-16 0)
(1.5 -3.94699e-16 0)
(1.5 -3.91727e-16 0)
(1.5 -5.41552e-16 0)
(1.5 9.10067e-17 0)
(1.5 2.57002e-16 0)
(1.5 -2.41072e-16 0)
(1.5 7.44595e-17 0)
(1.5 2.76503e-17 0)
(1.5 -1.28538e-16 0)
(1.5 -4.27089e-16 0)
(1.5 -7.86705e-16 0)
(1.5 -1.07493e-15 0)
(1.5 -6.85856e-16 0)
(1.5 -1.16782e-16 0)
(1.5 -2.55922e-16 0)
(1.5 6.4995e-16 0)
(1.5 1.55203e-16 0)
(1.5 -5.97745e-16 0)
(1.5 -4.20269e-16 0)
(1.5 -3.59907e-16 0)
(1.5 -4.15576e-16 0)
(1.5 -2.9453e-17 0)
(1.5 -3.93405e-16 0)
(1.5 2.78478e-16 0)
(1.5 6.02544e-16 0)
(1.5 7.52103e-16 0)
(1.5 8.98071e-16 0)
(1.5 6.64499e-16 0)
(1.5 -4.14527e-16 0)
(1.5 -2.48277e-16 0)
(1.5 -6.58616e-17 0)
(1.5 -2.9175e-16 0)
(1.5 2.83201e-16 0)
(1.5 3.6237e-16 0)
(1.5 -7.12884e-17 0)
(1.5 -7.08772e-16 0)
(1.5 -3.99253e-16 0)
(1.5 4.6229e-16 0)
(1.5 5.60588e-16 0)
(1.5 1.06924e-15 0)
(1.5 6.06996e-16 0)
(1.5 3.05804e-16 0)
(1.5 1.81299e-16 0)
(1.5 2.82102e-16 0)
(1.5 1.82609e-16 0)
(1.5 -1.85949e-17 0)
(1.5 -1.05531e-17 0)
(1.5 1.37285e-16 0)
(1.5 -4.30114e-17 0)
(1.5 1.10565e-15 0)
(1.5 1.39954e-16 0)
(1.5 -1.07306e-15 0)
(1.5 -8.02128e-16 0)
(1.5 -6.44518e-16 0)
(1.5 -4.64044e-16 0)
(1.5 -3.89374e-16 0)
(1.5 8.62813e-19 0)
(1.5 -7.59018e-17 0)
(1.5 -3.23242e-16 0)
(1.5 5.23035e-17 0)
(1.5 1.0945e-15 0)
(1.5 7.28403e-16 0)
(1.5 3.57828e-16 0)
(1.5 3.46292e-16 0)
(1.5 -1.04899e-16 0)
(1.5 3.55414e-17 0)
(1.5 8.41956e-16 0)
(1.5 7.20692e-16 0)
(1.5 -6.62547e-16 0)
(1.5 -5.60904e-17 0)
(1.5 7.45383e-16 0)
(1.5 1.19962e-15 0)
(1.5 1.56039e-15 0)
(1.5 4.93707e-16 0)
(1.5 2.06958e-16 0)
(1.5 3.03159e-16 0)
(1.5 7.6276e-16 0)
(1.5 5.26341e-16 0)
(1.5 3.90828e-16 0)
(1.5 2.12974e-16 0)
(1.5 1.84566e-16 0)
(1.5 -1.02603e-16 0)
(1.5 8.89784e-16 0)
(1.5 2.14989e-16 0)
(1.5 -4.90028e-16 0)
(1.5 -6.64272e-16 0)
(1.5 -6.13625e-16 0)
(1.5 -5.59079e-17 0)
(1.5 6.35695e-16 0)
(1.5 3.58082e-16 0)
(1.5 -5.96549e-16 0)
(1.5 -1.6759e-15 0)
(1.5 -1.03595e-15 0)
(1.5 5.10593e-16 0)
(1.5 8.87755e-16 0)
(1.5 7.02183e-16 0)
(1.5 5.91997e-16 0)
(1.5 4.5445e-16 0)
(1.5 1.83374e-16 0)
(1.5 8.35814e-16 0)
(1.5 1.30648e-15 0)
(1.5 3.20304e-16 0)
(1.5 1.27552e-16 0)
(1.5 5.7155e-16 0)
(1.5 7.60458e-16 0)
(1.5 4.11822e-16 0)
(1.5 5.99525e-16 0)
(1.5 4.06434e-16 0)
(1.5 2.49622e-16 0)
(1.5 4.5781e-16 0)
(1.5 -7.01464e-17 0)
(1.5 -1.43276e-17 0)
(1.5 -1.1196e-17 0)
(1.5 2.26599e-16 0)
(1.5 -5.39112e-16 0)
(1.5 -5.13683e-16 0)
(1.5 -1.15191e-16 0)
(1.5 4.04928e-16 0)
(1.5 -6.41381e-17 0)
(1.5 -9.6831e-16 0)
(1.5 -1.24676e-15 0)
(1.5 -1.45075e-15 0)
(1.5 -8.21078e-16 0)
(1.5 -3.11193e-16 0)
(1.5 -7.23112e-16 0)
(1.5 -9.33781e-16 0)
(1.5 -4.23847e-16 0)
(1.5 2.75289e-16 0)
(1.5 5.22318e-16 0)
(1.5 2.99369e-16 0)
(1.5 7.21205e-16 0)
(1.5 5.11678e-16 0)
(1.5 3.13799e-17 0)
(1.5 2.48076e-16 0)
(1.5 1.00115e-15 0)
(1.5 5.85125e-16 0)
(1.5 5.35864e-16 0)
(1.5 6.66314e-17 0)
(1.5 5.70045e-19 0)
(1.5 7.50342e-16 0)
(1.5 1.10232e-15 0)
(1.5 7.15169e-16 0)
(1.5 1.91518e-16 0)
(1.5 1.39091e-16 0)
(1.5 3.71538e-16 0)
(1.5 2.77485e-16 0)
(1.5 2.49796e-16 0)
(1.5 -1.04777e-15 0)
(1.5 -1.2608e-15 0)
(1.5 -4.03199e-16 0)
(1.5 5.3635e-16 0)
(1.5 3.53623e-16 0)
(1.5 -5.78344e-16 0)
(1.5 -1.95079e-15 0)
(1.5 -2.45896e-15 0)
(1.5 -1.72909e-15 0)
(1.5 -6.92658e-16 0)
(1.5 -1.10146e-15 0)
(1.5 -1.3498e-15 0)
(1.5 -6.74133e-16 0)
(1.5 2.01616e-16 0)
(1.5 -2.68242e-17 0)
(1.5 8.29271e-17 0)
(1.5 4.11506e-16 0)
(1.5 5.62475e-16 0)
(1.5 -2.78636e-16 0)
(1.5 -3.12685e-16 0)
(1.5 4.40326e-16 0)
(1.5 1.09426e-16 0)
(1.5 6.53752e-17 0)
(1.5 2.20863e-16 0)
(1.5 6.8994e-16 0)
(1.5 1.33982e-15 0)
(1.5 1.14527e-15 0)
(1.5 1.31159e-15 0)
(1.5 7.08549e-16 0)
(1.5 2.68318e-16 0)
(1.5 1.50291e-16 0)
(1.5 1.026e-16 0)
(1.5 2.69096e-18 0)
(1.5 -1.33521e-15 0)
(1.5 -1.364e-15 0)
(1.5 -7.1111e-16 0)
(1.5 -2.60939e-16 0)
(1.5 8.99885e-16 0)
(1.5 8.17803e-17 0)
(1.5 -1.36301e-15 0)
(1.5 -1.84936e-15 0)
(1.5 -1.6372e-15 0)
(1.5 -1.46022e-15 0)
(1.5 -1.34178e-15 0)
(1.5 -1.19692e-15 0)
(1.5 -5.99532e-16 0)
(1.5 -3.23147e-16 0)
(1.5 -4.12336e-16 0)
(1.5 -4.70036e-17 0)
(1.5 -4.95945e-16 0)
(1.5 -7.34373e-16 0)
(1.5 -9.56798e-16 0)
(1.5 -8.30257e-16 0)
(1.5 -4.09951e-16 0)
(1.5 -5.1346e-16 0)
(1.5 1.01773e-16 0)
(1.5 1.11896e-15 0)
(1.5 1.689e-15 0)
(1.5 1.94864e-15 0)
(1.5 1.21969e-15 0)
(1.5 9.56638e-16 0)
(1.5 4.58697e-16 0)
(1.5 5.13057e-16 0)
(1.5 -4.19042e-16 0)
(1.5 -6.29456e-16 0)
(1.5 -4.02777e-16 0)
(1.5 -4.12021e-16 0)
(1.5 -1.41966e-16 0)
(1.5 2.26557e-16 0)
(1.5 1.56863e-16 0)
(1.5 3.46045e-16 0)
(1.5 6.78004e-16 0)
(1.5 -4.09467e-18 0)
(1.5 -1.47828e-15 0)
(1.5 -1.79571e-15 0)
(1.5 -1.11854e-15 0)
(1.5 -5.10649e-16 0)
(1.5 -5.13188e-16 0)
(1.5 -5.30132e-16 0)
(1.5 -1.11453e-16 0)
(1.5 -1.33769e-16 0)
(1.5 -3.28313e-16 0)
(1.5 -5.17825e-16 0)
(1.5 -2.91381e-16 0)
(1.5 -4.32878e-16 0)
(1.5 7.78929e-17 0)
(1.5 -5.52746e-16 0)
(1.5 1.26236e-16 0)
(1.5 7.56675e-16 0)
(1.5 5.56283e-16 0)
(1.5 9.89966e-16 0)
(1.5 6.36804e-16 0)
(1.5 -2.12785e-16 0)
(1.5 -7.75899e-16 0)
(1.5 -3.23148e-16 0)
(1.5 3.47435e-16 0)
(1.5 3.86259e-17 0)
(1.5 -4.6119e-16 0)
(1.5 -8.82582e-16 0)
(1.5 7.73839e-16 0)
(1.5 1.05222e-15 0)
(1.5 1.51863e-15 0)
(1.5 1.30563e-15 0)
(1.5 6.74644e-16 0)
(1.5 9.41528e-16 0)
(1.5 5.8406e-16 0)
(1.5 -2.38968e-16 0)
(1.5 -8.51862e-16 0)
(1.5 -6.4341e-16 0)
(1.5 -2.10159e-16 0)
(1.5 -4.15109e-16 0)
(1.5 -4.19797e-16 0)
(1.5 -2.19829e-16 0)
(1.5 -4.953e-16 0)
(1.5 -1.01571e-15 0)
(1.5 -1.21313e-15 0)
(1.5 -5.78346e-16 0)
(1.5 3.03937e-16 0)
(1.5 1.09617e-15 0)
(1.5 4.32759e-16 0)
(1.5 1.15174e-15 0)
(1.5 1.36398e-15 0)
(1.5 6.90514e-16 0)
(1.5 3.25752e-16 0)
(1.5 -7.93596e-17 0)
(1.5 -7.6996e-16 0)
(1.5 -1.05251e-15 0)
(1.5 -7.72379e-17 0)
(1.5 3.5545e-16 0)
(1.5 2.93878e-16 0)
(1.5 -1.53078e-16 0)
(1.5 -8.30771e-16 0)
(1.5 2.15642e-15 0)
(1.5 1.3895e-15 0)
(1.5 1.15563e-15 0)
(1.5 1.44069e-15 0)
(1.5 1.36213e-15 0)
(1.5 1.35283e-15 0)
(1.5 1.07029e-15 0)
(1.5 8.31806e-16 0)
(1.5 -1.47798e-16 0)
(1.5 -6.26303e-16 0)
(1.5 -3.56033e-16 0)
(1.5 8.29618e-17 0)
(1.5 1.42477e-16 0)
(1.5 -1.90413e-16 0)
(1.5 -7.89593e-16 0)
(1.5 -1.27048e-15 0)
(1.5 -1.39476e-15 0)
(1.5 -1.18612e-15 0)
(1.5 -5.53729e-16 0)
(1.5 -1.50223e-16 0)
(1.5 7.91575e-16 0)
(1.5 1.62429e-15 0)
(1.5 1.42277e-15 0)
(1.5 8.16036e-16 0)
(1.5 -2.6347e-16 0)
(1.5 7.44424e-17 0)
(1.5 1.80271e-16 0)
(1.5 1.32333e-16 0)
(1.5 -2.2807e-16 0)
(1.5 -5.20704e-16 0)
(1.5 -1.96901e-16 0)
(1.5 -5.61442e-17 0)
(1.5 5.36648e-17 0)
(1.5 1.60963e-15 0)
(1.5 1.69916e-15 0)
(1.5 1.79744e-15 0)
(1.5 1.66961e-15 0)
(1.5 1.7304e-15 0)
(1.5 1.82415e-15 0)
(1.5 1.6617e-15 0)
(1.5 7.61994e-16 0)
(1.5 2.80356e-16 0)
(1.5 -2.76625e-16 0)
(1.5 -3.80251e-16 0)
(1.5 -8.94432e-17 0)
(1.5 -4.58087e-17 0)
(1.5 -4.1072e-16 0)
(1.5 -8.88317e-16 0)
(1.5 -1.06241e-15 0)
(1.5 -9.07065e-16 0)
(1.5 -4.64185e-16 0)
(1.5 -1.03792e-16 0)
(1.5 3.20984e-16 0)
(1.5 1.60985e-15 0)
(1.5 1.38772e-15 0)
(1.5 1.72882e-15 0)
(1.5 1.69449e-15 0)
(1.5 1.2485e-15 0)
(1.5 9.53713e-16 0)
(1.5 7.595e-16 0)
(1.5 6.6828e-16 0)
(1.5 1.35423e-16 0)
(1.5 -7.52568e-16 0)
(1.5 -4.84847e-16 0)
(1.5 -1.27324e-16 0)
(1.5 2.06741e-16 0)
(1.5 -2.63027e-16 0)
(1.5 8.43267e-16 0)
(1.5 1.65352e-15 0)
(1.5 1.56776e-15 0)
(1.5 1.05846e-15 0)
(1.5 1.57887e-16 0)
(1.5 7.9637e-16 0)
(1.5 1.26252e-15 0)
(1.5 2.05617e-16 0)
(1.5 -1.80091e-16 0)
(1.5 -1.48989e-16 0)
(1.5 2.34694e-16 0)
(1.5 -8.91913e-17 0)
(1.5 -2.40812e-16 0)
(1.5 -8.53327e-16 0)
(1.5 -8.24489e-16 0)
(1.5 -9.8543e-16 0)
(1.5 1.21336e-16 0)
(1.5 3.82902e-16 0)
(1.5 9.74059e-16 0)
(1.5 1.73141e-15 0)
(1.5 1.43263e-15 0)
(1.5 1.73756e-15 0)
(1.5 1.92413e-15 0)
(1.5 1.67889e-15 0)
(1.5 8.1248e-16 0)
(1.5 3.86412e-16 0)
(1.5 6.49115e-16 0)
(1.5 1.78952e-16 0)
(1.5 -3.14402e-16 0)
(1.5 -3.0548e-16 0)
(1.5 -2.25553e-16 0)
(1.5 -3.60232e-17 0)
(1.5 -3.2487e-16 0)
(1.5 -7.54181e-17 0)
(1.5 7.12071e-16 0)
(1.5 1.53955e-15 0)
(1.5 1.31821e-15 0)
(1.5 6.93473e-16 0)
(1.5 4.97175e-16 0)
(1.5 7.84534e-16 0)
(1.5 4.31837e-16 0)
(1.5 2.63778e-16 0)
(1.5 -4.79834e-17 0)
(1.5 2.42212e-16 0)
(1.5 1.16193e-16 0)
(1.5 -4.91643e-17 0)
(1.5 -4.59761e-16 0)
(1.5 -9.38958e-16 0)
(1.5 -7.19644e-16 0)
(1.5 -2.59553e-17 0)
(1.5 3.91767e-16 0)
(1.5 1.04314e-15 0)
(1.5 7.72598e-16 0)
(1.5 6.43288e-16 0)
(1.5 6.8093e-16 0)
(1.5 8.6235e-16 0)
(1.5 5.84149e-16 0)
(1.5 2.58396e-16 0)
(1.5 5.38654e-16 0)
(1.5 5.46067e-16 0)
(1.5 1.7735e-16 0)
(1.5 1.05641e-17 0)
(1.5 3.64653e-17 0)
(1.5 -8.86119e-17 0)
(1.5 7.35122e-17 0)
)
;

boundaryField
{
    inlet
    {
        type            fixedValue;
        value           uniform (1.5 0 0);
    }
    outlet
    {
        type            inletOutlet;
        inletValue      nonuniform 0();
        value           nonuniform 0();
    }
    bottom
    {
        type            symmetryPlane;
    }
    top
    {
        type            symmetryPlane;
    }
    obstacle
    {
        type            slip;
    }
    defaultFaces
    {
        type            empty;
    }
    procBoundary2to0
    {
        type            processor;
        value           nonuniform List<vector> 
58
(
(1.5 -4.05461e-16 0)
(1.5 -9.82264e-17 0)
(1.5 -4.71655e-16 0)
(1.5 -8.20527e-16 0)
(1.5 5.6568e-15 0)
(1.5 8.13568e-11 0)
(1.5 1.78718e-16 0)
(1.5 1.05825e-16 0)
(1.5 5.227e-16 0)
(1.5 6.8097e-16 0)
(1.5 4.49451e-16 0)
(1.5 -2.81121e-16 0)
(1.5 -8.10993e-16 0)
(1.5 -9.8855e-16 0)
(1.5 -1.43615e-15 0)
(1.5 -1.26973e-15 0)
(1.5 -1.26699e-15 0)
(1.5 -8.26084e-16 0)
(1.5 -6.19327e-16 0)
(1.5 -7.8758e-17 0)
(1.5 -7.37522e-16 0)
(1.5 -9.11456e-16 0)
(1.5 -3.73311e-16 0)
(1.5 -8.1361e-16 0)
(1.5 -8.1361e-16 0)
(1.5 9.60059e-08 0)
(1.5 9.63591e-06 0)
(1.49991 0.000222548 0)
(1.4992 0.00201346 0)
(1.49657 0.00900071 0)
(1.49124 0.0248252 0)
(1.48511 0.0491038 0)
(1.48198 0.0742352 0)
(1.48387 0.0960856 0)
(1.49282 0.103812 0)
(1.49696 0.101604 0)
(1.50183 0.0952063 0)
(1.50652 0.0837793 0)
(1.50966 0.0686478 0)
(1.51052 0.0517363 0)
(1.50937 0.0350704 0)
(1.50695 0.0204948 0)
(1.50399 0.00932562 0)
(1.50138 0.00261537 0)
(1.50018 0.000295212 0)
(1.5 7.17051e-06 0)
(1.5 1.70416e-08 0)
(1.5 1.75587e-12 0)
(1.5 -1.17919e-15 0)
(1.5 -1.47237e-15 0)
(1.5 -9.45061e-16 0)
(1.5 -1.02675e-16 0)
(1.5 2.246e-17 0)
(1.5 -6.26481e-16 0)
(1.5 -1.59459e-16 0)
(1.5 -2.33232e-16 0)
(1.5 -3.48098e-16 0)
(1.5 -3.68751e-16 0)
)
;
    }
    procBoundary2to1
    {
        type            processor;
        value           nonuniform List<vector> 2((1.5 4.73587e-16 0) (1.5 1.1645e-15 0));
    }
    procBoundary2to3
    {
        type            processor;
        value           nonuniform List<vector> 
16
(
(1.5 6.6376e-16 0)
(1.5 -1.28771e-16 0)
(1.5 -7.2395e-16 0)
(1.5 -2.1085e-16 0)
(1.5 4.03127e-16 0)
(1.5 3.55183e-16 0)
(1.5 1.39685e-16 0)
(1.5 6.99386e-17 0)
(1.5 -1.30619e-18 0)
(1.5 -1.12759e-16 0)
(1.5 -8.86e-16 0)
(1.5 -7.03272e-16 0)
(1.5 -1.69385e-16 0)
(1.5 3.99194e-16 0)
(1.5 1.78536e-16 0)
(1.5 -1.1201e-16 0)
)
;
    }
}


// ************************************************************************* //
