/*--------------------------------*- C++ -*----------------------------------*\
  =========                 |
  \\      /  F ield         | OpenFOAM: The Open Source CFD Toolbox
   \\    /   O peration     | Website:  https://openfoam.org
    \\  /    A nd           | Version:  7
     \\/     M anipulation  |
\*---------------------------------------------------------------------------*/
FoamFile
{
    version     2.0;
    format      ascii;
    class       volScalarField;
    location    "3";
    object      rho;
}
// * * * * * * * * * * * * * * * * * * * * * * * * * * * * * * * * * * * * * //

dimensions      [1 -3 0 0 0 0 0];

internalField   nonuniform List<scalar> 
4608
(
1.40001
1.40001
1.40001
1.40001
1.40001
1.40001
1.40001
1.40001
1.40001
1.40001
1.40001
1.40001
1.40001
1.40001
1.40001
1.40001
1.40001
1.40001
1.40001
1.40001
1.40001
1.40001
1.40001
1.40001
1.40001
1.40001
1.40001
1.40001
1.40001
1.40001
1.40001
1.40001
1.40001
1.40001
1.40001
1.40001
1.40001
1.40001
1.40001
1.40001
1.40001
1.40001
1.40001
1.40001
1.40001
1.40001
1.40001
1.40001
1.40001
1.40001
1.40001
1.40001
1.40001
1.40001
1.40001
1.40001
3.02356
6.14204
6.45292
6.4626
6.48235
6.4989
6.51618
6.53473
6.55713
6.58442
6.61461
6.64509
6.67403
6.7006
6.72374
6.74074
6.75114
6.75881
6.76939
6.78521
6.80434
6.82429
6.8435
6.85905
6.87
6.87858
6.88775
6.89871
6.91078
6.9227
6.93344
6.94245
6.94978
6.95574
6.96044
6.96386
6.96607
6.9673
6.96794
6.96879
1.40001
1.40001
1.40001
1.40001
1.40001
1.40001
1.40001
1.40001
1.40001
1.40001
1.40001
1.40001
1.40001
1.40001
1.40001
1.40001
1.40001
1.40001
1.40001
1.40001
1.40001
1.40001
1.40001
1.40001
1.40001
1.40001
1.40001
1.40001
1.40001
1.40001
1.40001
1.40001
1.40001
1.40001
1.40001
1.40001
1.40001
1.40001
1.40001
1.40001
1.40001
1.40001
1.40001
1.40001
1.40001
1.40001
1.40001
1.40001
1.40001
1.40001
1.40001
1.40001
1.40001
1.40001
1.40001
1.40001
3.00451
6.13082
6.44785
6.46142
6.48155
6.49849
6.51571
6.53427
6.55675
6.58413
6.61432
6.64459
6.67368
6.70042
6.72342
6.74038
6.75082
6.75842
6.76891
6.78465
6.80391
6.8238
6.84293
6.85831
6.86914
6.87772
6.88695
6.89795
6.90998
6.9218
6.93241
6.94131
6.94856
6.95446
6.95909
6.96244
6.96459
6.96578
6.96642
6.96726
1.40001
1.40001
1.40001
1.40001
1.40001
1.40001
1.40001
1.40001
1.40001
1.40001
1.40001
1.40001
1.40001
1.40001
1.40001
1.40001
1.40001
1.40001
1.40001
1.40001
1.40001
1.40001
1.40001
1.40001
1.40001
1.40001
1.40001
1.40001
1.40001
1.40001
1.40001
1.40001
1.40001
1.40001
1.40001
1.40001
1.40001
1.40001
1.40001
1.40001
1.40001
1.40001
1.40001
1.40001
1.40001
1.40001
1.40001
1.40001
1.40001
1.40001
1.40001
1.40001
1.40001
1.40001
1.40001
1.40001
2.95516
6.11856
6.44136
6.45593
6.47906
6.4969
6.51438
6.53298
6.55544
6.58268
6.61284
6.64301
6.6721
6.69906
6.72208
6.7391
6.74962
6.75721
6.76772
6.78329
6.80267
6.82252
6.84153
6.85665
6.86734
6.87594
6.88531
6.89641
6.90842
6.92011
6.93055
6.93931
6.94647
6.95231
6.95688
6.96015
6.96224
6.96341
6.9641
6.96497
1.40001
1.40001
1.40001
1.40001
1.40001
1.40001
1.40001
1.40001
1.40001
1.40001
1.40001
1.40001
1.40001
1.40001
1.40001
1.40001
1.40001
1.40001
1.40001
1.40001
1.40001
1.40001
1.40001
1.40001
1.40001
1.40001
1.40001
1.40001
1.40001
1.40001
1.40001
1.40001
1.40001
1.40001
1.40001
1.40001
1.40001
1.40001
1.40001
1.40001
1.40001
1.40001
1.40001
1.40001
1.40001
1.40001
1.40001
1.40001
1.40001
1.40001
1.40001
1.40001
1.40001
1.40001
1.40001
1.40001
2.87989
6.10107
6.43537
6.45206
6.47757
6.49658
6.51437
6.53287
6.55478
6.5811
6.61066
6.64073
6.66991
6.69709
6.72027
6.73752
6.74827
6.75589
6.76634
6.78165
6.80107
6.82085
6.83972
6.85458
6.86513
6.87373
6.88319
6.89433
6.90624
6.91771
6.92786
6.93636
6.94334
6.94903
6.95345
6.95657
6.95854
6.95969
6.96043
6.96134
1.40001
1.40001
1.40001
1.40001
1.40001
1.40001
1.40001
1.40001
1.40001
1.40001
1.40001
1.40001
1.40001
1.40001
1.40001
1.40001
1.40001
1.40001
1.40001
1.40001
1.40001
1.40001
1.40001
1.40001
1.40001
1.40001
1.40001
1.40001
1.40001
1.40001
1.40001
1.40001
1.40001
1.40001
1.40001
1.40001
1.40001
1.40001
1.40001
1.40001
1.40001
1.40001
1.40001
1.40001
1.40001
1.40001
1.40001
1.40001
1.40001
1.40001
1.40001
1.40001
1.40001
1.40001
1.40001
1.40001
2.78213
6.06756
6.43001
6.44936
6.47755
6.49778
6.51599
6.53428
6.5553
6.58029
6.6087
6.63835
6.66746
6.69468
6.71809
6.73574
6.74679
6.75432
6.76441
6.7791
6.79829
6.81793
6.83669
6.85142
6.86202
6.87071
6.88029
6.89147
6.90334
6.91464
6.92457
6.93284
6.93961
6.94507
6.94923
6.95208
6.95385
6.95494
6.95572
6.95668
1.40001
1.40001
1.40001
1.40001
1.40001
1.40001
1.40001
1.40001
1.40001
1.40001
1.40001
1.40001
1.40001
1.40001
1.40001
1.40001
1.40001
1.40001
1.40001
1.40001
1.40001
1.40001
1.40001
1.40001
1.40001
1.40001
1.40001
1.40001
1.40001
1.40001
1.40001
1.40001
1.40001
1.40001
1.40001
1.40001
1.40001
1.40001
1.40001
1.40001
1.40001
1.40001
1.40001
1.40001
1.40001
1.40001
1.40001
1.40001
1.40001
1.40001
1.40001
1.40001
1.40001
1.40001
1.40001
1.40001
2.66034
6.01704
6.4287
6.45129
6.48196
6.50307
6.52134
6.53865
6.55777
6.58027
6.60641
6.63482
6.66353
6.69078
6.7147
6.73325
6.74504
6.75276
6.76252
6.77645
6.79527
6.81476
6.8334
6.84803
6.85868
6.86737
6.87687
6.88794
6.89965
6.91074
6.92046
6.92853
6.93509
6.94032
6.94419
6.94673
6.94826
6.94925
6.95004
6.95106
1.40001
1.40001
1.40001
1.40001
1.40001
1.40001
1.40001
1.40001
1.40001
1.40001
1.40001
1.40001
1.40001
1.40001
1.40001
1.40001
1.40001
1.40001
1.40001
1.40001
1.40001
1.40001
1.40001
1.40001
1.40001
1.40001
1.40001
1.40001
1.40001
1.40001
1.40001
1.40001
1.40001
1.40001
1.40001
1.40001
1.40001
1.40001
1.40001
1.40001
1.40001
1.40001
1.40001
1.40001
1.40001
1.40001
1.40001
1.40001
1.40001
1.40001
1.40001
1.40001
1.40001
1.40001
1.40001
1.40001
2.51553
5.94985
6.43002
6.45497
6.4872
6.50871
6.52711
6.54355
6.56068
6.58051
6.60432
6.63129
6.65943
6.68675
6.71136
6.73112
6.74388
6.75175
6.76083
6.77351
6.79157
6.81068
6.82908
6.84368
6.85449
6.86319
6.87257
6.88346
6.89499
6.90591
6.91544
6.92334
6.92973
6.93472
6.9383
6.94054
6.94186
6.9428
6.94362
6.94471
1.40001
1.40001
1.40001
1.40001
1.40001
1.40001
1.40001
1.40001
1.40001
1.40001
1.40001
1.40001
1.40001
1.40001
1.40001
1.40001
1.40001
1.40001
1.40001
1.40001
1.40001
1.40001
1.40001
1.40001
1.40001
1.40001
1.40001
1.40001
1.40001
1.40001
1.40001
1.40001
1.40001
1.40001
1.40001
1.40001
1.40001
1.40001
1.40001
1.40001
1.40001
1.40001
1.40001
1.40001
1.40001
1.40001
1.40001
1.40001
1.40001
1.40001
1.40001
1.40001
1.40001
1.40001
1.40001
1.40001
2.35101
5.86206
6.4337
6.45755
6.49029
6.51228
6.53172
6.54826
6.56409
6.58158
6.60285
6.62795
6.65522
6.6825
6.70771
6.72865
6.7424
6.7504
6.75873
6.77007
6.78729
6.80596
6.82416
6.83888
6.84994
6.85863
6.86772
6.87822
6.88941
6.90005
6.90938
6.91714
6.92338
6.92817
6.93148
6.93346
6.9346
6.93554
6.93641
6.93762
1.40001
1.40001
1.40001
1.40001
1.40001
1.40001
1.40001
1.40001
1.40001
1.40001
1.40001
1.40001
1.40001
1.40001
1.40001
1.40001
1.40001
1.40001
1.40001
1.40001
1.40001
1.40001
1.40001
1.40001
1.40001
1.40001
1.40001
1.40001
1.40001
1.40001
1.40001
1.40001
1.40001
1.40001
1.40001
1.40001
1.40001
1.40001
1.40001
1.40001
1.40001
1.40001
1.40001
1.40001
1.40001
1.40001
1.40001
1.40001
1.40001
1.40001
1.40001
1.40001
1.40001
1.40001
1.40001
1.40001
2.17969
5.75041
6.43699
6.45631
6.48892
6.51246
6.53363
6.551
6.56647
6.58246
6.6014
6.62434
6.65041
6.67748
6.70314
6.72517
6.74017
6.74864
6.75638
6.76648
6.78276
6.80089
6.81879
6.83358
6.84484
6.85341
6.86207
6.87203
6.88275
6.89308
6.90223
6.90988
6.91602
6.92063
6.92369
6.92545
6.92647
6.92747
6.92843
6.92978
1.40001
1.40001
1.40001
1.40001
1.40001
1.40001
1.40001
1.40001
1.40001
1.40001
1.40001
1.40001
1.40001
1.40001
1.40001
1.40001
1.40001
1.40001
1.40001
1.40001
1.40001
1.40001
1.40001
1.40001
1.40001
1.40001
1.40001
1.40001
1.40001
1.40001
1.40001
1.40001
1.40001
1.40001
1.40001
1.40001
1.40001
1.40001
1.40001
1.40001
1.40001
1.40001
1.40001
1.40001
1.40001
1.40001
1.40001
1.40001
1.40001
1.40001
1.40001
1.40001
1.40001
1.40001
1.40001
1.40001
2.00274
5.60423
6.44118
6.4517
6.48377
6.50777
6.53043
6.54948
6.56593
6.58168
6.59943
6.62092
6.64591
6.67241
6.69794
6.72049
6.73663
6.74577
6.75319
6.76235
6.77767
6.79516
6.81269
6.82752
6.83898
6.84748
6.85569
6.86504
6.87523
6.88519
6.89412
6.90165
6.90766
6.91206
6.91488
6.91642
6.91734
6.91842
6.91949
6.92098
1.40001
1.40001
1.40001
1.40001
1.40001
1.40001
1.40001
1.40001
1.40001
1.40001
1.40001
1.40001
1.40001
1.40001
1.40001
1.40001
1.40001
1.40001
1.40001
1.40001
1.40001
1.40001
1.40001
1.40001
1.40001
1.40001
1.40001
1.40001
1.40001
1.40001
1.40001
1.40001
1.40001
1.40001
1.40001
1.40001
1.40001
1.40001
1.40001
1.40001
1.40001
1.40001
1.40001
1.40001
1.40001
1.40001
1.40001
1.40001
1.40001
1.40001
1.40001
1.40001
1.40001
1.40001
1.40001
1.40001
1.83623
5.42938
6.44546
6.44408
6.47478
6.49887
6.52355
6.5455
6.56445
6.58143
6.59869
6.61842
6.64134
6.66626
6.69103
6.71379
6.73132
6.74184
6.74964
6.75826
6.77239
6.78894
6.80585
6.8206
6.83222
6.84071
6.84851
6.8572
6.86676
6.87625
6.8849
6.89226
6.89811
6.90231
6.9049
6.9063
6.9072
6.90843
6.90965
6.91127
1.40001
1.40001
1.40001
1.40001
1.40001
1.40001
1.40001
1.40001
1.40001
1.40001
1.40001
1.40001
1.40001
1.40001
1.40001
1.40001
1.40001
1.40001
1.40001
1.40001
1.40001
1.40001
1.40001
1.40001
1.40001
1.40001
1.40001
1.40001
1.40001
1.40001
1.40001
1.40001
1.40001
1.40001
1.40001
1.40001
1.40001
1.40001
1.40001
1.40001
1.40001
1.40001
1.40001
1.40001
1.40001
1.40001
1.40001
1.40001
1.40001
1.40001
1.40001
1.40001
1.40001
1.40001
1.40001
1.40001
1.68276
5.22745
6.444
6.43666
6.4649
6.48852
6.51472
6.53897
6.56036
6.57898
6.59645
6.61505
6.6361
6.65939
6.68347
6.70635
6.72505
6.73689
6.74511
6.7533
6.7662
6.7818
6.79815
6.81286
6.82467
6.83319
6.84057
6.84852
6.85737
6.86633
6.87465
6.8818
6.88744
6.89139
6.89375
6.89502
6.89591
6.8973
6.89864
6.90033
1.40001
1.40001
1.40001
1.40001
1.40001
1.40001
1.40001
1.40001
1.40001
1.40001
1.40001
1.40001
1.40001
1.40001
1.40001
1.40001
1.40001
1.40001
1.40001
1.40001
1.40001
1.40001
1.40001
1.40001
1.40001
1.40001
1.40001
1.40001
1.40001
1.40001
1.40001
1.40001
1.40001
1.40001
1.40001
1.40001
1.40001
1.40001
1.40001
1.40001
1.40001
1.40001
1.40001
1.40001
1.40001
1.40001
1.40001
1.40001
1.40001
1.40001
1.40001
1.40001
1.40001
1.40001
1.40001
1.40001
1.53777
5.0088
6.43494
6.43043
6.45478
6.47677
6.50231
6.52789
6.55198
6.5733
6.59223
6.61065
6.63035
6.65204
6.67497
6.69733
6.71665
6.72984
6.73898
6.74747
6.75964
6.77441
6.79003
6.80439
6.81611
6.82456
6.83152
6.83878
6.8469
6.85532
6.86325
6.87011
6.87547
6.87912
6.88126
6.88248
6.88345
6.88505
6.88655
6.88826
1.40001
1.40001
1.40001
1.40001
1.40001
1.40001
1.40001
1.40001
1.40001
1.40001
1.40001
1.40001
1.40001
1.40001
1.40001
1.40001
1.40001
1.40001
1.40001
1.40001
1.40001
1.40001
1.40001
1.40001
1.40001
1.40001
1.40001
1.40001
1.40001
1.40001
1.40001
1.40001
1.40001
1.40001
1.40001
1.40001
1.40001
1.40001
1.40001
1.40001
1.40001
1.40001
1.40001
1.40001
1.40001
1.40001
1.40001
1.40001
1.40001
1.40001
1.40001
1.40001
1.40001
1.40001
1.40001
1.40001
1.40724
4.74244
6.38487
6.40746
6.43326
6.45898
6.48605
6.51278
6.53857
6.5621
6.58329
6.60304
6.62254
6.64308
6.66483
6.68658
6.70641
6.72119
6.7317
6.74095
6.75249
6.7663
6.78095
6.79483
6.80643
6.81488
6.82153
6.82812
6.83549
6.84327
6.85076
6.85726
6.86226
6.86557
6.86746
6.86861
6.86965
6.8714
6.87297
6.8746
1.40001
1.40001
1.40001
1.40001
1.40001
1.40001
1.40001
1.40001
1.40001
1.40001
1.40001
1.40001
1.40001
1.40001
1.40001
1.40001
1.40001
1.40001
1.40001
1.40001
1.40001
1.40001
1.40001
1.40001
1.40001
1.40001
1.40001
1.40001
1.40001
1.40001
1.40001
1.40001
1.40001
1.40001
1.40001
1.40001
1.40001
1.40001
1.40001
1.40001
1.40001
1.40001
1.40001
1.40001
1.40001
1.40001
1.40001
1.40001
1.40001
1.40001
1.40001
1.40001
1.40001
1.40001
1.40001
1.40001
1.40004
4.4219
6.31507
6.37728
6.40936
6.43924
6.46655
6.49464
6.52229
6.5481
6.57173
6.59271
6.6123
6.63218
6.65293
6.67402
6.69409
6.7103
6.72227
6.7326
6.74398
6.75717
6.77102
6.7844
6.79575
6.80407
6.81033
6.81624
6.82286
6.83002
6.83702
6.84307
6.84762
6.85051
6.85215
6.85326
6.85442
6.85634
6.85796
6.85946
1.40001
1.40001
1.40001
1.40001
1.40001
1.40001
1.40001
1.40001
1.40001
1.40001
1.40001
1.40001
1.40001
1.40001
1.40001
1.40001
1.40001
1.40001
1.40001
1.40001
1.40001
1.40001
1.40001
1.40001
1.40001
1.40001
1.40001
1.40001
1.40001
1.40001
1.40001
1.40001
1.40001
1.40001
1.40001
1.40001
1.40001
1.40001
1.40001
1.40001
1.40001
1.40001
1.40001
1.40001
1.40001
1.40001
1.40001
1.40001
1.40001
1.40001
1.40001
1.40001
1.40001
1.40001
1.40001
1.40001
1.4
4.04333
6.25161
6.34732
6.38453
6.41971
6.45
6.47866
6.50549
6.53082
6.55489
6.57713
6.59771
6.61753
6.63779
6.65861
6.67898
6.69664
6.71041
6.72225
6.73399
6.74683
6.75993
6.77268
6.78368
6.79186
6.79785
6.80325
6.8092
6.8157
6.82209
6.82754
6.83149
6.8339
6.83528
6.83635
6.83756
6.83954
6.84108
6.84234
1.40001
1.40001
1.40001
1.40001
1.40001
1.40001
1.40001
1.40001
1.40001
1.40001
1.40001
1.40001
1.40001
1.40001
1.40001
1.40001
1.40001
1.40001
1.40001
1.40001
1.40001
1.40001
1.40001
1.40001
1.40001
1.40001
1.40001
1.40001
1.40001
1.40001
1.40001
1.40001
1.40001
1.40001
1.40001
1.40001
1.40001
1.40001
1.40001
1.40001
1.40001
1.40001
1.40001
1.40001
1.40001
1.40001
1.40001
1.40001
1.40001
1.40001
1.40001
1.40001
1.40001
1.40001
1.40001
1.40001
1.40001
3.63819
6.19812
6.33032
6.37005
6.4022
6.43274
6.46233
6.49047
6.51645
6.5398
6.56114
6.58131
6.60107
6.62103
6.64145
6.66186
6.68059
6.696
6.70937
6.72177
6.7346
6.74723
6.7595
6.77022
6.77832
6.78409
6.78898
6.7942
6.79992
6.80553
6.81024
6.81355
6.81552
6.81668
6.81773
6.81901
6.82099
6.82238
6.82338
1.40001
1.40001
1.40001
1.40001
1.40001
1.40001
1.40001
1.40001
1.40001
1.40001
1.40001
1.40001
1.40001
1.40001
1.40001
1.40001
1.40001
1.40001
1.40001
1.40001
1.40001
1.40001
1.40001
1.40001
1.40001
1.40001
1.40001
1.40001
1.40001
1.40001
1.40001
1.40001
1.40001
1.40001
1.40001
1.40001
1.40001
1.40001
1.40001
1.40001
1.40001
1.40001
1.40001
1.40001
1.40001
1.40001
1.40001
1.40001
1.40001
1.40001
1.40001
1.40001
1.40001
1.40001
1.40001
1.40001
1.40001
3.20286
6.11862
6.3342
6.36583
6.39664
6.42464
6.45037
6.47548
6.50062
6.52426
6.54552
6.5653
6.58446
6.60346
6.62299
6.64266
6.66182
6.67863
6.69347
6.7069
6.72011
6.73265
6.7446
6.75507
6.76309
6.76869
6.77319
6.77777
6.7827
6.78748
6.79137
6.79398
6.79545
6.79633
6.79725
6.7984
6.80014
6.80119
6.80185
1.40001
1.40001
1.40001
1.40001
1.40001
1.40001
1.40001
1.40001
1.40001
1.40001
1.40001
1.40001
1.40001
1.40001
1.40001
1.40001
1.40001
1.40001
1.40001
1.40001
1.40001
1.40001
1.40001
1.40001
1.40001
1.40001
1.40001
1.40001
1.40001
1.40001
1.40001
1.40001
1.40001
1.40001
1.40001
1.40001
1.40001
1.40001
1.40001
1.40001
1.40001
1.40001
1.40001
1.40001
1.40001
1.40001
1.40001
1.40001
1.40001
1.40001
1.40001
1.40001
1.40001
1.40001
1.40001
1.40001
1.40001
2.76322
5.97228
6.37968
6.38491
6.40675
6.42757
6.44895
6.47032
6.49113
6.51077
6.52958
6.5485
6.56738
6.58594
6.6044
6.62291
6.64144
6.65891
6.67488
6.68928
6.70308
6.71578
6.72758
6.73791
6.74593
6.75151
6.75572
6.75966
6.76367
6.76741
6.77031
6.77215
6.77313
6.77377
6.77458
6.77559
6.77701
6.77767
6.77808
1.40001
1.40001
1.40001
1.40001
1.40001
1.40001
1.40001
1.40001
1.40001
1.40001
1.40001
1.40001
1.40001
1.40001
1.40001
1.40001
1.40001
1.40001
1.40001
1.40001
1.40001
1.40001
1.40001
1.40001
1.40001
1.40001
1.40001
1.40001
1.40001
1.40001
1.40001
1.40001
1.40001
1.40001
1.40001
1.40001
1.40001
1.40001
1.40001
1.40001
1.40001
1.40001
1.40001
1.40001
1.40001
1.40001
1.40001
1.40001
1.40001
1.40001
1.40001
1.40001
1.40001
1.40001
1.40001
1.40001
1.40001
2.31054
5.744
6.44118
6.42627
6.43931
6.44514
6.45652
6.47103
6.4878
6.505
6.52089
6.53585
6.55118
6.56774
6.58525
6.60271
6.62047
6.63796
6.65384
6.66906
6.68337
6.69637
6.70818
6.71847
6.72657
6.73224
6.73627
6.73963
6.74272
6.74539
6.74731
6.74839
6.74887
6.74912
6.74954
6.75012
6.75084
6.75082
6.75091
1.40001
1.40001
1.40001
1.40001
1.40001
1.40001
1.40001
1.40001
1.40001
1.40001
1.40001
1.40001
1.40001
1.40001
1.40001
1.40001
1.40001
1.40001
1.40001
1.40001
1.40001
1.40001
1.40001
1.40001
1.40001
1.40001
1.40001
1.40001
1.40001
1.40001
1.40001
1.40001
1.40001
1.40001
1.40001
1.40001
1.40001
1.40001
1.40001
1.40001
1.40001
1.40001
1.40001
1.40001
1.40001
1.40001
1.40001
1.40001
1.40001
1.40001
1.40001
1.40001
1.40001
1.40001
1.40001
1.40001
1.40001
1.84874
5.53117
6.52005
6.45092
6.4663
6.46861
6.474
6.48153
6.49207
6.50384
6.51603
6.52833
6.5405
6.55328
6.567
6.58217
6.59831
6.61542
6.6319
6.64642
6.66103
6.67433
6.68619
6.69652
6.70477
6.71063
6.71456
6.71735
6.71943
6.72084
6.7216
6.7218
6.72169
6.7215
6.72143
6.72144
6.72155
6.72106
6.7209
1.40001
1.40001
1.40001
1.40001
1.40001
1.40001
1.40001
1.40001
1.40001
1.40001
1.40001
1.40001
1.40001
1.40001
1.40001
1.40001
1.40001
1.40001
1.40001
1.40001
1.40001
1.40001
1.40001
1.40001
1.40001
1.40001
1.40001
1.40001
1.40001
1.40001
1.40001
1.40001
1.40001
1.40001
1.40001
1.40001
1.40001
1.40001
1.40001
1.40001
1.40001
1.40001
1.40001
1.40001
1.40001
1.40001
1.40001
1.40001
1.40001
1.40001
1.40001
1.40001
1.40001
1.40001
1.40001
1.40001
1.40001
1.45984
5.07773
6.51219
6.4578
6.46267
6.47189
6.48426
6.49295
6.50002
6.50853
6.51752
6.52558
6.53338
6.54244
6.55306
6.56464
6.57761
6.59225
6.60773
6.62258
6.63627
6.6495
6.66142
6.67185
6.68031
6.68641
6.69028
6.69253
6.69359
6.69383
6.69355
6.69296
6.69218
6.6912
6.69016
6.68914
6.68811
6.68677
6.68618
1.40001
1.40001
1.40001
1.40001
1.40001
1.40001
1.40001
1.40001
1.40001
1.40001
1.40001
1.40001
1.40001
1.40001
1.40001
1.40001
1.40001
1.40001
1.40001
1.40001
1.40001
1.40001
1.40001
1.40001
1.40001
1.40001
1.40001
1.40001
1.40001
1.40001
1.40001
1.40001
1.40001
1.40001
1.40001
1.40001
1.40001
1.40001
1.40001
1.40001
1.40001
1.40001
1.40001
1.40001
1.40001
1.40001
1.40001
1.40001
1.40001
1.40001
1.40001
1.40001
1.40001
1.40001
1.40001
1.40001
1.40001
1.4003
4.53092
6.3527
6.36217
6.41101
6.44674
6.47287
6.4901
6.50457
6.51477
6.52203
6.52742
6.53132
6.53566
6.54171
6.54991
6.55976
6.57121
6.58394
6.59678
6.60955
6.62233
6.63393
6.64434
6.65296
6.65925
6.66307
6.66476
6.66484
6.66387
6.66234
6.66054
6.65865
6.65651
6.6543
6.65226
6.65036
6.64852
6.64781
1.40001
1.40001
1.40001
1.40001
1.40001
1.40001
1.40001
1.40001
1.40001
1.40001
1.40001
1.40001
1.40001
1.40001
1.40001
1.40001
1.40001
1.40001
1.40001
1.40001
1.40001
1.40001
1.40001
1.40001
1.40001
1.40001
1.40001
1.40001
1.40001
1.40001
1.40001
1.40001
1.40001
1.40001
1.40001
1.40001
1.40001
1.40001
1.40001
1.40001
1.40001
1.40001
1.40001
1.40001
1.40001
1.40001
1.40001
1.40001
1.40001
1.40001
1.40001
1.40001
1.40001
1.40001
1.40001
1.40001
1.40001
1.4
3.92512
6.18545
6.31846
6.37935
6.4207
6.45384
6.47977
6.49807
6.51199
6.52346
6.52961
6.5318
6.53264
6.53465
6.53857
6.54441
6.55218
6.56157
6.57169
6.58195
6.59294
6.60426
6.61417
6.62266
6.62896
6.63264
6.63388
6.63296
6.63086
6.62817
6.62518
6.62199
6.61828
6.61429
6.61039
6.60679
6.60383
6.60241
1.40001
1.40001
1.40001
1.40001
1.40001
1.40001
1.40001
1.40001
1.40001
1.40001
1.40001
1.40001
1.40001
1.40001
1.40001
1.40001
1.40001
1.40001
1.40001
1.40001
1.40001
1.40001
1.40001
1.40001
1.40001
1.40001
1.40001
1.40001
1.40001
1.40001
1.40001
1.40001
1.40001
1.40001
1.40001
1.40001
1.40001
1.40001
1.40001
1.40001
1.40001
1.40001
1.40001
1.40001
1.40001
1.40001
1.40001
1.40001
1.40001
1.40001
1.40001
1.40001
1.40001
1.40001
1.40001
1.40001
1.40001
1.4
3.33942
6.01152
6.26382
6.33634
6.39364
6.43166
6.45829
6.48202
6.50261
6.51543
6.52581
6.5301
6.53053
6.53004
6.53052
6.53221
6.53557
6.54077
6.54738
6.5549
6.56342
6.57299
6.58215
6.58978
6.59551
6.59874
6.59941
6.59759
6.59434
6.59013
6.58519
6.57968
6.57351
6.56733
6.56162
6.55675
6.55318
6.5516
1.40001
1.40001
1.40001
1.40001
1.40001
1.40001
1.40001
1.40001
1.40001
1.40001
1.40001
1.40001
1.40001
1.40001
1.40001
1.40001
1.40001
1.40001
1.40001
1.40001
1.40001
1.40001
1.40001
1.40001
1.40001
1.40001
1.40001
1.40001
1.40001
1.40001
1.40001
1.40001
1.40001
1.40001
1.40001
1.40001
1.40001
1.40001
1.40001
1.40001
1.40001
1.40001
1.40001
1.40001
1.40001
1.40001
1.40001
1.40001
1.40001
1.40001
1.40001
1.40001
1.40001
1.40001
1.40001
1.40001
1.40001
1.40001
2.752
5.82391
6.27734
6.34499
6.38724
6.4147
6.43982
6.46166
6.4815
6.49998
6.51344
6.52194
6.5253
6.52533
6.52398
6.52265
6.52182
6.52235
6.52458
6.52846
6.53413
6.54095
6.54835
6.55477
6.55939
6.56168
6.56147
6.5586
6.55402
6.54803
6.54097
6.53305
6.5243
6.51513
6.50604
6.49806
6.49225
6.48905
1.40001
1.40001
1.40001
1.40001
1.40001
1.40001
1.40001
1.40001
1.40001
1.40001
1.40001
1.40001
1.40001
1.40001
1.40001
1.40001
1.40001
1.40001
1.40001
1.40001
1.40001
1.40001
1.40001
1.40001
1.40001
1.40001
1.40001
1.40001
1.40001
1.40001
1.40001
1.40001
1.40001
1.40001
1.40001
1.40001
1.40001
1.40001
1.40001
1.40001
1.40001
1.40001
1.40001
1.40001
1.40001
1.40001
1.40001
1.40001
1.40001
1.40001
1.40001
1.40001
1.40001
1.40001
1.40001
1.40001
1.40001
1.40001
2.10026
5.59063
6.4078
6.3744
6.38396
6.40107
6.42277
6.44343
6.46084
6.47774
6.49352
6.50608
6.51354
6.51676
6.51619
6.51362
6.50988
6.50631
6.50384
6.50326
6.5052
6.50896
6.51338
6.51769
6.52048
6.52143
6.51981
6.5157
6.50948
6.50134
6.49104
6.47901
6.46552
6.4516
6.43875
6.4283
6.42099
6.41753
1.40001
1.40001
1.40001
1.40001
1.40001
1.40001
1.40001
1.40001
1.40001
1.40001
1.40001
1.40001
1.40001
1.40001
1.40001
1.40001
1.40001
1.40001
1.40001
1.40001
1.40001
1.40001
1.40001
1.40001
1.40001
1.40001
1.40001
1.40001
1.40001
1.40001
1.40001
1.40001
1.40001
1.40001
1.40001
1.40001
1.40001
1.40001
1.40001
1.40001
1.40001
1.40001
1.40001
1.40001
1.40001
1.40001
1.40001
1.40001
1.40001
1.40001
1.40001
1.40001
1.40001
1.40001
1.40001
1.40001
1.40001
1.40001
1.50672
5.13845
6.51507
6.43283
6.40102
6.40315
6.41341
6.4263
6.44139
6.45655
6.47117
6.48411
6.49491
6.5018
6.50422
6.50271
6.49836
6.49193
6.4851
6.47973
6.47718
6.47681
6.47748
6.47864
6.47943
6.47873
6.47525
6.46933
6.46054
6.44906
6.43491
6.4187
6.40065
6.38169
6.36269
6.34518
6.33134
6.32277
1.40001
1.40001
1.40001
1.40001
1.40001
1.40001
1.40001
1.40001
1.40001
1.40001
1.40001
1.40001
1.40001
1.40001
1.40001
1.40001
1.40001
1.40001
1.40001
1.40001
1.40001
1.40001
1.40001
1.40001
1.40001
1.40001
1.40001
1.40001
1.40001
1.40001
1.40001
1.40001
1.40001
1.40001
1.40001
1.40001
1.40001
1.40001
1.40001
1.40001
1.40001
1.40001
1.40001
1.40001
1.40001
1.40001
1.40001
1.40001
1.40001
1.40001
1.40001
1.40001
1.40001
1.40001
1.40001
1.40001
1.40001
1.40001
1.40021
4.43662
6.30424
6.35047
6.38647
6.39984
6.41259
6.41945
6.42792
6.43786
6.44933
6.46151
6.47238
6.48146
6.48672
6.48763
6.48439
6.47735
6.4678
6.45809
6.45033
6.44528
6.44179
6.4388
6.4363
6.43267
6.42689
6.41861
6.40705
6.3919
6.37272
6.34963
6.32264
6.29346
6.26446
6.23888
6.21939
6.20911
1.40001
1.40001
1.40001
1.40001
1.40001
1.40001
1.40001
1.40001
1.40001
1.40001
1.40001
1.40001
1.40001
1.40001
1.40001
1.40001
1.40001
1.40001
1.40001
1.40001
1.40001
1.40001
1.40001
1.40001
1.40001
1.40001
1.40001
1.40001
1.40001
1.40001
1.40001
1.40001
1.40001
1.40001
1.40001
1.40001
1.40001
1.40001
1.40001
1.40001
1.40001
1.40001
1.40001
1.40001
1.40001
1.40001
1.40001
1.40001
1.40001
1.40001
1.40001
1.40001
1.40001
1.40001
1.40001
1.40001
1.40001
1.40001
1.39999
3.6216
6.05445
6.30912
6.37044
6.39911
6.40942
6.4169
6.42123
6.42509
6.43086
6.43931
6.44893
6.45766
6.46469
6.46806
6.46708
6.46081
6.45018
6.43722
6.42445
6.41427
6.40598
6.39854
6.39184
6.38508
6.37661
6.36495
6.34889
6.32795
6.30192
6.27111
6.23566
6.19679
6.15516
6.11281
6.07363
6.04631
1.40001
1.40001
1.40001
1.40001
1.40001
1.40001
1.40001
1.40001
1.40001
1.40001
1.40001
1.40001
1.40001
1.40001
1.40001
1.40001
1.40001
1.40001
1.40001
1.40001
1.40001
1.40001
1.40001
1.40001
1.40001
1.40001
1.40001
1.40001
1.40001
1.40001
1.40001
1.40001
1.40001
1.40001
1.40001
1.40001
1.40001
1.40001
1.40001
1.40001
1.40001
1.40001
1.40001
1.40001
1.40001
1.40001
1.40001
1.40001
1.40001
1.40001
1.40001
1.40001
1.40001
1.40001
1.40001
1.40001
1.40001
1.40001
1.4
2.80973
5.77628
6.31342
6.35153
6.38678
6.40098
6.40991
6.41491
6.41698
6.41825
6.42156
6.42769
6.43434
6.43976
6.44329
6.44414
6.43942
6.43018
6.41668
6.4008
6.38558
6.37225
6.35986
6.34716
6.33484
6.32162
6.30572
6.28526
6.25903
6.22593
6.185
6.13512
6.07521
6.0056
5.9312
5.86587
5.81948
1.40001
1.40001
1.40001
1.40001
1.40001
1.40001
1.40001
1.40001
1.40001
1.40001
1.40001
1.40001
1.40001
1.40001
1.40001
1.40001
1.40001
1.40001
1.40001
1.40001
1.40001
1.40001
1.40001
1.40001
1.40001
1.40001
1.40001
1.40001
1.40001
1.40001
1.40001
1.40001
1.40001
1.40001
1.40001
1.40001
1.40001
1.40001
1.40001
1.40001
1.40001
1.40001
1.40001
1.40001
1.40001
1.40001
1.40001
1.40001
1.40001
1.40001
1.40001
1.40001
1.40001
1.40001
1.40001
1.40001
1.40001
1.40001
1.4
1.97168
5.4285
6.44893
6.34511
6.36751
6.37867
6.39043
6.39929
6.40357
6.40466
6.40511
6.40717
6.41107
6.41504
6.41778
6.4178
6.41345
6.40554
6.39322
6.37685
6.35854
6.34036
6.32257
6.30418
6.28529
6.26587
6.2442
6.21741
6.1837
6.14219
6.09106
6.02856
5.95171
5.85948
5.75237
5.63522
5.58156
1.40001
1.40001
1.40001
1.40001
1.40001
1.40001
1.40001
1.40001
1.40001
1.40001
1.40001
1.40001
1.40001
1.40001
1.40001
1.40001
1.40001
1.40001
1.40001
1.40001
1.40001
1.40001
1.40001
1.40001
1.40001
1.40001
1.40001
1.40001
1.40001
1.40001
1.40001
1.40001
1.40001
1.40001
1.40001
1.40001
1.40001
1.40001
1.40001
1.40001
1.40001
1.40001
1.40001
1.40001
1.40001
1.40001
1.40001
1.40001
1.40001
1.40001
1.40001
1.40001
1.40001
1.40001
1.40001
1.40001
1.40001
1.40001
1.40001
1.42308
3.34019
6.11041
6.31982
6.30885
6.32592
6.33656
6.34548
6.35271
6.35662
6.35778
6.35678
6.35489
6.35242
6.34946
6.34531
6.33919
6.3304
6.31799
6.30126
6.28008
6.25525
6.22736
6.19622
6.16273
6.12676
6.08841
6.04526
5.99561
5.93374
5.85705
5.75649
5.6271
5.4479
5.20076
4.75141
3.82743
1.40001
1.40001
1.40001
1.40001
1.40001
1.40001
1.40001
1.40001
1.40001
1.40001
1.40001
1.40001
1.40001
1.40001
1.40001
1.40001
1.40001
1.40001
1.40001
1.40001
1.40001
1.40001
1.40001
1.40001
1.40001
1.40001
1.40001
1.40001
1.40001
1.40001
1.40001
1.40001
1.40001
1.40001
1.40001
1.40001
1.40001
1.40001
1.40001
1.40001
1.40001
1.40001
1.40001
1.40001
1.40001
1.40001
1.40001
1.40001
1.40001
1.40001
1.40001
1.40001
1.40001
1.40001
1.40001
1.40001
1.40001
1.40001
1.40001
1.40002
1.4663
3.49185
6.09244
6.27462
6.25082
6.26154
6.26109
6.26159
6.26233
6.26175
6.25843
6.25273
6.24484
6.23508
6.22304
6.20906
6.19292
6.17433
6.15256
6.12689
6.09603
6.05914
6.01534
5.96463
5.90622
5.84082
5.76658
5.68205
5.58315
5.46509
5.32062
5.13857
4.91451
4.57875
4.14665
3.57903
1.40001
1.40001
1.40001
1.40001
1.40001
1.40001
1.40001
1.40001
1.40001
1.40001
1.40001
1.40001
1.40001
1.40001
1.40001
1.40001
1.40001
1.40001
1.40001
1.40001
1.40001
1.40001
1.40001
1.40001
1.40001
1.40001
1.40001
1.40001
1.40001
1.40001
1.40001
1.40001
1.40001
1.40001
1.40001
1.40001
1.40001
1.40001
1.40001
1.40001
1.40001
1.40001
1.40001
1.40001
1.40001
1.40001
1.40001
1.40001
1.40001
1.40001
1.40001
1.40001
1.40001
1.40001
1.40001
1.40001
1.40001
1.40001
1.40001
1.40001
1.40007
1.49458
3.1051
5.91904
6.25446
6.2268
6.22067
6.20959
6.19806
6.18628
6.17337
6.15907
6.14334
6.12461
6.10399
6.08061
6.05515
6.02696
5.99599
5.9618
5.92317
5.87922
5.82818
5.76925
5.70072
5.62221
5.53248
5.43078
5.31471
5.18027
5.02736
4.83826
4.61349
4.34171
4.04412
3.66857
1.40001
1.40001
1.40001
1.40001
1.40001
1.40001
1.40001
1.40001
1.40001
1.40001
1.40001
1.40001
1.40001
1.40001
1.40001
1.40001
1.40001
1.40001
1.40001
1.40001
1.40001
1.40001
1.40001
1.40001
1.40001
1.40001
1.40001
1.40001
1.40001
1.40001
1.40001
1.40001
1.40001
1.40001
1.40001
1.40001
1.40001
1.40001
1.40001
1.40001
1.40001
1.40001
1.40001
1.40001
1.40001
1.40001
1.40001
1.40001
1.40001
1.40001
1.40001
1.40001
1.40001
1.40001
1.40001
1.40001
1.40001
1.40001
1.40001
1.40001
1.40001
1.4002
1.46752
2.38903
5.57705
6.25493
6.2287
6.18744
6.17396
6.14688
6.12147
6.09519
6.06871
6.0411
6.01108
5.97904
5.94372
5.90616
5.86442
5.82034
5.77103
5.71831
5.65944
5.59451
5.52172
5.43992
5.34815
5.2434
5.12814
4.99378
4.8469
4.67651
4.48814
4.29271
4.07067
3.80731
1.40001
1.40001
1.40001
1.40001
1.40001
1.40001
1.40001
1.40001
1.40001
1.40001
1.40001
1.40001
1.40001
1.40001
1.40001
1.40001
1.40001
1.40001
1.40001
1.40001
1.40001
1.40001
1.40001
1.40001
1.40001
1.40001
1.40001
1.40001
1.40001
1.40001
1.40001
1.40001
1.40001
1.40001
1.40001
1.40001
1.40001
1.40001
1.40001
1.40001
1.40001
1.40001
1.40001
1.40001
1.40001
1.40001
1.40001
1.40001
1.40001
1.40001
1.40001
1.40001
1.40001
1.40001
1.40001
1.40001
1.40001
1.40001
1.40001
1.40001
1.40001
1.40001
1.40018
1.42088
1.86372
4.66383
6.10864
6.14075
6.09849
6.07843
6.05138
6.02162
5.98972
5.95541
5.91984
5.88141
5.83965
5.79541
5.74712
5.6956
5.6401
5.58
5.5166
5.44617
5.3728
5.29044
5.2008
5.10124
4.99305
4.87397
4.74558
4.60295
4.45447
4.29865
4.11937
3.94336
1.40001
1.40001
1.40001
1.40001
1.40001
1.40001
1.40001
1.40001
1.40001
1.40001
1.40001
1.40001
1.40001
1.40001
1.40001
1.40001
1.40001
1.40001
1.40001
1.40001
1.40001
1.40001
1.40001
1.40001
1.40001
1.40001
1.40001
1.40001
1.40001
1.40001
1.40001
1.40001
1.40001
1.40001
1.40001
1.40001
1.40001
1.40001
1.40001
1.40001
1.40001
1.40001
1.40001
1.40001
1.40001
1.40001
1.40001
1.40001
1.40001
1.40001
1.40001
1.40001
1.40001
1.40001
1.40001
1.40001
1.40001
1.40001
1.40001
1.40001
1.40001
1.40001
1.40001
1.40004
1.40364
1.64763
3.21461
5.74926
6.05695
6.03782
5.98606
5.96926
5.933
5.89692
5.85725
5.81448
5.76801
5.71868
5.66578
5.60948
5.54965
5.48565
5.41809
5.34575
5.2689
5.18676
5.10001
5.00707
4.90823
4.80457
4.69333
4.5745
4.45159
4.31852
4.18258
4.05228
1.40001
1.40001
1.40001
1.40001
1.40001
1.40001
1.40001
1.40001
1.40001
1.40001
1.40001
1.40001
1.40001
1.40001
1.40001
1.40001
1.40001
1.40001
1.40001
1.40001
1.40001
1.40001
1.40001
1.40001
1.40001
1.40001
1.40001
1.40001
1.40001
1.40001
1.40001
1.40001
1.40001
1.40001
1.40001
1.40001
1.40001
1.40001
1.40001
1.40001
1.40001
1.40001
1.40001
1.40001
1.40001
1.40001
1.40001
1.40001
1.40001
1.40001
1.40001
1.40001
1.40001
1.40001
1.40001
1.40001
1.40001
1.40001
1.40001
1.40001
1.40001
1.40001
1.40001
1.40001
1.40001
1.40114
1.47515
2.04614
4.36201
5.90208
5.98881
5.95268
5.90043
5.87434
5.83017
5.78394
5.73356
5.67975
5.62344
5.5639
5.50122
5.43507
5.36563
5.2923
5.2151
5.13427
5.05012
4.96146
4.8694
4.77468
4.67379
4.56772
4.45869
4.34662
4.23519
4.12725
1.40001
1.40001
1.40001
1.40001
1.40001
1.40001
1.40001
1.40001
1.40001
1.40001
1.40001
1.40001
1.40001
1.40001
1.40001
1.40001
1.40001
1.40001
1.40001
1.40001
1.40001
1.40001
1.40001
1.40001
1.40001
1.40001
1.40001
1.40001
1.40001
1.40001
1.40001
1.40001
1.40001
1.40001
1.40001
1.40001
1.40001
1.40001
1.40001
1.40001
1.40001
1.40001
1.40001
1.40001
1.40001
1.40001
1.40001
1.40001
1.40001
1.40001
1.40001
1.40001
1.40001
1.40001
1.40001
1.40001
1.40001
1.40001
1.40001
1.40001
1.40001
1.40001
1.40001
1.40001
1.40001
1.40001
1.4002
1.40755
1.63412
2.43164
4.91594
5.90063
5.93349
5.88214
5.81504
5.77267
5.71572
5.6605
5.60164
5.53914
5.47448
5.40713
5.33739
5.26495
5.18973
5.11176
5.031
4.94659
4.85937
4.76987
4.67503
4.57567
4.47791
4.38129
4.28449
4.18822
2.00373
1.35482
1.02603
0.778945
0.612002
0.541654
0.48702
0.393012
0.286092
0.269226
0.263827
0.246342
0.21435
0.202552
0.207875
0.218489
0.219318
0.219652
0.221818
0.232549
0.251466
0.280888
0.301995
0.314441
0.327025
0.346293
0.378397
0.40455
0.429132
0.459796
0.50413
0.54109
0.567925
0.594857
0.62741
0.661438
0.6957
0.732124
0.770292
0.806332
0.832449
0.854442
0.869545
0.883804
0.900307
0.921936
0.950847
0.975867
0.994278
1.00856
1.02396
1.03015
1.03072
1.0362
1.04957
1.07055
1.09343
1.10059
1.10327
1.10822
1.1155
1.12275
1.13148
1.14204
1.15564
1.16535
1.1673
1.16749
1.16488
1.16265
1.16462
1.16787
1.17337
1.17958
1.17977
1.17703
1.17049
1.16359
1.16048
1.15909
1.15894
1.1631
1.16431
1.16204
1.15901
1.15356
1.14889
1.14758
1.14681
1.14748
1.15105
1.15174
1.15083
1.14913
1.14613
1.14482
2.74865
2.27916
1.95278
1.65224
1.45665
1.3604
1.26221
1.12773
0.989182
0.959902
0.92863
0.877375
0.797144
0.759243
0.756166
0.73647
0.690786
0.658475
0.658376
0.660673
0.653788
0.631385
0.623635
0.62693
0.627528
0.623214
0.612445
0.610756
0.615872
0.623471
0.622111
0.619412
0.62031
0.623394
0.624191
0.62433
0.625163
0.635896
0.653366
0.659136
0.663978
0.672631
0.691679
0.705249
0.712503
0.724229
0.745546
0.774211
0.783129
0.788008
0.798223
0.816387
0.834188
0.849418
0.869054
0.894034
0.923015
0.947779
0.960344
0.969652
0.98033
0.993135
1.01188
1.03219
1.04997
1.06443
1.07939
1.09067
1.09249
1.09305
1.10038
1.11118
1.12421
1.13877
1.14477
1.14531
1.1453
1.14468
1.14334
1.14185
1.14212
1.14868
1.1558
1.15617
1.15574
1.15487
1.1544
1.15532
1.15665
1.1598
1.16737
1.17276
1.17407
1.17477
1.17449
1.17467
3.27999
2.9899
2.69097
2.44214
2.28062
2.11902
1.92217
1.76693
1.70104
1.63613
1.54563
1.41555
1.34984
1.31559
1.27229
1.19771
1.10924
1.09008
1.07925
1.05976
1.01885
0.956027
0.935454
0.919685
0.905553
0.881985
0.849833
0.840386
0.829954
0.819114
0.804019
0.781778
0.767212
0.755199
0.741593
0.728782
0.72734
0.7264
0.722396
0.715693
0.706955
0.70203
0.702776
0.706019
0.712254
0.722586
0.734561
0.746455
0.757722
0.765015
0.773237
0.783416
0.797041
0.813184
0.829954
0.84599
0.861051
0.874914
0.885776
0.892928
0.898946
0.906415
0.920053
0.942869
0.962956
0.975668
0.98625
1.0029
1.0139
1.01725
1.02304
1.03686
1.06314
1.08807
1.09396
1.09729
1.10596
1.12027
1.12793
1.13182
1.14024
1.15617
1.17408
1.18058
1.18208
1.18414
1.19019
1.1955
1.1996
1.20678
1.22108
1.22962
1.231
1.23204
1.23209
1.23057
3.59328
3.38721
3.16258
2.98178
2.81397
2.62605
2.48152
2.38171
2.26175
2.11398
2.01902
1.95481
1.88074
1.77311
1.66676
1.62263
1.58622
1.54443
1.47031
1.40527
1.37537
1.3406
1.30258
1.24144
1.19506
1.18492
1.172
1.15254
1.11713
1.07252
1.05819
1.04464
1.02813
1.00217
0.970595
0.963019
0.961786
0.955659
0.94259
0.91925
0.889235
0.87905
0.878968
0.876274
0.867645
0.854444
0.850108
0.846802
0.841626
0.829873
0.817915
0.815791
0.816364
0.821146
0.824144
0.823332
0.820172
0.815641
0.812775
0.813372
0.81472
0.816152
0.819775
0.829641
0.836961
0.839789
0.842796
0.849577
0.861326
0.873539
0.886136
0.902444
0.924777
0.952034
0.969277
0.981522
0.995477
1.01281
1.03178
1.05065
1.07176
1.09427
1.11856
1.14014
1.14626
1.14768
1.15288
1.16105
1.16726
1.17515
1.19143
1.20222
1.20346
1.20408
1.20587
1.20511
3.78444
3.61802
3.46332
3.30628
3.1423
3.0141
2.89725
2.75847
2.635
2.54608
2.45171
2.32883
2.21937
2.15909
2.10196
2.02968
1.93003
1.86793
1.82823
1.78088
1.71692
1.63167
1.59249
1.56601
1.53568
1.49188
1.43245
1.40736
1.38576
1.35708
1.31687
1.26059
1.24182
1.23421
1.21922
1.19975
1.1631
1.13795
1.12425
1.10644
1.08689
1.05655
1.03387
1.03087
1.02711
1.01613
0.998623
0.971053
0.945331
0.937689
0.930792
0.922287
0.911007
0.899693
0.892919
0.885855
0.87478
0.856884
0.84391
0.842464
0.842882
0.84638
0.849753
0.851706
0.851809
0.850058
0.846194
0.845591
0.846789
0.849168
0.853854
0.861149
0.865849
0.867281
0.867907
0.869
0.871588
0.876178
0.884179
0.89716
0.915111
0.931805
0.944417
0.958195
0.973981
0.984201
0.993592
1.00955
1.02761
1.04291
1.063
1.0864
1.09527
1.1032
1.11273
1.12054
3.91985
3.78489
3.65567
3.52289
3.39633
3.27358
3.15223
3.05032
2.95351
2.83696
2.71881
2.63953
2.56624
2.47431
2.37792
2.31651
2.26151
2.19629
2.10489
2.02803
1.99045
1.94981
1.89964
1.82848
1.78123
1.75259
1.71755
1.67256
1.60565
1.56992
1.54985
1.52406
1.49327
1.44647
1.42083
1.40587
1.38329
1.35325
1.30667
1.28027
1.27512
1.26324
1.24567
1.21793
1.19181
1.18139
1.16862
1.15064
1.12408
1.09693
1.09105
1.09036
1.08276
1.06648
1.0426
1.0248
1.01571
1.00677
0.993989
0.976692
0.971068
0.969655
0.966296
0.958223
0.943394
0.924786
0.916985
0.916099
0.914223
0.909694
0.904641
0.901818
0.899643
0.895439
0.886307
0.88167
0.880914
0.880836
0.882157
0.882029
0.880574
0.878301
0.875989
0.874495
0.874942
0.876487
0.88016
0.887898
0.89263
0.896411
0.901914
0.91064
0.920441
0.93117
0.943914
0.958138
4.01788
3.90135
3.78892
3.67978
3.56622
3.45616
3.35878
3.25817
3.15444
3.06354
2.97692
2.87925
2.78105
2.71193
2.6518
2.578
2.48355
2.41254
2.36117
2.30446
2.23201
2.16459
2.12677
2.08869
2.04203
1.97268
1.91036
1.88115
1.84922
1.81087
1.75691
1.72105
1.70004
1.67303
1.63856
1.58351
1.54825
1.53338
1.51277
1.48907
1.45299
1.42777
1.41449
1.39622
1.37283
1.33555
1.30446
1.29792
1.2884
1.27415
1.25381
1.22875
1.21523
1.20185
1.18598
1.16547
1.13767
1.1283
1.12533
1.11756
1.10635
1.08686
1.06592
1.05338
1.0408
1.03035
1.01766
1.0063
1.00183
0.997086
0.989262
0.976183
0.956035
0.938876
0.93581
0.934358
0.930427
0.925585
0.920861
0.916593
0.909636
0.896974
0.889302
0.887784
0.88703
0.887247
0.890735
0.894203
0.894688
0.893272
0.890239
0.889735
0.890144
0.891474
0.894569
0.900061
4.09135
3.99227
3.89478
3.79623
3.69912
3.60499
3.50779
3.4151
3.3331
3.24525
3.14894
3.06811
2.99781
2.91727
2.83109
2.76576
2.70708
2.6396
2.55551
2.48684
2.44488
2.40031
2.34126
2.2703
2.22418
2.18349
2.13687
2.07622
2.02354
1.99797
1.97104
1.93666
1.88383
1.83309
1.80683
1.77866
1.74642
1.70234
1.67402
1.6593
1.63907
1.61267
1.56919
1.53125
1.51723
1.49981
1.47988
1.45176
1.42925
1.41817
1.40364
1.38382
1.3536
1.31916
1.31047
1.30404
1.29176
1.27607
1.25515
1.24225
1.23091
1.21581
1.19626
1.16976
1.15778
1.1562
1.15143
1.14125
1.1262
1.10829
1.09603
1.08452
1.07237
1.05675
1.04689
1.0434
1.03974
1.03403
1.02481
1.01012
0.989693
0.979458
0.977888
0.975101
0.969829
0.963914
0.959956
0.955542
0.948385
0.935449
0.926339
0.924121
0.922414
0.921494
0.921196
0.92031
)
;

boundaryField
{
    inlet
    {
        type            calculated;
        value           uniform 1.40001;
    }
    outlet
    {
        type            calculated;
        value           nonuniform 0();
    }
    bottom
    {
        type            symmetryPlane;
    }
    top
    {
        type            symmetryPlane;
    }
    obstacle
    {
        type            calculated;
        value           nonuniform List<scalar> 
128
(
6.96879
6.96726
6.96497
6.96134
6.95668
6.95106
6.94471
6.93762
6.92978
6.92098
6.91127
6.90033
6.88826
6.8746
6.85946
6.84234
6.82338
6.80185
6.77808
6.75091
6.7209
6.68618
6.64781
6.60241
6.5516
6.48905
6.41753
6.32277
6.20911
6.04631
5.81948
5.58156
2.00373
1.35482
1.02603
0.778945
0.612002
0.541654
0.48702
0.393012
0.286092
0.269226
0.263827
0.246342
0.21435
0.202552
0.207875
0.218489
0.219318
0.219652
0.221818
0.232549
0.251466
0.280888
0.301995
0.314441
0.327025
0.346293
0.378397
0.40455
0.429132
0.459796
0.50413
0.54109
0.567925
0.594857
0.62741
0.661438
0.6957
0.732124
0.770292
0.806332
0.832449
0.854442
0.869545
0.883804
0.900307
0.921936
0.950847
0.975867
0.994278
1.00856
1.02396
1.03015
1.03072
1.0362
1.04957
1.07055
1.09343
1.10059
1.10327
1.10822
1.1155
1.12275
1.13148
1.14204
1.15564
1.16535
1.1673
1.16749
1.16488
1.16265
1.16462
1.16787
1.17337
1.17958
1.17977
1.17703
1.17049
1.16359
1.16048
1.15909
1.15894
1.1631
1.16431
1.16204
1.15901
1.15356
1.14889
1.14758
1.14681
1.14748
1.15105
1.15174
1.15083
1.14913
1.14613
1.14482
)
;
    }
    defaultFaces
    {
        type            empty;
    }
    procBoundary0to1
    {
        type            processor;
        value           nonuniform List<scalar> 8(1.14472 1.17572 1.23036 1.20501 1.12942 0.974795 0.904882 0.918214);
    }
    procBoundary0to2
    {
        type            processor;
        value           nonuniform List<scalar> 
192
(
1.40001
1.40001
1.40001
1.40001
1.40001
1.40001
1.40001
1.40001
1.40001
1.40001
1.40001
1.40001
1.40001
1.40001
1.40001
1.40001
1.40001
1.40001
1.40001
1.40001
1.40001
1.40001
1.40001
1.40001
1.40001
1.40001
1.40001
1.40001
1.40001
1.40001
1.40001
1.40001
1.40001
1.40001
1.40001
1.40001
1.40001
1.40001
1.40001
1.40001
1.40001
1.40001
1.40001
1.40001
1.40001
1.40001
1.40001
1.40001
1.40001
1.40001
1.40001
1.40001
1.40001
1.40001
1.40001
1.40001
1.40001
1.40001
1.40001
1.40001
1.40001
1.40001
1.40001
1.40001
1.40001
1.40001
1.40001
1.40001
1.40125
1.4221
1.77611
2.72539
5.14478
5.85508
5.87784
5.82934
5.73703
5.68594
5.62342
5.55571
5.48822
5.41897
5.34736
5.27517
5.20069
5.12308
5.04245
4.95889
4.87319
4.78617
4.69735
4.60753
4.51921
4.43169
4.34347
4.25451
4.16536
4.07514
3.98579
3.89856
3.81203
3.72522
3.64001
3.55638
3.47084
3.38967
3.31489
3.23555
3.15015
3.07866
3.01754
2.9479
2.86714
2.80234
2.74972
2.69143
2.61988
2.55777
2.51604
2.47139
2.41605
2.34479
2.29635
2.26464
2.22808
2.17883
2.12609
2.09415
2.0619
2.0232
1.97014
1.92337
1.90408
1.88375
1.85743
1.81724
1.77761
1.7538
1.72792
1.69877
1.65907
1.63228
1.6222
1.60823
1.58871
1.55773
1.51988
1.50213
1.48577
1.46796
1.44472
1.42362
1.41483
1.40496
1.38989
1.36712
1.3318
1.31467
1.30911
1.2991
1.28769
1.27151
1.25859
1.24824
1.23469
1.21794
1.1935
1.17423
1.17011
1.16717
1.16063
1.15186
1.1376
1.12084
1.10539
1.09184
1.08102
1.06937
1.06353
1.06015
1.05516
1.04822
1.03759
1.01844
0.997111
0.991153
0.989185
0.986144
0.982221
0.977459
0.97225
0.964756
)
;
    }
}


// ************************************************************************* //
