/*--------------------------------*- C++ -*----------------------------------*\
  =========                 |
  \\      /  F ield         | OpenFOAM: The Open Source CFD Toolbox
   \\    /   O peration     | Website:  https://openfoam.org
    \\  /    A nd           | Version:  7
     \\/     M anipulation  |
\*---------------------------------------------------------------------------*/
FoamFile
{
    version     2.0;
    format      ascii;
    class       volVectorField;
    location    "3";
    object      U;
}
// * * * * * * * * * * * * * * * * * * * * * * * * * * * * * * * * * * * * * //

dimensions      [0 1 -1 0 0 0 0];

internalField   nonuniform List<vector> 
4608
(
(4 2.62015e-17 0)
(4 4.97994e-16 0)
(4 6.8493e-16 0)
(4 6.81933e-16 0)
(4 4.41252e-16 0)
(4 4.21601e-16 0)
(4 1.20848e-16 0)
(4 -2.28364e-16 0)
(4 -1.08846e-16 0)
(4 -9.7587e-17 0)
(4 -3.90705e-16 0)
(4 -9.47684e-17 0)
(4 1.3904e-16 0)
(4 8.0852e-16 0)
(4 4.7991e-16 0)
(4 4.53844e-16 0)
(4 -4.26464e-16 0)
(4 -6.15045e-16 0)
(4 -9.3225e-16 0)
(4 -6.8213e-16 0)
(4 -3.81701e-16 0)
(4 -4.27863e-16 0)
(4 -1.24921e-16 0)
(4 1.72872e-16 0)
(4 -3.54558e-16 0)
(4 -8.06987e-16 0)
(4 -2.11415e-16 0)
(4 3.84427e-17 0)
(4 2.77388e-18 0)
(4 -3.73622e-17 0)
(4 3.71639e-16 0)
(4 6.12166e-16 0)
(4 3.86799e-16 0)
(4 -4.56964e-16 0)
(4 -4.65418e-16 0)
(4 -2.91583e-16 0)
(4 -4.99786e-16 0)
(4 -6.64312e-16 0)
(4 -5.80254e-16 0)
(4 -1.0656e-15 0)
(4 -2.09987e-15 0)
(4 -2.63303e-15 0)
(4 -1.07752e-15 0)
(4 1.66247e-16 0)
(4 5.18851e-16 0)
(4 5.6344e-16 0)
(4 1.39683e-15 0)
(4 2.09441e-15 0)
(4 8.44148e-16 0)
(4 4.46866e-16 0)
(4 1.62169e-15 0)
(4 4.52849e-15 0)
(4 2.24513e-15 0)
(4 8.49787e-16 0)
(4 4.747e-18 0)
(4 -7.93467e-16 0)
(2.37226 0.0071721 0)
(0.921029 0.0100185 0)
(0.830884 0.007951 0)
(0.8138 0.00855092 0)
(0.79475 0.00902118 0)
(0.775321 0.00977271 0)
(0.75385 0.0106399 0)
(0.730523 0.0115949 0)
(0.705224 0.0123679 0)
(0.678853 0.0124054 0)
(0.653148 0.0113586 0)
(0.630453 0.00955419 0)
(0.611099 0.0084781 0)
(0.593343 0.00859809 0)
(0.574757 0.00939077 0)
(0.554082 0.0105225 0)
(0.531128 0.0114568 0)
(0.507516 0.0112397 0)
(0.485644 0.00999542 0)
(0.465931 0.0093036 0)
(0.446551 0.00968477 0)
(0.42641 0.0102996 0)
(0.405658 0.0104328 0)
(0.385004 0.0102365 0)
(0.364535 0.0101351 0)
(0.344062 0.0101636 0)
(0.323457 0.0102284 0)
(0.302596 0.0103332 0)
(0.281368 0.0104808 0)
(0.25972 0.0106519 0)
(0.237618 0.0108681 0)
(0.215013 0.0111566 0)
(0.191862 0.0114877 0)
(0.168137 0.0118139 0)
(0.143765 0.0121395 0)
(0.11864 0.0124854 0)
(0.0927539 0.0128495 0)
(0.0662687 0.0131813 0)
(0.0395689 0.0132844 0)
(0.0132907 0.0133445 0)
(4 1.21778e-16 0)
(4 8.59988e-16 0)
(4 1.2073e-15 0)
(4 1.15438e-15 0)
(4 7.517e-16 0)
(4 6.78428e-16 0)
(4 3.68874e-16 0)
(4 2.98064e-16 0)
(4 4.92582e-16 0)
(4 3.85434e-16 0)
(4 3.05612e-16 0)
(4 5.31193e-16 0)
(4 1.26494e-15 0)
(4 1.27501e-15 0)
(4 8.22183e-16 0)
(4 4.51062e-16 0)
(4 -1.03856e-15 0)
(4 -1.36392e-15 0)
(4 -1.30741e-15 0)
(4 -9.69896e-16 0)
(4 -1.0879e-15 0)
(4 -8.53873e-16 0)
(4 1.76119e-16 0)
(4 1.51627e-15 0)
(4 1.7196e-15 0)
(4 1.05071e-15 0)
(4 1.24274e-15 0)
(4 1.64829e-15 0)
(4 1.38562e-15 0)
(4 1.35208e-15 0)
(4 1.48283e-15 0)
(4 1.63021e-15 0)
(4 1.13877e-15 0)
(4 1.9337e-16 0)
(4 -7.47961e-16 0)
(4 -1.29534e-15 0)
(4 -1.0489e-15 0)
(4 -2.52998e-15 0)
(4 -2.54991e-15 0)
(4 -4.04828e-15 0)
(4 -4.61789e-15 0)
(4 -3.59956e-15 0)
(4 -2.47747e-15 0)
(4 -1.4225e-15 0)
(4 -5.62414e-17 0)
(4 1.08176e-15 0)
(4 3.20176e-15 0)
(4 3.09212e-15 0)
(4 1.27093e-15 0)
(4 1.04002e-15 0)
(4 2.31714e-15 0)
(4 1.97214e-15 0)
(4 4.50163e-16 0)
(4 6.7396e-16 0)
(4 -1.35259e-15 0)
(4 -1.94967e-15 0)
(2.38133 0.0319929 0)
(0.917755 0.0365872 0)
(0.823361 0.0261014 0)
(0.804508 0.0208452 0)
(0.7857 0.0228956 0)
(0.766656 0.0259769 0)
(0.745797 0.0293391 0)
(0.723172 0.0326872 0)
(0.698689 0.0353056 0)
(0.673096 0.0357342 0)
(0.647774 0.0331567 0)
(0.624822 0.0282793 0)
(0.604631 0.0243187 0)
(0.586184 0.023857 0)
(0.56752 0.0262196 0)
(0.547162 0.0298124 0)
(0.524769 0.0327609 0)
(0.501728 0.0324624 0)
(0.480206 0.0292949 0)
(0.460263 0.0273127 0)
(0.440656 0.0282773 0)
(0.420554 0.030051 0)
(0.40001 0.0304604 0)
(0.379676 0.0300271 0)
(0.359503 0.0299156 0)
(0.33929 0.0301305 0)
(0.318948 0.0303841 0)
(0.298404 0.0307378 0)
(0.277564 0.0312297 0)
(0.256368 0.0318026 0)
(0.234765 0.0325101 0)
(0.212688 0.0334228 0)
(0.190071 0.0344548 0)
(0.166853 0.0354737 0)
(0.142941 0.0365041 0)
(0.118204 0.0376151 0)
(0.0926132 0.0387944 0)
(0.0663198 0.0398744 0)
(0.0396967 0.0402689 0)
(0.013376 0.0405734 0)
(4 5.73985e-17 0)
(4 7.24021e-16 0)
(4 5.61747e-16 0)
(4 2.8401e-16 0)
(4 6.1394e-17 0)
(4 -2.50194e-16 0)
(4 4.57205e-16 0)
(4 9.79657e-16 0)
(4 8.94723e-16 0)
(4 6.16913e-16 0)
(4 9.74518e-16 0)
(4 7.32394e-16 0)
(4 7.66107e-16 0)
(4 1.01546e-15 0)
(4 1.59983e-15 0)
(4 9.32205e-16 0)
(4 4.05806e-16 0)
(4 -7.04102e-16 0)
(4 -6.60168e-16 0)
(4 -1.03731e-15 0)
(4 -1.30104e-15 0)
(4 -8.12461e-16 0)
(4 9.64039e-16 0)
(4 1.82449e-15 0)
(4 2.12631e-15 0)
(4 8.86602e-16 0)
(4 5.27974e-16 0)
(4 5.31496e-16 0)
(4 6.8054e-16 0)
(4 8.80265e-17 0)
(4 5.91836e-17 0)
(4 1.37986e-15 0)
(4 1.55487e-15 0)
(4 1.1997e-15 0)
(4 8.82651e-16 0)
(4 -7.99642e-16 0)
(4 -2.32216e-15 0)
(4 -4.91769e-15 0)
(4 -5.23564e-15 0)
(4 -4.71898e-15 0)
(4 -3.52115e-15 0)
(4 -2.54239e-15 0)
(4 -2.34546e-15 0)
(4 -2.50032e-15 0)
(4 -2.69664e-15 0)
(4 3.87177e-16 0)
(4 3.26068e-15 0)
(4 2.4894e-15 0)
(4 9.88025e-16 0)
(4 8.07899e-16 0)
(4 1.95068e-15 0)
(4 2.93138e-15 0)
(4 3.21208e-15 0)
(4 3.28267e-15 0)
(4 2.26046e-15 0)
(4 9.45341e-16 0)
(2.42946 0.0599479 0)
(0.926872 0.0623162 0)
(0.826505 0.0486066 0)
(0.802709 0.0392643 0)
(0.780012 0.0396157 0)
(0.75968 0.0432505 0)
(0.73879 0.0481032 0)
(0.716942 0.0533831 0)
(0.693797 0.0576606 0)
(0.669632 0.0586633 0)
(0.645404 0.0552011 0)
(0.62258 0.0484168 0)
(0.60133 0.0423862 0)
(0.581286 0.0410408 0)
(0.561579 0.0441862 0)
(0.540891 0.0495307 0)
(0.518622 0.0538831 0)
(0.495897 0.0533822 0)
(0.474671 0.0486992 0)
(0.454389 0.045742 0)
(0.434325 0.0471997 0)
(0.41393 0.0498453 0)
(0.393199 0.0502893 0)
(0.372807 0.0494846 0)
(0.352604 0.0493282 0)
(0.332399 0.0497154 0)
(0.312109 0.0501102 0)
(0.291701 0.0506325 0)
(0.27111 0.0513822 0)
(0.250294 0.0522811 0)
(0.229214 0.0534198 0)
(0.207803 0.0549166 0)
(0.185963 0.0566351 0)
(0.163575 0.0583638 0)
(0.140485 0.0601503 0)
(0.116502 0.0621138 0)
(0.0915502 0.0642186 0)
(0.0657581 0.0661606 0)
(0.0394731 0.066962 0)
(0.0133572 0.0676561 0)
(4 -1.0084e-16 0)
(4 -1.91076e-16 0)
(4 -1.66547e-16 0)
(4 -3.12645e-16 0)
(4 -3.6096e-16 0)
(4 -1.51203e-16 0)
(4 1.91352e-16 0)
(4 4.62513e-16 0)
(4 4.76461e-16 0)
(4 2.40392e-16 0)
(4 2.52634e-17 0)
(4 8.90835e-17 0)
(4 6.37769e-16 0)
(4 1.57501e-15 0)
(4 2.03887e-15 0)
(4 2.17074e-15 0)
(4 1.50256e-15 0)
(4 1.12292e-15 0)
(4 -6.54614e-17 0)
(4 -3.73266e-16 0)
(4 3.85381e-17 0)
(4 -5.06534e-16 0)
(4 4.43885e-16 0)
(4 1.06459e-15 0)
(4 1.29204e-15 0)
(4 1.16637e-15 0)
(4 8.82405e-16 0)
(4 -4.78725e-16 0)
(4 -1.36024e-15 0)
(4 -1.12068e-15 0)
(4 4.19467e-16 0)
(4 1.04149e-15 0)
(4 1.14942e-16 0)
(4 -2.46216e-16 0)
(4 -5.21733e-16 0)
(4 -4.8216e-16 0)
(4 -1.34934e-15 0)
(4 -2.25916e-15 0)
(4 -1.93931e-15 0)
(4 -1.86977e-16 0)
(4 8.30434e-16 0)
(4 1.33298e-15 0)
(4 1.2273e-15 0)
(4 7.47117e-16 0)
(4 7.63036e-16 0)
(4 1.29647e-15 0)
(4 2.42003e-15 0)
(4 3.38041e-15 0)
(4 3.08113e-15 0)
(4 2.85616e-15 0)
(4 2.3396e-15 0)
(4 2.16857e-15 0)
(4 2.55287e-15 0)
(4 3.78084e-15 0)
(4 3.21507e-15 0)
(4 4.37659e-15 0)
(2.50621 0.0799792 0)
(0.940025 0.0830415 0)
(0.831613 0.0741994 0)
(0.805845 0.0603239 0)
(0.780005 0.0582407 0)
(0.758017 0.0614207 0)
(0.736937 0.0668953 0)
(0.715974 0.0732717 0)
(0.694361 0.0785076 0)
(0.671834 0.0800015 0)
(0.648815 0.0763812 0)
(0.62586 0.0690319 0)
(0.603366 0.0618868 0)
(0.581476 0.059762 0)
(0.56036 0.0632933 0)
(0.539133 0.0698301 0)
(0.516884 0.0750282 0)
(0.49439 0.0742994 0)
(0.473277 0.068618 0)
(0.452446 0.0651041 0)
(0.431708 0.067073 0)
(0.41072 0.0704341 0)
(0.389433 0.0707963 0)
(0.368559 0.0695626 0)
(0.347859 0.0693054 0)
(0.327188 0.069777 0)
(0.306471 0.0701888 0)
(0.285703 0.0707177 0)
(0.264844 0.0715303 0)
(0.243887 0.0725312 0)
(0.222838 0.0738587 0)
(0.201684 0.0757142 0)
(0.18035 0.077957 0)
(0.158684 0.0803222 0)
(0.136468 0.0828818 0)
(0.113428 0.0857941 0)
(0.0893933 0.0889714 0)
(0.0644249 0.0919373 0)
(0.0387905 0.0933098 0)
(0.0131968 0.0945857 0)
(4 1.74708e-17 0)
(4 -5.62028e-16 0)
(4 -3.75272e-16 0)
(4 -1.27158e-16 0)
(4 -6.29506e-18 0)
(4 3.41102e-19 0)
(4 -1.26288e-16 0)
(4 -1.08039e-16 0)
(4 1.83006e-17 0)
(4 6.63871e-17 0)
(4 1.69699e-16 0)
(4 4.39467e-16 0)
(4 6.25051e-16 0)
(4 5.39586e-16 0)
(4 6.10131e-16 0)
(4 7.67691e-16 0)
(4 7.7035e-16 0)
(4 1.90651e-15 0)
(4 1.82532e-15 0)
(4 2.31315e-15 0)
(4 1.23685e-15 0)
(4 1.03753e-15 0)
(4 6.89338e-16 0)
(4 9.43719e-16 0)
(4 4.6671e-16 0)
(4 1.1854e-16 0)
(4 -1.39678e-15 0)
(4 -2.886e-15 0)
(4 -2.95297e-15 0)
(4 -1.31637e-15 0)
(4 -5.58878e-16 0)
(4 -5.61658e-16 0)
(4 -5.75813e-16 0)
(4 -4.43235e-16 0)
(4 -4.52887e-16 0)
(4 -3.93014e-16 0)
(4 5.46557e-16 0)
(4 8.06192e-16 0)
(4 1.22093e-15 0)
(4 1.09004e-15 0)
(4 2.16769e-15 0)
(4 2.85622e-15 0)
(4 2.5597e-15 0)
(4 2.85422e-15 0)
(4 2.89659e-15 0)
(4 3.11248e-15 0)
(4 1.6141e-15 0)
(4 5.76944e-16 0)
(4 1.17591e-15 0)
(4 1.97255e-15 0)
(4 2.25897e-15 0)
(4 2.13033e-15 0)
(4 2.55298e-15 0)
(4 3.34098e-15 0)
(4 3.89191e-15 0)
(4 3.30082e-15 0)
(2.6013 0.0989955 0)
(0.950992 0.103865 0)
(0.83204 0.100812 0)
(0.806631 0.0832463 0)
(0.779745 0.0784472 0)
(0.757369 0.0795353 0)
(0.736911 0.0844658 0)
(0.717345 0.0912642 0)
(0.697437 0.0973227 0)
(0.676409 0.099492 0)
(0.654229 0.0967833 0)
(0.630969 0.0902281 0)
(0.607334 0.0828546 0)
(0.583978 0.0797727 0)
(0.561828 0.0829908 0)
(0.540561 0.0899766 0)
(0.518812 0.0954732 0)
(0.496882 0.0945858 0)
(0.47604 0.0884122 0)
(0.454899 0.0847431 0)
(0.433772 0.0873198 0)
(0.412396 0.0913919 0)
(0.390658 0.0917554 0)
(0.369278 0.090242 0)
(0.347944 0.0900261 0)
(0.326575 0.0906784 0)
(0.305117 0.0911638 0)
(0.283591 0.0917105 0)
(0.261982 0.0925389 0)
(0.240311 0.0935134 0)
(0.218644 0.0947945 0)
(0.197051 0.0966728 0)
(0.175536 0.0990628 0)
(0.15399 0.101723 0)
(0.132195 0.104811 0)
(0.109835 0.10856 0)
(0.0866514 0.11282 0)
(0.0625929 0.116903 0)
(0.0377632 0.118989 0)
(0.0129206 0.121022 0)
(4 -3.87296e-17 0)
(4 2.92541e-17 0)
(4 3.22412e-17 0)
(4 1.01956e-16 0)
(4 9.34966e-17 0)
(4 -5.20991e-16 0)
(4 -6.08398e-16 0)
(4 -6.9201e-16 0)
(4 -6.12003e-16 0)
(4 -4.35813e-16 0)
(4 -8.6296e-16 0)
(4 -8.07252e-16 0)
(4 -8.51879e-16 0)
(4 -2.79856e-16 0)
(4 -6.03979e-17 0)
(4 -1.27841e-16 0)
(4 1.22463e-17 0)
(4 8.05578e-16 0)
(4 2.19872e-15 0)
(4 2.32099e-15 0)
(4 1.49219e-15 0)
(4 1.07532e-15 0)
(4 6.73825e-16 0)
(4 8.87911e-16 0)
(4 5.74882e-16 0)
(4 1.47679e-15 0)
(4 1.51757e-15 0)
(4 9.12375e-16 0)
(4 -1.36019e-15 0)
(4 -1.17188e-15 0)
(4 -1.85377e-15 0)
(4 -1.81842e-15 0)
(4 6.90015e-17 0)
(4 8.15588e-16 0)
(4 1.82718e-15 0)
(4 1.40421e-15 0)
(4 9.57697e-16 0)
(4 1.9281e-15 0)
(4 2.0027e-15 0)
(4 2.33595e-15 0)
(4 2.58922e-15 0)
(4 2.09897e-15 0)
(4 3.14861e-15 0)
(4 3.78576e-15 0)
(4 2.26767e-15 0)
(4 1.02669e-15 0)
(4 3.99622e-16 0)
(4 -2.02437e-16 0)
(4 -2.1531e-16 0)
(4 1.95603e-16 0)
(4 9.98742e-16 0)
(4 1.24004e-15 0)
(4 1.64144e-15 0)
(4 2.25947e-15 0)
(4 2.49983e-15 0)
(4 -6.87093e-16 0)
(2.7255 0.118632 0)
(0.96501 0.126378 0)
(0.833962 0.126638 0)
(0.810042 0.106609 0)
(0.782255 0.0989839 0)
(0.758493 0.0979076 0)
(0.736909 0.101701 0)
(0.716987 0.108398 0)
(0.697389 0.115118 0)
(0.676777 0.118602 0)
(0.654749 0.117538 0)
(0.631302 0.11241 0)
(0.607302 0.105217 0)
(0.583625 0.100831 0)
(0.561387 0.102852 0)
(0.540873 0.109513 0)
(0.5202 0.115014 0)
(0.498989 0.114347 0)
(0.478254 0.1083 0)
(0.456751 0.10477 0)
(0.435264 0.107908 0)
(0.413594 0.11256 0)
(0.391628 0.112911 0)
(0.37007 0.111183 0)
(0.348508 0.111064 0)
(0.326898 0.111945 0)
(0.305149 0.11257 0)
(0.283264 0.113216 0)
(0.261208 0.114143 0)
(0.239002 0.115149 0)
(0.21674 0.116378 0)
(0.19456 0.118175 0)
(0.172551 0.120505 0)
(0.150686 0.123172 0)
(0.128817 0.126462 0)
(0.106683 0.130761 0)
(0.0840246 0.135922 0)
(0.060712 0.141072 0)
(0.0366269 0.143927 0)
(0.0125946 0.146814 0)
(4 -2.76107e-16 0)
(4 1.81623e-16 0)
(4 3.25389e-16 0)
(4 2.23716e-16 0)
(4 -2.11608e-16 0)
(4 -1.97541e-16 0)
(4 -3.44668e-16 0)
(4 -5.86704e-16 0)
(4 -4.86117e-16 0)
(4 -1.29043e-16 0)
(4 -1.91471e-16 0)
(4 -3.92852e-16 0)
(4 -2.12852e-16 0)
(4 -8.4336e-16 0)
(4 -1.07777e-15 0)
(4 -7.98154e-16 0)
(4 9.85277e-17 0)
(4 1.06083e-15 0)
(4 1.11043e-15 0)
(4 4.74875e-16 0)
(4 4.16632e-16 0)
(4 1.6751e-17 0)
(4 -2.93502e-16 0)
(4 -1.16218e-16 0)
(4 1.06274e-15 0)
(4 1.59649e-15 0)
(4 1.66571e-15 0)
(4 8.5664e-16 0)
(4 -4.67298e-16 0)
(4 -2.9568e-16 0)
(4 2.30573e-16 0)
(4 9.90653e-16 0)
(4 1.57797e-15 0)
(4 2.28352e-15 0)
(4 2.01168e-15 0)
(4 2.483e-15 0)
(4 2.43668e-15 0)
(4 2.23187e-15 0)
(4 2.19395e-15 0)
(4 2.15415e-15 0)
(4 1.61186e-15 0)
(4 1.44435e-15 0)
(4 8.425e-16 0)
(4 2.30569e-16 0)
(4 -7.19226e-16 0)
(4 -1.93213e-15 0)
(4 -2.19267e-15 0)
(4 -1.38737e-15 0)
(4 -1.53843e-15 0)
(4 -1.43308e-15 0)
(4 -8.62358e-16 0)
(4 1.85741e-16 0)
(4 -1.73336e-16 0)
(4 2.04357e-16 0)
(4 3.99209e-17 0)
(4 -4.8945e-15 0)
(2.8852 0.134209 0)
(0.986073 0.148616 0)
(0.840389 0.150023 0)
(0.817636 0.129426 0)
(0.788844 0.121015 0)
(0.76322 0.118172 0)
(0.739676 0.120272 0)
(0.718548 0.125963 0)
(0.698768 0.132666 0)
(0.678645 0.137178 0)
(0.657243 0.137718 0)
(0.634335 0.134187 0)
(0.610558 0.127604 0)
(0.586814 0.122097 0)
(0.56411 0.122503 0)
(0.543404 0.128341 0)
(0.522836 0.133915 0)
(0.501358 0.134042 0)
(0.479984 0.128636 0)
(0.457895 0.125349 0)
(0.436115 0.128839 0)
(0.414467 0.133805 0)
(0.392753 0.134052 0)
(0.371502 0.132143 0)
(0.350136 0.13217 0)
(0.328616 0.133351 0)
(0.306822 0.134219 0)
(0.28476 0.135079 0)
(0.262404 0.136211 0)
(0.239785 0.137334 0)
(0.217024 0.13856 0)
(0.194293 0.14027 0)
(0.171732 0.14247 0)
(0.149366 0.145002 0)
(0.127116 0.148264 0)
(0.104815 0.152825 0)
(0.082281 0.158613 0)
(0.0593811 0.164669 0)
(0.0357653 0.168253 0)
(0.0123551 0.171989 0)
(4 2.68907e-16 0)
(4 2.27171e-16 0)
(4 3.56104e-16 0)
(4 2.8034e-16 0)
(4 3.26852e-16 0)
(4 5.9067e-16 0)
(4 4.65003e-16 0)
(4 6.23027e-16 0)
(4 3.14993e-16 0)
(4 3.51968e-16 0)
(4 9.86769e-16 0)
(4 9.74048e-16 0)
(4 4.74277e-16 0)
(4 -6.38813e-16 0)
(4 -1.03931e-15 0)
(4 -1.00809e-15 0)
(4 4.27207e-16 0)
(4 1.84773e-15 0)
(4 1.27889e-15 0)
(4 2.46744e-17 0)
(4 1.23265e-16 0)
(4 4.89925e-16 0)
(4 1.03849e-15 0)
(4 1.04392e-15 0)
(4 8.2697e-16 0)
(4 3.67539e-16 0)
(4 3.89153e-16 0)
(4 4.68681e-16 0)
(4 6.53734e-16 0)
(4 7.20576e-16 0)
(4 2.14599e-15 0)
(4 2.08747e-15 0)
(4 1.41798e-15 0)
(4 3.22553e-16 0)
(4 1.239e-15 0)
(4 2.18073e-15 0)
(4 2.1518e-15 0)
(4 2.19048e-15 0)
(4 1.9783e-15 0)
(4 1.46338e-15 0)
(4 1.63507e-15 0)
(4 1.98673e-15 0)
(4 2.94903e-16 0)
(4 -4.95914e-16 0)
(4 -2.26958e-16 0)
(4 -2.45771e-16 0)
(4 -1.58085e-16 0)
(4 -5.52939e-16 0)
(4 -3.46844e-16 0)
(4 -2.23652e-17 0)
(4 -6.15063e-17 0)
(4 -2.76714e-16 0)
(4 -5.32176e-16 0)
(4 -1.589e-15 0)
(4 -8.60336e-16 0)
(4 -7.98973e-16 0)
(3.07063 0.142987 0)
(1.01117 0.169865 0)
(0.846461 0.171499 0)
(0.825953 0.152038 0)
(0.797856 0.14451 0)
(0.771572 0.140543 0)
(0.746161 0.140666 0)
(0.722965 0.144625 0)
(0.701812 0.150545 0)
(0.681388 0.155491 0)
(0.660403 0.157444 0)
(0.638229 0.155536 0)
(0.614985 0.149993 0)
(0.591347 0.143939 0)
(0.568084 0.142779 0)
(0.546595 0.147556 0)
(0.525577 0.153239 0)
(0.503525 0.154338 0)
(0.481518 0.149652 0)
(0.459126 0.146371 0)
(0.437319 0.149804 0)
(0.41594 0.154747 0)
(0.394618 0.15484 0)
(0.373608 0.152873 0)
(0.352295 0.153185 0)
(0.330725 0.154801 0)
(0.308812 0.15604 0)
(0.28661 0.157209 0)
(0.26411 0.158615 0)
(0.241322 0.159917 0)
(0.218338 0.161194 0)
(0.19531 0.162854 0)
(0.172371 0.164932 0)
(0.149561 0.167295 0)
(0.126853 0.170416 0)
(0.104185 0.175041 0)
(0.0814916 0.181211 0)
(0.0587106 0.188 0)
(0.0352809 0.192236 0)
(0.012243 0.196764 0)
(4 3.32863e-16 0)
(4 4.97449e-16 0)
(4 3.66624e-16 0)
(4 3.72022e-16 0)
(4 3.08914e-16 0)
(4 -3.6165e-16 0)
(4 -1.35599e-16 0)
(4 -8.97774e-17 0)
(4 -2.16198e-16 0)
(4 -4.25429e-16 0)
(4 -2.69038e-16 0)
(4 3.55659e-16 0)
(4 5.37579e-16 0)
(4 7.76483e-16 0)
(4 9.17832e-16 0)
(4 9.44585e-16 0)
(4 8.57489e-16 0)
(4 1.25934e-15 0)
(4 1.21309e-15 0)
(4 1.76593e-15 0)
(4 2.62036e-16 0)
(4 -2.6922e-16 0)
(4 -4.96894e-16 0)
(4 -8.04878e-16 0)
(4 -8.69531e-16 0)
(4 1.92203e-16 0)
(4 1.35348e-15 0)
(4 3.07387e-15 0)
(4 3.51304e-15 0)
(4 2.67258e-15 0)
(4 2.85966e-15 0)
(4 2.50563e-15 0)
(4 2.49858e-16 0)
(4 -3.41226e-17 0)
(4 1.53328e-15 0)
(4 1.45343e-15 0)
(4 4.77077e-16 0)
(4 1.23513e-15 0)
(4 2.40822e-15 0)
(4 2.40536e-15 0)
(4 1.71785e-15 0)
(4 7.46009e-16 0)
(4 2.42076e-16 0)
(4 1.33501e-16 0)
(4 3.14288e-17 0)
(4 -3.25287e-16 0)
(4 -3.57115e-16 0)
(4 4.79329e-16 0)
(4 1.16444e-15 0)
(4 1.23196e-15 0)
(4 5.71817e-16 0)
(4 4.86486e-18 0)
(4 6.02968e-16 0)
(4 -2.07752e-15 0)
(4 -2.4401e-15 0)
(4 -4.33755e-15 0)
(3.27143 0.145695 0)
(1.04291 0.190254 0)
(0.855334 0.188871 0)
(0.83721 0.171681 0)
(0.810345 0.166409 0)
(0.783733 0.163064 0)
(0.756474 0.162627 0)
(0.730741 0.165119 0)
(0.707562 0.169615 0)
(0.686567 0.173929 0)
(0.666263 0.176471 0)
(0.645092 0.175914 0)
(0.622397 0.171767 0)
(0.598655 0.165947 0)
(0.574656 0.163637 0)
(0.552022 0.167313 0)
(0.530247 0.173044 0)
(0.507551 0.175099 0)
(0.48492 0.171132 0)
(0.462219 0.167651 0)
(0.440203 0.170722 0)
(0.418803 0.175486 0)
(0.39746 0.17554 0)
(0.376268 0.1737 0)
(0.354724 0.17438 0)
(0.332988 0.176439 0)
(0.311012 0.178017 0)
(0.288853 0.17945 0)
(0.266452 0.181112 0)
(0.243741 0.18263 0)
(0.220742 0.184047 0)
(0.19756 0.185765 0)
(0.174314 0.187823 0)
(0.151056 0.19008 0)
(0.127813 0.193045 0)
(0.10463 0.197617 0)
(0.0815613 0.203973 0)
(0.0586598 0.211338 0)
(0.0351737 0.216143 0)
(0.0122618 0.221387 0)
(4 -1.41068e-16 0)
(4 -1.40093e-16 0)
(4 -2.46164e-16 0)
(4 -3.05491e-16 0)
(4 -4.97537e-16 0)
(4 -7.13974e-16 0)
(4 -6.85714e-16 0)
(4 -5.41942e-16 0)
(4 -5.73691e-16 0)
(4 -4.50519e-16 0)
(4 -5.47693e-16 0)
(4 -2.45598e-16 0)
(4 1.40443e-16 0)
(4 6.05754e-16 0)
(4 1.09611e-15 0)
(4 1.21036e-15 0)
(4 4.63132e-16 0)
(4 3.88034e-16 0)
(4 1.23586e-15 0)
(4 7.52913e-16 0)
(4 -1.28627e-15 0)
(4 -2.59135e-15 0)
(4 -3.93075e-15 0)
(4 -2.91827e-15 0)
(4 3.67417e-16 0)
(4 2.00404e-15 0)
(4 2.28029e-15 0)
(4 2.64955e-15 0)
(4 2.91195e-15 0)
(4 2.88819e-15 0)
(4 3.76735e-15 0)
(4 3.81973e-15 0)
(4 2.7731e-15 0)
(4 1.89888e-15 0)
(4 1.21403e-15 0)
(4 1.563e-16 0)
(4 1.15245e-16 0)
(4 -7.45438e-16 0)
(4 -3.99861e-16 0)
(4 -2.40514e-16 0)
(4 -9.64334e-16 0)
(4 -1.97491e-15 0)
(4 -9.31309e-16 0)
(4 1.641e-16 0)
(4 1.45631e-16 0)
(4 -3.45965e-17 0)
(4 1.43093e-15 0)
(4 3.3191e-15 0)
(4 4.63558e-15 0)
(4 4.0774e-15 0)
(4 3.41436e-15 0)
(4 2.63731e-15 0)
(4 1.63682e-15 0)
(4 -1.78718e-15 0)
(4 -2.66292e-16 0)
(4 -2.74177e-15 0)
(3.48227 0.137512 0)
(1.08305 0.205693 0)
(0.86529 0.202529 0)
(0.845376 0.191209 0)
(0.816821 0.190821 0)
(0.789114 0.188937 0)
(0.761909 0.187585 0)
(0.737251 0.187512 0)
(0.715273 0.189224 0)
(0.695082 0.191883 0)
(0.675207 0.194466 0)
(0.653989 0.195652 0)
(0.630633 0.193697 0)
(0.605861 0.188975 0)
(0.580829 0.1859 0)
(0.557131 0.18824 0)
(0.534948 0.193638 0)
(0.512199 0.196362 0)
(0.489389 0.193026 0)
(0.46656 0.189247 0)
(0.444284 0.191793 0)
(0.42271 0.196352 0)
(0.40111 0.196507 0)
(0.379573 0.194876 0)
(0.357752 0.195854 0)
(0.33587 0.198222 0)
(0.313876 0.200019 0)
(0.291778 0.201645 0)
(0.269453 0.203569 0)
(0.246765 0.205394 0)
(0.223691 0.207093 0)
(0.200316 0.209021 0)
(0.176741 0.211188 0)
(0.153027 0.213431 0)
(0.129238 0.216255 0)
(0.10551 0.220704 0)
(0.0819933 0.227076 0)
(0.0588764 0.23487 0)
(0.0352376 0.240156 0)
(0.0123359 0.246033 0)
(4 -2.70648e-16 0)
(4 -8.34582e-16 0)
(4 -6.97093e-16 0)
(4 -5.70543e-16 0)
(4 7.41098e-17 0)
(4 6.23948e-16 0)
(4 4.80967e-16 0)
(4 1.48709e-16 0)
(4 1.23655e-16 0)
(4 -1.50872e-16 0)
(4 5.42877e-16 0)
(4 4.80317e-16 0)
(4 3.82885e-16 0)
(4 8.33595e-16 0)
(4 7.18273e-16 0)
(4 1.34196e-16 0)
(4 2.87232e-16 0)
(4 1.99735e-16 0)
(4 7.10738e-16 0)
(4 3.63053e-16 0)
(4 -2.45024e-16 0)
(4 -4.98389e-16 0)
(4 -9.60599e-16 0)
(4 2.56713e-17 0)
(4 -2.31721e-17 0)
(4 -3.41807e-16 0)
(4 1.25406e-15 0)
(4 1.09577e-15 0)
(4 1.41182e-16 0)
(4 -3.49191e-16 0)
(4 -1.34362e-16 0)
(4 3.2057e-16 0)
(4 8.04913e-16 0)
(4 7.3251e-16 0)
(4 -4.75329e-16 0)
(4 -1.10019e-15 0)
(4 -1.39226e-15 0)
(4 -1.45903e-15 0)
(4 -1.92268e-15 0)
(4 -1.69837e-15 0)
(4 -1.64861e-15 0)
(4 -1.25702e-15 0)
(4 -2.01956e-16 0)
(4 1.26408e-16 0)
(4 1.24853e-15 0)
(4 1.93121e-15 0)
(4 2.01985e-15 0)
(4 1.57563e-15 0)
(4 1.40604e-15 0)
(4 2.58104e-15 0)
(4 2.79516e-15 0)
(4 2.3367e-15 0)
(4 1.47132e-15 0)
(4 3.58263e-16 0)
(4 1.4692e-15 0)
(4 1.04118e-15 0)
(3.67126 0.124548 0)
(1.12681 0.225939 0)
(0.866172 0.217437 0)
(0.848313 0.212832 0)
(0.822539 0.214818 0)
(0.79929 0.213161 0)
(0.775521 0.209893 0)
(0.752251 0.207272 0)
(0.72969 0.207254 0)
(0.707603 0.209845 0)
(0.685288 0.213889 0)
(0.662001 0.217165 0)
(0.637539 0.216999 0)
(0.612718 0.212941 0)
(0.588155 0.208817 0)
(0.564493 0.209426 0)
(0.542184 0.214163 0)
(0.519201 0.217585 0)
(0.495639 0.215211 0)
(0.472115 0.211315 0)
(0.449198 0.213254 0)
(0.427275 0.217558 0)
(0.40539 0.217857 0)
(0.383568 0.216425 0)
(0.361536 0.217591 0)
(0.339519 0.220148 0)
(0.317441 0.222087 0)
(0.295281 0.223883 0)
(0.272889 0.226101 0)
(0.250116 0.228309 0)
(0.226925 0.230387 0)
(0.20338 0.23262 0)
(0.179549 0.234988 0)
(0.15546 0.237304 0)
(0.13119 0.240038 0)
(0.10694 0.244352 0)
(0.0829237 0.250621 0)
(0.0594844 0.258722 0)
(0.0355601 0.264402 0)
(0.0124939 0.270828 0)
(4 -3.90556e-18 0)
(4 2.57324e-16 0)
(4 1.15724e-16 0)
(4 1.03028e-16 0)
(4 4.43947e-16 0)
(4 5.09858e-16 0)
(4 -9.72868e-18 0)
(4 -3.45007e-16 0)
(4 -1.99142e-16 0)
(4 -1.15188e-16 0)
(4 3.48996e-16 0)
(4 4.22927e-16 0)
(4 1.11496e-15 0)
(4 1.94131e-15 0)
(4 1.57915e-15 0)
(4 3.82516e-16 0)
(4 -1.32221e-16 0)
(4 -6.91349e-17 0)
(4 -2.89862e-16 0)
(4 -6.1473e-16 0)
(4 -8.55235e-16 0)
(4 -9.8308e-16 0)
(4 -9.00745e-16 0)
(4 1.32374e-16 0)
(4 1.17318e-16 0)
(4 3.16334e-16 0)
(4 1.0151e-15 0)
(4 9.94163e-16 0)
(4 -1.30832e-15 0)
(4 -1.66921e-15 0)
(4 -2.02408e-15 0)
(4 -2.15202e-15 0)
(4 -1.97696e-15 0)
(4 -2.05332e-15 0)
(4 -1.82597e-15 0)
(4 -1.8602e-15 0)
(4 -1.08589e-15 0)
(4 -1.74598e-16 0)
(4 -5.04337e-16 0)
(4 -7.22816e-16 0)
(4 -4.94803e-16 0)
(4 5.82441e-16 0)
(4 1.46694e-15 0)
(4 1.23035e-15 0)
(4 1.05637e-15 0)
(4 1.29099e-15 0)
(4 1.70344e-15 0)
(4 -1.38356e-15 0)
(4 -3.60307e-15 0)
(4 -1.97002e-15 0)
(4 -5.10306e-16 0)
(4 -7.51815e-17 0)
(4 2.16433e-16 0)
(4 -1.31198e-16 0)
(4 -1.72328e-16 0)
(4 7.93346e-16 0)
(3.84239 0.11182 0)
(1.18699 0.247067 0)
(0.875733 0.225015 0)
(0.862265 0.229855 0)
(0.839426 0.232757 0)
(0.818509 0.231887 0)
(0.79559 0.229686 0)
(0.771457 0.227829 0)
(0.746497 0.228418 0)
(0.721441 0.231522 0)
(0.696867 0.235997 0)
(0.672767 0.239707 0)
(0.648677 0.239839 0)
(0.624425 0.235917 0)
(0.599715 0.231334 0)
(0.574874 0.231067 0)
(0.550945 0.235714 0)
(0.526628 0.240056 0)
(0.501966 0.238546 0)
(0.47802 0.234232 0)
(0.454909 0.235145 0)
(0.432994 0.238976 0)
(0.410952 0.239468 0)
(0.388757 0.238309 0)
(0.366342 0.239644 0)
(0.343981 0.242341 0)
(0.321612 0.244392 0)
(0.2992 0.246346 0)
(0.276587 0.248861 0)
(0.253622 0.251475 0)
(0.230259 0.253965 0)
(0.206534 0.256549 0)
(0.182465 0.259188 0)
(0.158033 0.261673 0)
(0.133317 0.264402 0)
(0.108575 0.268624 0)
(0.0840516 0.274712 0)
(0.060248 0.283015 0)
(0.0359883 0.288998 0)
(0.0126722 0.295885 0)
(4 1.83611e-17 0)
(4 1.87369e-16 0)
(4 1.28364e-16 0)
(4 3.25799e-17 0)
(4 2.39346e-16 0)
(4 2.35094e-16 0)
(4 -1.66413e-18 0)
(4 -1.15064e-17 0)
(4 4.77655e-16 0)
(4 7.20971e-16 0)
(4 4.31988e-16 0)
(4 4.79971e-16 0)
(4 7.13577e-16 0)
(4 6.62315e-16 0)
(4 9.31122e-16 0)
(4 1.26914e-15 0)
(4 5.51077e-16 0)
(4 1.167e-16 0)
(4 1.34981e-16 0)
(4 2.47117e-16 0)
(4 4.30375e-16 0)
(4 8.00441e-16 0)
(4 4.45163e-16 0)
(4 -9.54391e-17 0)
(4 -4.10713e-16 0)
(4 -9.86485e-16 0)
(4 -1.95847e-15 0)
(4 -2.49594e-15 0)
(4 -8.27191e-16 0)
(4 -3.80397e-16 0)
(4 -7.79027e-16 0)
(4 -2.76043e-15 0)
(4 -2.72842e-15 0)
(4 -2.56831e-15 0)
(4 -2.21814e-15 0)
(4 -1.27048e-15 0)
(4 1.51883e-15 0)
(4 2.15042e-15 0)
(4 1.92623e-15 0)
(4 1.50059e-15 0)
(4 7.9382e-16 0)
(4 1.19989e-15 0)
(4 1.59499e-15 0)
(4 7.29867e-16 0)
(4 4.226e-16 0)
(4 -9.23286e-17 0)
(4 -7.42561e-16 0)
(4 -2.33487e-15 0)
(4 -2.62699e-15 0)
(4 -1.78413e-15 0)
(4 -9.60751e-16 0)
(4 -1.27825e-15 0)
(4 -1.5553e-15 0)
(4 -1.39322e-15 0)
(4 -2.46559e-16 0)
(4 -4.20578e-16 0)
(3.96077 0.0349238 0)
(1.24591 0.267277 0)
(0.885692 0.228802 0)
(0.877605 0.24259 0)
(0.85743 0.24813 0)
(0.837495 0.249451 0)
(0.81503 0.249399 0)
(0.790521 0.249415 0)
(0.764568 0.251084 0)
(0.738326 0.254254 0)
(0.712871 0.258188 0)
(0.68849 0.261406 0)
(0.664384 0.261793 0)
(0.639552 0.259065 0)
(0.613507 0.255421 0)
(0.586865 0.254958 0)
(0.561235 0.259197 0)
(0.536104 0.263594 0)
(0.511073 0.26222 0)
(0.486868 0.257236 0)
(0.463179 0.257109 0)
(0.440584 0.260681 0)
(0.417731 0.261674 0)
(0.394726 0.260884 0)
(0.371728 0.26228 0)
(0.348981 0.26497 0)
(0.326332 0.267045 0)
(0.303664 0.269121 0)
(0.280815 0.271915 0)
(0.257651 0.274922 0)
(0.234128 0.277814 0)
(0.210256 0.280755 0)
(0.185987 0.283714 0)
(0.161245 0.286472 0)
(0.136094 0.289315 0)
(0.110846 0.293544 0)
(0.0857459 0.299429 0)
(0.0614514 0.307855 0)
(0.0367011 0.314055 0)
(0.0129318 0.321314 0)
(4 1.07601e-16 0)
(4 1.58455e-17 0)
(4 -8.61991e-17 0)
(4 -3.07997e-16 0)
(4 -6.92537e-17 0)
(4 1.64563e-16 0)
(4 -1.28902e-16 0)
(4 -5.20939e-16 0)
(4 -6.76628e-16 0)
(4 -8.76897e-16 0)
(4 2.95592e-18 0)
(4 1.43693e-15 0)
(4 1.37443e-15 0)
(4 6.57754e-16 0)
(4 -1.47069e-16 0)
(4 -1.68406e-16 0)
(4 1.67144e-16 0)
(4 4.94666e-16 0)
(4 8.06645e-16 0)
(4 5.39717e-16 0)
(4 5.37122e-16 0)
(4 3.09527e-16 0)
(4 -3.16147e-16 0)
(4 -1.56347e-15 0)
(4 -1.7914e-15 0)
(4 -4.23614e-15 0)
(4 -5.47269e-15 0)
(4 -5.16698e-15 0)
(4 -1.25639e-15 0)
(4 1.56646e-16 0)
(4 -6.09833e-17 0)
(4 -1.30456e-15 0)
(4 -1.74788e-15 0)
(4 -9.35382e-16 0)
(4 -3.34239e-16 0)
(4 4.57559e-16 0)
(4 1.72484e-15 0)
(4 1.83677e-15 0)
(4 1.59702e-15 0)
(4 1.79492e-15 0)
(4 2.21554e-15 0)
(4 1.53612e-15 0)
(4 -7.6043e-16 0)
(4 -1.6477e-16 0)
(4 1.04147e-15 0)
(4 5.49567e-16 0)
(4 -3.1682e-16 0)
(4 -8.6296e-16 0)
(4 -7.4285e-16 0)
(4 -1.3586e-15 0)
(4 -1.18243e-15 0)
(4 -9.86627e-16 0)
(4 -1.75155e-15 0)
(4 -1.22999e-15 0)
(4 -1.13383e-15 0)
(4 -1.72397e-15 0)
(4.00801 0.00435476 0)
(1.31449 0.272026 0)
(0.88692 0.235305 0)
(0.877178 0.258462 0)
(0.859284 0.267573 0)
(0.840852 0.269783 0)
(0.821426 0.270856 0)
(0.80026 0.271951 0)
(0.777187 0.274118 0)
(0.752934 0.277017 0)
(0.728619 0.280197 0)
(0.704889 0.283 0)
(0.681109 0.284156 0)
(0.656164 0.283094 0)
(0.62959 0.28077 0)
(0.602061 0.280154 0)
(0.57531 0.283493 0)
(0.549406 0.287427 0)
(0.523524 0.28631 0)
(0.498132 0.281207 0)
(0.473087 0.280312 0)
(0.44927 0.283613 0)
(0.425474 0.284953 0)
(0.401711 0.284286 0)
(0.378159 0.285482 0)
(0.354977 0.28801 0)
(0.331929 0.290079 0)
(0.30888 0.292282 0)
(0.285713 0.295341 0)
(0.262307 0.298706 0)
(0.238587 0.301971 0)
(0.214495 0.30528 0)
(0.189915 0.308633 0)
(0.164734 0.311798 0)
(0.139033 0.314899 0)
(0.113201 0.31925 0)
(0.0874768 0.324916 0)
(0.0626548 0.333376 0)
(0.0374052 0.33969 0)
(0.0131576 0.34721 0)
(4 2.81964e-17 0)
(4 -6.91465e-17 0)
(4 -4.48699e-17 0)
(4 -1.41353e-16 0)
(4 -5.34537e-16 0)
(4 -4.8074e-16 0)
(4 -9.60413e-17 0)
(4 2.08893e-16 0)
(4 -1.86897e-16 0)
(4 -2.32263e-16 0)
(4 2.1222e-16 0)
(4 7.13322e-16 0)
(4 6.04762e-16 0)
(4 5.54403e-16 0)
(4 -4.50485e-16 0)
(4 -7.86054e-16 0)
(4 -1.72866e-16 0)
(4 4.27437e-16 0)
(4 1.01119e-15 0)
(4 -9.23177e-17 0)
(4 -8.56389e-16 0)
(4 -2.484e-15 0)
(4 -3.98337e-15 0)
(4 -4.06281e-15 0)
(4 -4.22187e-15 0)
(4 -4.3348e-15 0)
(4 -4.67474e-15 0)
(4 -2.16751e-15 0)
(4 3.10349e-16 0)
(4 1.62806e-15 0)
(4 1.14788e-15 0)
(4 4.97369e-16 0)
(4 -4.99083e-16 0)
(4 -4.26445e-16 0)
(4 6.4916e-17 0)
(4 5.30889e-16 0)
(4 7.06812e-16 0)
(4 8.76712e-16 0)
(4 7.00204e-16 0)
(4 7.03385e-16 0)
(4 1.21278e-15 0)
(4 3.33845e-16 0)
(4 -3.21316e-17 0)
(4 1.38513e-16 0)
(4 2.63236e-16 0)
(4 7.6418e-18 0)
(4 2.82028e-16 0)
(4 2.07669e-16 0)
(4 -4.72334e-16 0)
(4 -1.23097e-15 0)
(4 -1.95034e-15 0)
(4 -2.03777e-15 0)
(4 -2.42232e-15 0)
(4 -2.55727e-15 0)
(4 -1.58409e-15 0)
(4 -4.22124e-16 0)
(4.00016 -5.36565e-06 0)
(1.42713 0.289304 0)
(0.879212 0.244101 0)
(0.860594 0.269422 0)
(0.845674 0.281894 0)
(0.829524 0.285097 0)
(0.81327 0.287721 0)
(0.795845 0.291177 0)
(0.777293 0.295037 0)
(0.757776 0.298535 0)
(0.737685 0.301199 0)
(0.717251 0.303472 0)
(0.695801 0.305368 0)
(0.67236 0.306266 0)
(0.646601 0.305908 0)
(0.619217 0.305837 0)
(0.591931 0.308545 0)
(0.56536 0.312126 0)
(0.538608 0.311516 0)
(0.512016 0.306544 0)
(0.485628 0.304798 0)
(0.460453 0.307574 0)
(0.435507 0.309101 0)
(0.410662 0.308496 0)
(0.38619 0.309387 0)
(0.362287 0.311646 0)
(0.338694 0.313632 0)
(0.315224 0.315886 0)
(0.291732 0.319136 0)
(0.268046 0.322822 0)
(0.244019 0.326474 0)
(0.219545 0.33021 0)
(0.194487 0.334052 0)
(0.168746 0.337747 0)
(0.142431 0.34122 0)
(0.115994 0.345783 0)
(0.0896205 0.351219 0)
(0.0641957 0.359626 0)
(0.0383359 0.36595 0)
(0.0134482 0.373628 0)
(4 -2.5571e-16 0)
(4 -2.30138e-16 0)
(4 1.95557e-16 0)
(4 4.90507e-16 0)
(4 1.74988e-16 0)
(4 -1.94399e-16 0)
(4 1.91494e-16 0)
(4 5.07881e-16 0)
(4 5.57213e-16 0)
(4 3.75679e-16 0)
(4 4.28303e-16 0)
(4 -1.41537e-15 0)
(4 -1.72813e-15 0)
(4 -9.52159e-16 0)
(4 -7.6633e-16 0)
(4 -2.9178e-17 0)
(4 1.91775e-17 0)
(4 -4.65453e-17 0)
(4 -3.5815e-18 0)
(4 3.04852e-16 0)
(4 1.97056e-16 0)
(4 3.58337e-16 0)
(4 3.92634e-16 0)
(4 -5.56076e-16 0)
(4 -1.3319e-15 0)
(4 -1.87583e-15 0)
(4 -1.65719e-15 0)
(4 -1.16907e-15 0)
(4 -7.93871e-16 0)
(4 -3.23024e-16 0)
(4 -4.79376e-16 0)
(4 6.06816e-16 0)
(4 6.68488e-16 0)
(4 7.02865e-16 0)
(4 1.15416e-15 0)
(4 9.928e-16 0)
(4 8.17564e-16 0)
(4 7.24733e-16 0)
(4 6.78466e-16 0)
(4 9.97235e-18 0)
(4 -8.23962e-16 0)
(4 -7.26938e-16 0)
(4 4.87581e-16 0)
(4 5.72208e-16 0)
(4 4.95543e-16 0)
(4 7.12945e-17 0)
(4 -9.52049e-16 0)
(4 -1.32014e-15 0)
(4 -1.17159e-15 0)
(4 -1.14995e-15 0)
(4 -1.47232e-15 0)
(4 -2.40283e-15 0)
(4 -2.43388e-15 0)
(4 -2.56459e-15 0)
(4 9.36239e-17 0)
(4 1.41384e-15 0)
(4 -7.40122e-09 0)
(1.61385 0.326671 0)
(0.884718 0.272151 0)
(0.838396 0.280854 0)
(0.822533 0.289308 0)
(0.807846 0.294583 0)
(0.794824 0.299836 0)
(0.780949 0.304681 0)
(0.766249 0.310103 0)
(0.75062 0.315127 0)
(0.734295 0.318757 0)
(0.717757 0.322043 0)
(0.70042 0.32537 0)
(0.68099 0.328262 0)
(0.658666 0.330079 0)
(0.633871 0.331153 0)
(0.608106 0.333658 0)
(0.582248 0.337102 0)
(0.555497 0.337304 0)
(0.528083 0.332993 0)
(0.500367 0.330774 0)
(0.473591 0.333077 0)
(0.447252 0.3347 0)
(0.421204 0.334008 0)
(0.395751 0.334329 0)
(0.371066 0.336048 0)
(0.346825 0.337797 0)
(0.322749 0.340049 0)
(0.298687 0.343494 0)
(0.274457 0.347535 0)
(0.249882 0.351614 0)
(0.224834 0.355816 0)
(0.199174 0.360185 0)
(0.172823 0.364469 0)
(0.14589 0.368381 0)
(0.118863 0.373226 0)
(0.0918509 0.378433 0)
(0.0657999 0.386713 0)
(0.039301 0.392954 0)
(0.0137259 0.400695 0)
(4 2.69037e-18 0)
(4 7.44012e-17 0)
(4 -1.4694e-16 0)
(4 -3.15458e-16 0)
(4 5.6756e-17 0)
(4 3.47081e-16 0)
(4 5.36267e-16 0)
(4 3.65884e-16 0)
(4 3.16178e-16 0)
(4 1.22672e-16 0)
(4 -4.9988e-16 0)
(4 -9.81311e-16 0)
(4 -1.60291e-15 0)
(4 -1.41378e-15 0)
(4 6.47894e-18 0)
(4 5.41943e-16 0)
(4 3.16864e-16 0)
(4 -3.30092e-16 0)
(4 -1.36413e-15 0)
(4 -1.90108e-15 0)
(4 -5.39704e-16 0)
(4 6.2984e-16 0)
(4 1.70129e-15 0)
(4 1.55066e-15 0)
(4 7.93368e-17 0)
(4 -6.63277e-16 0)
(4 -3.70036e-16 0)
(4 -1.01268e-16 0)
(4 4.59125e-16 0)
(4 1.92509e-16 0)
(4 -5.10181e-16 0)
(4 1.17151e-15 0)
(4 1.10879e-15 0)
(4 8.31682e-16 0)
(4 -1.68943e-16 0)
(4 -3.38714e-16 0)
(4 5.17871e-16 0)
(4 1.06814e-15 0)
(4 1.7238e-15 0)
(4 1.83379e-15 0)
(4 7.16087e-16 0)
(4 1.46041e-16 0)
(4 3.89563e-16 0)
(4 8.05101e-16 0)
(4 1.2414e-15 0)
(4 9.69079e-16 0)
(4 -2.72332e-16 0)
(4 -1.0354e-15 0)
(4 -1.88053e-15 0)
(4 -2.12547e-15 0)
(4 -2.33983e-15 0)
(4 -1.95211e-15 0)
(4 -1.88434e-15 0)
(4 -1.80792e-15 0)
(4 1.74343e-16 0)
(4 2.07015e-15 0)
(4 -6.13062e-09 0)
(1.8825 0.363183 0)
(0.907782 0.312709 0)
(0.832189 0.307975 0)
(0.805148 0.303795 0)
(0.787016 0.302681 0)
(0.772664 0.306228 0)
(0.759834 0.313205 0)
(0.747561 0.321042 0)
(0.735418 0.327612 0)
(0.722802 0.331968 0)
(0.709686 0.335903 0)
(0.696067 0.340849 0)
(0.681271 0.346211 0)
(0.664041 0.35056 0)
(0.643845 0.353483 0)
(0.621429 0.356832 0)
(0.597666 0.361132 0)
(0.571962 0.363067 0)
(0.544556 0.360308 0)
(0.516256 0.358158 0)
(0.48847 0.359984 0)
(0.461156 0.361481 0)
(0.43411 0.360566 0)
(0.407588 0.360218 0)
(0.381802 0.36133 0)
(0.356516 0.362838 0)
(0.331498 0.365078 0)
(0.306653 0.368657 0)
(0.281792 0.37297 0)
(0.256659 0.37741 0)
(0.231049 0.382047 0)
(0.204797 0.386959 0)
(0.177836 0.3919 0)
(0.150263 0.396346 0)
(0.122592 0.40157 0)
(0.0948351 0.406602 0)
(0.0679786 0.41472 0)
(0.0406247 0.420818 0)
(0.0141206 0.428558 0)
(4 1.61835e-16 0)
(4 8.99566e-17 0)
(4 1.97158e-16 0)
(4 -7.72928e-17 0)
(4 1.49174e-16 0)
(4 5.56166e-16 0)
(4 7.48985e-16 0)
(4 4.86192e-16 0)
(4 6.04217e-16 0)
(4 6.10251e-16 0)
(4 4.07215e-16 0)
(4 4.95508e-16 0)
(4 4.02343e-16 0)
(4 2.29664e-16 0)
(4 1.99155e-16 0)
(4 2.84982e-16 0)
(4 5.47164e-16 0)
(4 7.32804e-17 0)
(4 -1.75559e-15 0)
(4 -2.40809e-15 0)
(4 -1.56718e-15 0)
(4 -6.52273e-16 0)
(4 3.34423e-16 0)
(4 8.5468e-16 0)
(4 2.10538e-16 0)
(4 -1.13611e-16 0)
(4 4.38728e-16 0)
(4 7.31555e-16 0)
(4 6.03272e-16 0)
(4 -6.49435e-16 0)
(4 -3.49463e-16 0)
(4 1.24456e-15 0)
(4 1.14299e-15 0)
(4 6.4697e-16 0)
(4 1.08705e-17 0)
(4 -1.17267e-15 0)
(4 -1.86128e-15 0)
(4 -1.85953e-15 0)
(4 -1.14785e-15 0)
(4 -4.93366e-16 0)
(4 6.18386e-16 0)
(4 7.53908e-16 0)
(4 1.37785e-16 0)
(4 2.23184e-16 0)
(4 2.70724e-16 0)
(4 -3.20887e-16 0)
(4 -1.59697e-16 0)
(4 -7.61142e-16 0)
(4 -2.93188e-15 0)
(4 -3.8374e-15 0)
(4 -3.13991e-15 0)
(4 -1.33048e-15 0)
(4 -1.63805e-15 0)
(4 -1.94268e-15 0)
(4 1.00598e-15 0)
(4 2.48585e-15 0)
(4 -9.34317e-10 0)
(2.23337 0.38631 0)
(0.943908 0.356918 0)
(0.837237 0.345153 0)
(0.803728 0.328544 0)
(0.778263 0.320986 0)
(0.758286 0.319731 0)
(0.741853 0.322881 0)
(0.727964 0.327957 0)
(0.716012 0.333773 0)
(0.705522 0.339804 0)
(0.695449 0.345744 0)
(0.685166 0.35231 0)
(0.674239 0.359709 0)
(0.661513 0.366696 0)
(0.646124 0.3722 0)
(0.628139 0.377343 0)
(0.607991 0.38336 0)
(0.585106 0.387701 0)
(0.559523 0.387228 0)
(0.5322 0.38584 0)
(0.504537 0.387535 0)
(0.476817 0.389123 0)
(0.448904 0.388288 0)
(0.421173 0.387488 0)
(0.394041 0.388014 0)
(0.367501 0.389173 0)
(0.341403 0.391233 0)
(0.315669 0.394769 0)
(0.290051 0.399235 0)
(0.264187 0.404003 0)
(0.237811 0.409109 0)
(0.210771 0.414628 0)
(0.183062 0.420306 0)
(0.154763 0.425366 0)
(0.126399 0.431032 0)
(0.0978654 0.435922 0)
(0.0701613 0.443831 0)
(0.0419295 0.449733 0)
(0.0144931 0.457413 0)
(4 4.56243e-18 0)
(4 -2.60974e-17 0)
(4 5.64937e-17 0)
(4 2.05695e-16 0)
(4 1.83441e-16 0)
(4 -2.43608e-16 0)
(4 -5.24325e-16 0)
(4 -1.11527e-16 0)
(4 6.91058e-16 0)
(4 6.56692e-16 0)
(4 1.10641e-15 0)
(4 1.26185e-15 0)
(4 1.09949e-15 0)
(4 4.04877e-16 0)
(4 -3.32157e-16 0)
(4 -3.69998e-16 0)
(4 -4.75183e-16 0)
(4 -6.49833e-16 0)
(4 -4.84745e-16 0)
(4 5.79985e-16 0)
(4 2.0881e-15 0)
(4 1.94647e-15 0)
(4 1.17005e-15 0)
(4 7.58768e-16 0)
(4 1.08236e-15 0)
(4 1.10934e-15 0)
(4 8.07087e-16 0)
(4 -6.23961e-16 0)
(4 -2.42142e-15 0)
(4 -2.84157e-15 0)
(4 -1.66443e-15 0)
(4 -5.48588e-16 0)
(4 -9.75137e-17 0)
(4 -3.01574e-16 0)
(4 1.68963e-16 0)
(4 4.08898e-16 0)
(4 -7.92228e-16 0)
(4 -2.05495e-15 0)
(4 -2.17127e-15 0)
(4 -4.3941e-16 0)
(4 4.27696e-16 0)
(4 5.38464e-16 0)
(4 -9.45933e-16 0)
(4 -1.42817e-15 0)
(4 -2.16291e-15 0)
(4 -3.02814e-15 0)
(4 -2.61834e-15 0)
(4 -2.22252e-15 0)
(4 -2.94923e-15 0)
(4 -3.11742e-15 0)
(4 -2.86713e-15 0)
(4 -2.02115e-15 0)
(4 -1.80381e-15 0)
(4 -7.85498e-16 0)
(4 1.74059e-15 0)
(4 2.58616e-15 0)
(4 -4.64431e-11 0)
(2.63434 0.402843 0)
(0.969414 0.415242 0)
(0.836707 0.380441 0)
(0.813177 0.355385 0)
(0.784159 0.3454 0)
(0.759076 0.342328 0)
(0.737224 0.342798 0)
(0.7185 0.34343 0)
(0.703117 0.344895 0)
(0.690667 0.347005 0)
(0.680137 0.35157 0)
(0.670654 0.35883 0)
(0.661637 0.368197 0)
(0.652441 0.378134 0)
(0.641174 0.386421 0)
(0.627815 0.393976 0)
(0.612442 0.402096 0)
(0.593949 0.409172 0)
(0.571761 0.41193 0)
(0.546841 0.41242 0)
(0.520461 0.414904 0)
(0.493093 0.417268 0)
(0.464764 0.417076 0)
(0.436092 0.416165 0)
(0.407748 0.416157 0)
(0.379984 0.416859 0)
(0.352767 0.418588 0)
(0.326043 0.421934 0)
(0.299553 0.426444 0)
(0.272877 0.431482 0)
(0.24572 0.437038 0)
(0.217949 0.443163 0)
(0.189582 0.449607 0)
(0.160614 0.455347 0)
(0.131521 0.461533 0)
(0.102057 0.466394 0)
(0.0732325 0.474128 0)
(0.043783 0.479862 0)
(0.0150744 0.487493 0)
(4 -2.50994e-16 0)
(4 -3.08214e-16 0)
(4 -3.46711e-16 0)
(4 -1.62057e-16 0)
(4 -3.69704e-16 0)
(4 -8.25272e-16 0)
(4 -5.15526e-16 0)
(4 2.67515e-16 0)
(4 3.29569e-16 0)
(4 2.14732e-17 0)
(4 7.78586e-17 0)
(4 -3.30335e-17 0)
(4 -1.27024e-16 0)
(4 -3.70102e-16 0)
(4 -4.21135e-16 0)
(4 -1.0551e-15 0)
(4 -1.50458e-15 0)
(4 -1.46769e-15 0)
(4 -9.67259e-16 0)
(4 5.9716e-16 0)
(4 1.42801e-15 0)
(4 1.25391e-15 0)
(4 6.0448e-16 0)
(4 5.81411e-16 0)
(4 9.37426e-16 0)
(4 1.18832e-15 0)
(4 8.22145e-16 0)
(4 2.95947e-16 0)
(4 -8.18679e-16 0)
(4 -1.78201e-15 0)
(4 -1.63465e-15 0)
(4 -5.33705e-16 0)
(4 -2.43518e-16 0)
(4 -9.03893e-16 0)
(4 -3.0358e-16 0)
(4 9.41182e-16 0)
(4 2.26131e-15 0)
(4 2.46406e-15 0)
(4 7.29755e-16 0)
(4 -4.08284e-16 0)
(4 -1.01003e-15 0)
(4 -1.99348e-15 0)
(4 -3.45992e-15 0)
(4 -4.68127e-15 0)
(4 -4.83646e-15 0)
(4 -2.96888e-15 0)
(4 -2.30944e-15 0)
(4 -4.29011e-16 0)
(4 3.81704e-16 0)
(4 -5.85892e-17 0)
(4 -1.19988e-15 0)
(4 -9.81503e-16 0)
(4 7.1344e-16 0)
(4 1.06526e-15 0)
(4 3.30152e-15 0)
(4 3.79211e-15 0)
(4 -5.82251e-13 0)
(3.15076 0.41684 0)
(1.04632 0.475946 0)
(0.875133 0.3974 0)
(0.851619 0.379305 0)
(0.817752 0.371683 0)
(0.786251 0.366168 0)
(0.75547 0.365877 0)
(0.727535 0.366128 0)
(0.704704 0.363686 0)
(0.686779 0.36157 0)
(0.67232 0.363273 0)
(0.660061 0.368143 0)
(0.649147 0.375417 0)
(0.639991 0.385045 0)
(0.631202 0.395573 0)
(0.621142 0.405744 0)
(0.610428 0.416595 0)
(0.597544 0.426621 0)
(0.580135 0.433089 0)
(0.558662 0.436747 0)
(0.534687 0.441147 0)
(0.508687 0.445196 0)
(0.480776 0.446406 0)
(0.451811 0.445931 0)
(0.422692 0.445642 0)
(0.393928 0.445926 0)
(0.36564 0.447267 0)
(0.337838 0.450324 0)
(0.3103 0.454777 0)
(0.282616 0.460031 0)
(0.254492 0.466043 0)
(0.225813 0.472821 0)
(0.196624 0.480109 0)
(0.166826 0.486622 0)
(0.136843 0.493413 0)
(0.106302 0.498386 0)
(0.0762006 0.505965 0)
(0.0455305 0.51153 0)
(0.015606 0.519123 0)
(4 -2.10412e-16 0)
(4 -2.02036e-16 0)
(4 -3.55616e-16 0)
(4 -2.73826e-16 0)
(4 -1.44856e-16 0)
(4 -4.47797e-17 0)
(4 -2.40276e-16 0)
(4 1.73142e-17 0)
(4 5.38992e-16 0)
(4 3.92048e-16 0)
(4 4.23064e-16 0)
(4 -3.81777e-17 0)
(4 -3.85008e-16 0)
(4 -6.52794e-16 0)
(4 -6.86347e-16 0)
(4 -9.04196e-16 0)
(4 -1.46069e-15 0)
(4 -1.82429e-15 0)
(4 -1.34428e-15 0)
(4 -1.05071e-15 0)
(4 -1.54199e-16 0)
(4 -5.50542e-17 0)
(4 -3.97456e-16 0)
(4 2.05865e-16 0)
(4 7.20456e-16 0)
(4 8.86592e-16 0)
(4 -5.35895e-16 0)
(4 -6.50091e-16 0)
(4 -3.38525e-16 0)
(4 -5.21597e-17 0)
(4 -9.46569e-18 0)
(4 -1.50129e-16 0)
(4 -3.8994e-16 0)
(4 -2.95373e-16 0)
(4 -8.12564e-16 0)
(4 -1.05102e-15 0)
(4 1.30636e-15 0)
(4 1.52054e-15 0)
(4 2.41488e-16 0)
(4 -1.90195e-15 0)
(4 -4.14256e-15 0)
(4 -4.47501e-15 0)
(4 -4.68727e-15 0)
(4 -5.33583e-15 0)
(4 -5.85142e-15 0)
(4 -3.65555e-15 0)
(4 -2.04141e-15 0)
(4 -1.57443e-15 0)
(4 -1.09367e-15 0)
(4 -1.0175e-15 0)
(4 -7.92132e-16 0)
(4 1.29927e-15 0)
(4 2.60463e-15 0)
(4 1.65716e-15 0)
(4 1.53343e-15 0)
(4 1.67883e-15 0)
(4 -1.36167e-15 0)
(3.8231 0.248017 0)
(1.21216 0.50004 0)
(0.939163 0.428751 0)
(0.923497 0.399192 0)
(0.881437 0.399086 0)
(0.839805 0.399458 0)
(0.7988 0.397593 0)
(0.761471 0.392105 0)
(0.728362 0.385875 0)
(0.700323 0.381512 0)
(0.677584 0.380387 0)
(0.659094 0.383371 0)
(0.643755 0.388237 0)
(0.631174 0.394656 0)
(0.621233 0.403138 0)
(0.611972 0.413252 0)
(0.603307 0.425669 0)
(0.594614 0.439034 0)
(0.583189 0.450071 0)
(0.566578 0.457696 0)
(0.54611 0.465098 0)
(0.522643 0.471809 0)
(0.496257 0.475331 0)
(0.467915 0.47608 0)
(0.438691 0.47605 0)
(0.409296 0.476213 0)
(0.380056 0.4773 0)
(0.351134 0.480071 0)
(0.322469 0.484377 0)
(0.293761 0.48974 0)
(0.264748 0.49614 0)
(0.235298 0.503539 0)
(0.205421 0.511687 0)
(0.174842 0.519065 0)
(0.143865 0.526587 0)
(0.112057 0.531868 0)
(0.0803772 0.539449 0)
(0.0480697 0.544948 0)
(0.0164213 0.552567 0)
(4 2.65611e-16 0)
(4 1.61386e-16 0)
(4 -1.05052e-16 0)
(4 -5.6171e-16 0)
(4 -4.74019e-16 0)
(4 1.05193e-18 0)
(4 4.65047e-17 0)
(4 -9.44033e-17 0)
(4 1.83444e-16 0)
(4 1.29285e-16 0)
(4 7.76675e-17 0)
(4 1.92988e-16 0)
(4 -3.12859e-16 0)
(4 -9.14297e-16 0)
(4 -6.0761e-16 0)
(4 -8.73296e-17 0)
(4 -1.42131e-16 0)
(4 2.06755e-16 0)
(4 -1.61904e-16 0)
(4 -1.04656e-15 0)
(4 -1.65212e-15 0)
(4 -1.35569e-15 0)
(4 -3.42511e-16 0)
(4 6.38128e-16 0)
(4 1.03842e-15 0)
(4 6.88774e-16 0)
(4 5.15047e-17 0)
(4 -6.16122e-16 0)
(4 -7.88141e-16 0)
(4 -4.43205e-16 0)
(4 6.30321e-17 0)
(4 3.85313e-16 0)
(4 -2.26909e-16 0)
(4 -9.66121e-17 0)
(4 -4.9633e-16 0)
(4 -1.08295e-15 0)
(4 -9.34204e-16 0)
(4 3.45112e-16 0)
(4 6.1099e-16 0)
(4 -2.16885e-15 0)
(4 -2.16428e-15 0)
(4 -2.27459e-15 0)
(4 -2.55027e-15 0)
(4 -3.24519e-15 0)
(4 -3.9833e-15 0)
(4 -2.41266e-15 0)
(4 -8.3439e-16 0)
(4 -1.02192e-15 0)
(4 -1.10024e-15 0)
(4 -8.52699e-16 0)
(4 2.69963e-16 0)
(4 1.57781e-15 0)
(4 2.3937e-15 0)
(4 1.40029e-15 0)
(4 3.0861e-16 0)
(4 1.86033e-16 0)
(4 -1.67357e-15 0)
(4.05932 0.0143162 0)
(1.37363 0.459809 0)
(0.974124 0.428372 0)
(0.959166 0.435263 0)
(0.930409 0.436275 0)
(0.894633 0.433111 0)
(0.853006 0.431922 0)
(0.809756 0.429057 0)
(0.768659 0.419935 0)
(0.731706 0.409364 0)
(0.699262 0.403765 0)
(0.672121 0.403525 0)
(0.649704 0.405826 0)
(0.631454 0.40936 0)
(0.617275 0.414853 0)
(0.606048 0.422697 0)
(0.596336 0.433277 0)
(0.588609 0.447082 0)
(0.579891 0.461377 0)
(0.569094 0.474431 0)
(0.553517 0.485679 0)
(0.533947 0.495846 0)
(0.510396 0.502684 0)
(0.483771 0.505715 0)
(0.455262 0.506843 0)
(0.425753 0.507507 0)
(0.395825 0.508686 0)
(0.365884 0.511259 0)
(0.336091 0.515345 0)
(0.306244 0.520757 0)
(0.276194 0.527548 0)
(0.245738 0.535653 0)
(0.214859 0.544817 0)
(0.183169 0.553259 0)
(0.15093 0.561677 0)
(0.117628 0.567424 0)
(0.0843108 0.575117 0)
(0.0503984 0.580614 0)
(0.0171149 0.588219 0)
(4 2.0853e-17 0)
(4 -8.90314e-17 0)
(4 2.30967e-16 0)
(4 4.81057e-16 0)
(4 4.20326e-16 0)
(4 8.04419e-16 0)
(4 1.55533e-15 0)
(4 1.36608e-16 0)
(4 -1.11089e-15 0)
(4 -1.38127e-15 0)
(4 -1.8781e-15 0)
(4 -1.7587e-15 0)
(4 -1.19294e-15 0)
(4 -5.79296e-16 0)
(4 -1.71013e-16 0)
(4 1.51872e-18 0)
(4 9.57728e-16 0)
(4 8.06447e-16 0)
(4 -4.84311e-16 0)
(4 -1.17567e-15 0)
(4 -1.48987e-15 0)
(4 -2.12009e-15 0)
(4 -1.65519e-15 0)
(4 -6.26014e-16 0)
(4 -3.70279e-16 0)
(4 -2.70522e-16 0)
(4 -2.35855e-16 0)
(4 -1.38445e-16 0)
(4 -1.16334e-15 0)
(4 -1.31117e-15 0)
(4 -9.10988e-16 0)
(4 -8.04749e-16 0)
(4 -8.04692e-16 0)
(4 1.94983e-17 0)
(4 7.76206e-16 0)
(4 9.61547e-18 0)
(4 -4.84772e-16 0)
(4 -5.6185e-16 0)
(4 -5.89222e-16 0)
(4 -1.62229e-16 0)
(4 -4.67984e-17 0)
(4 -2.93714e-16 0)
(4 -7.45097e-16 0)
(4 -1.38489e-15 0)
(4 -2.0161e-15 0)
(4 -1.63671e-15 0)
(4 -9.31863e-16 0)
(4 2.55275e-16 0)
(4 1.45705e-15 0)
(4 2.35323e-15 0)
(4 2.48431e-15 0)
(4 2.7543e-15 0)
(4 2.76464e-15 0)
(4 2.80682e-15 0)
(4 1.74759e-15 0)
(4 3.85871e-16 0)
(4 -7.41427e-16 0)
(4.00271 8.34948e-05 0)
(1.4934 0.437086 0)
(0.940743 0.441977 0)
(0.94753 0.468793 0)
(0.925693 0.47235 0)
(0.902004 0.472593 0)
(0.875901 0.469593 0)
(0.846171 0.463311 0)
(0.810905 0.454795 0)
(0.772663 0.44478 0)
(0.734633 0.435963 0)
(0.699509 0.431366 0)
(0.668922 0.429438 0)
(0.643453 0.428648 0)
(0.623077 0.430491 0)
(0.60716 0.435777 0)
(0.594328 0.444098 0)
(0.584225 0.455933 0)
(0.575816 0.470468 0)
(0.566047 0.485666 0)
(0.555878 0.501764 0)
(0.541328 0.516153 0)
(0.522033 0.527208 0)
(0.498388 0.533781 0)
(0.471661 0.537236 0)
(0.442867 0.539289 0)
(0.412801 0.541123 0)
(0.382167 0.543771 0)
(0.351275 0.547758 0)
(0.320456 0.553182 0)
(0.289476 0.560335 0)
(0.258217 0.569102 0)
(0.226593 0.579284 0)
(0.193974 0.588887 0)
(0.16049 0.59841 0)
(0.125526 0.604939 0)
(0.0901944 0.613025 0)
(0.054035 0.618755 0)
(0.0183359 0.626455 0)
(4 -4.74801e-16 0)
(4 -5.39798e-16 0)
(4 -4.69683e-16 0)
(4 1.4439e-16 0)
(4 5.48234e-16 0)
(4 7.36301e-16 0)
(4 5.8663e-16 0)
(4 2.52122e-16 0)
(4 -1.14586e-15 0)
(4 -1.56687e-15 0)
(4 -2.12779e-15 0)
(4 -2.0477e-15 0)
(4 -1.37085e-15 0)
(4 -8.65658e-16 0)
(4 3.94045e-16 0)
(4 5.59932e-16 0)
(4 1.13187e-15 0)
(4 9.65128e-16 0)
(4 -2.05588e-16 0)
(4 -1.44106e-16 0)
(4 -4.85448e-16 0)
(4 -7.51063e-16 0)
(4 -1.58296e-15 0)
(4 -1.86278e-15 0)
(4 -2.31415e-15 0)
(4 -2.09821e-15 0)
(4 -1.13919e-15 0)
(4 -1.48519e-16 0)
(4 -2.07505e-16 0)
(4 -5.3133e-16 0)
(4 -1.01105e-15 0)
(4 -2.12337e-16 0)
(4 2.0521e-15 0)
(4 2.14638e-15 0)
(4 1.46785e-15 0)
(4 -1.49174e-17 0)
(4 -1.99863e-15 0)
(4 -3.0245e-15 0)
(4 -2.41459e-15 0)
(4 -4.94634e-16 0)
(4 1.93636e-16 0)
(4 1.2689e-15 0)
(4 2.08686e-15 0)
(4 1.94814e-15 0)
(4 2.38149e-15 0)
(4 2.53323e-15 0)
(4 2.30888e-15 0)
(4 8.37526e-16 0)
(4 5.29865e-16 0)
(4 5.55639e-16 0)
(4 1.09737e-15 0)
(4 1.89559e-15 0)
(4 3.67791e-15 0)
(4 2.67267e-15 0)
(4 1.67932e-15 0)
(4 1.51267e-15 0)
(4 1.60841e-15 0)
(4.00001 -1.03155e-07 0)
(1.72447 0.468811 0)
(0.921208 0.426612 0)
(0.90604 0.464762 0)
(0.89405 0.48425 0)
(0.880886 0.49095 0)
(0.866278 0.492924 0)
(0.850571 0.490437 0)
(0.831616 0.484596 0)
(0.805217 0.477157 0)
(0.771992 0.470144 0)
(0.735865 0.464893 0)
(0.700137 0.46017 0)
(0.667573 0.455046 0)
(0.639861 0.451625 0)
(0.617414 0.452778 0)
(0.599449 0.458261 0)
(0.585238 0.467883 0)
(0.574287 0.481027 0)
(0.564306 0.496262 0)
(0.55421 0.513368 0)
(0.544464 0.531866 0)
(0.530225 0.547767 0)
(0.510779 0.559041 0)
(0.48698 0.566146 0)
(0.459928 0.570746 0)
(0.430531 0.574143 0)
(0.399637 0.577442 0)
(0.368153 0.581594 0)
(0.33642 0.587115 0)
(0.304488 0.594652 0)
(0.272183 0.604208 0)
(0.239364 0.615668 0)
(0.205293 0.626793 0)
(0.170108 0.637793 0)
(0.133153 0.645454 0)
(0.0956791 0.654134 0)
(0.0573358 0.660232 0)
(0.0193104 0.668006 0)
(4 2.55223e-16 0)
(4 1.57197e-16 0)
(4 4.01176e-17 0)
(4 -2.08069e-16 0)
(4 -2.84543e-16 0)
(4 -5.5517e-16 0)
(4 -4.0847e-16 0)
(4 -2.27556e-16 0)
(4 -5.28393e-16 0)
(4 -8.61477e-16 0)
(4 -7.32448e-16 0)
(4 -4.79173e-16 0)
(4 -2.32021e-16 0)
(4 8.18579e-16 0)
(4 1.2528e-15 0)
(4 1.24708e-15 0)
(4 1.16366e-15 0)
(4 8.40447e-16 0)
(4 8.86161e-16 0)
(4 4.13278e-16 0)
(4 -1.24798e-15 0)
(4 -1.77721e-15 0)
(4 -1.09369e-15 0)
(4 -4.46153e-16 0)
(4 -4.44787e-16 0)
(4 -7.15389e-16 0)
(4 -6.80145e-16 0)
(4 -2.93569e-16 0)
(4 -1.30017e-16 0)
(4 -2.29697e-16 0)
(4 -3.55876e-16 0)
(4 8.21617e-16 0)
(4 1.57045e-15 0)
(4 8.82769e-16 0)
(4 6.51386e-16 0)
(4 -2.42937e-16 0)
(4 -2.63906e-15 0)
(4 -3.94711e-15 0)
(4 -2.68099e-15 0)
(4 -1.90421e-15 0)
(4 -1.54406e-15 0)
(4 -1.79889e-15 0)
(4 3.18615e-16 0)
(4 1.5364e-15 0)
(4 2.53759e-15 0)
(4 2.13108e-15 0)
(4 1.73486e-15 0)
(4 2.56115e-15 0)
(4 2.45719e-15 0)
(4 2.23326e-15 0)
(4 1.54635e-15 0)
(4 1.1631e-15 0)
(4 6.86619e-16 0)
(4 6.06647e-16 0)
(4 1.07435e-15 0)
(4 1.16558e-15 0)
(4 1.75077e-15 0)
(4 -1.28615e-07 0)
(2.09865 0.512635 0)
(0.94771 0.465939 0)
(0.862006 0.47388 0)
(0.855196 0.480992 0)
(0.849851 0.48862 0)
(0.846612 0.495719 0)
(0.839206 0.500938 0)
(0.828594 0.502433 0)
(0.814978 0.501414 0)
(0.794931 0.499821 0)
(0.766997 0.49793 0)
(0.73429 0.49412 0)
(0.699778 0.487466 0)
(0.666779 0.480021 0)
(0.637521 0.476208 0)
(0.613108 0.47715 0)
(0.593316 0.48324 0)
(0.578065 0.494175 0)
(0.565916 0.508267 0)
(0.555031 0.524911 0)
(0.545375 0.544248 0)
(0.535296 0.564072 0)
(0.52053 0.580582 0)
(0.500523 0.592518 0)
(0.476279 0.600849 0)
(0.448596 0.606902 0)
(0.418283 0.611692 0)
(0.386779 0.616579 0)
(0.354467 0.622501 0)
(0.321776 0.630577 0)
(0.288669 0.640983 0)
(0.255051 0.653736 0)
(0.220008 0.666466 0)
(0.183483 0.679222 0)
(0.144494 0.68856 0)
(0.104375 0.698413 0)
(0.0627907 0.705367 0)
(0.0211833 0.713453 0)
(4 4.44866e-16 0)
(4 2.75377e-16 0)
(4 1.87684e-16 0)
(4 1.55013e-16 0)
(4 1.02061e-16 0)
(4 -2.88818e-16 0)
(4 -4.31876e-16 0)
(4 -9.32999e-17 0)
(4 -1.71141e-16 0)
(4 -2.206e-16 0)
(4 1.32119e-16 0)
(4 8.13236e-16 0)
(4 1.12823e-15 0)
(4 7.10823e-16 0)
(4 1.87274e-16 0)
(4 2.67287e-16 0)
(4 5.7721e-16 0)
(4 -8.11742e-17 0)
(4 8.63812e-18 0)
(4 2.88288e-17 0)
(4 -8.52007e-16 0)
(4 -1.5772e-15 0)
(4 4.6052e-16 0)
(4 9.52881e-16 0)
(4 1.9791e-15 0)
(4 9.23018e-16 0)
(4 -5.24788e-16 0)
(4 -8.70656e-16 0)
(4 -9.17767e-16 0)
(4 -7.02314e-16 0)
(4 -7.63585e-16 0)
(4 -1.6012e-15 0)
(4 -6.36821e-16 0)
(4 5.38355e-16 0)
(4 4.7323e-16 0)
(4 -2.556e-16 0)
(4 -9.47814e-16 0)
(4 5.15202e-16 0)
(4 1.42065e-15 0)
(4 4.35255e-16 0)
(4 1.52529e-16 0)
(4 -2.99159e-16 0)
(4 2.79056e-16 0)
(4 2.2484e-15 0)
(4 2.52856e-15 0)
(4 1.8587e-15 0)
(4 5.70508e-16 0)
(4 1.58987e-15 0)
(4 1.91536e-15 0)
(4 -2.67176e-16 0)
(4 -4.42105e-16 0)
(4 -3.74781e-16 0)
(4 -8.0446e-16 0)
(4 -7.26696e-17 0)
(4 6.56549e-16 0)
(4 4.22186e-16 0)
(4 2.04821e-16 0)
(4 -2.04377e-08 0)
(2.65717 0.558909 0)
(0.994749 0.559836 0)
(0.857548 0.500077 0)
(0.847143 0.488217 0)
(0.839128 0.490503 0)
(0.835076 0.498318 0)
(0.829178 0.50473 0)
(0.820911 0.508845 0)
(0.810741 0.513183 0)
(0.799666 0.519594 0)
(0.782887 0.523669 0)
(0.759414 0.524612 0)
(0.7305 0.520467 0)
(0.698161 0.512953 0)
(0.665712 0.505941 0)
(0.63557 0.502609 0)
(0.609555 0.503906 0)
(0.588673 0.510809 0)
(0.572515 0.522428 0)
(0.559699 0.537702 0)
(0.548824 0.556408 0)
(0.539486 0.57762 0)
(0.528535 0.598254 0)
(0.51273 0.615444 0)
(0.491781 0.628568 0)
(0.466611 0.638465 0)
(0.437723 0.645972 0)
(0.406879 0.652416 0)
(0.374489 0.659264 0)
(0.341294 0.668118 0)
(0.307305 0.679593 0)
(0.272423 0.69407 0)
(0.235628 0.709109 0)
(0.196871 0.724481 0)
(0.155294 0.736273 0)
(0.112278 0.747745 0)
(0.0675936 0.755826 0)
(0.0225159 0.764136 0)
(4 -1.37225e-18 0)
(4 3.66301e-16 0)
(4 3.81018e-16 0)
(4 4.73997e-16 0)
(4 4.52798e-16 0)
(4 6.31789e-17 0)
(4 -4.43781e-16 0)
(4 -3.88865e-16 0)
(4 3.72263e-16 0)
(4 7.96213e-16 0)
(4 8.07564e-16 0)
(4 1.0144e-15 0)
(4 7.64881e-16 0)
(4 -9.31608e-17 0)
(4 -5.14226e-16 0)
(4 -5.94807e-16 0)
(4 -5.50557e-16 0)
(4 -5.76361e-16 0)
(4 -6.51584e-16 0)
(4 6.40771e-16 0)
(4 1.97133e-15 0)
(4 1.65173e-15 0)
(4 1.84787e-15 0)
(4 2.41033e-15 0)
(4 2.1853e-15 0)
(4 1.79862e-16 0)
(4 -1.0519e-15 0)
(4 -1.50617e-15 0)
(4 -1.50506e-15 0)
(4 -1.3054e-15 0)
(4 -1.67669e-15 0)
(4 -1.8177e-15 0)
(4 -1.41268e-15 0)
(4 -8.58361e-16 0)
(4 -1.14585e-15 0)
(4 -1.64822e-15 0)
(4 -6.95547e-16 0)
(4 9.70976e-16 0)
(4 1.64329e-15 0)
(4 1.51018e-15 0)
(4 9.97636e-16 0)
(4 1.23072e-15 0)
(4 2.34143e-15 0)
(4 2.95879e-15 0)
(4 4.14689e-15 0)
(4 2.95287e-15 0)
(4 -6.13337e-16 0)
(4 -1.80097e-15 0)
(4 -2.06424e-15 0)
(4 -1.81713e-15 0)
(4 -5.26113e-16 0)
(4 -2.97279e-16 0)
(4 -6.62207e-16 0)
(4 -2.57331e-16 0)
(4 1.59448e-15 0)
(4 3.19631e-15 0)
(4 3.11248e-15 0)
(4 -9.38426e-10 0)
(3.53313 0.459943 0)
(1.14525 0.633512 0)
(0.935612 0.518849 0)
(0.90168 0.495867 0)
(0.870042 0.50348 0)
(0.84652 0.508325 0)
(0.830812 0.51499 0)
(0.818192 0.518851 0)
(0.80697 0.522874 0)
(0.796045 0.529862 0)
(0.786474 0.540014 0)
(0.771645 0.546857 0)
(0.751315 0.54811 0)
(0.725782 0.544195 0)
(0.69575 0.538521 0)
(0.664177 0.533347 0)
(0.633843 0.53072 0)
(0.607197 0.532651 0)
(0.58556 0.540006 0)
(0.569151 0.55251 0)
(0.556209 0.569543 0)
(0.54554 0.590565 0)
(0.535747 0.613431 0)
(0.523503 0.635116 0)
(0.506413 0.653467 0)
(0.484349 0.668006 0)
(0.45807 0.679323 0)
(0.428561 0.688366 0)
(0.396753 0.696962 0)
(0.36339 0.707251 0)
(0.328882 0.720198 0)
(0.293479 0.736618 0)
(0.255995 0.754057 0)
(0.216314 0.772267 0)
(0.172797 0.787274 0)
(0.126314 0.80158 0)
(0.0766643 0.812016 0)
(0.025759 0.821226 0)
(4 -3.06565e-16 0)
(4 -9.19343e-17 0)
(4 -1.15973e-16 0)
(4 -1.49413e-16 0)
(4 -1.06753e-16 0)
(4 4.54407e-17 0)
(4 8.07008e-17 0)
(4 -7.37887e-17 0)
(4 2.45998e-16 0)
(4 6.66596e-16 0)
(4 1.11973e-15 0)
(4 9.92786e-16 0)
(4 6.552e-16 0)
(4 6.89306e-16 0)
(4 4.55701e-16 0)
(4 -3.73716e-17 0)
(4 -4.55582e-16 0)
(4 2.34642e-16 0)
(4 1.31533e-15 0)
(4 1.5249e-15 0)
(4 1.53832e-15 0)
(4 2.37049e-15 0)
(4 2.12883e-15 0)
(4 1.86951e-15 0)
(4 2.39657e-15 0)
(4 1.47019e-15 0)
(4 7.51786e-16 0)
(4 6.44933e-16 0)
(4 -2.34211e-16 0)
(4 -1.30718e-15 0)
(4 -9.89597e-16 0)
(4 -3.23335e-16 0)
(4 -1.53212e-15 0)
(4 -3.07655e-15 0)
(4 -3.86632e-15 0)
(4 -4.7147e-15 0)
(4 -2.74007e-15 0)
(4 -1.69759e-15 0)
(4 -1.47368e-15 0)
(4 -1.22567e-15 0)
(4 -1.98792e-16 0)
(4 9.08928e-16 0)
(4 1.20621e-15 0)
(4 6.85631e-16 0)
(4 8.05198e-16 0)
(4 1.85796e-15 0)
(4 2.46204e-15 0)
(4 1.81673e-15 0)
(4 1.20333e-16 0)
(4 -1.53215e-16 0)
(4 2.50887e-16 0)
(4 4.64652e-17 0)
(4 -4.71886e-16 0)
(4 -1.07761e-15 0)
(4 -8.0804e-16 0)
(4 9.43735e-16 0)
(4 1.54537e-15 0)
(4 -1.13031e-11 0)
(4.14148 0.0393549 0)
(1.44797 0.598535 0)
(1.01842 0.556126 0)
(0.97829 0.546179 0)
(0.929442 0.541259 0)
(0.883104 0.53501 0)
(0.849152 0.532594 0)
(0.826476 0.53343 0)
(0.809642 0.535999 0)
(0.795948 0.541465 0)
(0.785143 0.550699 0)
(0.775748 0.561355 0)
(0.762138 0.567919 0)
(0.744165 0.569373 0)
(0.720921 0.56832 0)
(0.692953 0.565282 0)
(0.66247 0.561957 0)
(0.63253 0.560424 0)
(0.605904 0.562761 0)
(0.584214 0.570898 0)
(0.56764 0.585041 0)
(0.554908 0.604418 0)
(0.544431 0.627617 0)
(0.53395 0.652115 0)
(0.52047 0.675182 0)
(0.501935 0.695019 0)
(0.478857 0.711237 0)
(0.451509 0.724078 0)
(0.421076 0.73534 0)
(0.388464 0.747563 0)
(0.354023 0.76225 0)
(0.318006 0.781179 0)
(0.278988 0.802327 0)
(0.236696 0.825361 0)
(0.189623 0.845728 0)
(0.138844 0.864368 0)
(0.0843625 0.878053 0)
(0.0275413 0.887992 0)
(4 1.71554e-16 0)
(4 -1.25121e-17 0)
(4 -2.32511e-16 0)
(4 -6.07365e-16 0)
(4 -8.0522e-16 0)
(4 -4.98938e-16 0)
(4 -8.16754e-17 0)
(4 -2.20291e-16 0)
(4 -3.03385e-16 0)
(4 -1.88455e-16 0)
(4 2.16406e-16 0)
(4 4.5832e-16 0)
(4 1.01142e-15 0)
(4 8.16855e-16 0)
(4 -2.15702e-16 0)
(4 -8.54318e-16 0)
(4 -9.2726e-16 0)
(4 9.48004e-17 0)
(4 1.74999e-15 0)
(4 1.441e-15 0)
(4 3.30051e-16 0)
(4 2.39511e-15 0)
(4 2.46328e-15 0)
(4 1.82381e-15 0)
(4 1.06468e-15 0)
(4 1.55818e-15 0)
(4 1.66845e-15 0)
(4 1.34273e-15 0)
(4 5.542e-16 0)
(4 -6.3616e-16 0)
(4 -4.47249e-16 0)
(4 -5.76277e-16 0)
(4 -2.54391e-15 0)
(4 -3.14142e-15 0)
(4 -3.54525e-15 0)
(4 -3.25146e-15 0)
(4 -1.60787e-15 0)
(4 -1.01891e-15 0)
(4 -4.70517e-16 0)
(4 -1.64871e-16 0)
(4 9.93214e-16 0)
(4 2.13649e-15 0)
(4 1.90472e-15 0)
(4 7.62505e-16 0)
(4 6.95972e-16 0)
(4 2.14198e-15 0)
(4 2.29162e-15 0)
(4 2.12529e-15 0)
(4 1.45919e-15 0)
(4 1.44192e-15 0)
(4 -1.44949e-16 0)
(4 -8.50454e-17 0)
(4 -4.32799e-16 0)
(4 -9.90949e-16 0)
(4 -4.94007e-16 0)
(4 1.05765e-15 0)
(4 1.87733e-15 0)
(4 -4.84857e-14 0)
(4.00948 -0.000582319 0)
(1.6352 0.557859 0)
(1.00261 0.612267 0)
(0.96447 0.603713 0)
(0.932204 0.590237 0)
(0.904573 0.573068 0)
(0.871992 0.562077 0)
(0.843941 0.554969 0)
(0.821109 0.552713 0)
(0.802934 0.555548 0)
(0.788673 0.562863 0)
(0.777971 0.572784 0)
(0.767772 0.581888 0)
(0.75494 0.58773 0)
(0.738559 0.591761 0)
(0.71678 0.5938 0)
(0.690528 0.593057 0)
(0.661415 0.591416 0)
(0.632313 0.590773 0)
(0.606035 0.594162 0)
(0.584496 0.603995 0)
(0.568287 0.62051 0)
(0.555702 0.642419 0)
(0.545264 0.667901 0)
(0.534212 0.694305 0)
(0.519867 0.719017 0)
(0.500814 0.740443 0)
(0.47663 0.758075 0)
(0.448233 0.773196 0)
(0.416696 0.788614 0)
(0.382573 0.80624 0)
(0.346744 0.828635 0)
(0.308126 0.854058 0)
(0.266308 0.882008 0)
(0.218676 0.90824 0)
(0.164525 0.933461 0)
(0.102397 0.953978 0)
(0.034398 0.967238 0)
(4 3.29992e-16 0)
(4 1.20439e-16 0)
(4 9.58613e-17 0)
(4 1.61061e-16 0)
(4 2.50933e-16 0)
(4 4.67369e-16 0)
(4 3.90538e-16 0)
(4 3.68345e-16 0)
(4 1.45646e-16 0)
(4 -2.47025e-17 0)
(4 -2.40184e-16 0)
(4 -9.23041e-16 0)
(4 -8.14992e-16 0)
(4 -8.43008e-16 0)
(4 -1.06981e-15 0)
(4 -8.7417e-16 0)
(4 -5.59517e-16 0)
(4 -2.54576e-16 0)
(4 3.36324e-16 0)
(4 1.70068e-15 0)
(4 2.09924e-15 0)
(4 1.1565e-15 0)
(4 1.18289e-15 0)
(4 1.28994e-15 0)
(4 1.53113e-15 0)
(4 1.73353e-15 0)
(4 1.12846e-15 0)
(4 4.35811e-16 0)
(4 1.28719e-16 0)
(4 -7.75956e-16 0)
(4 -2.05725e-15 0)
(4 -2.14826e-15 0)
(4 -2.38763e-15 0)
(4 -1.44717e-15 0)
(4 -6.17605e-16 0)
(4 1.26071e-16 0)
(4 4.03395e-16 0)
(4 9.17733e-16 0)
(4 1.17545e-15 0)
(4 1.71256e-15 0)
(4 1.23777e-15 0)
(4 8.36322e-16 0)
(4 -1.31015e-15 0)
(4 -1.47114e-15 0)
(4 -8.24677e-16 0)
(4 1.37725e-15 0)
(4 1.62932e-15 0)
(4 1.46781e-15 0)
(4 1.18139e-15 0)
(4 1.69622e-15 0)
(4 9.08979e-16 0)
(4 -6.97702e-16 0)
(4 -1.04099e-15 0)
(4 -8.68768e-16 0)
(4 1.97689e-16 0)
(4 1.27696e-15 0)
(4 8.23519e-16 0)
(4 5.29571e-16 0)
(4.00003 -1.92408e-06 0)
(1.98061 0.585664 0)
(0.959072 0.627426 0)
(0.924411 0.60549 0)
(0.913386 0.601287 0)
(0.901517 0.593429 0)
(0.884498 0.586721 0)
(0.861574 0.579817 0)
(0.837667 0.574604 0)
(0.816137 0.573436 0)
(0.798072 0.577456 0)
(0.783997 0.585327 0)
(0.772719 0.594067 0)
(0.761628 0.601727 0)
(0.749592 0.609321 0)
(0.734076 0.616477 0)
(0.713517 0.62061 0)
(0.688911 0.622079 0)
(0.661345 0.621833 0)
(0.63337 0.622538 0)
(0.607772 0.627483 0)
(0.586992 0.639797 0)
(0.57116 0.658897 0)
(0.559244 0.683395 0)
(0.548956 0.711404 0)
(0.537528 0.740104 0)
(0.522652 0.767068 0)
(0.502606 0.790601 0)
(0.477522 0.810748 0)
(0.448551 0.830083 0)
(0.416224 0.850896 0)
(0.381628 0.876913 0)
(0.343388 0.907778 0)
(0.300304 0.944026 0)
(0.248952 0.98185 0)
(0.188811 1.0198 0)
(0.118639 1.05236 0)
(0.0379515 1.07115 0)
(4 -2.85457e-16 0)
(4 -1.70851e-16 0)
(4 -2.57027e-16 0)
(4 3.93366e-18 0)
(4 2.97772e-16 0)
(4 6.79469e-16 0)
(4 6.20148e-16 0)
(4 7.6471e-16 0)
(4 6.14018e-16 0)
(4 5.15348e-16 0)
(4 6.27176e-16 0)
(4 -1.26104e-16 0)
(4 -1.40682e-15 0)
(4 -1.56658e-15 0)
(4 -8.19895e-16 0)
(4 -9.75511e-17 0)
(4 -1.77259e-16 0)
(4 -6.67306e-16 0)
(4 -1.29708e-15 0)
(4 -6.94321e-16 0)
(4 -3.97969e-17 0)
(4 -4.69972e-16 0)
(4 6.76323e-16 0)
(4 2.24269e-15 0)
(4 2.97506e-15 0)
(4 3.32929e-15 0)
(4 3.34853e-15 0)
(4 2.63145e-15 0)
(4 1.8444e-15 0)
(4 -6.57615e-16 0)
(4 -2.9616e-15 0)
(4 -3.26863e-15 0)
(4 -1.4214e-15 0)
(4 -8.61842e-16 0)
(4 -8.57392e-17 0)
(4 4.55673e-16 0)
(4 1.18453e-15 0)
(4 1.9698e-15 0)
(4 1.78394e-15 0)
(4 1.11192e-15 0)
(4 -2.79681e-16 0)
(4 -1.33742e-15 0)
(4 -8.26762e-16 0)
(4 -9.71855e-16 0)
(4 -7.53029e-16 0)
(4 -7.5325e-16 0)
(4 -1.20588e-16 0)
(4 1.16524e-15 0)
(4 1.90115e-15 0)
(4 2.33935e-15 0)
(4 3.05576e-15 0)
(4 9.53239e-16 0)
(4 2.63387e-16 0)
(4 9.22152e-16 0)
(4 1.5027e-15 0)
(4 1.62865e-15 0)
(4 7.21837e-16 0)
(4 7.46434e-16 0)
(4 -1.16948e-06 0)
(2.66367 0.666767 0)
(1.00851 0.692955 0)
(0.922386 0.609821 0)
(0.921801 0.603369 0)
(0.910973 0.603774 0)
(0.897518 0.604567 0)
(0.879337 0.601637 0)
(0.857605 0.597377 0)
(0.834769 0.59503 0)
(0.813487 0.59636 0)
(0.795283 0.601313 0)
(0.780634 0.608148 0)
(0.768189 0.615237 0)
(0.75715 0.623643 0)
(0.746274 0.633595 0)
(0.731372 0.642078 0)
(0.712749 0.64796 0)
(0.689701 0.651174 0)
(0.663598 0.653065 0)
(0.636665 0.655998 0)
(0.611873 0.66399 0)
(0.591936 0.679234 0)
(0.576615 0.701101 0)
(0.565657 0.728414 0)
(0.555931 0.758857 0)
(0.545106 0.789782 0)
(0.530325 0.818887 0)
(0.509899 0.845216 0)
(0.484422 0.870516 0)
(0.454451 0.896695 0)
(0.421852 0.928177 0)
(0.38621 0.965896 0)
(0.347183 1.01142 0)
(0.300485 1.06124 0)
(0.241379 1.11416 0)
(0.163044 1.16736 0)
(0.0537778 1.19896 0)
(4 7.37396e-17 0)
(4 3.0882e-16 0)
(4 4.83032e-16 0)
(4 1.72478e-16 0)
(4 -1.13966e-16 0)
(4 -3.43067e-16 0)
(4 -4.32387e-18 0)
(4 2.09777e-16 0)
(4 7.02707e-16 0)
(4 8.24301e-16 0)
(4 7.79483e-16 0)
(4 6.9198e-16 0)
(4 -6.40943e-16 0)
(4 -6.39104e-16 0)
(4 -3.11147e-16 0)
(4 -2.81958e-16 0)
(4 -7.14521e-16 0)
(4 -1.37338e-15 0)
(4 -2.2674e-15 0)
(4 -1.02846e-15 0)
(4 1.53327e-15 0)
(4 2.91596e-15 0)
(4 4.38853e-15 0)
(4 3.51666e-15 0)
(4 2.84445e-15 0)
(4 2.2182e-15 0)
(4 2.16185e-15 0)
(4 1.79332e-15 0)
(4 9.22939e-16 0)
(4 3.59453e-16 0)
(4 -9.81212e-16 0)
(4 -1.25988e-15 0)
(4 -1.32082e-15 0)
(4 -1.39257e-15 0)
(4 -1.41497e-15 0)
(4 -1.22718e-15 0)
(4 6.89281e-16 0)
(4 2.34747e-15 0)
(4 2.54192e-15 0)
(4 1.206e-15 0)
(4 2.00674e-16 0)
(4 -5.06976e-16 0)
(4 -1.10745e-15 0)
(4 -3.62867e-16 0)
(4 -3.39135e-16 0)
(4 -1.05705e-15 0)
(4 -1.33942e-15 0)
(4 -1.20103e-15 0)
(4 1.01509e-15 0)
(4 1.29338e-15 0)
(4 1.48876e-15 0)
(4 2.14751e-15 0)
(4 1.67606e-15 0)
(4 1.21847e-15 0)
(4 3.71006e-15 0)
(4 4.77485e-15 0)
(4 5.2666e-15 0)
(4 2.63981e-15 0)
(4 -1.50972e-07 0)
(3.78168 0.410154 0)
(1.23674 0.774039 0)
(0.97767 0.619184 0)
(0.970069 0.61265 0)
(0.942124 0.615314 0)
(0.922236 0.618518 0)
(0.902014 0.62047 0)
(0.880578 0.619034 0)
(0.858341 0.616945 0)
(0.836106 0.61696 0)
(0.815239 0.619599 0)
(0.796761 0.624144 0)
(0.780862 0.629803 0)
(0.767133 0.63759 0)
(0.75602 0.648522 0)
(0.744017 0.659998 0)
(0.730364 0.669615 0)
(0.71323 0.676609 0)
(0.692735 0.681188 0)
(0.669317 0.685004 0)
(0.644455 0.690731 0)
(0.621382 0.702424 0)
(0.601973 0.720914 0)
(0.587472 0.746321 0)
(0.576693 0.777048 0)
(0.567131 0.810839 0)
(0.55667 0.845019 0)
(0.542711 0.877413 0)
(0.524654 0.908642 0)
(0.501349 0.940055 0)
(0.474918 0.976834 0)
(0.444694 1.02119 0)
(0.412578 1.07809 0)
(0.371555 1.14842 0)
(0.318034 1.23839 0)
(0.235742 1.34182 0)
(0.129882 1.43156 0)
(4 6.72878e-17 0)
(4 5.15269e-17 0)
(4 6.88723e-17 0)
(4 8.23877e-17 0)
(4 1.42944e-17 0)
(4 -2.63401e-16 0)
(4 -2.50127e-16 0)
(4 -2.24224e-16 0)
(4 -3.07885e-16 0)
(4 -3.12031e-16 0)
(4 -4.12567e-16 0)
(4 -5.23644e-16 0)
(4 -2.75915e-16 0)
(4 -6.00722e-17 0)
(4 7.77753e-17 0)
(4 1.10291e-16 0)
(4 -3.67367e-16 0)
(4 -5.8012e-16 0)
(4 -3.73112e-16 0)
(4 7.37841e-16 0)
(4 1.00293e-15 0)
(4 9.65296e-16 0)
(4 1.11244e-15 0)
(4 1.35595e-15 0)
(4 1.81497e-15 0)
(4 1.55837e-15 0)
(4 1.37781e-15 0)
(4 1.36543e-15 0)
(4 1.4455e-15 0)
(4 1.40346e-15 0)
(4 1.02945e-15 0)
(4 9.74764e-16 0)
(4 1.21444e-15 0)
(4 1.11341e-15 0)
(4 1.02422e-15 0)
(4 1.07384e-15 0)
(4 5.72355e-16 0)
(4 4.29358e-16 0)
(4 5.21051e-16 0)
(4 3.70712e-16 0)
(4 -3.94892e-16 0)
(4 -1.12927e-15 0)
(4 -1.06212e-15 0)
(4 -6.52181e-16 0)
(4 -1.27693e-16 0)
(4 -1.23354e-16 0)
(4 -9.027e-16 0)
(4 -1.48261e-15 0)
(4 -1.61996e-15 0)
(4 -1.50683e-15 0)
(4 -1.44604e-15 0)
(4 -1.21142e-15 0)
(4 -1.39084e-15 0)
(4 -1.29287e-15 0)
(4 -1.04986e-15 0)
(4 -1.29391e-15 0)
(4 -1.85622e-15 0)
(4 -1.79851e-17 0)
(4 -5.72228e-09 0)
(4.00969 0.00790155 0)
(2.3421 0.623311 0)
(1.06661 0.676244 0)
(0.993209 0.67963 0)
(0.981326 0.670961 0)
(0.960944 0.673493 0)
(0.942562 0.671728 0)
(0.924159 0.671053 0)
(0.905192 0.670876 0)
(0.886088 0.671581 0)
(0.867037 0.673336 0)
(0.848532 0.675735 0)
(0.830918 0.678142 0)
(0.814282 0.682161 0)
(0.799388 0.690167 0)
(0.786368 0.701632 0)
(0.773851 0.714217 0)
(0.760861 0.726613 0)
(0.74664 0.737794 0)
(0.731131 0.748234 0)
(0.714125 0.757884 0)
(0.696498 0.768715 0)
(0.679269 0.78316 0)
(0.663782 0.802794 0)
(0.65164 0.829033 0)
(0.642083 0.86124 0)
(0.635635 0.898951 0)
(0.629236 0.940303 0)
(0.624616 0.984851 0)
(0.617716 1.03111 0)
(0.614001 1.08237 0)
(0.608778 1.13952 0)
(0.614082 1.21233 0)
(0.623405 1.30705 0)
(0.660474 1.42135 0)
(0.764314 1.55459 0)
(1.05508 1.73871 0)
(4 -1.16165e-16 0)
(4 -1.59339e-16 0)
(4 -1.89142e-16 0)
(4 -1.3421e-16 0)
(4 -1.20882e-16 0)
(4 -2.39283e-17 0)
(4 -5.46508e-17 0)
(4 -5.52801e-17 0)
(4 -1.10969e-16 0)
(4 -1.19614e-16 0)
(4 -5.77689e-17 0)
(4 1.98051e-17 0)
(4 4.58967e-16 0)
(4 6.06472e-16 0)
(4 7.05523e-16 0)
(4 7.44703e-16 0)
(4 6.26906e-16 0)
(4 2.94487e-16 0)
(4 2.39632e-17 0)
(4 -7.0029e-16 0)
(4 -1.05408e-15 0)
(4 -1.57671e-15 0)
(4 -2.43928e-15 0)
(4 -2.58785e-15 0)
(4 -2.40973e-15 0)
(4 -2.06775e-15 0)
(4 -1.62839e-15 0)
(4 -1.50874e-15 0)
(4 -3.0026e-16 0)
(4 2.01617e-16 0)
(4 3.84771e-16 0)
(4 3.81176e-16 0)
(4 6.06284e-16 0)
(4 9.58272e-16 0)
(4 2.12291e-15 0)
(4 1.41709e-15 0)
(4 4.30497e-16 0)
(4 -2.1802e-16 0)
(4 -6.91519e-16 0)
(4 -7.86703e-16 0)
(4 3.54186e-16 0)
(4 9.80807e-16 0)
(4 5.03503e-16 0)
(4 -1.16422e-15 0)
(4 -1.5107e-15 0)
(4 -1.56475e-15 0)
(4 -1.13244e-15 0)
(4 -1.19124e-15 0)
(4 -1.62368e-15 0)
(4 -2.04015e-15 0)
(4 -5.59404e-16 0)
(4 6.63917e-16 0)
(4 8.54622e-16 0)
(4 2.02786e-16 0)
(4 -8.91587e-16 0)
(4 -2.21213e-15 0)
(4 -2.71856e-15 0)
(4 -2.44787e-15 0)
(4 -9.22507e-12 0)
(4.00001 1.93717e-05 0)
(3.98398 0.0335258 0)
(2.25332 0.652079 0)
(1.08642 0.687425 0)
(1.02538 0.732828 0)
(1.0182 0.733333 0)
(1.00222 0.737464 0)
(0.988153 0.740279 0)
(0.97379 0.742815 0)
(0.959075 0.746058 0)
(0.944218 0.749581 0)
(0.929623 0.753196 0)
(0.914935 0.75616 0)
(0.900294 0.758867 0)
(0.885813 0.762817 0)
(0.872605 0.77017 0)
(0.860817 0.780611 0)
(0.8503 0.793166 0)
(0.840721 0.807196 0)
(0.831656 0.822361 0)
(0.823337 0.838983 0)
(0.814602 0.85581 0)
(0.806658 0.874084 0)
(0.798575 0.892829 0)
(0.792779 0.914987 0)
(0.788814 0.940839 0)
(0.789809 0.972535 0)
(0.794293 1.00983 0)
(0.805492 1.05312 0)
(0.821173 1.10236 0)
(0.84564 1.15694 0)
(0.878443 1.21651 0)
(0.925927 1.28395 0)
(0.99844 1.36509 0)
(1.11169 1.44438 0)
(1.29177 1.52507 0)
(1.55629 1.58214 0)
(4 -1.37861e-17 0)
(4 -1.03503e-17 0)
(4 6.32671e-17 0)
(4 5.35633e-17 0)
(4 -1.8443e-17 0)
(4 -1.34846e-17 0)
(4 -1.90182e-18 0)
(4 7.74813e-17 0)
(4 2.20729e-16 0)
(4 2.3029e-16 0)
(4 3.93744e-16 0)
(4 5.59086e-16 0)
(4 2.85322e-16 0)
(4 1.13175e-16 0)
(4 1.62256e-16 0)
(4 2.99396e-16 0)
(4 2.574e-16 0)
(4 1.81106e-16 0)
(4 1.71319e-16 0)
(4 1.84301e-16 0)
(4 1.81955e-17 0)
(4 -7.34857e-17 0)
(4 -1.04841e-15 0)
(4 -1.52645e-15 0)
(4 -1.98387e-15 0)
(4 -2.20086e-15 0)
(4 -2.33215e-15 0)
(4 -1.68569e-15 0)
(4 -7.38636e-16 0)
(4 -3.8523e-16 0)
(4 4.19143e-16 0)
(4 4.2292e-16 0)
(4 -2.35347e-17 0)
(4 -1.35753e-16 0)
(4 -2.45583e-16 0)
(4 -7.18212e-17 0)
(4 2.42027e-16 0)
(4 5.97809e-16 0)
(4 3.82312e-16 0)
(4 -5.88399e-17 0)
(4 -1.74947e-16 0)
(4 1.26751e-16 0)
(4 5.04781e-16 0)
(4 3.61507e-16 0)
(4 -1.47157e-16 0)
(4 -3.02262e-17 0)
(4 4.05156e-16 0)
(4 1.35676e-15 0)
(4 1.90016e-15 0)
(4 2.17815e-15 0)
(4 2.1371e-15 0)
(4 3.58173e-15 0)
(4 5.48408e-15 0)
(4 6.03359e-15 0)
(4 4.12904e-15 0)
(4 2.53782e-15 0)
(4 1.62986e-15 0)
(4 1.1825e-15 0)
(4 -2.55471e-15 0)
(4 2.0087e-10 0)
(4.00013 0.00011862 0)
(3.95003 0.0633402 0)
(2.59435 0.658117 0)
(1.16508 0.767644 0)
(1.06247 0.802196 0)
(1.05365 0.804113 0)
(1.03932 0.805004 0)
(1.02835 0.811219 0)
(1.01742 0.81457 0)
(1.00701 0.818477 0)
(0.99725 0.823118 0)
(0.987764 0.827495 0)
(0.978345 0.832705 0)
(0.969042 0.837242 0)
(0.959955 0.843302 0)
(0.951771 0.851465 0)
(0.944417 0.861347 0)
(0.938661 0.873106 0)
(0.93365 0.885979 0)
(0.931025 0.901374 0)
(0.929119 0.918208 0)
(0.92983 0.937368 0)
(0.93117 0.957512 0)
(0.935431 0.979589 0)
(0.941206 1.00294 0)
(0.951365 1.02893 0)
(0.965248 1.05786 0)
(0.985821 1.09032 0)
(1.01306 1.12663 0)
(1.05022 1.16557 0)
(1.09854 1.21189 0)
(1.16274 1.25477 0)
(1.24722 1.30316 0)
(1.36033 1.34844 0)
(1.50237 1.38297 0)
(1.6669 1.40261 0)
(4 6.6236e-17 0)
(4 7.44376e-17 0)
(4 2.49723e-17 0)
(4 -2.10549e-17 0)
(4 -5.79135e-17 0)
(4 -4.99007e-17 0)
(4 -6.77821e-17 0)
(4 -1.49637e-16 0)
(4 -1.38843e-16 0)
(4 -1.3713e-16 0)
(4 -2.33228e-16 0)
(4 -2.90653e-16 0)
(4 -2.75022e-16 0)
(4 -2.98479e-16 0)
(4 -1.49757e-16 0)
(4 -1.10019e-16 0)
(4 -6.77721e-17 0)
(4 3.77999e-16 0)
(4 7.98695e-16 0)
(4 9.67664e-16 0)
(4 8.61613e-16 0)
(4 5.55735e-16 0)
(4 4.97959e-16 0)
(4 3.64321e-16 0)
(4 2.33204e-16 0)
(4 -1.20395e-17 0)
(4 -5.6091e-16 0)
(4 -6.40766e-16 0)
(4 -6.40787e-16 0)
(4 -3.41767e-16 0)
(4 -2.24043e-16 0)
(4 -4.00266e-16 0)
(4 -2.86442e-16 0)
(4 -2.21847e-16 0)
(4 1.82832e-19 0)
(4 4.94295e-16 0)
(4 7.95845e-16 0)
(4 7.56004e-16 0)
(4 6.14264e-16 0)
(4 -4.20278e-16 0)
(4 -9.29282e-16 0)
(4 -7.83763e-16 0)
(4 -2.62114e-16 0)
(4 3.52473e-16 0)
(4 7.08874e-16 0)
(4 4.73762e-16 0)
(4 -8.08076e-17 0)
(4 -3.77329e-16 0)
(4 -6.01546e-16 0)
(4 -8.77874e-17 0)
(4 -1.31389e-16 0)
(4 -7.77894e-16 0)
(4 -1.4304e-15 0)
(4 -1.41155e-15 0)
(4 -8.69717e-16 0)
(4 -2.54593e-16 0)
(4 -4.8862e-16 0)
(4 -9.38308e-16 0)
(4 -1.90913e-15 0)
(4 1.71549e-15 0)
(4 5.13431e-09 0)
(4.00017 0.000176564 0)
(3.97411 0.0741526 0)
(3.28584 0.514528 0)
(1.34637 0.810441 0)
(1.14328 0.859519 0)
(1.12463 0.867094 0)
(1.1165 0.863364 0)
(1.10194 0.869343 0)
(1.09242 0.871943 0)
(1.083 0.875927 0)
(1.07458 0.881319 0)
(1.06694 0.8867 0)
(1.06022 0.894207 0)
(1.05388 0.900483 0)
(1.04902 0.909731 0)
(1.04454 0.918066 0)
(1.04231 0.929732 0)
(1.04051 0.939979 0)
(1.04138 0.953111 0)
(1.04349 0.966635 0)
(1.04868 0.982782 0)
(1.05591 1.00036 0)
(1.06648 1.01983 0)
(1.07963 1.04052 0)
(1.09691 1.0627 0)
(1.11818 1.08707 0)
(1.14556 1.1107 0)
(1.1792 1.13806 0)
(1.22001 1.16355 0)
(1.27158 1.19286 0)
(1.33277 1.21891 0)
(1.4044 1.24359 0)
(1.49575 1.26594 0)
(1.59472 1.27916 0)
(1.70125 1.28318 0)
(4 -1.6125e-17 0)
(4 -9.75477e-17 0)
(4 -1.83341e-16 0)
(4 -1.94535e-16 0)
(4 -4.80804e-17 0)
(4 7.34784e-17 0)
(4 8.20454e-17 0)
(4 7.27385e-17 0)
(4 -7.50958e-17 0)
(4 -1.82903e-16 0)
(4 -2.46626e-16 0)
(4 -3.24897e-16 0)
(4 -3.87491e-16 0)
(4 -8.93908e-17 0)
(4 -9.18414e-18 0)
(4 -1.37728e-16 0)
(4 3.63058e-16 0)
(4 3.11997e-16 0)
(4 -1.77841e-16 0)
(4 -3.57127e-16 0)
(4 -5.76986e-16 0)
(4 -8.41811e-16 0)
(4 -1.44507e-16 0)
(4 2.33733e-16 0)
(4 2.74061e-16 0)
(4 8.07824e-16 0)
(4 1.32421e-15 0)
(4 1.0863e-15 0)
(4 4.18267e-16 0)
(4 9.33804e-17 0)
(4 -9.85993e-17 0)
(4 -2.75322e-16 0)
(4 -3.31858e-16 0)
(4 -6.13877e-16 0)
(4 -7.85996e-16 0)
(4 -8.01857e-16 0)
(4 -8.88928e-16 0)
(4 -1.73678e-15 0)
(4 -2.22919e-15 0)
(4 -1.52452e-15 0)
(4 -3.45268e-16 0)
(4 -3.58711e-16 0)
(4 -9.62202e-16 0)
(4 -1.25627e-15 0)
(4 -1.22591e-15 0)
(4 -1.05114e-15 0)
(4 -1.16837e-15 0)
(4 -2.24658e-15 0)
(4 -3.8115e-15 0)
(4 -4.48579e-15 0)
(4 -4.98192e-15 0)
(4 -5.20229e-15 0)
(4 -5.2834e-15 0)
(4 -5.62906e-15 0)
(4 -4.17393e-15 0)
(4 -3.45221e-15 0)
(4 -2.32116e-15 0)
(4 -1.3071e-15 0)
(4 -1.08383e-15 0)
(4 -7.15301e-17 0)
(4 5.14299e-14 0)
(4 1.88486e-08 0)
(4.00008 0.000110195 0)
(4.01185 0.0317225 0)
(3.66118 0.271823 0)
(1.75486 0.812728 0)
(1.24384 0.911621 0)
(1.19491 0.937964 0)
(1.19601 0.936536 0)
(1.1862 0.937122 0)
(1.17666 0.94124 0)
(1.16814 0.943534 0)
(1.16083 0.946028 0)
(1.15499 0.951073 0)
(1.14997 0.956025 0)
(1.1466 0.963058 0)
(1.14465 0.970051 0)
(1.14432 0.9783 0)
(1.14576 0.987805 0)
(1.14883 0.996734 0)
(1.15412 1.00827 0)
(1.16136 1.01894 0)
(1.1715 1.03254 0)
(1.18409 1.0467 0)
(1.20025 1.06224 0)
(1.22008 1.07826 0)
(1.24416 1.09578 0)
(1.27251 1.11302 0)
(1.30628 1.13114 0)
(1.34594 1.14864 0)
(1.39202 1.16525 0)
(1.4431 1.17965 0)
(1.50312 1.19326 0)
(1.57239 1.20337 0)
(1.64503 1.20815 0)
(1.72225 1.20853 0)
(4 -4.71259e-18 0)
(4 -2.4211e-17 0)
(4 1.90192e-17 0)
(4 1.08305e-16 0)
(4 1.66682e-16 0)
(4 4.57494e-17 0)
(4 -7.38004e-17 0)
(4 -7.78986e-17 0)
(4 -8.35388e-17 0)
(4 -1.74337e-16 0)
(4 -1.75314e-16 0)
(4 -1.36912e-16 0)
(4 1.29508e-16 0)
(4 2.13083e-16 0)
(4 6.75705e-17 0)
(4 3.15799e-17 0)
(4 1.00804e-16 0)
(4 -1.69528e-16 0)
(4 -1.62349e-16 0)
(4 -1.9736e-16 0)
(4 -4.63531e-16 0)
(4 5.76145e-16 0)
(4 1.16769e-15 0)
(4 1.25522e-15 0)
(4 9.90332e-16 0)
(4 6.10997e-16 0)
(4 4.18138e-16 0)
(4 9.04047e-17 0)
(4 -2.42294e-16 0)
(4 -3.20425e-16 0)
(4 -1.67751e-16 0)
(4 -6.78986e-16 0)
(4 -1.04106e-15 0)
(4 -1.23334e-15 0)
(4 -2.48759e-15 0)
(4 -3.12096e-15 0)
(4 -3.02389e-15 0)
(4 -2.80199e-15 0)
(4 -2.46819e-15 0)
(4 -1.9833e-15 0)
(4 -1.57469e-15 0)
(4 -1.05574e-15 0)
(4 -7.86535e-16 0)
(4 -1.12455e-15 0)
(4 -1.42167e-15 0)
(4 -1.30396e-15 0)
(4 -1.31593e-15 0)
(4 -1.46169e-15 0)
(4 -1.50003e-15 0)
(4 -2.38947e-15 0)
(4 -3.59997e-15 0)
(4 -3.47704e-15 0)
(4 -2.2521e-15 0)
(4 -2.13592e-15 0)
(4 -2.69073e-15 0)
(4 -9.86764e-16 0)
(4 1.25693e-15 0)
(4 3.23871e-15 0)
(4 3.78202e-15 0)
(4 4.22617e-15 0)
(4 3.12014e-15 0)
(4 2.44278e-13 0)
(4 1.10934e-08 0)
(4.00002 2.78682e-05 0)
(4.00269 0.00456298 0)
(3.7525 0.168486 0)
(2.64231 0.763244 0)
(1.32675 0.922577 0)
(1.26053 0.991966 0)
(1.24437 1.00728 0)
(1.24819 1.0074 0)
(1.23855 1.01175 0)
(1.23601 1.01202 0)
(1.2317 1.01508 0)
(1.22956 1.01693 0)
(1.22853 1.02078 0)
(1.2293 1.02505 0)
(1.23169 1.02996 0)
(1.23572 1.03622 0)
(1.24175 1.04261 0)
(1.24944 1.05034 0)
(1.25937 1.05833 0)
(1.27131 1.06725 0)
(1.28583 1.07667 0)
(1.30323 1.08675 0)
(1.32375 1.09724 0)
(1.34782 1.10813 0)
(1.37503 1.11893 0)
(1.40618 1.12967 0)
(1.44189 1.13995 0)
(1.48079 1.14902 0)
(1.5238 1.15701 0)
(1.57364 1.16409 0)
(1.628 1.16854 0)
(1.68323 1.16992 0)
(1.74093 1.16886 0)
(4 -5.6456e-17 0)
(4 -3.89834e-17 0)
(4 8.67643e-17 0)
(4 1.92828e-16 0)
(4 1.24742e-16 0)
(4 2.2976e-16 0)
(4 2.80127e-16 0)
(4 2.16272e-16 0)
(4 1.16797e-16 0)
(4 -8.29348e-19 0)
(4 6.04238e-16 0)
(4 1.02529e-15 0)
(4 1.22204e-15 0)
(4 1.08957e-15 0)
(4 8.53647e-16 0)
(4 7.50426e-16 0)
(4 3.75631e-16 0)
(4 3.19347e-16 0)
(4 3.77583e-16 0)
(4 5.68366e-16 0)
(4 5.59702e-16 0)
(4 3.55944e-16 0)
(4 5.13754e-16 0)
(4 6.68154e-16 0)
(4 6.66295e-16 0)
(4 -4.61451e-17 0)
(4 -4.93193e-16 0)
(4 -5.99369e-16 0)
(4 -6.30039e-16 0)
(4 -5.64793e-17 0)
(4 1.36177e-16 0)
(4 -2.14299e-16 0)
(4 -2.82861e-16 0)
(4 -2.67609e-16 0)
(4 -4.21744e-16 0)
(4 -8.63893e-16 0)
(4 -1.54258e-15 0)
(4 -1.46144e-15 0)
(4 -1.30432e-15 0)
(4 -7.06911e-16 0)
(4 -7.20074e-16 0)
(4 -4.9668e-16 0)
(4 -1.84746e-16 0)
(4 -3.08088e-17 0)
(4 -9.39881e-17 0)
(4 -7.58979e-17 0)
(4 4.714e-18 0)
(4 2.85457e-16 0)
(4 3.99526e-16 0)
(4 3.57473e-16 0)
(4 2.56939e-16 0)
(4 8.99429e-17 0)
(4 2.21492e-16 0)
(4 4.95187e-16 0)
(4 3.18474e-16 0)
(4 -8.85143e-17 0)
(4 2.95066e-16 0)
(4 9.6485e-16 0)
(4 1.35205e-15 0)
(4 2.15441e-15 0)
(4 2.73278e-15 0)
(4 2.59646e-15 0)
(4 1.422e-13 0)
(4 1.42085e-09 0)
(4 1.16169e-06 0)
(3.99995 0.00121643 0)
(3.96104 0.079095 0)
(3.45914 0.381181 0)
(2.00401 0.905328 0)
(1.36632 1.00905 0)
(1.32404 1.05457 0)
(1.32056 1.05882 0)
(1.32323 1.05592 0)
(1.31471 1.0583 0)
(1.31399 1.05831 0)
(1.31391 1.05889 0)
(1.31509 1.06118 0)
(1.3186 1.06351 0)
(1.32318 1.06711 0)
(1.32987 1.07117 0)
(1.33811 1.07618 0)
(1.34855 1.08163 0)
(1.36086 1.08769 0)
(1.37556 1.09409 0)
(1.39252 1.10074 0)
(1.41209 1.10743 0)
(1.43442 1.11408 0)
(1.45908 1.12048 0)
(1.48685 1.12646 0)
(1.51804 1.13184 0)
(1.55144 1.13644 0)
(1.58831 1.1407 0)
(1.62998 1.14412 0)
(1.67325 1.14567 0)
(1.71645 1.14524 0)
(1.76147 1.1431 0)
(4 -3.39303e-17 0)
(4 -2.60988e-17 0)
(4 3.62196e-17 0)
(4 4.20037e-17 0)
(4 -4.0519e-17 0)
(4 -4.58833e-17 0)
(4 -3.5123e-17 0)
(4 -8.07376e-17 0)
(4 -1.16546e-17 0)
(4 1.7286e-16 0)
(4 1.13023e-16 0)
(4 1.35366e-16 0)
(4 3.22928e-16 0)
(4 4.31575e-16 0)
(4 -6.33157e-17 0)
(4 -2.25274e-16 0)
(4 -3.13051e-16 0)
(4 -3.439e-16 0)
(4 -4.8351e-16 0)
(4 -4.29525e-16 0)
(4 -6.56799e-17 0)
(4 -1.45358e-16 0)
(4 -4.67255e-16 0)
(4 -3.9246e-16 0)
(4 -1.6387e-16 0)
(4 -2.52734e-16 0)
(4 -4.41087e-16 0)
(4 -3.10737e-16 0)
(4 -1.27885e-16 0)
(4 3.5282e-16 0)
(4 4.81618e-16 0)
(4 8.10914e-16 0)
(4 1.13452e-15 0)
(4 1.45336e-15 0)
(4 1.68962e-15 0)
(4 2.39924e-15 0)
(4 2.52005e-15 0)
(4 1.63108e-15 0)
(4 1.47306e-15 0)
(4 1.54773e-15 0)
(4 1.39529e-15 0)
(4 1.16077e-15 0)
(4 6.29651e-16 0)
(4 3.59507e-16 0)
(4 2.75487e-16 0)
(4 3.88194e-16 0)
(4 5.11902e-16 0)
(4 1.01589e-15 0)
(4 1.39482e-15 0)
(4 2.05229e-15 0)
(4 3.20024e-15 0)
(4 3.5503e-15 0)
(4 3.12087e-15 0)
(4 2.43682e-15 0)
(4 2.90151e-15 0)
(4 3.04299e-15 0)
(4 1.77099e-15 0)
(4 1.54334e-15 0)
(4 1.45839e-15 0)
(4 5.79065e-16 0)
(4 -2.1834e-16 0)
(4 -4.80076e-16 0)
(4 -6.96996e-16 0)
(4 1.43063e-14 0)
(4 2.59345e-11 0)
(4 1.58871e-07 0)
(4.00001 0.000208831 0)
(4.00252 0.0063206 0)
(3.76764 0.200136 0)
(3.20968 0.581795 0)
(1.78772 0.984231 0)
(1.44098 1.09482 0)
(1.39418 1.11925 0)
(1.39587 1.11943 0)
(1.40275 1.11392 0)
(1.39636 1.11361 0)
(1.39896 1.11158 0)
(1.40061 1.11141 0)
(1.40431 1.1117 0)
(1.41053 1.11222 0)
(1.41794 1.11363 0)
(1.42758 1.11531 0)
(1.43905 1.11765 0)
(1.45286 1.1204 0)
(1.46858 1.12353 0)
(1.48655 1.1268 0)
(1.50662 1.13016 0)
(1.52858 1.13346 0)
(1.55285 1.1365 0)
(1.58002 1.1393 0)
(1.60935 1.14184 0)
(1.64173 1.14378 0)
(1.67627 1.14467 0)
(1.71116 1.14425 0)
(1.74629 1.14253 0)
(1.78339 1.13947 0)
(1.92818 1.79204 0)
(2.24963 1.77489 0)
(2.34126 1.71591 0)
(2.30177 1.68044 0)
(2.3101 1.62589 0)
(2.40959 1.5706 0)
(2.44265 1.58858 0)
(2.36111 1.60254 0)
(2.32728 1.40614 0)
(2.50411 1.29257 0)
(2.61843 1.26386 0)
(2.69867 1.33548 0)
(2.75083 1.28975 0)
(2.77143 0.927507 0)
(2.88771 0.738062 0)
(3.00296 0.639504 0)
(3.02527 0.622415 0)
(3.005 0.561338 0)
(3.0168 0.376711 0)
(3.07574 0.201167 0)
(3.12627 0.155974 0)
(3.17913 0.10951 0)
(3.1566 -0.0293355 0)
(3.15808 -0.180454 0)
(3.17302 -0.224306 0)
(3.17962 -0.180275 0)
(3.13631 -0.222817 0)
(3.09234 -0.375885 0)
(3.11335 -0.438305 0)
(3.13705 -0.380364 0)
(3.12876 -0.383615 0)
(3.1076 -0.43941 0)
(3.0935 -0.479578 0)
(3.07111 -0.474946 0)
(3.03564 -0.446921 0)
(3.0136 -0.432443 0)
(3.01053 -0.473458 0)
(3.02932 -0.477697 0)
(3.05555 -0.431616 0)
(3.07598 -0.419416 0)
(3.08168 -0.447149 0)
(3.0859 -0.45169 0)
(3.07828 -0.417176 0)
(3.07663 -0.381219 0)
(3.06729 -0.379386 0)
(3.06175 -0.395561 0)
(3.06482 -0.382546 0)
(3.07147 -0.332346 0)
(3.07526 -0.301676 0)
(3.06845 -0.299987 0)
(3.05775 -0.290391 0)
(3.04185 -0.277693 0)
(3.03283 -0.25129 0)
(3.03081 -0.226342 0)
(3.02551 -0.20823 0)
(3.02937 -0.195815 0)
(3.04122 -0.18533 0)
(3.03545 -0.178935 0)
(3.02451 -0.168512 0)
(3.01145 -0.149769 0)
(2.99816 -0.138203 0)
(2.98721 -0.136609 0)
(2.98297 -0.131823 0)
(2.98747 -0.115542 0)
(2.99533 -0.100467 0)
(2.99025 -0.0919644 0)
(2.98505 -0.0901796 0)
(2.98264 -0.0869092 0)
(2.97626 -0.0767849 0)
(2.97103 -0.061743 0)
(2.9697 -0.0569173 0)
(2.9715 -0.0550445 0)
(2.98183 -0.0516544 0)
(2.99468 -0.0426257 0)
(2.99825 -0.0368043 0)
(2.99969 -0.0331038 0)
(2.99826 -0.029727 0)
(2.99614 -0.0254881 0)
(2.99954 -0.0207575 0)
(3.00404 -0.0173851 0)
(3.01118 -0.0151302 0)
(3.02393 -0.0134597 0)
(3.03199 -0.0119314 0)
(3.03666 -0.0100932 0)
(3.03918 -0.00675643 0)
(3.03591 -0.00429811 0)
(3.03414 -0.00310981 0)
(3.03679 -0.00270731 0)
(3.03945 -0.001935 0)
(3.04474 -0.000757679 0)
(3.05289 0.000239595 0)
(3.05643 0.000541669 0)
(3.05799 0.000619788 0)
(3.05811 0.000748087 0)
(3.05554 0.000623227 0)
(3.05474 0.000150862 0)
(1.97955 1.60149 0)
(2.38259 1.49823 0)
(2.6423 1.46028 0)
(2.79022 1.48032 0)
(2.9578 1.3096 0)
(3.08535 1.00373 0)
(3.14248 0.916523 0)
(3.17541 0.975325 0)
(3.22605 0.891685 0)
(3.30915 0.602671 0)
(3.29655 0.370717 0)
(3.31562 0.376286 0)
(3.31934 0.374166 0)
(3.38426 0.243768 0)
(3.40718 0.0124898 0)
(3.37846 -0.0858291 0)
(3.37961 -0.115792 0)
(3.40014 -0.203614 0)
(3.4206 -0.282951 0)
(3.42027 -0.396921 0)
(3.41104 -0.414354 0)
(3.41277 -0.457784 0)
(3.42386 -0.527984 0)
(3.43395 -0.618724 0)
(3.4193 -0.674962 0)
(3.40624 -0.67457 0)
(3.41843 -0.698655 0)
(3.42912 -0.709947 0)
(3.43547 -0.740716 0)
(3.43424 -0.785995 0)
(3.438 -0.789361 0)
(3.44652 -0.796227 0)
(3.44587 -0.799812 0)
(3.44284 -0.8048 0)
(3.44047 -0.800236 0)
(3.44135 -0.79474 0)
(3.44283 -0.784941 0)
(3.44447 -0.769771 0)
(3.41727 -0.727428 0)
(3.38213 -0.691311 0)
(3.36963 -0.658507 0)
(3.34898 -0.651627 0)
(3.32269 -0.636577 0)
(3.2758 -0.586161 0)
(3.26486 -0.52282 0)
(3.26175 -0.499791 0)
(3.25789 -0.480878 0)
(3.25696 -0.43233 0)
(3.24131 -0.379086 0)
(3.24094 -0.342068 0)
(3.23347 -0.334201 0)
(3.21999 -0.32763 0)
(3.2012 -0.291166 0)
(3.19769 -0.24814 0)
(3.20115 -0.223544 0)
(3.20228 -0.219568 0)
(3.20409 -0.21797 0)
(3.19604 -0.197957 0)
(3.17693 -0.170085 0)
(3.16249 -0.144467 0)
(3.15025 -0.12832 0)
(3.1368 -0.127909 0)
(3.12771 -0.124358 0)
(3.12431 -0.0906815 0)
(3.13017 -0.0566881 0)
(3.12698 -0.0525169 0)
(3.11868 -0.0531183 0)
(3.1056 -0.0483315 0)
(3.09626 -0.0399799 0)
(3.08857 -0.0146216 0)
(3.08223 -0.00311913 0)
(3.07528 -0.00512753 0)
(3.08197 -0.00901184 0)
(3.09749 -0.00517838 0)
(3.09885 0.00630166 0)
(3.09472 0.0124916 0)
(3.09089 0.0127434 0)
(3.08925 0.0130658 0)
(3.08868 0.0160546 0)
(3.09061 0.0231497 0)
(3.0956 0.0272115 0)
(3.10667 0.0271118 0)
(3.11501 0.0264439 0)
(3.11611 0.0275605 0)
(3.11561 0.0304165 0)
(3.11207 0.0315694 0)
(3.10715 0.029858 0)
(3.10465 0.0283559 0)
(3.10295 0.0264258 0)
(3.10395 0.0239296 0)
(3.10959 0.019649 0)
(3.11306 0.0150963 0)
(3.11211 0.0113821 0)
(3.10952 0.00699177 0)
(3.10604 0.00165127 0)
(3.10491 -0.00232701 0)
(1.87323 1.38995 0)
(2.07204 1.36177 0)
(2.22574 1.34956 0)
(2.39353 1.28273 0)
(2.55547 1.16426 0)
(2.65425 1.12242 0)
(2.72337 1.11726 0)
(2.84511 1.029 0)
(2.9691 0.854636 0)
(3.01848 0.76355 0)
(3.05658 0.785276 0)
(3.10616 0.76233 0)
(3.20846 0.608796 0)
(3.23452 0.426142 0)
(3.23885 0.397747 0)
(3.24508 0.416535 0)
(3.30227 0.357095 0)
(3.3712 0.235724 0)
(3.37154 0.104415 0)
(3.3708 0.0874527 0)
(3.37344 0.11084 0)
(3.40874 0.0603096 0)
(3.44895 -0.0634349 0)
(3.43116 -0.149183 0)
(3.42726 -0.149196 0)
(3.41897 -0.137134 0)
(3.44906 -0.175885 0)
(3.48911 -0.250031 0)
(3.48599 -0.30932 0)
(3.48648 -0.311297 0)
(3.4793 -0.292653 0)
(3.48911 -0.323534 0)
(3.49786 -0.392596 0)
(3.49667 -0.41486 0)
(3.49646 -0.412669 0)
(3.51181 -0.428472 0)
(3.52537 -0.443166 0)
(3.53139 -0.464913 0)
(3.54021 -0.469323 0)
(3.54482 -0.476084 0)
(3.53436 -0.499464 0)
(3.52187 -0.522382 0)
(3.52006 -0.525706 0)
(3.5204 -0.528869 0)
(3.5258 -0.527739 0)
(3.53509 -0.529593 0)
(3.5345 -0.548293 0)
(3.52998 -0.575218 0)
(3.52252 -0.577334 0)
(3.51428 -0.558641 0)
(3.50517 -0.55336 0)
(3.48456 -0.56583 0)
(3.46377 -0.571925 0)
(3.4484 -0.564534 0)
(3.44894 -0.546103 0)
(3.46313 -0.522909 0)
(3.47234 -0.507284 0)
(3.4674 -0.493158 0)
(3.45251 -0.473899 0)
(3.44073 -0.452751 0)
(3.43692 -0.43271 0)
(3.43598 -0.42119 0)
(3.4354 -0.413482 0)
(3.43181 -0.378683 0)
(3.43402 -0.318623 0)
(3.44159 -0.290675 0)
(3.44126 -0.289652 0)
(3.43309 -0.277727 0)
(3.40452 -0.255813 0)
(3.38844 -0.220808 0)
(3.38539 -0.190775 0)
(3.37721 -0.173882 0)
(3.36765 -0.153929 0)
(3.3617 -0.126008 0)
(3.34669 -0.113844 0)
(3.33411 -0.0940041 0)
(3.31906 -0.0870864 0)
(3.29939 -0.0804184 0)
(3.27645 -0.0687471 0)
(3.26549 -0.0482144 0)
(3.25909 -0.0367294 0)
(3.25179 -0.0343307 0)
(3.24861 -0.0343575 0)
(3.24189 -0.0326637 0)
(3.23488 -0.0288809 0)
(3.2261 -0.0190381 0)
(3.21448 -0.0153039 0)
(3.20358 -0.0167236 0)
(3.19903 -0.0184356 0)
(3.19942 -0.0164147 0)
(3.20539 -0.0102299 0)
(3.20534 -0.00670908 0)
(3.2016 -0.00607011 0)
(3.19636 -0.00604092 0)
(3.19021 -0.00605563 0)
(3.18368 -0.00394544 0)
(1.82461 1.27831 0)
(1.94426 1.26505 0)
(2.0476 1.24091 0)
(2.16404 1.19649 0)
(2.26213 1.16563 0)
(2.34709 1.13733 0)
(2.45746 1.06505 0)
(2.55049 0.993596 0)
(2.61093 0.984717 0)
(2.6728 0.958955 0)
(2.7727 0.867037 0)
(2.8423 0.755632 0)
(2.88219 0.733349 0)
(2.90919 0.736315 0)
(2.9664 0.679449 0)
(3.0441 0.559628 0)
(3.07425 0.466668 0)
(3.1021 0.472129 0)
(3.12296 0.481103 0)
(3.18606 0.414828 0)
(3.23061 0.284062 0)
(3.23528 0.210074 0)
(3.24532 0.214588 0)
(3.24998 0.210147 0)
(3.29481 0.157928 0)
(3.3363 0.0737978 0)
(3.33989 -0.0031845 0)
(3.35151 -0.0111713 0)
(3.36116 0.00142765 0)
(3.38713 -0.0409929 0)
(3.41255 -0.131572 0)
(3.40262 -0.197542 0)
(3.40211 -0.205532 0)
(3.40325 -0.205983 0)
(3.42746 -0.242234 0)
(3.4577 -0.282561 0)
(3.4656 -0.339359 0)
(3.46071 -0.366486 0)
(3.46666 -0.375042 0)
(3.47695 -0.394778 0)
(3.47391 -0.44135 0)
(3.47811 -0.479904 0)
(3.48026 -0.511184 0)
(3.4803 -0.521902 0)
(3.49041 -0.519767 0)
(3.51273 -0.535253 0)
(3.52831 -0.56599 0)
(3.52242 -0.592188 0)
(3.51127 -0.605268 0)
(3.49929 -0.614351 0)
(3.50724 -0.619831 0)
(3.5165 -0.618788 0)
(3.51904 -0.615931 0)
(3.51952 -0.615915 0)
(3.51965 -0.613283 0)
(3.5212 -0.612319 0)
(3.52479 -0.606352 0)
(3.51987 -0.594946 0)
(3.5092 -0.585555 0)
(3.506 -0.583583 0)
(3.50329 -0.581291 0)
(3.50472 -0.578911 0)
(3.51148 -0.572918 0)
(3.52029 -0.548609 0)
(3.51584 -0.518696 0)
(3.51261 -0.506526 0)
(3.50608 -0.505276 0)
(3.49472 -0.504768 0)
(3.47885 -0.496166 0)
(3.46347 -0.471478 0)
(3.45787 -0.440543 0)
(3.45786 -0.418941 0)
(3.4596 -0.413016 0)
(3.45872 -0.392606 0)
(3.44503 -0.356712 0)
(3.43416 -0.332841 0)
(3.42048 -0.316866 0)
(3.40288 -0.304705 0)
(3.38689 -0.290526 0)
(3.37531 -0.262597 0)
(3.37058 -0.226318 0)
(3.36859 -0.21158 0)
(3.36998 -0.208379 0)
(3.35693 -0.191025 0)
(3.33784 -0.180998 0)
(3.32563 -0.153867 0)
(3.31891 -0.14345 0)
(3.30902 -0.139003 0)
(3.29981 -0.124586 0)
(3.29973 -0.113598 0)
(3.30571 -0.09896 0)
(3.3002 -0.0831789 0)
(3.29446 -0.0785374 0)
(3.29035 -0.0687844 0)
(3.28063 -0.0593416 0)
(3.26906 -0.0480303 0)
(1.80309 1.20509 0)
(1.8851 1.19426 0)
(1.96989 1.17416 0)
(2.04573 1.15763 0)
(2.11704 1.13505 0)
(2.20335 1.09465 0)
(2.27688 1.0651 0)
(2.33796 1.04891 0)
(2.41541 1.00405 0)
(2.49204 0.937356 0)
(2.54197 0.911065 0)
(2.57894 0.899892 0)
(2.64082 0.85181 0)
(2.7147 0.767889 0)
(2.75868 0.718307 0)
(2.79251 0.721879 0)
(2.82477 0.703979 0)
(2.89053 0.633917 0)
(2.93626 0.543034 0)
(2.96257 0.51368 0)
(2.98184 0.519362 0)
(3.00402 0.490042 0)
(3.0601 0.41446 0)
(3.08428 0.330643 0)
(3.10333 0.317129 0)
(3.12206 0.33119 0)
(3.15184 0.303514 0)
(3.19608 0.225669 0)
(3.20499 0.150469 0)
(3.2134 0.135547 0)
(3.22101 0.143483 0)
(3.23034 0.117123 0)
(3.26666 0.0684847 0)
(3.27878 0.0022999 0)
(3.28344 -0.0232023 0)
(3.29948 -0.00988239 0)
(3.31029 -0.0087547 0)
(3.33638 -0.0625617 0)
(3.33704 -0.129723 0)
(3.33145 -0.157288 0)
(3.33554 -0.151094 0)
(3.33818 -0.150743 0)
(3.36008 -0.17647 0)
(3.37734 -0.211541 0)
(3.37794 -0.248738 0)
(3.3826 -0.26205 0)
(3.39425 -0.260964 0)
(3.39393 -0.260375 0)
(3.38707 -0.292361 0)
(3.38769 -0.333914 0)
(3.38486 -0.354258 0)
(3.39559 -0.35298 0)
(3.40779 -0.345729 0)
(3.42356 -0.356681 0)
(3.43299 -0.385375 0)
(3.42808 -0.411457 0)
(3.42136 -0.421249 0)
(3.41536 -0.426867 0)
(3.41617 -0.433753 0)
(3.41929 -0.436136 0)
(3.42172 -0.442561 0)
(3.42823 -0.457785 0)
(3.43369 -0.471697 0)
(3.4357 -0.482096 0)
(3.43529 -0.483318 0)
(3.43021 -0.485447 0)
(3.42067 -0.494264 0)
(3.41709 -0.500966 0)
(3.41638 -0.503541 0)
(3.41724 -0.501318 0)
(3.42306 -0.498902 0)
(3.43149 -0.50262 0)
(3.43443 -0.50363 0)
(3.43133 -0.501517 0)
(3.42736 -0.49727 0)
(3.42461 -0.493108 0)
(3.42014 -0.48998 0)
(3.41455 -0.486337 0)
(3.40788 -0.477662 0)
(3.40373 -0.464365 0)
(3.40682 -0.445446 0)
(3.40919 -0.412671 0)
(3.40769 -0.391661 0)
(3.4036 -0.388303 0)
(3.38805 -0.367309 0)
(3.37311 -0.326129 0)
(3.37075 -0.310661 0)
(3.36891 -0.304672 0)
(3.35517 -0.260602 0)
(3.35799 -0.22236 0)
(3.36847 -0.218668 0)
(3.36276 -0.195656 0)
(3.35074 -0.170716 0)
(3.34821 -0.163778 0)
(3.33642 -0.145542 0)
(3.32531 -0.119762 0)
(1.79875 1.16475 0)
(1.86232 1.15627 0)
(1.92659 1.14492 0)
(1.98735 1.13028 0)
(2.04881 1.11127 0)
(2.10684 1.09512 0)
(2.16694 1.07397 0)
(2.23534 1.03914 0)
(2.29321 1.01122 0)
(2.33703 0.999133 0)
(2.38771 0.967339 0)
(2.45239 0.911636 0)
(2.49935 0.878713 0)
(2.53458 0.873542 0)
(2.57914 0.846913 0)
(2.64128 0.789132 0)
(2.685 0.734822 0)
(2.71509 0.724296 0)
(2.73466 0.715449 0)
(2.77698 0.670007 0)
(2.82666 0.600364 0)
(2.8545 0.559669 0)
(2.87972 0.562872 0)
(2.90126 0.552427 0)
(2.94728 0.500151 0)
(2.9798 0.429619 0)
(2.99814 0.401094 0)
(3.01417 0.405285 0)
(3.02477 0.388053 0)
(3.06471 0.332826 0)
(3.08567 0.266305 0)
(3.09871 0.244136 0)
(3.11571 0.255213 0)
(3.13204 0.244798 0)
(3.16679 0.193983 0)
(3.18023 0.130887 0)
(3.18684 0.106198 0)
(3.19798 0.109618 0)
(3.20141 0.0982646 0)
(3.22363 0.0605837 0)
(3.24081 0.0119867 0)
(3.24328 -0.0214593 0)
(3.25881 -0.0196126 0)
(3.27068 -0.0125797 0)
(3.28977 -0.0435721 0)
(3.30062 -0.0989667 0)
(3.29689 -0.136469 0)
(3.30116 -0.144136 0)
(3.30689 -0.144546 0)
(3.31883 -0.166835 0)
(3.33483 -0.191571 0)
(3.34097 -0.22793 0)
(3.3419 -0.248166 0)
(3.35591 -0.252033 0)
(3.36552 -0.256833 0)
(3.37043 -0.296616 0)
(3.36277 -0.340686 0)
(3.3592 -0.353484 0)
(3.3624 -0.352998 0)
(3.37446 -0.367573 0)
(3.39281 -0.384049 0)
(3.39838 -0.407761 0)
(3.39623 -0.422582 0)
(3.39695 -0.431243 0)
(3.39905 -0.444116 0)
(3.39397 -0.463255 0)
(3.39466 -0.475505 0)
(3.39848 -0.484128 0)
(3.40112 -0.488519 0)
(3.4078 -0.489128 0)
(3.41827 -0.49436 0)
(3.42526 -0.502523 0)
(3.42528 -0.507733 0)
(3.42084 -0.51027 0)
(3.41375 -0.514841 0)
(3.41564 -0.517913 0)
(3.4188 -0.517481 0)
(3.42139 -0.514357 0)
(3.42573 -0.505122 0)
(3.42703 -0.499832 0)
(3.42926 -0.49889 0)
(3.43138 -0.497264 0)
(3.42857 -0.494686 0)
(3.42299 -0.489856 0)
(3.42124 -0.486918 0)
(3.42011 -0.482348 0)
(3.42212 -0.479148 0)
(3.42319 -0.468304 0)
(3.41475 -0.449039 0)
(3.41157 -0.434069 0)
(3.40803 -0.426475 0)
(3.40035 -0.417347 0)
(3.39147 -0.406594 0)
(3.38367 -0.393132 0)
(3.3745 -0.365777 0)
(3.37099 -0.343832 0)
(1.80763 1.13945 0)
(1.85735 1.13369 0)
(1.90892 1.12472 0)
(1.96102 1.11352 0)
(2.00914 1.10272 0)
(2.05921 1.08692 0)
(2.11259 1.06783 0)
(2.16005 1.05394 0)
(2.20832 1.03576 0)
(2.26216 1.00489 0)
(2.30791 0.979524 0)
(2.34333 0.96778 0)
(2.38473 0.944949 0)
(2.44069 0.904822 0)
(2.48618 0.868642 0)
(2.51887 0.86095 0)
(2.54715 0.846432 0)
(2.59399 0.800775 0)
(2.63421 0.747757 0)
(2.66184 0.73326 0)
(2.684 0.729386 0)
(2.72059 0.699978 0)
(2.76752 0.648432 0)
(2.79698 0.605912 0)
(2.81949 0.599463 0)
(2.8327 0.594776 0)
(2.86167 0.554612 0)
(2.89687 0.494167 0)
(2.91554 0.460467 0)
(2.93466 0.463631 0)
(2.95139 0.456267 0)
(2.98785 0.416289 0)
(3.01333 0.360485 0)
(3.0268 0.33368 0)
(3.04052 0.335967 0)
(3.04565 0.326642 0)
(3.07286 0.283329 0)
(3.09199 0.229399 0)
(3.10123 0.204397 0)
(3.11655 0.212067 0)
(3.12931 0.210437 0)
(3.15683 0.17411 0)
(3.17079 0.121879 0)
(3.17511 0.0958442 0)
(3.18443 0.0974236 0)
(3.1873 0.0952438 0)
(3.20092 0.0649828 0)
(3.21893 0.024784 0)
(3.22151 -0.00710778 0)
(3.2336 -0.00853336 0)
(3.24501 0.00220015 0)
(3.25899 -0.0138208 0)
(3.27153 -0.058536 0)
(3.26939 -0.0955295 0)
(3.27208 -0.103045 0)
(3.27559 -0.0978766 0)
(3.28004 -0.110512 0)
(3.29893 -0.131903 0)
(3.30704 -0.164093 0)
(3.30862 -0.182555 0)
(3.31861 -0.178081 0)
(3.32343 -0.169742 0)
(3.32934 -0.194754 0)
(3.32881 -0.23577 0)
(3.32475 -0.257494 0)
(3.32956 -0.254595 0)
(3.33309 -0.249807 0)
(3.34855 -0.261386 0)
(3.36109 -0.282486 0)
(3.36281 -0.301154 0)
(3.36442 -0.308271 0)
(3.36699 -0.310152 0)
(3.36222 -0.318097 0)
(3.356 -0.335083 0)
(3.36283 -0.345704 0)
(3.36621 -0.358829 0)
(3.37228 -0.363744 0)
(3.3822 -0.362777 0)
(3.39274 -0.367709 0)
(3.39652 -0.377831 0)
(3.39141 -0.388083 0)
(3.38197 -0.400848 0)
(3.38271 -0.407848 0)
(3.3878 -0.408423 0)
(3.39144 -0.408673 0)
(3.39588 -0.410715 0)
(3.40232 -0.418838 0)
(3.40461 -0.429118 0)
(3.40418 -0.430985 0)
(3.40209 -0.430577 0)
(3.39808 -0.43129 0)
(3.39675 -0.432375 0)
(3.39632 -0.4341 0)
(3.39669 -0.436496 0)
(3.39942 -0.436953 0)
(3.40569 -0.435383 0)
(1.82185 1.13498 0)
(1.86183 1.12907 0)
(1.90316 1.12215 0)
(1.94487 1.11408 0)
(1.98748 1.10293 0)
(2.03015 1.09096 0)
(2.07043 1.08018 0)
(2.11409 1.064 0)
(2.1599 1.04412 0)
(2.19861 1.03191 0)
(2.23568 1.01732 0)
(2.2813 0.98956 0)
(2.32285 0.964632 0)
(2.35529 0.955373 0)
(2.39039 0.938254 0)
(2.43686 0.904021 0)
(2.47547 0.869619 0)
(2.50313 0.85881 0)
(2.52498 0.848203 0)
(2.56278 0.817072 0)
(2.60569 0.772877 0)
(2.63473 0.750437 0)
(2.65803 0.749933 0)
(2.68341 0.730973 0)
(2.72193 0.683659 0)
(2.74724 0.641184 0)
(2.76601 0.633 0)
(2.78001 0.628331 0)
(2.80898 0.600479 0)
(2.84631 0.556846 0)
(2.86852 0.521236 0)
(2.88759 0.51751 0)
(2.89991 0.516632 0)
(2.92229 0.48152 0)
(2.94682 0.42698 0)
(2.95929 0.398999 0)
(2.97319 0.401831 0)
(2.98584 0.395133 0)
(3.01657 0.364491 0)
(3.03955 0.320227 0)
(3.05113 0.294384 0)
(3.06424 0.294208 0)
(3.06862 0.292021 0)
(3.08351 0.257337 0)
(3.10095 0.210648 0)
(3.10786 0.184269 0)
(3.12102 0.187931 0)
(3.13186 0.189719 0)
(3.15506 0.165117 0)
(3.17102 0.123571 0)
(3.17537 0.0965481 0)
(3.18318 0.0929057 0)
(3.18734 0.0919512 0)
(3.19063 0.068677 0)
(3.20819 0.0387648 0)
(3.21381 0.00774244 0)
(3.22312 -0.000869081 0)
(3.236 0.00711753 0)
(3.24839 -0.000267068 0)
(3.26312 -0.0346946 0)
(3.26394 -0.0707257 0)
(3.26518 -0.0839124 0)
(3.26889 -0.0840585 0)
(3.27135 -0.0961121 0)
(3.28628 -0.114401 0)
(3.29805 -0.136728 0)
(3.30138 -0.15789 0)
(3.31148 -0.163132 0)
(3.32136 -0.158931 0)
(3.32831 -0.175986 0)
(3.33006 -0.214573 0)
(3.32631 -0.238938 0)
(3.32791 -0.242485 0)
(3.32992 -0.246857 0)
(3.34578 -0.25882 0)
(3.35854 -0.273912 0)
(3.36375 -0.29077 0)
(3.3671 -0.303602 0)
(3.37203 -0.313257 0)
(3.37421 -0.324669 0)
(3.36564 -0.343499 0)
(3.36722 -0.360881 0)
(3.37325 -0.373465 0)
(3.37726 -0.379675 0)
(3.38442 -0.380059 0)
(3.3948 -0.386568 0)
(3.403 -0.400175 0)
(3.40372 -0.411654 0)
(3.4005 -0.418331 0)
(3.39287 -0.426861 0)
(3.39318 -0.4344 0)
(3.39963 -0.438237 0)
(3.40579 -0.440107 0)
(3.41078 -0.441059 0)
(3.41451 -0.441402 0)
(3.41738 -0.441267 0)
)
;

boundaryField
{
    inlet
    {
        type            fixedValue;
        value           uniform (4 0 0);
    }
    outlet
    {
        type            inletOutlet;
        inletValue      nonuniform 0();
        value           nonuniform 0();
    }
    bottom
    {
        type            symmetryPlane;
    }
    top
    {
        type            symmetryPlane;
    }
    obstacle
    {
        type            slip;
    }
    defaultFaces
    {
        type            empty;
    }
    procBoundary0to1
    {
        type            processor;
        value           nonuniform List<vector> 8((3.05504 -0.000168904 0) (3.10342 -0.00613531 0) (3.18118 -0.00190921 0) (3.26468 -0.0373633 0) (3.3204 -0.10465 0) (3.37107 -0.335561 0) (3.40905 -0.433016 0) (3.41985 -0.441311 0));
    }
    procBoundary0to2
    {
        type            processor;
        value           nonuniform List<vector> 
192
(
(4 2.61334e-17 0)
(4 5.2205e-17 0)
(4 -1.05761e-16 0)
(4 -1.72161e-16 0)
(4 -1.76412e-16 0)
(4 -1.90008e-16 0)
(4 -1.4332e-16 0)
(4 -1.0273e-16 0)
(4 -7.71572e-18 0)
(4 8.86075e-17 0)
(4 6.02801e-17 0)
(4 -5.41629e-16 0)
(4 -1.11286e-15 0)
(4 -1.20575e-15 0)
(4 -1.14416e-15 0)
(4 -1.15493e-15 0)
(4 -1.28855e-15 0)
(4 -1.30607e-15 0)
(4 -4.66263e-16 0)
(4 1.01003e-16 0)
(4 -5.72106e-16 0)
(4 -9.67432e-16 0)
(4 -1.33577e-15 0)
(4 -2.18089e-15 0)
(4 -2.61261e-15 0)
(4 -2.44212e-15 0)
(4 -1.80532e-15 0)
(4 -1.59763e-15 0)
(4 -8.76631e-16 0)
(4 -7.48134e-16 0)
(4 -1.20095e-15 0)
(4 -4.55434e-16 0)
(4 1.42933e-16 0)
(4 2.71747e-17 0)
(4 7.64466e-16 0)
(4 2.01701e-15 0)
(4 3.03491e-15 0)
(4 3.10464e-15 0)
(4 1.93397e-15 0)
(4 1.93341e-15 0)
(4 1.48539e-15 0)
(4 9.51091e-16 0)
(4 3.30655e-16 0)
(4 -1.92384e-16 0)
(4 -7.2325e-16 0)
(4 -8.23119e-16 0)
(4 -4.06878e-16 0)
(4 -2.44061e-16 0)
(4 -3.34799e-16 0)
(4 1.37217e-16 0)
(4 7.02126e-16 0)
(4 1.18617e-15 0)
(4 1.32877e-15 0)
(4 1.82407e-15 0)
(4 1.86549e-15 0)
(4 1.76748e-15 0)
(4 1.7589e-15 0)
(4 1.27273e-15 0)
(4 6.34606e-16 0)
(4 -1.73596e-15 0)
(4 -2.71513e-15 0)
(4 -2.86433e-15 0)
(4 -2.5377e-15 0)
(4 -1.69324e-15 0)
(4 1.78396e-15 0)
(4 1.87508e-12 0)
(4 2.53077e-08 0)
(4 1.46471e-06 0)
(3.99959 0.00164913 0)
(4.00221 0.0170274 0)
(3.6128 0.287284 0)
(3.03018 0.701313 0)
(1.73847 1.03561 0)
(1.50727 1.14023 0)
(1.46528 1.16298 0)
(1.47098 1.1648 0)
(1.48911 1.16056 0)
(1.48691 1.15754 0)
(1.48932 1.15421 0)
(1.49363 1.15214 0)
(1.499 1.14998 0)
(1.50643 1.14853 0)
(1.51674 1.14758 0)
(1.52865 1.14728 0)
(1.54221 1.14742 0)
(1.55752 1.1478 0)
(1.5745 1.14834 0)
(1.59339 1.14886 0)
(1.61446 1.14937 0)
(1.63832 1.14977 0)
(1.66431 1.14994 0)
(1.69167 1.14954 0)
(1.71976 1.14835 0)
(1.74825 1.1463 0)
(1.77752 1.14338 0)
(1.80833 1.1396 0)
(1.84086 1.13482 0)
(1.87504 1.12903 0)
(1.91018 1.12213 0)
(1.94523 1.11424 0)
(1.98057 1.10579 0)
(2.01577 1.09653 0)
(2.0525 1.08479 0)
(2.08875 1.07339 0)
(2.12373 1.06247 0)
(2.16211 1.04629 0)
(2.20081 1.02771 0)
(2.23332 1.01685 0)
(2.26484 1.00405 0)
(2.30497 0.979835 0)
(2.34287 0.955332 0)
(2.37188 0.946431 0)
(2.39926 0.934218 0)
(2.43773 0.904948 0)
(2.47298 0.872479 0)
(2.49897 0.862081 0)
(2.52089 0.854873 0)
(2.55429 0.829614 0)
(2.5922 0.791547 0)
(2.61875 0.766762 0)
(2.63862 0.762958 0)
(2.65449 0.750092 0)
(2.68848 0.714903 0)
(2.71806 0.674191 0)
(2.73878 0.66295 0)
(2.7568 0.663681 0)
(2.78163 0.642293 0)
(2.81312 0.599086 0)
(2.83152 0.565075 0)
(2.84584 0.558891 0)
(2.85415 0.554553 0)
(2.87523 0.528649 0)
(2.90607 0.490708 0)
(2.92336 0.459527 0)
(2.94018 0.458217 0)
(2.95339 0.459702 0)
(2.97426 0.430381 0)
(2.99238 0.382125 0)
(3.00041 0.356369 0)
(3.00963 0.357618 0)
(3.01668 0.3525 0)
(3.04088 0.328451 0)
(3.06338 0.29404 0)
(3.07422 0.267628 0)
(3.08716 0.264346 0)
(3.09529 0.267995 0)
(3.1028 0.244471 0)
(3.11647 0.200132 0)
(3.12083 0.172224 0)
(3.13034 0.172317 0)
(3.13877 0.175429 0)
(3.15844 0.159371 0)
(3.17753 0.128707 0)
(3.18391 0.101718 0)
(3.19071 0.0935232 0)
(3.19701 0.0930652 0)
(3.19327 0.08073 0)
(3.20522 0.0541623 0)
(3.21402 0.025843 0)
(3.21938 0.0116028 0)
(3.23147 0.0167167 0)
(3.24259 0.0175857 0)
(3.25962 -0.00330659 0)
(3.26566 -0.0356504 0)
(3.26529 -0.0533669 0)
(3.26572 -0.0550717 0)
(3.2627 -0.0605052 0)
(3.27073 -0.0769935 0)
(3.28508 -0.0898276 0)
(3.29303 -0.111378 0)
(3.29871 -0.122094 0)
(3.30866 -0.118535 0)
(3.31543 -0.116516 0)
(3.31978 -0.13876 0)
(3.31579 -0.171433 0)
(3.31338 -0.184704 0)
(3.3149 -0.18337 0)
(3.32 -0.187928 0)
(3.33605 -0.196029 0)
(3.34643 -0.210203 0)
(3.35204 -0.221711 0)
(3.3564 -0.229546 0)
(3.35805 -0.234386 0)
(3.35065 -0.240747 0)
(3.34188 -0.256786 0)
(3.3517 -0.269687 0)
(3.35775 -0.281284 0)
(3.36282 -0.286417 0)
(3.37106 -0.285813 0)
(3.381 -0.289189 0)
(3.38814 -0.298018 0)
(3.38723 -0.307235 0)
)
;
    }
}


// ************************************************************************* //
