/*--------------------------------*- C++ -*----------------------------------*\
  =========                 |
  \\      /  F ield         | OpenFOAM: The Open Source CFD Toolbox
   \\    /   O peration     | Website:  https://openfoam.org
    \\  /    A nd           | Version:  7
     \\/     M anipulation  |
\*---------------------------------------------------------------------------*/
FoamFile
{
    version     2.0;
    format      ascii;
    class       volVectorField;
    location    "2.3";
    object      U;
}
// * * * * * * * * * * * * * * * * * * * * * * * * * * * * * * * * * * * * * //

dimensions      [0 1 -1 0 0 0 0];

internalField   nonuniform List<vector> 
4608
(
(5 4.10425e-17 0)
(5 6.25485e-16 0)
(5 7.52371e-16 0)
(5 1.33008e-16 0)
(5 -2.78176e-16 0)
(5 -1.09607e-15 0)
(5 -1.51769e-15 0)
(5 -7.95858e-16 0)
(5 -8.59937e-16 0)
(5 -8.29761e-16 0)
(5 -1.1665e-15 0)
(5 1.48075e-16 0)
(5 7.29615e-16 0)
(5 -3.70474e-16 0)
(5 -7.97064e-16 0)
(5 -1.1349e-15 0)
(5 -2.42421e-15 0)
(5 -2.59969e-15 0)
(5 -1.73103e-15 0)
(5 -1.65787e-15 0)
(5 -1.52917e-15 0)
(5 -1.41766e-15 0)
(5 -8.25749e-16 0)
(5 -1.18065e-15 0)
(5 -5.54031e-16 0)
(5 -1.80747e-16 0)
(5 -8.201e-16 0)
(5 -7.84944e-16 0)
(5 1.52451e-16 0)
(5 2.80432e-16 0)
(5 5.30622e-16 0)
(5 6.4036e-16 0)
(5 -3.01393e-16 0)
(5 -2.12663e-15 0)
(5 -1.5985e-15 0)
(5 -1.44366e-16 0)
(5 5.2518e-16 0)
(5 1.84393e-16 0)
(5 -8.98339e-16 0)
(5 -1.94404e-15 0)
(5 -9.76858e-16 0)
(5 2.39993e-17 0)
(5 3.14045e-15 0)
(5 5.44928e-15 0)
(5 3.27686e-15 0)
(5 2.77362e-15 0)
(5 1.4917e-15 0)
(5 -1.29802e-15 0)
(5 -1.68633e-15 0)
(5 3.62469e-16 0)
(5 7.60942e-16 0)
(5 2.20228e-16 0)
(5 2.02927e-15 0)
(5 2.89636e-15 0)
(5 2.81439e-15 0)
(5 4.22603e-15 0)
(5 5.97772e-15 0)
(5 4.96557e-15 0)
(5 3.19392e-15 0)
(3.18016 0.00575475 0)
(1.09041 0.00438332 0)
(0.965057 0.0148499 0)
(0.934193 0.0150291 0)
(0.900981 0.0151142 0)
(0.869455 0.0150022 0)
(0.838184 0.0148443 0)
(0.807388 0.014568 0)
(0.777454 0.0140069 0)
(0.749045 0.0132223 0)
(0.722231 0.0126971 0)
(0.696187 0.0126974 0)
(0.670181 0.0129709 0)
(0.644034 0.0132392 0)
(0.617545 0.0134695 0)
(0.590835 0.0134216 0)
(0.564497 0.0129416 0)
(0.539128 0.0125563 0)
(0.514021 0.0126185 0)
(0.488444 0.0127793 0)
(0.462734 0.0127537 0)
(0.43752 0.0126485 0)
(0.412679 0.0126123 0)
(0.387837 0.012631 0)
(0.362719 0.0126995 0)
(0.337202 0.0128501 0)
(0.311131 0.0130739 0)
(0.284529 0.0133055 0)
(0.257529 0.0135278 0)
(0.230084 0.0137994 0)
(0.201933 0.0141768 0)
(0.172837 0.0146208 0)
(0.142765 0.0150601 0)
(0.111814 0.015489 0)
(0.0801157 0.0158509 0)
(0.048013 0.015926 0)
(0.016182 0.015896 0)
(5 -1.33999e-16 0)
(5 -2.88716e-17 0)
(5 -6.67971e-16 0)
(5 -8.29543e-16 0)
(5 -1.67036e-15 0)
(5 -1.64112e-15 0)
(5 -8.82693e-16 0)
(5 1.32336e-15 0)
(5 1.73001e-15 0)
(5 2.23451e-15 0)
(5 1.6841e-15 0)
(5 1.19883e-15 0)
(5 1.20497e-15 0)
(5 1.05649e-15 0)
(5 -7.55117e-16 0)
(5 -1.19515e-15 0)
(5 -1.11749e-15 0)
(5 4.10518e-16 0)
(5 6.61697e-16 0)
(5 -8.38986e-16 0)
(5 -1.17853e-15 0)
(5 -6.637e-16 0)
(5 1.0677e-15 0)
(5 1.00807e-15 0)
(5 2.06495e-15 0)
(5 2.9537e-15 0)
(5 2.19142e-15 0)
(5 7.5395e-16 0)
(5 4.96038e-16 0)
(5 5.7616e-17 0)
(5 1.79591e-16 0)
(5 -1.08548e-16 0)
(5 -3.66312e-16 0)
(5 -1.38332e-15 0)
(5 -8.60581e-16 0)
(5 -2.24986e-16 0)
(5 1.16642e-15 0)
(5 1.59821e-15 0)
(5 2.2287e-15 0)
(5 1.30528e-15 0)
(5 -9.31905e-16 0)
(5 -1.60459e-15 0)
(5 2.54581e-15 0)
(5 6.09748e-15 0)
(5 7.63844e-15 0)
(5 6.80448e-15 0)
(5 3.22004e-15 0)
(5 -1.80783e-17 0)
(5 -1.0741e-15 0)
(5 9.97779e-16 0)
(5 1.05724e-15 0)
(5 5.01362e-16 0)
(5 3.5329e-16 0)
(5 5.40348e-17 0)
(5 1.22505e-15 0)
(5 2.39723e-15 0)
(5 3.53971e-15 0)
(5 1.15098e-15 0)
(5 3.91894e-15 0)
(3.19933 0.0313276 0)
(1.08344 0.0256039 0)
(0.951826 0.0415224 0)
(0.920456 0.0398881 0)
(0.88787 0.0402116 0)
(0.857227 0.0402883 0)
(0.82701 0.0404972 0)
(0.797055 0.0404924 0)
(0.767445 0.0395018 0)
(0.738823 0.0373172 0)
(0.711553 0.0353113 0)
(0.685233 0.0349317 0)
(0.659321 0.0356945 0)
(0.63355 0.0367037 0)
(0.607559 0.0377522 0)
(0.581263 0.0379976 0)
(0.55515 0.0368692 0)
(0.529834 0.0358536 0)
(0.504782 0.0360261 0)
(0.479445 0.0365161 0)
(0.454157 0.0365635 0)
(0.429412 0.0364967 0)
(0.404975 0.0366534 0)
(0.380462 0.0369185 0)
(0.355648 0.0372694 0)
(0.330478 0.0378212 0)
(0.304844 0.0385687 0)
(0.278802 0.0393328 0)
(0.252487 0.04008 0)
(0.225831 0.0409856 0)
(0.198551 0.0422042 0)
(0.170368 0.0436203 0)
(0.141185 0.0450447 0)
(0.111009 0.0464784 0)
(0.0798856 0.0477392 0)
(0.0480992 0.0481595 0)
(0.0163069 0.0483463 0)
(5 1.49048e-16 0)
(5 -8.8566e-17 0)
(5 -6.18245e-16 0)
(5 -5.70282e-16 0)
(5 -1.7864e-16 0)
(5 1.60708e-16 0)
(5 4.66093e-16 0)
(5 4.75953e-16 0)
(5 1.16992e-15 0)
(5 9.2539e-16 0)
(5 1.36345e-16 0)
(5 6.69861e-17 0)
(5 -9.15637e-17 0)
(5 -2.15007e-16 0)
(5 -3.6267e-16 0)
(5 -9.18121e-16 0)
(5 -2.44499e-15 0)
(5 -3.45777e-15 0)
(5 -3.44858e-15 0)
(5 3.92759e-16 0)
(5 1.09818e-15 0)
(5 6.12404e-16 0)
(5 -1.70173e-16 0)
(5 -8.3244e-17 0)
(5 -5.14737e-17 0)
(5 -2.93835e-16 0)
(5 -1.07591e-16 0)
(5 9.87053e-16 0)
(5 2.01675e-15 0)
(5 2.32378e-15 0)
(5 2.0722e-15 0)
(5 1.53999e-15 0)
(5 -1.46042e-16 0)
(5 5.85657e-16 0)
(5 3.67468e-17 0)
(5 -2.51516e-16 0)
(5 5.37307e-16 0)
(5 1.05667e-15 0)
(5 1.82295e-15 0)
(5 1.51735e-15 0)
(5 1.05464e-15 0)
(5 1.52312e-15 0)
(5 3.59631e-15 0)
(5 2.93227e-15 0)
(5 1.36024e-15 0)
(5 5.26314e-16 0)
(5 -5.79422e-16 0)
(5 1.08341e-15 0)
(5 4.10612e-15 0)
(5 3.03345e-15 0)
(5 1.64902e-15 0)
(5 -5.31101e-16 0)
(5 -4.2139e-15 0)
(5 -4.92223e-15 0)
(5 -2.47208e-15 0)
(5 4.69329e-16 0)
(5 1.18996e-16 0)
(5 -3.08631e-17 0)
(5 -2.83302e-15 0)
(3.26259 0.0624103 0)
(1.08603 0.0528702 0)
(0.945033 0.0712378 0)
(0.91194 0.0676368 0)
(0.878567 0.0672926 0)
(0.847821 0.0666115 0)
(0.818062 0.0666277 0)
(0.788762 0.0669423 0)
(0.759527 0.0660182 0)
(0.730722 0.0631592 0)
(0.70272 0.0600604 0)
(0.675462 0.0589624 0)
(0.648849 0.0595508 0)
(0.622761 0.0607034 0)
(0.596793 0.0622281 0)
(0.570629 0.062661 0)
(0.544598 0.0610081 0)
(0.519201 0.0594886 0)
(0.493981 0.0597269 0)
(0.468603 0.0603472 0)
(0.443462 0.0602809 0)
(0.418966 0.0601516 0)
(0.394794 0.0604617 0)
(0.370552 0.0609525 0)
(0.346038 0.0615523 0)
(0.321221 0.0624303 0)
(0.296027 0.0635769 0)
(0.270543 0.0647144 0)
(0.244918 0.0658171 0)
(0.219087 0.0671976 0)
(0.192771 0.0691313 0)
(0.165672 0.0714597 0)
(0.137626 0.073906 0)
(0.108557 0.0764768 0)
(0.0784158 0.0788272 0)
(0.0473975 0.0798139 0)
(0.0161538 0.0805011 0)
(5 2.68083e-16 0)
(5 9.00073e-16 0)
(5 1.51699e-15 0)
(5 1.08902e-15 0)
(5 8.85325e-16 0)
(5 1.04439e-15 0)
(5 7.48354e-16 0)
(5 -6.15057e-16 0)
(5 -1.46848e-15 0)
(5 -2.34645e-15 0)
(5 -1.54273e-15 0)
(5 -1.4358e-15 0)
(5 -4.61619e-16 0)
(5 8.34169e-16 0)
(5 1.15701e-15 0)
(5 -1.11931e-15 0)
(5 -3.66761e-15 0)
(5 -4.12461e-15 0)
(5 -3.00254e-15 0)
(5 -4.05077e-16 0)
(5 1.93407e-15 0)
(5 1.12699e-15 0)
(5 -3.28855e-16 0)
(5 4.98626e-16 0)
(5 2.20347e-16 0)
(5 1.24311e-16 0)
(5 8.35049e-17 0)
(5 -9.4142e-16 0)
(5 -1.12015e-15 0)
(5 6.04195e-16 0)
(5 1.5143e-15 0)
(5 1.9014e-15 0)
(5 -5.74095e-16 0)
(5 -1.32283e-15 0)
(5 -8.28336e-16 0)
(5 -3.34934e-16 0)
(5 2.26465e-15 0)
(5 3.00013e-15 0)
(5 2.28891e-15 0)
(5 1.59056e-16 0)
(5 -1.06591e-17 0)
(5 8.47602e-16 0)
(5 8.12869e-16 0)
(5 1.27725e-15 0)
(5 1.12586e-15 0)
(5 4.5569e-16 0)
(5 9.08307e-17 0)
(5 2.25668e-15 0)
(5 4.32931e-15 0)
(5 3.97162e-15 0)
(5 2.29679e-15 0)
(5 1.91839e-16 0)
(5 -1.64685e-15 0)
(5 -2.66244e-15 0)
(5 -3.64318e-15 0)
(5 -1.45406e-15 0)
(5 9.41269e-16 0)
(5 1.95054e-15 0)
(5 -2.58129e-15 0)
(3.36954 0.0947374 0)
(1.09754 0.0850689 0)
(0.946178 0.102584 0)
(0.913083 0.0966432 0)
(0.879474 0.0954376 0)
(0.848664 0.0936868 0)
(0.8191 0.09317 0)
(0.790128 0.0936876 0)
(0.76092 0.093184 0)
(0.731519 0.0903121 0)
(0.702321 0.0866736 0)
(0.673549 0.08504 0)
(0.645521 0.0852282 0)
(0.618341 0.0860736 0)
(0.591639 0.0876128 0)
(0.564914 0.0879978 0)
(0.538293 0.0858707 0)
(0.512143 0.0839538 0)
(0.486072 0.0841567 0)
(0.459947 0.0846506 0)
(0.434224 0.08421 0)
(0.409256 0.083823 0)
(0.384685 0.084119 0)
(0.360164 0.0846874 0)
(0.335543 0.0854284 0)
(0.310821 0.0865497 0)
(0.285937 0.0880142 0)
(0.260974 0.0894379 0)
(0.236052 0.0907966 0)
(0.211079 0.0925287 0)
(0.185787 0.095039 0)
(0.159875 0.0981726 0)
(0.133118 0.101616 0)
(0.105353 0.1054 0)
(0.0764174 0.108995 0)
(0.0463721 0.110759 0)
(0.0158962 0.112225 0)
(5 -2.38143e-16 0)
(5 -4.53861e-17 0)
(5 1.83911e-16 0)
(5 -3.35239e-16 0)
(5 -3.29731e-16 0)
(5 1.34606e-16 0)
(5 5.90976e-16 0)
(5 3.48965e-16 0)
(5 -1.22313e-15 0)
(5 -1.69203e-15 0)
(5 -1.41292e-15 0)
(5 -1.91271e-15 0)
(5 -1.12222e-15 0)
(5 -7.16933e-16 0)
(5 2.99566e-16 0)
(5 1.31908e-16 0)
(5 -9.2081e-16 0)
(5 -6.75416e-16 0)
(5 -6.50872e-16 0)
(5 6.16176e-16 0)
(5 1.51091e-15 0)
(5 2.36626e-15 0)
(5 2.81752e-15 0)
(5 2.22763e-15 0)
(5 8.06152e-17 0)
(5 1.71276e-16 0)
(5 5.88426e-16 0)
(5 1.16798e-15 0)
(5 1.48863e-15 0)
(5 1.6313e-15 0)
(5 1.10964e-15 0)
(5 2.19453e-16 0)
(5 1.63109e-16 0)
(5 2.5057e-16 0)
(5 -4.60032e-17 0)
(5 1.54658e-16 0)
(5 1.14737e-15 0)
(5 2.07406e-15 0)
(5 2.59958e-15 0)
(5 1.84169e-15 0)
(5 1.21496e-15 0)
(5 2.44412e-15 0)
(5 1.04508e-15 0)
(5 -1.73531e-15 0)
(5 -2.43101e-15 0)
(5 -2.06974e-15 0)
(5 -3.94312e-17 0)
(5 5.2112e-16 0)
(5 7.35374e-16 0)
(5 9.65857e-16 0)
(5 1.1199e-15 0)
(5 4.25668e-16 0)
(5 1.03681e-16 0)
(5 2.00965e-16 0)
(5 -1.40228e-15 0)
(5 -2.381e-15 0)
(5 -1.91169e-15 0)
(5 4.22413e-16 0)
(5 -1.89872e-15 0)
(3.52891 0.117696 0)
(1.12192 0.11275 0)
(0.957403 0.13173 0)
(0.9247 0.124217 0)
(0.890598 0.122337 0)
(0.859365 0.119212 0)
(0.829483 0.117886 0)
(0.800374 0.118727 0)
(0.770878 0.119244 0)
(0.740725 0.117207 0)
(0.710381 0.113738 0)
(0.680247 0.111945 0)
(0.650851 0.111829 0)
(0.622447 0.112284 0)
(0.594753 0.113724 0)
(0.567155 0.114134 0)
(0.53956 0.111827 0)
(0.512262 0.109824 0)
(0.484926 0.110125 0)
(0.457576 0.110487 0)
(0.430696 0.109635 0)
(0.404568 0.108919 0)
(0.378837 0.109043 0)
(0.353235 0.109444 0)
(0.327703 0.110021 0)
(0.302305 0.111033 0)
(0.277036 0.11245 0)
(0.251991 0.113826 0)
(0.227251 0.115159 0)
(0.202693 0.116991 0)
(0.178071 0.119844 0)
(0.153117 0.123603 0)
(0.127572 0.127963 0)
(0.101193 0.132996 0)
(0.0736736 0.137973 0)
(0.0448523 0.140718 0)
(0.0154715 0.143217 0)
(5 -5.08233e-16 0)
(5 -1.10665e-15 0)
(5 -5.25039e-16 0)
(5 1.89185e-16 0)
(5 1.22295e-15 0)
(5 8.02597e-16 0)
(5 5.57571e-16 0)
(5 1.15539e-16 0)
(5 -6.88419e-16 0)
(5 -6.6402e-16 0)
(5 -1.18095e-15 0)
(5 -9.95089e-16 0)
(5 -9.95056e-16 0)
(5 -2.17578e-15 0)
(5 -2.01609e-15 0)
(5 -6.29971e-16 0)
(5 1.03721e-15 0)
(5 1.67883e-15 0)
(5 1.05158e-15 0)
(5 7.40473e-16 0)
(5 3.22876e-16 0)
(5 -6.23716e-16 0)
(5 -1.14644e-15 0)
(5 -1.01787e-15 0)
(5 1.03862e-15 0)
(5 1.93685e-15 0)
(5 8.68208e-16 0)
(5 1.61266e-15 0)
(5 3.57935e-15 0)
(5 3.86718e-15 0)
(5 3.44394e-15 0)
(5 1.88776e-15 0)
(5 2.21648e-15 0)
(5 2.83886e-15 0)
(5 2.90754e-15 0)
(5 1.50355e-15 0)
(5 -4.2187e-16 0)
(5 -4.55212e-16 0)
(5 -6.50746e-16 0)
(5 -5.72198e-16 0)
(5 1.77382e-16 0)
(5 5.13478e-17 0)
(5 -3.31734e-16 0)
(5 -8.30687e-16 0)
(5 -1.17766e-15 0)
(5 1.74876e-15 0)
(5 2.83238e-15 0)
(5 2.17981e-15 0)
(5 9.5625e-16 0)
(5 1.37271e-15 0)
(5 9.87888e-16 0)
(5 -4.8772e-16 0)
(5 2.21306e-16 0)
(5 7.14293e-16 0)
(5 1.70976e-15 0)
(5 2.76899e-16 0)
(5 -9.63721e-16 0)
(5 -2.2257e-15 0)
(5 -4.25826e-15 0)
(3.71175 0.133033 0)
(1.14413 0.139012 0)
(0.961391 0.160904 0)
(0.929124 0.153092 0)
(0.895186 0.15073 0)
(0.864181 0.146234 0)
(0.834238 0.144005 0)
(0.805252 0.144977 0)
(0.77623 0.146428 0)
(0.746671 0.145185 0)
(0.71696 0.141771 0)
(0.687316 0.139596 0)
(0.658091 0.138943 0)
(0.629547 0.138806 0)
(0.601567 0.13998 0)
(0.573562 0.140483 0)
(0.545316 0.138273 0)
(0.517138 0.136411 0)
(0.488844 0.136885 0)
(0.460538 0.137164 0)
(0.432659 0.136006 0)
(0.405405 0.135105 0)
(0.378436 0.13518 0)
(0.351553 0.135481 0)
(0.324788 0.135881 0)
(0.298289 0.136661 0)
(0.27212 0.137801 0)
(0.246407 0.138849 0)
(0.221205 0.139861 0)
(0.196377 0.141469 0)
(0.171726 0.144287 0)
(0.147071 0.148283 0)
(0.1222 0.153228 0)
(0.0968675 0.159311 0)
(0.0706468 0.165653 0)
(0.0430581 0.169491 0)
(0.0149394 0.173182 0)
(5 7.83675e-17 0)
(5 -4.15151e-16 0)
(5 -4.36539e-16 0)
(5 -4.26026e-16 0)
(5 4.653e-16 0)
(5 1.44018e-15 0)
(5 1.37207e-15 0)
(5 1.20409e-15 0)
(5 1.25374e-15 0)
(5 1.62641e-15 0)
(5 1.32009e-15 0)
(5 2.24221e-15 0)
(5 1.15362e-15 0)
(5 -4.98347e-16 0)
(5 -2.02366e-15 0)
(5 -2.93808e-15 0)
(5 -2.82797e-15 0)
(5 -6.78792e-16 0)
(5 1.14146e-15 0)
(5 1.60747e-15 0)
(5 -2.14914e-17 0)
(5 -2.31742e-15 0)
(5 -3.33983e-15 0)
(5 -3.305e-15 0)
(5 -8.19537e-16 0)
(5 -4.82573e-16 0)
(5 5.14976e-16 0)
(5 1.39065e-15 0)
(5 2.86618e-15 0)
(5 3.65713e-15 0)
(5 4.4376e-15 0)
(5 2.92434e-15 0)
(5 1.48159e-15 0)
(5 1.43894e-15 0)
(5 2.12306e-15 0)
(5 2.74905e-15 0)
(5 1.40651e-15 0)
(5 -1.46448e-15 0)
(5 -3.12502e-15 0)
(5 -7.08489e-16 0)
(5 1.23204e-15 0)
(5 2.54168e-16 0)
(5 -9.66084e-16 0)
(5 9.84597e-16 0)
(5 4.2926e-15 0)
(5 3.46234e-15 0)
(5 2.82073e-15 0)
(5 2.04976e-15 0)
(5 5.52203e-16 0)
(5 4.65031e-16 0)
(5 2.067e-15 0)
(5 2.45778e-15 0)
(5 2.72653e-15 0)
(5 2.64654e-15 0)
(5 2.40812e-15 0)
(5 1.55422e-15 0)
(5 1.04401e-15 0)
(5 -7.38678e-16 0)
(5 -6.31027e-15 0)
(3.92319 0.142849 0)
(1.1729 0.165416 0)
(0.961704 0.190495 0)
(0.927667 0.181808 0)
(0.894402 0.177946 0)
(0.865644 0.172026 0)
(0.838225 0.168913 0)
(0.811541 0.169737 0)
(0.784264 0.171889 0)
(0.755621 0.171578 0)
(0.726204 0.168618 0)
(0.696417 0.166637 0)
(0.666669 0.166086 0)
(0.637449 0.16573 0)
(0.608948 0.166734 0)
(0.580648 0.167443 0)
(0.552128 0.165499 0)
(0.523608 0.16382 0)
(0.494968 0.164402 0)
(0.466241 0.164557 0)
(0.437783 0.163131 0)
(0.409734 0.162126 0)
(0.381814 0.162233 0)
(0.353881 0.162503 0)
(0.326048 0.162755 0)
(0.298535 0.163268 0)
(0.271454 0.164042 0)
(0.244933 0.164656 0)
(0.218996 0.165252 0)
(0.193492 0.166512 0)
(0.168278 0.169081 0)
(0.143283 0.172978 0)
(0.118398 0.178084 0)
(0.0934788 0.184805 0)
(0.0681014 0.192282 0)
(0.0414329 0.197157 0)
(0.0144403 0.202043 0)
(5 1.77045e-16 0)
(5 -2.14517e-16 0)
(5 -7.25438e-16 0)
(5 -1.38226e-15 0)
(5 -9.99245e-16 0)
(5 -2.33302e-16 0)
(5 -8.06752e-16 0)
(5 -1.03832e-15 0)
(5 -5.14246e-16 0)
(5 -2.51517e-16 0)
(5 -1.49444e-15 0)
(5 -2.61295e-15 0)
(5 -3.21005e-15 0)
(5 -3.47566e-15 0)
(5 -2.36819e-15 0)
(5 -2.56506e-15 0)
(5 -3.19097e-15 0)
(5 -3.44843e-15 0)
(5 -2.16793e-15 0)
(5 -2.52333e-15 0)
(5 -2.29957e-15 0)
(5 -1.62961e-15 0)
(5 -1.78141e-15 0)
(5 -8.63437e-18 0)
(5 1.14987e-15 0)
(5 2.63882e-16 0)
(5 4.10023e-16 0)
(5 2.23165e-15 0)
(5 2.72784e-15 0)
(5 1.66361e-15 0)
(5 4.86243e-16 0)
(5 1.22392e-15 0)
(5 8.81135e-16 0)
(5 -6.1202e-16 0)
(5 -6.16216e-16 0)
(5 2.01926e-16 0)
(5 2.74863e-16 0)
(5 -2.55835e-15 0)
(5 -5.09435e-15 0)
(5 -6.34603e-15 0)
(5 -1.44529e-15 0)
(5 1.30106e-15 0)
(5 1.27596e-15 0)
(5 3.06113e-16 0)
(5 -5.73196e-16 0)
(5 -9.09012e-16 0)
(5 -2.67293e-15 0)
(5 -3.88638e-15 0)
(5 -3.91281e-15 0)
(5 -2.40405e-15 0)
(5 1.45042e-15 0)
(5 4.1699e-15 0)
(5 4.32157e-15 0)
(5 3.24035e-15 0)
(5 2.76121e-15 0)
(5 5.00311e-16 0)
(5 -2.02372e-15 0)
(5 -2.75334e-15 0)
(5 -9.47145e-15 0)
(4.14714 0.145961 0)
(1.20781 0.199484 0)
(0.955861 0.220274 0)
(0.92498 0.208573 0)
(0.897613 0.202579 0)
(0.873838 0.195086 0)
(0.848634 0.191338 0)
(0.822176 0.193 0)
(0.793834 0.197198 0)
(0.763472 0.198817 0)
(0.732558 0.196637 0)
(0.701989 0.19475 0)
(0.672253 0.194011 0)
(0.643719 0.19303 0)
(0.616192 0.193436 0)
(0.588729 0.194186 0)
(0.56057 0.192634 0)
(0.531939 0.191314 0)
(0.503036 0.192141 0)
(0.473925 0.192336 0)
(0.444931 0.190833 0)
(0.416202 0.189877 0)
(0.387528 0.190125 0)
(0.358781 0.190439 0)
(0.330114 0.19056 0)
(0.301798 0.190757 0)
(0.273962 0.191082 0)
(0.24671 0.191202 0)
(0.220017 0.19137 0)
(0.193717 0.192284 0)
(0.167715 0.194543 0)
(0.142027 0.198163 0)
(0.116652 0.203107 0)
(0.09157 0.210032 0)
(0.0665036 0.218316 0)
(0.0403052 0.224049 0)
(0.0140918 0.229993 0)
(5 1.65629e-16 0)
(5 4.03213e-16 0)
(5 1.94175e-16 0)
(5 4.81647e-16 0)
(5 2.48862e-16 0)
(5 -6.94098e-16 0)
(5 -6.62951e-16 0)
(5 -8.20732e-16 0)
(5 -8.95471e-16 0)
(5 -1.80584e-15 0)
(5 -2.2758e-15 0)
(5 -2.36043e-15 0)
(5 -1.64444e-15 0)
(5 -4.88173e-16 0)
(5 2.35132e-16 0)
(5 1.61726e-15 0)
(5 5.52258e-16 0)
(5 -4.45283e-16 0)
(5 -7.05559e-16 0)
(5 -2.42097e-15 0)
(5 -1.03249e-15 0)
(5 -1.3736e-15 0)
(5 -2.00141e-15 0)
(5 -2.20191e-15 0)
(5 -2.26237e-15 0)
(5 -1.34215e-15 0)
(5 5.71007e-16 0)
(5 5.11994e-16 0)
(5 -8.56201e-16 0)
(5 -3.15094e-15 0)
(5 -3.58578e-15 0)
(5 -2.2376e-15 0)
(5 -8.4559e-16 0)
(5 -6.52537e-16 0)
(5 -5.61146e-16 0)
(5 -1.20475e-15 0)
(5 -1.87805e-15 0)
(5 -3.11503e-15 0)
(5 -4.56892e-15 0)
(5 -5.36067e-15 0)
(5 -4.44298e-15 0)
(5 -1.99023e-15 0)
(5 -1.90634e-15 0)
(5 -2.75045e-15 0)
(5 -3.32591e-15 0)
(5 -4.53285e-15 0)
(5 -2.77409e-15 0)
(5 -1.69116e-15 0)
(5 -1.01219e-15 0)
(5 -2.33592e-16 0)
(5 -5.91449e-16 0)
(5 5.45592e-16 0)
(5 1.07777e-15 0)
(5 8.54402e-16 0)
(5 2.09864e-15 0)
(5 2.3178e-15 0)
(5 1.11374e-15 0)
(5 -2.80384e-15 0)
(5 -3.84781e-15 0)
(4.36495 0.150637 0)
(1.24961 0.244089 0)
(0.956745 0.247518 0)
(0.935868 0.230707 0)
(0.912692 0.2212 0)
(0.889412 0.214607 0)
(0.862434 0.213812 0)
(0.832734 0.219018 0)
(0.800391 0.225933 0)
(0.767023 0.228368 0)
(0.735611 0.225355 0)
(0.706719 0.222219 0)
(0.679319 0.220488 0)
(0.652395 0.218743 0)
(0.625322 0.219056 0)
(0.597562 0.220673 0)
(0.56867 0.220203 0)
(0.539307 0.219475 0)
(0.510102 0.220468 0)
(0.481115 0.220574 0)
(0.452393 0.218926 0)
(0.42377 0.218022 0)
(0.394953 0.218493 0)
(0.365805 0.218974 0)
(0.336566 0.21905 0)
(0.30761 0.218957 0)
(0.279115 0.218832 0)
(0.251159 0.21848 0)
(0.223674 0.218285 0)
(0.196492 0.218925 0)
(0.169565 0.220886 0)
(0.142984 0.224134 0)
(0.116833 0.228694 0)
(0.0911816 0.235451 0)
(0.0659763 0.244224 0)
(0.0398165 0.250596 0)
(0.0139541 0.257411 0)
(5 2.00305e-16 0)
(5 5.28951e-16 0)
(5 2.53748e-16 0)
(5 -2.28182e-18 0)
(5 4.01448e-17 0)
(5 -1.56299e-16 0)
(5 5.24487e-16 0)
(5 1.08356e-15 0)
(5 -1.39416e-15 0)
(5 -1.88871e-15 0)
(5 -1.14839e-15 0)
(5 6.90216e-16 0)
(5 1.12384e-15 0)
(5 2.39385e-15 0)
(5 2.40532e-15 0)
(5 -7.61391e-18 0)
(5 6.06879e-16 0)
(5 8.07574e-16 0)
(5 -3.77858e-17 0)
(5 -5.45865e-16 0)
(5 -1.20162e-15 0)
(5 -1.90982e-15 0)
(5 -1.83045e-15 0)
(5 -2.68697e-15 0)
(5 -4.22973e-15 0)
(5 -5.29648e-15 0)
(5 -5.39084e-15 0)
(5 -7.10143e-15 0)
(5 -7.11322e-15 0)
(5 -6.99812e-15 0)
(5 -6.58114e-15 0)
(5 -5.64574e-15 0)
(5 -5.1837e-15 0)
(5 -3.05085e-15 0)
(5 -2.19444e-15 0)
(5 -2.71339e-15 0)
(5 -3.3077e-15 0)
(5 -2.7588e-15 0)
(5 -2.81636e-15 0)
(5 -2.34201e-15 0)
(5 -4.06877e-15 0)
(5 -5.17654e-15 0)
(5 -5.34768e-15 0)
(5 -2.19581e-15 0)
(5 -1.17544e-15 0)
(5 -3.16348e-15 0)
(5 -3.46913e-15 0)
(5 -2.17931e-15 0)
(5 1.93755e-16 0)
(5 1.15177e-15 0)
(5 -5.51742e-16 0)
(5 -1.49716e-15 0)
(5 -1.50924e-15 0)
(5 1.49978e-15 0)
(5 2.23385e-15 0)
(5 1.97709e-15 0)
(5 1.30682e-15 0)
(5 1.45519e-15 0)
(5 -3.11432e-15 0)
(4.58946 0.156099 0)
(1.31206 0.288574 0)
(0.976929 0.264855 0)
(0.958758 0.2463 0)
(0.932944 0.240657 0)
(0.905043 0.239192 0)
(0.872656 0.242414 0)
(0.838936 0.250175 0)
(0.805328 0.257672 0)
(0.773516 0.258437 0)
(0.745145 0.252527 0)
(0.718188 0.247196 0)
(0.690952 0.245367 0)
(0.662441 0.244872 0)
(0.632921 0.246404 0)
(0.603103 0.248945 0)
(0.573377 0.248876 0)
(0.544524 0.247846 0)
(0.516627 0.248277 0)
(0.488971 0.248018 0)
(0.460968 0.246446 0)
(0.432375 0.246045 0)
(0.403214 0.247152 0)
(0.373592 0.248056 0)
(0.343923 0.248173 0)
(0.314629 0.247789 0)
(0.2858 0.247225 0)
(0.25737 0.24648 0)
(0.229189 0.24606 0)
(0.201119 0.246557 0)
(0.173195 0.24828 0)
(0.145601 0.251106 0)
(0.118506 0.255126 0)
(0.092023 0.261406 0)
(0.0663352 0.270388 0)
(0.0398846 0.2772 0)
(0.0140113 0.284715 0)
(5 -4.61632e-16 0)
(5 -5.97098e-16 0)
(5 -2.82334e-16 0)
(5 -4.91142e-16 0)
(5 2.86606e-16 0)
(5 6.56667e-16 0)
(5 -4.8382e-17 0)
(5 -1.61514e-15 0)
(5 -3.02899e-15 0)
(5 -2.36677e-15 0)
(5 -9.57797e-16 0)
(5 -3.69842e-16 0)
(5 -4.90492e-16 0)
(5 1.25278e-16 0)
(5 -4.86801e-16 0)
(5 5.9806e-17 0)
(5 1.51669e-17 0)
(5 -5.86108e-16 0)
(5 -6.89587e-16 0)
(5 -1.06472e-15 0)
(5 -1.14551e-15 0)
(5 -8.35607e-16 0)
(5 -1.95506e-15 0)
(5 -1.64971e-15 0)
(5 -1.13088e-15 0)
(5 -4.01471e-15 0)
(5 -5.82958e-15 0)
(5 -5.56417e-15 0)
(5 -3.40425e-15 0)
(5 -2.105e-15 0)
(5 -3.15722e-15 0)
(5 -4.49939e-15 0)
(5 -4.0682e-15 0)
(5 -3.16459e-15 0)
(5 -2.50528e-15 0)
(5 -1.38529e-15 0)
(5 -9.35906e-16 0)
(5 -1.27535e-15 0)
(5 -2.08058e-15 0)
(5 -4.53964e-15 0)
(5 -7.64601e-15 0)
(5 -8.19745e-15 0)
(5 -1.73061e-15 0)
(5 -3.31778e-16 0)
(5 1.10744e-17 0)
(5 -6.19527e-16 0)
(5 7.3336e-17 0)
(5 8.1737e-16 0)
(5 1.42942e-16 0)
(5 -2.72254e-15 0)
(5 -3.80294e-15 0)
(5 -4.02151e-15 0)
(5 -3.36607e-15 0)
(5 -1.38944e-15 0)
(5 -3.25288e-16 0)
(5 -1.41571e-16 0)
(5 -4.31274e-16 0)
(5 -4.70177e-16 0)
(5 -6.0711e-15 0)
(4.81665 0.140334 0)
(1.38903 0.31474 0)
(1.00518 0.277735 0)
(0.987803 0.263283 0)
(0.956447 0.264577 0)
(0.924973 0.267849 0)
(0.890216 0.273638 0)
(0.855914 0.281719 0)
(0.823106 0.287171 0)
(0.792659 0.284622 0)
(0.764165 0.277049 0)
(0.734946 0.272498 0)
(0.704334 0.273034 0)
(0.672152 0.2746 0)
(0.639998 0.276464 0)
(0.609414 0.278208 0)
(0.580495 0.27698 0)
(0.552754 0.274824 0)
(0.525417 0.274807 0)
(0.497618 0.275017 0)
(0.468918 0.274355 0)
(0.439637 0.274765 0)
(0.410261 0.276377 0)
(0.380936 0.277423 0)
(0.351801 0.27737 0)
(0.322905 0.27668 0)
(0.294096 0.275868 0)
(0.265239 0.275038 0)
(0.236263 0.274696 0)
(0.207185 0.27526 0)
(0.178166 0.276833 0)
(0.149478 0.279204 0)
(0.121344 0.282584 0)
(0.0938673 0.288143 0)
(0.0674538 0.297106 0)
(0.0404478 0.304198 0)
(0.0142408 0.312284 0)
(5 6.2377e-17 0)
(5 -2.91443e-17 0)
(5 2.3107e-16 0)
(5 1.45369e-15 0)
(5 1.67146e-15 0)
(5 2.13874e-15 0)
(5 6.03589e-17 0)
(5 -1.83207e-15 0)
(5 -4.95574e-16 0)
(5 3.06293e-16 0)
(5 7.15949e-16 0)
(5 3.05718e-16 0)
(5 1.19749e-15 0)
(5 7.2471e-16 0)
(5 8.51018e-16 0)
(5 1.72763e-15 0)
(5 2.15155e-15 0)
(5 9.35446e-17 0)
(5 -1.26335e-15 0)
(5 -8.54812e-16 0)
(5 7.4683e-18 0)
(5 3.13479e-16 0)
(5 -3.25734e-16 0)
(5 1.18463e-15 0)
(5 1.90167e-15 0)
(5 1.27064e-15 0)
(5 -3.56317e-15 0)
(5 -3.52288e-15 0)
(5 -3.41171e-15 0)
(5 -2.9386e-15 0)
(5 -4.03635e-15 0)
(5 -4.81875e-15 0)
(5 -5.34909e-15 0)
(5 -5.33113e-15 0)
(5 -5.24165e-15 0)
(5 -4.88422e-15 0)
(5 -4.79642e-15 0)
(5 -4.34972e-15 0)
(5 -3.66368e-15 0)
(5 -4.31342e-15 0)
(5 -4.78821e-15 0)
(5 -4.27184e-15 0)
(5 -1.06543e-15 0)
(5 -1.96603e-16 0)
(5 -3.72166e-16 0)
(5 -3.21172e-15 0)
(5 -4.53358e-15 0)
(5 -6.0361e-15 0)
(5 -5.62373e-15 0)
(5 -4.19506e-15 0)
(5 -3.95237e-15 0)
(5 -3.48287e-15 0)
(5 -2.36096e-15 0)
(5 -1.9635e-15 0)
(5 -1.61195e-15 0)
(5 -1.44059e-15 0)
(5 -2.74773e-15 0)
(5 -1.39435e-15 0)
(5 -5.25383e-15 0)
(4.96516 0.0318508 0)
(1.46022 0.330964 0)
(1.02232 0.279973 0)
(1.00747 0.284309 0)
(0.977324 0.290712 0)
(0.946295 0.29657 0)
(0.912556 0.303207 0)
(0.879367 0.310258 0)
(0.84758 0.31378 0)
(0.81687 0.3109 0)
(0.786049 0.304579 0)
(0.753688 0.301791 0)
(0.720233 0.304283 0)
(0.685953 0.306764 0)
(0.652713 0.307377 0)
(0.62182 0.306943 0)
(0.59263 0.304346 0)
(0.563808 0.30194 0)
(0.534823 0.302405 0)
(0.50545 0.303401 0)
(0.475826 0.303244 0)
(0.446545 0.303666 0)
(0.417877 0.305065 0)
(0.389473 0.305951 0)
(0.360969 0.30593 0)
(0.332184 0.305452 0)
(0.303031 0.30494 0)
(0.273519 0.304436 0)
(0.24371 0.304411 0)
(0.213708 0.305157 0)
(0.18371 0.306611 0)
(0.154006 0.308491 0)
(0.124854 0.311181 0)
(0.096329 0.315842 0)
(0.0690492 0.32461 0)
(0.0413258 0.331845 0)
(0.0145723 0.340406 0)
(5 3.67932e-16 0)
(5 4.08615e-16 0)
(5 1.58533e-15 0)
(5 1.83723e-15 0)
(5 1.02148e-15 0)
(5 -2.24966e-17 0)
(5 4.62622e-17 0)
(5 -1.49743e-16 0)
(5 2.73692e-16 0)
(5 2.08496e-15 0)
(5 2.63525e-15 0)
(5 2.00751e-15 0)
(5 2.10804e-15 0)
(5 2.44481e-15 0)
(5 3.46207e-15 0)
(5 4.37317e-15 0)
(5 3.7643e-15 0)
(5 1.20641e-15 0)
(5 -2.66008e-16 0)
(5 4.9366e-16 0)
(5 2.62764e-15 0)
(5 3.48216e-15 0)
(5 3.82808e-15 0)
(5 1.73318e-15 0)
(5 1.80771e-15 0)
(5 1.96652e-15 0)
(5 1.19467e-15 0)
(5 -1.32173e-15 0)
(5 -3.58841e-15 0)
(5 -4.2076e-15 0)
(5 -4.73089e-15 0)
(5 -4.98586e-15 0)
(5 -5.21188e-15 0)
(5 -5.22556e-15 0)
(5 -4.83278e-15 0)
(5 -4.68928e-15 0)
(5 -4.50007e-15 0)
(5 -2.61408e-15 0)
(5 -2.06269e-15 0)
(5 -1.4539e-15 0)
(5 -1.26643e-15 0)
(5 2.87507e-16 0)
(5 1.4694e-17 0)
(5 -5.61452e-16 0)
(5 -3.09105e-15 0)
(5 -3.43943e-15 0)
(5 -4.36215e-15 0)
(5 -4.80704e-15 0)
(5 -4.93462e-15 0)
(5 -4.13283e-15 0)
(5 -3.76958e-15 0)
(5 -2.57142e-15 0)
(5 -2.33838e-15 0)
(5 -1.25483e-15 0)
(5 -1.9804e-15 0)
(5 -2.49943e-15 0)
(5 -3.29275e-15 0)
(5 -3.79174e-15 0)
(5 -1.7147e-15 0)
(5.00789 0.00391763 0)
(1.53696 0.331061 0)
(1.01821 0.285117 0)
(1.00388 0.309729 0)
(0.976643 0.319408 0)
(0.949643 0.326332 0)
(0.921725 0.332809 0)
(0.893991 0.337995 0)
(0.866366 0.340055 0)
(0.837778 0.33775 0)
(0.807183 0.333315 0)
(0.77419 0.33248 0)
(0.739978 0.336558 0)
(0.705002 0.339397 0)
(0.671043 0.338507 0)
(0.638949 0.336411 0)
(0.607821 0.333527 0)
(0.576621 0.331482 0)
(0.545488 0.332161 0)
(0.514718 0.333077 0)
(0.484576 0.332431 0)
(0.455322 0.332146 0)
(0.426832 0.333129 0)
(0.398513 0.334142 0)
(0.369884 0.334621 0)
(0.340845 0.334699 0)
(0.311429 0.334645 0)
(0.28163 0.334539 0)
(0.251414 0.334914 0)
(0.220816 0.335956 0)
(0.190021 0.33741 0)
(0.15937 0.338869 0)
(0.129191 0.340926 0)
(0.0995507 0.344616 0)
(0.0712474 0.353078 0)
(0.0426015 0.360351 0)
(0.0150416 0.369331 0)
(5 -5.09071e-16 0)
(5 -4.708e-16 0)
(5 -3.77335e-16 0)
(5 -6.02868e-16 0)
(5 -3.26306e-16 0)
(5 -5.04775e-16 0)
(5 -4.53601e-17 0)
(5 1.62757e-15 0)
(5 2.45313e-15 0)
(5 2.19513e-15 0)
(5 2.50821e-15 0)
(5 2.57789e-15 0)
(5 1.48239e-15 0)
(5 2.1645e-15 0)
(5 2.27437e-15 0)
(5 3.41397e-15 0)
(5 3.38823e-15 0)
(5 2.5272e-15 0)
(5 2.09187e-15 0)
(5 1.64264e-15 0)
(5 1.45439e-15 0)
(5 1.42343e-15 0)
(5 1.32173e-15 0)
(5 4.71287e-16 0)
(5 -1.64151e-16 0)
(5 3.11357e-16 0)
(5 9.43813e-16 0)
(5 2.89432e-16 0)
(5 -2.10218e-16 0)
(5 -3.05012e-16 0)
(5 -1.05295e-15 0)
(5 -1.78693e-15 0)
(5 -2.91872e-15 0)
(5 -4.37244e-15 0)
(5 -3.58107e-15 0)
(5 -1.88454e-15 0)
(5 -1.17684e-15 0)
(5 -1.60179e-16 0)
(5 -2.12841e-16 0)
(5 -4.04555e-16 0)
(5 4.76537e-16 0)
(5 4.7194e-16 0)
(5 1.978e-16 0)
(5 -2.81718e-16 0)
(5 -7.54927e-16 0)
(5 -1.94216e-15 0)
(5 -3.33155e-15 0)
(5 -3.96073e-15 0)
(5 -4.67981e-15 0)
(5 -5.48396e-15 0)
(5 -4.58195e-15 0)
(5 -3.74859e-15 0)
(5 -3.07e-15 0)
(5 -1.89025e-15 0)
(5 -1.02777e-15 0)
(5 -1.62333e-15 0)
(5 -2.22701e-15 0)
(5 -2.43437e-15 0)
(5 -1.90244e-15 0)
(5.00009 -7.78351e-06 0)
(1.67111 0.356429 0)
(1.00436 0.296944 0)
(0.977958 0.323468 0)
(0.957384 0.339999 0)
(0.935316 0.349255 0)
(0.91351 0.35672 0)
(0.891374 0.361908 0)
(0.86953 0.364615 0)
(0.846508 0.363825 0)
(0.820597 0.361479 0)
(0.79101 0.362659 0)
(0.758975 0.368277 0)
(0.725249 0.371701 0)
(0.691695 0.370154 0)
(0.658931 0.3674 0)
(0.626311 0.364711 0)
(0.59326 0.362976 0)
(0.560268 0.363413 0)
(0.527929 0.363659 0)
(0.496565 0.362153 0)
(0.466217 0.361098 0)
(0.436727 0.361729 0)
(0.407639 0.362869 0)
(0.378538 0.363731 0)
(0.349289 0.364211 0)
(0.319792 0.36457 0)
(0.289838 0.364995 0)
(0.259254 0.366024 0)
(0.228041 0.367626 0)
(0.196434 0.369274 0)
(0.164857 0.370415 0)
(0.133692 0.371923 0)
(0.102983 0.374608 0)
(0.0736328 0.382684 0)
(0.0440036 0.389899 0)
(0.0155482 0.399257 0)
(5 1.90585e-17 0)
(5 -2.53836e-16 0)
(5 -7.7806e-16 0)
(5 -3.69066e-16 0)
(5 -6.11843e-16 0)
(5 -6.04771e-16 0)
(5 -3.07505e-16 0)
(5 9.75235e-16 0)
(5 1.59163e-15 0)
(5 9.78595e-16 0)
(5 1.44327e-15 0)
(5 3.17289e-15 0)
(5 3.39108e-15 0)
(5 3.75367e-15 0)
(5 4.02983e-15 0)
(5 3.89387e-15 0)
(5 2.47305e-15 0)
(5 5.53928e-16 0)
(5 1.0539e-15 0)
(5 1.62425e-15 0)
(5 -1.61362e-15 0)
(5 -2.85542e-15 0)
(5 -2.45834e-15 0)
(5 -2.27746e-15 0)
(5 -1.07584e-15 0)
(5 -1.25077e-15 0)
(5 -1.44015e-15 0)
(5 -2.75634e-15 0)
(5 -2.39021e-15 0)
(5 -7.479e-16 0)
(5 1.25345e-15 0)
(5 1.21494e-15 0)
(5 5.21339e-16 0)
(5 -3.28566e-16 0)
(5 -1.57914e-15 0)
(5 -8.93019e-16 0)
(5 2.26096e-16 0)
(5 9.72136e-16 0)
(5 1.45867e-15 0)
(5 1.77031e-15 0)
(5 -1.27469e-16 0)
(5 -4.266e-15 0)
(5 -5.06758e-15 0)
(5 -5.67262e-15 0)
(5 -4.59699e-15 0)
(5 -3.23611e-15 0)
(5 -3.79484e-15 0)
(5 -4.71509e-15 0)
(5 -4.65019e-15 0)
(5 -3.47434e-15 0)
(5 -3.17817e-15 0)
(5 -3.21827e-15 0)
(5 -3.44785e-15 0)
(5 -3.80162e-15 0)
(5 -3.18399e-15 0)
(5 -2.92613e-15 0)
(5 -1.4244e-15 0)
(5 -1.01909e-15 0)
(5 -1.40909e-15 0)
(5 -1.69744e-09 0)
(1.89386 0.405676 0)
(1.0081 0.335197 0)
(0.948558 0.338661 0)
(0.927859 0.350812 0)
(0.908491 0.361797 0)
(0.892144 0.372069 0)
(0.875025 0.37845 0)
(0.85747 0.382244 0)
(0.838593 0.384472 0)
(0.817349 0.385885 0)
(0.793629 0.39037 0)
(0.767761 0.397801 0)
(0.739256 0.402089 0)
(0.709417 0.400839 0)
(0.678583 0.398518 0)
(0.646313 0.396842 0)
(0.6125 0.395967 0)
(0.578025 0.396385 0)
(0.543904 0.395985 0)
(0.510742 0.393629 0)
(0.47866 0.39171 0)
(0.447658 0.391667 0)
(0.417479 0.392478 0)
(0.387717 0.393322 0)
(0.358091 0.393998 0)
(0.328336 0.394782 0)
(0.29811 0.395885 0)
(0.267172 0.397743 0)
(0.235497 0.400049 0)
(0.203297 0.402007 0)
(0.170991 0.402933 0)
(0.138941 0.404047 0)
(0.107157 0.405815 0)
(0.0766224 0.413522 0)
(0.0457862 0.420637 0)
(0.0161798 0.430363 0)
(5 2.87986e-16 0)
(5 2.04133e-16 0)
(5 3.77346e-16 0)
(5 4.59097e-16 0)
(5 -1.77842e-16 0)
(5 8.71141e-17 0)
(5 5.67435e-16 0)
(5 5.55529e-16 0)
(5 1.51973e-15 0)
(5 2.38161e-15 0)
(5 1.76753e-15 0)
(5 2.41634e-15 0)
(5 2.30109e-15 0)
(5 3.50918e-15 0)
(5 4.34269e-15 0)
(5 4.43612e-15 0)
(5 2.99024e-15 0)
(5 2.10188e-15 0)
(5 2.03696e-15 0)
(5 1.53633e-15 0)
(5 -4.93672e-16 0)
(5 -2.95069e-16 0)
(5 -1.94277e-16 0)
(5 1.38608e-16 0)
(5 1.92657e-15 0)
(5 7.89076e-16 0)
(5 5.23937e-16 0)
(5 3.07014e-16 0)
(5 -4.6923e-16 0)
(5 5.54319e-16 0)
(5 1.66963e-15 0)
(5 2.8597e-15 0)
(5 3.49568e-15 0)
(5 4.20514e-15 0)
(5 4.3147e-15 0)
(5 4.84158e-15 0)
(5 4.38544e-15 0)
(5 2.26647e-15 0)
(5 1.1791e-15 0)
(5 -1.22147e-16 0)
(5 -1.82122e-15 0)
(5 -1.76959e-15 0)
(5 -1.73062e-15 0)
(5 -4.71929e-15 0)
(5 -5.90654e-15 0)
(5 -5.33746e-15 0)
(5 -2.80441e-15 0)
(5 -1.74195e-15 0)
(5 -9.81179e-16 0)
(5 2.58696e-16 0)
(5 -1.7652e-16 0)
(5 -4.83931e-16 0)
(5 1.11225e-15 0)
(5 -2.77058e-16 0)
(5 -3.95592e-15 0)
(5 -4.29392e-15 0)
(5 -2.82225e-15 0)
(5 -2.39771e-15 0)
(5 -1.44499e-15 0)
(5 -1.57727e-09 0)
(2.21645 0.457288 0)
(1.03302 0.389856 0)
(0.942 0.373155 0)
(0.907811 0.371382 0)
(0.883956 0.37402 0)
(0.866011 0.381471 0)
(0.850066 0.389487 0)
(0.835428 0.395983 0)
(0.820349 0.400337 0)
(0.803342 0.404119 0)
(0.784755 0.411172 0)
(0.76564 0.420944 0)
(0.744313 0.427171 0)
(0.720617 0.427634 0)
(0.694052 0.427527 0)
(0.664197 0.428426 0)
(0.631281 0.429614 0)
(0.596559 0.430742 0)
(0.561485 0.430023 0)
(0.526998 0.426928 0)
(0.493352 0.424068 0)
(0.460719 0.423084 0)
(0.429081 0.423213 0)
(0.398145 0.423753 0)
(0.367601 0.424472 0)
(0.337129 0.425626 0)
(0.306344 0.427395 0)
(0.274955 0.430095 0)
(0.242839 0.433171 0)
(0.210103 0.435573 0)
(0.177101 0.436478 0)
(0.144153 0.437441 0)
(0.111273 0.43844 0)
(0.0795197 0.445799 0)
(0.0474712 0.452748 0)
(0.0167474 0.462787 0)
(5 -3.3663e-17 0)
(5 1.847e-16 0)
(5 -3.13234e-16 0)
(5 -9.32742e-16 0)
(5 -3.9982e-16 0)
(5 2.93005e-16 0)
(5 2.33922e-16 0)
(5 1.45646e-16 0)
(5 3.96816e-16 0)
(5 8.23476e-17 0)
(5 -7.38639e-16 0)
(5 -1.17224e-15 0)
(5 -1.22851e-15 0)
(5 -9.26724e-16 0)
(5 3.24392e-17 0)
(5 -1.91179e-17 0)
(5 9.29848e-16 0)
(5 2.46414e-15 0)
(5 2.4061e-15 0)
(5 1.07418e-15 0)
(5 1.14345e-15 0)
(5 9.24376e-16 0)
(5 4.86603e-16 0)
(5 2.11004e-15 0)
(5 3.62559e-15 0)
(5 3.04583e-15 0)
(5 3.39996e-15 0)
(5 3.9253e-15 0)
(5 4.58124e-15 0)
(5 3.80401e-15 0)
(5 2.08461e-15 0)
(5 2.1114e-15 0)
(5 2.11476e-15 0)
(5 3.03661e-16 0)
(5 8.64602e-16 0)
(5 9.73879e-16 0)
(5 -1.78464e-16 0)
(5 -1.78526e-15 0)
(5 -2.54906e-15 0)
(5 -5.34059e-16 0)
(5 1.06563e-15 0)
(5 2.51932e-15 0)
(5 2.98337e-15 0)
(5 3.39443e-16 0)
(5 -4.07572e-15 0)
(5 -3.9025e-15 0)
(5 -3.13003e-15 0)
(5 -1.1747e-15 0)
(5 -1.73785e-16 0)
(5 -5.48194e-17 0)
(5 -4.24369e-17 0)
(5 -7.17945e-16 0)
(5 -1.39705e-15 0)
(5 -1.37306e-15 0)
(5 -1.48121e-15 0)
(5 -2.03757e-15 0)
(5 -2.0589e-15 0)
(5 -2.39587e-15 0)
(5 -1.31941e-15 0)
(5 -1.92011e-10 0)
(2.65114 0.496303 0)
(1.07769 0.446075 0)
(0.953207 0.419877 0)
(0.909853 0.402468 0)
(0.874877 0.398098 0)
(0.847164 0.398421 0)
(0.825991 0.400457 0)
(0.809185 0.403697 0)
(0.795203 0.409724 0)
(0.781845 0.417134 0)
(0.76798 0.426345 0)
(0.754797 0.437619 0)
(0.739614 0.446019 0)
(0.721759 0.449769 0)
(0.700693 0.453206 0)
(0.675415 0.457858 0)
(0.64593 0.462189 0)
(0.613405 0.464917 0)
(0.579342 0.464588 0)
(0.544789 0.461367 0)
(0.51016 0.458019 0)
(0.475948 0.456264 0)
(0.442553 0.455617 0)
(0.410007 0.455627 0)
(0.378138 0.456133 0)
(0.346666 0.4574 0)
(0.315201 0.459594 0)
(0.28338 0.462979 0)
(0.250926 0.466807 0)
(0.217762 0.469793 0)
(0.184112 0.470923 0)
(0.150242 0.472034 0)
(0.116172 0.472483 0)
(0.0830328 0.479565 0)
(0.0495424 0.486317 0)
(0.0174392 0.496621 0)
(5 -4.082e-16 0)
(5 -5.60808e-16 0)
(5 -1.07095e-15 0)
(5 -1.26405e-15 0)
(5 -1.0926e-15 0)
(5 -1.78797e-15 0)
(5 -2.249e-15 0)
(5 -2.49267e-15 0)
(5 -4.19003e-15 0)
(5 -4.18751e-15 0)
(5 -3.05323e-15 0)
(5 -3.22102e-15 0)
(5 -3.00817e-15 0)
(5 -2.01632e-15 0)
(5 -1.38448e-15 0)
(5 -1.35542e-15 0)
(5 -6.44565e-16 0)
(5 6.0366e-16 0)
(5 1.93607e-15 0)
(5 1.3146e-15 0)
(5 1.32979e-15 0)
(5 3.77213e-16 0)
(5 -9.75195e-16 0)
(5 -6.42803e-17 0)
(5 2.56591e-15 0)
(5 3.07471e-15 0)
(5 4.45424e-15 0)
(5 6.2186e-15 0)
(5 7.16576e-15 0)
(5 6.05097e-15 0)
(5 5.05746e-15 0)
(5 3.19701e-15 0)
(5 4.96043e-17 0)
(5 -7.34844e-16 0)
(5 7.88778e-16 0)
(5 -9.2907e-18 0)
(5 -4.35355e-15 0)
(5 -6.1291e-15 0)
(5 -1.40091e-15 0)
(5 1.80379e-15 0)
(5 2.77031e-15 0)
(5 3.31002e-15 0)
(5 1.34064e-15 0)
(5 -2.39667e-15 0)
(5 -4.40477e-15 0)
(5 -4.12518e-15 0)
(5 8.28911e-16 0)
(5 1.79158e-15 0)
(5 1.49606e-15 0)
(5 1.35392e-15 0)
(5 1.1941e-15 0)
(5 1.37304e-15 0)
(5 -5.13181e-16 0)
(5 -4.24523e-16 0)
(5 1.0774e-15 0)
(5 1.83578e-15 0)
(5 9.96666e-16 0)
(5 1.38166e-15 0)
(5 2.98831e-15 0)
(5 -5.39294e-12 0)
(3.16392 0.518025 0)
(1.10923 0.51741 0)
(0.946501 0.467422 0)
(0.911148 0.438579 0)
(0.872766 0.430463 0)
(0.841357 0.427598 0)
(0.81481 0.423315 0)
(0.792714 0.420172 0)
(0.775066 0.420558 0)
(0.760524 0.4251 0)
(0.747851 0.434146 0)
(0.737447 0.446746 0)
(0.727529 0.458777 0)
(0.714097 0.466045 0)
(0.698542 0.473889 0)
(0.679193 0.482721 0)
(0.655133 0.49099 0)
(0.626959 0.496533 0)
(0.595818 0.497961 0)
(0.562607 0.495955 0)
(0.527925 0.493173 0)
(0.492638 0.491244 0)
(0.457641 0.489963 0)
(0.423402 0.489292 0)
(0.389996 0.489317 0)
(0.357246 0.490394 0)
(0.3248 0.492727 0)
(0.292264 0.496621 0)
(0.259231 0.501205 0)
(0.225443 0.50495 0)
(0.190987 0.506579 0)
(0.156095 0.508117 0)
(0.120795 0.508215 0)
(0.086278 0.515052 0)
(0.0514148 0.521542 0)
(0.0180267 0.532023 0)
(5 -3.35175e-16 0)
(5 -5.15066e-16 0)
(5 1.21274e-16 0)
(5 5.50142e-16 0)
(5 3.03001e-16 0)
(5 -1.37958e-16 0)
(5 9.00018e-17 0)
(5 3.76713e-16 0)
(5 -3.76097e-16 0)
(5 -8.81726e-16 0)
(5 -5.75427e-16 0)
(5 -1.92884e-16 0)
(5 1.22732e-16 0)
(5 1.58043e-15 0)
(5 1.55611e-15 0)
(5 1.42381e-15 0)
(5 5.48814e-16 0)
(5 -8.57571e-16 0)
(5 -7.20439e-16 0)
(5 -5.55891e-16 0)
(5 -9.81102e-16 0)
(5 -1.11165e-15 0)
(5 -2.30844e-15 0)
(5 -2.43936e-15 0)
(5 -2.61653e-15 0)
(5 -2.4444e-15 0)
(5 -5.35824e-16 0)
(5 4.33328e-15 0)
(5 4.51356e-15 0)
(5 5.37036e-15 0)
(5 5.74541e-15 0)
(5 4.35738e-15 0)
(5 7.70337e-17 0)
(5 -8.60635e-16 0)
(5 -2.16818e-15 0)
(5 -3.63482e-15 0)
(5 -3.58453e-15 0)
(5 -3.95191e-15 0)
(5 -1.79744e-15 0)
(5 5.37591e-16 0)
(5 1.74224e-15 0)
(5 2.34999e-16 0)
(5 -9.08343e-16 0)
(5 -2.02647e-15 0)
(5 -2.91608e-15 0)
(5 -2.22166e-15 0)
(5 -1.31188e-15 0)
(5 -3.61657e-16 0)
(5 7.37628e-16 0)
(5 3.19452e-15 0)
(5 4.2129e-15 0)
(5 2.7982e-15 0)
(5 1.62146e-15 0)
(5 2.80288e-17 0)
(5 -3.91562e-16 0)
(5 -2.43868e-16 0)
(5 1.05092e-15 0)
(5 3.08305e-15 0)
(5 3.5316e-15 0)
(5 -2.39771e-14 0)
(3.80711 0.544884 0)
(1.19012 0.603359 0)
(0.982705 0.50228 0)
(0.948745 0.475921 0)
(0.905457 0.465994 0)
(0.866658 0.459331 0)
(0.829154 0.454206 0)
(0.796835 0.447784 0)
(0.771232 0.441885 0)
(0.750966 0.441506 0)
(0.73479 0.446094 0)
(0.721575 0.454502 0)
(0.711437 0.465721 0)
(0.701004 0.477119 0)
(0.688745 0.488528 0)
(0.675781 0.502203 0)
(0.658467 0.514572 0)
(0.636054 0.523857 0)
(0.609187 0.528629 0)
(0.578689 0.529441 0)
(0.545221 0.528619 0)
(0.509889 0.527477 0)
(0.473981 0.526031 0)
(0.438408 0.524761 0)
(0.403561 0.524167 0)
(0.369464 0.524802 0)
(0.335896 0.52697 0)
(0.302517 0.531119 0)
(0.268849 0.536361 0)
(0.234442 0.540955 0)
(0.19918 0.543313 0)
(0.163229 0.545552 0)
(0.126571 0.545565 0)
(0.0904579 0.552273 0)
(0.0539039 0.558522 0)
(0.01883 0.569133 0)
(5 5.7033e-16 0)
(5 9.6967e-16 0)
(5 8.25437e-16 0)
(5 5.28382e-16 0)
(5 -1.36571e-16 0)
(5 5.04651e-16 0)
(5 1.08211e-15 0)
(5 1.43009e-15 0)
(5 1.79045e-15 0)
(5 7.98399e-16 0)
(5 -1.02519e-15 0)
(5 -1.91935e-15 0)
(5 -6.89038e-16 0)
(5 2.49542e-16 0)
(5 1.12446e-15 0)
(5 -4.34993e-17 0)
(5 -7.40287e-16 0)
(5 -2.22628e-15 0)
(5 -3.4269e-15 0)
(5 -3.24049e-15 0)
(5 -2.14342e-15 0)
(5 -8.75761e-16 0)
(5 -4.78298e-16 0)
(5 -2.59373e-15 0)
(5 -4.77866e-15 0)
(5 -4.60026e-15 0)
(5 -4.82545e-15 0)
(5 -4.4963e-15 0)
(5 -7.22287e-16 0)
(5 4.44949e-16 0)
(5 1.55494e-15 0)
(5 2.51455e-15 0)
(5 1.25355e-15 0)
(5 -1.91395e-15 0)
(5 -3.45859e-15 0)
(5 -3.03455e-15 0)
(5 -7.53003e-16 0)
(5 3.35068e-16 0)
(5 7.04347e-16 0)
(5 2.37322e-16 0)
(5 -4.22485e-15 0)
(5 -4.57682e-15 0)
(5 -3.4337e-15 0)
(5 -1.71734e-15 0)
(5 -3.63787e-17 0)
(5 2.24693e-16 0)
(5 -2.56951e-15 0)
(5 -2.8466e-15 0)
(5 -2.20606e-15 0)
(5 -4.1233e-16 0)
(5 7.02644e-16 0)
(5 8.47788e-17 0)
(5 8.73901e-16 0)
(5 1.53852e-15 0)
(5 3.06178e-15 0)
(5 2.57281e-15 0)
(5 1.74703e-15 0)
(5 4.16862e-16 0)
(5 1.36225e-16 0)
(5 -1.56544e-15 0)
(4.72997 0.365633 0)
(1.39331 0.649084 0)
(1.07084 0.542578 0)
(1.04292 0.500667 0)
(0.985131 0.504565 0)
(0.930744 0.500769 0)
(0.879653 0.490485 0)
(0.833144 0.478629 0)
(0.792997 0.469587 0)
(0.76065 0.465102 0)
(0.735161 0.465172 0)
(0.715232 0.469876 0)
(0.699735 0.476815 0)
(0.687231 0.485983 0)
(0.676006 0.498459 0)
(0.665333 0.514431 0)
(0.6549 0.532114 0)
(0.639625 0.545984 0)
(0.618327 0.555271 0)
(0.59174 0.560462 0)
(0.560861 0.563066 0)
(0.526814 0.563946 0)
(0.491061 0.563182 0)
(0.454822 0.561769 0)
(0.418794 0.560719 0)
(0.383277 0.560881 0)
(0.348289 0.562722 0)
(0.313665 0.566934 0)
(0.278976 0.57275 0)
(0.243577 0.578312 0)
(0.207236 0.581616 0)
(0.17005 0.584795 0)
(0.131955 0.584961 0)
(0.0942565 0.591592 0)
(0.056125 0.597585 0)
(0.0194889 0.60823 0)
(5 3.57639e-16 0)
(5 2.54498e-16 0)
(5 1.55372e-16 0)
(5 1.01565e-16 0)
(5 2.77098e-16 0)
(5 -3.29503e-17 0)
(5 -1.45658e-16 0)
(5 -3.14348e-17 0)
(5 4.00417e-16 0)
(5 2.56905e-16 0)
(5 -5.45818e-16 0)
(5 -1.38565e-15 0)
(5 -1.66599e-15 0)
(5 -2.08658e-15 0)
(5 -2.09352e-15 0)
(5 -1.93362e-15 0)
(5 -6.16993e-16 0)
(5 -1.27519e-15 0)
(5 -3.99924e-15 0)
(5 -3.95607e-15 0)
(5 -1.57005e-15 0)
(5 -4.43644e-16 0)
(5 -8.17095e-16 0)
(5 -2.3182e-15 0)
(5 -2.0125e-15 0)
(5 -2.85066e-15 0)
(5 -2.79841e-15 0)
(5 -2.55394e-15 0)
(5 -2.59877e-15 0)
(5 -1.8063e-15 0)
(5 -7.63215e-16 0)
(5 -9.27524e-16 0)
(5 1.37041e-15 0)
(5 1.62124e-15 0)
(5 2.32566e-15 0)
(5 2.54952e-15 0)
(5 2.34276e-15 0)
(5 2.25567e-15 0)
(5 2.42296e-15 0)
(5 6.37485e-16 0)
(5 -3.24049e-16 0)
(5 -3.90577e-16 0)
(5 -1.82492e-15 0)
(5 -1.19732e-15 0)
(5 1.9714e-15 0)
(5 2.86083e-15 0)
(5 1.44495e-15 0)
(5 -1.80601e-17 0)
(5 -1.24193e-15 0)
(5 -2.3661e-15 0)
(5 -3.22677e-15 0)
(5 -1.63996e-15 0)
(5 2.2765e-15 0)
(5 3.74862e-15 0)
(5 3.62187e-15 0)
(5 3.64231e-15 0)
(5 4.16293e-15 0)
(5 2.06621e-15 0)
(5 3.63913e-16 0)
(5 1.65993e-15 0)
(5.10505 0.012187 0)
(1.62174 0.593038 0)
(1.1311 0.548468 0)
(1.1074 0.552336 0)
(1.06336 0.550882 0)
(1.00938 0.545951 0)
(0.94992 0.540711 0)
(0.891567 0.527731 0)
(0.838676 0.510436 0)
(0.792255 0.49808 0)
(0.753518 0.493216 0)
(0.723045 0.492135 0)
(0.699199 0.495275 0)
(0.680706 0.500535 0)
(0.66648 0.509916 0)
(0.655197 0.524113 0)
(0.645742 0.542291 0)
(0.636581 0.5617 0)
(0.622206 0.576901 0)
(0.601025 0.587601 0)
(0.574175 0.594982 0)
(0.542863 0.599261 0)
(0.508499 0.600393 0)
(0.472463 0.599743 0)
(0.43573 0.598794 0)
(0.398966 0.59871 0)
(0.362559 0.600148 0)
(0.326648 0.604196 0)
(0.290776 0.610411 0)
(0.254548 0.616871 0)
(0.217189 0.621274 0)
(0.178761 0.625616 0)
(0.139142 0.626253 0)
(0.0995413 0.633019 0)
(0.0593474 0.638876 0)
(0.0205153 0.649535 0)
(5 -3.27888e-16 0)
(5 -3.03343e-16 0)
(5 3.13098e-16 0)
(5 1.09293e-15 0)
(5 1.85429e-15 0)
(5 2.25025e-15 0)
(5 1.56012e-15 0)
(5 1.83672e-15 0)
(5 1.35338e-15 0)
(5 -9.52223e-17 0)
(5 -5.5712e-16 0)
(5 4.11471e-16 0)
(5 4.24509e-16 0)
(5 -1.08426e-15 0)
(5 -2.95312e-15 0)
(5 -1.58e-15 0)
(5 -8.72451e-16 0)
(5 -4.90835e-16 0)
(5 -4.08462e-16 0)
(5 -1.24021e-15 0)
(5 -2.54823e-15 0)
(5 -3.88046e-15 0)
(5 -3.34304e-15 0)
(5 -1.52354e-15 0)
(5 -1.55959e-15 0)
(5 -1.69947e-15 0)
(5 -2.02679e-15 0)
(5 -1.56336e-15 0)
(5 -3.40558e-15 0)
(5 -4.88432e-15 0)
(5 -3.09323e-15 0)
(5 -3.76891e-16 0)
(5 -3.71659e-16 0)
(5 2.492e-16 0)
(5 2.69285e-16 0)
(5 -1.32399e-15 0)
(5 -3.77697e-15 0)
(5 -1.99493e-15 0)
(5 -5.11973e-16 0)
(5 1.83555e-15 0)
(5 2.35855e-15 0)
(5 1.11339e-15 0)
(5 1.14935e-16 0)
(5 2.13047e-16 0)
(5 2.4322e-15 0)
(5 2.32363e-15 0)
(5 2.67677e-15 0)
(5 1.6845e-15 0)
(5 -2.51133e-16 0)
(5 -2.27018e-15 0)
(5 -2.28298e-15 0)
(5 -1.5647e-15 0)
(5 -1.16504e-15 0)
(5 -3.81054e-16 0)
(5 -2.30946e-16 0)
(5 6.03795e-16 0)
(5 3.07362e-15 0)
(5 4.83724e-15 0)
(5 4.28871e-15 0)
(5 4.56181e-15 0)
(5.00329 -0.000101419 0)
(1.75633 0.554937 0)
(1.08922 0.568433 0)
(1.09726 0.602876 0)
(1.06557 0.605749 0)
(1.0327 0.600501 0)
(0.995313 0.589757 0)
(0.949085 0.575783 0)
(0.895697 0.560841 0)
(0.841873 0.54421 0)
(0.792278 0.531213 0)
(0.749058 0.524037 0)
(0.714074 0.520504 0)
(0.686714 0.52095 0)
(0.665884 0.526386 0)
(0.65053 0.537169 0)
(0.639223 0.552733 0)
(0.629657 0.57171 0)
(0.620316 0.59226 0)
(0.605646 0.609686 0)
(0.584231 0.622936 0)
(0.557071 0.632023 0)
(0.525373 0.636571 0)
(0.49055 0.638013 0)
(0.453769 0.638135 0)
(0.416062 0.638359 0)
(0.378226 0.639584 0)
(0.34069 0.643387 0)
(0.303396 0.649888 0)
(0.26587 0.657288 0)
(0.22715 0.662985 0)
(0.187258 0.668735 0)
(0.145811 0.670163 0)
(0.104344 0.677181 0)
(0.0622303 0.682959 0)
(0.0213742 0.693553 0)
(5 -3.67628e-17 0)
(5 -1.6376e-16 0)
(5 -5.8129e-16 0)
(5 -1.06113e-15 0)
(5 -6.54355e-16 0)
(5 1.37811e-16 0)
(5 5.17203e-16 0)
(5 5.27747e-16 0)
(5 -9.30588e-17 0)
(5 -8.92264e-16 0)
(5 -9.38808e-16 0)
(5 -2.49064e-16 0)
(5 1.89273e-16 0)
(5 -3.05419e-15 0)
(5 -4.12134e-15 0)
(5 -3.0303e-15 0)
(5 -2.88645e-15 0)
(5 2.47836e-16 0)
(5 9.492e-16 0)
(5 -7.7279e-16 0)
(5 -3.14727e-15 0)
(5 -4.03859e-15 0)
(5 -4.05219e-15 0)
(5 -2.62895e-15 0)
(5 -3.1397e-15 0)
(5 -3.3379e-15 0)
(5 -3.88546e-15 0)
(5 -5.71079e-15 0)
(5 -6.94956e-15 0)
(5 -5.65568e-15 0)
(5 -2.96715e-15 0)
(5 -4.68044e-16 0)
(5 -6.82309e-16 0)
(5 2.1382e-16 0)
(5 -1.06715e-15 0)
(5 -1.70146e-15 0)
(5 -3.64405e-15 0)
(5 -4.01841e-15 0)
(5 -4.15225e-15 0)
(5 -3.63374e-15 0)
(5 -2.10354e-15 0)
(5 -1.44637e-15 0)
(5 3.27411e-16 0)
(5 8.85563e-16 0)
(5 8.4141e-16 0)
(5 1.45959e-15 0)
(5 1.96351e-15 0)
(5 1.95714e-15 0)
(5 2.21243e-15 0)
(5 1.1549e-15 0)
(5 7.47014e-16 0)
(5 5.35537e-16 0)
(5 9.00172e-16 0)
(5 9.87415e-16 0)
(5 1.70656e-15 0)
(5 2.27067e-15 0)
(5 2.94061e-15 0)
(5 5.13042e-15 0)
(5 5.78515e-15 0)
(5 4.86475e-15 0)
(5.00001 -1.56024e-06 0)
(2.02759 0.593386 0)
(1.05824 0.546788 0)
(1.04794 0.600716 0)
(1.03102 0.625896 0)
(1.01249 0.62894 0)
(0.991976 0.625353 0)
(0.968821 0.61673 0)
(0.936029 0.605178 0)
(0.891237 0.592447 0)
(0.840597 0.579793 0)
(0.790115 0.567339 0)
(0.744674 0.556552 0)
(0.706927 0.549282 0)
(0.677228 0.548219 0)
(0.654931 0.554428 0)
(0.638786 0.566745 0)
(0.626701 0.583621 0)
(0.616 0.603859 0)
(0.605669 0.62607 0)
(0.59024 0.645857 0)
(0.568357 0.660939 0)
(0.540577 0.670482 0)
(0.508199 0.675582 0)
(0.472462 0.678044 0)
(0.434645 0.679405 0)
(0.395961 0.68085 0)
(0.357019 0.684469 0)
(0.318612 0.690982 0)
(0.279995 0.699237 0)
(0.24009 0.706318 0)
(0.198775 0.713777 0)
(0.155309 0.716491 0)
(0.111481 0.724088 0)
(0.0666512 0.730046 0)
(0.0228414 0.740659 0)
(5 2.74408e-16 0)
(5 -2.80947e-16 0)
(5 -9.04056e-16 0)
(5 -1.69687e-15 0)
(5 -1.93108e-15 0)
(5 -1.90552e-15 0)
(5 -2.50782e-16 0)
(5 3.89848e-16 0)
(5 8.23777e-16 0)
(5 1.76197e-15 0)
(5 2.48503e-15 0)
(5 1.74483e-15 0)
(5 6.56683e-17 0)
(5 -2.18069e-15 0)
(5 -2.76075e-15 0)
(5 -3.64215e-15 0)
(5 -2.86407e-15 0)
(5 -1.44977e-15 0)
(5 -1.83855e-15 0)
(5 -2.76606e-15 0)
(5 -3.24996e-15 0)
(5 -3.59661e-15 0)
(5 -3.09413e-15 0)
(5 -2.62793e-15 0)
(5 -2.2053e-15 0)
(5 -2.8609e-15 0)
(5 -3.15805e-15 0)
(5 -3.48431e-15 0)
(5 -3.718e-15 0)
(5 -3.78189e-15 0)
(5 -5.5253e-15 0)
(5 -7.08406e-15 0)
(5 -6.90639e-15 0)
(5 -6.32627e-15 0)
(5 -3.39904e-15 0)
(5 -1.14441e-15 0)
(5 -1.81206e-15 0)
(5 -5.91082e-15 0)
(5 -6.82297e-15 0)
(5 -7.87788e-15 0)
(5 -5.7753e-15 0)
(5 -2.57929e-15 0)
(5 1.73486e-15 0)
(5 2.78514e-15 0)
(5 2.3219e-15 0)
(5 1.40049e-15 0)
(5 5.78638e-16 0)
(5 2.86767e-15 0)
(5 5.23601e-15 0)
(5 4.97708e-15 0)
(5 3.58852e-15 0)
(5 1.77386e-15 0)
(5 2.07821e-15 0)
(5 2.07889e-15 0)
(5 3.47871e-15 0)
(5 4.31354e-15 0)
(5 5.56962e-15 0)
(5 7.72671e-15 0)
(5 8.41148e-15 0)
(5 4.34298e-15 0)
(5 -2.13702e-07 0)
(2.47509 0.647926 0)
(1.08981 0.588115 0)
(0.985717 0.60904 0)
(0.978408 0.61876 0)
(0.974963 0.628503 0)
(0.969131 0.635055 0)
(0.95749 0.637429 0)
(0.941423 0.636547 0)
(0.917231 0.632318 0)
(0.880542 0.624884 0)
(0.835351 0.614115 0)
(0.787193 0.600569 0)
(0.741318 0.587537 0)
(0.701897 0.578568 0)
(0.67055 0.577461 0)
(0.646883 0.584802 0)
(0.629648 0.59875 0)
(0.616324 0.617446 0)
(0.60462 0.639834 0)
(0.593151 0.663853 0)
(0.576725 0.685152 0)
(0.553722 0.700914 0)
(0.524834 0.711245 0)
(0.491226 0.71754 0)
(0.454226 0.721269 0)
(0.415198 0.723765 0)
(0.375178 0.727637 0)
(0.33521 0.734332 0)
(0.294887 0.74368 0)
(0.25314 0.752491 0)
(0.209909 0.762045 0)
(0.164242 0.766489 0)
(0.117905 0.774877 0)
(0.070441 0.781116 0)
(0.0239761 0.791672 0)
(5 -3.29521e-16 0)
(5 8.27987e-17 0)
(5 2.8325e-16 0)
(5 3.87445e-16 0)
(5 -1.02124e-15 0)
(5 -5.34868e-16 0)
(5 -4.41472e-16 0)
(5 -7.38762e-16 0)
(5 1.16648e-15 0)
(5 2.83712e-15 0)
(5 3.26621e-15 0)
(5 1.76512e-15 0)
(5 7.20549e-17 0)
(5 -2.39975e-16 0)
(5 -1.60465e-15 0)
(5 -1.95626e-15 0)
(5 -7.06499e-16 0)
(5 6.33351e-16 0)
(5 -4.41507e-16 0)
(5 -1.67776e-15 0)
(5 -2.64254e-15 0)
(5 -2.53757e-15 0)
(5 -1.90932e-15 0)
(5 -1.43066e-15 0)
(5 2.14324e-16 0)
(5 4.79593e-16 0)
(5 -2.3159e-16 0)
(5 -2.84903e-16 0)
(5 -4.61263e-16 0)
(5 -7.11644e-16 0)
(5 -2.59712e-16 0)
(5 -7.93387e-16 0)
(5 -1.88704e-15 0)
(5 -3.56685e-15 0)
(5 -3.19479e-15 0)
(5 -2.26809e-15 0)
(5 -2.19509e-15 0)
(5 -4.67346e-15 0)
(5 -7.37988e-15 0)
(5 -7.40582e-15 0)
(5 -7.17588e-15 0)
(5 -3.55693e-15 0)
(5 2.52709e-15 0)
(5 4.43831e-15 0)
(5 1.78317e-15 0)
(5 6.2474e-16 0)
(5 -1.19981e-15 0)
(5 -1.64362e-16 0)
(5 3.23824e-15 0)
(5 5.92015e-15 0)
(5 5.66728e-15 0)
(5 3.39044e-15 0)
(5 -6.86991e-16 0)
(5 -2.14646e-15 0)
(5 7.78767e-16 0)
(5 5.8414e-15 0)
(5 5.00016e-15 0)
(5 5.10847e-15 0)
(5 5.38018e-15 0)
(5 3.15897e-15 0)
(5 -5.44347e-09 0)
(3.14619 0.726402 0)
(1.12937 0.707728 0)
(0.971244 0.635239 0)
(0.959969 0.625378 0)
(0.953288 0.627752 0)
(0.950693 0.635916 0)
(0.943443 0.64216 0)
(0.931722 0.648061 0)
(0.918514 0.656702 0)
(0.896994 0.659493 0)
(0.865834 0.656435 0)
(0.825826 0.647153 0)
(0.781283 0.632957 0)
(0.736824 0.618895 0)
(0.697256 0.609955 0)
(0.664916 0.609581 0)
(0.640352 0.618081 0)
(0.622411 0.633689 0)
(0.60841 0.654756 0)
(0.596005 0.679552 0)
(0.583365 0.705136 0)
(0.565268 0.727193 0)
(0.540635 0.743914 0)
(0.510075 0.755469 0)
(0.474961 0.762971 0)
(0.436276 0.767785 0)
(0.395962 0.772614 0)
(0.35492 0.7798 0)
(0.313424 0.790235 0)
(0.270401 0.800811 0)
(0.225657 0.812721 0)
(0.177706 0.819555 0)
(0.128258 0.829399 0)
(0.0769629 0.836483 0)
(0.026189 0.847242 0)
(5 1.40422e-16 0)
(5 5.02058e-16 0)
(5 2.08673e-16 0)
(5 1.44747e-16 0)
(5 -6.96228e-16 0)
(5 -9.79118e-16 0)
(5 -7.47106e-16 0)
(5 -2.19348e-16 0)
(5 -6.12954e-16 0)
(5 7.34781e-17 0)
(5 -5.17588e-16 0)
(5 -4.09504e-16 0)
(5 1.3582e-15 0)
(5 2.36498e-15 0)
(5 2.58242e-15 0)
(5 2.03193e-15 0)
(5 7.66022e-16 0)
(5 8.871e-17 0)
(5 8.70871e-16 0)
(5 4.35052e-16 0)
(5 -4.18902e-16 0)
(5 -5.6272e-16 0)
(5 1.80602e-15 0)
(5 2.91583e-15 0)
(5 3.24236e-15 0)
(5 3.03839e-15 0)
(5 1.10555e-15 0)
(5 -3.49549e-15 0)
(5 -4.97338e-15 0)
(5 -3.77409e-15 0)
(5 3.55249e-16 0)
(5 2.06513e-15 0)
(5 1.89032e-15 0)
(5 -1.47719e-15 0)
(5 -2.81198e-15 0)
(5 -3.83906e-15 0)
(5 -3.02972e-15 0)
(5 -9.74328e-16 0)
(5 -2.01451e-16 0)
(5 -8.65971e-16 0)
(5 -1.61467e-15 0)
(5 -9.30215e-16 0)
(5 2.10776e-15 0)
(5 2.27604e-15 0)
(5 2.55118e-15 0)
(5 2.46236e-15 0)
(5 2.20459e-15 0)
(5 1.51794e-15 0)
(5 3.20929e-15 0)
(5 4.09133e-15 0)
(5 5.46867e-15 0)
(5 6.2633e-15 0)
(5 2.87627e-15 0)
(5 1.83713e-15 0)
(5 3.10563e-15 0)
(5 6.55678e-15 0)
(5 4.31497e-15 0)
(5 1.2383e-15 0)
(5 2.1555e-15 0)
(5 3.2799e-15 0)
(5 -3.01987e-11 0)
(4.28176 0.644453 0)
(1.30635 0.821791 0)
(1.05812 0.667734 0)
(1.02122 0.635918 0)
(0.98518 0.640307 0)
(0.96012 0.647139 0)
(0.942021 0.655485 0)
(0.925795 0.661001 0)
(0.911346 0.668877 0)
(0.898742 0.680277 0)
(0.879305 0.685921 0)
(0.852459 0.684246 0)
(0.81715 0.675863 0)
(0.776122 0.662675 0)
(0.733228 0.650389 0)
(0.693773 0.643151 0)
(0.660889 0.644139 0)
(0.635464 0.654137 0)
(0.617452 0.672068 0)
(0.60286 0.695687 0)
(0.590231 0.722915 0)
(0.575691 0.749829 0)
(0.555588 0.773131 0)
(0.528778 0.791108 0)
(0.496095 0.803876 0)
(0.458824 0.812379 0)
(0.418782 0.819222 0)
(0.376785 0.827662 0)
(0.333648 0.83978 0)
(0.288458 0.852835 0)
(0.24129 0.867949 0)
(0.190273 0.878081 0)
(0.137507 0.889881 0)
(0.0826395 0.898163 0)
(0.0277154 0.908999 0)
(5 -1.16008e-17 0)
(5 8.64422e-18 0)
(5 -1.09733e-17 0)
(5 4.51177e-16 0)
(5 1.06924e-15 0)
(5 1.2715e-15 0)
(5 6.75234e-16 0)
(5 8.73899e-16 0)
(5 4.55371e-16 0)
(5 -8.4673e-16 0)
(5 -1.39569e-17 0)
(5 5.86273e-16 0)
(5 1.54332e-15 0)
(5 2.59861e-15 0)
(5 3.26842e-15 0)
(5 3.36586e-15 0)
(5 2.40594e-15 0)
(5 3.05633e-16 0)
(5 -3.65185e-16 0)
(5 -3.75199e-18 0)
(5 3.81689e-16 0)
(5 8.46542e-16 0)
(5 1.37898e-15 0)
(5 1.60227e-15 0)
(5 1.69279e-15 0)
(5 1.437e-15 0)
(5 3.86191e-16 0)
(5 -3.23602e-15 0)
(5 -5.41044e-15 0)
(5 -6.06231e-15 0)
(5 -2.14251e-15 0)
(5 -2.56129e-16 0)
(5 9.09896e-16 0)
(5 -2.62446e-15 0)
(5 -4.13949e-15 0)
(5 -4.68475e-15 0)
(5 -3.86219e-15 0)
(5 -1.77978e-15 0)
(5 -2.00675e-16 0)
(5 9.70343e-16 0)
(5 1.15034e-15 0)
(5 5.13648e-16 0)
(5 -8.60415e-16 0)
(5 -9.42385e-16 0)
(5 -7.07048e-16 0)
(5 -1.31392e-15 0)
(5 -2.367e-15 0)
(5 -2.05223e-15 0)
(5 -1.18583e-15 0)
(5 -4.70688e-16 0)
(5 1.59773e-15 0)
(5 2.71753e-16 0)
(5 -1.1383e-15 0)
(5 -1.46911e-16 0)
(5 2.31319e-15 0)
(5 2.80797e-15 0)
(5 3.03603e-15 0)
(5 2.09152e-15 0)
(5 1.6564e-15 0)
(5 1.59198e-15 0)
(5 -5.80943e-14 0)
(5.22407 0.053645 0)
(1.71475 0.785954 0)
(1.18397 0.707454 0)
(1.13662 0.688523 0)
(1.06585 0.685164 0)
(1.00431 0.67946 0)
(0.960591 0.679071 0)
(0.931412 0.68085 0)
(0.910118 0.684999 0)
(0.895169 0.6939 0)
(0.882598 0.70451 0)
(0.864905 0.710411 0)
(0.841119 0.709949 0)
(0.808816 0.704047 0)
(0.770513 0.693774 0)
(0.729543 0.683848 0)
(0.690914 0.678441 0)
(0.658086 0.680554 0)
(0.633109 0.693131 0)
(0.614688 0.71378 0)
(0.600392 0.740461 0)
(0.586653 0.770097 0)
(0.570273 0.798953 0)
(0.547739 0.823774 0)
(0.518375 0.842936 0)
(0.48343 0.856477 0)
(0.444229 0.866872 0)
(0.40217 0.877654 0)
(0.35843 0.891998 0)
(0.312369 0.907708 0)
(0.26394 0.926283 0)
(0.210751 0.940542 0)
(0.153998 0.955677 0)
(0.0933199 0.966611 0)
(0.031508 0.978291 0)
(5 -1.20269e-16 0)
(5 -2.73646e-16 0)
(5 -8.88889e-17 0)
(5 -9.28448e-17 0)
(5 -1.41005e-16 0)
(5 -2.322e-16 0)
(5 -9.23303e-16 0)
(5 -1.40923e-15 0)
(5 -1.89949e-15 0)
(5 -2.5929e-15 0)
(5 -2.0927e-15 0)
(5 -2.48902e-16 0)
(5 3.57063e-16 0)
(5 -5.73963e-16 0)
(5 -1.80493e-15 0)
(5 -1.48741e-15 0)
(5 -9.84929e-16 0)
(5 -8.3163e-17 0)
(5 -3.32752e-16 0)
(5 -1.13896e-16 0)
(5 -4.00555e-16 0)
(5 -9.17293e-17 0)
(5 3.35045e-16 0)
(5 -9.83174e-18 0)
(5 1.00907e-15 0)
(5 2.96042e-15 0)
(5 2.8415e-15 0)
(5 2.59558e-16 0)
(5 1.33693e-16 0)
(5 -3.53497e-16 0)
(5 -5.65188e-16 0)
(5 -9.1788e-16 0)
(5 -5.89374e-16 0)
(5 -4.09998e-16 0)
(5 -3.75368e-15 0)
(5 -3.79032e-15 0)
(5 -3.5412e-15 0)
(5 -2.57142e-15 0)
(5 -2.54403e-15 0)
(5 -2.03866e-15 0)
(5 1.17036e-15 0)
(5 1.76368e-15 0)
(5 -2.26277e-15 0)
(5 -2.84075e-15 0)
(5 -2.55206e-15 0)
(5 -2.18847e-15 0)
(5 -2.30504e-15 0)
(5 -1.25179e-15 0)
(5 -6.9318e-16 0)
(5 1.18266e-15 0)
(5 -3.44872e-16 0)
(5 -1.90048e-15 0)
(5 -1.49542e-15 0)
(5 2.94758e-16 0)
(5 2.06241e-15 0)
(5 2.61459e-15 0)
(5 2.5985e-15 0)
(5 2.6378e-15 0)
(5 2.76184e-15 0)
(5 2.4137e-15 0)
(5 7.63089e-16 0)
(5.01402 -0.00126389 0)
(1.93063 0.722001 0)
(1.17623 0.7768 0)
(1.13754 0.772318 0)
(1.08669 0.760022 0)
(1.04152 0.734914 0)
(0.991207 0.71879 0)
(0.951497 0.708402 0)
(0.921648 0.705949 0)
(0.899893 0.710764 0)
(0.884649 0.719542 0)
(0.871289 0.728397 0)
(0.85457 0.734341 0)
(0.831791 0.736688 0)
(0.801251 0.733783 0)
(0.764787 0.726901 0)
(0.725467 0.719854 0)
(0.688008 0.715585 0)
(0.656154 0.720404 0)
(0.632003 0.735885 0)
(0.614204 0.759962 0)
(0.599645 0.7899 0)
(0.585128 0.8224 0)
(0.566619 0.853482 0)
(0.541502 0.879847 0)
(0.509553 0.89985 0)
(0.47225 0.915186 0)
(0.430949 0.929366 0)
(0.38688 0.946927 0)
(0.339088 0.966749 0)
(0.287827 0.990823 0)
(0.230573 1.01162 0)
(0.168842 1.03193 0)
(0.102487 1.04669 0)
(0.0336093 1.05905 0)
(5 5.41356e-16 0)
(5 2.62865e-16 0)
(5 2.0742e-16 0)
(5 -1.07273e-16 0)
(5 -2.6013e-16 0)
(5 9.38888e-17 0)
(5 -2.34648e-18 0)
(5 -4.51644e-16 0)
(5 -1.15071e-15 0)
(5 -4.59429e-16 0)
(5 -3.86329e-16 0)
(5 -3.78148e-16 0)
(5 -4.73946e-16 0)
(5 -2.51967e-15 0)
(5 -4.15798e-15 0)
(5 -4.56812e-15 0)
(5 -1.88799e-15 0)
(5 -1.4016e-15 0)
(5 7.32008e-16 0)
(5 1.84352e-15 0)
(5 1.71959e-15 0)
(5 1.94173e-15 0)
(5 1.07107e-15 0)
(5 7.07718e-16 0)
(5 2.61359e-15 0)
(5 2.83222e-15 0)
(5 1.83496e-15 0)
(5 1.26407e-15 0)
(5 2.24109e-15 0)
(5 2.06833e-15 0)
(5 -7.7023e-16 0)
(5 -2.63457e-15 0)
(5 -4.48137e-15 0)
(5 -3.89534e-15 0)
(5 -2.21466e-15 0)
(5 -1.08278e-15 0)
(5 -3.05867e-15 0)
(5 -4.61002e-15 0)
(5 -4.82656e-15 0)
(5 -3.34622e-15 0)
(5 -2.08617e-15 0)
(5 -5.40715e-16 0)
(5 -1.28804e-15 0)
(5 -2.1475e-15 0)
(5 -1.8253e-15 0)
(5 9.4139e-16 0)
(5 3.91427e-15 0)
(5 3.44136e-15 0)
(5 3.19849e-15 0)
(5 2.72018e-15 0)
(5 1.7789e-15 0)
(5 2.16576e-15 0)
(5 3.14799e-15 0)
(5 4.03908e-15 0)
(5 4.33166e-15 0)
(5 5.3267e-15 0)
(5 6.76999e-15 0)
(5 6.02963e-15 0)
(5 4.96757e-15 0)
(5 3.28066e-15 0)
(5 9.42834e-16 0)
(5.00003 -2.53525e-06 0)
(2.35406 0.740571 0)
(1.12735 0.783303 0)
(1.08552 0.787566 0)
(1.05894 0.784119 0)
(1.0356 0.772223 0)
(1.00834 0.756553 0)
(0.975653 0.74243 0)
(0.943323 0.733279 0)
(0.915472 0.731414 0)
(0.894391 0.736195 0)
(0.878716 0.744003 0)
(0.864786 0.752385 0)
(0.848579 0.760452 0)
(0.825856 0.765427 0)
(0.796934 0.764855 0)
(0.761949 0.761017 0)
(0.724197 0.755343 0)
(0.687908 0.753947 0)
(0.657162 0.762611 0)
(0.634172 0.78239 0)
(0.616634 0.810603 0)
(0.602094 0.844585 0)
(0.586533 0.880306 0)
(0.566319 0.913498 0)
(0.538682 0.94084 0)
(0.504273 0.962686 0)
(0.464428 0.982144 0)
(0.420985 1.00469 0)
(0.37343 1.02979 0)
(0.322494 1.05981 0)
(0.264505 1.08784 0)
(0.19888 1.11588 0)
(0.123608 1.1386 0)
(0.0416217 1.15457 0)
(5 -7.81483e-17 0)
(5 -1.8999e-18 0)
(5 8.13377e-17 0)
(5 4.15203e-16 0)
(5 6.64442e-16 0)
(5 5.54714e-16 0)
(5 2.69112e-16 0)
(5 6.76171e-17 0)
(5 5.16031e-17 0)
(5 5.43248e-17 0)
(5 2.86844e-17 0)
(5 -1.21102e-15 0)
(5 -2.13705e-15 0)
(5 -1.49342e-15 0)
(5 -4.41369e-16 0)
(5 -1.22369e-15 0)
(5 -1.42107e-15 0)
(5 -2.10354e-15 0)
(5 -8.32932e-16 0)
(5 -1.25272e-16 0)
(5 1.06311e-15 0)
(5 2.12187e-16 0)
(5 -7.95158e-16 0)
(5 -8.78028e-16 0)
(5 8.33856e-16 0)
(5 7.25218e-16 0)
(5 2.0028e-15 0)
(5 3.27772e-15 0)
(5 3.5642e-15 0)
(5 5.28891e-16 0)
(5 -2.46838e-16 0)
(5 -2.38809e-15 0)
(5 -4.31552e-15 0)
(5 -3.64101e-15 0)
(5 -2.6911e-15 0)
(5 -3.32199e-15 0)
(5 -5.23991e-15 0)
(5 -6.64748e-15 0)
(5 -4.69352e-15 0)
(5 -2.50109e-15 0)
(5 -2.84832e-15 0)
(5 -1.82787e-15 0)
(5 -2.96541e-16 0)
(5 -6.1344e-16 0)
(5 -3.29188e-15 0)
(5 -2.92747e-15 0)
(5 2.95784e-16 0)
(5 1.31624e-15 0)
(5 3.38489e-15 0)
(5 5.32004e-15 0)
(5 5.92622e-15 0)
(5 6.01104e-15 0)
(5 5.82334e-15 0)
(5 3.95863e-15 0)
(5 2.95816e-15 0)
(5 3.47229e-15 0)
(5 5.16762e-15 0)
(5 5.51873e-15 0)
(5 3.95563e-15 0)
(5 7.01581e-16 0)
(5 -5.81863e-16 0)
(5 -1.00963e-06 0)
(3.14282 0.825058 0)
(1.16217 0.87083 0)
(1.03311 0.802132 0)
(1.02593 0.790662 0)
(1.01728 0.78322 0)
(1.00435 0.776728 0)
(0.985045 0.77073 0)
(0.959642 0.763669 0)
(0.932881 0.758238 0)
(0.90869 0.757373 0)
(0.88928 0.761451 0)
(0.873624 0.769078 0)
(0.859867 0.779671 0)
(0.843219 0.790663 0)
(0.82087 0.797686 0)
(0.792783 0.800216 0)
(0.759508 0.797853 0)
(0.723577 0.79461 0)
(0.689133 0.796544 0)
(0.660476 0.809983 0)
(0.63868 0.83413 0)
(0.622463 0.866832 0)
(0.608043 0.90499 0)
(0.591772 0.94412 0)
(0.569363 0.979676 0)
(0.539423 1.0097 0)
(0.50283 1.03581 0)
(0.461685 1.06411 0)
(0.41492 1.09578 0)
(0.362717 1.13516 0)
(0.300461 1.17678 0)
(0.227748 1.21977 0)
(0.142911 1.25682 0)
(0.045922 1.27931 0)
(5 -9.47917e-17 0)
(5 -2.00291e-16 0)
(5 -1.93397e-16 0)
(5 -2.10497e-17 0)
(5 -6.19973e-16 0)
(5 -1.55472e-15 0)
(5 -5.87742e-16 0)
(5 -8.10706e-16 0)
(5 -5.63554e-16 0)
(5 -2.67476e-16 0)
(5 -1.16541e-15 0)
(5 -1.33019e-15 0)
(5 -1.61588e-15 0)
(5 -2.58941e-15 0)
(5 -2.84349e-15 0)
(5 -2.66292e-15 0)
(5 -3.04098e-15 0)
(5 -2.44858e-15 0)
(5 -1.00985e-15 0)
(5 -1.27502e-15 0)
(5 -2.98889e-15 0)
(5 -1.63803e-15 0)
(5 -1.96157e-16 0)
(5 1.44024e-15 0)
(5 2.84287e-15 0)
(5 3.1407e-15 0)
(5 3.80465e-15 0)
(5 5.43511e-15 0)
(5 5.38849e-15 0)
(5 1.15501e-15 0)
(5 -1.49598e-15 0)
(5 -3.94219e-15 0)
(5 -4.36936e-15 0)
(5 -3.5287e-15 0)
(5 -2.39526e-15 0)
(5 -1.79836e-15 0)
(5 1.0402e-15 0)
(5 1.84764e-15 0)
(5 2.36098e-15 0)
(5 1.04914e-15 0)
(5 -5.07111e-16 0)
(5 -3.97595e-17 0)
(5 3.96288e-16 0)
(5 -1.18163e-15 0)
(5 -3.61926e-15 0)
(5 -4.84622e-15 0)
(5 -1.98275e-15 0)
(5 2.06791e-15 0)
(5 7.73396e-15 0)
(5 8.97966e-15 0)
(5 8.40046e-15 0)
(5 5.73177e-15 0)
(5 4.02354e-15 0)
(5 4.16511e-15 0)
(5 4.01801e-15 0)
(5 4.50009e-15 0)
(5 7.47009e-15 0)
(5 8.85818e-15 0)
(5 8.65425e-15 0)
(5 4.08065e-15 0)
(5 -3.08649e-16 0)
(5 -7.05094e-08 0)
(4.5368 0.652689 0)
(1.36963 1.01639 0)
(1.08772 0.824595 0)
(1.06238 0.793511 0)
(1.03519 0.791591 0)
(1.01594 0.794385 0)
(0.996557 0.792851 0)
(0.975225 0.789102 0)
(0.951398 0.784904 0)
(0.926943 0.781862 0)
(0.904896 0.781952 0)
(0.88623 0.786743 0)
(0.871381 0.796776 0)
(0.858448 0.80987 0)
(0.842307 0.821745 0)
(0.821608 0.83027 0)
(0.794994 0.833896 0)
(0.76306 0.834367 0)
(0.728302 0.835104 0)
(0.695184 0.843194 0)
(0.668003 0.862236 0)
(0.647424 0.891642 0)
(0.632484 0.929364 0)
(0.618908 0.971706 0)
(0.602508 1.01389 0)
(0.579224 1.05259 0)
(0.547684 1.08771 0)
(0.510179 1.12496 0)
(0.466387 1.1664 0)
(0.418102 1.21755 0)
(0.360578 1.27377 0)
(0.28888 1.33413 0)
(0.19487 1.39534 0)
(0.0643903 1.43303 0)
(5 -2.3807e-16 0)
(5 -5.68132e-16 0)
(5 -5.14625e-16 0)
(5 -5.85905e-16 0)
(5 -1.87664e-16 0)
(5 3.1669e-16 0)
(5 7.79058e-16 0)
(5 -1.179e-15 0)
(5 -1.50786e-15 0)
(5 -1.62818e-15 0)
(5 -2.14498e-15 0)
(5 -1.72027e-15 0)
(5 -1.529e-15 0)
(5 -3.0055e-15 0)
(5 -3.66755e-15 0)
(5 -2.58864e-15 0)
(5 -1.89308e-15 0)
(5 -1.34131e-15 0)
(5 -1.68111e-15 0)
(5 -2.50108e-15 0)
(5 -3.28627e-15 0)
(5 -2.62112e-15 0)
(5 -1.66748e-15 0)
(5 2.71595e-16 0)
(5 2.22344e-15 0)
(5 1.80818e-15 0)
(5 2.18864e-15 0)
(5 2.39076e-15 0)
(5 1.26487e-15 0)
(5 4.63958e-17 0)
(5 -1.70867e-15 0)
(5 -3.8363e-15 0)
(5 -4.58704e-15 0)
(5 -5.3046e-17 0)
(5 6.11657e-15 0)
(5 6.69696e-15 0)
(5 7.98483e-15 0)
(5 7.47605e-15 0)
(5 7.26906e-15 0)
(5 1.55708e-15 0)
(5 -2.74963e-17 0)
(5 9.22872e-16 0)
(5 6.98869e-16 0)
(5 9.9468e-16 0)
(5 1.14345e-15 0)
(5 8.20314e-16 0)
(5 3.52693e-15 0)
(5 6.14553e-15 0)
(5 6.51357e-15 0)
(5 5.87146e-15 0)
(5 5.8e-15 0)
(5 5.32531e-15 0)
(5 4.60315e-15 0)
(5 4.80725e-15 0)
(5 4.57736e-15 0)
(5 3.98898e-15 0)
(5 8.09918e-15 0)
(5 9.99406e-15 0)
(5 1.25816e-14 0)
(5 7.62602e-15 0)
(5 -9.05063e-16 0)
(5 -9.51104e-10 0)
(5.23258 0.0431421 0)
(1.96763 1.1449 0)
(1.17985 0.866601 0)
(1.15911 0.832553 0)
(1.09875 0.821603 0)
(1.05742 0.813722 0)
(1.02732 0.812776 0)
(1.00106 0.812586 0)
(0.975736 0.810965 0)
(0.950884 0.808412 0)
(0.926822 0.806761 0)
(0.904674 0.808321 0)
(0.885771 0.816007 0)
(0.87076 0.829312 0)
(0.85655 0.84411 0)
(0.840939 0.857433 0)
(0.821492 0.866699 0)
(0.797657 0.871985 0)
(0.769164 0.874996 0)
(0.737705 0.880537 0)
(0.707608 0.894615 0)
(0.682017 0.919275 0)
(0.663251 0.954608 0)
(0.649233 0.99801 0)
(0.636038 1.04547 0)
(0.620457 1.09271 0)
(0.598278 1.13735 0)
(0.570877 1.18381 0)
(0.535887 1.23475 0)
(0.497018 1.2995 0)
(0.446017 1.37945 0)
(0.380188 1.48263 0)
(0.281983 1.60408 0)
(0.154776 1.71147 0)
(5 4.10389e-17 0)
(5 2.85118e-17 0)
(5 -1.48868e-16 0)
(5 -1.34995e-16 0)
(5 1.64246e-16 0)
(5 6.52769e-16 0)
(5 3.75702e-16 0)
(5 9.5871e-17 0)
(5 -4.69562e-18 0)
(5 -3.26105e-16 0)
(5 -1.0133e-16 0)
(5 9.08106e-16 0)
(5 1.67142e-15 0)
(5 1.90192e-15 0)
(5 2.72574e-15 0)
(5 2.39027e-15 0)
(5 9.37186e-16 0)
(5 1.16657e-16 0)
(5 -1.00251e-15 0)
(5 -1.91907e-15 0)
(5 -2.66423e-15 0)
(5 -2.91221e-15 0)
(5 -3.31135e-15 0)
(5 -1.75921e-15 0)
(5 -3.85665e-16 0)
(5 1.96958e-16 0)
(5 5.17348e-16 0)
(5 4.77707e-16 0)
(5 8.57334e-16 0)
(5 7.03724e-16 0)
(5 -2.10618e-17 0)
(5 -4.7537e-16 0)
(5 -3.80239e-16 0)
(5 1.12544e-15 0)
(5 1.69086e-15 0)
(5 2.79894e-15 0)
(5 2.85236e-15 0)
(5 2.54264e-15 0)
(5 1.51245e-15 0)
(5 7.8837e-16 0)
(5 1.11448e-15 0)
(5 1.74303e-15 0)
(5 2.1501e-15 0)
(5 2.5509e-15 0)
(5 4.37063e-15 0)
(5 6.54015e-15 0)
(5 5.5667e-15 0)
(5 1.22609e-15 0)
(5 -2.23106e-16 0)
(5 -1.11205e-15 0)
(5 -1.56262e-15 0)
(5 5.15e-16 0)
(5 2.8826e-15 0)
(5 2.33446e-15 0)
(5 2.28032e-15 0)
(5 2.13811e-15 0)
(5 4.89753e-15 0)
(5 6.35503e-15 0)
(5 7.47113e-15 0)
(5 -3.19678e-15 0)
(5 -5.41396e-15 0)
(5 -2.65e-11 0)
(5.00223 0.000965526 0)
(4.4022 0.455111 0)
(1.51368 0.973238 0)
(1.18077 0.941183 0)
(1.16301 0.92107 0)
(1.13866 0.901288 0)
(1.11069 0.889856 0)
(1.08494 0.879949 0)
(1.05845 0.877023 0)
(1.03345 0.874527 0)
(1.00825 0.873326 0)
(0.983562 0.873342 0)
(0.959978 0.875847 0)
(0.938937 0.884659 0)
(0.920462 0.897958 0)
(0.903914 0.913685 0)
(0.887566 0.929396 0)
(0.870261 0.944073 0)
(0.851357 0.957591 0)
(0.83035 0.970189 0)
(0.808428 0.984636 0)
(0.786879 1.00426 0)
(0.767808 1.03187 0)
(0.75395 1.06986 0)
(0.743508 1.11695 0)
(0.738342 1.17247 0)
(0.732088 1.23327 0)
(0.731298 1.30038 0)
(0.727253 1.37316 0)
(0.736665 1.4628 0)
(0.746661 1.57616 0)
(0.791903 1.71093 0)
(0.917207 1.86954 0)
(1.26166 2.08752 0)
(5 1.12112e-16 0)
(5 2.86362e-16 0)
(5 1.5839e-16 0)
(5 -1.55213e-16 0)
(5 -2.55309e-16 0)
(5 -4.04726e-16 0)
(5 -1.98309e-17 0)
(5 7.16291e-16 0)
(5 9.19728e-16 0)
(5 4.50255e-16 0)
(5 5.01437e-16 0)
(5 1.0592e-15 0)
(5 1.16755e-15 0)
(5 1.17715e-15 0)
(5 1.08219e-15 0)
(5 7.84446e-16 0)
(5 6.80544e-16 0)
(5 9.99242e-16 0)
(5 9.7288e-16 0)
(5 2.27052e-16 0)
(5 -2.48042e-16 0)
(5 -3.60993e-15 0)
(5 -4.62706e-15 0)
(5 -4.16662e-15 0)
(5 -3.72849e-15 0)
(5 -3.63295e-15 0)
(5 -3.10653e-15 0)
(5 -1.76973e-17 0)
(5 1.18976e-15 0)
(5 1.1829e-15 0)
(5 1.75743e-15 0)
(5 3.49084e-15 0)
(5 4.31608e-15 0)
(5 4.17506e-15 0)
(5 3.97726e-15 0)
(5 4.12363e-15 0)
(5 3.16992e-15 0)
(5 2.6907e-15 0)
(5 3.05335e-15 0)
(5 3.6345e-15 0)
(5 1.76195e-15 0)
(5 1.06581e-15 0)
(5 1.04231e-15 0)
(5 1.09167e-15 0)
(5 8.07987e-16 0)
(5 5.77316e-16 0)
(5 5.42211e-16 0)
(5 5.30802e-17 0)
(5 -6.03736e-17 0)
(5 -6.63865e-16 0)
(5 -3.11423e-15 0)
(5 -3.33624e-15 0)
(5 -2.75817e-15 0)
(5 -1.77995e-15 0)
(5 -1.58263e-15 0)
(5 -1.63633e-15 0)
(5 -3.23809e-15 0)
(5 -6.07368e-15 0)
(5 -3.88126e-15 0)
(5 -3.55184e-15 0)
(5 -1.51431e-15 0)
(5 -2.43789e-14 0)
(5 1.48619e-07 0)
(5.00762 0.00861973 0)
(4.14148 0.550957 0)
(1.45713 0.913433 0)
(1.21922 0.963528 0)
(1.21482 0.983346 0)
(1.20452 0.986424 0)
(1.18754 0.992167 0)
(1.16896 0.992634 0)
(1.14906 0.992527 0)
(1.12829 0.992953 0)
(1.10736 0.993146 0)
(1.08619 0.993841 0)
(1.06532 0.995885 0)
(1.04596 1.00232 0)
(1.02876 1.01137 0)
(1.01397 1.02434 0)
(1.00134 1.03963 0)
(0.990284 1.05784 0)
(0.980921 1.07861 0)
(0.971566 1.10055 0)
(0.964078 1.12515 0)
(0.956652 1.15026 0)
(0.953517 1.18102 0)
(0.953832 1.21781 0)
(0.962828 1.2634 0)
(0.977948 1.31764 0)
(1.00495 1.38061 0)
(1.04308 1.45181 0)
(1.09942 1.53398 0)
(1.18508 1.63388 0)
(1.32738 1.73308 0)
(1.53552 1.82802 0)
(1.84714 1.89493 0)
(5 -1.79038e-16 0)
(5 -1.66859e-16 0)
(5 -1.33496e-17 0)
(5 2.81907e-17 0)
(5 3.48249e-16 0)
(5 -9.44779e-17 0)
(5 -5.51436e-16 0)
(5 -4.8265e-16 0)
(5 -4.8331e-16 0)
(5 -5.75369e-16 0)
(5 -8.08751e-16 0)
(5 -2.33846e-15 0)
(5 -2.539e-15 0)
(5 -2.70787e-15 0)
(5 -2.38455e-15 0)
(5 -1.87784e-15 0)
(5 -8.84555e-16 0)
(5 -5.79622e-17 0)
(5 1.15766e-15 0)
(5 1.23236e-15 0)
(5 1.0737e-15 0)
(5 1.20358e-15 0)
(5 1.15998e-15 0)
(5 3.34948e-16 0)
(5 1.27409e-16 0)
(5 -4.05777e-16 0)
(5 -3.32374e-16 0)
(5 -1.24639e-16 0)
(5 7.84799e-16 0)
(5 2.21931e-15 0)
(5 2.74172e-15 0)
(5 2.99701e-15 0)
(5 2.89569e-15 0)
(5 2.39553e-15 0)
(5 1.67974e-15 0)
(5 1.46573e-15 0)
(5 1.78847e-15 0)
(5 3.92706e-15 0)
(5 4.45678e-15 0)
(5 4.25991e-15 0)
(5 4.65173e-15 0)
(5 3.33694e-15 0)
(5 -1.07407e-15 0)
(5 -3.03062e-15 0)
(5 -4.09558e-15 0)
(5 -4.61494e-15 0)
(5 -5.05502e-15 0)
(5 -2.8261e-15 0)
(5 -2.18017e-15 0)
(5 -3.36918e-16 0)
(5 2.43279e-16 0)
(5 -5.86761e-16 0)
(5 -1.84326e-15 0)
(5 -2.83073e-15 0)
(5 -3.89083e-15 0)
(5 -3.83449e-15 0)
(5 -2.99134e-15 0)
(5 -9.3548e-16 0)
(5 -7.50668e-16 0)
(5 -8.23138e-16 0)
(5 3.24734e-15 0)
(5 1.87557e-15 0)
(5 2.54014e-12 0)
(5 1.50816e-06 0)
(5.0105 0.025988 0)
(4.4843 0.39542 0)
(1.65264 0.94676 0)
(1.3077 1.02654 0)
(1.28756 1.06716 0)
(1.28194 1.07036 0)
(1.26566 1.07953 0)
(1.25208 1.08436 0)
(1.23793 1.08814 0)
(1.22388 1.09262 0)
(1.20968 1.09647 0)
(1.19544 1.10136 0)
(1.18159 1.10552 0)
(1.16872 1.11351 0)
(1.157 1.1205 0)
(1.14802 1.13328 0)
(1.14043 1.14556 0)
(1.13714 1.16436 0)
(1.13548 1.18439 0)
(1.13873 1.20932 0)
(1.14388 1.23534 0)
(1.15418 1.26469 0)
(1.16835 1.29606 0)
(1.19023 1.33181 0)
(1.22046 1.37279 0)
(1.26301 1.4161 0)
(1.31946 1.468 0)
(1.39325 1.51784 0)
(1.49551 1.57717 0)
(1.6301 1.62915 0)
(1.7858 1.66795 0)
(2.00642 1.69187 0)
(5 8.55384e-17 0)
(5 -1.2143e-17 0)
(5 1.79438e-17 0)
(5 4.06401e-16 0)
(5 4.41061e-16 0)
(5 1.74551e-16 0)
(5 -2.42871e-16 0)
(5 -4.6553e-16 0)
(5 -5.86977e-16 0)
(5 -6.72789e-16 0)
(5 4.42888e-16 0)
(5 1.1056e-15 0)
(5 1.13066e-15 0)
(5 1.22697e-15 0)
(5 1.04439e-15 0)
(5 8.60832e-16 0)
(5 1.04715e-15 0)
(5 1.36968e-15 0)
(5 1.87326e-15 0)
(5 1.72922e-15 0)
(5 2.61135e-15 0)
(5 3.99344e-15 0)
(5 5.45391e-15 0)
(5 6.13044e-15 0)
(5 4.61772e-15 0)
(5 1.27025e-15 0)
(5 -5.10108e-16 0)
(5 -1.6663e-15 0)
(5 -2.78264e-15 0)
(5 -3.2471e-15 0)
(5 -3.46052e-15 0)
(5 -3.37552e-15 0)
(5 -3.75876e-15 0)
(5 -4.38565e-15 0)
(5 -3.00391e-15 0)
(5 -1.05141e-15 0)
(5 -7.37178e-16 0)
(5 3.95539e-16 0)
(5 1.74341e-15 0)
(5 3.25584e-15 0)
(5 2.19592e-15 0)
(5 1.31062e-15 0)
(5 1.25009e-15 0)
(5 1.91787e-15 0)
(5 2.75882e-15 0)
(5 1.45911e-15 0)
(5 -1.48561e-15 0)
(5 -2.26518e-15 0)
(5 -1.96531e-15 0)
(5 -1.98594e-15 0)
(5 -1.50625e-15 0)
(5 1.46294e-15 0)
(5 -5.20777e-16 0)
(5 -2.97862e-15 0)
(5 -9.88257e-15 0)
(5 -1.19653e-14 0)
(5 -8.58633e-15 0)
(5 -5.87293e-15 0)
(5 -4.80986e-15 0)
(5 -3.71589e-15 0)
(5 -3.22518e-15 0)
(5 -3.37061e-15 0)
(5 -4.55574e-15 0)
(5 3.58741e-11 0)
(5.00002 9.32353e-06 0)
(5.00937 0.011576 0)
(4.62823 0.246061 0)
(2.21772 0.988777 0)
(1.40804 1.10763 0)
(1.34643 1.15838 0)
(1.34589 1.15929 0)
(1.33383 1.16113 0)
(1.32539 1.16913 0)
(1.3178 1.1737 0)
(1.31095 1.17929 0)
(1.30483 1.18661 0)
(1.29904 1.19331 0)
(1.29448 1.20177 0)
(1.29082 1.209 0)
(1.28851 1.21858 0)
(1.28813 1.22907 0)
(1.28998 1.23992 0)
(1.29511 1.25578 0)
(1.30339 1.27164 0)
(1.31663 1.29266 0)
(1.33376 1.31457 0)
(1.35678 1.33818 0)
(1.38646 1.36366 0)
(1.42413 1.39169 0)
(1.47093 1.42054 0)
(1.52881 1.4509 0)
(1.60091 1.48133 0)
(1.68923 1.50948 0)
(1.78745 1.53067 0)
(1.90327 1.5478 0)
(2.05176 1.55479 0)
(5 1.0973e-17 0)
(5 -1.20697e-16 0)
(5 -1.26872e-16 0)
(5 -2.00583e-16 0)
(5 -4.73622e-16 0)
(5 -3.06738e-16 0)
(5 -1.62077e-16 0)
(5 -3.03691e-16 0)
(5 -2.5605e-17 0)
(5 2.80194e-16 0)
(5 1.0636e-15 0)
(5 1.08691e-15 0)
(5 1.26732e-15 0)
(5 1.72494e-15 0)
(5 2.10019e-15 0)
(5 2.30495e-15 0)
(5 2.38943e-15 0)
(5 2.45821e-15 0)
(5 2.53514e-15 0)
(5 2.20062e-15 0)
(5 1.84257e-15 0)
(5 1.4532e-15 0)
(5 1.26944e-15 0)
(5 7.66807e-16 0)
(5 3.15308e-16 0)
(5 -6.38717e-16 0)
(5 -1.62472e-15 0)
(5 -3.01068e-15 0)
(5 -3.36311e-15 0)
(5 -3.24563e-15 0)
(5 -3.37299e-15 0)
(5 -3.44833e-15 0)
(5 -2.69484e-15 0)
(5 -2.38829e-15 0)
(5 -2.26573e-15 0)
(5 -1.35155e-15 0)
(5 -1.25689e-15 0)
(5 -1.40191e-15 0)
(5 -1.00335e-15 0)
(5 -2.11333e-16 0)
(5 6.19559e-16 0)
(5 4.75555e-16 0)
(5 -4.79014e-16 0)
(5 1.4307e-15 0)
(5 4.64846e-15 0)
(5 6.55692e-15 0)
(5 7.9386e-15 0)
(5 6.84874e-15 0)
(5 -4.54444e-16 0)
(5 -5.76253e-15 0)
(5 -5.9323e-15 0)
(5 -5.82061e-15 0)
(5 -3.45977e-15 0)
(5 -6.53596e-16 0)
(5 -1.1e-15 0)
(5 -2.81118e-15 0)
(5 -4.08165e-15 0)
(5 -3.35553e-15 0)
(5 -1.77864e-15 0)
(5 -1.05033e-15 0)
(5 -8.1006e-16 0)
(5 -4.87709e-16 0)
(5 -1.00014e-15 0)
(5 2.2879e-16 0)
(5 3.1721e-10 0)
(5.00001 2.86699e-06 0)
(5.00176 0.00287103 0)
(4.7456 0.184921 0)
(3.46722 0.896503 0)
(1.56578 1.13417 0)
(1.43165 1.22675 0)
(1.41506 1.23913 0)
(1.42005 1.23768 0)
(1.40755 1.24581 0)
(1.40559 1.24795 0)
(1.40209 1.25486 0)
(1.40145 1.25937 0)
(1.40164 1.2679 0)
(1.40439 1.27566 0)
(1.40867 1.28487 0)
(1.41505 1.29521 0)
(1.42371 1.30556 0)
(1.43473 1.31748 0)
(1.44904 1.32993 0)
(1.46673 1.34379 0)
(1.48875 1.35859 0)
(1.51571 1.37454 0)
(1.54791 1.39113 0)
(1.5868 1.40829 0)
(1.63179 1.42501 0)
(1.68367 1.44109 0)
(1.74567 1.45638 0)
(1.8156 1.46814 0)
(1.89067 1.4769 0)
(1.98019 1.48346 0)
(2.07645 1.48308 0)
(5 -1.52827e-16 0)
(5 -1.74568e-16 0)
(5 -1.2634e-16 0)
(5 -1.75589e-16 0)
(5 -1.13997e-17 0)
(5 6.19579e-17 0)
(5 1.02482e-16 0)
(5 1.16089e-16 0)
(5 7.77292e-16 0)
(5 1.64978e-15 0)
(5 1.1648e-15 0)
(5 1.17227e-17 0)
(5 -4.37692e-16 0)
(5 -5.07652e-16 0)
(5 -1.78899e-16 0)
(5 1.45136e-15 0)
(5 1.75777e-15 0)
(5 1.89112e-15 0)
(5 2.2501e-15 0)
(5 2.53802e-15 0)
(5 1.1143e-15 0)
(5 8.27884e-17 0)
(5 -7.4136e-17 0)
(5 -9.80385e-17 0)
(5 1.06471e-15 0)
(5 1.65253e-15 0)
(5 1.99585e-15 0)
(5 2.65809e-15 0)
(5 3.11133e-15 0)
(5 4.01259e-15 0)
(5 4.1395e-15 0)
(5 3.69967e-15 0)
(5 2.86972e-15 0)
(5 1.45282e-15 0)
(5 1.22677e-15 0)
(5 1.36523e-15 0)
(5 1.4058e-15 0)
(5 8.48862e-16 0)
(5 -1.83001e-15 0)
(5 -2.41053e-15 0)
(5 -5.47834e-16 0)
(5 2.61025e-15 0)
(5 2.70775e-15 0)
(5 2.07112e-15 0)
(5 1.69096e-15 0)
(5 1.60403e-15 0)
(5 1.94808e-15 0)
(5 2.69417e-15 0)
(5 2.79382e-15 0)
(5 8.303e-16 0)
(5 -1.59969e-16 0)
(5 -4.73557e-16 0)
(5 -3.85142e-16 0)
(5 -7.84628e-17 0)
(5 -5.44163e-17 0)
(5 -4.64857e-16 0)
(5 2.99161e-15 0)
(5 4.36081e-15 0)
(5 4.53022e-15 0)
(5 4.31312e-15 0)
(5 3.09458e-15 0)
(5 4.34546e-15 0)
(5 5.39757e-15 0)
(5 5.45157e-15 0)
(5 8.87228e-15 0)
(5 6.11136e-11 0)
(5 3.44681e-07 0)
(5.00006 0.000870634 0)
(4.9857 0.0788647 0)
(4.36978 0.442714 0)
(2.41357 1.13039 0)
(1.58565 1.24771 0)
(1.52877 1.31435 0)
(1.52428 1.31784 0)
(1.52512 1.31287 0)
(1.51281 1.3166 0)
(1.51188 1.31698 0)
(1.51299 1.31884 0)
(1.51616 1.32335 0)
(1.52266 1.32876 0)
(1.53136 1.33567 0)
(1.54273 1.34364 0)
(1.55662 1.35266 0)
(1.57362 1.36229 0)
(1.59358 1.3725 0)
(1.61734 1.38307 0)
(1.64462 1.39385 0)
(1.67612 1.4045 0)
(1.7125 1.41482 0)
(1.75303 1.42433 0)
(1.79812 1.43266 0)
(1.85029 1.43966 0)
(1.90697 1.44494 0)
(1.96987 1.44796 0)
(2.03618 1.44842 0)
(2.10385 1.4454 0)
(5 4.93277e-17 0)
(5 1.3143e-16 0)
(5 1.34492e-16 0)
(5 2.39229e-16 0)
(5 8.44143e-17 0)
(5 -5.50621e-18 0)
(5 -1.15602e-16 0)
(5 -1.7078e-16 0)
(5 6.79532e-16 0)
(5 1.1129e-15 0)
(5 1.39647e-15 0)
(5 1.42045e-15 0)
(5 6.471e-16 0)
(5 8.10619e-17 0)
(5 -6.74863e-16 0)
(5 -9.58429e-16 0)
(5 -1.38352e-15 0)
(5 -1.55337e-15 0)
(5 -1.51471e-15 0)
(5 -8.57401e-16 0)
(5 5.0374e-16 0)
(5 8.07892e-16 0)
(5 1.04326e-15 0)
(5 4.39916e-16 0)
(5 -1.28059e-16 0)
(5 -7.27146e-16 0)
(5 1.17042e-15 0)
(5 2.16191e-15 0)
(5 2.23605e-15 0)
(5 2.17225e-15 0)
(5 2.3641e-15 0)
(5 2.93633e-15 0)
(5 3.73305e-15 0)
(5 3.99785e-16 0)
(5 -2.78062e-15 0)
(5 -2.24386e-15 0)
(5 -1.55079e-15 0)
(5 -9.53369e-16 0)
(5 -3.28692e-15 0)
(5 -5.43629e-15 0)
(5 -4.89539e-15 0)
(5 -3.44298e-15 0)
(5 -2.42295e-15 0)
(5 -1.07477e-15 0)
(5 -6.23737e-16 0)
(5 7.82377e-16 0)
(5 1.77692e-15 0)
(5 1.43825e-15 0)
(5 8.89594e-16 0)
(5 1.52095e-15 0)
(5 1.58134e-15 0)
(5 1.94156e-15 0)
(5 2.81979e-15 0)
(5 3.76357e-15 0)
(5 4.6721e-15 0)
(5 3.74817e-15 0)
(5 3.07675e-15 0)
(5 4.30747e-15 0)
(5 5.02034e-15 0)
(5 1.48539e-15 0)
(5 -2.38328e-15 0)
(5 -3.72905e-15 0)
(5 2.47733e-15 0)
(5 5.18093e-15 0)
(5 8.18404e-15 0)
(5 1.15115e-14 0)
(5 6.52782e-12 0)
(5 6.71654e-08 0)
(5.00004 0.000125955 0)
(5.00396 0.00583281 0)
(4.71545 0.251393 0)
(3.99811 0.736873 0)
(2.15504 1.25563 0)
(1.68601 1.38032 0)
(1.63014 1.41495 0)
(1.63108 1.41193 0)
(1.63764 1.40217 0)
(1.62798 1.39893 0)
(1.6295 1.39501 0)
(1.63184 1.39406 0)
(1.63761 1.39471 0)
(1.64823 1.39605 0)
(1.66112 1.39911 0)
(1.67752 1.40286 0)
(1.69681 1.40738 0)
(1.71975 1.41227 0)
(1.7456 1.41745 0)
(1.77505 1.42262 0)
(1.80808 1.42773 0)
(1.84405 1.43251 0)
(1.88388 1.43663 0)
(1.92834 1.44011 0)
(1.97751 1.44218 0)
(2.02921 1.44191 0)
(2.08128 1.43988 0)
(2.13477 1.43543 0)
(5 7.52765e-17 0)
(5 -1.8956e-17 0)
(5 -1.16154e-16 0)
(5 -1.14528e-16 0)
(5 -1.50962e-16 0)
(5 2.77871e-16 0)
(5 3.31108e-16 0)
(5 4.90196e-16 0)
(5 -4.51865e-16 0)
(5 -1.00837e-15 0)
(5 -7.11488e-16 0)
(5 -6.97901e-16 0)
(5 -1.1987e-15 0)
(5 -1.53191e-15 0)
(5 -1.87069e-15 0)
(5 -2.45055e-15 0)
(5 -2.85282e-15 0)
(5 -2.77812e-15 0)
(5 -2.84422e-15 0)
(5 -1.41572e-15 0)
(5 4.42089e-16 0)
(5 1.15212e-15 0)
(5 1.10448e-15 0)
(5 -1.05021e-16 0)
(5 -2.32486e-15 0)
(5 -2.69616e-15 0)
(5 -3.45663e-15 0)
(5 -3.49848e-15 0)
(5 -3.47709e-15 0)
(5 -3.39106e-15 0)
(5 -3.0884e-15 0)
(5 -2.06844e-15 0)
(5 -1.45866e-15 0)
(5 -8.72586e-16 0)
(5 -7.85303e-16 0)
(5 -5.38639e-16 0)
(5 -7.96983e-16 0)
(5 -9.92109e-16 0)
(5 -1.28287e-15 0)
(5 -1.44977e-15 0)
(5 -2.21645e-15 0)
(5 -3.41523e-15 0)
(5 -4.22803e-15 0)
(5 -4.36461e-15 0)
(5 -3.32431e-15 0)
(5 -2.11886e-15 0)
(5 -1.38143e-15 0)
(5 -1.45208e-16 0)
(5 1.34376e-16 0)
(5 4.41862e-16 0)
(5 4.9572e-16 0)
(5 1.43886e-16 0)
(5 5.29021e-16 0)
(5 2.07366e-15 0)
(5 3.88453e-15 0)
(5 4.93118e-15 0)
(5 4.89911e-15 0)
(5 3.89619e-15 0)
(5 4.12494e-15 0)
(5 2.24032e-15 0)
(5 -7.17227e-16 0)
(5 -1.38836e-15 0)
(5 -1.8514e-15 0)
(5 -1.27938e-15 0)
(5 1.87409e-15 0)
(5 3.65427e-15 0)
(5 4.06016e-15 0)
(5 4.84355e-13 0)
(5 9.50398e-09 0)
(5 4.67549e-07 0)
(4.9997 0.00175464 0)
(5.00641 0.0185216 0)
(4.51587 0.369081 0)
(3.75887 0.891488 0)
(2.13126 1.33104 0)
(1.78366 1.45058 0)
(1.73585 1.48361 0)
(1.73962 1.48368 0)
(1.76132 1.47301 0)
(1.75557 1.46505 0)
(1.75905 1.45722 0)
(1.76426 1.45216 0)
(1.77198 1.448 0)
(1.78264 1.4452 0)
(1.79768 1.44298 0)
(1.81563 1.4422 0)
(1.8375 1.44234 0)
(1.86282 1.4433 0)
(1.89126 1.44471 0)
(1.92259 1.44593 0)
(1.95724 1.44676 0)
(1.99559 1.44702 0)
(2.03624 1.44611 0)
(2.07877 1.44371 0)
(2.12196 1.44025 0)
(2.16632 1.43535 0)
(2.31545 2.13293 0)
(2.65513 2.14536 0)
(2.75969 2.09639 0)
(2.85764 2.01619 0)
(2.88822 1.96088 0)
(2.7969 1.94844 0)
(2.69342 1.84968 0)
(2.87924 1.73351 0)
(2.98582 1.75761 0)
(3.02367 1.83336 0)
(2.99907 1.72748 0)
(3.12729 1.36154 0)
(3.29395 1.20112 0)
(3.37775 1.15263 0)
(3.46948 1.18893 0)
(3.46983 1.03165 0)
(3.51055 0.70735 0)
(3.62466 0.506207 0)
(3.73704 0.419364 0)
(3.75288 0.331919 0)
(3.71438 0.223319 0)
(3.72739 0.0492782 0)
(3.75942 -0.0516339 0)
(3.78448 -0.029817 0)
(3.7727 -0.101431 0)
(3.74621 -0.313874 0)
(3.78775 -0.439434 0)
(3.81138 -0.383934 0)
(3.80886 -0.351248 0)
(3.72737 -0.46398 0)
(3.71385 -0.564463 0)
(3.70872 -0.524188 0)
(3.69325 -0.490546 0)
(3.66917 -0.532306 0)
(3.66848 -0.563311 0)
(3.67789 -0.53577 0)
(3.67554 -0.539227 0)
(3.66907 -0.542888 0)
(3.66578 -0.532115 0)
(3.66407 -0.53181 0)
(3.67075 -0.528187 0)
(3.68665 -0.497944 0)
(3.70328 -0.479261 0)
(3.71623 -0.491683 0)
(3.73077 -0.488291 0)
(3.72464 -0.443837 0)
(3.71653 -0.409636 0)
(3.69896 -0.406954 0)
(3.68314 -0.408787 0)
(3.66878 -0.383191 0)
(3.66845 -0.338 0)
(3.6774 -0.309644 0)
(3.68433 -0.292829 0)
(3.6866 -0.270914 0)
(3.67946 -0.259002 0)
(3.67029 -0.246464 0)
(3.65945 -0.220682 0)
(3.64958 -0.203384 0)
(3.63685 -0.190479 0)
(3.63618 -0.182485 0)
(3.65079 -0.169674 0)
(3.64939 -0.15521 0)
(3.63745 -0.141132 0)
(3.62885 -0.132453 0)
(3.61646 -0.126727 0)
(3.60973 -0.119985 0)
(3.60592 -0.105065 0)
(3.60525 -0.0915625 0)
(3.60784 -0.0819992 0)
(3.61685 -0.0772281 0)
(3.62203 -0.0737296 0)
(3.62342 -0.0694377 0)
(3.62155 -0.0562792 0)
(3.61466 -0.0442749 0)
(3.6148 -0.0417242 0)
(3.61927 -0.0410135 0)
(3.62686 -0.0368196 0)
(3.6424 -0.0268321 0)
(3.65227 -0.0211958 0)
(3.65639 -0.0207673 0)
(3.66079 -0.0202186 0)
(3.66119 -0.0163463 0)
(3.66184 -0.00809609 0)
(3.66721 -0.00549237 0)
(3.67169 -0.00496606 0)
(3.67931 -0.0044639 0)
(3.68974 -0.00221207 0)
(3.69415 -0.000384274 0)
(3.69798 0.0012353 0)
(3.69928 0.00279278 0)
(3.69688 0.00416904 0)
(3.69765 0.00492217 0)
(3.70032 0.00512382 0)
(3.70302 0.00551672 0)
(3.70816 0.00580865 0)
(3.71437 0.00553601 0)
(2.4156 1.8902 0)
(2.81003 1.91595 0)
(3.11758 1.81861 0)
(3.39952 1.5325 0)
(3.55614 1.41471 0)
(3.6395 1.48069 0)
(3.73101 1.37967 0)
(3.86571 1.0156 0)
(3.88023 0.74155 0)
(3.91619 0.763529 0)
(3.92196 0.778808 0)
(4.01267 0.579365 0)
(4.03487 0.2452 0)
(4.00907 0.120776 0)
(4.01411 0.126124 0)
(4.05944 0.0332088 0)
(4.10105 -0.106173 0)
(4.09027 -0.281565 0)
(4.07092 -0.316642 0)
(4.08184 -0.397213 0)
(4.09479 -0.495362 0)
(4.10796 -0.610186 0)
(4.09131 -0.671403 0)
(4.08216 -0.674859 0)
(4.10249 -0.720331 0)
(4.1192 -0.757719 0)
(4.12471 -0.844137 0)
(4.11128 -0.887632 0)
(4.10901 -0.885388 0)
(4.12096 -0.908783 0)
(4.12184 -0.918335 0)
(4.11617 -0.934666 0)
(4.12429 -0.949713 0)
(4.14166 -0.946396 0)
(4.15784 -0.949033 0)
(4.15592 -0.932735 0)
(4.14214 -0.918115 0)
(4.11893 -0.895435 0)
(4.10598 -0.864527 0)
(4.08828 -0.851715 0)
(4.06458 -0.841729 0)
(4.02457 -0.781016 0)
(4.00059 -0.695543 0)
(3.99187 -0.66489 0)
(3.9757 -0.657002 0)
(3.95076 -0.61113 0)
(3.92105 -0.561787 0)
(3.91335 -0.501147 0)
(3.91055 -0.473159 0)
(3.9014 -0.460902 0)
(3.89417 -0.41442 0)
(3.89513 -0.339232 0)
(3.90495 -0.301593 0)
(3.903 -0.300224 0)
(3.89186 -0.29632 0)
(3.8692 -0.265694 0)
(3.85308 -0.230717 0)
(3.84231 -0.206899 0)
(3.83153 -0.193335 0)
(3.82571 -0.187757 0)
(3.83288 -0.177291 0)
(3.82545 -0.141115 0)
(3.81247 -0.105357 0)
(3.80108 -0.0947376 0)
(3.78648 -0.0985681 0)
(3.77031 -0.090891 0)
(3.75508 -0.062637 0)
(3.75366 -0.031482 0)
(3.75296 -0.0179602 0)
(3.75266 -0.0213565 0)
(3.75798 -0.0236804 0)
(3.7552 -0.0193548 0)
(3.74812 -0.00564918 0)
(3.74499 0.0131873 0)
(3.73618 0.0145779 0)
(3.73294 0.010223 0)
(3.73695 0.00964573 0)
(3.74735 0.0211542 0)
(3.7596 0.0319197 0)
(3.76299 0.0328188 0)
(3.76489 0.031824 0)
(3.76633 0.0316378 0)
(3.76807 0.0385568 0)
(3.76861 0.0452001 0)
(3.76803 0.0452437 0)
(3.76862 0.0430306 0)
(3.77474 0.0417311 0)
(3.7809 0.0419194 0)
(3.78058 0.0413082 0)
(3.7781 0.040083 0)
(3.77385 0.0366036 0)
(3.77068 0.0313183 0)
(3.76962 0.0273287 0)
(3.76856 0.023254 0)
(3.7706 0.018695 0)
(3.77692 0.0122069 0)
(2.2518 1.69192 0)
(2.45547 1.66679 0)
(2.68558 1.58172 0)
(2.86835 1.51582 0)
(3.00038 1.50571 0)
(3.16854 1.42428 0)
(3.34959 1.2443 0)
(3.44353 1.13697 0)
(3.50368 1.15309 0)
(3.57038 1.11103 0)
(3.71035 0.919183 0)
(3.76436 0.708953 0)
(3.78923 0.686501 0)
(3.81118 0.71477 0)
(3.9072 0.635333 0)
(3.99586 0.440149 0)
(3.99101 0.288386 0)
(3.99265 0.286811 0)
(3.99269 0.300631 0)
(4.05761 0.208056 0)
(4.10489 0.0560235 0)
(4.08434 -0.0474802 0)
(4.08937 -0.0404894 0)
(4.088 -0.0192088 0)
(4.14942 -0.0868022 0)
(4.18346 -0.214284 0)
(4.16716 -0.281863 0)
(4.16066 -0.270818 0)
(4.14178 -0.257952 0)
(4.16961 -0.309263 0)
(4.19722 -0.389583 0)
(4.19556 -0.430614 0)
(4.20523 -0.416824 0)
(4.21012 -0.411533 0)
(4.23976 -0.455518 0)
(4.24432 -0.501011 0)
(4.24144 -0.505963 0)
(4.2336 -0.517567 0)
(4.23441 -0.544816 0)
(4.23584 -0.552146 0)
(4.24052 -0.56793 0)
(4.25395 -0.574935 0)
(4.26842 -0.579349 0)
(4.27507 -0.588998 0)
(4.26513 -0.60533 0)
(4.25852 -0.626548 0)
(4.25225 -0.633601 0)
(4.24451 -0.62531 0)
(4.24255 -0.616294 0)
(4.23094 -0.63341 0)
(4.22084 -0.669547 0)
(4.2191 -0.664296 0)
(4.22232 -0.64045 0)
(4.21645 -0.628967 0)
(4.19919 -0.622342 0)
(4.17644 -0.616167 0)
(4.1567 -0.60184 0)
(4.14862 -0.582025 0)
(4.15184 -0.561046 0)
(4.16128 -0.541292 0)
(4.17541 -0.519203 0)
(4.17928 -0.477623 0)
(4.16682 -0.434521 0)
(4.16209 -0.411829 0)
(4.15571 -0.407694 0)
(4.14797 -0.40314 0)
(4.12657 -0.368175 0)
(4.11878 -0.307308 0)
(4.12972 -0.267331 0)
(4.1373 -0.253203 0)
(4.13423 -0.228239 0)
(4.10164 -0.20612 0)
(4.08184 -0.189504 0)
(4.06627 -0.153043 0)
(4.05524 -0.134593 0)
(4.03063 -0.12303 0)
(4.01742 -0.109035 0)
(4.00862 -0.077861 0)
(4.00203 -0.0559428 0)
(3.99168 -0.0530635 0)
(3.97321 -0.0483515 0)
(3.94991 -0.0462839 0)
(3.93786 -0.0380561 0)
(3.92887 -0.0222716 0)
(3.91677 -0.0158303 0)
(3.90513 -0.0158294 0)
(3.90816 -0.0171059 0)
(3.91513 -0.0134309 0)
(3.90891 -0.00962946 0)
(3.90205 -0.0034243 0)
(3.89022 0.000270361 0)
(3.88218 0.000150793 0)
(3.8757 -0.000641685 0)
(3.86927 -0.000119625 0)
(3.8692 0.00287283 0)
(3.87746 0.00730234 0)
(2.18435 1.549 0)
(2.3134 1.52526 0)
(2.45852 1.49182 0)
(2.58095 1.4678 0)
(2.70665 1.41824 0)
(2.84355 1.34136 0)
(2.93944 1.30812 0)
(3.02145 1.28318 0)
(3.14308 1.18883 0)
(3.24644 1.06431 0)
(3.30731 1.03719 0)
(3.35394 1.03637 0)
(3.44277 0.96771 0)
(3.54791 0.827457 0)
(3.5966 0.727155 0)
(3.6341 0.732335 0)
(3.65953 0.735242 0)
(3.73952 0.636768 0)
(3.79391 0.470063 0)
(3.80807 0.400053 0)
(3.82933 0.419417 0)
(3.85091 0.41085 0)
(3.93036 0.336412 0)
(3.97537 0.204213 0)
(3.97946 0.129201 0)
(3.99188 0.131356 0)
(3.99427 0.13283 0)
(4.02956 0.0640693 0)
(4.0646 -0.0399356 0)
(4.05846 -0.116364 0)
(4.06969 -0.116819 0)
(4.0786 -0.107509 0)
(4.12369 -0.153464 0)
(4.15861 -0.238227 0)
(4.15148 -0.309572 0)
(4.14586 -0.328757 0)
(4.14442 -0.33234 0)
(4.15125 -0.374411 0)
(4.17582 -0.426607 0)
(4.19142 -0.469897 0)
(4.18908 -0.507899 0)
(4.19324 -0.52305 0)
(4.2112 -0.523897 0)
(4.23113 -0.548668 0)
(4.23719 -0.613288 0)
(4.21918 -0.657578 0)
(4.21312 -0.662739 0)
(4.21313 -0.668929 0)
(4.23661 -0.682585 0)
(4.25177 -0.687329 0)
(4.25973 -0.697451 0)
(4.25622 -0.712104 0)
(4.25153 -0.716745 0)
(4.2459 -0.720652 0)
(4.24293 -0.710195 0)
(4.23982 -0.699272 0)
(4.23855 -0.696759 0)
(4.23671 -0.693818 0)
(4.24053 -0.690225 0)
(4.24983 -0.682817 0)
(4.25962 -0.667183 0)
(4.25977 -0.646904 0)
(4.24895 -0.627875 0)
(4.24131 -0.616705 0)
(4.23938 -0.616387 0)
(4.23545 -0.616502 0)
(4.22874 -0.606596 0)
(4.22125 -0.576912 0)
(4.22293 -0.541171 0)
(4.22582 -0.520437 0)
(4.21877 -0.514592 0)
(4.20587 -0.508954 0)
(4.18338 -0.482588 0)
(4.16679 -0.444737 0)
(4.15805 -0.415011 0)
(4.14688 -0.402423 0)
(4.13938 -0.390713 0)
(4.1406 -0.360108 0)
(4.13883 -0.315839 0)
(4.12918 -0.282349 0)
(4.10929 -0.272467 0)
(4.09075 -0.270688 0)
(4.0655 -0.248932 0)
(4.04767 -0.213428 0)
(4.04274 -0.188893 0)
(4.03991 -0.180716 0)
(4.04233 -0.169546 0)
(4.03607 -0.15214 0)
(4.02622 -0.142859 0)
(4.02254 -0.12886 0)
(4.0126 -0.113052 0)
(3.99848 -0.0993077 0)
(3.99003 -0.0839373 0)
(3.98459 -0.07807 0)
(3.98114 -0.066499 0)
(3.98224 -0.0482604 0)
(2.16783 1.47387 0)
(2.26372 1.45935 0)
(2.35519 1.44383 0)
(2.45461 1.41482 0)
(2.55612 1.37887 0)
(2.63812 1.35908 0)
(2.72413 1.32119 0)
(2.82327 1.25324 0)
(2.89652 1.21398 0)
(2.95323 1.19887 0)
(3.03508 1.14972 0)
(3.13172 1.05994 0)
(3.19428 1.00355 0)
(3.23888 1.00401 0)
(3.28147 0.976353 0)
(3.36637 0.887057 0)
(3.4259 0.782009 0)
(3.46311 0.755596 0)
(3.49009 0.762458 0)
(3.53144 0.721535 0)
(3.60718 0.629623 0)
(3.64491 0.533873 0)
(3.67315 0.520677 0)
(3.69431 0.535224 0)
(3.731 0.490155 0)
(3.78401 0.381671 0)
(3.79439 0.294826 0)
(3.81071 0.290769 0)
(3.82371 0.30387 0)
(3.85824 0.265796 0)
(3.90885 0.192299 0)
(3.92142 0.111056 0)
(3.9322 0.090179 0)
(3.94672 0.103973 0)
(3.94996 0.0900777 0)
(3.98234 0.0169418 0)
(3.98586 -0.0610161 0)
(3.98636 -0.0883234 0)
(4.00104 -0.0718933 0)
(4.01319 -0.0690839 0)
(4.05206 -0.111502 0)
(4.06549 -0.178752 0)
(4.05948 -0.219394 0)
(4.06256 -0.222548 0)
(4.06535 -0.218319 0)
(4.06205 -0.244015 0)
(4.07633 -0.275369 0)
(4.08497 -0.314372 0)
(4.08357 -0.341247 0)
(4.10061 -0.339753 0)
(4.11654 -0.326195 0)
(4.12668 -0.344776 0)
(4.12072 -0.394629 0)
(4.10311 -0.436137 0)
(4.10354 -0.438083 0)
(4.10868 -0.432931 0)
(4.12785 -0.443373 0)
(4.13974 -0.450158 0)
(4.14773 -0.473714 0)
(4.14646 -0.493377 0)
(4.14876 -0.501446 0)
(4.14839 -0.512536 0)
(4.13833 -0.523131 0)
(4.13258 -0.529344 0)
(4.13183 -0.533272 0)
(4.13153 -0.546716 0)
(4.13557 -0.558245 0)
(4.14442 -0.557413 0)
(4.1505 -0.554682 0)
(4.14988 -0.555734 0)
(4.1466 -0.561102 0)
(4.13857 -0.567524 0)
(4.13451 -0.566269 0)
(4.13382 -0.563128 0)
(4.13385 -0.55934 0)
(4.13584 -0.558376 0)
(4.14392 -0.557863 0)
(4.14931 -0.545388 0)
(4.14448 -0.527549 0)
(4.13967 -0.516866 0)
(4.13312 -0.506247 0)
(4.1237 -0.491456 0)
(4.11307 -0.479767 0)
(4.10189 -0.457039 0)
(4.09407 -0.408276 0)
(4.0993 -0.372089 0)
(4.11138 -0.366348 0)
(4.10677 -0.33647 0)
(4.08796 -0.289506 0)
(4.08442 -0.27525 0)
(4.08318 -0.271998 0)
(4.06201 -0.238069 0)
(4.05651 -0.192592 0)
(4.05719 -0.185738 0)
(4.05674 -0.171439 0)
(4.05378 -0.127489 0)
(2.17552 1.43744 0)
(2.24877 1.42666 0)
(2.32117 1.41196 0)
(2.39599 1.39464 0)
(2.46979 1.37522 0)
(2.54749 1.34529 0)
(2.62085 1.31385 0)
(2.67984 1.29603 0)
(2.7424 1.26567 0)
(2.82386 1.21181 0)
(2.89049 1.17023 0)
(2.93957 1.16165 0)
(2.99423 1.13209 0)
(3.06979 1.06304 0)
(3.12547 1.00063 0)
(3.16385 0.98918 0)
(3.19332 0.974359 0)
(3.25593 0.921734 0)
(3.32094 0.842688 0)
(3.36016 0.798032 0)
(3.39296 0.801495 0)
(3.41845 0.785255 0)
(3.47566 0.714797 0)
(3.51664 0.628497 0)
(3.54195 0.598521 0)
(3.56325 0.60483 0)
(3.58461 0.580174 0)
(3.64025 0.515421 0)
(3.67076 0.436564 0)
(3.69071 0.412455 0)
(3.71159 0.425668 0)
(3.72912 0.408402 0)
(3.77199 0.334829 0)
(3.78678 0.255 0)
(3.79709 0.2308 0)
(3.81147 0.242424 0)
(3.82452 0.226948 0)
(3.86389 0.180878 0)
(3.88468 0.115163 0)
(3.8911 0.0787839 0)
(3.90961 0.0804609 0)
(3.91908 0.0843766 0)
(3.93368 0.03943 0)
(3.94903 -0.027937 0)
(3.94637 -0.0716364 0)
(3.95836 -0.0734133 0)
(3.97072 -0.0646545 0)
(3.99468 -0.0891508 0)
(4.01796 -0.135095 0)
(4.01902 -0.185091 0)
(4.02102 -0.204803 0)
(4.03329 -0.208616 0)
(4.03842 -0.227141 0)
(4.04248 -0.26613 0)
(4.04917 -0.302828 0)
(4.04526 -0.328525 0)
(4.05795 -0.328451 0)
(4.07433 -0.332897 0)
(4.09906 -0.367161 0)
(4.09949 -0.411033 0)
(4.09067 -0.43396 0)
(4.08478 -0.441699 0)
(4.08042 -0.459196 0)
(4.0933 -0.481115 0)
(4.10344 -0.491073 0)
(4.10828 -0.507078 0)
(4.11012 -0.515188 0)
(4.11928 -0.524826 0)
(4.13058 -0.533725 0)
(4.1321 -0.541645 0)
(4.12322 -0.55861 0)
(4.11938 -0.570573 0)
(4.12112 -0.573433 0)
(4.12782 -0.572033 0)
(4.13986 -0.571959 0)
(4.14396 -0.571002 0)
(4.14638 -0.566882 0)
(4.14662 -0.564616 0)
(4.14647 -0.567182 0)
(4.14171 -0.568615 0)
(4.13984 -0.563189 0)
(4.14115 -0.558895 0)
(4.14436 -0.555179 0)
(4.14738 -0.548178 0)
(4.1513 -0.541122 0)
(4.15343 -0.533897 0)
(4.14818 -0.524482 0)
(4.1418 -0.510693 0)
(4.13877 -0.501985 0)
(4.13353 -0.49915 0)
(4.12756 -0.498173 0)
(4.12012 -0.483788 0)
(4.11418 -0.44931 0)
(4.11426 -0.426323 0)
(4.11195 -0.417528 0)
(4.10182 -0.393919 0)
(2.19032 1.4283 0)
(2.24982 1.41873 0)
(2.30851 1.40795 0)
(2.36708 1.39406 0)
(2.43012 1.37523 0)
(2.49056 1.35765 0)
(2.54811 1.33926 0)
(2.61054 1.31021 0)
(2.66918 1.28199 0)
(2.71761 1.26598 0)
(2.7713 1.24089 0)
(2.8385 1.19731 0)
(2.89503 1.157 0)
(2.9359 1.14484 0)
(2.97128 1.12502 0)
(3.0307 1.07413 0)
(3.0857 1.01516 0)
(3.12417 0.999066 0)
(3.15595 0.994688 0)
(3.20388 0.956097 0)
(3.25952 0.889072 0)
(3.29433 0.842933 0)
(3.32058 0.837582 0)
(3.33722 0.824435 0)
(3.38277 0.77602 0)
(3.43033 0.708859 0)
(3.45794 0.670964 0)
(3.48467 0.67565 0)
(3.50544 0.667378 0)
(3.54785 0.610391 0)
(3.57732 0.537751 0)
(3.59466 0.509189 0)
(3.61121 0.513957 0)
(3.62305 0.497051 0)
(3.66512 0.447919 0)
(3.69204 0.384533 0)
(3.70672 0.355937 0)
(3.72669 0.365671 0)
(3.73969 0.363092 0)
(3.77008 0.309304 0)
(3.7858 0.240575 0)
(3.79234 0.210476 0)
(3.80522 0.217661 0)
(3.81277 0.215327 0)
(3.84238 0.179735 0)
(3.86528 0.127225 0)
(3.8702 0.0896237 0)
(3.88453 0.0878959 0)
(3.89578 0.0995734 0)
(3.90435 0.0752617 0)
(3.92095 0.0165898 0)
(3.91995 -0.0282465 0)
(3.92797 -0.0358996 0)
(3.93878 -0.0230931 0)
(3.95196 -0.0317113 0)
(3.97802 -0.066971 0)
(3.98415 -0.112415 0)
(3.98526 -0.132503 0)
(3.99305 -0.129435 0)
(3.99312 -0.12705 0)
(3.99736 -0.15596 0)
(4.00983 -0.196986 0)
(4.00755 -0.225837 0)
(4.01795 -0.225743 0)
(4.02928 -0.212136 0)
(4.04394 -0.221134 0)
(4.05656 -0.258508 0)
(4.05247 -0.292441 0)
(4.04871 -0.30149 0)
(4.04615 -0.298644 0)
(4.04569 -0.309251 0)
(4.06061 -0.324023 0)
(4.07043 -0.34074 0)
(4.07382 -0.357792 0)
(4.0819 -0.365129 0)
(4.09269 -0.365918 0)
(4.09516 -0.364107 0)
(4.08687 -0.38245 0)
(4.08078 -0.409855 0)
(4.08108 -0.416912 0)
(4.08687 -0.420251 0)
(4.10059 -0.422207 0)
(4.10874 -0.424567 0)
(4.11566 -0.431112 0)
(4.11793 -0.440881 0)
(4.11708 -0.452512 0)
(4.11178 -0.461719 0)
(4.10999 -0.462851 0)
(4.11102 -0.462326 0)
(4.11166 -0.463201 0)
(4.11269 -0.468099 0)
(4.11728 -0.473375 0)
(4.12524 -0.474746 0)
(4.12722 -0.473835 0)
(4.12594 -0.472906 0)
(4.12097 -0.472467 0)
(2.21233 1.42846 0)
(2.2615 1.41962 0)
(2.31033 1.40918 0)
(2.36011 1.39715 0)
(2.40914 1.38554 0)
(2.45978 1.37056 0)
(2.51408 1.35056 0)
(2.56385 1.33445 0)
(2.61012 1.31846 0)
(2.66367 1.29063 0)
(2.71579 1.26291 0)
(2.75778 1.24937 0)
(2.80187 1.22874 0)
(2.85767 1.1899 0)
(2.90517 1.15297 0)
(2.94026 1.14152 0)
(2.97129 1.12606 0)
(3.02234 1.08754 0)
(3.07428 1.03702 0)
(3.11076 1.01289 0)
(3.13795 1.01014 0)
(3.16782 0.983299 0)
(3.21705 0.925887 0)
(3.25072 0.878613 0)
(3.27732 0.873437 0)
(3.30011 0.867886 0)
(3.34159 0.830006 0)
(3.38458 0.772233 0)
(3.41044 0.734645 0)
(3.43178 0.731079 0)
(3.44194 0.722722 0)
(3.47378 0.678614 0)
(3.50973 0.618874 0)
(3.52949 0.586257 0)
(3.55141 0.591794 0)
(3.57035 0.587132 0)
(3.60662 0.542054 0)
(3.63063 0.481093 0)
(3.6432 0.453111 0)
(3.65637 0.455401 0)
(3.66115 0.444945 0)
(3.69022 0.405637 0)
(3.71654 0.354879 0)
(3.72809 0.322545 0)
(3.74723 0.327007 0)
(3.76098 0.332926 0)
(3.78349 0.296912 0)
(3.79953 0.236985 0)
(3.80333 0.202671 0)
(3.81341 0.203422 0)
(3.81923 0.205094 0)
(3.83809 0.17818 0)
(3.86274 0.140819 0)
(3.87066 0.103465 0)
(3.88205 0.0924039 0)
(3.89676 0.101309 0)
(3.90245 0.0932129 0)
(3.91671 0.0452786 0)
(3.91844 -0.00109784 0)
(3.9224 -0.0172876 0)
(3.93275 -0.00973165 0)
(3.94234 -0.0141369 0)
(3.96745 -0.0384071 0)
(3.98014 -0.0764852 0)
(3.98215 -0.101398 0)
(3.99071 -0.107523 0)
(3.99898 -0.10939 0)
(3.99605 -0.130558 0)
(4.00676 -0.165863 0)
(4.00857 -0.196259 0)
(4.01453 -0.206005 0)
(4.02655 -0.199223 0)
(4.04222 -0.208143 0)
(4.06014 -0.238067 0)
(4.06193 -0.269374 0)
(4.06084 -0.285569 0)
(4.06013 -0.293998 0)
(4.05528 -0.310332 0)
(4.06439 -0.331003 0)
(4.07647 -0.342395 0)
(4.08317 -0.358429 0)
(4.08869 -0.372239 0)
(4.09818 -0.379728 0)
(4.10736 -0.38178 0)
(4.11158 -0.398852 0)
(4.1039 -0.43014 0)
(4.09672 -0.443979 0)
(4.0969 -0.444075 0)
(4.10381 -0.45074 0)
(4.1182 -0.455939 0)
(4.12698 -0.4643 0)
(4.13237 -0.467279 0)
(4.13565 -0.470579 0)
(4.13601 -0.475948 0)
(4.13102 -0.481808 0)
(4.12734 -0.486041 0)
)
;

boundaryField
{
    inlet
    {
        type            fixedValue;
        value           uniform (5 0 0);
    }
    outlet
    {
        type            inletOutlet;
        inletValue      nonuniform 0();
        value           nonuniform 0();
    }
    bottom
    {
        type            symmetryPlane;
    }
    top
    {
        type            symmetryPlane;
    }
    obstacle
    {
        type            slip;
    }
    defaultFaces
    {
        type            empty;
    }
    procBoundary0to1
    {
        type            processor;
        value           nonuniform List<vector> 8((3.71663 0.00515011 0) (3.77973 0.00389214 0) (3.87872 0.00909505 0) (3.9836 -0.0369316 0) (4.05626 -0.117653 0) (4.09303 -0.36967 0) (4.11738 -0.472637 0) (4.13211 -0.487106 0));
    }
    procBoundary0to2
    {
        type            processor;
        value           nonuniform List<vector> 
192
(
(5 2.5053e-17 0)
(5 1.15207e-16 0)
(5 8.91725e-17 0)
(5 -1.29981e-16 0)
(5 -5.89384e-16 0)
(5 -5.56437e-16 0)
(5 -8.7381e-17 0)
(5 1.64309e-16 0)
(5 2.92527e-16 0)
(5 -4.29571e-17 0)
(5 -7.34041e-16 0)
(5 -9.09143e-16 0)
(5 -1.02064e-15 0)
(5 -9.62985e-16 0)
(5 -7.22727e-16 0)
(5 -5.05952e-16 0)
(5 -1.5247e-16 0)
(5 -3.07435e-16 0)
(5 -1.14435e-16 0)
(5 1.20762e-16 0)
(5 1.02331e-16 0)
(5 1.08066e-16 0)
(5 6.3984e-16 0)
(5 3.0027e-16 0)
(5 7.57554e-16 0)
(5 2.13953e-15 0)
(5 2.66897e-15 0)
(5 1.52618e-15 0)
(5 -4.57284e-16 0)
(5 -3.21049e-16 0)
(5 -1.48449e-16 0)
(5 7.75474e-16 0)
(5 2.57658e-15 0)
(5 4.37032e-15 0)
(5 6.37325e-15 0)
(5 4.77983e-15 0)
(5 2.9447e-16 0)
(5 -1.61217e-15 0)
(5 -2.10965e-15 0)
(5 -2.72717e-15 0)
(5 -3.87311e-15 0)
(5 -4.46552e-15 0)
(5 -5.72903e-15 0)
(5 -4.87752e-15 0)
(5 -3.34953e-15 0)
(5 -2.60905e-15 0)
(5 -1.73145e-15 0)
(5 -8.25974e-16 0)
(5 -9.75928e-16 0)
(5 -2.08722e-15 0)
(5 -3.41792e-15 0)
(5 -3.54061e-15 0)
(5 -3.80669e-15 0)
(5 -5.14717e-15 0)
(5 -5.23973e-15 0)
(5 -2.4075e-15 0)
(5 2.54642e-16 0)
(5 -1.44206e-15 0)
(5 -2.73425e-15 0)
(5 -2.63539e-15 0)
(5 -3.51354e-15 0)
(5 -5.67364e-15 0)
(5 -6.14625e-15 0)
(5 -6.58258e-15 0)
(5 -6.43078e-15 0)
(5 -6.11357e-15 0)
(5 -5.80939e-15 0)
(5 -5.30909e-15 0)
(5 1.08754e-13 0)
(5 9.16388e-12 0)
(5 3.54435e-07 0)
(5.00002 4.13015e-06 0)
(4.99902 0.00427381 0)
(4.99817 0.0349851 0)
(4.43497 0.427164 0)
(3.66143 0.949055 0)
(2.27182 1.38603 0)
(1.87875 1.48264 0)
(1.84447 1.53922 0)
(1.84542 1.54147 0)
(1.88093 1.53619 0)
(1.88083 1.52926 0)
(1.88001 1.51806 0)
(1.89094 1.50792 0)
(1.90213 1.50259 0)
(1.91796 1.49685 0)
(1.93456 1.49217 0)
(1.95394 1.48722 0)
(1.97454 1.48241 0)
(1.99876 1.47743 0)
(2.02703 1.47297 0)
(2.05884 1.46904 0)
(2.09179 1.46532 0)
(2.12571 1.46098 0)
(2.1608 1.45551 0)
(2.19737 1.44896 0)
(2.23525 1.44155 0)
(2.27595 1.43287 0)
(2.31857 1.42285 0)
(2.36118 1.41228 0)
(2.40403 1.40005 0)
(2.44687 1.38687 0)
(2.48893 1.37441 0)
(2.53224 1.35911 0)
(2.57804 1.33954 0)
(2.62002 1.32431 0)
(2.65941 1.30997 0)
(2.70631 1.28485 0)
(2.75326 1.25741 0)
(2.79053 1.24437 0)
(2.82636 1.22857 0)
(2.87389 1.19504 0)
(2.91752 1.1596 0)
(2.95008 1.14772 0)
(2.97821 1.13596 0)
(3.02145 1.10294 0)
(3.06682 1.05797 0)
(3.0991 1.03341 0)
(3.12341 1.02987 0)
(3.1473 1.00996 0)
(3.1927 0.966587 0)
(3.22945 0.921023 0)
(3.25624 0.909342 0)
(3.27713 0.908731 0)
(3.30654 0.878129 0)
(3.34466 0.822727 0)
(3.36711 0.785438 0)
(3.38657 0.78376 0)
(3.40207 0.778152 0)
(3.43634 0.743922 0)
(3.4722 0.694479 0)
(3.49327 0.661271 0)
(3.51287 0.659248 0)
(3.52277 0.656798 0)
(3.54592 0.616967 0)
(3.57233 0.560699 0)
(3.58601 0.531984 0)
(3.60309 0.537506 0)
(3.61871 0.534973 0)
(3.65106 0.500515 0)
(3.67453 0.449856 0)
(3.68545 0.42141 0)
(3.69809 0.420414 0)
(3.70165 0.417786 0)
(3.7147 0.385193 0)
(3.74002 0.342045 0)
(3.74932 0.307902 0)
(3.76547 0.307268 0)
(3.78014 0.316529 0)
(3.80043 0.296542 0)
(3.81932 0.247455 0)
(3.82259 0.209186 0)
(3.82824 0.203076 0)
(3.83223 0.206861 0)
(3.83911 0.187986 0)
(3.86309 0.162598 0)
(3.87679 0.127356 0)
(3.88387 0.107512 0)
(3.89876 0.111868 0)
(3.90793 0.118645 0)
(3.91816 0.0898991 0)
(3.9231 0.0414004 0)
(3.9223 0.0145755 0)
(3.92913 0.0168477 0)
(3.93366 0.0214047 0)
(3.95237 0.00670854 0)
(3.97305 -0.0194546 0)
(3.97958 -0.048133 0)
(3.9848 -0.0594406 0)
(3.9921 -0.059708 0)
(3.98978 -0.0615998 0)
(3.9891 -0.0869671 0)
(3.99976 -0.119565 0)
(4.00112 -0.14035 0)
(4.01107 -0.140135 0)
(4.02134 -0.132559 0)
(4.03739 -0.141733 0)
(4.05032 -0.168963 0)
(4.05038 -0.193116 0)
(4.04754 -0.201119 0)
(4.04205 -0.205284 0)
(4.03734 -0.21947 0)
(4.05011 -0.230321 0)
(4.06134 -0.240943 0)
(4.06854 -0.255979 0)
(4.07593 -0.265866 0)
(4.08568 -0.266997 0)
(4.09177 -0.26378 0)
(4.08886 -0.276095 0)
(4.07862 -0.306234 0)
(4.07604 -0.319931 0)
(4.07966 -0.320877 0)
)
;
    }
}


// ************************************************************************* //
