/*--------------------------------*- C++ -*----------------------------------*\
  =========                 |
  \\      /  F ield         | OpenFOAM: The Open Source CFD Toolbox
   \\    /   O peration     | Website:  https://openfoam.org
    \\  /    A nd           | Version:  7
     \\/     M anipulation  |
\*---------------------------------------------------------------------------*/
FoamFile
{
    version     2.0;
    format      ascii;
    class       volScalarField;
    location    "3.2";
    object      p;
}
// * * * * * * * * * * * * * * * * * * * * * * * * * * * * * * * * * * * * * //

dimensions      [1 -1 -2 0 0 0 0];

internalField   nonuniform List<scalar> 
1008
(
2.78786
2.73543
2.68213
2.62377
2.56397
2.4971
4.25476
3.23871
3.1814
3.16264
3.14051
3.12199
3.10177
3.0812
3.06104
3.04203
3.02337
3.00358
2.98283
2.96062
2.936
2.90655
2.86986
2.82588
2.77787
2.72697
2.67675
2.62338
2.56804
2.50559
4.22446
3.23553
3.18013
3.15771
3.13788
3.11867
3.09815
3.07612
3.0536
3.03202
3.01248
2.99417
2.97589
2.95446
2.92873
2.89667
2.85855
2.81445
2.76828
2.72038
2.67393
2.62517
2.57368
2.51555
4.19411
3.23364
3.17993
3.1526
3.13574
3.11545
3.09526
3.07251
3.04884
3.02706
3.00875
2.99256
2.97419
2.95085
2.92182
2.88596
2.84598
2.80221
2.75871
2.7148
2.67302
2.62834
2.58009
2.52525
4.16255
3.23134
3.17939
3.14925
3.13303
3.11237
3.09257
3.06986
3.04633
3.02523
3.00806
2.99254
2.97231
2.94472
2.91159
2.8728
2.83187
2.78972
2.74983
2.71067
2.67354
2.63297
2.58732
2.53485
4.12953
3.22878
3.17738
3.147
3.13018
3.10931
3.08964
3.06756
3.04508
3.02505
3.00829
2.99132
2.96739
2.9353
2.89852
2.85882
2.81911
2.77973
2.74353
2.70848
2.67493
2.63746
2.59433
2.54374
4.09567
3.22586
3.17452
3.14563
3.12746
3.10636
3.08673
3.06556
3.04429
3.02501
3.00735
2.98753
2.95937
2.92452
2.88689
2.84822
2.81065
2.77388
2.73983
2.70708
2.67556
2.64031
2.5991
2.55039
4.06221
3.22366
3.17238
3.14533
3.12575
3.10404
3.08409
3.06334
3.04293
3.02403
3.00511
2.98233
2.95176
2.91603
2.87852
2.84069
2.80368
2.76716
2.73387
2.7036
2.67499
2.64187
2.60167
2.5536
4.03004
3.22289
3.17185
3.14668
3.12535
3.10265
3.08172
3.06064
3.04074
3.02223
3.00275
2.97841
2.94689
2.91057
2.87231
2.83346
2.79537
2.75906
2.72837
2.70251
2.67702
2.64462
2.60314
2.55402
3.99956
3.22326
3.17277
3.14911
3.12561
3.10169
3.07939
3.05759
3.03819
3.02057
3.00149
2.97656
2.94425
2.90666
2.86694
2.82674
2.78844
2.75472
2.72855
2.70732
2.68321
2.64844
2.60346
2.55192
3.9709
3.22381
3.17424
3.15174
3.12622
3.10116
3.07733
3.05484
3.03611
3.01971
3.00134
2.97595
2.94236
2.90353
2.86279
2.8222
2.78508
2.7547
2.73287
2.71411
2.68812
2.64936
2.60106
2.54809
3.94447
3.22358
3.17518
3.15385
3.1271
3.10115
3.07598
3.05313
3.03507
3.01955
3.00152
2.97529
2.94026
2.90085
2.86
2.82
2.7849
2.75797
2.73903
2.71966
2.69013
2.64766
2.5969
2.54364
3.92115
3.22222
3.17512
3.15477
3.12781
3.10146
3.07554
3.05261
3.03487
3.01938
3.00085
2.97351
2.93758
2.8982
2.85794
2.81932
2.78654
2.76209
2.74392
2.72294
2.68998
2.64412
2.59261
2.54021
3.90179
3.22007
3.17407
3.15426
3.12783
3.10173
3.07581
3.05304
3.03507
3.01866
2.9986
2.97006
2.93393
2.89508
2.856
2.81913
2.78812
2.76489
2.74691
2.72437
2.68796
2.64016
2.58886
2.5372
3.88693
3.21796
3.17244
3.15279
3.12728
3.10179
3.07638
3.05392
3.03533
3.01718
2.99502
2.96533
2.92929
2.89124
2.85348
2.81809
2.78851
2.76647
2.74864
2.72453
2.68527
2.63645
2.58528
2.5342
3.87659
3.21653
3.17079
3.15086
3.12611
3.10147
3.07693
3.05474
3.03525
3.01536
2.99136
2.96045
2.92426
2.88675
2.85002
2.8162
2.78838
2.76766
2.74964
2.72362
2.68207
2.63258
2.58154
2.5311
3.87019
3.21591
3.16958
3.14912
3.12475
3.10097
3.07722
3.0551
3.03487
3.01392
2.98858
2.9565
2.91985
2.88236
2.84616
2.81355
2.78752
2.76834
2.75038
2.7225
2.67916
2.62936
2.57867
2.52869
3.86711
3.21572
3.16926
3.14839
3.12404
3.10069
3.07741
3.05546
3.03498
3.01358
2.98726
2.95403
2.91672
2.87879
2.84268
2.81094
2.78631
2.76842
2.75029
2.72049
2.67633
2.62702
2.57695
2.52817
2.42421
2.34604
2.26355
2.17866
2.09886
2.02083
1.93604
1.85619
1.78394
1.70845
1.63974
1.57791
1.51052
1.44591
1.39971
1.35968
1.31015
1.25358
1.2067
1.17575
1.14496
1.10635
1.06154
1.0147
0.980787
0.956815
0.941823
0.926527
0.937713
1.02384
1.19915
1.39735
1.47422
2.43676
2.36304
2.2858
2.20665
2.13173
2.05899
1.97859
1.90175
1.83562
1.76514
1.69088
1.6293
1.57368
1.51141
1.45142
1.40603
1.36676
1.3193
1.26448
1.21519
1.18261
1.15379
1.11895
1.07718
1.03033
0.990485
0.964358
0.942687
0.928505
0.921182
0.955223
1.07934
1.25238
2.45068
2.38122
2.30771
2.23244
2.16185
2.09253
2.01657
1.94263
1.87856
1.81488
1.74395
1.67638
1.62188
1.5698
1.51219
1.45485
1.40747
1.36753
1.32162
1.26918
1.21974
1.1849
1.15655
1.12523
1.0872
1.04266
0.995859
0.964535
0.941717
0.925831
0.910667
0.916558
0.975872
2.46445
2.39858
2.32886
2.25899
2.19304
2.12426
2.04923
1.979
1.91825
1.85731
1.79169
1.72595
1.66651
1.61391
1.56402
1.5097
1.45267
1.403
1.36248
1.31877
1.2706
1.22294
1.18354
1.15403
1.12503
1.08922
1.04696
1.00251
0.966491
0.942307
0.921947
0.909359
0.891183
2.47752
2.41483
2.34897
2.2835
2.21945
2.15204
2.08071
2.01394
1.95671
1.8979
1.83262
1.76943
1.71191
1.65497
1.60277
1.55496
1.50145
1.44488
1.39499
1.35427
1.31375
1.2697
1.22373
1.17997
1.14582
1.11738
1.08565
1.04871
1.00996
0.970701
0.939902
0.916221
0.897634
2.48803
2.42863
2.36687
2.30486
2.24191
2.1761
2.10926
2.04848
1.99314
1.93623
1.87098
1.80532
1.75047
1.69653
1.63929
1.58787
1.54065
1.48785
1.43492
1.38793
1.34708
1.30756
1.26499
1.21839
1.17217
1.1339
1.10537
1.07869
1.04836
1.01297
0.972482
0.933833
0.906048
2.49594
2.43824
2.37926
2.32075
2.25946
2.19711
2.13614
2.07851
2.0254
1.97094
1.90688
1.839
1.78194
1.7335
1.67832
1.61804
1.56502
1.52015
1.47361
1.42675
1.38237
1.33946
1.29662
1.25147
1.20402
1.16115
1.12569
1.09591
1.06884
1.04015
1.00531
0.966506
0.92682
2.49995
2.44373
2.38648
2.32856
2.27102
2.21492
2.15988
2.10639
2.05485
1.99785
1.93804
1.87345
1.81167
1.75801
1.70677
1.64752
1.58847
1.54246
1.50338
1.46118
1.41681
1.37145
1.32368
1.27552
1.23093
1.19021
1.15295
1.11869
1.08727
1.05848
1.02777
0.991194
0.954937
2.50019
2.44441
2.38875
2.33343
2.28005
2.22862
2.17939
2.12963
2.07922
2.02353
1.96271
1.89931
1.83849
1.78137
1.72814
1.67412
1.61674
1.56625
1.52742
1.49335
1.45257
1.40508
1.35233
1.29984
1.25412
1.21538
1.17973
1.1447
1.10873
1.06928
1.02998
0.999317
0.97485
2.4974
2.44206
2.38797
2.33653
2.28784
2.24103
2.19523
2.14877
2.09905
2.04342
1.98389
1.92301
1.86265
1.80432
1.74831
1.69852
1.65014
1.59866
1.55004
1.50544
1.46147
1.41561
1.36859
1.32177
1.27902
1.2412
1.20522
1.16651
1.12355
1.08154
1.04572
1.01515
0.988539
2.4935
2.43939
2.38732
2.33861
2.29365
2.25136
2.209
2.16471
2.114
2.05768
1.99928
1.94118
1.88263
1.82541
1.77096
1.71859
1.6689
1.6202
1.56864
1.5181
1.47202
1.42781
1.38561
1.34724
1.31147
1.2751
1.23538
1.19063
1.14147
1.09418
1.05845
1.03426
1.01234
2.49044
2.43844
2.3889
2.34254
2.30037
2.26093
2.22013
2.17548
2.12258
2.06608
2.00931
1.95342
1.89799
1.8441
1.7929
1.74046
1.68902
1.63836
1.58568
1.5316
1.4831
1.44091
1.40086
1.36145
1.32186
1.28158
1.24109
1.20155
1.16087
1.1184
1.07913
1.04254
1.01124
2.48844
2.43817
2.3905
2.34669
2.30635
2.26884
2.23159
2.18371
2.12791
2.07105
2.01529
1.96139
1.909
1.85951
1.81167
1.75926
1.7061
1.65315
1.60025
1.547
1.49614
1.45285
1.41294
1.37292
1.33249
1.29158
1.25049
1.20936
1.16945
1.13205
1.09512
1.05881
1.02481
2.48654
2.43821
2.3932
2.35307
2.31905
2.2871
2.244
2.18861
2.13054
2.07264
2.0173
1.96524
1.91572
1.86928
1.82398
1.77257
1.71986
1.66707
1.61455
1.56295
1.51163
1.4631
1.42017
1.37903
1.33832
1.29795
1.25821
1.22037
1.18534
1.15098
1.11355
1.0724
1.03215
2.48468
2.43842
2.39741
2.36346
2.33588
2.30222
2.24923
2.19084
2.13037
2.0711
2.01579
1.96393
1.91553
1.87172
1.83138
1.78407
1.73376
1.68241
1.63033
1.57818
1.52431
1.46942
1.42301
1.38209
1.34278
1.30474
1.26823
1.23352
1.19944
1.16395
1.12462
1.08032
1.0362
2.48337
2.44055
2.40465
2.37692
2.35235
2.31003
2.25301
2.19279
2.12948
2.06844
2.01155
1.95827
1.9104
1.87126
1.8387
1.79392
1.74495
1.6951
1.6435
1.58819
1.5284
1.47007
1.4239
1.38504
1.34788
1.31197
1.27739
1.24339
1.20868
1.17163
1.13025
1.08428
1.04003
2.48146
2.44036
2.40885
2.38737
2.36276
2.3136
2.25492
2.19316
2.12843
2.06425
2.00414
1.95059
1.90376
1.86957
1.84292
1.80104
1.7532
1.70417
1.65141
1.59186
1.52733
1.47
1.42619
1.38862
1.35261
1.31777
1.28373
1.24955
1.21391
1.17541
1.13295
1.08749
1.04457
2.48323
2.44442
2.4143
2.39494
2.36827
2.3156
2.25642
2.19324
2.12504
2.05709
1.99832
1.94688
1.9
1.86827
1.84711
1.80687
1.75901
1.7096
1.65523
1.59271
1.52547
1.46941
1.42767
1.39073
1.35539
1.32106
1.28729
1.25302
1.21667
1.17689
1.13358
1.08906
1.0479
)
;

boundaryField
{
    inlet
    {
        type            fixedValue;
        value           uniform 1;
    }
    outlet
    {
        type            zeroGradient;
    }
    bottom
    {
        type            symmetryPlane;
    }
    top
    {
        type            symmetryPlane;
    }
    obstacle
    {
        type            zeroGradient;
    }
    defaultFaces
    {
        type            empty;
    }
    procBoundary2to0
    {
        type            processor;
        value           nonuniform List<scalar> 
58
(
2.80022
2.74656
2.69107
2.62873
2.56518
2.49212
4.28616
3.24354
3.18363
3.1674
3.14383
3.12455
3.10526
3.08656
3.06876
3.05137
3.03344
3.01391
2.99261
2.96974
2.94467
2.9171
2.88107
2.8368
2.8368
2.41291
2.32817
2.23871
2.14682
2.06067
1.97605
1.88679
1.80133
1.72349
1.65134
1.58246
1.51028
1.4416
1.39238
1.34858
1.29511
1.2366
1.1919
1.16221
1.13036
1.08859
1.03807
0.994435
0.971919
0.953083
0.940564
0.936705
0.980187
1.11988
1.33717
1.48106
1.54793
1.54384
)
;
    }
    procBoundary2to1
    {
        type            processor;
        value           nonuniform List<scalar> 2(1.51335 1.41082);
    }
    procBoundary2to3
    {
        type            processor;
        value           nonuniform List<scalar> 
16
(
1.1252
0.909381
0.877275
0.88436
0.896939
0.925037
0.951209
0.964028
0.98859
0.985375
0.99312
0.996833
0.999381
1.00427
1.0092
1.01276
)
;
    }
}


// ************************************************************************* //
