/*--------------------------------*- C++ -*----------------------------------*\
  =========                 |
  \\      /  F ield         | OpenFOAM: The Open Source CFD Toolbox
   \\    /   O peration     | Website:  https://openfoam.org
    \\  /    A nd           | Version:  7
     \\/     M anipulation  |
\*---------------------------------------------------------------------------*/
FoamFile
{
    version     2.0;
    format      ascii;
    class       volScalarField;
    location    "3.3";
    object      T;
}
// * * * * * * * * * * * * * * * * * * * * * * * * * * * * * * * * * * * * * //

dimensions      [0 0 0 1 0 0 0];

internalField   nonuniform List<scalar> 
4032
(
2.68804
2.67687
2.66892
2.66553
2.6638
2.65759
2.64799
2.6516
2.78213
3.40391
3.91884
3.94828
3.91898
3.8935
3.89528
3.88835
3.85574
3.8218
3.78254
3.73021
3.68642
3.65794
3.63282
3.6119
3.58306
3.55307
3.5275
3.49944
3.46787
3.4442
3.42538
3.41102
3.39101
3.36627
3.3331
3.28174
3.23525
3.21023
3.19411
3.17915
3.16913
3.16761
3.16184
3.14901
3.13667
3.1143
3.0693
3.03048
3.01093
3.00988
3.02108
3.04275
3.06981
3.10474
3.12648
3.12702
3.12393
3.11065
3.08683
3.06757
3.06118
3.06395
3.07391
3.08307
3.08183
3.06916
3.05673
3.03022
3.03284
3.07694
3.18782
3.34193
3.46978
3.55194
3.61975
3.6681
3.6755
3.66841
3.65401
3.63707
3.62791
3.62661
3.62581
3.62524
3.62562
3.62729
3.62996
3.63033
3.6271
3.62097
3.61817
3.61659
3.61467
3.6122
3.60903
3.60493
3.60023
3.59505
3.59017
3.58786
3.58788
3.58891
3.58945
3.58891
3.58494
3.57586
3.56715
3.56477
3.56549
3.56709
3.56775
3.56774
3.56637
3.56096
3.54892
3.53363
3.52674
3.52645
3.52762
3.5303
3.53256
3.53299
3.53114
3.5221
3.50656
3.49579
2.70227
2.69402
2.688
2.68572
2.67919
2.66735
2.67182
2.81021
3.39964
3.95263
3.99085
3.9566
3.92291
3.9037
3.89592
3.87001
3.8352
3.79952
3.75786
3.71498
3.68592
3.66432
3.64306
3.61433
3.57866
3.53593
3.49463
3.46454
3.4422
3.42345
3.41326
3.40892
3.3926
3.36756
3.34004
3.29988
3.24078
3.20117
3.1818
3.16793
3.15738
3.15063
3.13774
3.11825
3.09962
3.08069
3.05369
3.01505
2.9837
2.96422
2.94644
2.93564
2.93724
2.94379
2.95053
2.95332
2.95987
2.96621
2.96419
2.96642
2.9721
2.98244
2.99354
3.00023
3.00532
3.00443
2.99738
2.98424
2.96916
2.94264
2.94745
3.00005
3.13733
3.2891
3.42929
3.54141
3.56781
3.57694
3.58396
3.57692
3.56511
3.55943
3.55847
3.55706
3.55927
3.56402
3.56635
3.56897
3.56926
3.56428
3.55666
3.55201
3.54832
3.54534
3.54407
3.54394
3.54383
3.54246
3.53807
3.53326
3.53209
3.53281
3.53408
3.53409
3.53211
3.52605
3.51748
3.51107
3.50986
3.5108
3.51176
3.51184
3.51142
3.50946
3.50387
3.49268
3.48069
3.47703
3.47796
3.4816
3.48567
3.48849
3.48927
3.48769
3.47784
3.45821
2.71676
2.70785
2.7035
2.69865
2.69107
2.6933
2.82126
3.42454
3.97957
4.01301
3.9835
3.95007
3.92731
3.91695
3.8888
3.8522
3.8157
3.77403
3.73241
3.70431
3.68032
3.66363
3.64423
3.61732
3.58349
3.53184
3.47348
3.44092
3.42105
3.40373
3.39877
3.40185
3.39079
3.36291
3.33658
3.30621
3.26092
3.20666
3.17369
3.15474
3.13966
3.13251
3.12334
3.1011
3.07888
3.0584
3.03646
3.00631
2.96737
2.93406
2.91648
2.9034
2.89091
2.877
2.86741
2.86286
2.85605
2.84549
2.83076
2.82848
2.83294
2.84474
2.859
2.87347
2.88568
2.89654
2.90466
2.90644
2.9015
2.88994
2.87723
2.87907
2.89696
2.97266
3.10503
3.27919
3.38399
3.43823
3.47552
3.49829
3.49691
3.49719
3.5009
3.49986
3.5029
3.507
3.50841
3.50841
3.50783
3.50278
3.49119
3.48287
3.48044
3.48023
3.48151
3.48446
3.48634
3.48617
3.48227
3.47493
3.47247
3.47338
3.47608
3.4774
3.47686
3.47349
3.46709
3.45882
3.452
3.45139
3.45283
3.45403
3.45434
3.4543
3.45315
3.44848
3.43926
3.43154
3.43039
3.43215
3.4362
3.43966
3.4418
3.44229
3.43874
3.42272
2.73198
2.72508
2.7181
2.70879
2.71286
2.82949
3.42711
3.96482
4.05682
4.03007
3.98474
3.95499
3.93594
3.91102
3.87499
3.83214
3.78067
3.73797
3.71197
3.68806
3.6696
3.6593
3.63731
3.60914
3.57936
3.53693
3.47632
3.42929
3.40478
3.38665
3.37661
3.37561
3.36459
3.34037
3.31715
3.29287
3.26087
3.218
3.1778
3.1505
3.13064
3.11353
3.09805
3.08117
3.06146
3.04026
3.0182
2.99346
2.9626
2.92784
2.89848
2.87694
2.85858
2.84306
2.82984
2.81834
2.80663
2.8016
2.795
2.77447
2.74682
2.72153
2.71489
2.7188
2.72718
2.73862
2.75672
2.77797
2.79258
2.80595
2.80403
2.80311
2.80123
2.80705
2.83811
2.92159
3.062
3.17945
3.29342
3.37887
3.3963
3.41317
3.43344
3.44426
3.45375
3.45658
3.45589
3.45142
3.448
3.442
3.42577
3.41431
3.41288
3.41307
3.41945
3.42723
3.43338
3.43445
3.43075
3.41895
3.40944
3.40903
3.41179
3.4154
3.41679
3.41674
3.41532
3.41091
3.40173
3.39387
3.394
3.39636
3.39826
3.39936
3.39985
3.39899
3.3944
3.38745
3.38387
3.38373
3.3856
3.3879
3.38961
3.39014
3.38887
3.37996
2.74588
2.73734
2.72872
2.73166
2.85126
3.42715
4.01383
4.04575
4.0334
4.00401
3.97976
3.96227
3.93721
3.90399
3.86562
3.81734
3.7573
3.71178
3.6866
3.66463
3.64861
3.6409
3.62016
3.59163
3.56437
3.53363
3.49085
3.43934
3.40085
3.37756
3.35879
3.34309
3.32562
3.30519
3.28506
3.26382
3.24095
3.21245
3.17959
3.15005
3.12302
3.09713
3.07392
3.05261
3.03146
3.01039
2.99206
2.97488
2.95489
2.92828
2.89311
2.86005
2.83795
2.82114
2.80486
2.78934
2.77504
2.76261
2.75161
2.73712
2.71899
2.6961
2.67281
2.65666
2.64329
2.63308
2.63381
2.64276
2.65598
2.67169
2.67732
2.67617
2.67696
2.67601
2.68107
2.70031
2.74615
2.84001
2.96297
3.1357
3.24666
3.29906
3.3351
3.36694
3.39593
3.40368
3.40336
3.39672
3.39275
3.39041
3.37622
3.35454
3.34812
3.3478
3.35394
3.36787
3.37939
3.38273
3.38241
3.37418
3.3542
3.34338
3.34416
3.34769
3.35172
3.35587
3.35912
3.35956
3.35679
3.34733
3.34004
3.34051
3.34336
3.34534
3.34623
3.34617
3.34414
3.34003
3.33588
3.33387
3.33426
3.33526
3.33615
3.33623
3.33533
3.33099
2.7581
2.747
2.75196
2.88399
3.47325
4.01529
4.10277
4.08003
4.03534
3.99613
3.97363
3.95773
3.93095
3.89705
3.85895
3.81231
3.75627
3.70504
3.67111
3.6459
3.62569
3.60917
3.5876
3.56227
3.53657
3.51112
3.48312
3.44726
3.4067
3.37211
3.34577
3.32133
3.29729
3.27367
3.25008
3.22695
3.2051
3.18513
3.16346
3.1374
3.10743
3.07788
3.05354
3.03216
3.0108
2.98944
2.96938
2.95088
2.9312
2.90975
2.88291
2.84866
2.82209
2.80542
2.79047
2.77462
2.75822
2.74173
2.72524
2.7091
2.69252
2.67156
2.64362
2.62124
2.61064
2.60259
2.59566
2.58728
2.58085
2.57455
2.56605
2.55625
2.54792
2.54175
2.5435
2.55332
2.56625
2.59253
2.64825
2.76037
2.94371
3.0805
3.18883
3.25209
3.28576
3.31102
3.32754
3.33629
3.34455
3.34443
3.33571
3.31463
3.29814
3.29453
3.29774
3.31263
3.32794
3.33185
3.33458
3.3331
3.31891
3.29316
3.28232
3.28248
3.28701
3.29587
3.30392
3.30703
3.30819
3.30649
3.29814
3.2904
3.29036
3.29182
3.29215
3.29197
3.29126
3.29019
3.28789
3.28378
3.28162
3.28167
3.28259
3.2837
3.28379
3.28241
2.76646
2.77085
2.92009
3.52499
4.08222
4.13256
4.08773
4.04527
4.00887
3.97975
3.95531
3.93032
3.90017
3.86795
3.83473
3.79936
3.75974
3.71632
3.6715
3.63368
3.60471
3.57823
3.55354
3.52911
3.50517
3.48277
3.46108
3.43802
3.40848
3.37001
3.33119
3.30016
3.27399
3.2487
3.22378
3.20031
3.17868
3.15961
3.13804
3.11337
3.08238
3.04416
3.01862
3.00217
2.98469
2.9662
2.94959
2.93409
2.91455
2.8941
2.87044
2.83645
2.79925
2.78018
2.76907
2.75698
2.74446
2.73025
2.71408
2.69749
2.68
2.65837
2.6293
2.60057
2.5845
2.57436
2.56459
2.55513
2.54731
2.54043
2.53416
2.52677
2.51043
2.4851
2.46362
2.45818
2.45994
2.46349
2.47195
2.49389
2.55564
2.67185
2.83058
3.02556
3.13279
3.18846
3.23378
3.25989
3.27909
3.29733
3.29876
3.28987
3.2788
3.26802
3.2635
3.26589
3.2701
3.28049
3.28835
3.28776
3.27919
3.26042
3.24087
3.23488
3.23617
3.24249
3.25042
3.2561
3.25808
3.26017
3.25969
3.25241
3.24248
3.23925
3.23798
3.23728
3.23769
3.23943
3.24025
3.23849
3.23254
3.2291
3.22921
3.23075
3.23369
3.23477
2.79072
2.94745
3.62304
4.07817
4.15238
4.12886
4.0824
4.03586
4.00117
3.96875
3.93351
3.89675
3.86245
3.83123
3.80291
3.77707
3.74978
3.71884
3.68144
3.63597
3.5889
3.55281
3.52329
3.49493
3.46912
3.44853
3.43013
3.41016
3.38779
3.35945
3.3187
3.27366
3.24331
3.22033
3.19761
3.17575
3.15726
3.13982
3.11804
3.0946
3.06583
3.02412
2.98392
2.96364
2.94825
2.93221
2.91822
2.90677
2.89007
2.87257
2.85464
2.83122
2.79482
2.75777
2.73949
2.72794
2.71733
2.70975
2.69838
2.6855
2.6725
2.65666
2.63307
2.60036
2.56922
2.55149
2.54015
2.5306
2.5226
2.51663
2.50844
2.49803
2.48736
2.47384
2.45254
2.42933
2.41656
2.40856
2.40243
2.39977
2.39983
2.40909
2.44529
2.55391
2.73087
2.88815
3.04296
3.12923
3.16873
3.2105
3.24837
3.26651
3.26721
3.2619
3.2456
3.22911
3.22732
3.22794
3.22639
3.22763
3.22922
3.22328
3.21405
3.20916
3.20638
3.20565
3.20752
3.20968
3.21279
3.21548
3.2184
3.21775
3.20709
3.19248
3.18862
3.188
3.18843
3.19063
3.19388
3.1946
3.19094
3.18297
3.17977
3.18018
3.18341
3.18646
2.98695
3.6119
4.17184
4.16661
4.14278
4.10861
4.07456
4.0439
4.00761
3.96174
3.9075
3.86091
3.82537
3.79356
3.76675
3.74665
3.72843
3.70488
3.67621
3.63833
3.58478
3.53227
3.49785
3.46889
3.44076
3.41569
3.39667
3.37804
3.35638
3.33259
3.30101
3.25239
3.20824
3.18354
3.16236
3.14201
3.12636
3.11223
3.09161
3.07087
3.0488
3.01861
2.97405
2.93541
2.91529
2.8996
2.88541
2.87452
2.85968
2.84455
2.83014
2.81477
2.7932
2.75914
2.7247
2.70571
2.6931
2.68092
2.6693
2.65928
2.64959
2.63838
2.62443
2.60447
2.57767
2.55023
2.53089
2.51835
2.5078
2.49753
2.48632
2.47469
2.46499
2.45628
2.44196
2.41914
2.39946
2.38858
2.38019
2.37239
2.36164
2.35454
2.35065
2.3515
2.37012
2.43164
2.58286
2.80543
2.97273
3.05955
3.1443
3.21091
3.23248
3.23462
3.22967
3.21637
3.20505
3.19562
3.18931
3.18349
3.1772
3.17688
3.17831
3.18012
3.18392
3.18499
3.18324
3.17917
3.17711
3.17815
3.18177
3.1818
3.17338
3.15737
3.15006
3.14832
3.14756
3.148
3.15077
3.15386
3.15342
3.1479
3.13878
3.13514
3.13621
3.13845
3.70755
4.16996
4.15536
4.13694
4.11399
4.09672
4.07174
4.03824
3.99941
3.95344
3.89216
3.83556
3.79848
3.76539
3.73614
3.71587
3.70006
3.67822
3.65112
3.61914
3.57509
3.51672
3.4704
3.44049
3.41312
3.38837
3.36955
3.3482
3.32479
3.30171
3.27562
3.23711
3.18495
3.14768
3.12543
3.10587
3.09088
3.07809
3.05862
3.04034
3.02247
3.00238
2.97292
2.93038
2.89455
2.87374
2.85711
2.84117
2.82761
2.81489
2.80256
2.79077
2.77708
2.75599
2.7242
2.69404
2.67609
2.66197
2.64784
2.63424
2.62162
2.60989
2.59879
2.58715
2.57089
2.54751
2.52609
2.51265
2.50136
2.48875
2.47407
2.45848
2.4436
2.43115
2.42145
2.40936
2.3922
2.378
2.36653
2.35538
2.34418
2.33438
2.32495
2.31505
2.30658
2.29766
2.3052
2.35706
2.51817
2.7072
2.90293
3.04376
3.10869
3.15095
3.17673
3.18327
3.18301
3.1794
3.16747
3.15037
3.14046
3.13856
3.13971
3.15086
3.1617
3.1622
3.16245
3.15919
3.15153
3.14374
3.13709
3.1333
3.13122
3.12576
3.12118
3.1186
3.11624
3.11568
3.11637
3.11851
3.11926
3.11707
3.10829
3.09785
3.0948
3.09482
4.23257
4.23351
4.16846
4.11002
4.08873
4.07801
4.06373
4.0253
3.9824
3.93808
3.88163
3.81886
3.7739
3.73846
3.70745
3.6833
3.65974
3.63535
3.60949
3.58145
3.5482
3.50263
3.44856
3.40855
3.37998
3.3552
3.33477
3.31171
3.28869
3.26703
3.24498
3.21794
3.17763
3.12914
3.09604
3.07447
3.05529
3.03726
3.0194
3.0027
2.9869
2.97122
2.95314
2.92601
2.88924
2.85812
2.83664
2.81816
2.80069
2.78407
2.76866
2.75503
2.74287
2.73082
2.71213
2.68413
2.66174
2.64685
2.63262
2.61763
2.60215
2.58685
2.57238
2.55936
2.54725
2.53165
2.5117
2.49982
2.49131
2.48097
2.46802
2.45339
2.43775
2.42086
2.40282
2.38466
2.37083
2.36269
2.35562
2.3468
2.33695
2.32613
2.31279
2.29905
2.28454
2.26858
2.25846
2.2528
2.26048
2.29829
2.42036
2.63878
2.8573
2.9592
3.03953
3.09635
3.12267
3.13749
3.14276
3.13731
3.12406
3.11715
3.11596
3.12048
3.12432
3.12848
3.13328
3.13259
3.12683
3.11571
3.10276
3.09493
3.09046
3.09006
3.09104
3.09133
3.09113
3.09106
3.09146
3.09216
3.09201
3.0899
3.08058
3.06632
3.06024
3.05884
4.24312
4.18892
4.12095
4.08226
4.05885
4.04029
4.02536
3.98904
3.94724
3.90704
3.86286
3.80993
3.75626
3.71342
3.67892
3.6481
3.61733
3.58893
3.56213
3.53492
3.50686
3.4752
3.43351
3.3849
3.34684
3.31912
3.29437
3.27006
3.24742
3.2265
3.20625
3.18512
3.15905
3.12223
3.08043
3.05023
3.0273
3.00581
2.98544
2.9665
2.94917
2.93354
2.91851
2.90173
2.87675
2.84428
2.81903
2.80088
2.78359
2.76585
2.748
2.73072
2.71481
2.69963
2.68344
2.66366
2.64299
2.62792
2.61521
2.6023
2.58883
2.57408
2.55845
2.54284
2.52599
2.50584
2.48632
2.47808
2.47249
2.46453
2.45433
2.44428
2.43419
2.42128
2.40262
2.37563
2.34959
2.33885
2.33405
2.32879
2.32236
2.31485
2.30665
2.29652
2.28102
2.25908
2.23781
2.22518
2.2201
2.21494
2.21797
2.24735
2.35821
2.53168
2.71474
2.88017
2.96705
3.02139
3.06265
3.09317
3.1068
3.10581
3.0984
3.08862
3.08625
3.08794
3.08719
3.08722
3.09095
3.08873
3.07927
3.06751
3.06108
3.05913
3.05924
3.0607
3.06357
3.06475
3.06706
3.06956
3.06897
3.06058
3.04261
3.03234
3.0293
3.0283
4.26527
4.19138
4.11883
4.07507
4.04079
4.00755
3.97704
3.94137
3.90317
3.8665
3.83077
3.79162
3.74518
3.6935
3.64581
3.60812
3.57585
3.54561
3.51742
3.49071
3.46523
3.43933
3.40959
3.37117
3.32372
3.28237
3.25285
3.22757
3.20418
3.18301
3.16303
3.1438
3.12432
3.10145
3.06956
3.02999
2.99841
2.97654
2.95718
2.93829
2.92038
2.90385
2.88783
2.8712
2.85109
2.82206
2.79248
2.77477
2.76064
2.74625
2.73171
2.7169
2.70153
2.68531
2.66639
2.64114
2.61395
2.59994
2.59081
2.58066
2.56952
2.55797
2.54722
2.53621
2.52127
2.49802
2.4687
2.45029
2.44283
2.43676
2.43055
2.42493
2.41915
2.41014
2.39717
2.37781
2.35091
2.32575
2.3128
2.30538
2.29935
2.29419
2.29135
2.28544
2.27494
2.25962
2.2386
2.21474
2.19892
2.19067
2.18563
2.18108
2.18141
2.19692
2.25901
2.41992
2.64235
2.78861
2.8727
2.96221
3.03711
3.06382
3.06828
3.0663
3.05955
3.05118
3.04534
3.04224
3.04149
3.04249
3.0427
3.0418
3.04314
3.0421
3.03617
3.03271
3.03335
3.03729
3.04377
3.04529
3.04425
3.03237
3.01243
3.00258
3.00086
3.00039
4.21137
4.15905
4.11224
4.06464
4.01344
3.96371
3.92107
3.88318
3.8488
3.8168
3.78593
3.75332
3.7174
3.67452
3.62109
3.56771
3.53066
3.50123
3.47354
3.44723
3.42291
3.39925
3.37333
3.34384
3.30536
3.25554
3.21435
3.18858
3.16715
3.14667
3.12704
3.10886
3.0916
3.0722
3.04833
3.01352
2.9713
2.9437
2.92626
2.91069
2.89576
2.88099
2.86578
2.84934
2.82992
2.80232
2.76449
2.73965
2.72824
2.71787
2.70742
2.69691
2.6865
2.67494
2.66014
2.63738
2.60226
2.57208
2.55827
2.5483
2.5401
2.5344
2.52689
2.51917
2.51007
2.49682
2.47434
2.44306
2.42204
2.41175
2.40323
2.39473
2.38857
2.38575
2.37844
2.36623
2.34941
2.32759
2.30516
2.29062
2.28169
2.27481
2.2685
2.26338
2.25719
2.24896
2.2368
2.21899
2.19766
2.17964
2.16797
2.16049
2.15388
2.14838
2.14312
2.15241
2.20681
2.34716
2.51596
2.69856
2.84337
2.92571
2.97576
3.00259
3.01339
3.01496
3.01111
2.99699
2.99267
2.99258
2.99215
2.99901
3.01197
3.01457
3.01389
3.00973
3.00468
3.00375
3.00313
3.00412
3.00559
3.0026
2.99414
2.98433
2.97717
2.97477
4.15772
4.12079
4.08288
4.03725
3.98562
3.92782
3.87261
3.83114
3.79756
3.76499
3.73493
3.70693
3.6733
3.63599
3.59157
3.53398
3.4847
3.45488
3.42916
3.40413
3.38177
3.36015
3.3351
3.30854
3.27826
3.23523
3.18257
3.14955
3.12961
3.1108
3.0924
3.07622
3.06022
3.04164
3.02121
2.99415
2.95183
2.91159
2.89265
2.87935
2.86637
2.85434
2.84251
2.8284
2.81213
2.79061
2.75581
2.71556
2.69506
2.68443
2.67507
2.66885
2.66276
2.65364
2.64382
2.63065
2.6068
2.56835
2.53789
2.52422
2.51427
2.50381
2.49467
2.4896
2.48519
2.47846
2.46637
2.44497
2.41797
2.39721
2.38371
2.37414
2.36566
2.35685
2.34783
2.33975
2.33117
2.31826
2.30038
2.28381
2.27167
2.26187
2.25198
2.24157
2.23274
2.22537
2.21843
2.20875
2.19325
2.1755
2.1617
2.1509
2.14001
2.12891
2.11852
2.11309
2.1079
2.11463
2.14573
2.25323
2.46492
2.65606
2.76382
2.86201
2.91822
2.94589
2.95716
2.96682
2.96062
2.94758
2.9452
2.95363
2.96839
2.97589
2.97692
2.97642
2.97303
2.96553
2.9596
2.95775
2.95741
2.95947
2.96194
2.96119
2.95843
2.95259
4.11308
4.07975
4.03942
3.99529
3.94816
3.89194
3.82718
3.7804
3.74675
3.71486
3.68659
3.65996
3.62679
3.59196
3.55474
3.50699
3.44885
3.40732
3.3811
3.35719
3.33582
3.31602
3.29211
3.26746
3.24237
3.21127
3.16544
3.11869
3.09371
3.07606
3.05863
3.04277
3.02739
3.00994
2.992
2.97122
2.93959
2.89478
2.8637
2.84861
2.83612
2.82423
2.81373
2.80173
2.78818
2.77284
2.75008
2.71216
2.67594
2.65951
2.64944
2.63978
2.63008
2.62199
2.61414
2.6055
2.593
2.56835
2.53259
2.50861
2.495
2.48248
2.47069
2.46092
2.4526
2.44534
2.43851
2.42915
2.41169
2.38972
2.37255
2.36014
2.34935
2.3384
2.32649
2.31367
2.30087
2.29084
2.28189
2.26877
2.25685
2.24914
2.24132
2.23061
2.21668
2.20196
2.1889
2.17944
2.17276
2.16329
2.1522
2.14266
2.13335
2.12236
2.10939
2.09606
2.08342
2.07729
2.07167
2.07413
2.10113
2.20924
2.36002
2.54307
2.70082
2.78564
2.84146
2.87835
2.90212
2.91393
2.912
2.91365
2.92273
2.92505
2.92336
2.92538
2.92962
2.92825
2.9192
2.9085
2.90728
2.91427
2.92361
2.92749
2.92967
2.92899
4.0525
4.02226
3.98406
3.94067
3.89902
3.85248
3.7915
3.73341
3.69536
3.66223
3.63082
3.60223
3.57133
3.53963
3.50877
3.47432
3.42809
3.37537
3.33881
3.31434
3.29158
3.26964
3.24726
3.22422
3.20213
3.17928
3.14858
3.10367
3.06351
3.04178
3.02477
3.00812
2.99237
2.97564
2.95918
2.94231
2.92061
2.88634
2.84578
2.82132
2.80695
2.79413
2.78154
2.76904
2.75648
2.74333
2.72778
2.70313
2.66775
2.64178
2.62828
2.61689
2.6055
2.59425
2.58325
2.5727
2.5619
2.54723
2.5218
2.4938
2.47697
2.46467
2.45267
2.44068
2.4289
2.4176
2.40701
2.39699
2.38614
2.37059
2.35456
2.34403
2.33548
2.32572
2.3134
2.29883
2.28307
2.26628
2.24996
2.23902
2.23179
2.22652
2.22122
2.21424
2.20395
2.19032
2.17427
2.15782
2.14494
2.13829
2.13248
2.12625
2.11983
2.11308
2.10561
2.09519
2.07907
2.05966
2.04563
2.03886
2.03643
2.03861
2.05453
2.12135
2.28594
2.48991
2.60378
2.69106
2.78297
2.83275
2.85092
2.87587
2.88149
2.87632
2.87043
2.86709
2.86758
2.87188
2.86932
2.86488
2.86789
2.87839
2.88647
2.88986
2.89362
2.89668
3.9938
3.96018
3.92506
3.88295
3.84372
3.80342
3.75373
3.6939
3.644
3.60853
3.57654
3.54616
3.51627
3.48772
3.46055
3.43303
3.40045
3.35652
3.30804
3.27333
3.24851
3.22564
3.20326
3.18159
3.16113
3.14163
3.12043
3.09078
3.04887
3.01305
2.99205
2.97446
2.95684
2.93948
2.92288
2.90702
2.89055
2.8684
2.83407
2.7992
2.77933
2.76537
2.75199
2.73874
2.72549
2.71184
2.69725
2.67969
2.65399
2.62396
2.60549
2.59408
2.58302
2.57115
2.55899
2.54657
2.5335
2.51827
2.49712
2.47067
2.45271
2.44212
2.43245
2.42245
2.41176
2.40002
2.38703
2.37161
2.35197
2.33322
2.32318
2.31711
2.31134
2.30461
2.29665
2.28719
2.27471
2.25542
2.22827
2.20755
2.19926
2.19426
2.19155
2.1894
2.18394
2.17695
2.16736
2.15159
2.12799
2.11042
2.10419
2.10048
2.09783
2.09466
2.08936
2.0826
2.07341
2.05895
2.03718
2.01958
2.01208
2.00684
2.00622
2.00736
2.02077
2.08266
2.21827
2.36424
2.53313
2.65198
2.72835
2.77704
2.80327
2.82418
2.83014
2.82538
2.81665
2.80934
2.80738
2.80984
2.81999
2.83621
2.84491
2.84877
2.85176
2.8557
3.93132
3.89209
3.8554
3.81599
3.77826
3.74175
3.70315
3.65765
3.60412
3.55631
3.52182
3.49135
3.46179
3.43397
3.40851
3.38468
3.36039
3.33092
3.29018
3.24372
3.20975
3.18508
3.16235
3.14044
3.1197
3.10048
3.08249
3.06284
3.0339
2.99294
2.96087
2.94139
2.92398
2.90657
2.88968
2.87381
2.85868
2.84196
2.81744
2.78139
2.7511
2.73481
2.72222
2.70961
2.69663
2.68327
2.66941
2.6541
2.6337
2.60404
2.57748
2.56417
2.55416
2.54391
2.53365
2.52288
2.51076
2.4963
2.47628
2.44722
2.42553
2.41602
2.40797
2.39965
2.39147
2.38293
2.3729
2.35846
2.33449
2.30532
2.28982
2.28325
2.27751
2.27438
2.27138
2.26378
2.25452
2.24174
2.21961
2.19131
2.17584
2.16931
2.16492
2.16155
2.15986
2.15519
2.14813
2.13836
2.12166
2.09721
2.0823
2.07701
2.07285
2.06811
2.0633
2.05846
2.05389
2.04789
2.0357
2.01696
2.00201
1.99262
1.98767
1.98498
1.98343
1.98006
1.98859
2.02468
2.13354
2.32388
2.49059
2.57628
2.66138
2.7338
2.76939
2.77323
2.76981
2.76304
2.76015
2.76351
2.7749
2.78994
2.798
2.80335
2.80402
2.80627
3.86879
3.82473
3.78538
3.74835
3.7132
3.68066
3.6492
3.61617
3.57494
3.52164
3.47326
3.44022
3.41168
3.38458
3.36046
3.33873
3.31761
3.29493
3.26492
3.21951
3.17196
3.14289
3.1217
3.10198
3.08342
3.06575
3.04859
3.03089
3.00867
2.97343
2.9311
2.90534
2.88838
2.87194
2.85564
2.84025
2.8256
2.8105
2.79154
2.76208
2.7238
2.69888
2.68595
2.67446
2.66298
2.65154
2.63979
2.62692
2.61065
2.58604
2.55377
2.5308
2.5198
2.51093
2.50193
2.49252
2.48236
2.47088
2.45518
2.42893
2.39921
2.38532
2.37764
2.37016
2.36331
2.35624
2.34797
2.338
2.32315
2.29762
2.26985
2.25627
2.24944
2.24371
2.23884
2.23264
2.2257
2.21864
2.20659
2.18518
2.16309
2.1525
2.14677
2.14136
2.13566
2.13012
2.12428
2.11784
2.10726
2.08785
2.06907
2.05993
2.05474
2.05009
2.045
2.03963
2.03443
2.02962
2.02261
2.00857
1.99319
1.98593
1.98159
1.9773
1.97191
1.96513
1.96168
1.95646
1.95899
1.98803
2.09344
2.24046
2.38596
2.56111
2.64411
2.67987
2.69752
2.70613
2.71431
2.72828
2.74679
2.75425
2.75489
2.75571
2.7569
2.75806
3.80899
3.75468
3.71687
3.68499
3.65506
3.6263
3.59907
3.57061
3.53797
3.49353
3.43347
3.38708
3.36089
3.33837
3.31642
3.29581
3.27652
3.25629
3.23172
3.19449
3.14081
3.09965
3.07842
3.06146
3.04499
3.02865
3.01224
2.99527
2.97586
2.94729
2.9037
2.8673
2.84834
2.83324
2.81881
2.80491
2.79155
2.77793
2.76245
2.74045
2.70465
2.66894
2.65087
2.6388
2.62743
2.6164
2.60552
2.5942
2.58121
2.56289
2.53436
2.50296
2.48775
2.47899
2.47016
2.46089
2.45137
2.44155
2.43019
2.41275
2.3843
2.35941
2.34781
2.33913
2.33027
2.32155
2.31416
2.30772
2.30044
2.28654
2.26241
2.23999
2.22882
2.22162
2.2145
2.20631
2.19717
2.18885
2.18135
2.16918
2.15049
2.1387
2.13254
2.12697
2.12092
2.11415
2.10625
2.09708
2.08544
2.07035
2.05609
2.04859
2.04446
2.04066
2.03624
2.03031
2.02248
2.01418
2.00685
1.99915
1.9867
1.97701
1.97333
1.97089
1.96807
1.96458
1.96007
1.95305
1.94308
1.93076
1.93144
1.95438
2.02444
2.18509
2.38214
2.51625
2.59957
2.63725
2.64115
2.65776
2.68146
2.70144
2.70606
2.70728
2.71217
2.71477
3.76702
3.7032
3.65597
3.62536
3.59851
3.5722
3.54676
3.51934
3.48976
3.45483
3.40463
3.34701
3.31255
3.29095
3.27054
3.25074
3.23132
3.21156
3.18974
3.16047
3.11436
3.06298
3.03472
3.01792
3.0027
2.98821
2.97383
2.95805
2.94051
2.91736
2.87989
2.8343
2.80681
2.79148
2.77795
2.76452
2.75145
2.73882
2.72568
2.70846
2.67968
2.64215
2.61782
2.60457
2.59336
2.58245
2.57165
2.56056
2.54811
2.53222
2.50812
2.47566
2.45558
2.4465
2.43835
2.42973
2.42074
2.41136
2.40152
2.3893
2.36903
2.3432
2.32741
2.31782
2.308
2.29723
2.28705
2.27882
2.27121
2.26137
2.24446
2.22347
2.21104
2.20407
2.19746
2.1898
2.18112
2.17202
2.1621
2.15055
2.13729
2.12563
2.11814
2.11241
2.10731
2.10163
2.09468
2.0868
2.07797
2.06752
2.05525
2.04578
2.04023
2.03591
2.03151
2.02572
2.01823
2.00992
2.00067
1.98776
1.97438
1.96964
1.96783
1.96585
1.96312
1.9595
1.9545
1.94658
1.93533
1.92444
1.91624
1.91129
1.91233
1.93194
2.02182
2.16401
2.30756
2.45388
2.59062
2.61045
2.62146
2.62796
2.63944
2.64717
2.65775
2.67062
3.72168
3.66704
3.61057
3.56995
3.54216
3.51684
3.49078
3.46369
3.4356
3.40543
3.36825
3.31746
3.26972
3.24266
3.22196
3.20153
3.18151
3.16216
3.14205
3.11796
3.08337
3.03426
2.9931
2.97237
2.95678
2.94149
2.92618
2.91038
2.89431
2.87603
2.84877
2.80779
2.77201
2.75308
2.73926
2.72584
2.71246
2.69924
2.68565
2.66965
2.64651
2.6123
2.58233
2.5672
2.55667
2.54677
2.53725
2.5278
2.51726
2.50339
2.48153
2.45022
2.4252
2.4141
2.407
2.39967
2.39136
2.38199
2.37135
2.35892
2.34276
2.32193
2.30677
2.29872
2.29043
2.28043
2.27077
2.26199
2.25276
2.24024
2.22237
2.20446
2.19416
2.18831
2.18326
2.17814
2.17273
2.16595
2.15645
2.14198
2.11995
2.10513
2.10006
2.09627
2.09295
2.09067
2.08919
2.08645
2.07941
2.06415
2.04252
2.03071
2.02616
2.02236
2.01898
2.01644
2.01446
2.01135
2.00285
1.98718
1.97116
1.96621
1.96509
1.96338
1.96031
1.95584
1.95039
1.94324
1.93342
1.92019
1.90756
1.9025
1.90087
1.90105
1.90377
1.92184
1.9831
2.09634
2.29599
2.44063
2.51318
2.57183
2.60523
2.60967
2.60713
2.61262
3.67092
3.62894
3.57429
3.52102
3.4833
3.45559
3.42988
3.40354
3.3763
3.34907
3.32077
3.28451
3.23546
3.19447
3.16967
3.14826
3.12722
3.1069
3.08684
3.06573
3.04069
3.00509
2.95914
2.92781
2.91095
2.89546
2.87912
2.8623
2.84532
2.82793
2.80741
2.77732
2.73912
2.71279
2.69834
2.68584
2.67304
2.66022
2.64766
2.63404
2.61568
2.58676
2.55315
2.53355
2.52215
2.51208
2.5028
2.4945
2.48625
2.4757
2.45815
2.42908
2.40045
2.38641
2.3802
2.37508
2.36888
2.36138
2.35245
2.34033
2.32192
2.29987
2.28673
2.27965
2.27192
2.26323
2.2559
2.24905
2.24198
2.23243
2.21637
2.19567
2.18373
2.17785
2.17225
2.16651
2.16082
2.15483
2.14871
2.13806
2.11551
2.09965
2.0958
2.09304
2.08958
2.08594
2.08283
2.07891
2.07169
2.05798
2.03719
2.02499
2.02155
2.01936
2.0169
2.0137
2.01011
2.00565
1.99992
1.99105
1.97661
1.97118
1.96983
1.96788
1.96491
1.96074
1.95501
1.94673
1.93395
1.91761
1.90258
1.89813
1.89698
1.89563
1.89627
1.89723
1.89886
1.9072
1.95394
2.08503
2.21705
2.34415
2.48582
2.56641
2.58787
2.58599
3.61031
3.57552
3.52844
3.46822
3.41866
3.38851
3.36352
3.33867
3.31376
3.28951
3.26571
3.23826
3.19765
3.14567
3.10931
3.08704
3.06719
3.04774
3.0289
3.01043
2.991
2.96631
2.92802
2.88368
2.85975
2.84499
2.8297
2.81336
2.79705
2.7811
2.76443
2.74244
2.7091
2.67646
2.6596
2.64811
2.63613
2.62309
2.6102
2.59792
2.58383
2.56246
2.53055
2.50483
2.4924
2.483
2.47431
2.46658
2.45966
2.45215
2.44023
2.41578
2.38576
2.36958
2.36083
2.35468
2.34951
2.34495
2.34006
2.33224
2.31677
2.29042
2.26814
2.26225
2.26098
2.26147
2.2576
2.251
2.24372
2.23492
2.22064
2.20059
2.18827
2.18259
2.17767
2.17265
2.16694
2.15967
2.14887
2.13355
2.11433
2.10634
2.10355
2.09998
2.09608
2.09245
2.08909
2.08501
2.07818
2.06593
2.04584
2.03281
2.02949
2.02695
2.0235
2.01922
2.0142
2.00752
1.99825
1.98316
1.96631
1.96185
1.96044
1.95846
1.95566
1.95202
1.94725
1.94116
1.93479
1.92326
1.90952
1.90545
1.90414
1.9025
1.90058
1.89847
1.89473
1.89012
1.88058
1.88473
1.92112
2.00711
2.17348
2.35141
2.48168
2.55259
3.54209
3.51185
3.47327
3.41582
3.3518
3.31521
3.29237
3.27102
3.24988
3.22875
3.20776
3.1846
3.15243
3.10409
3.05416
3.02352
3.00416
2.98811
2.97294
2.95759
2.94113
2.92139
2.89235
2.84978
2.81464
2.7973
2.78368
2.76952
2.75522
2.74101
2.72627
2.70844
2.68102
2.64579
2.62482
2.61441
2.60468
2.59364
2.58149
2.5697
2.55823
2.54214
2.51581
2.4878
2.47371
2.46573
2.45814
2.45034
2.44257
2.43463
2.42476
2.41047
2.39192
2.37382
2.35852
2.34635
2.33839
2.33209
2.32592
2.31949
2.31003
2.28986
2.26505
2.25563
2.2522
2.24722
2.2426
2.238
2.23177
2.22222
2.20712
2.18763
2.17527
2.16972
2.165
2.15999
2.15467
2.14911
2.14281
2.13212
2.11396
2.10062
2.09595
2.09095
2.08596
2.08197
2.07795
2.07318
2.0664
2.05535
2.03741
2.02365
2.02002
2.01749
2.01422
2.01034
2.00635
2.00199
1.99398
1.97869
1.96243
1.95813
1.95648
1.95435
1.95154
1.94819
1.94435
1.93932
1.92996
1.91395
1.90087
1.89767
1.89637
1.89476
1.89292
1.8909
1.88846
1.88335
1.87418
1.86427
1.8592
1.86278
1.89942
2.02614
2.17045
2.39052
3.46058
3.43393
3.40263
3.35826
3.29934
3.2513
3.22355
3.20199
3.1823
3.16387
3.14534
3.12465
3.09783
3.05837
3.00804
2.96961
2.9495
2.93559
2.92302
2.91079
2.89768
2.88118
2.85747
2.82132
2.77854
2.75502
2.74407
2.73469
2.72514
2.71497
2.70293
2.68647
2.66066
2.6238
2.59508
2.58426
2.57804
2.57238
2.56528
2.55414
2.54057
2.52337
2.49864
2.48396
2.47843
2.47289
2.46624
2.45838
2.44861
2.43656
2.42292
2.40491
2.37796
2.3574
2.34799
2.33999
2.33325
2.32757
2.3219
2.31447
2.30192
2.28498
2.27064
2.25777
2.24671
2.23884
2.2347
2.23114
2.22628
2.21826
2.20292
2.18268
2.16945
2.16384
2.1593
2.15437
2.14933
2.14441
2.13892
2.13094
2.11893
2.10301
2.09236
2.08687
2.08264
2.07904
2.07458
2.06897
2.0616
2.05077
2.03368
2.02016
2.01643
2.01389
2.01076
2.00719
2.00343
1.99976
1.99583
1.98444
1.97025
1.96596
1.964
1.9616
1.95854
1.95479
1.94997
1.94188
1.92824
1.91005
1.89782
1.89509
1.89368
1.89206
1.89033
1.8885
1.88623
1.88135
1.86832
1.85662
1.85366
1.85182
1.8516
1.86036
1.89304
2.09431
3.37651
3.35234
3.32687
3.29547
3.25135
3.19964
3.16242
3.13929
3.12133
3.10532
3.08921
3.07112
3.04858
3.01685
2.97322
2.93165
2.90863
2.89578
2.88443
2.87322
2.86212
2.84924
2.83069
2.79948
2.76005
2.73193
2.71866
2.7102
2.70251
2.69392
2.68318
2.66858
2.64615
2.61295
2.58523
2.57184
2.56402
2.55945
2.55618
2.55347
2.54753
2.53305
2.50745
2.47668
2.46089
2.45462
2.44881
2.44208
2.43467
2.42691
2.41769
2.40125
2.36927
2.34656
2.34422
2.34401
2.34091
2.33587
2.33032
2.32259
2.30949
2.28719
2.26147
2.24761
2.24061
2.23644
2.23363
2.22993
2.22432
2.21718
2.20778
2.19151
2.1775
2.1713
2.16716
2.16293
2.15842
2.15369
2.14809
2.13863
2.11738
2.09248
2.08497
2.0844
2.08598
2.08435
2.07963
2.07427
2.06816
2.05874
2.04275
2.02967
2.02531
2.02242
2.01909
2.01529
2.0109
2.00483
1.99377
1.9755
1.9604
1.95689
1.95495
1.95251
1.94959
1.94625
1.94242
1.93826
1.93144
1.91825
1.90686
1.90286
1.90093
1.89915
1.89728
1.89502
1.89136
1.88279
1.86457
1.85179
1.85046
1.84955
1.84707
1.84441
1.84497
1.87923
3.30962
3.2887
3.26822
3.24443
3.21086
3.16554
3.12653
3.10387
3.08677
3.07034
3.05346
3.0352
3.01449
2.98865
2.9555
2.92646
2.90875
2.89351
2.87852
2.8627
2.84601
2.82904
2.80774
2.77848
2.75033
2.73201
2.71864
2.70778
2.69831
2.68884
2.67768
2.66238
2.64112
2.61715
2.59442
2.57627
2.5657
2.55887
2.55266
2.54525
2.5341
2.51785
2.49268
2.46505
2.45094
2.44418
2.43829
2.43261
2.42759
2.42148
2.40995
2.388
2.3597
2.34447
2.33932
2.33489
2.33009
2.32554
2.32026
2.31244
2.29834
2.27448
2.25197
2.2421
2.23824
2.23558
2.23259
2.22906
2.22464
2.2173
2.2016
2.17925
2.16531
2.1605
2.15706
2.15339
2.14943
2.14505
2.13939
2.12937
2.10967
2.08942
2.08399
2.08219
2.07967
2.07624
2.07213
2.06745
2.06123
2.0504
2.03255
2.01953
2.01539
2.01247
2.00914
2.00566
2.00214
1.9976
1.98904
1.97264
1.95808
1.95399
1.95191
1.94958
1.947
1.9442
1.94077
1.93519
1.9246
1.90944
1.89851
1.8949
1.89315
1.89152
1.88974
1.88748
1.88373
1.87595
1.86362
1.85131
1.84501
1.84292
1.84066
1.83819
1.83676
1.83525
3.26656
3.24764
3.22836
3.20676
3.18093
3.14807
3.10992
3.08003
3.0615
3.04633
3.03076
3.01355
2.99412
2.97227
2.94732
2.91831
2.89157
2.8738
2.85961
2.84628
2.83318
2.81816
2.79974
2.77705
2.74864
2.72268
2.70738
2.69781
2.68982
2.68173
2.67181
2.65839
2.64039
2.6158
2.58801
2.57106
2.56287
2.55604
2.5484
2.53927
2.52828
2.51342
2.49132
2.46587
2.45
2.44225
2.43625
2.43074
2.42505
2.41771
2.40597
2.38553
2.35899
2.34332
2.33675
2.33147
2.32664
2.32211
2.31701
2.30966
2.29605
2.27309
2.25236
2.24367
2.23956
2.23588
2.23223
2.2285
2.22385
2.21565
2.19912
2.17554
2.16131
2.15695
2.15382
2.15048
2.14695
2.1429
2.13714
2.12647
2.10706
2.08951
2.08358
2.08046
2.07712
2.07364
2.06997
2.06576
2.05969
2.04836
2.0296
2.01663
2.01265
2.00971
2.00637
2.00301
1.99971
1.99544
1.98747
1.97275
1.95837
1.9534
1.95126
1.94916
1.94684
1.94413
1.94044
1.93434
1.92321
1.90742
1.89649
1.89289
1.89117
1.88969
1.88812
1.88608
1.88262
1.87544
1.86275
1.84935
1.84271
1.84008
1.83771
1.83554
1.83405
1.8313
3.27318
3.25689
3.24038
3.22194
3.19864
3.16575
3.12325
3.08784
3.06806
3.05367
3.03943
3.02439
3.00837
2.99008
2.96556
2.93091
2.89728
2.87755
2.86479
2.85364
2.84243
2.83029
2.81576
2.79468
2.76308
2.73193
2.71527
2.70616
2.69872
2.69131
2.68263
2.67107
2.65393
2.62715
2.59606
2.57944
2.57184
2.56472
2.55702
2.54882
2.53942
2.52659
2.50652
2.48011
2.46142
2.45252
2.44599
2.4397
2.43306
2.42531
2.41448
2.39614
2.37012
2.35261
2.34648
2.34249
2.33843
2.33386
2.32819
2.31978
2.30447
2.27977
2.2606
2.25342
2.24865
2.24421
2.24035
2.23662
2.23204
2.22427
2.20815
2.1843
2.17071
2.1665
2.16334
2.16006
2.15653
2.15219
2.14581
2.13475
2.11616
2.09866
2.09197
2.08897
2.08623
2.0833
2.08002
2.07589
2.06927
2.05639
2.03626
2.02336
2.01915
2.01586
2.01234
2.00915
2.0062
2.00245
1.99546
1.98178
1.96675
1.96101
1.95883
1.9568
1.95449
1.9517
1.94784
1.94128
1.92921
1.91323
1.90284
1.89888
1.89697
1.8956
1.89425
1.89242
1.88891
1.88086
1.86662
1.85371
1.8483
1.84588
1.84363
1.84146
1.83975
1.83565
3.24719
3.2323
3.21735
3.20056
3.17836
3.14535
3.1014
3.06411
3.0437
3.02973
3.01636
3.00268
2.98837
2.97152
2.9472
2.91088
2.87497
2.85499
2.84297
2.83249
2.82221
2.81147
2.79827
2.77798
2.74649
2.71468
2.69747
2.68829
2.68092
2.6736
2.66514
2.65386
2.63686
2.61023
2.57967
2.56294
2.55503
2.54789
2.54031
2.53231
2.52329
2.51113
2.49196
2.46631
2.44745
2.43799
2.43095
2.42409
2.41714
2.40958
2.39912
2.38166
2.35706
2.33946
2.33312
2.32922
2.32511
2.32026
2.31407
2.30521
2.28971
2.26531
2.24827
2.2419
2.2371
2.23261
2.22861
2.2247
2.22003
2.2122
2.19581
2.17196
2.15845
2.15421
2.15123
2.14836
2.14531
2.14131
2.13506
2.12408
2.10566
2.08797
2.08125
2.07825
2.07527
2.07208
2.06878
2.0648
2.05834
2.04543
2.02541
2.01332
2.00938
2.00603
2.00229
1.99894
1.99601
1.99228
1.98531
1.97174
1.95707
1.95124
1.94889
1.9468
1.94457
1.94195
1.9383
1.93196
1.92016
1.90487
1.8948
1.89033
1.88794
1.88648
1.88521
1.88349
1.87994
1.87169
1.85753
1.84533
1.83976
1.83718
1.83498
1.8329
1.83128
1.82723
)
;

boundaryField
{
    inlet
    {
        type            fixedValue;
        value           nonuniform 0();
    }
    outlet
    {
        type            inletOutlet;
        inletValue      uniform 1;
        value           nonuniform List<scalar> 
32
(
3.49563
3.4562
3.42037
3.37858
3.33043
3.28223
3.23495
3.18695
3.13894
3.09508
3.05911
3.02873
3.00099
2.97534
2.95249
2.92924
2.89719
2.85601
2.8061
2.7569
2.7132
2.67119
2.61296
2.58415
2.55081
2.38976
2.09422
1.87949
1.83568
1.83174
1.83613
1.82774
)
;
    }
    bottom
    {
        type            symmetryPlane;
    }
    top
    {
        type            symmetryPlane;
    }
    obstacle
    {
        type            zeroGradient;
    }
    defaultFaces
    {
        type            empty;
    }
    procBoundary3to1
    {
        type            processor;
        value           nonuniform List<scalar> 
126
(
2.67439
2.66008
2.65272
2.64992
2.64795
2.64381
2.63467
2.62224
2.62729
2.77258
3.40468
3.88596
3.912
3.88525
3.88157
3.88554
3.86688
3.83334
3.79564
3.7434
3.68496
3.64757
3.62434
3.60648
3.59584
3.57728
3.54747
3.51735
3.48611
3.45439
3.42781
3.40649
3.38361
3.35443
3.31696
3.27874
3.25187
3.23495
3.21919
3.20337
3.20148
3.20707
3.19927
3.18663
3.17184
3.14834
3.14047
3.14129
3.14826
3.16322
3.18398
3.21243
3.23465
3.23945
3.24185
3.23461
3.21514
3.1909
3.16785
3.14938
3.13322
3.12035
3.1224
3.12936
3.12985
3.11182
3.11255
3.15795
3.28316
3.42892
3.54515
3.63052
3.674
3.70445
3.73497
3.73426
3.73012
3.72399
3.70971
3.70032
3.6999
3.70084
3.70164
3.69982
3.69578
3.69149
3.68687
3.68039
3.67618
3.67731
3.67937
3.67977
3.6796
3.67766
3.67072
3.6591
3.64847
3.64264
3.64099
3.64191
3.64466
3.64618
3.64611
3.64302
3.6327
3.61903
3.61356
3.61397
3.61597
3.61779
3.61845
3.61837
3.61584
3.60649
3.59048
3.57946
3.57721
3.57687
3.57685
3.57683
3.57627
3.57296
3.56351
3.54831
3.54099
3.53914
)
;
    }
    procBoundary3to2
    {
        type            processor;
        value           nonuniform List<scalar> 
32
(
2.70516
2.71175
2.72486
2.73897
2.75247
2.76604
2.77678
2.78479
2.81117
3.03201
3.74871
4.2607
4.29658
4.25972
4.19858
4.15021
4.09043
4.03416
3.97493
3.92345
3.87541
3.82501
3.765
3.70456
3.63978
3.56994
3.48701
3.40194
3.33268
3.28693
3.29074
3.26321
)
;
    }
}


// ************************************************************************* //
