/*--------------------------------*- C++ -*----------------------------------*\
  =========                 |
  \\      /  F ield         | OpenFOAM: The Open Source CFD Toolbox
   \\    /   O peration     | Website:  https://openfoam.org
    \\  /    A nd           | Version:  7
     \\/     M anipulation  |
\*---------------------------------------------------------------------------*/
FoamFile
{
    version     2.0;
    format      ascii;
    class       volScalarField;
    location    "2.2";
    object      T;
}
// * * * * * * * * * * * * * * * * * * * * * * * * * * * * * * * * * * * * * //

dimensions      [0 0 0 1 0 0 0];

internalField   nonuniform List<scalar> 
4032
(
0.983203
0.979954
0.975153
0.968442
0.961807
0.956399
0.952053
0.948352
0.945078
0.941919
0.938453
0.933992
0.927808
0.921782
0.918624
0.916856
0.915561
0.91403
0.911907
0.909072
0.904811
0.8984
0.891087
0.885751
0.88276
0.880466
0.878151
0.87559
0.873272
0.870532
0.870031
0.869199
0.882235
0.944735
1.0546
1.13098
1.16707
1.1785
1.18127
1.17956
1.17649
1.17275
1.16864
1.16387
1.15699
1.15009
1.14555
1.14088
1.13684
1.1334
1.12822
1.12062
1.1149
1.10959
1.10385
1.09938
1.09706
1.09573
1.0945
1.09328
1.09241
1.09166
1.09025
1.08806
1.08341
1.07728
1.07423
1.07269
1.07142
1.07092
1.07239
1.07299
1.07183
1.07018
1.06696
1.06015
1.05317
1.04994
1.04834
1.04719
1.04623
1.0453
1.04436
1.0432
1.04138
1.03841
1.03591
1.03531
1.0351
1.03547
1.03581
1.03532
1.03443
1.03293
1.03009
1.02762
1.0284
1.03117
1.03513
1.04053
1.04641
1.05056
1.05227
1.05297
1.05293
1.05267
1.0528
1.05373
1.05568
1.05797
1.05863
1.05828
1.0575
1.05656
1.05567
1.05521
1.05533
1.05535
1.05498
1.05503
1.05531
1.05497
1.05444
1.05404
1.05404
1.0548
0.981641
0.977498
0.974272
0.971427
0.967594
0.963391
0.959189
0.954719
0.950019
0.945287
0.940264
0.934417
0.928061
0.923537
0.921235
0.919223
0.917209
0.915392
0.913869
0.91182
0.908844
0.903113
0.893692
0.887159
0.884849
0.883073
0.881317
0.879457
0.877186
0.874196
0.870942
0.868034
0.864429
0.864942
0.891459
0.979857
1.08235
1.13355
1.15884
1.17031
1.17436
1.17209
1.16928
1.16579
1.1599
1.15326
1.14871
1.14482
1.14009
1.13499
1.12964
1.12182
1.11473
1.10838
1.10226
1.09741
1.09439
1.09265
1.09155
1.09061
1.08975
1.08846
1.0868
1.08463
1.08116
1.07599
1.07229
1.07068
1.06943
1.0689
1.06938
1.06914
1.06799
1.06652
1.06338
1.05644
1.04946
1.04682
1.04553
1.0444
1.0435
1.04291
1.04224
1.04138
1.04022
1.03771
1.03418
1.03315
1.03272
1.03235
1.03203
1.03153
1.03088
1.03002
1.02846
1.02747
1.02942
1.03314
1.03816
1.04467
1.05119
1.05384
1.05438
1.05389
1.05223
1.05083
1.05056
1.05118
1.0528
1.05589
1.05899
1.06006
1.06013
1.06006
1.05926
1.05746
1.05488
1.05277
1.05152
1.05123
1.05157
1.05219
1.05277
1.05331
1.05375
1.05513
0.98306
0.978344
0.974554
0.971932
0.969806
0.967363
0.964354
0.960581
0.955837
0.950011
0.943349
0.935761
0.929353
0.926404
0.9243
0.922207
0.920089
0.91792
0.915626
0.913164
0.910436
0.906525
0.899343
0.891193
0.88682
0.88428
0.88211
0.880229
0.878812
0.877525
0.875175
0.871658
0.866465
0.861848
0.857769
0.8647
0.913418
1.01261
1.10655
1.14594
1.15884
1.16488
1.16301
1.16167
1.15883
1.15469
1.15031
1.14498
1.13982
1.13414
1.12894
1.12322
1.11579
1.1083
1.10069
1.09489
1.09142
1.08968
1.08889
1.08827
1.0874
1.08612
1.08438
1.08222
1.07923
1.07458
1.07047
1.06868
1.06743
1.06684
1.06672
1.06575
1.06454
1.06297
1.05972
1.05324
1.04689
1.04453
1.04332
1.04233
1.04197
1.04291
1.04296
1.04181
1.04019
1.03785
1.03393
1.03016
1.02906
1.0284
1.02788
1.02735
1.02701
1.02723
1.02732
1.0287
1.03239
1.03739
1.04323
1.04953
1.05372
1.05498
1.055
1.0538
1.05158
1.04981
1.04938
1.04967
1.05058
1.0532
1.05806
1.06231
1.06369
1.06381
1.06302
1.05943
1.05343
1.04947
1.04857
1.04855
1.04919
1.05045
1.05206
1.05346
1.05461
1.05618
0.986346
0.980077
0.975869
0.97317
0.971019
0.969215
0.967192
0.964589
0.960918
0.955308
0.947309
0.938725
0.932826
0.929472
0.927056
0.924853
0.922662
0.920398
0.918062
0.915637
0.912723
0.908813
0.903181
0.89638
0.890788
0.887636
0.885378
0.883025
0.880336
0.87747
0.874469
0.871408
0.867794
0.863631
0.859765
0.855537
0.855762
0.875588
0.950997
1.05059
1.12067
1.15307
1.15611
1.1577
1.15584
1.15251
1.14905
1.14435
1.13838
1.13285
1.12791
1.12348
1.11735
1.10942
1.10111
1.09417
1.08957
1.08687
1.08616
1.08593
1.08533
1.08424
1.08257
1.08003
1.07641
1.07204
1.06846
1.06663
1.06553
1.06456
1.0634
1.06225
1.06092
1.05903
1.05566
1.0501
1.04516
1.04304
1.0419
1.04113
1.04089
1.04105
1.04047
1.03925
1.0379
1.03607
1.03267
1.02809
1.02541
1.02435
1.02347
1.02291
1.02337
1.02489
1.02739
1.03163
1.03774
1.0442
1.04957
1.0525
1.05358
1.05447
1.05455
1.05348
1.0516
1.04962
1.04892
1.04898
1.04954
1.05209
1.05884
1.06472
1.06609
1.06595
1.06459
1.05999
1.05253
1.04849
1.04749
1.0472
1.0476
1.04944
1.05239
1.05505
1.05653
1.05664
0.989877
0.982625
0.978471
0.975627
0.973144
0.970949
0.968972
0.966707
0.963757
0.959308
0.952609
0.9439
0.936906
0.932951
0.930199
0.927779
0.925438
0.922917
0.919983
0.916383
0.912226
0.907983
0.904582
0.900956
0.896198
0.891268
0.887716
0.885079
0.882417
0.879231
0.875432
0.871687
0.869357
0.866936
0.863775
0.859778
0.855431
0.851984
0.856717
0.897298
0.98624
1.07337
1.13076
1.14635
1.15049
1.15063
1.14926
1.14453
1.1376
1.13281
1.12792
1.12309
1.11695
1.11003
1.10239
1.09535
1.09032
1.08667
1.08371
1.08206
1.08162
1.08091
1.07949
1.0772
1.07415
1.07099
1.06824
1.06515
1.06213
1.06066
1.05979
1.05873
1.05733
1.05525
1.05153
1.0468
1.04363
1.0421
1.04104
1.04026
1.03971
1.03888
1.03773
1.03669
1.0358
1.03433
1.03102
1.02594
1.02189
1.02039
1.01966
1.01954
1.02062
1.02393
1.0294
1.03676
1.04558
1.05148
1.05376
1.05346
1.05288
1.05338
1.05378
1.05324
1.0519
1.05048
1.04986
1.04986
1.05033
1.05241
1.05704
1.0631
1.06552
1.06528
1.06368
1.05924
1.05252
1.04829
1.04714
1.04673
1.04709
1.0497
1.05439
1.05734
1.05769
1.05656
0.995344
0.987886
0.982915
0.979226
0.975876
0.972642
0.969554
0.966732
0.964153
0.961326
0.95703
0.950797
0.943208
0.936597
0.932461
0.929558
0.927058
0.924534
0.921513
0.917704
0.913545
0.909624
0.906193
0.903093
0.899644
0.895372
0.89098
0.887071
0.883479
0.8798
0.875709
0.871556
0.86853
0.866777
0.865377
0.863287
0.859552
0.854655
0.850407
0.849374
0.861921
0.918881
1.01557
1.09117
1.12084
1.14199
1.14637
1.14353
1.13784
1.13184
1.1259
1.12093
1.11566
1.11036
1.10479
1.09825
1.09246
1.08761
1.08334
1.0798
1.0777
1.07654
1.07527
1.07366
1.07177
1.07012
1.0681
1.06492
1.06095
1.05763
1.05623
1.05545
1.05422
1.05171
1.0472
1.04361
1.04225
1.04129
1.04048
1.03968
1.03862
1.03726
1.03573
1.03404
1.03217
1.03011
1.02732
1.02328
1.01923
1.01773
1.01748
1.01792
1.01994
1.02471
1.03255
1.0438
1.05317
1.05591
1.05608
1.05417
1.05222
1.05227
1.05308
1.05327
1.05283
1.0523
1.05198
1.052
1.05235
1.0534
1.05518
1.05809
1.0617
1.06267
1.06134
1.05789
1.05322
1.04941
1.04779
1.04742
1.04799
1.05143
1.05638
1.05807
1.05778
1.05574
1.00102
0.993676
0.987155
0.982447
0.978692
0.975191
0.971697
0.968078
0.964315
0.960866
0.958156
0.954988
0.949931
0.943278
0.936961
0.932162
0.928158
0.924424
0.921162
0.918519
0.915855
0.912794
0.909492
0.90599
0.901902
0.897318
0.89279
0.888467
0.884269
0.880104
0.876076
0.872737
0.870125
0.867788
0.865459
0.863046
0.860692
0.857425
0.852408
0.847996
0.845774
0.847639
0.871951
0.95034
1.0344
1.10452
1.1265
1.12855
1.13253
1.12879
1.12342
1.11885
1.1135
1.10803
1.10363
1.10083
1.09606
1.08947
1.08369
1.07811
1.07337
1.07123
1.07062
1.06994
1.06909
1.06838
1.06718
1.06496
1.06142
1.05684
1.05313
1.05178
1.05046
1.04788
1.04401
1.04186
1.04092
1.04014
1.03937
1.03837
1.03713
1.0357
1.03385
1.03164
1.02919
1.02653
1.02378
1.02084
1.01754
1.01615
1.01619
1.01735
1.02084
1.02812
1.0385
1.05039
1.05635
1.05741
1.05669
1.05413
1.05244
1.0522
1.0526
1.05391
1.05494
1.05497
1.05489
1.05472
1.05465
1.05458
1.0546
1.05474
1.0553
1.0565
1.05685
1.05568
1.05394
1.05221
1.05058
1.05003
1.0508
1.05362
1.05662
1.05729
1.05676
1.05436
1.00612
0.999733
0.99219
0.985753
0.981083
0.977171
0.973384
0.969551
0.96579
0.962307
0.959105
0.956082
0.952661
0.947605
0.941142
0.935201
0.930489
0.926499
0.922741
0.919113
0.916201
0.913922
0.911725
0.90916
0.905753
0.901009
0.89506
0.889281
0.884611
0.880623
0.877044
0.874049
0.871439
0.868967
0.866615
0.864373
0.86215
0.859305
0.855428
0.850773
0.846159
0.843329
0.841935
0.849089
0.888477
0.973587
1.05901
1.10399
1.12205
1.12492
1.12405
1.12023
1.11451
1.10786
1.10118
1.09674
1.09395
1.09101
1.0843
1.0773
1.07148
1.06824
1.06701
1.06676
1.06759
1.06789
1.06664
1.06457
1.0615
1.05715
1.05194
1.04744
1.04514
1.04388
1.04311
1.04213
1.04114
1.03988
1.03845
1.03693
1.03521
1.03336
1.03135
1.02915
1.02672
1.02394
1.02073
1.01767
1.0162
1.0156
1.01611
1.01824
1.02411
1.0343
1.04568
1.05397
1.05703
1.05753
1.05646
1.05425
1.05307
1.05292
1.05334
1.05527
1.05791
1.05873
1.05873
1.05826
1.05706
1.05532
1.0535
1.05153
1.04984
1.04944
1.05065
1.0532
1.05517
1.05544
1.05502
1.05437
1.0545
1.05489
1.05493
1.05492
1.0543
1.05166
1.00968
1.0043
0.997251
0.989911
0.984167
0.979693
0.97559
0.971526
0.967576
0.963923
0.960626
0.957537
0.954222
0.950039
0.94454
0.938836
0.933872
0.929403
0.925179
0.92156
0.918677
0.915961
0.913038
0.909841
0.906457
0.902622
0.897171
0.890637
0.885362
0.881719
0.878791
0.87615
0.873743
0.871441
0.868909
0.866092
0.863133
0.860151
0.857329
0.854135
0.849878
0.845515
0.841506
0.839565
0.839642
0.852744
0.911633
1.00064
1.0638
1.10307
1.11951
1.11971
1.11532
1.10771
1.1019
1.09748
1.09185
1.08654
1.08133
1.07573
1.07136
1.06754
1.06494
1.06415
1.06372
1.06331
1.06323
1.06276
1.06071
1.05706
1.05144
1.04478
1.04077
1.03953
1.03888
1.03854
1.03789
1.03648
1.03509
1.03367
1.03232
1.03098
1.02926
1.02709
1.02459
1.02194
1.01921
1.01664
1.0151
1.01518
1.01652
1.02072
1.03048
1.04273
1.0521
1.05563
1.0569
1.05715
1.05608
1.05491
1.05444
1.05443
1.05494
1.05696
1.06044
1.06259
1.06275
1.06209
1.06011
1.0561
1.05135
1.04777
1.04617
1.04586
1.04683
1.05038
1.05566
1.05868
1.05925
1.05903
1.05747
1.05492
1.05293
1.05155
1.0504
1.04888
1.01113
1.0065
1.00095
0.993947
0.987317
0.982169
0.977911
0.974047
0.970362
0.966669
0.962872
0.959002
0.955049
0.951042
0.946899
0.942251
0.937355
0.932644
0.928135
0.92396
0.92063
0.9181
0.915852
0.913534
0.910547
0.906282
0.90048
0.893368
0.887182
0.882988
0.880079
0.877754
0.87567
0.873668
0.871528
0.868949
0.865553
0.861527
0.857385
0.853774
0.850771
0.84792
0.844107
0.840105
0.837555
0.836001
0.839071
0.863902
0.93098
1.01752
1.0752
1.10213
1.10787
1.10657
1.10428
1.09965
1.09418
1.08618
1.07804
1.07379
1.07053
1.06789
1.06488
1.06197
1.06108
1.06078
1.06084
1.05989
1.05777
1.05516
1.05036
1.04308
1.03753
1.0359
1.03514
1.03505
1.03507
1.03397
1.03282
1.03156
1.02972
1.0271
1.02517
1.02381
1.02232
1.02045
1.01864
1.01724
1.01629
1.01651
1.0187
1.02563
1.03869
1.05082
1.05579
1.05643
1.05664
1.05651
1.05635
1.05644
1.05647
1.05654
1.05706
1.05868
1.0617
1.06463
1.06554
1.0651
1.06324
1.05853
1.05166
1.04723
1.04568
1.04546
1.04601
1.04934
1.05681
1.06142
1.06223
1.06161
1.05963
1.05525
1.05083
1.04878
1.0479
1.04737
1.01414
1.00977
1.0039
0.997101
0.99081
0.985572
0.980936
0.976572
0.972482
0.968735
0.965086
0.961246
0.957282
0.953377
0.949265
0.944765
0.940127
0.935526
0.931185
0.927249
0.923733
0.920641
0.917854
0.914439
0.909894
0.904313
0.899236
0.894966
0.890991
0.887248
0.883623
0.88021
0.877071
0.874218
0.87124
0.86814
0.865502
0.862751
0.859476
0.856073
0.852359
0.848534
0.845143
0.84193
0.838853
0.835796
0.833081
0.830497
0.836696
0.874471
0.955284
1.03881
1.0726
1.09323
1.10037
1.10035
1.09771
1.08953
1.07836
1.07086
1.06815
1.06715
1.06493
1.06227
1.05865
1.05729
1.05685
1.05652
1.05497
1.05248
1.04891
1.04323
1.03652
1.03279
1.03169
1.03105
1.03142
1.03188
1.03081
1.02956
1.02784
1.02515
1.02233
1.02113
1.02
1.01855
1.01729
1.0167
1.01729
1.01846
1.02258
1.03415
1.0479
1.05584
1.05721
1.0569
1.05654
1.05674
1.05771
1.05853
1.05881
1.05902
1.05945
1.06041
1.06237
1.06498
1.06624
1.06602
1.06452
1.06072
1.05431
1.04877
1.04684
1.0466
1.04707
1.04942
1.05431
1.06049
1.06214
1.06153
1.05995
1.05633
1.05124
1.04814
1.04739
1.04756
1.01385
1.00851
1.00295
0.998064
0.99351
0.989043
0.984632
0.980207
0.97578
0.971388
0.966939
0.962287
0.957461
0.952891
0.949336
0.946325
0.943016
0.939171
0.935025
0.931106
0.927717
0.924473
0.920867
0.916564
0.910836
0.904367
0.899186
0.896189
0.893737
0.890769
0.887099
0.883456
0.880261
0.877153
0.873796
0.869523
0.865105
0.862423
0.860615
0.858443
0.855604
0.852198
0.848069
0.8441
0.841448
0.83784
0.832983
0.828599
0.826766
0.827452
0.841135
0.894696
0.97833
1.04281
1.07318
1.09211
1.09425
1.09079
1.07993
1.06992
1.06621
1.06585
1.06516
1.06157
1.05695
1.05282
1.05194
1.05192
1.05171
1.04986
1.04719
1.04337
1.03765
1.03168
1.02873
1.02782
1.02745
1.0283
1.02817
1.02705
1.02577
1.02342
1.01994
1.01823
1.01791
1.01799
1.01783
1.01795
1.01894
1.02126
1.03003
1.04591
1.05569
1.05793
1.05784
1.05706
1.05676
1.05776
1.05965
1.06097
1.06144
1.06155
1.06163
1.06184
1.06248
1.06395
1.06543
1.06536
1.06381
1.06113
1.05731
1.05302
1.04997
1.04904
1.04906
1.04995
1.05197
1.05578
1.05995
1.0606
1.05931
1.05656
1.05288
1.04984
1.04906
1.04953
1.01539
1.00942
1.00382
0.998998
0.995127
0.991608
0.987854
0.983521
0.978615
0.973538
0.968563
0.96372
0.959029
0.954529
0.950407
0.946966
0.944319
0.941962
0.939295
0.935641
0.930569
0.924259
0.918118
0.91346
0.909475
0.905131
0.901519
0.898737
0.896252
0.893761
0.890716
0.886385
0.880621
0.87521
0.871574
0.868675
0.865363
0.862473
0.860378
0.85876
0.857396
0.855656
0.852427
0.846705
0.839576
0.834505
0.831181
0.828031
0.826085
0.824832
0.824964
0.828058
0.85255
0.917872
0.999531
1.04999
1.08079
1.08182
1.07807
1.07145
1.06506
1.06391
1.06405
1.06065
1.05604
1.05038
1.04647
1.04577
1.04633
1.04715
1.0454
1.04292
1.03923
1.03304
1.0274
1.02518
1.02428
1.02412
1.0252
1.02474
1.02361
1.02222
1.01953
1.01617
1.01428
1.01378
1.01402
1.01627
1.0197
1.02668
1.04395
1.05832
1.06066
1.05974
1.0585
1.05745
1.05754
1.05932
1.06184
1.06359
1.06394
1.06362
1.06305
1.0626
1.06251
1.06264
1.06335
1.06407
1.06344
1.06186
1.06014
1.0582
1.0553
1.05219
1.05125
1.05119
1.05141
1.05222
1.05438
1.05728
1.05764
1.05657
1.05528
1.05395
1.05298
1.05308
1.01504
1.00876
1.00381
1.00033
0.997394
0.99446
0.991181
0.987123
0.981807
0.975277
0.968616
0.962961
0.958882
0.95553
0.952413
0.949632
0.94699
0.94434
0.941557
0.938107
0.932866
0.925634
0.917867
0.911673
0.908231
0.906185
0.904209
0.902046
0.899809
0.897359
0.894278
0.889732
0.882936
0.875244
0.870281
0.867648
0.865692
0.863867
0.862148
0.860739
0.859224
0.857501
0.855023
0.849124
0.839176
0.832341
0.829711
0.828222
0.826957
0.825676
0.824488
0.824667
0.824185
0.831939
0.869404
0.940308
1.01041
1.05189
1.07209
1.0692
1.06467
1.06338
1.06339
1.06026
1.05616
1.05007
1.04333
1.0405
1.03981
1.04129
1.04282
1.0417
1.03949
1.03542
1.02892
1.02378
1.02189
1.02084
1.02098
1.02189
1.02112
1.02044
1.01927
1.01615
1.01212
1.01112
1.01141
1.0143
1.02161
1.03828
1.05992
1.06591
1.06521
1.06247
1.06009
1.05892
1.05911
1.06088
1.0639
1.06602
1.06611
1.0653
1.06403
1.06299
1.06218
1.06144
1.06132
1.06198
1.06314
1.0634
1.06299
1.06222
1.06059
1.05706
1.05306
1.05122
1.05016
1.04934
1.04963
1.05155
1.0551
1.05734
1.05802
1.05819
1.05764
1.05577
1.01539
1.00943
1.00527
1.00211
0.999128
0.99615
0.993108
0.989525
0.984301
0.977111
0.969748
0.963704
0.959232
0.956491
0.954219
0.952032
0.949648
0.947116
0.944199
0.94052
0.935468
0.92767
0.918223
0.911663
0.908578
0.906472
0.904723
0.903852
0.902382
0.900298
0.897389
0.892152
0.883457
0.874767
0.870138
0.867774
0.866061
0.864895
0.86455
0.863838
0.862275
0.860183
0.856313
0.848525
0.838627
0.832926
0.830404
0.828687
0.827192
0.826157
0.826162
0.825799
0.824437
0.823132
0.820733
0.83145
0.878071
0.951071
1.02713
1.04603
1.05113
1.05507
1.05771
1.05719
1.05449
1.04939
1.04211
1.03736
1.03628
1.0363
1.03833
1.03874
1.03767
1.03558
1.0312
1.02444
1.01948
1.01783
1.01701
1.01783
1.02023
1.02032
1.01928
1.01673
1.01222
1.00853
1.00878
1.01383
1.02835
1.05343
1.06946
1.07053
1.06964
1.0667
1.06319
1.06147
1.0613
1.0623
1.06508
1.06782
1.0681
1.0671
1.06535
1.06336
1.06196
1.06101
1.06046
1.06077
1.06235
1.06479
1.06584
1.06555
1.0644
1.06139
1.05592
1.0512
1.04912
1.04813
1.04776
1.04866
1.05267
1.05842
1.06094
1.06118
1.06062
1.05789
1.01566
1.01097
1.00774
1.00474
1.00174
0.998605
0.995126
0.990993
0.985728
0.978608
0.970308
0.964103
0.960628
0.958196
0.955998
0.953811
0.951452
0.948817
0.946113
0.942581
0.936401
0.926841
0.917778
0.913048
0.910563
0.908559
0.906782
0.904999
0.902908
0.900695
0.898196
0.89354
0.884363
0.875818
0.872183
0.869908
0.867873
0.866217
0.864685
0.862957
0.86106
0.858817
0.855312
0.848085
0.839296
0.834745
0.832369
0.830426
0.828935
0.828068
0.827164
0.825582
0.823897
0.821707
0.818952
0.812096
0.812594
0.833312
0.897832
0.98084
1.02327
1.03677
1.04476
1.04678
1.04642
1.04473
1.04089
1.03574
1.03283
1.03229
1.03361
1.03611
1.03592
1.03457
1.03156
1.02576
1.0186
1.01514
1.01405
1.01376
1.01535
1.0168
1.01685
1.016
1.01278
1.00748
1.00822
1.01803
1.04134
1.06436
1.07414
1.07485
1.07389
1.07147
1.06763
1.06455
1.06381
1.06386
1.06537
1.06842
1.0696
1.06884
1.06708
1.06448
1.06209
1.06084
1.06028
1.06056
1.06301
1.06679
1.06787
1.06729
1.06586
1.06329
1.05868
1.05303
1.0496
1.04842
1.04818
1.0489
1.052
1.05839
1.06199
1.06187
1.06091
1.05815
1.01736
1.01308
1.00981
1.00676
1.00379
1.00066
0.997076
0.992802
0.987531
0.980664
0.972832
0.966713
0.962773
0.959684
0.957035
0.954745
0.953274
0.951814
0.949264
0.94527
0.937927
0.926929
0.918782
0.915208
0.912547
0.910241
0.908242
0.906459
0.904693
0.902819
0.899907
0.894308
0.885621
0.878521
0.874686
0.872355
0.870382
0.868338
0.866352
0.864611
0.862437
0.859124
0.853819
0.846687
0.840335
0.837314
0.835568
0.834157
0.832818
0.831092
0.829187
0.827372
0.824695
0.820722
0.815931
0.8118
0.809092
0.807881
0.815247
0.854976
0.924318
0.983881
1.01365
1.03002
1.03993
1.04028
1.03819
1.03264
1.02878
1.02856
1.02916
1.03136
1.03265
1.03172
1.03005
1.02625
1.01965
1.01387
1.012
1.01129
1.01213
1.014
1.01359
1.0123
1.00997
1.00644
1.01039
1.03022
1.05531
1.06961
1.07608
1.07803
1.07712
1.07525
1.0721
1.06796
1.06607
1.06542
1.06567
1.06788
1.0703
1.07018
1.0687
1.06616
1.06328
1.06187
1.06141
1.06155
1.0628
1.06534
1.06733
1.06723
1.06594
1.0638
1.06065
1.05657
1.05274
1.0509
1.05041
1.05071
1.05254
1.05527
1.05891
1.06057
1.06016
1.05737
1.02156
1.01659
1.01259
1.0089
1.00525
1.00153
0.997656
0.993369
0.988316
0.982213
0.975385
0.969432
0.965304
0.961995
0.958924
0.956114
0.953533
0.950729
0.947316
0.942794
0.936064
0.927727
0.922182
0.918847
0.915915
0.913014
0.910113
0.907167
0.904047
0.901
0.897251
0.892401
0.887393
0.883523
0.880398
0.877004
0.87329
0.869711
0.866242
0.862814
0.859684
0.855496
0.850197
0.845483
0.843272
0.841747
0.839967
0.837361
0.833834
0.830191
0.826947
0.824433
0.821851
0.818154
0.8141
0.81143
0.809648
0.808815
0.806711
0.80804
0.824057
0.876189
0.944738
0.984544
1.00695
1.02043
1.02489
1.02629
1.02482
1.02366
1.02511
1.02629
1.02734
1.02759
1.02662
1.02448
1.02064
1.01553
1.01129
1.00965
1.00948
1.00982
1.00929
1.00815
1.0067
1.00705
1.02088
1.04913
1.06641
1.07264
1.07628
1.07963
1.07999
1.07851
1.07591
1.07152
1.06823
1.06712
1.0666
1.06771
1.07042
1.07104
1.07008
1.06812
1.06574
1.06414
1.06349
1.06319
1.0633
1.06378
1.065
1.06602
1.06525
1.06356
1.0619
1.06003
1.05757
1.05508
1.05398
1.05383
1.05412
1.0547
1.05531
1.05619
1.05673
1.05548
1.02507
1.01977
1.01496
1.0108
1.00682
1.00277
0.998624
0.994366
0.98989
0.985048
0.979278
0.972216
0.96682
0.963766
0.961122
0.95835
0.955171
0.951552
0.947036
0.941047
0.934244
0.928971
0.925492
0.922256
0.918925
0.915624
0.912525
0.909555
0.906183
0.901213
0.895339
0.89024
0.887951
0.88638
0.884363
0.881315
0.876988
0.872152
0.868019
0.863885
0.857989
0.851592
0.847737
0.846247
0.845717
0.844729
0.842885
0.840041
0.835882
0.831374
0.827493
0.823734
0.819764
0.816087
0.813919
0.812349
0.810728
0.809042
0.80728
0.805673
0.80438
0.811149
0.843994
0.903938
0.950279
0.975848
0.992727
1.00553
1.01132
1.01371
1.01742
1.02041
1.02154
1.02151
1.02143
1.02105
1.01957
1.01705
1.01408
1.01107
1.00793
1.00534
1.00376
1.00283
1.0036
1.01307
1.04256
1.06775
1.07503
1.07617
1.0779
1.0808
1.0819
1.08086
1.07847
1.07445
1.07075
1.06936
1.06856
1.06855
1.06971
1.0713
1.07115
1.06994
1.06857
1.06735
1.06591
1.0645
1.06343
1.06258
1.06209
1.0624
1.06324
1.06381
1.06392
1.06355
1.0628
1.06133
1.05902
1.05665
1.05513
1.05374
1.05225
1.05177
1.05203
1.05323
1.02789
1.0225
1.01699
1.01215
1.00778
1.00336
0.998765
0.99435
0.990577
0.987083
0.982499
0.976214
0.970589
0.966397
0.962653
0.958818
0.954677
0.950159
0.944703
0.938334
0.932928
0.930313
0.92814
0.925566
0.92247
0.918892
0.914904
0.910485
0.905087
0.898486
0.89291
0.890544
0.888981
0.887235
0.885422
0.883339
0.880424
0.876176
0.870508
0.862821
0.854741
0.849922
0.848228
0.847092
0.845878
0.844179
0.842115
0.839938
0.837607
0.834661
0.829752
0.82247
0.817423
0.815619
0.814584
0.813454
0.812173
0.810346
0.808399
0.806148
0.804283
0.799466
0.800572
0.819197
0.86969
0.914969
0.943237
0.966541
0.981256
0.992645
1.00002
1.00719
1.01189
1.01286
1.01367
1.01566
1.01751
1.01764
1.01617
1.0132
1.0087
1.00279
0.998213
0.997381
1.00334
1.02986
1.06453
1.08017
1.08186
1.08154
1.08141
1.08152
1.08165
1.08123
1.07939
1.07673
1.07397
1.0723
1.07132
1.07058
1.07058
1.07089
1.07169
1.07196
1.07152
1.07053
1.06869
1.06556
1.06266
1.06036
1.05917
1.05933
1.06094
1.0639
1.06612
1.06694
1.06701
1.06634
1.06453
1.06047
1.05542
1.05236
1.05104
1.05041
1.05039
1.05241
1.03019
1.02493
1.0188
1.01301
1.00837
1.00413
0.999955
0.996055
0.992346
0.988077
0.982773
0.977548
0.973031
0.968725
0.964495
0.960379
0.955924
0.949954
0.942631
0.936479
0.933471
0.93157
0.929801
0.927957
0.925641
0.922689
0.91854
0.912596
0.905106
0.897575
0.89343
0.891514
0.889843
0.888235
0.886551
0.884787
0.882839
0.879591
0.872135
0.862103
0.854336
0.850682
0.848617
0.846977
0.84554
0.84455
0.843713
0.842526
0.840837
0.836911
0.829527
0.821771
0.817594
0.815763
0.814441
0.813427
0.813188
0.812959
0.811693
0.809559
0.805872
0.800272
0.792629
0.792414
0.807139
0.850483
0.890669
0.923334
0.94393
0.954837
0.966434
0.979685
0.99087
0.997327
1.00085
1.00519
1.0117
1.01435
1.01432
1.01306
1.00924
1.00165
0.993846
0.995551
1.01331
1.05188
1.07825
1.08724
1.08877
1.08707
1.08489
1.08248
1.08042
1.07921
1.07927
1.07893
1.07766
1.07627
1.07465
1.07303
1.07195
1.07169
1.07267
1.07374
1.0735
1.07219
1.06995
1.06602
1.06142
1.05908
1.05822
1.05826
1.05991
1.06393
1.06817
1.06996
1.07006
1.06955
1.06807
1.06386
1.05735
1.05302
1.05147
1.05085
1.05091
1.05232
1.03371
1.02824
1.02105
1.01403
1.00858
1.00489
1.00218
0.999493
0.995872
0.990877
0.985213
0.979868
0.97492
0.970339
0.965801
0.960976
0.955515
0.948744
0.941374
0.936938
0.934835
0.932954
0.931082
0.929038
0.926675
0.923249
0.918361
0.912195
0.905015
0.898965
0.895446
0.892903
0.89095
0.889499
0.888306
0.886773
0.884351
0.879486
0.871086
0.861628
0.856328
0.853412
0.850643
0.848345
0.84675
0.845608
0.84433
0.842325
0.839458
0.834516
0.827843
0.822616
0.81972
0.817385
0.815552
0.814359
0.813352
0.812106
0.810385
0.808834
0.806494
0.801058
0.793427
0.788833
0.789454
0.803585
0.839716
0.881025
0.909535
0.924901
0.932846
0.941551
0.954208
0.96771
0.978334
0.986815
0.997647
1.00654
1.00914
1.00926
1.00756
1.00055
0.993044
1.00164
1.03707
1.07205
1.0873
1.0948
1.09525
1.09248
1.0891
1.08388
1.0794
1.07768
1.07775
1.07983
1.08116
1.08048
1.07882
1.07629
1.07429
1.07345
1.07354
1.07392
1.07365
1.07225
1.07002
1.06644
1.06221
1.0595
1.05843
1.05837
1.05983
1.06455
1.07011
1.07171
1.07135
1.07035
1.06827
1.06421
1.05891
1.05509
1.05342
1.05255
1.05244
1.05265
1.03318
1.02657
1.02051
1.0152
1.01088
1.00726
1.00361
0.999578
0.994994
0.989924
0.984867
0.980444
0.976546
0.972555
0.967779
0.961983
0.955314
0.948489
0.94304
0.939704
0.936849
0.934189
0.931739
0.929396
0.926965
0.924018
0.919153
0.91232
0.906002
0.902226
0.899189
0.896045
0.892896
0.890056
0.887521
0.884981
0.88199
0.877059
0.869668
0.862998
0.859487
0.85665
0.853973
0.851674
0.849869
0.848332
0.846554
0.843899
0.839045
0.832183
0.826614
0.824226
0.822527
0.820766
0.818876
0.816752
0.814629
0.813
0.811142
0.80832
0.80426
0.799686
0.795022
0.791257
0.787869
0.788887
0.801191
0.835474
0.87584
0.899761
0.91068
0.915744
0.919707
0.928441
0.941848
0.956703
0.971197
0.985135
0.995009
0.997725
0.997536
0.993756
0.997927
1.02451
1.0653
1.08813
1.09636
1.09997
1.09791
1.09507
1.09164
1.0858
1.08056
1.0787
1.07814
1.0801
1.08357
1.08422
1.0831
1.08071
1.07741
1.07519
1.07409
1.07315
1.07243
1.07137
1.06914
1.06576
1.06288
1.06117
1.06028
1.05984
1.06115
1.06618
1.07119
1.07174
1.07102
1.06976
1.06738
1.06382
1.06051
1.05833
1.05667
1.05485
1.05386
1.0527
1.03259
1.02643
1.02123
1.01736
1.01397
1.01034
1.00603
1.00111
0.996031
0.990879
0.986167
0.981933
0.977464
0.972697
0.967922
0.962233
0.955316
0.949457
0.946048
0.942959
0.939557
0.935926
0.932465
0.929668
0.92685
0.922395
0.916665
0.911336
0.908059
0.905492
0.90255
0.899056
0.895023
0.891028
0.888004
0.884854
0.879698
0.873025
0.868019
0.865973
0.864084
0.861661
0.858449
0.854331
0.849839
0.845911
0.843117
0.840373
0.836363
0.830665
0.827914
0.826741
0.825099
0.822662
0.819619
0.816494
0.813626
0.810868
0.808074
0.804902
0.80151
0.798381
0.795764
0.793394
0.790694
0.78568
0.78517
0.796048
0.833443
0.871303
0.890999
0.901879
0.907417
0.909049
0.913165
0.921188
0.932283
0.945654
0.95876
0.969369
0.976101
0.982999
1.00726
1.05421
1.087
1.09677
1.10021
1.101
1.09923
1.0965
1.09298
1.08764
1.0827
1.08096
1.08028
1.08194
1.08605
1.08696
1.08613
1.08433
1.08152
1.07787
1.07465
1.07261
1.07098
1.06898
1.06646
1.06489
1.06402
1.06324
1.06268
1.06285
1.06489
1.06819
1.07027
1.07072
1.06985
1.06806
1.06571
1.06352
1.06237
1.06155
1.06036
1.0582
1.05511
1.05232
1.03279
1.02814
1.02427
1.02071
1.0168
1.01211
1.00685
1.00146
0.996607
0.992692
0.988835
0.984537
0.979859
0.974555
0.968318
0.961868
0.956252
0.952486
0.949383
0.946176
0.942776
0.939128
0.935447
0.931028
0.925301
0.919147
0.914131
0.911658
0.909977
0.907943
0.905413
0.902257
0.898492
0.894363
0.889015
0.88213
0.875448
0.870569
0.868427
0.867158
0.86618
0.864388
0.861793
0.857498
0.851841
0.846713
0.841755
0.837021
0.834326
0.833199
0.831891
0.83005
0.827709
0.82456
0.820723
0.817355
0.814435
0.810219
0.805283
0.801617
0.79953
0.798219
0.796893
0.79527
0.792808
0.787413
0.78095
0.780907
0.79199
0.826906
0.862906
0.88588
0.900045
0.903606
0.903668
0.903599
0.9049
0.907636
0.913754
0.924237
0.938986
0.967801
1.02098
1.07295
1.09678
1.09859
1.09905
1.09904
1.09846
1.09601
1.09302
1.08943
1.08627
1.0846
1.08332
1.08329
1.0848
1.08731
1.08776
1.08633
1.084
1.08109
1.07732
1.07341
1.07015
1.06703
1.06481
1.06432
1.06465
1.06495
1.06546
1.06704
1.06902
1.06953
1.06931
1.06876
1.06746
1.06599
1.06472
1.06418
1.06408
1.06377
1.06291
1.06081
1.05658
1.05237
1.03397
1.03098
1.02828
1.02521
1.02098
1.0153
1.0088
1.00262
0.997246
0.992357
0.987733
0.983215
0.978673
0.973672
0.967592
0.961621
0.958438
0.956271
0.953989
0.951385
0.947899
0.943502
0.937732
0.930398
0.9226
0.916844
0.914139
0.912442
0.911225
0.910135
0.908163
0.905509
0.901817
0.895989
0.887272
0.878327
0.872946
0.871006
0.870013
0.869476
0.86807
0.866147
0.863854
0.860436
0.855107
0.847442
0.839651
0.835457
0.83334
0.831661
0.830183
0.828459
0.826788
0.825325
0.823432
0.81953
0.81353
0.808401
0.804297
0.801352
0.799789
0.798728
0.797605
0.795788
0.793437
0.788949
0.781379
0.778055
0.778282
0.788428
0.821529
0.858742
0.886174
0.898303
0.89965
0.899129
0.897068
0.891736
0.887613
0.890842
0.903879
0.953404
1.02145
1.06672
1.08896
1.09658
1.09694
1.09428
1.09219
1.0906
1.0902
1.0895
1.08874
1.08799
1.08675
1.0853
1.08458
1.08487
1.08629
1.0869
1.08574
1.08338
1.08054
1.07638
1.07145
1.06727
1.06491
1.06423
1.06463
1.06647
1.06897
1.07088
1.071
1.06994
1.06796
1.06587
1.06476
1.06439
1.06456
1.06516
1.06546
1.06527
1.0643
1.06169
1.05701
1.05277
1.0374
1.03419
1.03051
1.02597
1.02093
1.01549
1.00939
1.00317
0.997679
0.992939
0.988619
0.984137
0.979082
0.973671
0.968105
0.964418
0.961865
0.959038
0.955688
0.951663
0.947292
0.942488
0.936569
0.929591
0.922741
0.918274
0.915845
0.913934
0.912115
0.910025
0.908068
0.90597
0.902301
0.895193
0.885864
0.878201
0.874269
0.871998
0.870248
0.868638
0.867029
0.865496
0.863506
0.860725
0.856321
0.848366
0.839918
0.835131
0.832794
0.831249
0.829865
0.828621
0.827393
0.825645
0.82279
0.818445
0.81205
0.806993
0.804819
0.803316
0.801859
0.800711
0.799569
0.797691
0.794174
0.788883
0.782896
0.777884
0.775924
0.776556
0.786834
0.81844
0.856566
0.885445
0.895992
0.896153
0.894224
0.887776
0.881262
0.88329
0.905657
0.963048
1.01508
1.04494
1.06335
1.07124
1.07421
1.07656
1.07768
1.07932
1.08316
1.0873
1.08937
1.08943
1.08884
1.08715
1.08495
1.08323
1.08275
1.08454
1.08573
1.08468
1.08273
1.07939
1.07414
1.06893
1.06657
1.06569
1.06603
1.06902
1.07243
1.07278
1.07189
1.07002
1.06709
1.06506
1.06431
1.06429
1.06527
1.06662
1.06703
1.06673
1.06542
1.06228
1.05783
1.05532
1.03978
1.03627
1.0324
1.02772
1.02243
1.01682
1.01094
1.005
0.999341
0.994181
0.989267
0.984268
0.97886
0.973684
0.970776
0.968889
0.966353
0.962917
0.958625
0.953354
0.947956
0.942379
0.93619
0.929517
0.924568
0.921521
0.918971
0.916645
0.914312
0.911697
0.908809
0.905159
0.899845
0.892439
0.885052
0.880312
0.877132
0.873917
0.870808
0.868447
0.866561
0.864988
0.864039
0.862244
0.858127
0.850436
0.842071
0.836794
0.833748
0.831719
0.830163
0.82884
0.827359
0.825907
0.823138
0.817845
0.811929
0.808343
0.805971
0.803413
0.800558
0.797779
0.795668
0.79382
0.791257
0.787133
0.783706
0.781185
0.777902
0.775055
0.775297
0.78521
0.815154
0.852771
0.880744
0.888989
0.888324
0.883559
0.880104
0.89045
0.936397
0.989874
1.0155
1.02479
1.0301
1.03177
1.0343
1.03998
1.04824
1.05779
1.06824
1.07834
1.08531
1.08853
1.08862
1.08722
1.08372
1.0807
1.0795
1.08031
1.08343
1.08429
1.08282
1.08021
1.07685
1.07242
1.06979
1.06868
1.06879
1.07136
1.07361
1.07327
1.07207
1.07001
1.06736
1.06606
1.06603
1.06692
1.06899
1.07079
1.07229
1.07333
1.07298
1.07068
1.06755
1.06822
1.04241
1.038
1.03323
1.0283
1.02326
1.01798
1.01235
1.00657
1.001
0.995392
0.989374
0.983653
0.979307
0.976558
0.97386
0.970158
0.965516
0.961015
0.956847
0.952089
0.946346
0.940612
0.935445
0.931815
0.929037
0.925262
0.920003
0.914349
0.911028
0.908866
0.906297
0.902152
0.896172
0.890032
0.886123
0.883686
0.880471
0.876167
0.872063
0.869694
0.868282
0.866375
0.863444
0.859405
0.854635
0.849882
0.845101
0.840401
0.836112
0.833566
0.832256
0.830943
0.828903
0.825289
0.819976
0.815008
0.812152
0.810052
0.807342
0.804196
0.801374
0.798139
0.794086
0.791046
0.789519
0.78842
0.787164
0.785302
0.781821
0.776174
0.773602
0.774463
0.783371
0.809413
0.844843
0.875598
0.879353
0.877023
0.88346
0.918588
0.98012
1.01095
1.0155
1.01512
1.01277
1.00909
1.00699
1.00792
1.01496
1.02769
1.04268
1.05632
1.06661
1.07416
1.07851
1.0789
1.07795
1.07691
1.07661
1.07748
1.07915
1.08015
1.08041
1.07922
1.07705
1.07511
1.07306
1.07211
1.07242
1.07381
1.07442
1.07402
1.07345
1.07252
1.07259
1.07386
1.07621
1.07975
1.08362
1.0869
1.09058
1.09403
1.09559
1.09573
1.0954
1.09762
1.04329
1.03843
1.03355
1.02858
1.0236
1.0186
1.01348
1.00801
1.0017
0.995151
0.989512
0.98511
0.982072
0.97934
0.97602
0.972052
0.967214
0.961384
0.955877
0.950781
0.945168
0.939699
0.936303
0.934173
0.931673
0.92815
0.922615
0.915936
0.910959
0.907218
0.902705
0.896814
0.891767
0.88923
0.887596
0.885693
0.883336
0.880306
0.876413
0.871324
0.866223
0.863342
0.86015
0.855568
0.851261
0.848936
0.847207
0.844828
0.84139
0.836382
0.83045
0.827357
0.825554
0.822699
0.818166
0.814456
0.812537
0.810821
0.808803
0.805941
0.801752
0.796416
0.792326
0.790397
0.788706
0.786923
0.785496
0.783918
0.782097
0.779304
0.775932
0.771109
0.76982
0.775713
0.798201
0.839271
0.858915
0.868604
0.899603
0.964782
1.01303
1.01835
1.01641
1.01097
1.00553
1.0032
1.0029
1.00475
1.00541
1.009
1.01553
1.02326
1.03107
1.03903
1.04699
1.05421
1.05981
1.06391
1.06804
1.07163
1.07354
1.07392
1.0742
1.07476
1.076
1.07731
1.07803
1.07963
1.08143
1.08236
1.08343
1.08521
1.08735
1.08958
1.09291
1.09696
1.1013
1.1057
1.10878
1.11048
1.1127
1.11466
1.11676
1.11995
1.12347
1.1275
1.04397
1.03847
1.03338
1.02847
1.02369
1.01896
1.01407
1.00844
1.00153
0.994532
0.99036
0.987974
0.986157
0.983097
0.979517
0.975429
0.970192
0.962898
0.954361
0.948582
0.945408
0.942942
0.940878
0.938561
0.935805
0.932524
0.9278
0.920726
0.91157
0.903001
0.896712
0.892886
0.890862
0.889248
0.88761
0.886313
0.885226
0.883438
0.880779
0.875766
0.867883
0.860269
0.855658
0.852723
0.850771
0.849091
0.847491
0.846373
0.844458
0.840595
0.833704
0.826339
0.822316
0.820252
0.818732
0.81729
0.815973
0.814467
0.812481
0.808853
0.801618
0.794602
0.791718
0.789981
0.788279
0.78665
0.785465
0.784328
0.783158
0.781639
0.778833
0.772516
0.76517
0.76483
0.771256
0.793731
0.830196
0.866358
0.935653
1.004
1.02081
1.02
1.01524
1.00654
1.00175
1.00042
1.00144
1.00542
1.00728
1.00647
1.00487
1.00267
1.00225
1.00375
1.00865
1.0179
1.02956
1.04082
1.04916
1.05501
1.05914
1.06232
1.06577
1.07057
1.07776
1.08629
1.09489
1.10189
1.10572
1.10807
1.11004
1.1117
1.1133
1.11514
1.11719
1.12126
1.12513
1.12723
1.12725
1.1262
1.12366
1.12295
1.12383
1.12627
1.13034
1.13533
1.04369
1.03821
1.03312
1.02832
1.0237
1.01901
1.01375
1.00716
0.999805
0.99505
0.992122
0.988912
0.985274
0.98159
0.977873
0.973798
0.968814
0.961838
0.952786
0.946301
0.943186
0.940895
0.938992
0.936805
0.934184
0.931205
0.927167
0.920451
0.90953
0.898725
0.893602
0.891236
0.889347
0.888261
0.888964
0.889276
0.887613
0.885499
0.882826
0.877258
0.866562
0.856836
0.853158
0.851325
0.849932
0.849439
0.848612
0.846861
0.844894
0.841559
0.834099
0.82462
0.819742
0.817583
0.816028
0.814835
0.813805
0.812427
0.810675
0.80743
0.800597
0.793391
0.790237
0.788505
0.787039
0.78575
0.785116
0.784842
0.783823
0.782366
0.779917
0.77287
0.762341
0.759469
0.760569
0.768744
0.801075
0.867833
0.967354
1.02935
1.03142
1.0264
1.01676
1.00561
1.00145
1.00048
1.00289
1.00845
1.00923
1.00734
1.00444
0.998408
0.994383
0.994237
0.995158
0.999805
1.00803
1.01661
1.02363
1.02905
1.03539
1.04336
1.05364
1.06676
1.0822
1.09929
1.11608
1.12702
1.13232
1.1345
1.13507
1.13489
1.13534
1.13671
1.14009
1.14473
1.14735
1.14689
1.14575
1.14478
1.14263
1.14044
1.14021
1.14163
1.14681
1.15199
)
;

boundaryField
{
    inlet
    {
        type            fixedValue;
        value           nonuniform 0();
    }
    outlet
    {
        type            inletOutlet;
        inletValue      uniform 1;
        value           nonuniform List<scalar> 
32
(
1.05518
1.05562
1.0566
1.05676
1.0563
1.05535
1.05387
1.05124
1.04877
1.04754
1.04789
1.04996
1.05329
1.05551
1.05735
1.05764
1.05693
1.05536
1.05356
1.05317
1.05282
1.05292
1.05266
1.05215
1.05212
1.05252
1.05497
1.06697
1.09574
1.12649
1.13537
1.15291
)
;
    }
    bottom
    {
        type            symmetryPlane;
    }
    top
    {
        type            symmetryPlane;
    }
    obstacle
    {
        type            zeroGradient;
    }
    defaultFaces
    {
        type            empty;
    }
    procBoundary3to1
    {
        type            processor;
        value           nonuniform List<scalar> 
126
(
0.978994
0.975975
0.970987
0.962283
0.954631
0.95064
0.947666
0.944752
0.941702
0.938477
0.935168
0.931734
0.927438
0.922465
0.918533
0.915766
0.913461
0.91094
0.907834
0.903801
0.899205
0.89481
0.890091
0.883817
0.878872
0.876355
0.874121
0.871902
0.87075
0.870508
0.875734
0.918212
1.01902
1.11303
1.17214
1.18806
1.18863
1.18589
1.18162
1.17888
1.17582
1.17146
1.16686
1.16139
1.15372
1.14654
1.14143
1.13628
1.13262
1.1301
1.12607
1.1203
1.1159
1.11152
1.10599
1.10144
1.09977
1.09872
1.0976
1.09674
1.09599
1.09438
1.09247
1.08952
1.08399
1.07872
1.07652
1.07498
1.07392
1.07426
1.07442
1.07335
1.07215
1.07052
1.06764
1.06277
1.05749
1.05438
1.05251
1.05113
1.04994
1.04866
1.04717
1.04497
1.04162
1.03901
1.03816
1.03779
1.03796
1.0393
1.03982
1.03909
1.03795
1.03591
1.03239
1.02955
1.02932
1.03102
1.03374
1.03779
1.04256
1.04644
1.04907
1.0511
1.05251
1.05372
1.05497
1.05657
1.05833
1.05894
1.05848
1.05742
1.056
1.0546
1.05387
1.05386
1.05425
1.05581
1.05801
1.05916
1.05922
1.05842
1.05715
1.05592
1.0554
1.05556
)
;
    }
    procBoundary3to2
    {
        type            processor;
        value           nonuniform List<scalar> 
32
(
0.985256
0.985938
0.988349
0.993522
0.998877
1.00356
1.00745
1.01099
1.01378
1.01536
1.01744
1.01858
1.02107
1.02156
1.02271
1.02361
1.0252
1.02827
1.03031
1.03272
1.03467
1.03722
1.03908
1.03907
1.03818
1.03851
1.04053
1.04312
1.0464
1.0483
1.05023
1.04991
)
;
    }
}


// ************************************************************************* //
