/*--------------------------------*- C++ -*----------------------------------*\
  =========                 |
  \\      /  F ield         | OpenFOAM: The Open Source CFD Toolbox
   \\    /   O peration     | Website:  https://openfoam.org
    \\  /    A nd           | Version:  7
     \\/     M anipulation  |
\*---------------------------------------------------------------------------*/
FoamFile
{
    version     2.0;
    format      ascii;
    class       volScalarField;
    location    "0.4";
    object      T;
}
// * * * * * * * * * * * * * * * * * * * * * * * * * * * * * * * * * * * * * //

dimensions      [0 0 0 1 0 0 0];

internalField   nonuniform List<scalar> 
1008
(
2.40129
2.35984
2.30492
2.25271
2.21026
2.17478
2.12982
2.08874
2.05708
2.03072
2.00586
1.96869
1.92034
1.86832
1.82171
1.78042
1.73532
1.68471
1.62681
1.56627
1.51037
1.46042
1.415
1.37279
1.33415
1.29704
1.25282
1.19957
1.14647
1.09964
1.06037
1.02541
0.999875
0.986354
0.980746
0.978089
0.977348
0.97793
0.980994
0.98689
0.994972
1.00546
1.01989
1.04255
1.08144
1.13052
1.15177
1.15278
1.15178
1.13516
1.08306
1.01769
1.00046
1
1
1
1
1
1
1
1
1
1
2.36361
2.32346
2.26238
2.19892
2.14891
2.11886
2.08562
2.04294
2.00795
1.97735
1.94424
1.89734
1.84195
1.79254
1.75225
1.71209
1.67014
1.62402
1.5681
1.5103
1.45838
1.41337
1.37505
1.34258
1.31219
1.27526
1.22827
1.17939
1.1357
1.09713
1.06183
1.03282
1.01801
1.01384
1.0127
1.0123
1.0126
1.01515
1.02139
1.02977
1.03872
1.0492
1.06517
1.09438
1.13951
1.1694
1.17345
1.17143
1.15209
1.09544
1.02166
1.00061
1
1
1
1
1
1
1
1
1
1
1
2.31133
2.27409
2.20844
2.13828
2.08834
2.06458
2.04074
1.99906
1.9606
1.92501
1.88366
1.82823
1.7711
1.72638
1.68784
1.64918
1.61145
1.56725
1.51331
1.46031
1.41584
1.37966
1.3515
1.3272
1.2963
1.25266
1.20538
1.1638
1.12823
1.096
1.06627
1.04581
1.03774
1.03531
1.03467
1.03492
1.03778
1.04595
1.05754
1.06888
1.08
1.09481
1.12041
1.15986
1.1881
1.1924
1.18782
1.1639
1.10111
1.02231
1.0006
1
1
1
1
1
1
1
1
1
1
1
1
2.25319
2.21529
2.14602
2.07356
2.03214
2.01117
1.99092
1.9541
1.91111
1.87036
1.82242
1.76526
1.71435
1.67332
1.6364
1.60178
1.56648
1.52318
1.47388
1.42729
1.38777
1.35803
1.33676
1.31323
1.27716
1.23306
1.19233
1.15761
1.12695
1.10022
1.08084
1.0708
1.0665
1.06479
1.06453
1.06566
1.07156
1.08385
1.09882
1.11369
1.13103
1.15661
1.18891
1.20697
1.20785
1.19859
1.16803
1.09615
1.01801
1.00039
1
1
1
1
1
1
1
1
1
1
1
1
1
2.18721
2.15291
2.0893
2.02061
1.98342
1.95994
1.94037
1.90877
1.86328
1.81613
1.76485
1.71294
1.66839
1.62975
1.59677
1.56543
1.52989
1.48828
1.44634
1.40589
1.36986
1.34471
1.32376
1.29456
1.25656
1.21878
1.18542
1.15575
1.13056
1.1129
1.1028
1.09751
1.09507
1.09459
1.09529
1.10001
1.11192
1.12969
1.1502
1.17321
1.19876
1.21892
1.22425
1.22004
1.20299
1.15948
1.076
1.01
1.00014
1
1
1
1
1
1
1
1
1
1
1
1
1
1
2.1102
2.08439
2.03717
1.97728
1.9408
1.91377
1.89264
1.86522
1.82048
1.76799
1.71676
1.67041
1.6301
1.59661
1.56765
1.53688
1.50042
1.46192
1.42556
1.38876
1.3549
1.33167
1.30837
1.27698
1.24293
1.21187
1.18431
1.16071
1.14488
1.13675
1.13286
1.13111
1.1308
1.13178
1.13706
1.14978
1.17023
1.19543
1.22015
1.23757
1.24292
1.23984
1.22585
1.19569
1.13148
1.04386
1.00323
1.00002
1
1
1
1
1
1
1
1
1
1
1
1
1
1
1
2.02795
2.01514
1.98858
1.93959
1.9009
1.87041
1.84757
1.82211
1.77843
1.72404
1.67581
1.63508
1.59765
1.56732
1.54122
1.50994
1.47378
1.4399
1.40647
1.37148
1.34069
1.31909
1.29594
1.26726
1.23822
1.213
1.19307
1.17949
1.17268
1.17077
1.17078
1.17253
1.17746
1.18675
1.20235
1.2244
1.24717
1.26163
1.26475
1.26048
1.24665
1.22134
1.16849
1.08287
1.01489
1.00051
1
1
1
1
1
1
1
1
1
1
1
1
1
1
1
1
1
1.95468
1.94797
1.93316
1.89456
1.8528
1.82083
1.79956
1.77576
1.7335
1.681
1.63996
1.60484
1.56812
1.53784
1.51397
1.48492
1.45271
1.4223
1.39036
1.35867
1.33348
1.314
1.29132
1.26551
1.24357
1.22912
1.22009
1.21568
1.21513
1.21742
1.22477
1.23566
1.24931
1.26515
1.27999
1.28726
1.28684
1.27925
1.26594
1.2436
1.19551
1.11304
1.03125
1.00238
1.00003
1
1
1
1
1
1
1
1
1
1
1
1
1
1
1
1
1
1
1.91804
1.89778
1.87824
1.84657
1.80434
1.77373
1.75371
1.7307
1.68982
1.64392
1.61203
1.58132
1.54595
1.51448
1.49239
1.47049
1.44327
1.41351
1.38241
1.35661
1.33719
1.31934
1.29864
1.28076
1.27308
1.27067
1.27008
1.27201
1.27929
1.29046
1.30208
1.3112
1.31523
1.31404
1.30658
1.29591
1.28308
1.26015
1.21322
1.13383
1.04605
1.00531
1.00015
1
1
1
1
1
1
1
1
1
1
1
1
1
1
1
1
1
1
1
1
1.91213
1.87619
1.84616
1.81899
1.78292
1.75205
1.72683
1.69951
1.66231
1.62676
1.59963
1.57071
1.53892
1.50937
1.48821
1.47036
1.44646
1.41784
1.39269
1.37649
1.36527
1.35341
1.33944
1.33381
1.33449
1.3382
1.34358
1.34896
1.35268
1.35287
1.34733
1.33826
1.32696
1.31384
1.29611
1.26669
1.2161
1.13911
1.05325
1.00785
1.00035
1
1
1
1
1
1
1
1
1
1
1
1
1
1
1
1
1
1
1
1
1
1
1.93045
1.89317
1.8515
1.82159
1.79222
1.75936
1.72709
1.69568
1.66694
1.63853
1.61227
1.58354
1.5531
1.52939
1.51403
1.50031
1.47974
1.45571
1.44453
1.43959
1.43078
1.41697
1.40572
1.40157
1.4001
1.39733
1.39153
1.38231
1.37207
1.36091
1.34809
1.33055
1.30319
1.26088
1.19985
1.1219
1.04611
1.00778
1.00047
1.00001
1
1
1
1
1
1
1
1
1
1
1
1
1
1
1
1
1
1
1
1
1
1
1
1.92372
1.90101
1.86919
1.84087
1.81788
1.78788
1.75276
1.72284
1.70569
1.69008
1.66146
1.62818
1.59932
1.5839
1.57167
1.55358
1.53179
1.51298
1.50029
1.48734
1.46885
1.44509
1.42857
1.4194
1.41088
1.40141
1.39101
1.3789
1.36246
1.33745
1.29748
1.23842
1.16361
1.08501
1.02765
1.0047
1.00035
1.00001
1
1
1
1
1
1
1
1
1
1
1
1
1
1
1
1
1
1
1
1
1
1
1
1
1
1.841
1.83703
1.82407
1.80594
1.78618
1.76726
1.7452
1.72307
1.70949
1.69582
1.66907
1.63265
1.60651
1.59228
1.57804
1.55798
1.53686
1.51782
1.50081
1.48397
1.46358
1.44036
1.42218
1.40783
1.39334
1.37564
1.35131
1.31524
1.2621
1.19017
1.10878
1.0431
1.01078
1.00161
1.00012
1
1
1
1
1
1
1
1
1
1
1
1
1
1
1
1
1
1
1
1
1
1
1
1
1
1
1
1
1.69484
1.71548
1.72206
1.71761
1.70798
1.69655
1.68345
1.66846
1.66013
1.64997
1.62781
1.59775
1.57775
1.56394
1.5503
1.5326
1.51217
1.49144
1.47076
1.44863
1.42272
1.39256
1.35967
1.32476
1.28559
1.23763
1.17754
1.10896
1.0485
1.01415
1.00264
1.0003
1.00002
1
1
1
1
1
1
1
1
1
1
1
1
1
1
1
1
1
1
1
1
1
1
1
1
1
1
1
1
1
1
1.39298
1.45835
1.50673
1.53454
1.54685
1.55609
1.55453
1.55108
1.54759
1.54084
1.5281
1.50843
1.48694
1.46808
1.45097
1.43117
1.40542
1.37398
1.33789
1.29757
1.25392
1.20737
1.15805
1.10919
1.06513
1.03109
1.01088
1.00256
1.00036
1.00003
1
1
1
1
1
1
1
1
1
1
1
1
1
1
1
1
1
1
1
1
1
1
1
1
1
1
1
1
1
1
1
1
1
1.04551
1.08424
1.13534
1.18785
1.23195
1.26893
1.29849
1.31149
1.31083
1.30841
1.30346
1.2905
1.26668
1.2396
1.21333
1.18518
1.15187
1.1149
1.07971
1.05136
1.03125
1.01745
1.00835
1.00319
1.00091
1.00018
1.00002
1
1
1
1
1
1
1
1
1
1
1
1
1
1
1
1
1
1
1
1
1
1
1
1
1
1
1
1
1
1
1
1
1
1
1
1
)
;

boundaryField
{
    inlet
    {
        type            fixedValue;
        value           nonuniform 0();
    }
    outlet
    {
        type            inletOutlet;
        inletValue      uniform 1;
        value           nonuniform List<scalar> 
16
(
1
1
1
1
1
1
1
1
1
1
1
1
1
1
1
1
)
;
    }
    bottom
    {
        type            symmetryPlane;
    }
    top
    {
        type            symmetryPlane;
    }
    obstacle
    {
        type            zeroGradient;
    }
    defaultFaces
    {
        type            empty;
    }
    procBoundary3to1
    {
        type            processor;
        value           nonuniform List<scalar> 
63
(
2.43491
2.39255
2.33882
2.29962
2.27229
2.24097
2.19098
2.14677
2.11623
2.09091
2.07132
2.047
2.00863
1.96273
1.91729
1.87419
1.82754
1.7748
1.71424
1.64995
1.58908
1.53261
1.47966
1.42775
1.37574
1.32669
1.28155
1.23445
1.1815
1.1275
1.07863
1.03719
1.00617
0.985921
0.973629
0.966466
0.962576
0.960273
0.959238
0.959279
0.960938
0.967033
0.980125
1.00127
1.03396
1.08327
1.12473
1.1326
1.13245
1.13134
1.11525
1.06655
1.01221
1.00025
1
1
1
1
1
1
1
1
1
)
;
    }
    procBoundary3to2
    {
        type            processor;
        value           nonuniform List<scalar> 
16
(
2.41826
2.37853
2.32717
2.27368
2.21211
2.14043
2.05678
1.98268
1.94517
1.93784
1.95312
1.93401
1.84016
1.66438
1.31222
1.02081
)
;
    }
}


// ************************************************************************* //
