/*--------------------------------*- C++ -*----------------------------------*\
  =========                 |
  \\      /  F ield         | OpenFOAM: The Open Source CFD Toolbox
   \\    /   O peration     | Website:  https://openfoam.org
    \\  /    A nd           | Version:  7
     \\/     M anipulation  |
\*---------------------------------------------------------------------------*/
FoamFile
{
    version     2.0;
    format      ascii;
    class       volScalarField;
    location    "0.3";
    object      T;
}
// * * * * * * * * * * * * * * * * * * * * * * * * * * * * * * * * * * * * * //

dimensions      [0 0 0 1 0 0 0];

internalField   nonuniform List<scalar> 
1008
(
3.06992
2.9706
2.91401
2.89443
2.89702
2.91728
2.92577
2.92227
2.91131
2.88998
2.84959
2.77668
2.6736
2.54698
2.39525
2.23632
2.0925
1.95985
1.81662
1.63526
1.38432
1.11837
1.00144
0.990923
0.993677
1.00566
1.01905
1.02127
1.02113
1.02115
1.02117
1.02069
1.01865
1.01441
1.00802
1.00213
1.00014
1
0.999999
0.999999
0.999999
0.999999
0.999999
1
1
1
1
1
1
1
1
1
1
1
1
1
1
1
1
1
1
1
1
3.00277
2.90782
2.87672
2.87904
2.88328
2.88563
2.88659
2.8807
2.85958
2.82366
2.76695
2.69302
2.59991
2.47843
2.33192
2.17632
2.02988
1.89385
1.7506
1.5734
1.3378
1.10387
1.00243
0.991285
0.99169
0.997337
1.01163
1.02003
1.02048
1.0205
1.02056
1.02029
1.01896
1.01563
1.00901
1.00212
1.00009
0.999999
0.999999
0.999999
0.999999
0.999999
0.999999
1
1
1
1
1
1
1
1
1
1
1
1
1
1
1
1
1
1
1
1
2.8892
2.8057
2.77943
2.78337
2.80179
2.82035
2.82039
2.80565
2.76501
2.70136
2.62346
2.54218
2.45398
2.34831
2.21989
2.07096
1.91062
1.74885
1.58693
1.41281
1.2231
1.06469
0.998628
0.99018
0.990043
0.99273
1.00442
1.01739
1.02087
1.02153
1.02172
1.0217
1.02077
1.01633
1.00755
1.0011
1.00002
0.999999
0.999999
0.999999
0.999999
0.999999
0.999999
1
1
1
1
1
1
1
1
1
1
1
1
1
1
1
1
1
1
1
1
2.80321
2.72788
2.67598
2.66608
2.66938
2.67294
2.66952
2.64685
2.59919
2.53545
2.46033
2.36878
2.26053
2.14187
2.01472
1.87695
1.73215
1.58605
1.44008
1.28679
1.12958
1.01972
0.986492
0.9823
0.981887
0.98427
0.997776
1.01643
1.02236
1.02321
1.02375
1.02385
1.02247
1.0158
1.00506
1.00035
1
0.999998
0.999998
0.999998
0.999998
0.999999
0.999999
1
1
1
1
1
1
1
1
1
1
1
1
1
1
1
1
1
1
1
1
2.72409
2.6634
2.61284
2.57424
2.54146
2.51403
2.49033
2.45314
2.39134
2.31978
2.24191
2.14712
2.03842
1.92852
1.82134
1.71001
1.5887
1.45987
1.31874
1.16649
1.04287
0.984279
0.968986
0.966452
0.966956
0.976113
1.00212
1.02398
1.02814
1.0284
1.02845
1.02782
1.02354
1.0127
1.0024
1.00007
0.999998
0.999998
0.999998
0.999998
0.999998
0.999999
1
1
1
1
1
1
1
1
1
1
1
1
1
1
1
1
1
1
1
1
1
2.64706
2.59088
2.53753
2.48371
2.42667
2.38002
2.33838
2.28252
2.20768
2.13289
2.06145
1.983
1.89285
1.78963
1.67498
1.55133
1.41995
1.28809
1.16928
1.06505
0.99383
0.956028
0.943155
0.941424
0.945052
0.96742
1.01042
1.03253
1.03477
1.03502
1.03505
1.03315
1.02391
1.00827
1.00066
1
0.999998
0.999998
0.999998
0.999998
0.999999
1
1
1
1
1
1
1
1
1
1
1
1
1
1
1
1
1
1
1
1
1
1
2.5482
2.50002
2.44942
2.39109
2.33111
2.27206
2.20669
2.13478
2.06771
2.00537
1.93737
1.84803
1.73218
1.6053
1.48198
1.36328
1.24674
1.14039
1.05094
0.989267
0.953752
0.935087
0.930385
0.931211
0.940014
0.974095
1.02294
1.04071
1.04186
1.04205
1.04194
1.0376
1.02091
1.00376
1.00009
0.999998
0.999998
0.999998
0.999998
0.999999
0.999999
1
1
1
1
1
1
1
1
1
1
1
1
1
1
1
1
1
1
1
1
1
1
2.42904
2.38208
2.33492
2.28013
2.21557
2.14255
2.06411
1.98902
1.92322
1.85675
1.76959
1.65742
1.54068
1.43011
1.32465
1.22238
1.12401
1.03168
0.960207
0.921433
0.906175
0.902908
0.90413
0.916218
0.949754
1.00689
1.04681
1.05308
1.05334
1.05341
1.05149
1.03674
1.01155
1.0007
1
0.999998
0.999998
0.999998
0.999999
0.999999
1
1
1
1
1
1
1
1
1
1
1
1
1
1
1
1
1
1
1
1
1
1
1
2.33068
2.27743
2.22111
2.15981
2.08492
1.99917
1.91534
1.83692
1.75738
1.66847
1.57285
1.47723
1.38216
1.28977
1.20068
1.11694
1.04159
0.979631
0.938032
0.914648
0.900927
0.896504
0.898379
0.916343
0.973654
1.04295
1.06626
1.06771
1.06798
1.06736
1.05532
1.02436
1.00264
1.00003
0.999998
0.999998
0.999998
0.999999
1
1
1
1
1
1
1
1
1
1
1
1
1
1
1
1
1
1
1
1
1
1
1
1
1
2.22986
2.16704
2.10077
2.02834
1.94503
1.85439
1.76525
1.67652
1.5838
1.49424
1.41143
1.33218
1.2552
1.18037
1.10701
1.03725
0.976737
0.931045
0.906886
0.902609
0.903212
0.906383
0.920562
0.962147
1.0343
1.08046
1.08687
1.0874
1.08712
1.07549
1.03939
1.00601
1.0001
0.999999
0.999998
0.999999
0.999999
1
1
1
1
1
1
1
1
1
1
1
1
1
1
1
1
1
1
1
1
1
1
1
1
1
1
2.12382
2.05261
1.97766
1.89845
1.81693
1.73422
1.64848
1.55523
1.46592
1.38779
1.31735
1.25055
1.18813
1.1297
1.07049
1.00793
0.952816
0.919585
0.903886
0.898241
0.89994
0.916923
0.959845
1.03122
1.0941
1.11091
1.11226
1.11219
1.09792
1.054
1.00932
1.00019
0.999999
0.999999
0.999999
1
1
1
1
1
1
1
1
1
1
1
1
1
1
1
1
1
1
1
1
1
1
1
1
1
1
1
1
2.06426
1.98502
1.90273
1.82514
1.7466
1.66119
1.57131
1.48367
1.40528
1.33416
1.26646
1.20283
1.14714
1.09889
1.05409
1.0103
0.973161
0.95199
0.945317
0.945176
0.951296
0.978465
1.03828
1.10845
1.13828
1.14172
1.14073
1.12093
1.06639
1.01127
1.00022
1
0.999999
1
1
1
1
1
1
1
1
1
1
1
1
1
1
1
1
1
1
1
1
1
1
1
1
1
1
1
1
1
1
1.99327
1.9044
1.81686
1.74365
1.66929
1.58213
1.49511
1.42029
1.35379
1.28868
1.22347
1.1631
1.11207
1.06914
1.03268
1.00426
0.987341
0.982074
0.982228
0.988311
1.01212
1.06452
1.13145
1.16726
1.17269
1.1696
1.14248
1.07467
1.01125
1.00018
1
1
1
1
1
1
1
1
1
1
1
1
1
1
1
1
1
1
1
1
1
1
1
1
1
1
1
1
1
1
1
1
1
1.91872
1.83169
1.75406
1.68154
1.59815
1.51269
1.44278
1.38315
1.3255
1.26669
1.20901
1.15877
1.1183
1.08658
1.06303
1.04735
1.03989
1.03869
1.042
1.06181
1.10971
1.16868
1.19823
1.20182
1.19442
1.15824
1.07644
1.0094
1.00011
1
1
1
1
1
1
1
1
1
1
1
1
1
1
1
1
1
1
1
1
1
1
1
1
1
1
1
1
1
1
1
1
1
1
1.8372
1.76322
1.69402
1.6139
1.52578
1.45453
1.3989
1.34578
1.29259
1.23944
1.1871
1.14238
1.11332
1.09914
1.09346
1.09208
1.09338
1.10286
1.12871
1.17238
1.21333
1.22742
1.22624
1.21157
1.16438
1.06927
1.00632
1.00005
1
1
1
1
1
1
1
1
1
1
1
1
1
1
1
1
1
1
1
1
1
1
1
1
1
1
1
1
1
1
1
1
1
1
1
1.76268
1.69243
1.61584
1.53819
1.46821
1.41389
1.36676
1.3205
1.27495
1.22998
1.18741
1.1576
1.14837
1.14809
1.15069
1.15941
1.17703
1.20508
1.23491
1.24935
1.24958
1.24171
1.21898
1.1568
1.05221
1.00308
1.00001
1
1
1
1
1
1
1
1
1
1
1
1
1
1
1
1
1
1
1
1
1
1
1
1
1
1
1
1
1
1
1
1
1
1
1
1
)
;

boundaryField
{
    inlet
    {
        type            fixedValue;
        value           nonuniform 0();
    }
    outlet
    {
        type            inletOutlet;
        inletValue      uniform 1;
        value           nonuniform List<scalar> 
16
(
1
1
1
1
1
1
1
1
1
1
1
1
1
1
1
1
)
;
    }
    bottom
    {
        type            symmetryPlane;
    }
    top
    {
        type            symmetryPlane;
    }
    obstacle
    {
        type            zeroGradient;
    }
    defaultFaces
    {
        type            empty;
    }
    procBoundary1to0
    {
        type            processor;
        value           nonuniform List<scalar> 
14
(
3.16322
3.0936
2.98213
2.87932
2.78439
2.70097
2.59608
2.47609
2.38011
2.28926
2.1913
2.13595
2.0689
2.00149
)
;
    }
    procBoundary1to2
    {
        type            processor;
        value           nonuniform List<scalar> 2(1.91881 1.83142);
    }
    procBoundary1to3
    {
        type            processor;
        value           nonuniform List<scalar> 
63
(
1.68573
1.6163
1.54902
1.48767
1.43412
1.38929
1.34831
1.31019
1.27454
1.24148
1.22131
1.21826
1.22077
1.22824
1.23844
1.25102
1.26383
1.27007
1.26871
1.26164
1.24799
1.21245
1.12762
1.02827
1.00092
1
1
1
1
1
1
1
1
1
1
1
1
1
1
1
1
1
1
1
1
1
1
1
1
1
1
1
1
1
1
1
1
1
1
1
1
1
1
)
;
    }
}


// ************************************************************************* //
