/*--------------------------------*- C++ -*----------------------------------*\
  =========                 |
  \\      /  F ield         | OpenFOAM: The Open Source CFD Toolbox
   \\    /   O peration     | Website:  https://openfoam.org
    \\  /    A nd           | Version:  7
     \\/     M anipulation  |
\*---------------------------------------------------------------------------*/
FoamFile
{
    version     2.0;
    format      ascii;
    class       volScalarField;
    location    "3.7";
    object      T;
}
// * * * * * * * * * * * * * * * * * * * * * * * * * * * * * * * * * * * * * //

dimensions      [0 0 0 1 0 0 0];

internalField   nonuniform List<scalar> 
1008
(
2.711
2.68979
2.66442
2.71405
3.22034
3.86277
3.94874
3.89616
3.8153
3.74435
3.69539
3.65584
3.61002
3.55883
3.50503
3.44565
3.38046
3.32065
3.27581
3.2404
3.21866
3.2081
3.19734
3.19812
3.20063
3.19782
3.18759
3.16945
3.13267
3.08823
3.05957
3.06441
3.10096
3.21332
3.35306
3.50097
3.60035
3.63605
3.66886
3.66315
3.64353
3.64237
3.64275
3.64224
3.64563
3.65261
3.65237
3.64046
3.61543
3.59225
3.58605
3.5875
3.59195
3.59798
3.60273
3.60355
3.59634
3.56915
3.53809
3.5315
3.53343
3.54091
3.54585
2.73421
2.71362
2.7609
3.24514
3.92639
4.02123
3.96128
3.87196
3.78725
3.72558
3.67432
3.62453
3.57372
3.5239
3.47471
3.42476
3.36878
3.30027
3.22983
3.17701
3.13573
3.0947
3.05645
3.03214
3.02863
3.02755
3.02168
3.00785
2.97911
2.94856
2.91175
2.88793
2.87976
2.88963
2.93993
3.05354
3.22796
3.351
3.42758
3.48133
3.50112
3.51615
3.51433
3.51253
3.51298
3.51767
3.52123
3.52077
3.51302
3.49769
3.47966
3.47426
3.47613
3.48109
3.48754
3.49357
3.49501
3.48739
3.46043
3.4335
3.42893
3.43321
3.44057
2.75116
2.79247
3.26623
3.99132
4.10035
4.03708
3.94192
3.84833
3.76249
3.69494
3.63678
3.58515
3.53732
3.49163
3.44478
3.39404
3.34176
3.28629
3.22099
3.14812
3.07917
3.02917
2.98882
2.95135
2.92042
2.89279
2.8741
2.86567
2.85557
2.82264
2.77203
2.72623
2.69532
2.68032
2.68424
2.70416
2.77571
2.91308
3.05795
3.20216
3.28866
3.30606
3.33743
3.36148
3.38555
3.40116
3.40029
3.39804
3.39358
3.39144
3.37961
3.36013
3.3577
3.3607
3.36691
3.37426
3.38086
3.38247
3.37526
3.35064
3.32631
3.32521
3.3314
2.8132
3.267
4.01863
4.1657
4.10693
4.00811
3.91668
3.83109
3.74129
3.65967
3.59151
3.53535
3.48472
3.4365
3.39003
3.34387
3.29513
3.24508
3.19285
3.13123
3.05737
2.98921
2.94081
2.89711
2.85363
2.81438
2.7822
2.75753
2.73655
2.71199
2.68342
2.6463
2.60112
2.56499
2.54431
2.52357
2.51604
2.53644
2.59939
2.72665
2.89767
3.00554
3.09952
3.15785
3.19909
3.23456
3.27962
3.29029
3.28839
3.28621
3.2766
3.24985
3.23442
3.23596
3.2423
3.25163
3.26149
3.26942
3.27143
3.26556
3.24207
3.22308
3.2237
3.26056
4.02483
4.20998
4.15469
4.05618
3.95809
3.88141
3.80519
3.72082
3.63236
3.54898
3.47924
3.42309
3.37186
3.32175
3.27385
3.22801
3.18077
3.13461
3.08911
3.03352
2.95642
2.8884
2.84376
2.8033
2.76231
2.72452
2.69135
2.66261
2.63493
2.60515
2.57153
2.52235
2.46686
2.44111
2.42834
2.41635
2.40669
2.3982
2.39912
2.43437
2.5283
2.66252
2.82494
2.93799
3.01245
3.07685
3.13396
3.17687
3.18338
3.17136
3.14735
3.12206
3.11387
3.11772
3.13005
3.14253
3.15215
3.16261
3.16655
3.1598
3.13394
3.1212
4.05058
4.2444
4.18245
4.0805
3.97362
3.89073
3.8219
3.75274
3.6794
3.5995
3.51406
3.43062
3.36113
3.30485
3.2531
3.20269
3.15405
3.1051
3.05848
3.01719
2.97672
2.9228
2.84892
2.78611
2.74121
2.70232
2.6681
2.6377
2.60873
2.58077
2.55262
2.52057
2.47785
2.41434
2.36551
2.34455
2.33071
2.32139
2.31185
2.301
2.29011
2.26898
2.27874
2.34603
2.49134
2.6412
2.77103
2.90567
2.98869
3.01997
3.04508
3.04677
3.03187
3.00776
3.00712
3.01938
3.0307
3.03718
3.04954
3.06164
3.0623
3.04709
3.02426
4.28626
4.20564
4.08906
3.97107
3.87407
3.79688
3.73103
3.66618
3.60173
3.53495
3.46217
3.38174
3.2994
3.22927
3.17279
3.12372
3.07683
3.02851
2.98088
2.93831
2.89979
2.85907
2.8055
2.7361
2.67801
2.63955
2.60746
2.57759
2.54953
2.52356
2.4994
2.47372
2.44109
2.39082
2.32578
2.29059
2.27503
2.26219
2.24843
2.23555
2.22261
2.2067
2.18966
2.15403
2.15249
2.20117
2.32138
2.50168
2.67998
2.78489
2.86303
2.9069
2.91996
2.91469
2.9177
2.92844
2.92985
2.93353
2.94301
2.95408
2.95825
2.95204
2.93176
4.24354
4.11148
3.98243
3.86486
3.77109
3.69303
3.62505
3.56153
3.50128
3.4422
3.38104
3.31327
3.23603
3.15546
3.08668
3.03573
2.99136
2.94614
2.90096
2.8591
2.82071
2.78425
2.74436
2.68875
2.61843
2.57298
2.5448
2.51934
2.49475
2.47184
2.45041
2.42729
2.39881
2.3571
2.29701
2.25604
2.23956
2.22589
2.21226
2.1992
2.18559
2.1714
2.15344
2.12557
2.08617
2.06259
2.06782
2.10756
2.23208
2.39939
2.55419
2.70114
2.76772
2.78781
2.80714
2.82154
2.84174
2.8647
2.86662
2.86692
2.86268
2.85167
2.83911
4.10319
3.97746
3.86755
3.75825
3.65647
3.57491
3.50578
3.44236
3.38383
3.32864
3.27361
3.21531
3.15032
3.07654
3.00108
2.94076
2.89626
2.85614
2.81717
2.77966
2.74335
2.70888
2.67506
2.6338
2.57348
2.51603
2.48518
2.4627
2.4407
2.42057
2.40317
2.38624
2.36594
2.33523
2.2855
2.23045
2.20235
2.18816
2.17766
2.16952
2.16213
2.15446
2.1427
2.11811
2.07486
2.03975
2.0315
2.02741
2.02994
2.06026
2.14261
2.30242
2.48422
2.59108
2.6651
2.70411
2.72112
2.75442
2.7894
2.79024
2.78119
2.76787
2.75876
3.964
3.848
3.74679
3.64666
3.54617
3.45518
3.38199
3.31959
3.26316
3.21144
3.16151
3.10967
3.05291
2.98893
2.91987
2.85489
2.80496
2.76796
2.73602
2.70516
2.67445
2.64432
2.61385
2.57861
2.53084
2.47247
2.43443
2.41513
2.39764
2.37971
2.364
2.34894
2.33106
2.30674
2.27107
2.22541
2.18876
2.17328
2.16438
2.1561
2.14632
2.13476
2.12257
2.10678
2.07751
2.03572
2.01703
2.01136
2.00794
2.00431
2.00094
2.01584
2.10028
2.23008
2.34788
2.49018
2.58745
2.63881
2.68559
2.71553
2.71886
2.71509
2.69979
3.77012
3.67981
3.59669
3.51159
3.42318
3.33605
3.25848
3.19421
3.14006
3.09255
3.04832
3.00357
2.95496
2.90101
2.84304
2.78356
2.72956
2.6904
2.66304
2.63902
2.61514
2.5912
2.5659
2.5359
2.49646
2.44519
2.39683
2.37474
2.36303
2.352
2.34084
2.3276
2.31013
2.28961
2.25476
2.20959
2.19234
2.18307
2.17395
2.1616
2.14688
2.13428
2.12064
2.1014
2.07278
2.04685
2.02877
2.01148
2.00047
1.9923
1.98498
1.98344
1.98465
1.99085
2.01561
2.10547
2.28759
2.41927
2.5227
2.61239
2.65196
2.666
2.65686
3.57533
3.5012
3.43609
3.37074
3.30058
3.22426
3.14743
3.08128
3.02879
2.9862
2.94915
2.91339
2.87549
2.83343
2.78644
2.73452
2.68146
2.63834
2.61067
2.59011
2.5705
2.55082
2.53094
2.50827
2.47643
2.43091
2.38463
2.35661
2.34156
2.32812
2.31733
2.3102
2.30304
2.28843
2.25804
2.21787
2.18454
2.16506
2.15633
2.15346
2.15601
2.14979
2.13674
2.11918
2.09249
2.0491
2.02358
2.0225
2.01977
2.01146
2.00109
1.99033
1.97616
1.96872
1.94404
1.93107
1.96432
2.07048
2.20294
2.38249
2.4981
2.57864
2.6098
3.41563
3.35402
3.29965
3.24783
3.19385
3.13239
3.06373
2.99997
2.95077
2.91344
2.88241
2.85331
2.8229
2.78919
2.75118
2.70883
2.6667
2.63083
2.60022
2.57432
2.55153
2.53013
2.50961
2.4902
2.47092
2.44475
2.40466
2.36584
2.34075
2.32584
2.31516
2.3047
2.29124
2.27408
2.25564
2.22818
2.18515
2.16166
2.15585
2.15142
2.14373
2.13294
2.11946
2.10162
2.07582
2.04695
2.02765
2.01637
2.00794
1.99943
1.9898
1.98018
1.96987
1.95733
1.93867
1.90997
1.8978
1.90154
1.92525
2.02733
2.20706
2.36006
2.49323
3.30116
3.24883
3.20202
3.15989
3.11951
3.0737
3.01702
2.95599
2.90474
2.86785
2.84014
2.81566
2.79048
2.76275
2.73194
2.69606
2.65276
2.60944
2.57859
2.55722
2.5387
2.52045
2.5027
2.48637
2.46831
2.43905
2.39421
2.35407
2.33202
2.31906
2.30876
2.29873
2.28919
2.27875
2.26053
2.22428
2.17947
2.1594
2.15371
2.14774
2.13947
2.1292
2.11637
2.10006
2.07794
2.04852
2.02544
2.01413
2.00633
1.99811
1.98881
1.98034
1.97254
1.96093
1.9394
1.90778
1.8914
1.8899
1.89069
1.89645
1.93288
2.01838
2.25172
3.29951
3.25665
3.21638
3.18116
3.14654
3.10339
3.04557
2.98
2.92471
2.88764
2.86217
2.84098
2.82001
2.79671
2.76808
2.72949
2.67807
2.62587
2.59291
2.57437
2.55876
2.5425
2.52609
2.50997
2.4905
2.45816
2.40838
2.36674
2.34629
2.33416
2.32561
2.31924
2.31283
2.30229
2.27973
2.23866
2.19267
2.17199
2.16586
2.16136
2.15609
2.14873
2.13841
2.12392
2.10027
2.06304
2.03604
2.02794
2.02225
2.01531
2.00758
2.00022
1.99241
1.97997
1.95597
1.92313
1.9046
1.89833
1.89386
1.88684
1.88742
1.89397
1.97165
3.23338
3.19711
3.16213
3.13226
3.10296
3.06366
3.00651
2.93844
2.88073
2.84432
2.82136
2.80275
2.78409
2.76293
2.736
2.69776
2.64489
2.5896
2.55614
2.54034
2.52686
2.51176
2.4958
2.47973
2.46029
2.42759
2.37706
2.33739
2.31849
2.30704
2.29943
2.29367
2.28723
2.27636
2.25378
2.2123
2.16593
2.14671
2.14183
2.13778
2.13277
2.12613
2.11684
2.10339
2.08046
2.04381
2.01475
2.00513
1.99962
1.9937
1.98702
1.98013
1.97246
1.96115
1.93849
1.90396
1.88496
1.87938
1.87443
1.86864
1.86324
1.85637
1.8607
)
;

boundaryField
{
    inlet
    {
        type            fixedValue;
        value           nonuniform 0();
    }
    outlet
    {
        type            inletOutlet;
        inletValue      uniform 1;
        value           nonuniform List<scalar> 
16
(
3.54771
3.44244
3.33335
3.22483
3.12121
3.02206
2.92827
2.83664
2.75777
2.69727
2.65317
2.60823
2.49232
2.24992
1.97064
1.86065
)
;
    }
    bottom
    {
        type            symmetryPlane;
    }
    top
    {
        type            symmetryPlane;
    }
    obstacle
    {
        type            zeroGradient;
    }
    defaultFaces
    {
        type            empty;
    }
    procBoundary3to1
    {
        type            processor;
        value           nonuniform List<scalar> 
63
(
2.68388
2.66037
2.63173
2.61129
2.67962
3.21284
3.82445
3.89407
3.85404
3.77774
3.71528
3.67727
3.64594
3.60544
3.54236
3.46848
3.42026
3.3911
3.37797
3.37711
3.38416
3.40012
3.40848
3.40807
3.39295
3.35688
3.32389
3.28965
3.24061
3.20197
3.22392
3.32279
3.49399
3.6447
3.72829
3.79045
3.83212
3.82072
3.79096
3.76571
3.7566
3.75905
3.76621
3.7762
3.78122
3.78117
3.76823
3.73609
3.70603
3.69829
3.69882
3.70146
3.70576
3.70893
3.70942
3.70306
3.67625
3.64068
3.63008
3.63055
3.63313
3.64024
3.6412
)
;
    }
    procBoundary3to2
    {
        type            processor;
        value           nonuniform List<scalar> 
16
(
2.73425
2.75778
2.77056
2.7825
2.83763
3.28792
4.1258
4.33712
4.23726
4.10418
3.88059
3.67093
3.49503
3.36252
3.34336
3.26993
)
;
    }
}


// ************************************************************************* //
