/*--------------------------------*- C++ -*----------------------------------*\
  =========                 |
  \\      /  F ield         | OpenFOAM: The Open Source CFD Toolbox
   \\    /   O peration     | Website:  https://openfoam.org
    \\  /    A nd           | Version:  7
     \\/     M anipulation  |
\*---------------------------------------------------------------------------*/
FoamFile
{
    version     2.0;
    format      ascii;
    class       volScalarField;
    location    "1.7";
    object      rho;
}
// * * * * * * * * * * * * * * * * * * * * * * * * * * * * * * * * * * * * * //

dimensions      [1 -3 0 0 0 0 0];

internalField   nonuniform List<scalar> 
4608
(
0.934173
0.935132
0.936625
0.939343
0.945531
0.951378
0.953315
0.954268
0.954966
0.955502
0.956231
0.958462
0.963684
0.967493
0.967878
0.967671
0.965499
0.960241
0.957105
0.956619
0.956587
0.9586
0.962344
0.963632
0.963579
0.962372
0.960064
0.95911
0.958579
0.958646
0.96237
0.969238
0.970942
0.970664
0.969289
0.964923
0.959995
0.958893
0.958603
0.958598
0.960646
0.965781
0.968295
0.967926
0.966993
0.965538
0.96375
0.962223
0.961152
0.960286
0.959584
0.958793
0.958853
0.960558
0.963915
0.970109
0.980636
0.995655
1.01695
1.04147
1.06795
1.10046
1.13753
1.18126
1.23328
1.28922
1.35035
1.41239
1.47694
1.54316
1.60736
1.67224
1.73226
1.79079
1.84823
1.90274
1.95831
2.01111
2.05242
2.08491
2.11207
2.13226
2.1551
2.17734
2.19877
2.224
2.25187
2.27831
2.29881
2.31126
2.31978
2.3282
2.33609
2.33408
2.32397
2.30884
2.29136
2.27228
2.25069
2.22848
2.21333
2.20476
2.20046
2.20599
2.21482
2.20757
2.19599
2.18085
2.15866
2.1325
2.10778
2.08146
2.06119
2.05319
2.04731
2.04347
2.04557
2.0545
2.05572
2.05245
2.04877
2.04445
2.03554
2.01602
1.99323
1.98578
1.98399
1.98285
1.98251
1.98437
1.9921
2.00532
2.00911
2.00622
2.0021
1.99647
1.98715
1.97042
1.95018
1.94275
1.9407
1.93895
1.93744
1.93698
1.94057
1.94361
1.94074
1.93684
1.93172
1.92241
1.9036
1.88495
1.87861
1.87465
1.87147
1.87059
1.87539
1.87752
1.87419
1.86979
1.8634
1.85165
1.83463
1.82558
1.82039
1.8151
1.80993
1.8049
1.79999
1.79521
1.79074
1.78669
1.78284
1.77794
1.76851
1.75242
1.74252
1.73827
1.73435
1.72952
1.72439
1.7202
1.71644
1.71231
1.70834
1.70425
1.69748
1.68305
1.66993
1.66567
1.66267
1.66022
1.65937
1.65898
1.65643
1.65353
1.65043
1.64727
1.64363
1.63675
1.61909
1.5974
1.58934
1.58589
1.58272
1.58007
1.57904
1.57906
1.57701
1.57491
1.57246
1.56959
1.56654
1.56091
1.54788
1.53643
1.53215
1.52858
1.52426
1.52069
1.51802
1.5165
1.51557
1.51394
1.5117
1.50791
1.49641
1.47296
1.45427
1.44755
1.44417
1.44148
1.44021
1.4408
1.44625
1.45657
1.46322
1.46249
1.45911
1.45316
1.44407
1.42878
1.41032
1.40298
1.40052
1.39856
1.39752
1.39723
1.39602
1.39438
1.39219
1.38619
1.37124
1.35705
1.35273
1.35067
1.3488
1.34776
1.34758
1.34642
1.34458
1.34265
1.34075
1.33867
1.33559
1.32943
1.32328
1.32152
1.32055
1.32008
1.32019
1.31956
1.31846
1.31559
1.30471
1.28545
1.27542
1.27195
1.26862
1.26527
1.26396
1.26323
1.26269
1.26232
1.26218
1.26281
1.26566
1.27032
0.958844
0.957479
0.957093
0.957155
0.959914
0.962965
0.963546
0.963636
0.962629
0.96229
0.962551
0.963622
0.967633
0.973153
0.974817
0.975047
0.973959
0.96956
0.965572
0.964905
0.96507
0.967352
0.970701
0.971775
0.972003
0.971415
0.969741
0.969147
0.968936
0.969188
0.972997
0.980712
0.983319
0.982977
0.981782
0.978308
0.972056
0.969068
0.968648
0.968535
0.969879
0.973656
0.975742
0.975795
0.975807
0.976456
0.977725
0.98063
0.986863
0.995041
1.0054
1.01798
1.03613
1.05994
1.0852
1.11977
1.15816
1.19397
1.24516
1.28682
1.31528
1.35549
1.38588
1.41296
1.44611
1.47208
1.49517
1.52078
1.53905
1.54842
1.5622
1.57906
1.59864
1.62609
1.67097
1.71772
1.74432
1.76352
1.78169
1.80262
1.82613
1.85392
1.8811
1.89692
1.91959
1.94473
1.96342
1.98036
1.99815
2.01851
2.04039
2.06663
2.09762
2.10857
2.11124
2.11531
2.11628
2.1158
2.11654
2.11615
2.11646
2.11945
2.12506
2.13607
2.15645
2.17385
2.1739
2.1701
2.16277
2.15025
2.13326
2.11291
2.09605
2.08847
2.084
2.0806
2.08151
2.09527
2.10676
2.10422
2.09983
2.09407
2.08416
2.06572
2.04315
2.03318
2.03025
2.02769
2.02608
2.02581
2.02969
2.04163
2.04913
2.04674
2.04295
2.03801
2.02985
2.01502
1.99148
1.9764
1.97292
1.9706
1.96857
1.96773
1.97148
1.97442
1.97042
1.96559
1.96005
1.95138
1.93329
1.90858
1.89842
1.89415
1.89047
1.88881
1.89253
1.89469
1.89064
1.88569
1.87961
1.87064
1.85591
1.83923
1.83002
1.82449
1.81934
1.81431
1.80947
1.8052
1.80153
1.79781
1.79384
1.78946
1.7826
1.76913
1.75467
1.74934
1.74549
1.74096
1.73623
1.73203
1.72916
1.72591
1.72203
1.71827
1.71316
1.70209
1.68643
1.67953
1.67653
1.67391
1.67248
1.6724
1.6707
1.66769
1.66462
1.66138
1.65782
1.65224
1.63844
1.6164
1.60548
1.60157
1.59823
1.59526
1.59359
1.59303
1.59084
1.58848
1.58607
1.58311
1.57988
1.57486
1.56324
1.55043
1.54534
1.54172
1.53736
1.53342
1.53053
1.52858
1.52724
1.52547
1.5231
1.51976
1.5108
1.49018
1.46974
1.46118
1.45754
1.45462
1.45294
1.45265
1.45578
1.46448
1.47189
1.47148
1.46844
1.46314
1.45519
1.44205
1.42348
1.41345
1.41074
1.4087
1.40742
1.40704
1.40607
1.40448
1.40252
1.398
1.38573
1.36959
1.36306
1.36067
1.35856
1.357
1.35649
1.35635
1.3549
1.35303
1.3512
1.34929
1.34689
1.34253
1.33547
1.33136
1.33004
1.32895
1.3282
1.3274
1.32621
1.32356
1.31543
1.29906
1.28669
1.2821
1.27873
1.27518
1.27344
1.27252
1.27175
1.27118
1.27082
1.2708
1.27275
1.27669
1.00472
1.00304
1.00227
1.00235
1.00309
1.00239
1.00128
0.99903
0.99566
0.994694
0.995008
0.99659
1.00051
1.00435
1.0051
1.00536
1.00481
1.00251
1.00178
1.00232
1.00323
1.00509
1.0058
1.00553
1.004
1.00059
0.998674
0.998527
0.998569
0.999646
1.00521
1.01208
1.01285
1.0122
1.01059
1.00637
1.00183
1.002
1.00357
1.00696
1.01263
1.01982
1.02866
1.03851
1.05136
1.06848
1.09138
1.12295
1.15597
1.19636
1.2383
1.27137
1.31607
1.36269
1.39086
1.42389
1.46887
1.49438
1.51868
1.54202
1.56197
1.58136
1.59446
1.60411
1.61136
1.6172
1.61841
1.61679
1.61097
1.60067
1.59382
1.59249
1.59228
1.5986
1.61451
1.62305
1.62366
1.62283
1.61929
1.61798
1.62312
1.63477
1.64888
1.65886
1.66869
1.68319
1.70115
1.72227
1.74879
1.78346
1.82537
1.86867
1.91356
1.94838
1.96664
1.98532
2.00236
2.01765
2.03583
2.05194
2.06518
2.07897
2.09357
2.1114
2.1372
2.16864
2.18656
2.19064
2.19082
2.18541
2.17423
2.16002
2.14635
2.13921
2.13791
2.13718
2.14007
2.1575
2.18759
2.19606
2.19331
2.18666
2.17295
2.153
2.13422
2.11977
2.11021
2.10515
2.10198
2.09967
2.09954
2.10948
2.12532
2.12654
2.12272
2.11599
2.10497
2.08754
2.05895
2.02915
2.01801
2.01341
2.00945
2.00711
2.01067
2.01541
2.01146
2.00673
2.00203
1.99411
1.97306
1.93931
1.92519
1.92095
1.91744
1.91567
1.9178
1.92232
1.92122
1.91738
1.91305
1.90822
1.90147
1.8887
1.86781
1.8548
1.85023
1.84655
1.84305
1.83984
1.83772
1.83523
1.83119
1.8269
1.82189
1.813
1.79725
1.7868
1.78299
1.77981
1.77653
1.77346
1.77124
1.76795
1.76374
1.75928
1.75383
1.74391
1.72765
1.71819
1.71482
1.71219
1.711
1.7106
1.70755
1.70353
1.69918
1.6946
1.68935
1.68148
1.6658
1.64728
1.64039
1.63705
1.63374
1.6311
1.63117
1.62923
1.62513
1.62135
1.61773
1.61389
1.60882
1.60034
1.58614
1.5767
1.57304
1.56968
1.56546
1.56055
1.55712
1.55455
1.55223
1.54987
1.54741
1.54345
1.5323
1.51163
1.49664
1.48954
1.48557
1.48252
1.48067
1.48022
1.48257
1.48847
1.49221
1.49099
1.48791
1.48298
1.47534
1.4632
1.44669
1.43592
1.43291
1.4309
1.42929
1.42759
1.42579
1.424
1.42157
1.41623
1.40388
1.38802
1.3801
1.37723
1.3749
1.37307
1.37214
1.37275
1.37297
1.37123
1.36943
1.36759
1.36552
1.36303
1.35961
1.35422
1.34691
1.34128
1.33833
1.33607
1.33345
1.32939
1.32282
1.31495
1.30822
1.30207
1.29535
1.2902
1.28816
1.2869
1.28572
1.28477
1.28408
1.28378
1.28477
1.28456
1.01115
1.0151
1.01905
1.02325
1.02519
1.02575
1.02526
1.02463
1.0263
1.02901
1.03388
1.04209
1.04633
1.04663
1.04614
1.04468
1.04417
1.04445
1.04531
1.04646
1.04678
1.04684
1.046
1.0424
1.03501
1.02903
1.02801
1.02796
1.02857
1.03254
1.04203
1.04776
1.04841
1.04891
1.04907
1.04964
1.0553
1.06656
1.0823
1.10606
1.1334
1.16469
1.20337
1.242
1.28254
1.32611
1.38361
1.43457
1.47082
1.51668
1.55239
1.56539
1.58621
1.61224
1.63346
1.63918
1.63541
1.63231
1.63693
1.64439
1.65684
1.67927
1.69446
1.69413
1.69042
1.68435
1.67465
1.66032
1.64129
1.62682
1.62145
1.61773
1.6146
1.61717
1.63137
1.63661
1.63455
1.6322
1.62898
1.6238
1.61471
1.60456
1.59492
1.58396
1.57392
1.5704
1.56946
1.56998
1.57463
1.5872
1.60943
1.63308
1.65135
1.67094
1.69054
1.70039
1.71225
1.72926
1.74923
1.77219
1.7982
1.82739
1.85664
1.88725
1.9251
1.9762
2.03315
2.06589
2.078
2.08569
2.08954
2.08891
2.08795
2.09026
2.09472
2.10112
2.1115
2.13493
2.17262
2.18858
2.18942
2.18499
2.17091
2.15285
2.13853
2.1273
2.11998
2.11844
2.11924
2.12095
2.12709
2.14676
2.1741
2.18329
2.18387
2.18143
2.1731
2.15738
2.13011
2.10306
2.09185
2.08674
2.08191
2.07949
2.08897
2.09784
2.09306
2.0874
2.08125
2.06976
2.04278
2.00453
1.98799
1.98324
1.97956
1.97729
1.97885
1.98527
1.98523
1.98123
1.97668
1.97171
1.96516
1.9511
1.92402
1.90719
1.90278
1.89945
1.89678
1.89543
1.89538
1.89308
1.88894
1.88413
1.87803
1.86713
1.84715
1.83346
1.82942
1.82641
1.82437
1.82373
1.82255
1.8194
1.81535
1.81034
1.80339
1.79068
1.7717
1.76203
1.75854
1.75582
1.7545
1.75505
1.75351
1.74984
1.74531
1.73998
1.7333
1.72245
1.70303
1.68703
1.68259
1.67966
1.67678
1.67532
1.67781
1.67658
1.67247
1.6684
1.6643
1.6592
1.65099
1.63673
1.62303
1.6185
1.61581
1.61295
1.60929
1.60528
1.60183
1.59904
1.59635
1.59351
1.58988
1.58238
1.56455
1.54623
1.53896
1.53455
1.53097
1.52795
1.52642
1.52717
1.53
1.53214
1.53098
1.5287
1.52581
1.52071
1.51097
1.49769
1.4858
1.47809
1.47506
1.47305
1.4714
1.46928
1.46712
1.46477
1.46146
1.45425
1.43911
1.42306
1.41575
1.41265
1.41012
1.40814
1.40713
1.40836
1.41155
1.41068
1.40868
1.40648
1.40396
1.40094
1.39644
1.38838
1.37667
1.36772
1.36326
1.35984
1.35601
1.35192
1.3488
1.34641
1.34374
1.33946
1.3317
1.32357
1.3203
1.31867
1.31708
1.31512
1.31285
1.31053
1.30848
1.3059
0.994808
1.00754
1.01619
1.01978
1.02445
1.02603
1.02545
1.02428
1.0261
1.03052
1.03786
1.04691
1.05058
1.05109
1.05024
1.04857
1.04884
1.05062
1.05269
1.05357
1.05395
1.05427
1.05414
1.0515
1.0463
1.04465
1.04561
1.04849
1.05536
1.07055
1.0939
1.11449
1.13177
1.15542
1.18264
1.2096
1.25031
1.29438
1.33256
1.38734
1.43708
1.4707
1.51408
1.55276
1.57779
1.60716
1.6443
1.67767
1.68838
1.6887
1.68956
1.69233
1.69757
1.69958
1.69757
1.68835
1.67691
1.67241
1.67053
1.67243
1.68942
1.71343
1.71628
1.71195
1.7063
1.6973
1.68057
1.65373
1.63249
1.6261
1.62241
1.61889
1.6165
1.61978
1.63402
1.63902
1.63636
1.63359
1.63041
1.62526
1.61387
1.59431
1.57297
1.56071
1.55678
1.55445
1.55276
1.55203
1.55554
1.56694
1.57846
1.57957
1.5778
1.57668
1.57536
1.57199
1.56372
1.5492
1.54315
1.54452
1.54919
1.55766
1.57008
1.58778
1.61388
1.6495
1.69006
1.72496
1.74343
1.75575
1.76736
1.77951
1.79723
1.81818
1.8391
1.86318
1.8926
1.93152
1.98911
2.04083
2.05482
2.05966
2.05986
2.05791
2.05846
2.05778
2.0577
2.05969
2.0641
2.07205
2.0879
2.12163
2.15659
2.16544
2.16784
2.16766
2.16153
2.14766
2.12739
2.11275
2.10886
2.10753
2.10699
2.11441
2.13723
2.15202
2.15063
2.14584
2.13843
2.12522
2.09945
2.06765
2.05225
2.04665
2.04197
2.03788
2.03777
2.04853
2.04966
2.0432
2.03643
2.02854
2.01707
1.99457
1.96192
1.94703
1.94248
1.93879
1.93653
1.93708
1.93765
1.93459
1.93011
1.92498
1.91794
1.90194
1.87434
1.86065
1.8567
1.85338
1.85132
1.85245
1.85494
1.85284
1.8491
1.84475
1.83797
1.82237
1.7995
1.78987
1.78637
1.78351
1.78169
1.78253
1.78434
1.78168
1.77787
1.77346
1.76719
1.7545
1.7324
1.71949
1.71613
1.71332
1.71095
1.7105
1.7152
1.71607
1.71267
1.70907
1.70509
1.69896
1.68587
1.66742
1.66
1.65729
1.6546
1.65234
1.65107
1.64926
1.64654
1.64366
1.64067
1.637
1.63012
1.61311
1.59206
1.58425
1.58073
1.57742
1.5742
1.57201
1.57287
1.57638
1.57602
1.57392
1.57166
1.56913
1.56505
1.55529
1.53955
1.52959
1.52388
1.51908
1.51616
1.51405
1.51264
1.51068
1.50835
1.50589
1.50221
1.4928
1.47325
1.45822
1.45281
1.44967
1.44698
1.44481
1.44401
1.44794
1.45416
1.45391
1.45196
1.44973
1.44702
1.44293
1.43437
1.41844
1.40306
1.39634
1.39272
1.38922
1.38603
1.38389
1.3822
1.38067
1.37901
1.37639
1.36965
1.36088
1.35769
1.35582
1.35347
1.35063
1.34746
1.3438
1.33989
1.33507
0.898771
0.92543
0.938874
0.945215
0.952799
0.963753
0.971651
0.975287
0.982583
0.996681
1.01633
1.02452
1.0284
1.0326
1.03353
1.03406
1.03758
1.04501
1.04987
1.0511
1.05265
1.05393
1.05529
1.05973
1.06687
1.07906
1.09825
1.12637
1.16519
1.21157
1.27202
1.33507
1.37948
1.43673
1.48481
1.50778
1.547
1.58174
1.59973
1.62837
1.65256
1.66416
1.68105
1.69804
1.70399
1.71274
1.71715
1.71883
1.71887
1.71994
1.71781
1.71343
1.70839
1.70172
1.68877
1.67182
1.66502
1.66283
1.66153
1.66526
1.68496
1.70586
1.70428
1.69817
1.69107
1.68059
1.66
1.62723
1.60605
1.60039
1.59688
1.59444
1.59438
1.60093
1.61482
1.62245
1.62111
1.61854
1.61631
1.61237
1.59921
1.57432
1.56028
1.5563
1.55312
1.55024
1.54867
1.551
1.5626
1.57221
1.57159
1.56917
1.56583
1.56153
1.55602
1.54918
1.53979
1.52669
1.51682
1.51278
1.51001
1.50797
1.507
1.50913
1.51816
1.52697
1.53043
1.53209
1.53304
1.53372
1.5319
1.51964
1.51191
1.51617
1.52686
1.5426
1.56445
1.5947
1.63674
1.68669
1.71925
1.73491
1.74632
1.75702
1.77443
1.79176
1.81086
1.83314
1.85574
1.88224
1.92472
1.98487
2.02727
2.04641
2.05373
2.05769
2.06384
2.06702
2.06747
2.06528
2.06769
2.07356
2.08301
2.10531
2.13265
2.13886
2.13664
2.12981
2.1213
2.11195
2.09957
2.08331
2.0735
2.06992
2.06678
2.06589
2.07699
2.09237
2.09046
2.08458
2.07787
2.06834
2.0509
2.02049
1.99542
1.98827
1.98479
1.98163
1.97928
1.98171
1.98164
1.97701
1.97191
1.96614
1.95768
1.9357
1.90302
1.89035
1.88598
1.88216
1.87974
1.88116
1.88508
1.88299
1.87892
1.87449
1.86698
1.84827
1.82237
1.81272
1.8091
1.80595
1.80388
1.80471
1.80763
1.80551
1.80226
1.79885
1.79318
1.77897
1.75506
1.74353
1.74017
1.73748
1.73564
1.7358
1.74141
1.74424
1.74164
1.73825
1.73412
1.72622
1.70899
1.69261
1.68841
1.68603
1.68368
1.68241
1.68444
1.68434
1.68124
1.67782
1.6739
1.66808
1.6546
1.63058
1.61802
1.61488
1.61223
1.6098
1.60834
1.61003
1.61444
1.61347
1.61082
1.60814
1.60511
1.60126
1.59226
1.57603
1.56511
1.56087
1.55743
1.55457
1.55225
1.5506
1.54954
1.54754
1.54529
1.5425
1.53774
1.52374
1.50184
1.49194
1.48857
1.48585
1.48336
1.48174
1.48388
1.4923
1.49473
1.49294
1.49074
1.48811
1.48423
1.47544
1.45684
1.43915
1.4332
1.43075
1.42852
1.4262
1.42395
1.42179
1.41961
1.41738
1.41475
1.41007
1.40113
1.39514
1.39344
1.39188
1.39033
1.38843
1.38571
1.38211
1.37863
1.37285
0.774341
0.781425
0.788517
0.79638
0.804716
0.814697
0.82824
0.846474
0.86465
0.883029
0.905676
0.922071
0.933434
0.946098
0.961052
0.973144
0.98844
1.00815
1.02188
1.03713
1.05545
1.07551
1.10864
1.15248
1.20064
1.25783
1.31608
1.38213
1.43506
1.4816
1.53983
1.59014
1.62642
1.66225
1.68001
1.68038
1.68692
1.69084
1.69141
1.69906
1.70963
1.72052
1.73389
1.74529
1.7462
1.74334
1.73856
1.73313
1.7284
1.72379
1.7191
1.71391
1.70654
1.69389
1.67578
1.6604
1.6531
1.64884
1.6457
1.64654
1.66133
1.67396
1.67074
1.66558
1.65959
1.64846
1.62418
1.5949
1.5853
1.58339
1.58188
1.58098
1.58319
1.59491
1.61245
1.61648
1.61353
1.60958
1.60454
1.59376
1.57193
1.55456
1.55133
1.55
1.54851
1.54794
1.55138
1.56397
1.57393
1.57254
1.56839
1.56182
1.55186
1.54116
1.5329
1.52707
1.52258
1.51835
1.51293
1.50575
1.49931
1.49547
1.49376
1.49423
1.49788
1.49894
1.49709
1.49491
1.49263
1.48953
1.48226
1.46514
1.44755
1.4424
1.44088
1.44046
1.44279
1.45286
1.47035
1.48446
1.49101
1.49481
1.4973
1.49353
1.48461
1.48847
1.49897
1.51533
1.53805
1.56767
1.61035
1.66392
1.70296
1.73006
1.74272
1.75607
1.77916
1.79749
1.82193
1.84915
1.87328
1.90235
1.94701
2.00649
2.03706
2.04551
2.04461
2.03783
2.03848
2.03897
2.0369
2.03586
2.03701
2.0378
2.04176
2.05733
2.08023
2.08351
2.07775
2.06809
2.05599
2.04254
2.0241
2.00582
2.00101
1.99939
1.99818
2.00166
2.01367
2.01462
2.0085
2.0019
1.99437
1.98291
1.96388
1.93864
1.92306
1.91693
1.91249
1.90805
1.90466
1.90452
1.90589
1.90448
1.90116
1.89684
1.89008
1.87411
1.8481
1.83537
1.83113
1.82737
1.82427
1.82339
1.82503
1.82347
1.82061
1.81792
1.81345
1.79958
1.77453
1.76294
1.75941
1.75667
1.75481
1.75452
1.75637
1.75434
1.75071
1.74666
1.74
1.72604
1.70848
1.70211
1.6994
1.69686
1.69517
1.69701
1.70227
1.7011
1.69801
1.69466
1.69004
1.67921
1.65493
1.63602
1.63174
1.62907
1.62666
1.62539
1.62817
1.63518
1.63501
1.63229
1.62957
1.62658
1.6214
1.60878
1.58997
1.58102
1.57857
1.57662
1.57501
1.57356
1.57255
1.57137
1.5692
1.56683
1.56431
1.56037
1.54802
1.52723
1.51742
1.51475
1.51239
1.51012
1.50855
1.5105
1.51896
1.52187
1.5202
1.51821
1.51608
1.51272
1.50203
1.47952
1.46356
1.46023
1.45834
1.45701
1.45744
1.45734
1.45533
1.45305
1.45041
1.44636
1.4376
1.42407
1.41819
1.41664
1.41522
1.414
1.41408
1.41803
1.41856
1.41581
1.41336
1.40743
0.751055
0.750005
0.745429
0.73827
0.737225
0.738516
0.741653
0.747044
0.755636
0.765959
0.775081
0.783841
0.7938
0.806049
0.823426
0.845325
0.872407
0.910902
0.961911
1.02694
1.10322
1.17214
1.25129
1.32531
1.3795
1.43111
1.4755
1.51209
1.54359
1.5811
1.61352
1.63884
1.66209
1.66878
1.66892
1.6691
1.67024
1.6695
1.66942
1.67313
1.68104
1.693
1.70891
1.72101
1.72093
1.71742
1.7102
1.7016
1.69377
1.68678
1.68124
1.67655
1.67009
1.65992
1.64569
1.63157
1.62396
1.6206
1.61899
1.62211
1.63628
1.64695
1.646
1.64325
1.63799
1.62358
1.59663
1.58084
1.5782
1.57704
1.5767
1.57987
1.59056
1.60699
1.61255
1.61015
1.60664
1.6012
1.58853
1.56329
1.54352
1.53957
1.53792
1.53658
1.53723
1.54473
1.56146
1.57041
1.56819
1.56313
1.55521
1.54067
1.51994
1.50856
1.50536
1.50308
1.50178
1.50427
1.50672
1.50437
1.49948
1.49253
1.48687
1.48407
1.48206
1.48003
1.47767
1.47513
1.47249
1.46922
1.46389
1.45313
1.43955
1.43389
1.43183
1.43071
1.43198
1.44065
1.45126
1.4536
1.45281
1.45134
1.44729
1.43424
1.41679
1.41179
1.41087
1.41078
1.41359
1.42372
1.44387
1.46013
1.46623
1.47072
1.47424
1.47169
1.46696
1.47538
1.49171
1.5144
1.54239
1.5788
1.63297
1.69297
1.72674
1.75153
1.76798
1.78168
1.80311
1.82548
1.84534
1.86562
1.88303
1.90277
1.93745
1.98934
2.01309
2.01601
2.0152
2.00899
1.99812
1.98204
1.96753
1.96536
1.96725
1.97101
1.98056
2.00014
2.01165
2.00909
2.00211
1.99135
1.97819
1.96209
1.94242
1.93366
1.93175
1.92967
1.92876
1.93432
1.93685
1.93182
1.92623
1.92097
1.91546
1.9076
1.89637
1.88265
1.8732
1.86953
1.86607
1.86214
1.85779
1.85376
1.8505
1.84821
1.84542
1.84082
1.83001
1.81011
1.79551
1.79033
1.78675
1.78368
1.78139
1.7788
1.77512
1.77128
1.76714
1.76154
1.74996
1.73034
1.72004
1.71674
1.71377
1.7114
1.71091
1.71498
1.71628
1.71344
1.71027
1.70651
1.69853
1.67715
1.6542
1.64842
1.64571
1.64314
1.64153
1.64326
1.65032
1.65106
1.64848
1.64572
1.64178
1.63226
1.61223
1.59633
1.59199
1.59011
1.589
1.58924
1.59166
1.59167
1.58967
1.58744
1.58506
1.58189
1.57533
1.55864
1.53985
1.534
1.53233
1.53058
1.52896
1.52799
1.53065
1.53755
1.53793
1.53547
1.53296
1.5302
1.5256
1.51326
1.4922
1.48042
1.47846
1.47723
1.47635
1.4773
1.48108
1.48059
1.47833
1.4757
1.47205
1.46489
1.44945
1.43635
1.43387
1.43263
1.43151
1.43095
1.43397
1.44247
1.44371
1.44127
1.43874
1.43134
0.771926
0.768774
0.758823
0.747902
0.746793
0.747455
0.751717
0.761839
0.775198
0.79586
0.8174
0.840915
0.870193
0.903984
0.95334
1.00359
1.05407
1.12519
1.17856
1.22152
1.27829
1.30394
1.32557
1.34363
1.36095
1.38292
1.40622
1.42705
1.44974
1.46942
1.48424
1.49966
1.50947
1.51162
1.50928
1.51322
1.51918
1.52563
1.53227
1.5387
1.54897
1.56824
1.58833
1.59467
1.59504
1.59129
1.58465
1.58002
1.57927
1.58088
1.58589
1.59572
1.60212
1.60143
1.59738
1.59436
1.59466
1.59671
1.60179
1.61441
1.63022
1.63404
1.63363
1.6314
1.6238
1.60603
1.58557
1.57915
1.57716
1.57558
1.57637
1.58749
1.6097
1.61718
1.61474
1.61075
1.60471
1.59205
1.56688
1.54096
1.53075
1.52682
1.52428
1.52306
1.52673
1.5451
1.5611
1.56018
1.55626
1.5502
1.53718
1.51245
1.49255
1.48735
1.48542
1.48461
1.48662
1.49346
1.49987
1.49946
1.497
1.49334
1.48567
1.47255
1.46391
1.46061
1.45811
1.45592
1.45474
1.45328
1.45097
1.44651
1.43841
1.4333
1.43184
1.43194
1.43638
1.44452
1.44576
1.44398
1.44205
1.43911
1.4322
1.4173
1.40467
1.40138
1.39972
1.39868
1.40084
1.41252
1.4215
1.42036
1.41766
1.41409
1.40602
1.38776
1.37245
1.36986
1.37029
1.37325
1.38038
1.39469
1.41703
1.43794
1.45162
1.46184
1.46687
1.46867
1.48134
1.50066
1.52477
1.55427
1.58556
1.621
1.67714
1.73899
1.75705
1.7714
1.78808
1.79761
1.80675
1.81533
1.82327
1.83429
1.85044
1.8784
1.92304
1.94645
1.94947
1.94744
1.93894
1.92618
1.91023
1.89649
1.89354
1.89562
1.8991
1.90657
1.92156
1.93681
1.93769
1.93343
1.92602
1.91451
1.89897
1.88848
1.88663
1.88612
1.88535
1.88825
1.89522
1.89308
1.88764
1.88176
1.87558
1.866
1.85209
1.83966
1.82958
1.82259
1.81888
1.8159
1.81418
1.81188
1.80822
1.80401
1.79982
1.79563
1.78952
1.77735
1.75705
1.74371
1.73966
1.73649
1.73381
1.73259
1.73579
1.7391
1.7367
1.73351
1.72983
1.72296
1.70314
1.67241
1.66104
1.65793
1.65509
1.65349
1.65612
1.66538
1.66862
1.6667
1.66454
1.66176
1.65421
1.6324
1.60727
1.59995
1.5975
1.59557
1.59487
1.59988
1.60793
1.60742
1.6051
1.60291
1.60028
1.59467
1.57778
1.55246
1.54278
1.54078
1.5387
1.53702
1.53719
1.54381
1.55061
1.54981
1.54745
1.54502
1.54211
1.53766
1.52688
1.5058
1.49058
1.48815
1.48701
1.48623
1.48664
1.49118
1.495
1.4936
1.49136
1.4887
1.48479
1.47663
1.4596
1.44699
1.44431
1.44279
1.44141
1.44077
1.4442
1.45396
1.45674
1.45502
1.45307
1.44485
0.842866
0.840432
0.833
0.833082
0.844935
0.861575
0.891569
0.931357
0.966377
1.01568
1.04916
1.08667
1.14383
1.17458
1.20233
1.25629
1.30068
1.31669
1.33861
1.34769
1.34506
1.33371
1.32607
1.32459
1.3254
1.33378
1.3419
1.34078
1.33891
1.33636
1.33256
1.32966
1.32669
1.32127
1.31211
1.3067
1.30752
1.31178
1.31975
1.33068
1.34522
1.36486
1.38143
1.38689
1.38856
1.38953
1.39601
1.40373
1.413
1.42548
1.44487
1.47197
1.49266
1.50371
1.51177
1.51951
1.52756
1.53704
1.5501
1.57067
1.58824
1.5915
1.59147
1.58641
1.57521
1.56581
1.56091
1.55798
1.55667
1.55691
1.56122
1.57589
1.59823
1.60495
1.60224
1.59577
1.58374
1.5624
1.53815
1.52615
1.52104
1.51719
1.51459
1.51478
1.52413
1.54419
1.55113
1.54818
1.54367
1.53469
1.51451
1.48956
1.48015
1.47725
1.47528
1.47484
1.47918
1.49187
1.4987
1.49736
1.49475
1.49075
1.48127
1.46155
1.44549
1.44092
1.43829
1.4364
1.4371
1.44188
1.44263
1.44198
1.44085
1.43847
1.43716
1.4384
1.44026
1.43862
1.43606
1.4331
1.42932
1.42396
1.41441
1.40077
1.39384
1.39148
1.3899
1.3898
1.39565
1.40344
1.40328
1.40089
1.39839
1.39411
1.38291
1.36455
1.35569
1.3539
1.35297
1.35327
1.35763
1.36839
1.37795
1.37955
1.37914
1.37713
1.37058
1.35964
1.3559
1.35786
1.3635
1.37281
1.38715
1.40764
1.43449
1.45682
1.46555
1.46976
1.47928
1.49338
1.50951
1.52897
1.55021
1.57425
1.60639
1.65673
1.71057
1.72548
1.73603
1.74395
1.74671
1.75049
1.75272
1.75692
1.7673
1.78066
1.80025
1.83843
1.87656
1.8859
1.88713
1.88521
1.87782
1.86518
1.85062
1.84819
1.85238
1.85687
1.86415
1.87891
1.88609
1.88258
1.87805
1.87274
1.86503
1.85177
1.8346
1.82624
1.82361
1.8216
1.82379
1.83084
1.82967
1.82536
1.81997
1.81245
1.80386
1.79708
1.79079
1.78279
1.77391
1.76781
1.76492
1.76282
1.76161
1.76376
1.76923
1.76945
1.76631
1.76195
1.75589
1.74453
1.7196
1.69117
1.68212
1.6789
1.67602
1.67393
1.6748
1.68317
1.6865
1.68387
1.68091
1.67676
1.66521
1.63856
1.62054
1.61726
1.61506
1.61325
1.6129
1.61904
1.62395
1.62148
1.61866
1.61601
1.61237
1.60238
1.57702
1.5591
1.55618
1.55404
1.55199
1.55109
1.55544
1.56166
1.56078
1.55863
1.55652
1.554
1.54964
1.53819
1.51692
1.50373
1.50144
1.50006
1.49896
1.49916
1.50342
1.50637
1.50512
1.50315
1.50076
1.4976
1.49276
1.48212
1.4663
1.45961
1.45795
1.45666
1.45571
1.45606
1.46024
1.46134
1.45932
1.45669
1.45332
1.44242
0.971396
0.992927
1.01486
1.05462
1.11338
1.15257
1.21188
1.26378
1.28587
1.32533
1.35495
1.36787
1.38569
1.40963
1.42427
1.42817
1.42956
1.42814
1.4221
1.41237
1.40181
1.39148
1.38114
1.37009
1.35747
1.34646
1.34118
1.33519
1.32797
1.32359
1.32078
1.31761
1.31364
1.30611
1.29007
1.27781
1.27556
1.27451
1.27446
1.2783
1.28674
1.2916
1.29099
1.28957
1.28639
1.27726
1.26909
1.26886
1.26993
1.27261
1.28032
1.29699
1.30807
1.3131
1.31971
1.32654
1.33236
1.33938
1.34871
1.36131
1.37858
1.39107
1.40023
1.40693
1.41009
1.41589
1.42449
1.43081
1.43693
1.44622
1.46407
1.48969
1.50196
1.50404
1.504
1.49973
1.49254
1.48588
1.48014
1.47842
1.47982
1.48272
1.48837
1.50225
1.52233
1.52787
1.52596
1.52179
1.51528
1.50372
1.48699
1.47777
1.4754
1.47366
1.47248
1.47373
1.48286
1.49722
1.49975
1.49664
1.49284
1.4869
1.47359
1.44853
1.43176
1.42803
1.42553
1.42386
1.42492
1.43409
1.44311
1.44367
1.44304
1.44222
1.43891
1.43199
1.42745
1.42411
1.42024
1.41553
1.41002
1.40392
1.39612
1.3852
1.37792
1.3757
1.37459
1.37531
1.3806
1.38318
1.38132
1.37934
1.37737
1.37345
1.36304
1.35073
1.34682
1.34545
1.34453
1.3455
1.35291
1.3606
1.36074
1.35902
1.35565
1.34737
1.33598
1.33204
1.3317
1.33224
1.33512
1.34218
1.35488
1.36536
1.36819
1.36931
1.36919
1.36242
1.35126
1.35077
1.3544
1.3597
1.36792
1.38189
1.40433
1.43145
1.4487
1.45614
1.45949
1.46202
1.4706
1.48098
1.49329
1.50932
1.53088
1.55513
1.58689
1.63977
1.66802
1.67808
1.68769
1.69485
1.69932
1.70267
1.70902
1.72008
1.73518
1.7587
1.79238
1.80701
1.80799
1.80701
1.8041
1.79867
1.78987
1.77927
1.77743
1.78017
1.78435
1.79291
1.80806
1.81503
1.81273
1.80853
1.80116
1.78891
1.77844
1.77537
1.77384
1.77284
1.77516
1.78041
1.78123
1.77767
1.77262
1.76914
1.76727
1.76628
1.76599
1.76414
1.76036
1.75384
1.74081
1.72134
1.71004
1.70622
1.70333
1.7016
1.70352
1.70731
1.70489
1.7003
1.69491
1.68834
1.67649
1.65743
1.64861
1.64651
1.64491
1.64385
1.64549
1.64724
1.64376
1.63992
1.63625
1.63216
1.6251
1.60625
1.58355
1.57803
1.57621
1.57443
1.5732
1.57444
1.5798
1.57951
1.57702
1.57459
1.57202
1.56834
1.55663
1.53254
1.51782
1.51543
1.51368
1.5125
1.5145
1.52129
1.52295
1.52127
1.51955
1.51756
1.51458
1.50759
1.49155
1.47764
1.47389
1.47205
1.47076
1.47041
1.47058
1.47091
1.47088
1.46948
1.46761
1.46525
1.45934
1.44295
1.31506
1.36661
1.39436
1.44596
1.48798
1.49646
1.5139
1.51705
1.5154
1.52396
1.53336
1.54345
1.54856
1.54404
1.53081
1.50795
1.48621
1.4763
1.46933
1.46147
1.45397
1.44682
1.43872
1.42596
1.40274
1.38593
1.38042
1.37611
1.37355
1.3731
1.37105
1.36746
1.3625
1.35027
1.32312
1.30536
1.30185
1.29961
1.29952
1.30661
1.31173
1.31009
1.30751
1.30437
1.29697
1.28089
1.27018
1.26696
1.26535
1.26556
1.26985
1.27737
1.2787
1.27664
1.27419
1.26953
1.25892
1.25005
1.24767
1.24655
1.24711
1.24973
1.25171
1.25288
1.25318
1.25031
1.24988
1.25348
1.25911
1.26696
1.27987
1.29675
1.3065
1.31329
1.31849
1.3236
1.33074
1.34008
1.35122
1.36196
1.37226
1.38478
1.40513
1.4335
1.4477
1.45067
1.45157
1.44654
1.43874
1.43515
1.43259
1.43216
1.43434
1.43768
1.4434
1.45541
1.4702
1.47191
1.46832
1.46314
1.45719
1.45003
1.43931
1.42597
1.42055
1.4198
1.41917
1.41905
1.42514
1.4413
1.45176
1.45062
1.44677
1.44076
1.43035
1.41534
1.40463
1.39995
1.39651
1.39316
1.38977
1.38629
1.38209
1.37619
1.36866
1.36315
1.36116
1.36003
1.35994
1.36039
1.35976
1.35816
1.35577
1.3519
1.34485
1.33868
1.33709
1.33643
1.33727
1.34349
1.34989
1.34966
1.34774
1.34465
1.33671
1.32254
1.31589
1.31533
1.3153
1.31662
1.32174
1.33359
1.3448
1.34706
1.34705
1.34567
1.33858
1.32434
1.31821
1.3192
1.32174
1.32592
1.33357
1.34797
1.36201
1.36572
1.36656
1.36593
1.35966
1.34834
1.34412
1.34479
1.34719
1.35201
1.36141
1.37723
1.39894
1.41723
1.42412
1.42647
1.42468
1.42884
1.43762
1.44814
1.46241
1.48087
1.50612
1.54539
1.57536
1.58312
1.58789
1.59276
1.5984
1.60029
1.60477
1.61458
1.62643
1.64361
1.67083
1.70622
1.7269
1.72991
1.73107
1.73075
1.72518
1.71711
1.71549
1.71737
1.72295
1.73635
1.75478
1.76478
1.76505
1.76231
1.75822
1.75438
1.74909
1.74245
1.7384
1.7372
1.73502
1.73063
1.72466
1.71728
1.71028
1.70764
1.70678
1.70749
1.71299
1.71589
1.71396
1.71051
1.70509
1.6956
1.68214
1.67443
1.67223
1.67083
1.67026
1.67343
1.67767
1.6753
1.67076
1.66607
1.66022
1.64939
1.62966
1.61264
1.6076
1.60513
1.60281
1.60124
1.60154
1.60668
1.60744
1.60538
1.60341
1.60103
1.5954
1.57795
1.55321
1.54212
1.54022
1.53838
1.5373
1.53995
1.54866
1.55114
1.54914
1.54692
1.54437
1.5405
1.52855
1.50636
1.49465
1.49246
1.49132
1.49127
1.49226
1.49156
1.49014
1.48879
1.48738
1.48532
1.47984
1.46691
1.4538
1.44954
1.63603
1.66831
1.68353
1.68568
1.67644
1.64868
1.62899
1.6218
1.61731
1.62174
1.63553
1.63213
1.62131
1.60615
1.5786
1.54259
1.52853
1.52266
1.51948
1.52173
1.52078
1.51511
1.50839
1.49486
1.46777
1.45105
1.44658
1.44343
1.44291
1.4447
1.44219
1.43785
1.43158
1.41794
1.39189
1.37603
1.37167
1.36823
1.36651
1.3707
1.37131
1.36667
1.36171
1.35516
1.34223
1.32177
1.31009
1.30526
1.30154
1.29895
1.29635
1.2928
1.28929
1.28538
1.28045
1.27178
1.25466
1.24146
1.23809
1.23606
1.23554
1.23668
1.23764
1.23663
1.23381
1.22658
1.21627
1.21268
1.21153
1.21085
1.21128
1.21432
1.21484
1.21286
1.21032
1.20516
1.20199
1.20202
1.20319
1.2065
1.21217
1.22062
1.23417
1.24913
1.25499
1.25674
1.25568
1.25565
1.26112
1.26788
1.27567
1.28531
1.2965
1.31061
1.33226
1.35176
1.35625
1.35676
1.35599
1.35593
1.3576
1.35956
1.36071
1.36219
1.36516
1.36958
1.37748
1.39279
1.41254
1.42072
1.42022
1.41657
1.41029
1.40138
1.38878
1.37441
1.36765
1.36593
1.36501
1.36528
1.37054
1.37736
1.377
1.37346
1.36818
1.361
1.35173
1.34595
1.34491
1.34407
1.34301
1.34257
1.34095
1.33734
1.33173
1.32785
1.32671
1.32656
1.33053
1.33931
1.34127
1.34
1.33798
1.33321
1.32056
1.3067
1.30302
1.30224
1.30189
1.30289
1.3084
1.31941
1.32475
1.32428
1.32283
1.31895
1.30806
1.2975
1.29734
1.29957
1.30333
1.30981
1.32139
1.33671
1.34284
1.34373
1.34298
1.33753
1.32634
1.31768
1.31568
1.31527
1.31637
1.32101
1.33049
1.34192
1.34535
1.34451
1.3416
1.3328
1.31882
1.31278
1.31245
1.31394
1.31873
1.3279
1.34165
1.35563
1.36178
1.36474
1.36604
1.36075
1.36069
1.36725
1.37663
1.38975
1.40628
1.43178
1.46685
1.49113
1.5056
1.51403
1.52027
1.52769
1.5359
1.54642
1.55699
1.5678
1.58607
1.61911
1.64954
1.65557
1.65665
1.65665
1.6536
1.65193
1.65442
1.65467
1.6561
1.66244
1.67029
1.67539
1.67679
1.67495
1.67251
1.67146
1.67143
1.67302
1.67726
1.68557
1.69122
1.6907
1.6881
1.68201
1.66991
1.65772
1.65444
1.65365
1.65368
1.65832
1.66721
1.66842
1.66683
1.66443
1.65926
1.64583
1.62687
1.62031
1.61857
1.61679
1.61539
1.61617
1.62585
1.63298
1.63123
1.62787
1.62281
1.61157
1.5907
1.57367
1.56861
1.56684
1.56489
1.56378
1.56687
1.57981
1.58624
1.58485
1.58284
1.57996
1.5696
1.54525
1.5242
1.51829
1.51736
1.51672
1.51902
1.52494
1.5251
1.52307
1.52084
1.51818
1.51322
1.49892
1.47976
1.47078
1.46894
1.4698
1.81276
1.80792
1.79237
1.76307
1.727
1.70533
1.69687
1.69129
1.69152
1.69896
1.69368
1.685
1.67446
1.64999
1.61174
1.59717
1.59218
1.58895
1.59076
1.59348
1.58914
1.58344
1.57567
1.559
1.53229
1.51997
1.51562
1.51189
1.5104
1.50851
1.5034
1.49788
1.49002
1.47346
1.44895
1.43741
1.4327
1.42877
1.42651
1.42489
1.42046
1.41552
1.4103
1.40261
1.38652
1.36516
1.35659
1.3525
1.34851
1.34455
1.34037
1.33606
1.33176
1.32711
1.3209
1.30974
1.29102
1.27619
1.27036
1.26625
1.26226
1.25842
1.25466
1.25069
1.24585
1.23812
1.22659
1.21992
1.217
1.21481
1.21375
1.21201
1.20929
1.20683
1.20393
1.1979
1.19077
1.18848
1.18674
1.1848
1.18328
1.18329
1.18442
1.18315
1.17988
1.17432
1.1638
1.15453
1.15273
1.15268
1.15283
1.15403
1.15793
1.16632
1.17886
1.18621
1.18757
1.18625
1.1851
1.18842
1.19336
1.201
1.21161
1.2233
1.23438
1.24629
1.26327
1.28713
1.30364
1.30682
1.30595
1.30427
1.30678
1.30669
1.30161
1.3022
1.30365
1.30515
1.31056
1.32114
1.33228
1.33769
1.33949
1.33901
1.3367
1.33322
1.32684
1.31956
1.31802
1.31896
1.32413
1.33061
1.33109
1.32954
1.32582
1.32145
1.32026
1.32064
1.32367
1.32694
1.3268
1.32548
1.32294
1.31759
1.30683
1.29664
1.29242
1.29009
1.28883
1.29052
1.29773
1.30042
1.29925
1.29729
1.29413
1.28739
1.27781
1.27456
1.27571
1.27877
1.28371
1.29289
1.30807
1.31674
1.31837
1.3182
1.31375
1.30475
1.29854
1.29734
1.29771
1.29901
1.30182
1.3101
1.32159
1.32504
1.3245
1.32173
1.31374
1.29955
1.29162
1.2904
1.29006
1.29133
1.29554
1.30324
1.30718
1.30659
1.30469
1.30011
1.29088
1.28196
1.27942
1.27946
1.28129
1.28584
1.29406
1.30718
1.31768
1.32129
1.32311
1.32138
1.3197
1.3233
1.32952
1.33786
1.34837
1.36247
1.38423
1.41186
1.42515
1.42726
1.42683
1.42545
1.4306
1.43879
1.44565
1.45445
1.47325
1.49816
1.51243
1.52551
1.53373
1.54039
1.5499
1.55466
1.557
1.56227
1.57174
1.58927
1.60825
1.61447
1.6158
1.61383
1.60872
1.60596
1.60305
1.60209
1.60473
1.61309
1.62472
1.62872
1.62915
1.62823
1.62348
1.61297
1.60232
1.59911
1.5984
1.59755
1.59732
1.60412
1.61876
1.62185
1.61967
1.6153
1.60723
1.58956
1.57042
1.56566
1.56469
1.56368
1.56396
1.57218
1.58915
1.59649
1.59528
1.59282
1.58862
1.57835
1.55703
1.53802
1.53353
1.5321
1.53125
1.53657
1.55101
1.55474
1.55282
1.55077
1.54682
1.53687
1.51635
1.49945
1.49481
1.494
1.49364
1.49828
1.8767
1.85023
1.81115
1.78252
1.77365
1.76777
1.76555
1.76902
1.76846
1.76134
1.75368
1.7424
1.71775
1.68653
1.67617
1.67144
1.6676
1.66606
1.66534
1.66095
1.65482
1.64751
1.6368
1.61689
1.59389
1.58423
1.57893
1.57405
1.56955
1.56404
1.55821
1.55168
1.54277
1.52735
1.50772
1.49788
1.49285
1.48842
1.48487
1.4808
1.47586
1.47081
1.46508
1.45653
1.44033
1.42244
1.41494
1.41026
1.40575
1.40123
1.39654
1.39165
1.38644
1.3803
1.37135
1.35607
1.33711
1.32663
1.32136
1.31651
1.31154
1.30644
1.30123
1.29561
1.28872
1.27836
1.26482
1.25693
1.25281
1.24915
1.24597
1.2431
1.23963
1.23538
1.22979
1.21992
1.20645
1.20057
1.1979
1.19522
1.19192
1.18807
1.18398
1.17966
1.17395
1.16384
1.15082
1.14414
1.14217
1.14105
1.14056
1.14069
1.14316
1.14563
1.14431
1.14185
1.13766
1.12964
1.12114
1.11704
1.11554
1.11545
1.11574
1.11713
1.12118
1.12913
1.13844
1.14309
1.1443
1.14444
1.14077
1.13864
1.14107
1.14631
1.15171
1.15848
1.16828
1.17743
1.18772
1.20556
1.22342
1.22578
1.22804
1.23341
1.23552
1.23775
1.24283
1.24701
1.24992
1.25581
1.2688
1.28757
1.29371
1.29531
1.29724
1.29584
1.29191
1.29236
1.29268
1.29036
1.29017
1.29
1.28756
1.28262
1.27735
1.27225
1.26855
1.26779
1.27019
1.27589
1.27785
1.27728
1.27579
1.27199
1.26396
1.2559
1.25377
1.25382
1.25532
1.2599
1.27028
1.28359
1.28869
1.28982
1.28985
1.28549
1.27503
1.27098
1.27205
1.27384
1.27714
1.28435
1.29833
1.30792
1.30914
1.3089
1.30584
1.29683
1.28373
1.27764
1.27746
1.27838
1.28036
1.28425
1.29297
1.29892
1.29861
1.29677
1.2905
1.27648
1.26701
1.26527
1.26452
1.26425
1.26512
1.2695
1.27849
1.28355
1.28358
1.28193
1.27541
1.26242
1.25462
1.25287
1.25208
1.2524
1.25643
1.26416
1.27101
1.27381
1.2741
1.2724
1.26584
1.25917
1.25931
1.26246
1.26831
1.2774
1.29307
1.31353
1.32053
1.3235
1.33021
1.33861
1.34613
1.35343
1.36184
1.37233
1.3864
1.40855
1.43498
1.44217
1.44363
1.44883
1.45215
1.45491
1.4579
1.46154
1.46845
1.48312
1.50661
1.5145
1.51755
1.52315
1.52518
1.52343
1.51942
1.52041
1.52385
1.52768
1.53578
1.55604
1.57265
1.57457
1.57342
1.56816
1.55567
1.53937
1.53461
1.53528
1.53693
1.53971
1.54632
1.56204
1.57733
1.57931
1.57824
1.57487
1.56612
1.54557
1.52339
1.51796
1.5168
1.51634
1.52115
1.53896
1.54945
1.54854
1.54615
1.54264
1.53532
1.51855
1.50314
1.50016
1.49938
1.49947
1.50507
1.51697
1.91738
1.87445
1.85731
1.85042
1.84683
1.85002
1.85447
1.84915
1.84162
1.8322
1.81449
1.78265
1.76143
1.75507
1.75031
1.74718
1.743
1.73685
1.72991
1.72138
1.71172
1.70121
1.68881
1.6729
1.65584
1.64346
1.63458
1.62677
1.61989
1.61324
1.60633
1.59905
1.59095
1.58064
1.56739
1.55519
1.54689
1.54063
1.53507
1.5297
1.52431
1.51864
1.51201
1.50234
1.48575
1.46816
1.46012
1.45506
1.45012
1.44513
1.44004
1.43478
1.42894
1.42112
1.40735
1.38663
1.3741
1.36892
1.36433
1.3596
1.35477
1.34985
1.34474
1.33902
1.33144
1.31946
1.30615
1.29888
1.29415
1.28966
1.28532
1.2811
1.27673
1.27176
1.26512
1.25454
1.24055
1.23042
1.22481
1.22062
1.21655
1.21211
1.20725
1.20147
1.19157
1.17433
1.16402
1.16088
1.15806
1.15581
1.15476
1.15341
1.15071
1.1473
1.14347
1.13871
1.13098
1.11954
1.11192
1.10898
1.10719
1.1062
1.10579
1.10632
1.1098
1.11173
1.11009
1.10728
1.10278
1.09327
1.0798
1.07481
1.07386
1.07278
1.07209
1.07256
1.07313
1.07403
1.07606
1.07947
1.08427
1.08849
1.09033
1.09009
1.09079
1.0947
1.09912
1.10579
1.11382
1.12173
1.13374
1.15371
1.16179
1.16522
1.17115
1.17401
1.1766
1.18274
1.18975
1.19108
1.1955
1.207
1.21211
1.21207
1.21569
1.21986
1.21944
1.22132
1.22699
1.23355
1.23781
1.23792
1.23712
1.23454
1.23004
1.22854
1.22942
1.23191
1.23527
1.24113
1.25167
1.25897
1.25998
1.2598
1.2568
1.24772
1.23937
1.23921
1.24185
1.2466
1.25612
1.27326
1.28386
1.28608
1.287
1.2861
1.27899
1.26831
1.26303
1.26274
1.26452
1.26852
1.27637
1.28992
1.29744
1.29715
1.2947
1.28878
1.27558
1.26033
1.25613
1.25502
1.25417
1.25452
1.2598
1.2664
1.26756
1.26669
1.26455
1.25929
1.2474
1.23613
1.23246
1.23057
1.22963
1.23091
1.23621
1.23892
1.23882
1.23833
1.2358
1.2277
1.21958
1.21805
1.21797
1.21892
1.22291
1.23096
1.23766
1.23904
1.23887
1.23755
1.23238
1.22616
1.22583
1.2272
1.22966
1.23423
1.24303
1.25557
1.26459
1.26751
1.2693
1.26955
1.26408
1.26269
1.26637
1.27132
1.27862
1.29074
1.31185
1.32868
1.33178
1.33723
1.34503
1.34787
1.35134
1.35699
1.36408
1.37384
1.38919
1.41131
1.4284
1.43287
1.43328
1.4319
1.43232
1.43441
1.43676
1.43985
1.44528
1.45657
1.47798
1.49426
1.49721
1.49781
1.49712
1.49131
1.47572
1.46014
1.45789
1.45943
1.46315
1.47246
1.49333
1.51203
1.51434
1.51283
1.50859
1.49935
1.48309
1.47133
1.47042
1.47182
1.47494
1.48194
1.49707
1.50499
)
;

boundaryField
{
    inlet
    {
        type            calculated;
        value           nonuniform 0();
    }
    outlet
    {
        type            calculated;
        value           nonuniform List<scalar> 
16
(
1.2698
1.27619
1.2843
1.30562
1.33472
1.37236
1.40683
1.43084
1.44478
1.44281
1.44388
1.44931
1.46928
1.49712
1.5158
1.50495
)
;
    }
    bottom
    {
        type            symmetryPlane;
    }
    top
    {
        type            symmetryPlane;
    }
    obstacle
    {
        type            calculated;
        value           nonuniform List<scalar> 
288
(
0.934173
0.935132
0.936625
0.939343
0.945531
0.951378
0.953315
0.954268
0.954966
0.955502
0.956231
0.958462
0.963684
0.967493
0.967878
0.967671
0.965499
0.960241
0.957105
0.956619
0.956587
0.9586
0.962344
0.963632
0.963579
0.962372
0.960064
0.95911
0.958579
0.958646
0.96237
0.969238
0.970942
0.970664
0.969289
0.964923
0.959995
0.958893
0.958603
0.958598
0.960646
0.965781
0.968295
0.967926
0.966993
0.965538
0.96375
0.962223
0.961152
0.960286
0.959584
0.958793
0.958853
0.960558
0.963915
0.970109
0.980636
0.995655
1.01695
1.04147
1.06795
1.10046
1.13753
1.18126
1.23328
1.28922
1.35035
1.41239
1.47694
1.54316
1.60736
1.67224
1.73226
1.79079
1.84823
1.90274
1.95831
2.01111
2.05242
2.08491
2.11207
2.13226
2.1551
2.17734
2.19877
2.224
2.25187
2.27831
2.29881
2.31126
2.31978
2.3282
2.33609
2.33408
2.32397
2.30884
2.29136
2.27228
2.25069
2.22848
2.21333
2.20476
2.20046
2.20599
2.21482
2.20757
2.19599
2.18085
2.15866
2.1325
2.10778
2.08146
2.06119
2.05319
2.04731
2.04347
2.04557
2.0545
2.05572
2.05245
2.04877
2.04445
2.03554
2.01602
1.99323
1.98578
1.98399
1.98285
1.98251
1.98437
1.9921
2.00532
2.00911
2.00622
2.0021
1.99647
1.98715
1.97042
1.95018
1.94275
1.9407
1.93895
1.93744
1.93698
1.94057
1.94361
1.94074
1.93684
1.93172
1.92241
1.9036
1.88495
1.87861
1.87465
1.87147
1.87059
1.87539
1.87752
1.87419
1.86979
1.8634
1.85165
1.83463
1.82558
1.82039
1.8151
1.80993
1.8049
1.79999
1.79521
1.79074
1.78669
1.78284
1.77794
1.76851
1.75242
1.74252
1.73827
1.73435
1.72952
1.72439
1.7202
1.71644
1.71231
1.70834
1.70425
1.69748
1.68305
1.66993
1.66567
1.66267
1.66022
1.65937
1.65898
1.65643
1.65353
1.65043
1.64727
1.64363
1.63675
1.61909
1.5974
1.58934
1.58589
1.58272
1.58007
1.57904
1.57906
1.57701
1.57491
1.57246
1.56959
1.56654
1.56091
1.54788
1.53643
1.53215
1.52858
1.52426
1.52069
1.51802
1.5165
1.51557
1.51394
1.5117
1.50791
1.49641
1.47296
1.45427
1.44755
1.44417
1.44148
1.44021
1.4408
1.44625
1.45657
1.46322
1.46249
1.45911
1.45316
1.44407
1.42878
1.41032
1.40298
1.40052
1.39856
1.39752
1.39723
1.39602
1.39438
1.39219
1.38619
1.37124
1.35705
1.35273
1.35067
1.3488
1.34776
1.34758
1.34642
1.34458
1.34265
1.34075
1.33867
1.33559
1.32943
1.32328
1.32152
1.32055
1.32008
1.32019
1.31956
1.31846
1.31559
1.30471
1.28545
1.27542
1.27195
1.26862
1.26527
1.26396
1.26323
1.26269
1.26232
1.26218
1.26281
1.26566
1.27032
)
;
    }
    defaultFaces
    {
        type            empty;
    }
    procBoundary1to0
    {
        type            processor;
        value           nonuniform List<scalar> 8(0.937141 0.963433 1.00785 1.00851 0.985871 0.879812 0.767232 0.751809);
    }
    procBoundary1to2
    {
        type            processor;
        value           nonuniform List<scalar> 8(0.774021 0.844032 0.959955 1.25558 1.603 1.80752 1.89379 1.94968);
    }
    procBoundary1to3
    {
        type            processor;
        value           nonuniform List<scalar> 
288
(
1.95485
1.93776
1.93097
1.92704
1.93161
1.93675
1.93054
1.9223
1.91119
1.88858
1.85259
1.8346
1.82842
1.82416
1.82233
1.8168
1.80951
1.80156
1.78999
1.77021
1.7503
1.73923
1.731
1.7236
1.71613
1.70701
1.69411
1.67804
1.66598
1.65812
1.65112
1.64421
1.63761
1.63136
1.62478
1.61629
1.60371
1.59005
1.58133
1.57502
1.56903
1.56287
1.55601
1.54705
1.53307
1.51586
1.50572
1.49999
1.49478
1.48962
1.48436
1.47863
1.47133
1.45898
1.43923
1.42609
1.42067
1.41592
1.41111
1.40629
1.40143
1.39646
1.3912
1.38518
1.37699
1.36418
1.35079
1.34403
1.33961
1.33543
1.33134
1.32706
1.32225
1.31643
1.30824
1.29536
1.2807
1.27245
1.26765
1.26316
1.25836
1.25275
1.24486
1.23096
1.21509
1.20867
1.20512
1.2017
1.19854
1.19538
1.19183
1.18787
1.18346
1.17825
1.17091
1.1581
1.14272
1.13431
1.13106
1.12845
1.12604
1.1241
1.12239
1.12014
1.11745
1.11438
1.11064
1.10515
1.09682
1.08476
1.07237
1.06735
1.06521
1.06344
1.06231
1.06195
1.06282
1.06277
1.06036
1.05585
1.05247
1.05171
1.05084
1.04891
1.04543
1.03914
1.03436
1.03301
1.03267
1.03294
1.03487
1.03832
1.04035
1.04078
1.03964
1.03636
1.03668
1.0395
1.04544
1.05385
1.06159
1.07193
1.08494
1.08917
1.09317
1.10143
1.10828
1.11487
1.12299
1.1337
1.14506
1.15323
1.16012
1.16968
1.17514
1.17553
1.17758
1.18355
1.19307
1.20435
1.21106
1.21411
1.21566
1.21501
1.2089
1.202
1.20283
1.20469
1.20836
1.21632
1.231
1.24589
1.25022
1.25243
1.25398
1.25133
1.2444
1.24594
1.24953
1.25325
1.25862
1.26854
1.28422
1.2894
1.28825
1.28447
1.27718
1.26485
1.25238
1.24776
1.24669
1.24621
1.24622
1.25009
1.25891
1.26067
1.25911
1.25599
1.24826
1.23331
1.22362
1.2216
1.22028
1.21926
1.21982
1.22552
1.22948
1.22949
1.22923
1.2269
1.21768
1.20807
1.20602
1.20574
1.20547
1.20591
1.21035
1.21992
1.224
1.2237
1.22265
1.21942
1.20946
1.19898
1.19678
1.19637
1.19612
1.19744
1.20341
1.20843
1.20819
1.20721
1.20551
1.19975
1.18708
1.18004
1.17971
1.18033
1.18252
1.1881
1.19797
1.20423
1.20561
1.20689
1.20738
1.20413
1.2013
1.20302
1.2073
1.21365
1.22314
1.23596
1.24905
1.25513
1.2562
1.25715
1.26192
1.26705
1.27125
1.27625
1.28447
1.30056
1.3186
1.32322
1.32444
1.32469
1.32265
1.32117
1.32184
1.32509
1.33052
1.33811
1.35116
1.37587
1.39895
1.40346
1.40403
1.40329
1.39699
1.38515
1.37979
1.38101
1.38472
1.39173
1.40693
1.43061
1.44446
1.44373
)
;
    }
}


// ************************************************************************* //
