/*--------------------------------*- C++ -*----------------------------------*\
  =========                 |
  \\      /  F ield         | OpenFOAM: The Open Source CFD Toolbox
   \\    /   O peration     | Website:  https://openfoam.org
    \\  /    A nd           | Version:  7
     \\/     M anipulation  |
\*---------------------------------------------------------------------------*/
FoamFile
{
    version     2.0;
    format      ascii;
    class       volScalarField;
    location    "3.3";
    object      rho;
}
// * * * * * * * * * * * * * * * * * * * * * * * * * * * * * * * * * * * * * //

dimensions      [1 -3 0 0 0 0 0];

internalField   nonuniform List<scalar> 
4032
(
4.42986
3.45316
3.39084
3.40435
3.37604
3.35942
3.35404
3.36268
3.38917
3.41304
3.42675
3.43117
3.42985
3.42831
3.43632
3.45434
3.47928
3.50526
3.52943
3.54941
3.56446
3.5742
3.58074
3.58787
4.44582
3.44767
3.37322
3.39205
3.37002
3.35478
3.35071
3.36121
3.38773
3.41169
3.42551
3.42988
3.42758
3.42512
3.43181
3.44878
3.47323
3.49938
3.52379
3.54344
3.55737
3.56555
3.57047
3.57666
4.47112
3.43205
3.34923
3.37823
3.3619
3.34876
3.34548
3.35678
3.38194
3.40621
3.42105
3.426
3.42273
3.41925
3.42421
3.43967
3.46302
3.48891
3.51351
3.53288
3.5458
3.55284
3.55681
3.56302
4.50286
3.41226
3.32165
3.35897
3.35029
3.34222
3.34012
3.3506
3.37283
3.39681
3.4129
3.41893
3.41485
3.41029
3.41329
3.42694
3.44866
3.4737
3.4983
3.51745
3.52901
3.53352
3.53424
3.53738
4.54122
3.39155
3.2874
3.3329
3.33622
3.33563
3.33513
3.34403
3.36286
3.3848
3.40067
3.40721
3.40261
3.39732
3.39883
3.41078
3.43039
3.45326
3.47551
3.49122
3.49793
3.49934
3.49903
3.50639
4.58304
3.3695
3.25191
3.30204
3.31923
3.3267
3.32955
3.33748
3.35328
3.37199
3.38589
3.39131
3.38592
3.38027
3.3813
3.3918
3.40826
3.4274
3.44582
3.45821
3.46233
3.46299
3.46135
3.45359
4.62517
3.35355
3.21945
3.26748
3.29696
3.31336
3.32111
3.33006
3.34384
3.35895
3.36939
3.37208
3.36559
3.3599
3.36154
3.37044
3.38246
3.39653
3.40943
3.41505
3.40846
3.3891
3.36814
3.36259
4.66472
3.34604
3.19248
3.2314
3.26639
3.29116
3.30607
3.31878
3.33254
3.34469
3.35135
3.35067
3.34296
3.3381
3.34038
3.34598
3.35342
3.36132
3.3661
3.36244
3.34516
3.31457
3.26965
3.24818
4.69925
3.3465
3.17631
3.2
3.23003
3.26051
3.28308
3.30142
3.31723
3.32784
3.33193
3.32844
3.31982
3.31653
3.3182
3.31951
3.32163
3.3226
3.31851
3.30519
3.27151
3.20614
3.018
2.52631
4.72695
3.35101
3.16596
3.17961
3.19609
3.22499
3.25222
3.27612
3.29582
3.30762
3.31112
3.30606
3.29818
3.29634
3.29528
3.29325
3.28924
3.28191
3.26866
3.24284
3.19246
3.08916
2.89293
2.41665
4.74715
3.35735
3.16237
3.16721
3.16964
3.18853
3.21489
3.24202
3.26611
3.28213
3.28785
3.28364
3.27843
3.27711
3.27326
3.26784
3.25714
3.24146
3.21913
3.18082
3.11866
2.99883
2.80202
2.37506
4.761
3.36413
3.16235
3.15975
3.15303
3.15843
3.1751
3.20055
3.22807
3.25023
3.26124
3.26126
3.25955
3.25821
3.2529
3.24326
3.22607
3.20291
3.17189
3.12378
3.05157
2.93264
2.74577
2.40072
4.77002
3.36761
3.16409
3.15682
3.1414
3.13534
3.13851
3.15604
3.18329
3.2112
3.2302
3.23722
3.23925
3.23894
3.23349
3.21958
3.19634
3.16687
3.12868
3.07462
2.99657
2.88363
2.71838
2.45027
4.77513
3.36701
3.16655
3.15651
3.13454
3.11777
3.10857
3.11444
3.13595
3.16585
3.19303
3.20832
3.21492
3.21699
3.21248
3.19588
3.16803
3.13366
3.0909
3.0343
2.95495
2.8491
2.70741
2.49872
4.77635
3.36436
3.16854
3.15736
3.13086
3.10355
3.08303
3.07913
3.09159
3.11841
3.15002
3.17294
3.18381
3.18876
3.18654
3.17027
3.14071
3.10349
3.05867
3.00218
2.9254
2.82674
2.70478
2.53738
4.77366
3.36131
3.16911
3.15816
3.12873
3.09314
3.06254
3.05141
3.05439
3.07394
3.10433
3.13058
3.14443
3.15261
3.15405
3.14125
3.1135
3.07597
3.031
2.9761
2.90444
2.81354
2.70706
2.56971
4.76713
3.35886
3.16835
3.15807
3.12709
3.08728
3.04952
3.0315
3.02629
3.03694
3.06009
3.08473
3.09936
3.10954
3.11473
3.10758
3.08564
3.0507
3.007
2.95428
2.8887
2.80614
2.71298
2.59745
4.75762
3.35648
3.16646
3.15683
3.12495
3.08321
3.04102
3.01798
3.00781
3.009
3.02241
3.03998
3.05267
3.0627
3.07
3.06974
3.05577
3.02612
2.98511
2.93504
2.87551
2.80105
2.71956
2.62034
4.74583
3.35391
3.16402
3.15431
3.12183
3.07965
3.03553
3.00955
2.99543
2.9888
2.9922
3.00114
3.00901
3.01633
3.02421
3.02873
3.02175
2.99941
2.96309
2.91673
2.86296
2.79588
2.7241
2.63807
4.73214
3.35091
3.16164
3.15085
3.11772
3.0757
3.03041
3.00371
2.98694
2.97458
2.96894
2.9687
2.97112
2.97489
2.97997
2.98542
2.98315
2.96774
2.93763
2.89654
2.84881
2.78926
2.7256
2.65121
4.71675
3.34736
3.15961
3.14706
3.11282
3.07082
3.0256
2.9981
2.97988
2.96434
2.95256
2.94401
2.9395
2.9388
2.94022
2.9431
2.94164
2.93107
2.90736
2.87284
2.83193
2.78041
2.72463
2.65929
4.69979
3.34298
3.15798
3.14351
3.10783
3.0652
3.02064
2.99297
2.97347
2.95587
2.94093
2.9273
2.91609
2.90894
2.90597
2.90515
2.90185
2.89253
2.87354
2.84565
2.812
2.76866
2.72099
2.66235
4.681
3.33778
3.15694
3.14062
3.10318
3.05937
3.01557
2.98804
2.96752
2.94885
2.93196
2.91584
2.90068
2.88769
2.87867
2.87283
2.86676
2.85714
2.84116
2.81817
2.79024
2.75355
2.71268
2.66103
4.66089
3.33267
3.15651
3.13867
3.09927
3.05358
3.01073
2.98313
2.96201
2.94293
2.92519
2.90749
2.89027
2.87375
2.85944
2.84755
2.83734
2.82639
2.81241
2.79286
2.7689
2.73705
2.70065
2.65536
4.64008
3.32745
3.1562
3.13723
3.09608
3.04844
3.00647
2.97855
2.95707
2.938
2.9199
2.9013
2.88259
2.86419
2.84694
2.83034
2.81551
2.80117
2.78653
2.76852
2.74759
2.72
2.68732
2.64694
4.61954
3.32222
3.15582
3.13582
3.09326
3.04403
3.0024
2.97452
2.9525
2.93353
2.91546
2.8966
2.8774
2.85815
2.83942
2.8207
2.80229
2.7838
2.76607
2.74664
2.72613
2.70102
2.6717
2.63579
4.60006
3.31736
3.15559
3.13448
3.09071
3.04008
2.99838
2.97054
2.94794
2.929
2.91119
2.8927
2.87364
2.85415
2.83454
2.8144
2.79389
2.7723
2.75134
2.72952
2.70763
2.68263
2.6545
2.62122
4.5822
3.31348
3.15501
3.13257
3.08778
3.03592
2.99466
2.96658
2.9435
2.92444
2.90678
2.88864
2.86989
2.85025
2.82978
2.80774
2.78532
2.7624
2.74084
2.7189
2.69591
2.66919
2.63915
2.6053
4.56596
3.31052
3.15427
3.13032
3.08446
3.03183
2.99149
2.9633
2.9399
2.92054
2.90261
2.88425
2.8652
2.84501
2.82368
2.80087
2.77841
2.75713
2.73728
2.71588
2.69123
2.66137
2.6278
2.59141
4.55106
3.30824
3.1536
3.12796
3.08085
3.02808
2.98902
2.96112
2.93753
2.91769
2.89908
2.87996
2.86015
2.83944
2.81822
2.79659
2.77587
2.75633
2.73738
2.71533
2.68857
2.65618
2.61956
2.581
4.5371
3.30636
3.15311
3.12562
3.07724
3.02485
2.98719
2.95984
2.93619
2.91584
2.89637
2.87636
2.8559
2.8352
2.81479
2.79456
2.77524
2.7565
2.7375
2.7141
2.68483
2.65033
2.61297
2.57429
4.52392
3.30464
3.15265
3.1233
3.07379
3.02195
2.98566
2.9589
2.93531
2.91448
2.89417
2.87338
2.85253
2.83198
2.81214
2.79282
2.77448
2.75631
2.73654
2.71132
2.68007
2.64453
2.60771
2.5708
4.51156
3.30308
3.15205
3.12095
3.07042
3.01902
2.98393
2.95767
2.93423
2.91306
2.89207
2.87066
2.84953
2.82903
2.80947
2.79064
2.77269
2.75453
2.73382
2.70735
2.67538
2.64038
2.60433
2.56839
4.50021
3.30191
3.15129
3.11868
3.06714
3.016
2.98168
2.95578
2.93259
2.91131
2.88994
2.86817
2.84684
2.82627
2.80666
2.78788
2.76992
2.75163
2.73031
2.70356
2.67187
2.63722
2.60124
2.56488
4.48998
3.30127
3.15067
3.11688
3.0642
3.0132
2.97919
2.95342
2.93047
2.9093
2.88793
2.86616
2.84485
2.82412
2.80418
2.78521
2.76729
2.74917
2.72785
2.70109
2.66885
2.63341
2.59693
2.56062
4.48079
3.30104
3.15051
3.11597
3.06209
3.01108
2.97699
2.95101
2.9282
2.90733
2.88636
2.86501
2.84394
2.82316
2.80308
2.78418
2.76662
2.74863
2.72689
2.69894
2.6653
2.62943
2.59338
2.55843
4.47263
3.30103
3.1509
3.11602
3.06112
3.00992
2.97546
2.94894
2.9262
2.90578
2.88543
2.86472
2.84413
2.82376
2.80396
2.78525
2.76782
2.74963
2.72686
2.69724
2.663
2.62744
2.59223
2.559
4.46572
3.30096
3.1517
3.11674
3.06106
3.00959
2.97469
2.94748
2.92477
2.90484
2.88517
2.86521
2.84534
2.82563
2.80625
2.78765
2.76992
2.75095
2.727
2.69669
2.66262
2.62755
2.59319
2.56154
4.46047
3.30077
3.1526
3.1178
3.06154
3.00967
2.97441
2.94662
2.92388
2.90439
2.88535
2.86612
2.847
2.82794
2.80902
2.79043
2.77213
2.752
2.72689
2.69633
2.66275
2.62844
2.59508
2.56427
4.45717
3.30039
3.15322
3.1187
3.06226
3.01017
2.97461
2.94643
2.92352
2.90422
2.88556
2.86688
2.8484
2.82998
2.8115
2.79291
2.77398
2.75294
2.72729
2.69691
2.66391
2.63011
2.59706
2.56632
0.906952
0.409592
0.246472
0.263273
0.341036
0.505184
0.745269
0.924141
1.00235
1.11414
1.27327
1.37633
1.40897
1.44049
1.48845
1.53974
1.60929
1.66441
1.69089
1.6999
1.7155
1.74353
1.78248
1.80037
1.80085
1.79986
1.79944
1.8051
1.81037
1.8007
1.78446
1.76755
1.75453
1.74536
1.73741
1.72397
1.7091
1.69481
1.68254
1.6709
1.65593
1.63844
1.61696
1.59719
1.58333
1.57258
1.56676
1.56229
1.55474
1.54491
1.53395
1.52073
1.50382
1.4839
1.46194
1.44214
1.4265
1.41383
1.40266
1.39252
1.38208
1.37119
1.35982
1.34732
1.33342
1.31989
1.30745
1.29461
1.28007
1.26151
1.24049
1.22064
1.20392
1.19135
1.18114
1.17142
1.16179
1.1522
1.14263
1.13304
1.12313
1.11166
1.09485
1.07156
1.0511
1.03887
1.03039
1.02346
1.01759
1.01355
1.00935
1.00347
0.993406
0.972914
0.949577
0.932938
1.37226
0.954228
0.726639
0.617434
0.622708
0.662903
0.705025
0.787891
0.910784
1.03452
1.19679
1.32044
1.39511
1.46871
1.51766
1.55236
1.60038
1.66407
1.71099
1.7346
1.74763
1.76863
1.79279
1.81386
1.81836
1.81595
1.81223
1.81087
1.81543
1.81438
1.80288
1.78643
1.77084
1.75855
1.74864
1.73598
1.72096
1.70516
1.69041
1.67754
1.66523
1.65081
1.63399
1.61333
1.59376
1.58039
1.57024
1.56183
1.55202
1.5411
1.52966
1.51737
1.50376
1.48775
1.46978
1.45236
1.43626
1.42214
1.40985
1.39832
1.38683
1.37518
1.3626
1.34793
1.33104
1.31516
1.30306
1.29266
1.28092
1.2658
1.24902
1.2305
1.2099
1.19208
1.1805
1.17145
1.16271
1.15387
1.14468
1.13482
1.12353
1.10938
1.09256
1.07455
1.05753
1.04563
1.03652
1.0284
1.02087
1.01365
1.0064
0.999773
0.992369
0.978237
0.958787
0.937437
1.74338
1.37411
1.15266
0.976341
0.867037
0.831763
0.801827
0.822814
0.899091
1.00515
1.13027
1.2809
1.40719
1.51862
1.60823
1.64914
1.67702
1.70689
1.74378
1.78686
1.81493
1.83246
1.84622
1.85782
1.86784
1.86989
1.86476
1.85367
1.8464
1.84237
1.83738
1.82618
1.81103
1.79328
1.77929
1.76614
1.75204
1.73636
1.71785
1.69811
1.68199
1.66906
1.65719
1.64429
1.62856
1.60837
1.58799
1.57241
1.55935
1.54672
1.53364
1.51931
1.5028
1.48651
1.47371
1.46204
1.45057
1.43874
1.42637
1.41336
1.39995
1.3858
1.3703
1.35329
1.33547
1.31826
1.30231
1.28714
1.27431
1.26543
1.25647
1.24569
1.22841
1.20322
1.18331
1.17288
1.16491
1.15716
1.14901
1.13975
1.12785
1.11146
1.09014
1.07053
1.06079
1.05392
1.04687
1.03893
1.02998
1.02015
1.00917
0.995449
0.982179
0.973015
0.965191
0.949127
2.00534
1.69941
1.47564
1.31916
1.16936
1.05564
1.0076
0.988376
0.975199
0.981586
1.01056
1.11656
1.27065
1.42236
1.56516
1.67937
1.72426
1.75108
1.78376
1.83675
1.87513
1.89176
1.89274
1.89658
1.90468
1.91372
1.91376
1.90343
1.88815
1.88009
1.87606
1.87041
1.85856
1.83987
1.81753
1.80163
1.78735
1.77224
1.75542
1.73597
1.71557
1.69909
1.68614
1.67371
1.65988
1.64047
1.61495
1.59344
1.57838
1.56521
1.55192
1.53736
1.52141
1.50637
1.49322
1.4808
1.46872
1.45633
1.44287
1.42784
1.41203
1.39627
1.38064
1.36506
1.34871
1.32976
1.30867
1.29186
1.28133
1.27264
1.26461
1.25589
1.24494
1.22756
1.20273
1.18141
1.16942
1.16118
1.15346
1.14484
1.13358
1.11656
1.09607
1.08069
1.06976
1.06137
1.05481
1.04833
1.04099
1.03212
1.01854
0.999987
0.983088
0.971947
0.967171
0.957634
2.18016
1.9413
1.7212
1.55715
1.43214
1.30543
1.18859
1.13619
1.10596
1.07185
1.05301
1.0565
1.10539
1.22652
1.40987
1.59263
1.69174
1.73516
1.7854
1.85513
1.91325
1.93084
1.92929
1.92559
1.93296
1.94457
1.949
1.94158
1.92193
1.91023
1.90498
1.90349
1.8936
1.87736
1.85056
1.82748
1.81331
1.79989
1.78519
1.76854
1.74961
1.73132
1.71592
1.70192
1.68729
1.66851
1.64209
1.61563
1.5968
1.58171
1.56752
1.55369
1.5411
1.52981
1.51825
1.5058
1.49231
1.47736
1.46016
1.44024
1.42035
1.40297
1.38786
1.3739
1.35957
1.34329
1.32546
1.30994
1.29704
1.2852
1.27406
1.26369
1.25398
1.24363
1.22774
1.20597
1.18445
1.16875
1.15816
1.14845
1.13622
1.12173
1.1108
1.10239
1.09237
1.07895
1.06494
1.05733
1.05215
1.04395
1.02954
1.0101
0.992409
0.980704
0.974506
0.964482
2.29248
2.09674
1.91547
1.74112
1.61312
1.51302
1.40333
1.29556
1.24875
1.21456
1.17261
1.12875
1.11717
1.13377
1.20639
1.35221
1.53598
1.66693
1.75038
1.83471
1.90168
1.92881
1.93695
1.92965
1.93447
1.94464
1.95521
1.95189
1.93827
1.92337
1.91587
1.91169
1.90167
1.88824
1.86725
1.84161
1.82465
1.81066
1.7966
1.78186
1.76565
1.74827
1.73131
1.71555
1.70037
1.68331
1.66064
1.6351
1.6151
1.59934
1.58519
1.5723
1.56045
1.54916
1.53739
1.52421
1.50854
1.48975
1.46831
1.44648
1.4275
1.41163
1.39739
1.38354
1.36941
1.3548
1.34009
1.32552
1.31192
1.29902
1.28673
1.27539
1.26466
1.25256
1.23858
1.22363
1.20588
1.18401
1.16342
1.14703
1.13472
1.12678
1.12099
1.11616
1.10987
1.10089
1.08657
1.06792
1.05126
1.03913
1.02775
1.01641
1.00759
1.00021
0.990689
0.971484
2.37219
2.20456
2.0516
1.90105
1.76215
1.65874
1.57424
1.47827
1.38345
1.32739
1.28911
1.24283
1.19061
1.16245
1.16658
1.20114
1.30252
1.47021
1.63679
1.75156
1.84658
1.90869
1.93022
1.9315
1.92955
1.93444
1.94453
1.94679
1.94071
1.92724
1.91613
1.90835
1.90222
1.89051
1.87438
1.85243
1.82814
1.81134
1.7988
1.78557
1.77142
1.75635
1.74023
1.72366
1.706
1.68732
1.66677
1.64617
1.62837
1.61371
1.6012
1.58985
1.57847
1.5652
1.55035
1.53369
1.51342
1.48965
1.46556
1.44589
1.43062
1.41745
1.40478
1.39149
1.37716
1.36323
1.35147
1.34095
1.32837
1.31415
1.29862
1.28078
1.26105
1.24623
1.23882
1.23083
1.21733
1.19567
1.16892
1.1488
1.13919
1.13331
1.13081
1.12878
1.12248
1.11463
1.10267
1.08019
1.05271
1.03775
1.03203
1.02827
1.0231
1.0157
1.00399
0.980819
2.43218
2.289
2.152
2.02331
1.90138
1.78588
1.695
1.62072
1.53278
1.44511
1.39212
1.36064
1.31403
1.25337
1.20881
1.21093
1.22948
1.28235
1.39865
1.57014
1.71165
1.82821
1.90755
1.93278
1.92833
1.92182
1.92383
1.93239
1.93565
1.92826
1.91513
1.9037
1.89377
1.88392
1.87214
1.85583
1.83419
1.81177
1.79256
1.77655
1.76236
1.74865
1.73436
1.71763
1.69785
1.67886
1.66445
1.65196
1.63893
1.62481
1.60943
1.59296
1.57579
1.55934
1.54299
1.52615
1.50873
1.4883
1.46532
1.44686
1.43369
1.4218
1.40995
1.39783
1.38478
1.37061
1.35506
1.33747
1.32209
1.30838
1.29449
1.27913
1.2628
1.24726
1.23087
1.2175
1.20843
1.1976
1.17771
1.16011
1.14982
1.14168
1.13356
1.12543
1.11941
1.11536
1.10735
1.08932
1.062
1.04133
1.02914
1.02208
1.01624
1.00928
1.00063
0.990414
2.47908
2.35603
2.23599
2.11904
2.00997
1.90571
1.80126
1.72047
1.65291
1.57372
1.49512
1.44851
1.41251
1.36566
1.30841
1.25557
1.24221
1.25474
1.27982
1.3452
1.4906
1.65717
1.81038
1.9074
1.92751
1.91552
1.90881
1.91138
1.92325
1.92372
1.914
1.8983
1.88488
1.87355
1.86389
1.85273
1.83561
1.81138
1.7889
1.77115
1.75532
1.74004
1.72485
1.709
1.69135
1.67569
1.66472
1.65498
1.64386
1.62895
1.61022
1.59008
1.57164
1.55457
1.53795
1.52158
1.5043
1.48455
1.46529
1.45116
1.43918
1.42722
1.41472
1.40199
1.39036
1.37539
1.35293
1.33011
1.31395
1.30112
1.28809
1.27475
1.26161
1.24695
1.23073
1.21392
1.19821
1.18693
1.17895
1.16986
1.15996
1.14904
1.13705
1.12626
1.11696
1.10715
1.09633
1.08373
1.06674
1.04782
1.03155
1.01904
1.01093
1.00472
1.00182
1.00938
2.51751
2.40952
2.3028
2.19411
2.09206
1.99947
1.9032
1.80888
1.73897
1.67896
1.60932
1.5375
1.49006
1.45734
1.41544
1.35723
1.29943
1.27941
1.28333
1.28585
1.31547
1.42065
1.59571
1.77826
1.88927
1.91065
1.89884
1.89883
1.90721
1.91229
1.9057
1.89154
1.87792
1.86699
1.85614
1.8432
1.82845
1.80964
1.78771
1.76785
1.74955
1.73178
1.7146
1.69922
1.68677
1.67577
1.66371
1.64969
1.63422
1.61835
1.60149
1.58435
1.56752
1.55088
1.53399
1.51652
1.49868
1.48215
1.46765
1.45525
1.4431
1.43119
1.41994
1.40781
1.3905
1.36855
1.34486
1.32242
1.30392
1.29203
1.28298
1.27236
1.25943
1.24593
1.23187
1.21497
1.19666
1.18402
1.17719
1.17364
1.16747
1.15872
1.14739
1.13337
1.11722
1.10056
1.08589
1.07474
1.06591
1.05344
1.03765
1.02232
1.01432
1.01195
1.01381
1.06166
2.5479
2.45172
2.35529
2.25607
2.15759
2.06987
1.98613
1.89794
1.81702
1.75555
1.70123
1.63763
1.57053
1.5229
1.49106
1.45168
1.40092
1.34098
1.30511
1.2982
1.29975
1.30914
1.36731
1.51582
1.70619
1.85068
1.8858
1.8927
1.90071
1.89899
1.89146
1.88213
1.87181
1.8638
1.85241
1.83622
1.81741
1.80048
1.78434
1.76646
1.74707
1.72757
1.70915
1.69399
1.68247
1.67206
1.66027
1.64512
1.62594
1.60784
1.59327
1.57983
1.56594
1.551
1.53469
1.51629
1.49421
1.47769
1.46829
1.45874
1.44784
1.43538
1.42029
1.40149
1.38039
1.3588
1.33881
1.32064
1.30341
1.28738
1.27762
1.27058
1.26226
1.25019
1.23386
1.21593
1.2006
1.18812
1.17487
1.1624
1.15474
1.14811
1.13988
1.12766
1.11186
1.09493
1.0783
1.06265
1.05132
1.04505
1.04032
1.03186
1.02922
1.0343
1.06327
1.20278
2.57101
2.48413
2.39606
2.30501
2.21249
2.13062
2.05204
1.97341
1.89708
1.8249
1.76701
1.71777
1.65971
1.59636
1.54863
1.51836
1.4827
1.43218
1.37251
1.33528
1.31969
1.31328
1.30697
1.33031
1.43543
1.62068
1.79637
1.87314
1.88751
1.88231
1.87186
1.86607
1.86633
1.86259
1.85005
1.83145
1.81022
1.79394
1.77938
1.7638
1.74591
1.72644
1.70862
1.69344
1.67934
1.66505
1.65035
1.6341
1.61604
1.60041
1.58808
1.5769
1.56545
1.55244
1.53654
1.51647
1.49492
1.47701
1.46294
1.45208
1.44198
1.43076
1.41564
1.39559
1.37316
1.35156
1.33406
1.31969
1.30523
1.29084
1.27602
1.26209
1.25061
1.23972
1.22741
1.21515
1.20436
1.19161
1.17596
1.16091
1.14822
1.13724
1.12659
1.11454
1.10142
1.08794
1.07406
1.06047
1.04943
1.04319
1.04142
1.04298
1.06199
1.12211
1.22851
1.37916
2.58773
2.50878
2.42776
2.34367
2.25777
2.18083
2.1096
2.03353
1.96508
1.89787
1.82902
1.7747
1.7302
1.67631
1.61605
1.56808
1.5366
1.50258
1.45817
1.40596
1.35903
1.3369
1.32222
1.31053
1.31605
1.37389
1.53564
1.71663
1.84747
1.86088
1.85602
1.85542
1.85824
1.85572
1.84336
1.82446
1.80464
1.79103
1.777
1.76052
1.74296
1.72532
1.70842
1.6922
1.67621
1.66003
1.64281
1.62421
1.60789
1.59671
1.5867
1.57597
1.5637
1.54985
1.53459
1.51718
1.4988
1.47928
1.46134
1.44794
1.43585
1.42262
1.4073
1.3895
1.37016
1.35261
1.33697
1.32078
1.30479
1.28848
1.26964
1.25317
1.24147
1.23255
1.22523
1.21839
1.21
1.19901
1.18386
1.16379
1.14258
1.12515
1.11129
1.10005
1.0898
1.07994
1.07037
1.06254
1.05567
1.05363
1.06089
1.09748
1.18457
1.31768
1.40269
1.45636
2.59798
2.52608
2.45131
2.37426
2.29556
2.22445
2.15967
2.08815
2.01925
1.96014
1.89593
1.83088
1.7801
1.73759
1.6865
1.62916
1.58168
1.55051
1.52016
1.4802
1.42987
1.37995
1.3509
1.33065
1.31859
1.3093
1.33635
1.44409
1.63022
1.78191
1.82683
1.84635
1.84974
1.83689
1.82106
1.80669
1.79716
1.78785
1.77426
1.75594
1.73643
1.71948
1.70368
1.6884
1.67265
1.65444
1.6334
1.61533
1.60319
1.59335
1.58391
1.57326
1.56097
1.54718
1.53287
1.51847
1.5028
1.48382
1.46126
1.43915
1.42293
1.40911
1.39559
1.3827
1.37097
1.35911
1.34487
1.32738
1.30553
1.28086
1.26132
1.24797
1.23759
1.22802
1.21868
1.20922
1.2
1.18977
1.17682
1.15885
1.13751
1.11803
1.10086
1.08745
1.07902
1.07337
1.0693
1.07218
1.07899
1.10292
1.16863
1.27576
1.38889
1.44573
1.4753
1.4951
2.60234
2.53711
2.46865
2.39863
2.32738
2.26179
2.20248
2.13752
2.06905
2.00933
1.95286
1.89118
1.83052
1.7807
1.73962
1.69244
1.63944
1.59285
1.56131
1.53233
1.49462
1.44798
1.39849
1.36291
1.34066
1.32364
1.30976
1.31527
1.37744
1.53232
1.6952
1.80361
1.83277
1.82295
1.80391
1.79162
1.78281
1.7769
1.7664
1.74996
1.73148
1.71451
1.69706
1.67872
1.66121
1.64381
1.62545
1.61019
1.59967
1.5898
1.57842
1.56617
1.55441
1.54431
1.53431
1.52273
1.50744
1.48624
1.45781
1.43015
1.41057
1.39676
1.38578
1.37674
1.36956
1.36116
1.34952
1.33126
1.30215
1.27308
1.25531
1.24358
1.23393
1.22511
1.21595
1.20641
1.19672
1.18529
1.16963
1.15097
1.1318
1.11444
1.09859
1.08638
1.08027
1.07929
1.08115
1.10007
1.154
1.25286
1.36515
1.45471
1.49839
1.49637
1.50332
1.49955
2.60253
2.54383
2.48178
2.41819
2.35415
2.29408
2.2394
2.17852
2.11376
2.05373
1.99751
1.94208
1.88498
1.82716
1.77792
1.73965
1.69717
1.64837
1.60088
1.56644
1.538
1.50329
1.46092
1.41491
1.37575
1.3505
1.32971
1.31645
1.30535
1.33257
1.44208
1.60083
1.75109
1.7989
1.79178
1.78474
1.77752
1.76812
1.75428
1.73973
1.726
1.71105
1.69419
1.67425
1.65221
1.63295
1.61851
1.60755
1.59593
1.58171
1.56796
1.55667
1.54682
1.53714
1.52625
1.51342
1.49763
1.47694
1.45041
1.42424
1.40382
1.38969
1.38011
1.37313
1.36839
1.36184
1.35176
1.33285
1.30119
1.27048
1.25205
1.24209
1.23494
1.2279
1.21939
1.20948
1.19657
1.17909
1.15854
1.13914
1.12482
1.1125
1.10059
1.0931
1.09171
1.10104
1.14179
1.23305
1.34098
1.43215
1.50067
1.51813
1.51631
1.50865
1.50609
1.49812
2.5998
2.5467
2.49097
2.43368
2.37516
2.32024
2.27029
2.21319
2.14991
2.09361
2.03884
1.9824
1.9309
1.87787
1.8225
1.77483
1.73898
1.69989
1.65284
1.60414
1.56699
1.53884
1.50792
1.47127
1.4311
1.38985
1.35839
1.33452
1.31746
1.29878
1.3045
1.36125
1.51008
1.65372
1.7396
1.76158
1.77348
1.76508
1.74454
1.73068
1.72039
1.70727
1.69201
1.67222
1.6468
1.62625
1.61302
1.60212
1.58917
1.57198
1.55822
1.54861
1.53921
1.52897
1.51797
1.5061
1.49129
1.46944
1.44242
1.42012
1.40422
1.39063
1.37887
1.36977
1.36104
1.35112
1.33876
1.32104
1.29743
1.27595
1.25965
1.24295
1.22462
1.21412
1.2076
1.19986
1.18816
1.17218
1.15395
1.13458
1.11977
1.11332
1.11236
1.11716
1.14227
1.2128
1.32323
1.43178
1.49996
1.51029
1.5209
1.5239
1.52101
1.52065
1.5209
1.50873
2.59354
2.5456
2.49532
2.44342
2.39018
2.34072
2.29483
2.24149
2.18078
2.1269
2.077
2.02129
1.96686
1.91988
1.87061
1.81863
1.77176
1.73588
1.69805
1.65213
1.60428
1.566
1.53824
1.51115
1.4793
1.4426
1.40181
1.36367
1.33648
1.31429
1.3018
1.28626
1.31272
1.40778
1.55319
1.66226
1.73377
1.74027
1.72819
1.71486
1.70454
1.69789
1.68695
1.66926
1.64286
1.62288
1.60653
1.59111
1.5759
1.55902
1.54792
1.5399
1.53113
1.52044
1.50896
1.49679
1.4819
1.46006
1.43514
1.41887
1.40681
1.39541
1.38396
1.37096
1.3559
1.33931
1.32121
1.30445
1.29186
1.28097
1.26723
1.24821
1.22749
1.21038
1.19701
1.18585
1.17368
1.16073
1.14785
1.13568
1.1304
1.13098
1.14788
1.20434
1.30576
1.4144
1.48337
1.53502
1.55083
1.54922
1.53376
1.5329
1.53801
1.54376
1.53841
1.50835
2.58257
2.53944
2.49395
2.44705
2.39984
2.35547
2.31338
2.26386
2.20742
2.15383
2.10812
2.05766
2.00186
1.95146
1.90927
1.86361
1.81385
1.76656
1.72921
1.6922
1.64948
1.60484
1.5656
1.5368
1.51113
1.48179
1.44703
1.40887
1.36831
1.33564
1.31089
1.29453
1.27696
1.27715
1.32312
1.44696
1.58821
1.68319
1.69106
1.69742
1.69099
1.68031
1.66752
1.65276
1.63654
1.6207
1.60289
1.58233
1.56023
1.54456
1.53511
1.52716
1.51966
1.51035
1.49978
1.48727
1.47046
1.45013
1.43353
1.41964
1.40498
1.39061
1.37724
1.36231
1.34434
1.32548
1.30869
1.29484
1.28572
1.2792
1.27221
1.25865
1.2363
1.20787
1.18329
1.16825
1.15925
1.15102
1.14726
1.1531
1.16989
1.21661
1.3041
1.4237
1.49658
1.5413
1.55472
1.55933
1.56029
1.55421
1.54869
1.54964
1.55098
1.54631
1.53517
1.50045
2.56811
2.52849
2.4874
2.44571
2.40495
2.36553
2.32678
2.28002
2.22697
2.17689
2.13203
2.08778
2.03537
1.9808
1.93626
1.89837
1.85515
1.80648
1.75852
1.72037
1.68528
1.64661
1.60523
1.56487
1.53232
1.50544
1.4768
1.4441
1.40909
1.37292
1.33629
1.30728
1.28435
1.27229
1.25052
1.26889
1.34322
1.47702
1.58454
1.66261
1.67511
1.66797
1.65768
1.64268
1.63014
1.61883
1.6031
1.58113
1.55169
1.5326
1.52331
1.51592
1.50925
1.50096
1.49156
1.48006
1.46269
1.44297
1.4301
1.41868
1.40566
1.38864
1.3673
1.34694
1.33028
1.31642
1.30532
1.29569
1.28488
1.27214
1.25857
1.24517
1.22605
1.20253
1.18084
1.1658
1.15932
1.15759
1.16368
1.20664
1.29884
1.41628
1.51692
1.58478
1.59299
1.58151
1.56945
1.55822
1.55473
1.55533
1.55689
1.55818
1.55652
1.54974
1.53267
1.4953
2.55366
2.51577
2.47847
2.44203
2.40629
2.37172
2.33553
2.29059
2.2409
2.19452
2.15138
2.10553
2.05784
2.00734
1.96025
1.92103
1.88531
1.84376
1.79614
1.74849
1.71044
1.67718
1.64128
1.60162
1.56025
1.52296
1.49397
1.46757
1.43923
1.40773
1.37388
1.33721
1.30317
1.27434
1.25454
1.23459
1.22629
1.26608
1.36601
1.49867
1.5896
1.63503
1.6328
1.63256
1.63141
1.62205
1.60637
1.58313
1.55075
1.52447
1.51339
1.50585
1.50121
1.49462
1.48509
1.47321
1.45764
1.4412
1.42664
1.41295
1.3984
1.37937
1.35281
1.32978
1.31845
1.31156
1.30558
1.29708
1.28538
1.27101
1.25354
1.23138
1.21116
1.19674
1.18307
1.17274
1.17441
1.19716
1.27144
1.3988
1.51248
1.57249
1.61166
1.61803
1.60962
1.59081
1.56782
1.56008
1.55947
1.56625
1.57087
1.57062
1.56499
1.54979
1.52792
1.49577
2.54267
2.50575
2.47123
2.43838
2.40649
2.37482
2.33958
2.2967
2.2508
2.20711
2.16491
2.11971
2.07026
2.02279
1.98095
1.94119
1.905
1.87047
1.82918
1.7823
1.73663
1.69818
1.66478
1.62983
1.58952
1.54755
1.51049
1.47904
1.45038
1.42248
1.39462
1.36558
1.33315
1.29428
1.2604
1.23515
1.21909
1.20426
1.21592
1.26966
1.37833
1.49861
1.55057
1.58851
1.60532
1.60298
1.59351
1.57731
1.54864
1.51589
1.50093
1.49385
1.48905
1.482
1.47199
1.45973
1.44732
1.43543
1.42284
1.40953
1.39384
1.37303
1.34769
1.32672
1.31188
1.30085
1.29275
1.28793
1.2822
1.27041
1.24778
1.21797
1.20086
1.19557
1.19744
1.21683
1.27996
1.38501
1.52513
1.59781
1.62222
1.63397
1.64132
1.6358
1.61811
1.59558
1.57321
1.56636
1.56629
1.56937
1.57227
1.56995
1.56216
1.54611
1.52725
1.50357
2.53668
2.5011
2.46806
2.43686
2.40657
2.3755
2.34019
2.29927
2.25645
2.21393
2.17111
2.12599
2.07785
2.03196
1.99493
1.95979
1.9198
1.88255
1.84906
1.80958
1.76399
1.72098
1.68279
1.64696
1.61003
1.56826
1.5246
1.48876
1.46278
1.44141
1.42072
1.39654
1.36522
1.32613
1.28317
1.24757
1.22114
1.20134
1.18885
1.17093
1.18878
1.25908
1.37323
1.48757
1.55179
1.56827
1.56657
1.55607
1.53163
1.50524
1.48831
1.47772
1.46913
1.45928
1.4481
1.43845
1.43053
1.42154
1.41125
1.39904
1.38309
1.36307
1.34338
1.32681
1.31292
1.29926
1.2847
1.27145
1.26259
1.25288
1.23841
1.21743
1.20812
1.21561
1.26535
1.3776
1.50847
1.6065
1.67669
1.68381
1.67068
1.65479
1.63957
1.62756
1.61438
1.59849
1.58544
1.57476
1.57209
1.5733
1.57429
1.56971
1.55902
1.54346
1.53393
1.51548
2.53499
2.5009
2.4686
2.43814
2.40854
2.37729
2.34149
2.30168
2.25988
2.21685
2.17206
2.12633
2.08083
2.03879
2.00205
1.96945
1.93257
1.89381
1.8555
1.81876
1.78232
1.74305
1.7027
1.6638
1.62504
1.58361
1.54156
1.50536
1.47567
1.44901
1.42152
1.39094
1.35853
1.3281
1.29634
1.26544
1.2379
1.21286
1.1869
1.16392
1.13497
1.12906
1.16721
1.26574
1.38689
1.4747
1.52547
1.52893
1.51626
1.5022
1.48514
1.47111
1.4549
1.43645
1.42201
1.41629
1.41208
1.40591
1.39644
1.38525
1.37142
1.35309
1.33429
1.32115
1.30978
1.2966
1.28064
1.26374
1.25041
1.2434
1.23337
1.23179
1.26463
1.35372
1.49746
1.61117
1.67231
1.70884
1.71579
1.70469
1.67888
1.65503
1.63893
1.62589
1.61422
1.60287
1.59651
1.58508
1.57338
1.57186
1.57189
1.56779
1.55798
1.5486
1.54254
1.52315
2.53322
2.49974
2.46909
2.44058
2.41282
2.38236
2.34523
2.30386
2.26061
2.21605
2.17074
2.12585
2.083
2.0431
2.00721
1.97484
1.93861
1.89918
1.8603
1.82376
1.78634
1.74814
1.70893
1.66801
1.62698
1.59017
1.55845
1.52713
1.49376
1.45895
1.4251
1.3916
1.35703
1.32988
1.31078
1.29198
1.26819
1.23956
1.20384
1.16487
1.12963
1.10625
1.09691
1.11341
1.17106
1.26681
1.37532
1.43554
1.48132
1.48539
1.47874
1.46775
1.44961
1.42396
1.40237
1.39518
1.39177
1.38883
1.38229
1.37353
1.36224
1.34262
1.31515
1.30108
1.29228
1.28359
1.2743
1.26405
1.2501
1.24653
1.26957
1.346
1.47775
1.60783
1.7056
1.71269
1.71442
1.71333
1.70531
1.69074
1.67388
1.65793
1.6426
1.62933
1.61953
1.61067
1.59645
1.57979
1.57204
1.57143
1.56968
1.56555
1.56153
1.55729
1.55068
1.53025
2.5294
2.49657
2.46787
2.44491
2.42231
2.38983
2.34855
2.30479
2.26015
2.21521
2.17067
2.12753
2.08674
2.04833
2.01376
1.97903
1.94101
1.901
1.86033
1.82312
1.78696
1.7496
1.7112
1.67207
1.63409
1.59857
1.56452
1.53078
1.49535
1.4572
1.41947
1.38752
1.36107
1.33719
1.31234
1.28653
1.26037
1.23326
1.20532
1.17243
1.1387
1.11103
1.09106
1.07581
1.06881
1.08698
1.15427
1.24898
1.3538
1.41373
1.43642
1.43603
1.42882
1.40548
1.38176
1.37006
1.3674
1.36807
1.36801
1.36212
1.35257
1.33422
1.30455
1.27878
1.27034
1.26554
1.26662
1.2652
1.28474
1.34612
1.46639
1.60598
1.69816
1.75225
1.7582
1.75006
1.72597
1.7052
1.6899
1.67697
1.67059
1.66427
1.65477
1.64213
1.62557
1.60615
1.58705
1.57503
1.57195
1.57152
1.57125
1.57033
1.56837
1.5611
1.55046
1.52745
2.5262
2.49629
2.473
2.45494
2.43077
2.3926
2.34914
2.30412
2.25868
2.21488
2.17266
2.13166
2.09227
2.05672
2.023
1.98466
1.94459
1.90322
1.85976
1.81834
1.78188
1.74645
1.71044
1.67483
1.64019
1.60642
1.57229
1.53625
1.4972
1.45626
1.4177
1.38556
1.35935
1.33601
1.31262
1.28843
1.26263
1.23471
1.20426
1.17267
1.14411
1.11901
1.09368
1.06783
1.05071
1.03409
1.03244
1.06153
1.14209
1.2529
1.36066
1.39459
1.38509
1.37054
1.35955
1.3415
1.33379
1.33357
1.34253
1.34661
1.3403
1.3271
1.29995
1.27298
1.26513
1.26525
1.28167
1.3441
1.46009
1.59983
1.71002
1.76328
1.76779
1.76737
1.76231
1.74534
1.72025
1.69851
1.68627
1.67815
1.67163
1.66613
1.65964
1.64812
1.62725
1.60124
1.58001
1.57374
1.57384
1.57536
1.57761
1.5773
1.57177
1.5598
1.54686
1.52431
2.52667
2.50043
2.48105
2.46393
2.43321
2.39109
2.34658
2.30113
2.25728
2.21521
2.17454
2.1355
2.0995
2.06806
2.03303
1.99262
1.95018
1.90515
1.85817
1.81296
1.77559
1.74303
1.71027
1.67714
1.64395
1.60992
1.57434
1.53653
1.49631
1.45517
1.41767
1.38684
1.36093
1.33636
1.3113
1.28504
1.25724
1.2286
1.20116
1.17666
1.15257
1.1257
1.09644
1.06841
1.04308
1.02208
1.00562
0.998035
1.01056
1.06041
1.16158
1.2508
1.31179
1.34511
1.34111
1.32175
1.31358
1.30685
1.30534
1.30891
1.30496
1.30051
1.29398
1.28059
1.28802
1.3326
1.43399
1.57103
1.68427
1.76465
1.7943
1.80266
1.79206
1.7705
1.75192
1.7344
1.71139
1.6907
1.68061
1.67366
1.66765
1.66144
1.65258
1.64106
1.62234
1.59941
1.5848
1.57826
1.57601
1.57662
1.5765
1.57377
1.56745
1.55664
1.54461
1.52355
2.52994
2.50661
2.48907
2.46876
2.43211
2.38901
2.34302
2.29758
2.25503
2.21399
2.17502
2.13958
2.10995
2.08038
2.04169
2.00099
1.95721
1.90884
1.85824
1.8112
1.77313
1.74074
1.70964
1.67712
1.64418
1.61034
1.5749
1.53727
1.49743
1.45741
1.42099
1.38905
1.36026
1.33298
1.30583
1.27844
1.25134
1.22563
1.20165
1.17897
1.15604
1.13106
1.10121
1.06866
1.03938
1.01673
1.00166
0.989553
0.977951
0.974466
0.99567
1.0511
1.14572
1.22269
1.26003
1.29586
1.30199
1.29677
1.28642
1.27711
1.27802
1.28441
1.30494
1.35531
1.44223
1.56513
1.67625
1.7527
1.76602
1.78135
1.79535
1.79298
1.78452
1.76948
1.75258
1.73254
1.70524
1.68393
1.67519
1.66873
1.66313
1.65674
1.64692
1.63402
1.61702
1.603
1.59429
1.58802
1.58417
1.57769
1.57171
1.5681
1.56343
1.55527
1.54521
1.52513
2.53436
2.5127
2.49571
2.47068
2.43055
2.38698
2.34073
2.29525
2.25206
2.21096
2.17378
2.14358
2.12097
2.09079
2.05075
2.00897
1.96409
1.91443
1.86131
1.81264
1.77267
1.73867
1.70744
1.67554
1.64313
1.61027
1.57627
1.54058
1.50296
1.46352
1.42356
1.38678
1.35499
1.32668
1.29988
1.27391
1.24907
1.22584
1.20401
1.18264
1.15951
1.1317
1.09846
1.06538
1.03951
1.02059
1.0045
0.988971
0.972785
0.95719
0.943398
0.941968
0.969942
1.03868
1.12062
1.18727
1.23571
1.27649
1.27367
1.27129
1.28809
1.3379
1.4315
1.55742
1.67576
1.76011
1.7967
1.79859
1.79242
1.77904
1.77634
1.77093
1.76699
1.7578
1.74354
1.72393
1.70122
1.68483
1.67545
1.66643
1.65715
1.64887
1.64014
1.62769
1.61403
1.60702
1.60063
1.59349
1.58339
1.57315
1.56865
1.56649
1.56276
1.55461
1.54468
1.52476
2.53772
2.51713
2.50027
2.47132
2.42965
2.38557
2.33919
2.29243
2.24801
2.20748
2.17172
2.14647
2.12946
2.09748
2.05738
2.01566
1.9703
1.9199
1.8659
1.81501
1.77272
1.737
1.70482
1.67386
1.64245
1.611
1.57905
1.54589
1.51002
1.469
1.42372
1.3823
1.34962
1.32236
1.2973
1.27336
1.25081
1.22967
1.20857
1.18609
1.16015
1.12905
1.09529
1.06507
1.04275
1.02507
1.0079
0.990387
0.973359
0.953607
0.933839
0.918661
0.910087
0.918267
0.953822
1.0352
1.11829
1.19381
1.2535
1.3306
1.43432
1.53606
1.62843
1.71214
1.78151
1.81377
1.81301
1.78813
1.77094
1.76445
1.76724
1.77162
1.76388
1.75413
1.73901
1.71779
1.7012
1.68964
1.6797
1.66984
1.65812
1.64553
1.63601
1.62946
1.62293
1.61543
1.60839
1.60009
1.58321
1.57112
1.56991
1.56876
1.56678
1.55898
1.54945
1.52986
2.54002
2.52034
2.5032
2.47137
2.42881
2.38371
2.33603
2.28928
2.247
2.20743
2.17304
2.15187
2.13696
2.10376
2.06349
2.02142
1.97533
1.92365
1.86786
1.81492
1.77192
1.73591
1.70277
1.67179
1.64147
1.61149
1.58169
1.55117
1.51693
1.47405
1.4232
1.37846
1.34604
1.3198
1.29602
1.27401
1.2537
1.23377
1.21284
1.18936
1.16096
1.12654
1.09229
1.06539
1.04579
1.02843
1.01038
0.991694
0.973415
0.954592
0.934971
0.916364
0.895032
0.880293
0.879042
0.901331
0.973138
1.09139
1.26912
1.4494
1.60111
1.74075
1.85785
1.91547
1.91059
1.88209
1.82952
1.76673
1.74951
1.74922
1.75569
1.76158
1.75411
1.74534
1.73198
1.71196
1.6966
1.68652
1.67798
1.6683
1.65608
1.64255
1.63273
1.62539
1.61786
1.61008
1.60356
1.5968
1.58122
1.56805
1.56549
1.56298
1.56008
1.55248
1.54292
1.52319
)
;

boundaryField
{
    inlet
    {
        type            calculated;
        value           uniform 1.40001;
    }
    outlet
    {
        type            calculated;
        value           nonuniform List<scalar> 
32
(
0.9327
0.937493
0.949122
0.957167
0.963866
0.971768
0.981424
0.990166
1.00864
1.06172
1.20427
1.38087
1.45626
1.49387
1.49867
1.49759
1.50816
1.50911
1.50165
1.49621
1.49601
1.50322
1.51503
1.5227
1.52999
1.52736
1.52416
1.52336
1.52492
1.52457
1.52968
1.52302
)
;
    }
    bottom
    {
        type            symmetryPlane;
    }
    top
    {
        type            symmetryPlane;
    }
    obstacle
    {
        type            calculated;
        value           nonuniform List<scalar> 
104
(
3.58787
3.57666
3.56302
3.53738
3.50639
3.45359
3.36259
3.24818
0.906952
0.409592
0.246472
0.263273
0.341036
0.505184
0.745269
0.924141
1.00235
1.11414
1.27327
1.37633
1.40897
1.44049
1.48845
1.53974
1.60929
1.66441
1.69089
1.6999
1.7155
1.74353
1.78248
1.80037
1.80085
1.79986
1.79944
1.8051
1.81037
1.8007
1.78446
1.76755
1.75453
1.74536
1.73741
1.72397
1.7091
1.69481
1.68254
1.6709
1.65593
1.63844
1.61696
1.59719
1.58333
1.57258
1.56676
1.56229
1.55474
1.54491
1.53395
1.52073
1.50382
1.4839
1.46194
1.44214
1.4265
1.41383
1.40266
1.39252
1.38208
1.37119
1.35982
1.34732
1.33342
1.31989
1.30745
1.29461
1.28007
1.26151
1.24049
1.22064
1.20392
1.19135
1.18114
1.17142
1.16179
1.1522
1.14263
1.13304
1.12313
1.11166
1.09485
1.07156
1.0511
1.03887
1.03039
1.02346
1.01759
1.01355
1.00935
1.00347
0.993406
0.972914
0.949577
0.932938
)
;
    }
    defaultFaces
    {
        type            empty;
    }
}


// ************************************************************************* //
