/*--------------------------------*- C++ -*----------------------------------*\
  =========                 |
  \\      /  F ield         | OpenFOAM: The Open Source CFD Toolbox
   \\    /   O peration     | Website:  https://openfoam.org
    \\  /    A nd           | Version:  7
     \\/     M anipulation  |
\*---------------------------------------------------------------------------*/
FoamFile
{
    version     2.0;
    format      ascii;
    class       volVectorField;
    location    "3.2";
    object      U;
}
// * * * * * * * * * * * * * * * * * * * * * * * * * * * * * * * * * * * * * //

dimensions      [0 1 -1 0 0 0 0];

internalField   nonuniform List<vector> 
1008
(
(1.4841 -0.146565 0)
(1.41958 -0.0311128 0)
(1.40127 0.00780076 0)
(1.39257 0.037099 0)
(1.39584 0.0628635 0)
(1.39499 0.0731367 0)
(1.39865 0.0771841 0)
(1.40713 0.0811054 0)
(1.41674 0.0851474 0)
(1.42594 0.0900937 0)
(1.43713 0.0965993 0)
(1.44797 0.102704 0)
(1.45714 0.107488 0)
(1.46306 0.112249 0)
(1.46487 0.117981 0)
(1.46521 0.124207 0)
(1.46853 0.130683 0)
(1.47427 0.135827 0)
(1.48154 0.139587 0)
(1.48988 0.141835 0)
(1.49863 0.142811 0)
(1.50711 0.143114 0)
(1.51394 0.143239 0)
(1.51921 0.145157 0)
(1.52512 0.151388 0)
(1.53156 0.160588 0)
(1.53699 0.169606 0)
(1.54242 0.175873 0)
(1.54864 0.178851 0)
(1.55508 0.177628 0)
(1.5618 0.174764 0)
(1.56883 0.172761 0)
(1.57614 0.172836 0)
(1.58436 0.175136 0)
(1.59357 0.178963 0)
(1.60268 0.18412 0)
(1.61071 0.189608 0)
(1.61763 0.192745 0)
(1.62341 0.194851 0)
(1.62618 0.196416 0)
(1.62852 0.196843 0)
(1.63365 0.197519 0)
(1.64125 0.198554 0)
(1.65112 0.199903 0)
(1.6607 0.199335 0)
(1.66966 0.196584 0)
(1.679 0.196931 0)
(1.68523 0.20185 0)
(1.68528 0.212732 0)
(1.68568 0.216637 0)
(1.69202 0.214882 0)
(1.69812 0.211129 0)
(1.69428 0.194307 0)
(1.67727 0.148992 0)
(1.64246 0.0736982 0)
(1.59427 -0.0165931 0)
(1.53359 -0.123558 0)
(1.52149 -0.144746 0)
(1.50303 -0.147946 0)
(1.49686 -0.150074 0)
(1.49942 -0.148528 0)
(1.50627 -0.147618 0)
(1.51522 -0.147199 0)
(1.55857 -0.268525 0)
(1.52259 -0.196446 0)
(1.48079 -0.104622 0)
(1.42351 0.00541821 0)
(1.41297 0.0544767 0)
(1.41291 0.0720921 0)
(1.41186 0.0775987 0)
(1.41159 0.0856976 0)
(1.4222 0.0918218 0)
(1.43468 0.0989244 0)
(1.44522 0.103408 0)
(1.45631 0.107035 0)
(1.46563 0.111488 0)
(1.47018 0.117128 0)
(1.47107 0.125293 0)
(1.47357 0.133107 0)
(1.4784 0.13747 0)
(1.48411 0.141226 0)
(1.48942 0.145709 0)
(1.49385 0.149931 0)
(1.50037 0.152872 0)
(1.50867 0.15424 0)
(1.51751 0.155074 0)
(1.52619 0.157528 0)
(1.53434 0.163831 0)
(1.5419 0.171585 0)
(1.54792 0.179317 0)
(1.55022 0.186282 0)
(1.54996 0.189355 0)
(1.55237 0.187868 0)
(1.55895 0.185638 0)
(1.56792 0.184966 0)
(1.57821 0.186322 0)
(1.58883 0.189546 0)
(1.59875 0.195168 0)
(1.60756 0.201235 0)
(1.61458 0.206334 0)
(1.61877 0.209884 0)
(1.62087 0.207933 0)
(1.62364 0.204363 0)
(1.62894 0.204741 0)
(1.63561 0.207413 0)
(1.64274 0.210811 0)
(1.65005 0.213566 0)
(1.65728 0.216085 0)
(1.6675 0.217226 0)
(1.67758 0.218419 0)
(1.6875 0.220084 0)
(1.69594 0.220914 0)
(1.69387 0.224404 0)
(1.68691 0.209695 0)
(1.67481 0.181971 0)
(1.64272 0.116871 0)
(1.60248 0.0278483 0)
(1.54083 -0.086224 0)
(1.52512 -0.118255 0)
(1.51894 -0.132962 0)
(1.50668 -0.138272 0)
(1.50126 -0.138052 0)
(1.49904 -0.139705 0)
(1.50023 -0.138729 0)
(1.50422 -0.136577 0)
(1.5117 -0.136758 0)
(1.57806 -0.288977 0)
(1.57641 -0.271591 0)
(1.5652 -0.234648 0)
(1.51991 -0.144316 0)
(1.48385 -0.0455074 0)
(1.45674 0.0283386 0)
(1.42179 0.085313 0)
(1.41534 0.092926 0)
(1.42734 0.105667 0)
(1.43969 0.116351 0)
(1.44879 0.116989 0)
(1.45996 0.118017 0)
(1.47128 0.121378 0)
(1.47756 0.126537 0)
(1.47899 0.133111 0)
(1.48362 0.140077 0)
(1.48891 0.145002 0)
(1.49402 0.149534 0)
(1.49764 0.154625 0)
(1.49852 0.159908 0)
(1.50171 0.163489 0)
(1.50851 0.166293 0)
(1.51708 0.169784 0)
(1.52736 0.174135 0)
(1.53807 0.178427 0)
(1.54879 0.181576 0)
(1.55719 0.186828 0)
(1.55733 0.192382 0)
(1.55207 0.195825 0)
(1.55482 0.198928 0)
(1.56393 0.201824 0)
(1.57281 0.203764 0)
(1.58214 0.203878 0)
(1.59374 0.204506 0)
(1.60504 0.206452 0)
(1.61629 0.209468 0)
(1.62268 0.21374 0)
(1.62154 0.217498 0)
(1.6194 0.218854 0)
(1.62586 0.21803 0)
(1.6343 0.215861 0)
(1.64348 0.216871 0)
(1.65131 0.220853 0)
(1.65641 0.226356 0)
(1.66018 0.233098 0)
(1.6673 0.235112 0)
(1.67662 0.234598 0)
(1.68454 0.23285 0)
(1.68932 0.228465 0)
(1.67858 0.202076 0)
(1.64962 0.142447 0)
(1.60683 0.0577955 0)
(1.5531 -0.0319777 0)
(1.52861 -0.0809274 0)
(1.5116 -0.109324 0)
(1.50846 -0.128603 0)
(1.50306 -0.1359 0)
(1.50081 -0.137136 0)
(1.49783 -0.135677 0)
(1.49761 -0.133166 0)
(1.50174 -0.128864 0)
(1.50582 -0.125704 0)
(1.50988 -0.126675 0)
(1.57826 -0.274714 0)
(1.59165 -0.270048 0)
(1.59621 -0.267091 0)
(1.59015 -0.246775 0)
(1.57161 -0.189407 0)
(1.52923 -0.0966078 0)
(1.47836 -0.00288505 0)
(1.46719 0.0394496 0)
(1.44787 0.0928345 0)
(1.45094 0.124462 0)
(1.4572 0.127517 0)
(1.46549 0.129526 0)
(1.47339 0.133325 0)
(1.47723 0.136112 0)
(1.48116 0.140885 0)
(1.48957 0.147632 0)
(1.49723 0.154596 0)
(1.50365 0.161787 0)
(1.5062 0.167789 0)
(1.50397 0.172751 0)
(1.50451 0.176874 0)
(1.51142 0.180055 0)
(1.52062 0.185708 0)
(1.52978 0.191537 0)
(1.54049 0.19343 0)
(1.55086 0.194486 0)
(1.55818 0.195801 0)
(1.55843 0.198361 0)
(1.55496 0.203363 0)
(1.5595 0.209858 0)
(1.56708 0.21593 0)
(1.57445 0.22109 0)
(1.58407 0.225032 0)
(1.59365 0.225482 0)
(1.60483 0.223108 0)
(1.6153 0.222417 0)
(1.62509 0.223028 0)
(1.62796 0.224196 0)
(1.6243 0.229143 0)
(1.62659 0.234212 0)
(1.63513 0.23838 0)
(1.64457 0.239152 0)
(1.65486 0.238233 0)
(1.66517 0.239022 0)
(1.67036 0.24387 0)
(1.67047 0.245275 0)
(1.67697 0.240609 0)
(1.67344 0.225886 0)
(1.65326 0.177539 0)
(1.61315 0.093547 0)
(1.5668 0.00228263 0)
(1.54438 -0.0550753 0)
(1.50866 -0.103645 0)
(1.49731 -0.120433 0)
(1.49287 -0.114698 0)
(1.49827 -0.119533 0)
(1.49836 -0.124161 0)
(1.49637 -0.125863 0)
(1.49607 -0.124748 0)
(1.49938 -0.12323 0)
(1.50544 -0.120477 0)
(1.50903 -0.117889 0)
(1.50769 -0.117488 0)
(1.56502 -0.239793 0)
(1.58726 -0.252288 0)
(1.6033 -0.256584 0)
(1.61041 -0.254673 0)
(1.61168 -0.247722 0)
(1.59916 -0.215119 0)
(1.56897 -0.147621 0)
(1.52885 -0.0519658 0)
(1.48117 0.0455637 0)
(1.48432 0.0824831 0)
(1.48399 0.116525 0)
(1.47954 0.129623 0)
(1.47442 0.138915 0)
(1.47934 0.146974 0)
(1.48733 0.151146 0)
(1.49612 0.155504 0)
(1.50458 0.161472 0)
(1.51109 0.169446 0)
(1.51217 0.17685 0)
(1.50883 0.183199 0)
(1.51003 0.189813 0)
(1.51702 0.193538 0)
(1.52538 0.199607 0)
(1.53517 0.202748 0)
(1.54523 0.204998 0)
(1.55351 0.20715 0)
(1.5591 0.208676 0)
(1.56054 0.209187 0)
(1.56084 0.213209 0)
(1.56645 0.220145 0)
(1.57459 0.225625 0)
(1.58272 0.231831 0)
(1.58931 0.238526 0)
(1.59656 0.243606 0)
(1.60559 0.243632 0)
(1.6145 0.237117 0)
(1.6231 0.232667 0)
(1.63015 0.233044 0)
(1.6339 0.238365 0)
(1.63608 0.248156 0)
(1.63768 0.255943 0)
(1.64298 0.258706 0)
(1.6529 0.258107 0)
(1.66039 0.255458 0)
(1.66774 0.254125 0)
(1.66559 0.2394 0)
(1.65394 0.205322 0)
(1.61054 0.125461 0)
(1.58176 0.0450125 0)
(1.53011 -0.0446621 0)
(1.49849 -0.101044 0)
(1.49466 -0.105261 0)
(1.49912 -0.112011 0)
(1.49768 -0.109945 0)
(1.49509 -0.108046 0)
(1.4931 -0.107375 0)
(1.49281 -0.108487 0)
(1.49452 -0.11109 0)
(1.49749 -0.112457 0)
(1.50305 -0.112406 0)
(1.50923 -0.111454 0)
(1.51045 -0.110332 0)
(1.50782 -0.107331 0)
(1.55777 -0.208993 0)
(1.57493 -0.216808 0)
(1.59489 -0.226062 0)
(1.61291 -0.235112 0)
(1.62088 -0.239117 0)
(1.61638 -0.236801 0)
(1.62008 -0.214657 0)
(1.61048 -0.182918 0)
(1.57297 -0.103772 0)
(1.54707 -0.0114837 0)
(1.50957 0.0903697 0)
(1.49377 0.124682 0)
(1.48995 0.131695 0)
(1.49201 0.145903 0)
(1.4981 0.158581 0)
(1.50373 0.162748 0)
(1.51279 0.167474 0)
(1.51981 0.175987 0)
(1.52008 0.18491 0)
(1.51637 0.192883 0)
(1.51485 0.198856 0)
(1.5213 0.202207 0)
(1.53008 0.205789 0)
(1.54033 0.209766 0)
(1.54983 0.21442 0)
(1.55679 0.21976 0)
(1.55933 0.224309 0)
(1.55901 0.226931 0)
(1.56484 0.227819 0)
(1.574 0.22932 0)
(1.584 0.233341 0)
(1.59224 0.240128 0)
(1.59799 0.247842 0)
(1.60125 0.254889 0)
(1.60416 0.257971 0)
(1.61209 0.257339 0)
(1.62139 0.25388 0)
(1.63128 0.250879 0)
(1.64161 0.252607 0)
(1.65085 0.25789 0)
(1.64908 0.269509 0)
(1.64692 0.271843 0)
(1.65259 0.27045 0)
(1.65308 0.262023 0)
(1.64611 0.233718 0)
(1.61517 0.164758 0)
(1.571 0.0694196 0)
(1.5337 -0.0153828 0)
(1.51072 -0.0704136 0)
(1.49894 -0.0827807 0)
(1.49192 -0.0854189 0)
(1.49111 -0.0877868 0)
(1.49743 -0.089893 0)
(1.50276 -0.093356 0)
(1.49641 -0.0964305 0)
(1.48729 -0.096073 0)
(1.48578 -0.0964213 0)
(1.48835 -0.0988405 0)
(1.49283 -0.101615 0)
(1.50024 -0.103125 0)
(1.50838 -0.105386 0)
(1.51209 -0.106582 0)
(1.51123 -0.100396 0)
(1.55787 -0.184737 0)
(1.57501 -0.1911 0)
(1.59086 -0.197273 0)
(1.6052 -0.203685 0)
(1.617 -0.21519 0)
(1.62275 -0.220642 0)
(1.62565 -0.214727 0)
(1.63883 -0.207841 0)
(1.64071 -0.191619 0)
(1.63157 -0.146949 0)
(1.59153 -0.0525938 0)
(1.5636 0.0274623 0)
(1.51856 0.101529 0)
(1.50012 0.156434 0)
(1.50659 0.16898 0)
(1.51547 0.181246 0)
(1.51921 0.184474 0)
(1.52134 0.18976 0)
(1.52383 0.197316 0)
(1.52623 0.204796 0)
(1.52661 0.210327 0)
(1.52985 0.213103 0)
(1.53656 0.215182 0)
(1.5443 0.217738 0)
(1.55177 0.221457 0)
(1.55711 0.226647 0)
(1.55847 0.232594 0)
(1.55911 0.238818 0)
(1.56574 0.24476 0)
(1.57585 0.248037 0)
(1.58642 0.249334 0)
(1.59753 0.25101 0)
(1.60823 0.255108 0)
(1.61162 0.262324 0)
(1.60925 0.270667 0)
(1.61104 0.275478 0)
(1.61963 0.275904 0)
(1.62997 0.275785 0)
(1.64102 0.275285 0)
(1.65014 0.275606 0)
(1.65598 0.27729 0)
(1.65293 0.270872 0)
(1.64187 0.25391 0)
(1.61244 0.195581 0)
(1.5781 0.118875 0)
(1.51514 0.0108138 0)
(1.49928 -0.0390999 0)
(1.49234 -0.0805964 0)
(1.48363 -0.0968022 0)
(1.48093 -0.0945193 0)
(1.48451 -0.0849861 0)
(1.49112 -0.0810922 0)
(1.49753 -0.0822507 0)
(1.4998 -0.085202 0)
(1.49192 -0.0855514 0)
(1.48411 -0.085689 0)
(1.48291 -0.0865858 0)
(1.48574 -0.0894398 0)
(1.4909 -0.0941625 0)
(1.49798 -0.0967517 0)
(1.50572 -0.100383 0)
(1.51126 -0.0989657 0)
(1.51456 -0.0915853 0)
(1.54611 -0.158127 0)
(1.56419 -0.163648 0)
(1.58293 -0.17164 0)
(1.6013 -0.179778 0)
(1.61621 -0.187734 0)
(1.62477 -0.195204 0)
(1.63174 -0.202327 0)
(1.64328 -0.196453 0)
(1.65439 -0.188593 0)
(1.66427 -0.183918 0)
(1.65653 -0.159806 0)
(1.63742 -0.102481 0)
(1.59623 -0.0183168 0)
(1.55213 0.0741431 0)
(1.55339 0.121055 0)
(1.5427 0.171758 0)
(1.53235 0.198602 0)
(1.52803 0.206645 0)
(1.52925 0.2137 0)
(1.53025 0.222263 0)
(1.53011 0.226099 0)
(1.53569 0.228888 0)
(1.54347 0.232522 0)
(1.54989 0.236945 0)
(1.55486 0.239057 0)
(1.55961 0.240105 0)
(1.56308 0.243182 0)
(1.56631 0.249795 0)
(1.57133 0.257008 0)
(1.57769 0.263494 0)
(1.58714 0.268261 0)
(1.59717 0.269694 0)
(1.60706 0.270271 0)
(1.61684 0.272174 0)
(1.62148 0.278395 0)
(1.6173 0.288287 0)
(1.62127 0.292808 0)
(1.63029 0.292289 0)
(1.63825 0.289254 0)
(1.64517 0.28717 0)
(1.64353 0.271457 0)
(1.62184 0.221067 0)
(1.5754 0.131392 0)
(1.54261 0.0566435 0)
(1.49138 -0.0197139 0)
(1.46648 -0.0642326 0)
(1.46599 -0.0749981 0)
(1.47784 -0.0751776 0)
(1.48064 -0.0778069 0)
(1.48452 -0.0762649 0)
(1.48849 -0.0727787 0)
(1.49421 -0.0758085 0)
(1.49745 -0.0782084 0)
(1.49601 -0.0782539 0)
(1.48889 -0.0761933 0)
(1.48114 -0.0755161 0)
(1.47951 -0.0770576 0)
(1.48246 -0.0798095 0)
(1.48745 -0.0855667 0)
(1.49411 -0.0884119 0)
(1.50292 -0.0892689 0)
(1.51087 -0.086218 0)
(1.52078 -0.0821754 0)
(1.54861 -0.137322 0)
(1.56656 -0.141971 0)
(1.58134 -0.146774 0)
(1.5908 -0.154392 0)
(1.60038 -0.161473 0)
(1.61489 -0.16731 0)
(1.63113 -0.171746 0)
(1.64538 -0.170621 0)
(1.65461 -0.16676 0)
(1.6611 -0.171371 0)
(1.66411 -0.169253 0)
(1.67769 -0.160702 0)
(1.67303 -0.131352 0)
(1.64954 -0.0674241 0)
(1.61325 0.0320667 0)
(1.57597 0.128001 0)
(1.57852 0.16241 0)
(1.5644 0.195197 0)
(1.55229 0.218044 0)
(1.53663 0.233445 0)
(1.53914 0.240397 0)
(1.54494 0.244097 0)
(1.55109 0.246716 0)
(1.55464 0.25248 0)
(1.55563 0.260153 0)
(1.5597 0.262177 0)
(1.56601 0.260728 0)
(1.57463 0.261123 0)
(1.58358 0.265908 0)
(1.58793 0.274942 0)
(1.59212 0.282085 0)
(1.59993 0.288218 0)
(1.60864 0.29069 0)
(1.61746 0.291542 0)
(1.62513 0.294232 0)
(1.62568 0.298372 0)
(1.62454 0.301934 0)
(1.62974 0.301292 0)
(1.63008 0.290995 0)
(1.62063 0.259906 0)
(1.57951 0.179563 0)
(1.53312 0.0800756 0)
(1.49988 -0.00093684 0)
(1.46001 -0.0581859 0)
(1.45214 -0.0783824 0)
(1.45455 -0.0742992 0)
(1.46562 -0.0682385 0)
(1.47441 -0.0666496 0)
(1.48162 -0.0637923 0)
(1.48554 -0.0595202 0)
(1.49171 -0.0618262 0)
(1.49804 -0.0687553 0)
(1.49999 -0.0719567 0)
(1.4968 -0.0709417 0)
(1.48954 -0.0673304 0)
(1.4813 -0.0649365 0)
(1.47813 -0.0662455 0)
(1.48057 -0.0698457 0)
(1.48743 -0.0743052 0)
(1.4973 -0.0770503 0)
(1.50715 -0.075985 0)
(1.51498 -0.0734801 0)
(1.52738 -0.0727265 0)
(1.53988 -0.115496 0)
(1.55645 -0.121133 0)
(1.56994 -0.128256 0)
(1.58079 -0.135385 0)
(1.59766 -0.139893 0)
(1.61695 -0.140667 0)
(1.63549 -0.140363 0)
(1.6521 -0.140583 0)
(1.66333 -0.142987 0)
(1.66271 -0.14683 0)
(1.66581 -0.15118 0)
(1.68058 -0.147206 0)
(1.69623 -0.144964 0)
(1.70024 -0.130056 0)
(1.69609 -0.0919612 0)
(1.66351 -0.0105173 0)
(1.64129 0.080237 0)
(1.59488 0.179168 0)
(1.58257 0.20721 0)
(1.56637 0.221341 0)
(1.56193 0.239097 0)
(1.56426 0.252101 0)
(1.56406 0.257517 0)
(1.56522 0.264855 0)
(1.5638 0.272157 0)
(1.5624 0.277506 0)
(1.56937 0.280463 0)
(1.57779 0.281385 0)
(1.58748 0.283414 0)
(1.59714 0.286338 0)
(1.60568 0.292846 0)
(1.60799 0.302094 0)
(1.61179 0.311347 0)
(1.61784 0.31139 0)
(1.62307 0.308522 0)
(1.62342 0.310416 0)
(1.62403 0.300023 0)
(1.61405 0.27688 0)
(1.5802 0.213621 0)
(1.53727 0.121046 0)
(1.48705 0.029955 0)
(1.4588 -0.031253 0)
(1.45571 -0.0469792 0)
(1.45274 -0.0489109 0)
(1.45284 -0.0548889 0)
(1.46104 -0.0557329 0)
(1.47208 -0.0554615 0)
(1.47727 -0.0552157 0)
(1.48062 -0.0513441 0)
(1.48354 -0.0496247 0)
(1.49028 -0.0531166 0)
(1.49803 -0.059853 0)
(1.50047 -0.0631633 0)
(1.49781 -0.0615259 0)
(1.49092 -0.058244 0)
(1.48292 -0.0557977 0)
(1.48026 -0.0568661 0)
(1.48336 -0.0596245 0)
(1.48952 -0.0615021 0)
(1.49752 -0.0618386 0)
(1.50698 -0.0618024 0)
(1.51555 -0.0626016 0)
(1.52886 -0.0641074 0)
(1.53578 -0.0923746 0)
(1.55239 -0.0984011 0)
(1.56916 -0.106274 0)
(1.5853 -0.112212 0)
(1.60076 -0.113451 0)
(1.61578 -0.116104 0)
(1.63057 -0.119381 0)
(1.64417 -0.120152 0)
(1.65576 -0.121474 0)
(1.66426 -0.124759 0)
(1.6669 -0.123581 0)
(1.67236 -0.128824 0)
(1.68569 -0.127742 0)
(1.70256 -0.123731 0)
(1.71865 -0.120033 0)
(1.72126 -0.1013 0)
(1.71039 -0.0525301 0)
(1.67643 0.0329893 0)
(1.65032 0.112084 0)
(1.59337 0.206202 0)
(1.57782 0.26275 0)
(1.57847 0.264116 0)
(1.57817 0.269671 0)
(1.57755 0.272324 0)
(1.57586 0.277915 0)
(1.57351 0.287646 0)
(1.57441 0.293619 0)
(1.58228 0.297497 0)
(1.59173 0.301719 0)
(1.60208 0.306957 0)
(1.61134 0.312158 0)
(1.61849 0.320772 0)
(1.6171 0.323774 0)
(1.6154 0.321317 0)
(1.61507 0.316563 0)
(1.60921 0.293772 0)
(1.58429 0.234514 0)
(1.54357 0.142613 0)
(1.48247 0.0326681 0)
(1.46385 -0.01187 0)
(1.44499 -0.0417454 0)
(1.44023 -0.0574636 0)
(1.4438 -0.0539466 0)
(1.45089 -0.0486229 0)
(1.45879 -0.0471287 0)
(1.46575 -0.0457359 0)
(1.47198 -0.0455624 0)
(1.47601 -0.0452998 0)
(1.47935 -0.044997 0)
(1.48718 -0.0452212 0)
(1.49572 -0.0474593 0)
(1.50199 -0.0511674 0)
(1.5043 -0.0523036 0)
(1.5025 -0.0521466 0)
(1.4955 -0.0513429 0)
(1.4872 -0.0495195 0)
(1.4855 -0.050051 0)
(1.48908 -0.0513178 0)
(1.49548 -0.051525 0)
(1.50406 -0.0510345 0)
(1.51374 -0.0514115 0)
(1.52186 -0.0530333 0)
(1.53113 -0.0548597 0)
(1.52093 -0.0771883 0)
(1.53745 -0.0826362 0)
(1.55449 -0.0869763 0)
(1.57244 -0.0892455 0)
(1.59135 -0.0904308 0)
(1.61049 -0.0931463 0)
(1.62786 -0.0962857 0)
(1.64249 -0.0984679 0)
(1.65278 -0.100486 0)
(1.65896 -0.100848 0)
(1.66568 -0.0992049 0)
(1.67383 -0.10064 0)
(1.68377 -0.100463 0)
(1.69791 -0.102007 0)
(1.71228 -0.106818 0)
(1.72849 -0.105497 0)
(1.73871 -0.097916 0)
(1.73434 -0.0715183 0)
(1.71505 -0.00966638 0)
(1.68783 0.0634212 0)
(1.64588 0.157117 0)
(1.60382 0.245579 0)
(1.58863 0.296735 0)
(1.58494 0.299242 0)
(1.58278 0.293069 0)
(1.58542 0.296341 0)
(1.58823 0.308524 0)
(1.58993 0.316651 0)
(1.59726 0.322103 0)
(1.60615 0.326419 0)
(1.61297 0.329546 0)
(1.61548 0.331687 0)
(1.61189 0.326586 0)
(1.60356 0.30956 0)
(1.58027 0.262875 0)
(1.54619 0.183086 0)
(1.48669 0.0619568 0)
(1.46933 0.00769672 0)
(1.45813 -0.0198521 0)
(1.44751 -0.0351727 0)
(1.44313 -0.0425686 0)
(1.44466 -0.0445576 0)
(1.44905 -0.0398069 0)
(1.45643 -0.0383203 0)
(1.46403 -0.0388176 0)
(1.46832 -0.0386407 0)
(1.47094 -0.036272 0)
(1.47305 -0.034645 0)
(1.47889 -0.0357299 0)
(1.48817 -0.0377542 0)
(1.49663 -0.0406035 0)
(1.50218 -0.0418823 0)
(1.50456 -0.0415937 0)
(1.50297 -0.0411697 0)
(1.49727 -0.042621 0)
(1.49146 -0.0442084 0)
(1.49033 -0.0439003 0)
(1.4925 -0.0429608 0)
(1.49734 -0.0416473 0)
(1.50454 -0.0410027 0)
(1.51326 -0.0411486 0)
(1.52024 -0.043831 0)
(1.52944 -0.0459687 0)
(1.50529 -0.0611121 0)
(1.5232 -0.0633089 0)
(1.54244 -0.0653035 0)
(1.56175 -0.0674571 0)
(1.58029 -0.0696237 0)
(1.59759 -0.0726974 0)
(1.61362 -0.0759528 0)
(1.62867 -0.0780989 0)
(1.64185 -0.0793694 0)
(1.65186 -0.0795874 0)
(1.6577 -0.0784202 0)
(1.6631 -0.0766712 0)
(1.67451 -0.0751312 0)
(1.69184 -0.0763815 0)
(1.71017 -0.080949 0)
(1.72586 -0.0791296 0)
(1.73826 -0.0808678 0)
(1.74472 -0.082127 0)
(1.75429 -0.0701029 0)
(1.74764 -0.0400561 0)
(1.7156 0.0348918 0)
(1.69093 0.11417 0)
(1.6295 0.223674 0)
(1.60474 0.281981 0)
(1.59858 0.303189 0)
(1.5882 0.321702 0)
(1.58852 0.333064 0)
(1.59263 0.335266 0)
(1.60222 0.339738 0)
(1.60881 0.342619 0)
(1.60819 0.340307 0)
(1.60131 0.32284 0)
(1.58395 0.280655 0)
(1.54595 0.201832 0)
(1.50608 0.109691 0)
(1.45816 0.0231201 0)
(1.43969 -0.0288696 0)
(1.43965 -0.0424993 0)
(1.44113 -0.0469913 0)
(1.44453 -0.0469003 0)
(1.44508 -0.0431078 0)
(1.45189 -0.0329822 0)
(1.4568 -0.0260525 0)
(1.46436 -0.0262082 0)
(1.47145 -0.027525 0)
(1.47524 -0.027358 0)
(1.47313 -0.0247559 0)
(1.47542 -0.0252692 0)
(1.48236 -0.0270937 0)
(1.49144 -0.0298822 0)
(1.50056 -0.0326606 0)
(1.50701 -0.0336521 0)
(1.50858 -0.0331714 0)
(1.50635 -0.0316712 0)
(1.50027 -0.0313634 0)
(1.49541 -0.0336092 0)
(1.49506 -0.0349686 0)
(1.49763 -0.0349885 0)
(1.50267 -0.0339402 0)
(1.50869 -0.0327112 0)
(1.51467 -0.032535 0)
(1.52046 -0.0333639 0)
(1.53131 -0.0344321 0)
(1.49469 -0.0428411 0)
(1.51342 -0.0438841 0)
(1.53306 -0.0453403 0)
(1.55223 -0.0472277 0)
(1.57025 -0.0490124 0)
(1.5873 -0.051292 0)
(1.60374 -0.053963 0)
(1.61983 -0.0561819 0)
(1.63465 -0.0581621 0)
(1.64629 -0.0588624 0)
(1.65412 -0.0575516 0)
(1.66079 -0.0545269 0)
(1.67011 -0.05156 0)
(1.68327 -0.0517237 0)
(1.69861 -0.0543222 0)
(1.71257 -0.0552488 0)
(1.7268 -0.060099 0)
(1.73887 -0.065365 0)
(1.75109 -0.063718 0)
(1.76503 -0.0574489 0)
(1.76966 -0.0388845 0)
(1.75833 0.00403995 0)
(1.7194 0.0877263 0)
(1.6851 0.172057 0)
(1.61901 0.278222 0)
(1.59699 0.324533 0)
(1.60114 0.332232 0)
(1.61058 0.350617 0)
(1.6081 0.343903 0)
(1.59902 0.324635 0)
(1.58153 0.284601 0)
(1.55529 0.219252 0)
(1.52698 0.138719 0)
(1.49055 0.0696421 0)
(1.46203 0.022943 0)
(1.42848 -0.0123696 0)
(1.42838 -0.0257018 0)
(1.4321 -0.0311487 0)
(1.44106 -0.0323703 0)
(1.4495 -0.0367539 0)
(1.45078 -0.0316766 0)
(1.45495 -0.0215838 0)
(1.45959 -0.0157405 0)
(1.46477 -0.0150934 0)
(1.46761 -0.0178031 0)
(1.46623 -0.0208744 0)
(1.46572 -0.0205372 0)
(1.47106 -0.0199938 0)
(1.47852 -0.0202574 0)
(1.48796 -0.0216317 0)
(1.49724 -0.0225897 0)
(1.50414 -0.0237649 0)
(1.50539 -0.0242048 0)
(1.5017 -0.0233992 0)
(1.49534 -0.0223873 0)
(1.49317 -0.0228888 0)
(1.49424 -0.0239831 0)
(1.49787 -0.0248181 0)
(1.50432 -0.0251988 0)
(1.51177 -0.0252917 0)
(1.51754 -0.0237969 0)
(1.52123 -0.0216689 0)
(1.53052 -0.0212813 0)
(1.48906 -0.0253148 0)
(1.50786 -0.0256604 0)
(1.5276 -0.0265969 0)
(1.54687 -0.0278945 0)
(1.56521 -0.0289023 0)
(1.58295 -0.0299249 0)
(1.60013 -0.0310781 0)
(1.61634 -0.0326945 0)
(1.63087 -0.0353362 0)
(1.64274 -0.0374762 0)
(1.65233 -0.0370063 0)
(1.66141 -0.0336601 0)
(1.67242 -0.0296677 0)
(1.68532 -0.027447 0)
(1.69673 -0.0279194 0)
(1.70732 -0.0302886 0)
(1.72013 -0.0352973 0)
(1.73426 -0.0406299 0)
(1.74948 -0.0418894 0)
(1.76631 -0.0401879 0)
(1.78191 -0.0341534 0)
(1.79179 -0.0307822 0)
(1.78028 0.00361013 0)
(1.76068 0.0629077 0)
(1.72485 0.131672 0)
(1.67293 0.222926 0)
(1.62852 0.323506 0)
(1.61129 0.334372 0)
(1.58838 0.299207 0)
(1.53695 0.213556 0)
(1.50523 0.122034 0)
(1.457 0.0323109 0)
(1.4224 -0.0215391 0)
(1.39917 -0.0417312 0)
(1.39346 -0.0361916 0)
(1.4013 -0.0318205 0)
(1.4145 -0.0272324 0)
(1.4267 -0.0185116 0)
(1.43482 -0.0119503 0)
(1.44462 -0.0145156 0)
(1.45184 -0.0154149 0)
(1.4589 -0.0122061 0)
(1.46513 -0.00956863 0)
(1.4681 -0.00777205 0)
(1.46537 -0.00680457 0)
(1.46032 -0.00871359 0)
(1.46382 -0.00996668 0)
(1.47062 -0.0101013 0)
(1.47918 -0.0112027 0)
(1.48969 -0.0127191 0)
(1.49865 -0.0132467 0)
(1.50612 -0.0135426 0)
(1.50758 -0.0132345 0)
(1.50225 -0.0126415 0)
(1.49565 -0.0136678 0)
(1.49452 -0.0141829 0)
(1.4954 -0.0143905 0)
(1.49899 -0.0146661 0)
(1.50535 -0.0145504 0)
(1.51315 -0.0145007 0)
(1.52044 -0.0135267 0)
(1.52583 -0.0123341 0)
(1.53319 -0.0116615 0)
(1.49079 -0.00781201 0)
(1.50907 -0.00792777 0)
(1.52839 -0.00830823 0)
(1.54749 -0.00879167 0)
(1.56585 -0.00917589 0)
(1.58321 -0.00958598 0)
(1.59921 -0.0102574 0)
(1.61423 -0.0111739 0)
(1.62938 -0.0125544 0)
(1.6445 -0.0138322 0)
(1.65796 -0.0137102 0)
(1.6686 -0.0116691 0)
(1.67576 -0.00958646 0)
(1.6813 -0.00951253 0)
(1.69006 -0.00960774 0)
(1.70293 -0.0103985 0)
(1.71868 -0.0116733 0)
(1.73624 -0.0136302 0)
(1.75416 -0.014667 0)
(1.77294 -0.016083 0)
(1.7907 -0.015679 0)
(1.80392 -0.0147228 0)
(1.80511 -0.0144453 0)
(1.79459 -0.0024488 0)
(1.78066 0.0131698 0)
(1.73261 0.0509174 0)
(1.66083 0.108179 0)
(1.58573 0.153495 0)
(1.52995 0.139101 0)
(1.49264 0.157073 0)
(1.46248 0.141327 0)
(1.42032 0.0914241 0)
(1.38505 0.0484562 0)
(1.37981 0.019777 0)
(1.39104 0.000248326 0)
(1.41114 -0.00953566 0)
(1.41515 -0.0131027 0)
(1.42149 -0.0127777 0)
(1.42869 -0.0123728 0)
(1.43457 -0.0100961 0)
(1.44572 -0.00756867 0)
(1.45486 -0.00645219 0)
(1.46304 -0.00649976 0)
(1.46706 -0.00712859 0)
(1.46132 -0.00751601 0)
(1.45281 -0.00615019 0)
(1.45729 -0.00545003 0)
(1.46523 -0.00558119 0)
(1.47426 -0.00616821 0)
(1.48457 -0.00678596 0)
(1.49286 -0.00680455 0)
(1.49961 -0.00649945 0)
(1.50149 -0.00599117 0)
(1.49734 -0.00592279 0)
(1.49107 -0.00652922 0)
(1.48983 -0.0067137 0)
(1.49083 -0.00662553 0)
(1.49451 -0.00659506 0)
(1.50118 -0.00641605 0)
(1.50939 -0.00616235 0)
(1.51726 -0.00576466 0)
(1.52304 -0.00575368 0)
(1.52892 -0.00579254 0)
)
;

boundaryField
{
    inlet
    {
        type            fixedValue;
        value           nonuniform 0();
    }
    outlet
    {
        type            inletOutlet;
        inletValue      uniform (1.5 0 0);
        value           nonuniform List<vector> 
16
(
(1.51522 -0.147199 0)
(1.5117 -0.136758 0)
(1.50988 -0.126675 0)
(1.50769 -0.117488 0)
(1.50782 -0.107331 0)
(1.51123 -0.100396 0)
(1.51456 -0.0915853 0)
(1.52078 -0.0821754 0)
(1.52738 -0.0727265 0)
(1.52886 -0.0641074 0)
(1.53113 -0.0548597 0)
(1.52944 -0.0459687 0)
(1.53131 -0.0344321 0)
(1.53052 -0.0212813 0)
(1.53319 -0.0116615 0)
(1.52892 -0.00579254 0)
)
;
    }
    bottom
    {
        type            symmetryPlane;
    }
    top
    {
        type            symmetryPlane;
    }
    obstacle
    {
        type            slip;
    }
    defaultFaces
    {
        type            empty;
    }
    procBoundary3to1
    {
        type            processor;
        value           nonuniform List<vector> 
63
(
(1.40474 -0.0258122 0)
(1.38286 0.0184256 0)
(1.36609 0.0449199 0)
(1.36786 0.0512138 0)
(1.37727 0.0616936 0)
(1.38491 0.070685 0)
(1.39366 0.0743822 0)
(1.40225 0.0770902 0)
(1.41061 0.0788202 0)
(1.42036 0.0812795 0)
(1.43145 0.0867114 0)
(1.4422 0.0940627 0)
(1.45139 0.0996869 0)
(1.45779 0.103968 0)
(1.45811 0.108656 0)
(1.45507 0.115759 0)
(1.45937 0.122104 0)
(1.46718 0.126136 0)
(1.47701 0.130829 0)
(1.48672 0.133509 0)
(1.49673 0.13474 0)
(1.50632 0.135805 0)
(1.51222 0.136659 0)
(1.51303 0.139085 0)
(1.51497 0.143809 0)
(1.52195 0.149167 0)
(1.53156 0.154157 0)
(1.54008 0.158126 0)
(1.54802 0.160454 0)
(1.55656 0.162972 0)
(1.56411 0.164786 0)
(1.56991 0.163929 0)
(1.57525 0.162334 0)
(1.58114 0.161667 0)
(1.58885 0.162592 0)
(1.597 0.165205 0)
(1.6044 0.17075 0)
(1.61112 0.177752 0)
(1.61732 0.183754 0)
(1.62301 0.18825 0)
(1.62823 0.190705 0)
(1.63409 0.189923 0)
(1.64197 0.186645 0)
(1.65021 0.182695 0)
(1.65886 0.180846 0)
(1.66685 0.181933 0)
(1.67078 0.185771 0)
(1.67142 0.192979 0)
(1.67363 0.199431 0)
(1.68195 0.20179 0)
(1.69148 0.201459 0)
(1.70069 0.20105 0)
(1.70793 0.200136 0)
(1.71039 0.19533 0)
(1.69905 0.170394 0)
(1.67442 0.121161 0)
(1.62267 0.0297759 0)
(1.57779 -0.0608486 0)
(1.52593 -0.132641 0)
(1.49899 -0.164066 0)
(1.49758 -0.16836 0)
(1.5002 -0.167857 0)
(1.50935 -0.163562 0)
)
;
    }
    procBoundary3to2
    {
        type            processor;
        value           nonuniform List<vector> 
16
(
(1.52785 -0.243385 0)
(1.56938 -0.295468 0)
(1.57365 -0.290957 0)
(1.56499 -0.261667 0)
(1.54579 -0.22549 0)
(1.54343 -0.202626 0)
(1.54028 -0.178116 0)
(1.52748 -0.153112 0)
(1.52984 -0.131629 0)
(1.52234 -0.110218 0)
(1.51983 -0.0879532 0)
(1.50576 -0.071575 0)
(1.49071 -0.0574882 0)
(1.47926 -0.0416175 0)
(1.47312 -0.0250071 0)
(1.47506 -0.00784646 0)
)
;
    }
}


// ************************************************************************* //
