/*--------------------------------*- C++ -*----------------------------------*\
  =========                 |
  \\      /  F ield         | OpenFOAM: The Open Source CFD Toolbox
   \\    /   O peration     | Website:  https://openfoam.org
    \\  /    A nd           | Version:  7
     \\/     M anipulation  |
\*---------------------------------------------------------------------------*/
FoamFile
{
    version     2.0;
    format      ascii;
    class       volScalarField;
    location    "1.2";
    object      p;
}
// * * * * * * * * * * * * * * * * * * * * * * * * * * * * * * * * * * * * * //

dimensions      [1 -1 -2 0 0 0 0];

internalField   nonuniform List<scalar> 
4608
(
1
1
1
1
1
1
1
1
1
1
1
1
1
1
1
1
1
1
1
1
1
1
1
1
1
1
1
1
1
1
1
1
1
1
1
1
1
1
1
1
1
1
1
1
1
1
1
1
1
1
1
1
1
1
1
1
1
1
1
1
1
1
1
1
1
1
1
1
1
1.00003
1.0062
1.11855
2.44987
5.84204
13.0299
14.2803
14.5771
14.4477
14.1348
13.9979
13.8257
13.628
13.4298
13.223
13.0014
12.7729
12.536
12.2896
12.0328
11.7663
11.4894
11.208
10.9302
10.6543
10.3785
10.0982
1
1
1
1
1
1
1
1
1
1
1
1
1
1
1
1
1
1
1
1
1
1
1
1
1
1
1
1
1
1
1
1
1
1
1
1
1
1
1
1
1
1
1
1
1
1
1
1
1
1
1
1
1
1
1
1
1
1
1
1
1
1
1
1
1
1
1
1
1
1
1
1.00016
1.01126
1.16472
2.58353
5.53641
12.0183
13.7486
13.934
13.9284
13.5861
13.3882
13.2391
13.0474
12.8474
12.6371
12.4133
12.1764
11.9353
11.6915
11.4458
11.1982
10.9507
10.7027
10.4528
10.1985
1
1
1
1
1
1
1
1
1
1
1
1
1
1
1
1
1
1
1
1
1
1
1
1
1
1
1
1
1
1
1
1
1
1
1
1
1
1
1
1
1
1
1
1
1
1
1
1
1
1
1
1
1
1
1
1
1
1
1
1
1
1
1
1
1
1
1
1
1
1
1
1
1.00001
1.00027
1.01388
1.15141
2.39273
5.01379
10.004
13.041
13.2685
13.4092
13.2439
12.9034
12.6992
12.5225
12.3177
12.1117
11.9017
11.6833
11.4546
11.2217
10.9879
10.7555
10.525
10.2955
1
1
1
1
1
1
1
1
1
1
1
1
1
1
1
1
1
1
1
1
1
1
1
1
1
1
1
1
1
1
1
1
1
1
1
1
1
1
1
1
1
1
1
1
1
1
1
1
1
1
1
1
1
1
1
1
1
1
1
1
1
1
1
1
1
1
1
1
1
1
1
1
1
1
1.00001
1.00026
1.01129
1.11841
1.92189
4.06613
7.46517
11.7918
12.7245
12.7718
12.8316
12.5891
12.3177
12.1031
11.879
11.6501
11.4416
11.2448
11.0517
10.8491
10.6316
10.4022
1
1
1
1
1
1
1
1
1
1
1
1
1
1
1
1
1
1
1
1
1
1
1
1
1
1
1
1
1
1
1
1
1
1
1
1
1
1
1
1
1
1
1
1
1
1
1
1
1
1
1
1
1
1
1
1
1
1
1
1
1
1
1
1
1
1
1
1
1
1
1
1
1
1
1
1
1
1.00019
1.00561
1.06706
1.451
2.97132
5.54685
9.39005
11.8398
12.2064
12.2998
12.3661
12.0811
11.7646
11.4564
11.2206
11.0554
10.9021
10.7337
10.5399
1
1
1
1
1
1
1
1
1
1
1
1
1
1
1
1
1
1
1
1
1
1
1
1
1
1
1
1
1
1
1
1
1
1
1
1
1
1
1
1
1
1
1
1
1
1
1
1
1
1
1
1
1
1
1
1
1
1
1
1
1
1
1
1
1
1
1
1
1
1
1
1
1
1
1
1
1
1
1
1.00008
1.00179
1.02638
1.19504
2.00286
3.84776
6.80658
9.62096
11.4402
11.898
11.9213
11.8099
11.4916
11.1482
10.9411
10.8065
10.6395
1
1
1
1
1
1
1
1
1
1
1
1
1
1
1
1
1
1
1
1
1
1
1
1
1
1
1
1
1
1
1
1
1
1
1
1
1
1
1
1
1
1
1
1
1
1
1
1
1
1
1
1
1
1
1
1
1
1
1
1
1
1
1
1
1
1
1
1
1
1
1
1
1
1
1
1
1
1
1
1
1
1.00002
1.00047
1.00767
1.06662
1.39098
2.378
4.5372
6.87471
9.69423
11.2182
11.3628
11.2157
11.1533
11.1086
10.9055
1
1
1
1
1
1
1
1
1
1
1
1
1
1
1
1
1
1
1
1
1
1
1
1
1
1
1
1
1
1
1
1
1
1
1
1
1
1
1
1
1
1
1
1
1
1
1
1
1
1
1
1
1
1
1
1
1
1
1
1
1
1
1
1
1
1
1
1
1
1
1
1
1
1
1
1
1
1
1
1
1
1
1
1
1.00008
1.00158
1.01532
1.12028
1.49306
2.71055
4.51934
6.97343
9.514
10.2544
10.5897
10.8757
1
1
1
1
1
1
1
1
1
1
1
1
1
1
1
1
1
1
1
1
1
1
1
1
1
1
1
1
1
1
1
1
1
1
1
1
1
1
1
1
1
1
1
1
1
1
1
1
1
1
1
1
1
1
1
1
1
1
1
1
1
1
1
1
1
1
1
1
1
1
1
1
1
1
1
1
1
1
1
1
1
1
1
1
1
1
1.00001
1.00024
1.00242
1.02564
1.14036
1.57267
2.73505
4.22667
6.60861
8.67703
1
1
1
1
1
1
1
1
1
1
1
1
1
1
1
1
1
1
1
1
1
1
1
1
1
1
1
1
1
1
1
1
1
1
1
1
1
1
1
1
1
1
1
1
1
1
1
1
1
1
1
1
1
1
1
1
1
1
1
1
1
1
1
1
1
1
1
1
1
1
1
1
1
1
1
1
1
1
1
1
1
1
1
1
1
1
1
1
1
1.00002
1.00033
1.0034
1.02821
1.12943
1.51543
2.46842
1
1
1
1
1
1
1
1
1
1
1
1
1
1
1
1
1
1
1
1
1
1
1
1
1
1
1
1
1
1
1
1
1
1
1
1
1
1
1
1
1
1
1
1
1
1
1
1
1
1
1
1
1
1
1
1
1
1
1
1
1
1
1
1
1
1
1
1
1
1
1
1
1
1
1
1
1
1
1
1
1
1
1
1
1
1
1
1
1
1
1
1
1.00002
1.0003
1.00295
1.02171
1
1
1
1
1
1
1
1
1
1
1
1
1
1
1
1
1
1
1
1
1
1
1
1
1
1
1
1
1
1
1
1
1
1
1
1
1
1
1
1
1
1
1
1
1
1
1
1
1
1
1
1
1
1
1
1
1
1
1
1
1
1
1
1
1
1
1
1
1
1
1
1
1
1
1
1
1
1
1
1
1
1
1
1
1
1
1
1
1
1
1
1
1
1
1
1.00002
1
1
1
1
1
1
1
1
1
1
1
1
1
1
1
1
1
1
1
1
1
1
1
1
1
1
1
1
1
1
1
1
1
1
1
1
1
1
1
1
1
1
1
1
1
1
1
1
1
1
1
1
1
1
1
1
1
1
1
1
1
1
1
1
1
1
1
1
1
1
1
1
1
1
1
1
1
1
1
1
1
1
1
1
1
1
1
1
1
1
1
1
1
1
1
1
1
1
1
1
1
1
1
1
1
1
1
1
1
1
1
1
1
1
1
1
1
1
1
1
1
1
1
1
1
1
1
1
1
1
1
1
1
1
1
1
1
1
1
1
1
1
1
1
1
1
1
1
1
1
1
1
1
1
1
1
1
1
1
1
1
1
1
1
1
1
1
1
1
1
1
1
1
1
1
1
1
1
1
1
1
1
1
1
1
1
1
1
1
1
1
1
1
1
1
1
1
1
1
1
1
1
1
1
1
1
1
1
1
1
1
1
1
1
1
1
1
1
1
1
1
1
1
1
1
1
1
1
1
1
1
1
1
1
1
1
1
1
1
1
1
1
1
1
1
1
1
1
1
1
1
1
1
1
1
1
1
1
1
1
1
1
1
1
1
1
1
1
1
1
1
1
1
1
1
1
1
1
1
1
1
1
1
1
1
1
1
1
1
1
1
1
1
1
1
1
1
1
1
1
1
1
1
1
1
1
1
1
1
1
1
1
1
1
1
1
1
1
1
1
1
1
1
1
1
1
1
1
1
1
1
1
1
1
1
1
1
1
1
1
1
1
1
1
1
1
1
1
1
1
1
1
1
1
1
1
1
1
1
1
1
1
1
1
1
1
1
1
1
1
1
1
1
1
1
1
1
1
1
1
1
1
1
1
1
1
1
1
1
1
1
1
1
1
1
1
1
1
1
1
1
1
1
1
1
1
1
1
1
1
1
1
1
1
1
1
1
1
1
1
1
1
1
1
1
1
1
1
1
1
1
1
1
1
1
1
1
1
1
1
1
1
1
1
1
1
1
1
1
1
1
1
1
1
1
1
1
1
1
1
1
1
1
1
1
1
1
1
1
1
1
1
1
1
1
1
1
1
1
1
1
1
1
1
1
1
1
1
1
1
1
1
1
1
1
1
1
1
1
1
1
1
1
1
1
1
1
1
1
1
1
1
1
1
1
1
1
1
1
1
1
1
1
1
1
1
1
1
1
1
1
1
1
1
1
1
1
1
1
1
1
1
1
1
1
1
1
1
1
1
1
1
1
1
1
1
1
1
1
1
1
1
1
1
1
1
1
1
1
1
1
1
1
1
1
1
1
1
1
1
1
1
1
1
1
1
1
1
1
1
1
1
1
1
1
1
1
1
1
1
1
1
1
1
1
1
1
1
1
1
1
1
1
1
1
1
1
1
1
1
1
1
1
1
1
1
1
1
1
1
1
1
1
1
1
1
1
1
1
1
1
1
1
1
1
1
1
1
1
1
1
1
1
1
1
1
1
1
1
1
1
1
1
1
1
1
1
1
1
1
1
1
1
1
1
1
1
1
1
1
1
1
1
1
1
1
1
1
1
1
1
1
1
1
1
1
1
1
1
1
1
1
1
1
1
1
1
1
1
1
1
1
1
1
1
1
1
1
1
1
1
1
1
1
1
1
1
1
1
1
1
1
1
1
1
1
1
1
1
1
1
1
1
1
1
1
1
1
1
1
1
1
1
1
1
1
1
1
1
1
1
1
1
1
1
1
1
1
1
1
1
1
1
1
1
1
1
1
1
1
1
1
1
1
1
1
1
1
1
1
1
1
1
1
1
1
1
1
1
1
1
1
1
1
1
1
1
1
1
1
1
1
1
1
1
1
1
1
1
1
1
1
1
1
1
1
1
1
1
1
1
1
1
1
1
1
1
1
1
1
1
1
1
1
1
1
1
1
1
1
1
1
1
1
1
1
1
1
1
1
1
1
1
1
1
1
1
1
1
1
1
1
1
1
1
1
1
1
1
1
1
1
1
1
1
1
1
1
1
1
1
1
1
1
1
1
1
1
1
1
1
1
1
1
1
1
1
1
1
1
1
1
1
1
1
1
1
1
1
1
1
1
1
1
1
1
1
1
1
1
1
1
1
1
1
1
1
1
1
1
1
1
1
1
1
1
1
1
1
1
1
1
1
1
1
1
1
1
1
1
1
1
1
1
1
1
1
1
1
1
1
1
1
1
1
1
1
1
1
1
1
1
1
1
1
1
1
1
1
1
1
1
1
1
1
1
1
1
1
1
1
1
1
1
1
1
1
1
1
1
1
1
1
1
1
1
1
1
1
1
1
1
1
1
1
1
1
1
1
1
1
1
1
1
1
1
1
1
1
1
1
1
1
1
1
1
1
1
1
1
1
1
1
1
1
1
1
1
1
1
1
1
1
1
1
1
1
1
1
1
1
1
1
1
1
1
1
1
1
1
1
1
1
1
1
1
1
1
1
1
1
1
1
1
1
1
1
1
1
1
1
1
1
1
1
1
1
1
1
1
1
1
1
1
1
1
1
1
1
1
1
1
1
1
1
1
1
1
1
1
1
1
1
1
1
1
1
1
1
1
1
1
1
1
1
1
1
1
1
1
1
1
9.81826
9.53186
9.2469
8.96833
8.69434
8.42818
8.17133
7.91384
7.66174
7.42846
7.19394
6.94185
6.71003
6.51845
6.32121
6.09384
5.8885
5.73018
5.56825
5.3761
5.17265
5.03973
4.92471
4.78897
4.61014
4.44391
4.34771
4.25201
4.13783
3.98644
3.88041
3.80922
3.71936
3.60607
3.45728
3.37751
3.334
3.27308
3.19297
3.08262
3.01074
2.95664
2.89025
2.80683
2.71255
2.67702
2.65285
2.61038
2.54978
2.46506
2.41384
2.37768
2.33525
2.2802
2.22055
2.1996
2.18442
2.15598
2.11386
2.04502
2.00004
1.98292
1.9572
1.92787
1.88806
1.86028
1.84625
1.82598
1.79612
1.75122
1.69142
1.67125
1.66495
1.64832
1.62807
1.59923
1.57676
1.56072
1.53891
1.51268
1.47461
1.44966
1.44324
1.4342
1.41992
1.40055
1.37221
1.34367
1.31946
1.30234
1.28668
1.27363
1.26933
1.26837
1.26355
1.25151
9.94624
9.6932
9.4362
9.17858
8.92628
8.67542
8.4294
8.20076
7.97923
7.74878
7.52049
7.31394
7.1092
6.886
6.67799
6.50702
6.33213
6.12709
5.93195
5.78678
5.6463
5.47957
5.28563
5.14991
5.04371
4.92106
4.76334
4.60192
4.50816
4.41931
4.30874
4.15467
4.03549
3.96843
3.88907
3.79127
3.66967
3.59343
3.53769
3.46392
3.36245
3.23849
3.18453
3.14297
3.08636
3.01221
2.93657
2.89102
2.84458
2.78451
2.69887
2.61355
2.59105
2.57038
2.53478
2.48572
2.42297
2.38486
2.34994
2.30729
2.25465
2.19133
2.16861
2.16197
2.14122
2.10881
2.06163
2.0079
1.98005
1.95238
1.92192
1.88412
1.85323
1.84616
1.83717
1.81374
1.77646
1.72515
1.70062
1.69314
1.67701
1.65423
1.63051
1.6143
1.59816
1.57469
1.53897
1.49569
1.47681
1.4736
1.46851
1.45583
1.4401
1.42715
1.41638
1.39875
10.0683
9.84026
9.60831
9.37152
9.13032
8.89514
8.67199
8.44917
8.23028
8.02742
7.82392
7.60512
7.39955
7.2222
7.03914
6.83742
6.65383
6.49858
6.33676
6.14904
5.97293
5.83947
5.7066
5.55153
5.37396
5.24745
5.14614
5.02839
4.87698
4.72594
4.63484
4.54457
4.43504
4.29571
4.19983
4.13859
4.05965
3.95283
3.82876
3.75222
3.68651
3.60814
3.50896
3.42157
3.38
3.33415
3.27254
3.18268
3.08768
3.03943
2.99233
2.93867
2.8662
2.80826
2.78584
2.75522
2.70771
2.63901
2.55071
2.51956
2.49849
2.4643
2.42096
2.3701
2.34413
2.32011
2.28134
2.22638
2.1597
2.13476
2.12922
2.10857
2.0767
2.03677
2.00822
1.98738
1.95898
1.92058
1.87772
1.86255
1.85534
1.83894
1.813
1.78153
1.74164
1.71196
1.69062
1.67085
1.65298
1.63906
1.62794
1.61645
1.60146
1.57946
1.54181
1.50407
10.1739
9.95528
9.74305
9.53264
9.31777
9.09641
8.87816
8.67024
8.47074
8.27397
8.07459
7.87909
7.68929
7.49425
7.30766
7.14643
6.98473
6.79761
6.61503
6.4754
6.33493
6.16699
6.00081
5.87628
5.75257
5.60723
5.44297
5.32412
5.22057
5.10347
4.95832
4.83244
4.75159
4.66473
4.55771
4.42735
4.3382
4.26628
4.1816
4.06945
3.95833
3.89686
3.83617
3.76407
3.6662
3.58245
3.5332
3.47717
3.40911
3.31262
3.22942
3.19501
3.15397
3.1024
3.02922
2.96964
2.93582
2.89119
2.83542
2.76027
2.70176
2.6847
2.65636
2.61166
2.55139
2.49945
2.47312
2.44025
2.39711
2.34645
2.3166
2.30188
2.27824
2.2409
2.18785
2.14254
2.12754
2.11033
2.08349
2.05116
2.02726
2.00612
1.97892
1.93123
1.88968
1.87191
1.85819
1.84096
1.8299
1.81808
1.79994
1.77429
1.74369
1.71031
1.67368
1.65385
10.3171
10.0839
9.8671
9.67008
9.48094
9.28825
9.08865
8.88544
8.67969
8.48057
8.30135
8.12661
7.94232
7.76213
7.59235
7.41671
7.23822
7.08118
6.93387
6.77102
6.58992
6.44534
6.33072
6.19827
6.03364
5.88843
5.77628
5.65421
5.50211
5.37104
5.28028
5.18188
5.05581
4.9375
4.85368
4.76178
4.65384
4.52114
4.43536
4.36932
4.29341
4.20005
4.09399
4.02694
3.9606
3.88828
3.7934
3.70819
3.65923
3.60402
3.54008
3.45146
3.36846
3.33237
3.28915
3.22997
3.15566
3.10833
3.07528
3.0262
2.95891
2.89372
2.85106
2.8147
2.76972
2.71395
2.66571
2.63941
2.6152
2.58354
2.53616
2.48456
2.45052
2.41962
2.38369
2.33739
2.30249
2.28352
2.26503
2.24315
2.21287
2.16123
2.11809
2.08902
2.06785
2.04866
2.02443
2.01019
1.99868
1.98018
1.95748
1.92682
1.87477
1.8287
1.81666
1.81004
10.4374
10.2067
9.99092
9.81501
9.65603
9.49309
9.31234
9.10477
8.88105
8.67588
8.49747
8.33718
8.18931
8.03297
7.85061
7.66602
7.50681
7.34568
7.17439
7.0264
6.89677
6.7563
6.58547
6.42743
6.3194
6.20971
6.07257
5.90566
5.78263
5.68718
5.57286
5.43767
5.3306
5.24833
5.15628
5.0409
4.9133
4.82051
4.73839
4.64049
4.52671
4.45643
4.39594
4.32161
4.22029
4.11886
4.05916
3.99548
3.91303
3.83085
3.7781
3.71926
3.64229
3.56461
3.51037
3.46102
3.40364
3.34173
3.2929
3.24745
3.19746
3.14304
3.06412
3.00033
2.96954
2.93525
2.8986
2.84691
2.80395
2.77795
2.74324
2.70367
2.64893
2.58313
2.55433
2.52998
2.50434
2.47943
2.43679
2.39929
2.36799
2.32996
2.29556
2.25657
2.22905
2.21874
2.20579
2.18309
2.16204
2.13749
2.08629
2.04072
2.01656
1.99182
1.97877
1.96874
10.6691
10.3882
10.0709
9.89377
9.77797
9.65555
9.51754
9.34449
9.1187
8.87132
8.68548
8.54946
8.41782
8.27776
8.11891
7.9303
7.71862
7.54676
7.43064
7.31195
7.16542
7.01115
6.87404
6.73266
6.56779
6.41843
6.32377
6.22829
6.11102
5.95432
5.78874
5.70416
5.6243
5.51363
5.39531
5.30659
5.22067
5.12297
4.99571
4.85658
4.78901
4.73461
4.65788
4.55475
4.47589
4.41129
4.33594
4.23216
4.13148
4.08022
4.02052
3.94082
3.88424
3.83189
3.76584
3.67515
3.61614
3.57523
3.52672
3.46509
3.3904
3.3479
3.30208
3.24951
3.19692
3.12341
3.08049
3.05466
3.01969
2.97958
2.91983
2.87421
2.84122
2.79937
2.7661
2.72244
2.66537
2.64017
2.61275
2.5757
2.53541
2.48422
2.45385
2.43911
2.42125
2.40001
2.38237
2.35132
2.30108
2.26178
2.22234
2.19256
2.17476
2.14738
2.12452
2.11751
10.9601
10.8873
10.5909
10.16
9.86249
9.75341
9.65537
9.5209
9.32925
9.08742
8.89174
8.75776
8.64547
8.53058
8.38643
8.19466
7.97115
7.77759
7.63495
7.53049
7.43411
7.31679
7.16011
6.95854
6.8049
6.70156
6.5856
6.46365
6.36706
6.2632
6.1298
5.96023
5.80976
5.74243
5.68475
5.59966
5.48046
5.35729
5.25784
5.1582
5.04814
4.92844
4.86232
4.82203
4.76642
4.68974
4.573
4.4527
4.38563
4.32511
4.2423
4.16011
4.11878
4.07302
4.002
3.92777
3.86373
3.7923
3.69901
3.64355
3.61679
3.57571
3.52651
3.46259
3.39939
3.3514
3.30251
3.24793
3.17671
3.13879
3.11771
3.08417
3.04735
3.00339
2.94667
2.90495
2.86184
2.81819
2.77206
2.71665
2.68515
2.67023
2.65275
2.63139
2.60795
2.56968
2.53647
2.50001
2.45178
2.40012
2.35201
2.33408
2.32627
2.31452
2.2946
2.27889
9.57263
10.2493
10.552
10.5481
10.4389
10.2217
9.94893
9.71237
9.50397
9.29216
9.08642
8.94781
8.84756
8.73705
8.6009
8.42733
8.22221
8.03434
7.89533
7.78303
7.6752
7.56413
7.43353
7.25754
7.03619
6.89859
6.82981
6.74499
6.6336
6.5149
6.39192
6.24971
6.10101
5.96759
5.88339
5.83072
5.76297
5.66985
5.53951
5.35805
5.25812
5.20667
5.13996
5.04515
4.96859
4.9195
4.85032
4.7571
4.62787
4.49201
4.44454
4.41848
4.37137
4.29845
4.23081
4.17081
4.10013
4.00144
3.89519
3.85898
3.8278
3.77969
3.72302
3.68455
3.64113
3.57949
3.49774
3.40067
3.35821
3.3416
3.31308
3.27073
3.228
3.19975
3.16219
3.10734
3.03937
2.95821
2.90985
2.89546
2.88214
2.85984
2.83105
2.80144
2.78013
2.74872
2.70176
2.63794
2.56381
2.52761
2.51603
2.50649
2.49063
2.47553
2.44901
2.42577
3.7887
5.68908
8.01213
8.97099
9.59813
10.0005
10.1436
10.1206
10.0309
9.80014
9.49413
9.24725
9.04502
8.87459
8.75316
8.62641
8.46251
8.26874
8.13385
8.04308
7.94046
7.80875
7.66116
7.5179
7.36224
7.19702
7.03874
6.95226
6.88614
6.79309
6.65606
6.47257
6.35157
6.26255
6.16746
6.05344
5.96518
5.89865
5.80622
5.68713
5.5395
5.38996
5.33138
5.29929
5.24639
5.16883
5.06056
4.96846
4.87343
4.77918
4.685
4.59657
4.55769
4.53021
4.48315
4.41809
4.30951
4.19959
4.13663
4.0858
4.01947
3.96529
3.93783
3.90382
3.85376
3.79128
3.68372
3.5934
3.56711
3.5353
3.48409
3.45166
3.43288
3.40208
3.35409
3.28832
3.19002
3.12021
3.10547
3.08772
3.05609
3.0229
3.00658
2.98976
2.9585
2.91056
2.83437
2.74677
2.71942
2.70888
2.69099
2.66481
2.64031
2.62931
2.6156
2.58737
1.0992
1.37025
2.09924
3.37998
4.81731
6.59347
8.50553
9.15141
9.41001
9.60801
9.69528
9.68171
9.62333
9.44529
9.19544
8.93027
8.63365
8.4606
8.36965
8.25863
8.12694
8.02324
7.91408
7.77039
7.58528
7.43751
7.354
7.26316
7.13505
6.99199
6.88892
6.77705
6.64675
6.4862
6.36967
6.3118
6.24117
6.14638
6.00914
5.89308
5.8047
5.70838
5.61618
5.50248
5.43089
5.3884
5.32106
5.23467
5.11156
4.96827
4.90591
4.85921
4.80648
4.729
4.66507
4.62186
4.55158
4.46484
4.36192
4.25223
4.20596
4.18767
4.15409
4.10921
4.04219
3.97458
3.90083
3.82676
3.75795
3.69432
3.6664
3.65031
3.62087
3.58231
3.53706
3.45629
3.36606
3.3234
3.29244
3.24904
3.21844
3.20647
3.19095
3.15884
3.11699
3.05616
2.95962
2.9141
2.89729
2.8727
2.83927
2.82164
2.8137
2.79808
2.76979
2.73092
1.00018
1.00193
1.01309
1.0689
1.24527
1.7065
2.69655
4.17986
5.47513
7.06324
8.53982
8.95572
9.14997
9.28824
9.34752
9.31754
9.23365
9.07387
8.86351
8.60883
8.38898
8.23658
8.06923
7.89702
7.80296
7.72605
7.62466
7.48082
7.36274
7.26937
7.1585
7.01421
6.86703
6.77236
6.69215
6.58889
6.44836
6.31854
6.24831
6.16806
6.06744
5.94365
5.82688
5.76887
5.70571
5.62196
5.50628
5.40744
5.34263
5.25999
5.17622
5.07375
4.98497
4.94514
4.90139
4.83983
4.75873
4.64352
4.56593
4.50678
4.45413
4.39065
4.31743
4.28614
4.2532
4.19116
4.11853
4.02241
3.924
3.89296
3.87491
3.84275
3.80007
3.75151
3.71129
3.65279
3.57765
3.50126
3.43983
3.41726
3.40758
3.38734
3.35626
3.32429
3.27414
3.19717
3.12893
3.09133
3.05555
3.02071
3.00593
2.99943
2.98056
2.95059
2.91637
2.85742
1
1
1.00001
1.00011
1.00091
1.00654
1.03444
1.14752
1.43002
2.03087
3.15302
4.70508
5.79544
7.15427
8.43236
8.73174
8.84013
8.94981
8.99857
8.9843
8.91969
8.79012
8.55674
8.34833
8.15811
7.92117
7.77069
7.69587
7.60246
7.47029
7.34488
7.25515
7.15348
7.02892
6.92435
6.83686
6.72539
6.60868
6.51244
6.40595
6.27515
6.16602
6.10914
6.03724
5.94084
5.80965
5.70414
5.64763
5.5756
5.48957
5.38057
5.30792
5.25813
5.19156
5.10197
4.99337
4.93807
4.88628
4.81672
4.74358
4.64184
4.56964
4.54025
4.49996
4.44862
4.38095
4.2864
4.21735
4.16294
4.11717
4.06489
4.00226
3.97509
3.95187
3.90454
3.83885
3.74904
3.65881
3.63139
3.61606
3.58987
3.55608
3.51564
3.48367
3.43932
3.37013
3.29701
3.2333
3.2055
3.1958
3.18582
3.16217
3.13669
3.10476
3.05375
2.98714
1
1
1
1
1
1
1.00004
1.0004
1.00264
1.01434
1.06364
1.2388
1.60445
2.2569
3.423
4.96978
5.8827
7.00666
8.18411
8.49176
8.54901
8.64134
8.67589
8.67624
8.63198
8.53138
8.35838
8.14532
7.87443
7.6968
7.60392
7.48746
7.33927
7.24435
7.16125
7.04895
6.92467
6.85139
6.77641
6.67349
6.53058
6.4396
6.36923
6.28001
6.15575
6.04529
5.97412
5.88997
5.77865
5.67249
5.62646
5.57566
5.50148
5.39177
5.2711
5.21901
5.16958
5.1061
5.01593
4.93418
4.88316
4.8258
4.76504
4.67613
4.58962
4.5611
4.5229
4.45539
4.38224
4.29057
4.2267
4.2103
4.18545
4.13335
4.07699
4.00298
3.91212
3.86827
3.83631
3.79691
3.7453
3.71927
3.70028
3.6629
3.60417
3.51809
3.43084
3.4029
3.39311
3.37535
3.35144
3.32003
3.28966
3.25638
3.20056
3.12829
1
1
1
1
1
1
1
1
1
1.00001
1.00012
1.00094
1.00527
1.02338
1.0903
1.31377
1.72983
2.35611
3.54054
4.96817
5.75239
6.82601
7.90401
8.15036
8.24043
8.34376
8.41515
8.41615
8.37437
8.30046
8.14177
7.90917
7.72651
7.59051
7.41479
7.23243
7.16056
7.09096
6.98472
6.84096
6.76068
6.69223
6.60429
6.4863
6.4065
6.34251
6.25319
6.118
5.98683
5.93935
5.88715
5.80836
5.69321
5.60558
5.53533
5.45745
5.35039
5.27309
5.24017
5.19311
5.12663
5.01615
4.92295
4.88084
4.82844
4.7677
4.71362
4.65498
4.56688
4.47662
4.45055
4.42007
4.36659
4.30783
4.23708
4.17751
4.12549
4.07316
4.01545
3.95433
3.93261
3.9159
3.87878
3.82585
3.74625
3.65117
3.62143
3.60277
3.57643
3.53613
3.50955
3.49328
3.46325
3.41059
3.32546
3.24035
1
1
1
1
1
1
1
1
1
1
1
1
1
1.00002
1.00022
1.00156
1.0082
1.02987
1.10787
1.34935
1.76095
2.36851
3.47829
4.76224
5.51927
6.57014
7.56317
7.78829
7.93921
8.05816
8.14921
8.17203
8.14675
8.09559
7.95233
7.76831
7.60935
7.42241
7.22244
7.13147
7.05006
6.92592
6.75931
6.68434
6.62915
6.55234
6.43936
6.35004
6.29589
6.22675
6.12045
6.00316
5.94343
5.87799
5.78889
5.65523
5.57069
5.53648
5.48327
5.40131
5.29724
5.23529
5.17536
5.10639
5.0061
4.94642
4.9184
4.87153
4.7933
4.69932
4.65196
4.60691
4.55121
4.47881
4.42616
4.38142
4.32471
4.25233
4.17923
4.15793
4.13845
4.09917
4.04769
3.96841
3.89326
3.84805
3.81514
3.77036
3.73116
3.71732
3.70188
3.66857
3.61844
3.53246
3.43553
3.4131
1
1
1
1
1
1
1
1
1
1
1
1
1
1
1
1
1
1.00003
1.0003
1.00202
1.00955
1.03244
1.11071
1.33593
1.71294
2.29087
3.23351
4.48491
5.22093
6.08327
7.18237
7.50044
7.65343
7.77469
7.87132
7.93151
7.9291
7.88522
7.78384
7.64005
7.47816
7.27536
7.13885
7.05029
6.92551
6.73069
6.62636
6.57637
6.50593
6.40102
6.311
6.26295
6.19769
6.10315
5.97744
5.91453
5.87154
5.80631
5.70399
5.59093
5.5384
5.47951
5.40144
5.28713
5.22343
5.19011
5.13784
5.05632
4.95843
4.91703
4.87391
4.81807
4.73748
4.67435
4.63314
4.57903
4.50531
4.42182
4.39574
4.3738
4.33338
4.27591
4.20273
4.14049
4.08336
4.03077
3.96803
3.93841
3.92916
3.90867
3.87379
3.82392
3.73807
3.66116
3.62084
3.5935
1
1
1
1
1
1
1
1
1
1
1
1
1
1
1
1
1
1
1
1
1.00001
1.00004
1.00033
1.00203
1.00872
1.03056
1.09566
1.28657
1.62382
2.10354
2.96033
4.09867
4.78367
5.63872
6.77608
7.07817
7.29331
7.49676
7.63932
7.72017
7.71577
7.66146
7.59051
7.5031
7.38794
7.22171
7.08635
6.96646
6.78814
6.62156
6.56698
6.5009
6.39115
6.25089
6.19676
6.15468
6.09334
5.99973
5.91484
5.86667
5.80211
5.71123
5.58829
5.5329
5.4983
5.44121
5.34852
5.23449
5.19034
5.14639
5.08509
4.99405
4.93775
4.90081
4.84575
4.76616
4.66873
4.63835
4.61651
4.5759
4.51498
4.4525
4.40067
4.3382
4.26923
4.18933
4.15826
4.14959
4.12374
4.08324
4.02631
3.96814
3.90019
3.83779
3.77608
3.72683
1
1
1
1
1
1
1
1
1
1
1
1
1
1
1
1
1
1
1
1
1
1
1
1
1.00001
1.00004
1.00028
1.00157
1.00712
1.02423
1.07297
1.22986
1.49519
1.87538
2.69047
3.55441
4.19678
5.29011
6.25231
6.51084
6.87974
7.26697
7.44631
7.48906
7.45588
7.39864
7.38572
7.38023
7.30761
7.17434
7.0401
6.89513
6.70018
6.57824
6.51206
6.41643
6.2565
6.167
6.13307
6.07603
5.99185
5.88437
5.83893
5.80059
5.74019
5.63918
5.55231
5.51135
5.45722
5.38029
5.27357
5.22394
5.18835
5.12984
5.03891
4.93058
4.89728
4.86705
4.81864
4.74545
4.68827
4.65021
4.59236
4.51865
4.42175
4.37946
4.36831
4.34029
4.28887
4.22742
4.19459
4.15164
4.08405
4.05131
4.06681
4.11757
1
1
1
1
1
1
1
1
1
1
1
1
1
1
1
1
1
1
1
1
1
1
1
1
1
1
1
1
1
1.00003
1.00018
1.0011
1.00527
1.0154
1.0528
1.16761
1.33183
1.70113
2.29942
2.90279
3.88644
4.67711
5.28168
6.23384
6.73318
6.83665
7.00565
7.12867
7.2468
7.29783
7.29114
7.22656
7.12106
7.04961
6.97527
6.87348
6.7196
6.58918
6.47508
6.31228
6.16282
6.13216
6.09961
6.02482
5.89105
5.80924
5.78328
5.73554
5.66719
5.57461
5.52784
5.49061
5.42872
5.33081
5.22642
5.1929
5.15709
5.10185
5.00934
4.93605
4.90415
4.85588
4.77625
4.6677
4.63522
4.63822
4.6247
4.59648
4.62519
4.68715
4.78397
5.01765
5.37698
5.91278
6.6988
7.4384
1
1
1
1
1
1
1
1
1
1
1
1
1
1
1
1
1
1
1
1
1
1
1
1
1
1
1
1
1
1
1
1
1
1.00002
1.0001
1.00079
1.00259
1.00945
1.03663
1.08909
1.22987
1.50098
1.84186
2.54683
3.27443
3.88939
4.93528
5.57005
5.91153
6.45669
6.88131
6.94912
6.92926
6.95336
6.99679
7.04462
7.05843
7.03425
6.92981
6.77497
6.64393
6.53161
6.45325
6.36216
6.20677
6.07585
5.99788
5.9166
5.81106
5.76486
5.73599
5.68057
5.57349
5.4505
5.42406
5.40052
5.35166
5.26634
5.22414
5.22016
5.18312
5.14837
5.1869
5.28744
5.44991
5.81169
6.36191
6.99088
7.97768
8.86814
9.86893
11.0761
11.8262
12.7839
13.6256
13.8302
1
1
1
1
1
1
1
1
1
1
1
1
1
1
1
1
1
1
1
1
1
1
1
1
1
1
1
1
1
1
1
1
1
1
1
1
1
1.00001
1.00006
1.00028
1.00126
1.00581
1.0159
1.05075
1.1447
1.28208
1.5983
2.05905
2.57783
3.38021
4.08661
4.75487
5.51394
6.05119
6.24815
6.46642
6.74373
6.84911
6.87886
6.88097
6.85485
6.84194
6.81738
6.76336
6.64437
6.52726
6.42235
6.28017
6.21736
6.18862
6.13945
6.04454
5.97112
5.98077
6.00083
6.04363
6.14133
6.32071
6.61288
7.01702
7.54296
8.34552
9.42376
10.3777
11.5053
12.9918
13.8473
14.7298
15.8589
16.2896
16.7507
17.1135
17.1307
17.1009
17.0195
16.8441
1
1
1
1
1
1
1
1
1
1
1
1
1
1
1
1
1
1
1
1
1
1
1
1
1
1
1
1
1
1
1
1
1
1
1
1
1
1
1
1
1
1
1.00002
1.0001
1.00066
1.00208
1.00777
1.0262
1.06421
1.16443
1.34195
1.64739
2.07842
2.67868
3.42333
3.93437
4.61574
5.49391
5.74301
5.96748
6.36373
6.59529
6.62713
6.68446
6.80592
6.99998
7.26556
7.43029
7.59166
7.94396
8.40506
8.68684
9.16987
9.91837
10.5648
11.4547
12.1872
12.8989
13.9668
14.5822
15.1414
16.0761
16.5051
16.7227
17.0806
17.2352
17.2505
17.274
17.2481
17.0646
16.9335
16.8423
16.5596
16.3243
16.0161
15.6791
1
1
1
1
1
1
1
1
1
1
1
1
1
1
1
1
1
1
1
1
1
1
1
1
1
1
1
1
1
1
1
1
1
1
1
1
1
1
1
1
1
1
1
1
1
1
1.00001
1.00004
1.00017
1.00087
1.00295
1.01034
1.0299
1.07338
1.1906
1.36969
1.6616
2.18691
2.78007
3.59185
4.58608
5.52397
6.78342
8.18038
9.38352
10.6951
12.2657
13.8226
15.3412
16.933
18.4198
19.8136
21.2533
22.4381
23.6116
24.6953
25.1705
25.5987
26.1323
26.1316
25.8452
25.5627
24.9857
24.3073
23.5315
22.644
21.6089
20.4724
19.3562
18.3279
17.4121
16.5847
15.8909
15.3141
14.7981
14.3343
)
;

boundaryField
{
    inlet
    {
        type            fixedValue;
        value           uniform 1;
    }
    outlet
    {
        type            zeroGradient;
    }
    bottom
    {
        type            symmetryPlane;
    }
    top
    {
        type            symmetryPlane;
    }
    obstacle
    {
        type            zeroGradient;
    }
    defaultFaces
    {
        type            empty;
    }
    procBoundary2to0
    {
        type            processor;
        value           nonuniform List<scalar> 
192
(
1
1
1
1
1
1
1
1
1
1
1
1
1
1
1
1
1
1
1
1
1
1
1
1
1
1
1
1
1
1
1
1
1
1
1
1
1
1
1
1
1
1
1
1
1
1
1
1
1
1
1
1
1
1
1
1
1
1
1
1
1
1
1
1
1
1
1
1
1.00225
1.04451
2.0644
5.28365
13.2071
14.7683
15.09
14.9032
14.7269
14.6162
14.4451
14.2688
14.0818
13.8808
13.6677
13.4459
13.2111
12.965
12.706
12.4337
12.1509
11.8555
11.5428
11.2236
10.9032
10.5846
10.274
9.96065
9.64492
9.32496
9.01033
8.69981
8.40133
8.10233
7.80597
7.54185
7.28448
7.00227
6.73696
6.51505
6.2861
6.03117
5.81728
5.64689
5.46519
5.24376
5.01689
4.87579
4.75171
4.60443
4.41382
4.26883
4.1677
4.05029
3.90862
3.73788
3.64494
3.58521
3.50751
3.40612
3.26007
3.16785
3.10568
3.03181
2.94235
2.83206
2.78148
2.74657
2.69267
2.62107
2.51181
2.44954
2.42167
2.37867
2.32487
2.25362
2.21429
2.19188
2.15672
2.10542
2.02868
1.98658
1.97273
1.94787
1.91327
1.86583
1.83719
1.82128
1.79729
1.7625
1.70957
1.66287
1.65551
1.64924
1.63002
1.60175
1.56739
1.54681
1.52692
1.50115
1.46846
1.42634
1.40856
1.40727
1.40414
1.39119
1.36749
1.34158
1.3217
1.30225
1.28309
1.26175
1.25366
1.24993
1.24574
1.23925
1.22523
1.19956
1.18023
1.17722
1.17669
1.17446
1.1707
1.16814
)
;
    }
    procBoundary2to1
    {
        type            processor;
        value           nonuniform List<scalar> 8(1.23138 1.37105 1.49382 1.64647 1.79925 1.95162 2.10592 2.25851);
    }
    procBoundary2to3
    {
        type            processor;
        value           nonuniform List<scalar> 
16
(
2.40211
2.54822
2.66486
2.78625
2.93236
3.06141
3.21465
3.40176
3.55117
3.71698
4.2338
8.31841
14.1582
16.6124
15.3391
13.9381
)
;
    }
}


// ************************************************************************* //
