/*--------------------------------*- C++ -*----------------------------------*\
  =========                 |
  \\      /  F ield         | OpenFOAM: The Open Source CFD Toolbox
   \\    /   O peration     | Website:  https://openfoam.org
    \\  /    A nd           | Version:  7
     \\/     M anipulation  |
\*---------------------------------------------------------------------------*/
FoamFile
{
    version     2.0;
    format      ascii;
    class       volScalarField;
    location    "3.4";
    object      T;
}
// * * * * * * * * * * * * * * * * * * * * * * * * * * * * * * * * * * * * * //

dimensions      [0 0 0 1 0 0 0];

internalField   nonuniform List<scalar> 
4608
(
3.03503
3.02759
3.01639
2.99779
2.98887
2.98178
2.97469
2.96936
2.95979
2.95334
2.94909
2.94152
2.93189
2.91777
2.90216
2.89751
2.89338
2.88757
2.88374
2.87739
2.86775
2.85986
2.85044
2.84075
2.82972
2.81997
2.81722
2.81543
2.81074
2.80493
2.79858
2.78594
2.77312
2.76584
2.7594
2.75598
2.7524
2.74712
2.74332
2.73825
2.72997
2.71959
2.70503
2.69262
2.69169
2.69328
2.69617
2.7057
2.72717
2.79275
2.93597
3.11415
3.37437
3.62668
3.76527
3.93341
4.02819
4.03434
4.0297
4.01849
4.00551
3.99924
3.97894
3.94933
3.917
3.88399
3.86405
3.85139
3.84296
3.83209
3.82039
3.80649
3.7902
3.77757
3.76611
3.75564
3.74457
3.73299
3.71951
3.70249
3.68343
3.66575
3.65118
3.63806
3.62493
3.611
3.59566
3.57838
3.56244
3.55024
3.53883
3.52761
3.5162
3.50399
3.49039
3.47612
3.46404
3.4533
3.44267
3.4315
3.41931
3.40491
3.39096
3.37901
3.36633
3.35573
3.34632
3.33479
3.32081
3.30751
3.29787
3.28999
3.28246
3.27222
3.26066
3.24936
3.23971
3.23142
3.22618
3.22318
3.21757
3.20585
3.19234
3.17872
3.16779
3.15801
3.14919
3.14608
3.1431
3.13357
3.1236
3.1141
3.1055
3.09795
3.09498
3.09579
3.09719
3.09702
3.09561
3.09089
3.08898
3.08951
3.09189
3.09186
3.0913
3.09145
3.09399
3.09317
3.09014
3.08728
3.08695
3.08425
3.07879
3.07621
3.07668
3.07567
3.07116
3.06292
3.05771
3.05466
3.04966
3.04437
3.04015
3.03644
3.02992
3.02332
3.01873
3.015
3.0116
3.00696
3.00208
3.00216
3.0002
2.99714
2.99907
3.00483
3.01909
3.04453
3.06678
3.09534
3.14078
3.18846
3.23834
3.28563
3.32618
3.37507
3.4347
3.46337
3.48565
3.51936
3.55396
3.56752
3.58213
3.60504
3.61871
3.62596
3.64042
3.65882
3.66685
3.67524
3.68649
3.69431
3.69866
3.70236
3.70191
3.69928
3.69467
3.69162
3.68872
3.68406
3.67864
3.67451
3.67092
3.66656
3.66338
3.66088
3.65763
3.6537
3.6505
3.64865
3.64699
3.64601
3.64506
3.64473
3.64363
3.64273
3.64144
3.6398
3.63832
3.6378
3.63824
3.63799
3.63718
3.63609
3.6345
3.63287
3.63104
3.62974
3.62893
3.62772
3.62702
3.62565
3.62377
3.62182
3.6195
3.61769
3.61566
3.61366
3.61273
3.61234
3.6118
3.61073
3.60892
3.60661
3.60496
3.60292
3.60089
3.60003
3.59892
3.59826
3.59808
3.59696
3.59496
3.59218
3.58799
3.58483
3.58356
3.58233
3.58227
3.58227
3.5814
3.57995
3.57749
3.5732
3.56881
3.56515
3.56468
3.56507
3.56484
3.56453
3.56386
3.56274
3.56048
3.55615
3.55226
3.55101
3.55079
3.55012
3.05362
3.03915
3.0274
3.01622
3.00795
2.99812
2.99065
2.98903
2.98633
2.97983
2.97095
2.95609
2.93774
2.93171
2.9274
2.92248
2.91844
2.91171
2.906
2.90022
2.89089
2.87854
2.86256
2.85419
2.85207
2.8504
2.84651
2.84151
2.83586
2.82507
2.81243
2.80294
2.79536
2.79078
2.78569
2.78148
2.7792
2.77538
2.76959
2.7598
2.74123
2.73489
2.73529
2.74142
2.76746
2.8229
2.95769
3.15473
3.35728
3.63812
3.82867
3.94322
4.08154
4.12723
4.12564
4.10304
4.07413
4.05154
4.03788
4.01914
3.99478
3.96834
3.93865
3.90789
3.89087
3.87946
3.87149
3.86312
3.85311
3.83986
3.82132
3.8036
3.79075
3.77907
3.76693
3.75313
3.73756
3.71988
3.69978
3.68077
3.66646
3.65315
3.63936
3.62488
3.60954
3.59235
3.57517
3.56263
3.55109
3.53882
3.52538
3.51104
3.49504
3.4778
3.46401
3.45143
3.43801
3.42422
3.41058
3.39653
3.38045
3.36288
3.34998
3.33816
3.32564
3.31352
3.3015
3.2883
3.2731
3.26003
3.24946
3.23967
3.22927
3.21771
3.20552
3.1919
3.17795
3.16678
3.15728
3.14744
3.13662
3.12504
3.11186
3.0988
3.08963
3.08085
3.06967
3.06026
3.05126
3.04044
3.0317
3.02465
3.01791
3.01113
3.00459
2.9982
2.98803
2.97794
2.96886
2.95981
2.95394
2.94988
2.9416
2.93377
2.92444
2.91384
2.9051
2.89808
2.89255
2.89107
2.89293
2.89323
2.88817
2.87799
2.87129
2.87124
2.87295
2.87545
2.87678
2.87808
2.87854
2.87999
2.8809
2.87852
2.87388
2.86979
2.8695
2.86953
2.86812
2.86597
2.86151
2.85841
2.85694
2.85224
2.84466
2.83863
2.8337
2.83341
2.83364
2.83209
2.83362
2.84076
2.85366
2.86977
2.88789
2.90981
2.94583
2.99342
3.03059
3.06951
3.13221
3.17863
3.21039
3.25879
3.30258
3.32441
3.35202
3.39509
3.41718
3.42801
3.44827
3.46746
3.47658
3.4865
3.50522
3.5181
3.52299
3.53263
3.54558
3.55355
3.55682
3.56149
3.56263
3.56133
3.55846
3.55545
3.55229
3.54779
3.54379
3.54123
3.53837
3.53466
3.53094
3.52978
3.52806
3.52536
3.52138
3.51772
3.51503
3.51363
3.51294
3.51267
3.51227
3.51163
3.51064
3.51074
3.51084
3.51074
3.51025
3.51044
3.5109
3.51066
3.50956
3.50806
3.50683
3.50579
3.50446
3.50332
3.50275
3.50228
3.50203
3.501
3.49949
3.49726
3.49569
3.49449
3.4929
3.4926
3.49156
3.49072
3.49063
3.48962
3.48817
3.48572
3.48325
3.48073
3.47896
3.47854
3.47858
3.47882
3.47843
3.477
3.47487
3.47225
3.46941
3.46693
3.46532
3.46554
3.46558
3.46522
3.46411
3.46212
3.46016
3.45719
3.45517
3.4545
3.45448
3.45414
3.06354
3.0514
3.0364
3.02
3.01383
3.01212
3.01072
3.00628
3.00016
2.99193
2.97524
2.96032
2.95337
2.9487
2.94346
2.93679
2.93389
2.93131
2.92538
2.91506
2.89724
2.88101
2.87735
2.87657
2.874
2.86959
2.86525
2.85908
2.84958
2.83669
2.82489
2.81808
2.81186
2.80804
2.80597
2.80422
2.80112
2.79424
2.78317
2.78204
2.79542
2.84647
2.9511
3.17807
3.4132
3.63148
3.89648
4.01551
4.09062
4.1718
4.1955
4.19284
4.17139
4.13064
4.09478
4.06776
4.0446
4.02429
4.00276
3.98044
3.95357
3.92718
3.91238
3.90077
3.89177
3.88393
3.87197
3.85753
3.83999
3.82106
3.80563
3.79153
3.77682
3.76102
3.74447
3.72668
3.70667
3.68691
3.67157
3.65775
3.64385
3.62931
3.61375
3.59658
3.57852
3.56397
3.55136
3.5386
3.52508
3.51076
3.49524
3.47858
3.46226
3.44742
3.43401
3.42094
3.40729
3.39308
3.37856
3.36355
3.34778
3.3334
3.32099
3.30835
3.29491
3.28108
3.2673
3.2532
3.23872
3.22597
3.21411
3.20161
3.18776
3.17328
3.15942
3.14595
3.13168
3.11904
3.10797
3.09633
3.08374
3.06966
3.05475
3.04391
3.03413
3.0231
3.01192
3.00191
2.99175
2.98045
2.96736
2.95591
2.94682
2.93804
2.92919
2.91898
2.90812
2.89844
2.88783
2.87521
2.86551
2.85681
2.84785
2.84029
2.83457
2.8274
2.81994
2.81231
2.80377
2.79464
2.78542
2.77797
2.7734
2.77172
2.76994
2.76275
2.75305
2.74292
2.72998
2.71965
2.71273
2.70809
2.7073
2.70839
2.70725
2.69903
2.68741
2.67852
2.6725
2.66995
2.67093
2.67377
2.67716
2.67843
2.67624
2.66926
2.66578
2.66493
2.66188
2.65679
2.65301
2.65074
2.64997
2.64986
2.64986
2.64697
2.64592
2.64854
2.65711
2.66664
2.68068
2.70451
2.73229
2.76221
2.80432
2.84754
2.8846
2.93667
2.99579
3.03375
3.07128
3.12759
3.15961
3.18221
3.22009
3.26342
3.27932
3.29462
3.31845
3.33486
3.34219
3.35474
3.37229
3.38241
3.38711
3.39582
3.4072
3.41241
3.41889
3.42517
3.43099
3.4346
3.43394
3.4318
3.42887
3.42506
3.42067
3.4169
3.41346
3.41018
3.40725
3.40445
3.40173
3.39857
3.39579
3.39333
3.3921
3.39106
3.39071
3.39044
3.38977
3.38978
3.38926
3.38911
3.38841
3.38831
3.38822
3.38826
3.38862
3.38847
3.38877
3.38865
3.38842
3.38768
3.38662
3.38568
3.38433
3.38426
3.38392
3.38331
3.38319
3.38243
3.38121
3.37889
3.37697
3.37499
3.37392
3.37382
3.37334
3.37324
3.37259
3.37107
3.36861
3.36695
3.36553
3.36485
3.36447
3.36455
3.36477
3.36422
3.36228
3.35871
3.35661
3.35497
3.35462
3.35474
3.35539
3.35557
3.06883
3.04954
3.03061
3.02586
3.02506
3.02312
3.01946
3.0148
3.00603
2.99354
2.97926
2.96957
2.96203
2.95459
2.95212
2.95124
2.94807
2.94174
2.93163
2.91361
2.89897
2.89634
2.89386
2.8898
2.88614
2.88187
2.87714
2.86962
2.85747
2.8434
2.83109
2.82664
2.82646
2.82768
2.82734
2.8303
2.84138
2.88022
2.97822
3.13949
3.42095
3.67295
3.88441
4.1215
4.19585
4.2107
4.23279
4.2279
4.23053
4.2172
4.1825
4.13916
4.09287
4.06132
4.04033
4.02331
4.00496
3.98375
3.95986
3.9361
3.92081
3.90921
3.89951
3.89088
3.87711
3.8612
3.84273
3.82152
3.80278
3.78742
3.77236
3.75649
3.73943
3.72116
3.70102
3.68031
3.66394
3.64958
3.63533
3.62052
3.60511
3.58869
3.57051
3.55319
3.53898
3.52538
3.51152
3.49716
3.48223
3.46647
3.44935
3.43362
3.42024
3.40664
3.39254
3.37845
3.36408
3.34892
3.33263
3.31811
3.30518
3.29211
3.27894
3.26555
3.25123
3.23477
3.2197
3.20695
3.19362
3.18054
3.1688
3.15671
3.14332
3.1276
3.11236
3.10056
3.08873
3.0761
3.06482
3.05381
3.04203
3.02902
3.01362
3.00006
2.98965
2.97888
2.96719
2.95603
2.94549
2.93447
2.9223
2.90756
2.89335
2.88379
2.87465
2.8643
2.85344
2.84357
2.83357
2.8226
2.80929
2.79529
2.78556
2.77767
2.77029
2.76233
2.75393
2.7456
2.73702
2.72625
2.71232
2.70168
2.69451
2.68894
2.68113
2.67265
2.66579
2.65879
2.64981
2.63805
2.62833
2.62101
2.6134
2.60687
2.60044
2.59605
2.59475
2.59219
2.58618
2.57823
2.56826
2.55856
2.55185
2.54718
2.5428
2.54078
2.54094
2.53922
2.53224
2.52106
2.50938
2.50167
2.49642
2.49231
2.49026
2.49011
2.48993
2.4872
2.47939
2.47094
2.46391
2.4617
2.46212
2.46344
2.46716
2.47408
2.48085
2.48934
2.50665
2.53417
2.56154
2.59476
2.64258
2.68888
2.73178
2.79323
2.8492
2.88668
2.93634
2.9908
3.02094
3.05257
3.09882
3.12521
3.14463
3.1704
3.19748
3.21292
3.22014
3.23151
3.2456
3.25926
3.26781
3.2713
3.27841
3.28779
3.29481
3.30076
3.30682
3.31021
3.31093
3.31028
3.30842
3.30582
3.30295
3.29981
3.29654
3.29308
3.29068
3.28886
3.28582
3.283
3.28219
3.28145
3.27962
3.27643
3.27503
3.27391
3.27331
3.27261
3.27321
3.27424
3.27509
3.27511
3.27472
3.27449
3.27344
3.27375
3.27462
3.27561
3.27623
3.27605
3.2752
3.27263
3.27177
3.27104
3.27105
3.27123
3.27106
3.27103
3.27004
3.26791
3.26431
3.26319
3.26309
3.26342
3.2639
3.26422
3.26475
3.26433
3.26253
3.25817
3.25574
3.25465
3.25468
3.25503
3.25573
3.2563
3.05913
3.03899
3.03661
3.03434
3.03054
3.02358
3.01864
3.0164
3.01037
2.99774
2.978
2.96539
2.96315
2.96226
2.96095
2.9576
2.95338
2.94504
2.92657
2.91264
2.90893
2.90612
2.90157
2.89524
2.89247
2.88985
2.88413
2.87425
2.85382
2.84541
2.84586
2.84983
2.86795
2.9086
3.01119
3.18973
3.4051
3.69407
3.91967
4.07557
4.24391
4.32749
4.33202
4.3048
4.2602
4.23192
4.21385
4.19654
4.1668
4.13342
4.09479
4.05068
4.02183
4.00498
3.99067
3.97575
3.95958
3.94223
3.92186
3.90433
3.89056
3.87805
3.8642
3.84798
3.83056
3.81048
3.78811
3.76908
3.75231
3.73579
3.71912
3.70198
3.68364
3.663
3.6438
3.62822
3.61341
3.59838
3.58288
3.56683
3.54957
3.53142
3.51559
3.50122
3.48677
3.47199
3.45691
3.44113
3.42373
3.40753
3.39342
3.37946
3.36579
3.35208
3.33797
3.32305
3.30604
3.28917
3.27605
3.26306
3.24951
3.23664
3.22407
3.21092
3.19623
3.17903
3.16441
3.15258
3.14011
3.12709
3.11536
3.10387
3.09145
3.07701
3.06055
3.04806
3.03745
3.02599
3.014
3.00299
2.99204
2.98029
2.9667
2.9505
2.93796
2.92831
2.91806
2.90674
2.89562
2.88532
2.87455
2.86226
2.84723
2.83365
2.82469
2.81599
2.80619
2.79582
2.78619
2.77656
2.76588
2.75257
2.73726
2.72665
2.71877
2.71029
2.70065
2.69166
2.6834
2.6747
2.66381
2.64916
2.63655
2.62854
2.62043
2.61151
2.60411
2.59749
2.59048
2.58274
2.57353
2.562
2.54951
2.54049
2.53412
2.52829
2.52337
2.51866
2.51221
2.50547
2.49823
2.48841
2.47545
2.46742
2.46352
2.4588
2.45276
2.44722
2.44258
2.44038
2.43706
2.43106
2.42185
2.41122
2.40413
2.399
2.39422
2.39011
2.38861
2.38815
2.38643
2.38104
2.3726
2.36165
2.35225
2.3471
2.3436
2.34077
2.33921
2.33651
2.33155
2.32465
2.32208
2.32457
2.32975
2.34002
2.36032
2.38322
2.40922
2.44693
2.49057
2.53921
2.59046
2.63911
2.69598
2.75276
2.79669
2.84934
2.90045
2.92712
2.95565
3.00394
3.03002
3.0428
3.0658
3.0952
3.10848
3.11687
3.13235
3.14414
3.14925
3.15514
3.16397
3.17286
3.18023
3.18422
3.18745
3.18967
3.19247
3.19679
3.19692
3.19636
3.19535
3.19385
3.19161
3.18773
3.18341
3.18004
3.17785
3.17534
3.1748
3.17478
3.17418
3.17187
3.16818
3.16763
3.16701
3.16759
3.16791
3.16847
3.16933
3.16906
3.16825
3.1664
3.16635
3.1671
3.16824
3.16931
3.16937
3.16953
3.16856
3.1665
3.16401
3.16359
3.16399
3.16503
3.16511
3.16518
3.16569
3.1656
3.16477
3.16206
3.15953
3.15882
3.15884
3.15834
3.15786
3.15788
3.05195
3.03965
3.02915
3.02398
3.02402
3.02408
3.02083
3.01486
3.00576
2.98525
2.96923
2.9687
2.96811
2.96549
2.96137
2.9552
2.95069
2.94267
2.92859
2.9156
2.90437
2.90156
2.90133
2.90106
2.89883
2.89381
2.88457
2.88044
2.88686
2.92548
3.01328
3.20463
3.46704
3.70892
3.98773
4.16869
4.24441
4.31801
4.3671
4.3779
4.36441
4.32175
4.26148
4.2095
4.17519
4.15137
4.13169
4.10575
4.07763
4.04502
4.00706
3.98263
3.96568
3.95229
3.94187
3.92733
3.9114
3.89239
3.87023
3.85108
3.83375
3.81665
3.79899
3.78093
3.76225
3.74206
3.7214
3.70262
3.68507
3.6679
3.65083
3.63349
3.61514
3.59638
3.57978
3.56416
3.54851
3.53261
3.51624
3.4987
3.48082
3.4653
3.45068
3.43609
3.42134
3.40613
3.39004
3.37246
3.35458
3.33978
3.32652
3.31326
3.29947
3.2855
3.27149
3.25691
3.24033
3.22238
3.20864
3.19659
3.1836
3.1704
3.15818
3.14595
3.13269
3.11721
3.10032
3.08729
3.0757
3.06336
3.05124
3.04015
3.02882
3.016
3.00042
2.98458
2.97329
2.96286
2.95179
2.94066
2.93043
2.92004
2.90856
2.89467
2.87854
2.86701
2.85815
2.84885
2.83873
2.82902
2.81957
2.80944
2.79736
2.78213
2.76905
2.76077
2.75269
2.74348
2.73423
2.72565
2.71696
2.70703
2.69407
2.67871
2.66845
2.66096
2.65274
2.64426
2.63653
2.62898
2.62075
2.61047
2.59694
2.58425
2.57553
2.56732
2.55966
2.55289
2.54614
2.539
2.53118
2.52211
2.51061
2.49848
2.48825
2.47957
2.47317
2.46742
2.46138
2.45502
2.44838
2.44089
2.43102
2.41846
2.40891
2.40247
2.39584
2.39029
2.38579
2.38218
2.37874
2.37439
2.36859
2.35915
2.34527
2.33571
2.33098
2.32577
2.32061
2.31648
2.31313
2.30864
2.3044
2.30054
2.29565
2.28735
2.27763
2.27201
2.26818
2.26515
2.2628
2.26055
2.25691
2.25111
2.24291
2.23517
2.23082
2.22774
2.22716
2.22765
2.22663
2.22518
2.22665
2.23001
2.239
2.25835
2.28466
2.31571
2.35897
2.40722
2.44897
2.5022
2.56969
2.61601
2.65601
2.71972
2.76612
2.7968
2.84524
2.88393
2.90318
2.92846
2.96741
2.98488
2.99295
3.0113
3.02588
3.03254
3.03752
3.0488
3.06021
3.06764
3.07131
3.07525
3.08061
3.08572
3.09022
3.0929
3.09467
3.0945
3.09323
3.09127
3.08929
3.0869
3.08358
3.08104
3.0801
3.07981
3.07837
3.07603
3.07454
3.07325
3.07243
3.06973
3.0694
3.06983
3.06978
3.06996
3.06948
3.06941
3.06828
3.06762
3.06749
3.06743
3.06816
3.0683
3.0682
3.06792
3.06825
3.06886
3.06875
3.06825
3.06807
3.06804
3.06776
3.06658
3.06545
3.06461
3.02845
3.01762
3.01678
3.01713
3.01617
3.01423
3.01018
2.99981
2.98742
2.97504
2.96839
2.96293
2.95689
2.95669
2.95706
2.9535
2.94554
2.93251
2.91347
2.90501
2.90504
2.90631
2.90776
2.91227
2.92751
2.96776
3.06452
3.22043
3.48387
3.76651
3.97461
4.21411
4.35281
4.36958
4.39363
4.38616
4.3736
4.36272
4.32543
4.27713
4.2256
4.16896
4.12615
4.09874
4.0797
4.0622
4.0375
4.01231
3.98347
3.95417
3.9344
3.9182
3.90507
3.89399
3.87559
3.85651
3.83588
3.81175
3.78926
3.77049
3.75247
3.73465
3.71649
3.69804
3.67882
3.6582
3.63838
3.62087
3.60395
3.58705
3.5701
3.55292
3.53531
3.51772
3.50109
3.48516
3.46938
3.45356
3.43731
3.42013
3.40297
3.38699
3.37165
3.35704
3.34269
3.32786
3.31236
3.2963
3.27958
3.26207
3.24715
3.23447
3.2215
3.20767
3.19391
3.18047
3.16665
3.15071
3.13307
3.11938
3.10714
3.09395
3.08156
3.07035
3.05881
3.04614
3.03136
3.01554
3.0024
2.99033
2.97851
2.968
2.95773
2.94677
2.93423
2.91935
2.90439
2.89267
2.88232
2.87213
2.86241
2.85317
2.84361
2.83297
2.81987
2.80411
2.79223
2.78374
2.77544
2.76647
2.75797
2.74972
2.74073
2.72939
2.71418
2.70037
2.69212
2.68464
2.67618
2.66807
2.66053
2.65281
2.6438
2.63154
2.61694
2.6067
2.5992
2.59145
2.58426
2.57756
2.57074
2.56313
2.55368
2.54144
2.52943
2.52018
2.51208
2.50577
2.50002
2.49385
2.48711
2.47997
2.47205
2.46163
2.45001
2.43977
2.43113
2.42543
2.42079
2.41573
2.41004
2.40365
2.3965
2.38727
2.37549
2.36561
2.35812
2.35245
2.34801
2.3435
2.33868
2.33383
2.3285
2.32221
2.31393
2.30326
2.29348
2.28609
2.28044
2.27512
2.26914
2.26317
2.25846
2.25514
2.25203
2.24828
2.24213
2.2313
2.22039
2.21523
2.21249
2.20986
2.20621
2.20188
2.19693
2.19064
2.18274
2.17472
2.16951
2.16669
2.16491
2.16388
2.16325
2.16171
2.15869
2.15295
2.14508
2.13989
2.13888
2.14008
2.14327
2.14798
2.15782
2.17171
2.18542
2.20769
2.246
2.28614
2.32985
2.38822
2.44219
2.48769
2.55334
2.61067
2.64357
2.6856
2.74598
2.77019
2.7899
2.8313
2.85975
2.87103
2.88893
2.91444
2.92544
2.9333
2.94681
2.95726
2.96495
2.97012
2.9743
2.9809
2.98766
2.99131
2.99264
2.99407
2.99788
3.00096
3.00039
2.99908
2.99809
2.99742
2.99659
2.99415
2.9909
2.98834
2.98706
2.9852
2.98293
2.98225
2.98071
2.97982
2.97798
2.97735
2.97779
2.97752
2.97706
2.97546
2.97526
2.97554
2.97544
2.97617
2.97703
2.97854
2.97864
2.97839
2.97822
2.97735
2.99884
2.99959
2.99898
2.99696
2.99345
2.99087
2.98888
2.98126
2.96724
2.95048
2.94546
2.94549
2.94578
2.9448
2.94238
2.93754
2.92427
2.91317
2.91325
2.92038
2.94488
2.99681
3.12098
3.3156
3.53035
3.8192
4.04494
4.19036
4.35069
4.43926
4.43769
4.42739
4.39661
4.35823
4.32651
4.29146
4.25355
4.2136
4.1678
4.11679
4.07234
4.04389
4.02135
4.00326
3.98489
3.96476
3.943
3.91646
3.88865
3.86845
3.85088
3.83604
3.82121
3.80218
3.78225
3.7606
3.73583
3.71206
3.69357
3.67642
3.65893
3.64081
3.62234
3.6031
3.58264
3.5626
3.54554
3.5296
3.51376
3.49758
3.48084
3.46326
3.44424
3.42551
3.40958
3.39471
3.37996
3.36503
3.34969
3.334
3.3174
3.29968
3.28263
3.26725
3.25356
3.24015
3.22652
3.2126
3.19813
3.18188
3.16263
3.14687
3.13441
3.12173
3.10838
3.09616
3.08444
3.0717
3.05693
3.04046
3.02506
3.01116
2.99861
2.98818
2.97809
2.96738
2.95573
2.94285
2.92851
2.9134
2.9004
2.89064
2.88151
2.87203
2.86185
2.85066
2.83772
2.82294
2.80975
2.79943
2.79028
2.78141
2.77313
2.76481
2.75564
2.74408
2.72852
2.71528
2.70715
2.69974
2.69212
2.6852
2.67825
2.67034
2.66013
2.64573
2.63158
2.62311
2.61597
2.6084
2.60173
2.59546
2.58874
2.58048
2.56981
2.55709
2.54599
2.53732
2.53097
2.52549
2.5199
2.51385
2.5071
2.49903
2.48853
2.47688
2.46644
2.45984
2.45514
2.45032
2.44481
2.4388
2.4328
2.42608
2.41679
2.40559
2.39442
2.38765
2.38372
2.38018
2.37581
2.37062
2.36483
2.35766
2.34781
2.33705
2.32961
2.32365
2.31839
2.31464
2.3108
2.30618
2.30068
2.2944
2.28718
2.27863
2.27029
2.26369
2.25844
2.2535
2.24742
2.23914
2.2312
2.22536
2.22119
2.21797
2.21454
2.20998
2.20325
2.19367
2.18417
2.17808
2.1741
2.17053
2.16697
2.16345
2.15915
2.15254
2.14192
2.13334
2.12974
2.12781
2.12643
2.12504
2.12325
2.12047
2.11553
2.10693
2.0993
2.09578
2.09364
2.09283
2.09328
2.09457
2.09466
2.09344
2.08816
2.08071
2.07924
2.08114
2.08772
2.0979
2.11362
2.14029
2.16941
2.19719
2.2398
2.29247
2.33468
2.38536
2.45022
2.49462
2.5339
2.59536
2.63512
2.66029
2.69956
2.753
2.76801
2.78101
2.81048
2.83191
2.83854
2.84966
2.86401
2.87106
2.87524
2.88372
2.89296
2.90032
2.90548
2.90893
2.91237
2.91578
2.91802
2.91953
2.92166
2.92181
2.91987
2.91604
2.91271
2.9104
2.90694
2.9046
2.90381
2.90303
2.90099
2.89668
2.89473
2.89298
2.89263
2.89232
2.89222
2.89333
2.89387
2.89446
2.89445
2.89379
2.97348
2.97174
2.96702
2.96313
2.96477
2.96466
2.95969
2.94652
2.92624
2.92187
2.92428
2.92591
2.92571
2.92639
2.93217
2.94556
2.97906
3.0516
3.18481
3.41659
3.65448
3.86642
4.12058
4.2572
4.3289
4.4247
4.43248
4.42406
4.40666
4.36448
4.31563
4.26728
4.21912
4.17975
4.14577
4.11077
4.07503
4.03837
3.99921
3.96756
3.94548
3.92697
3.91197
3.89341
3.87231
3.85064
3.82554
3.79983
3.77937
3.7605
3.74318
3.72546
3.70651
3.68681
3.6648
3.63991
3.6187
3.60126
3.58458
3.568
3.55109
3.53386
3.51529
3.49363
3.4719
3.45502
3.4399
3.42511
3.41013
3.39488
3.37915
3.36217
3.34301
3.32289
3.30557
3.29145
3.27811
3.26468
3.25095
3.23674
3.22133
3.20374
3.18517
3.16907
3.15519
3.14297
3.13125
3.11916
3.10652
3.09295
3.07654
3.05656
3.04123
3.02967
3.01788
3.00647
2.99584
2.98482
2.97297
2.95961
2.94388
2.9274
2.91319
2.90307
2.8943
2.88518
2.87527
2.86506
2.85397
2.8394
2.82216
2.81168
2.80394
2.79595
2.78748
2.77871
2.7694
2.7583
2.7441
2.72968
2.71918
2.71077
2.70337
2.69678
2.69007
2.68238
2.67223
2.6586
2.64491
2.63572
2.62908
2.62318
2.6176
2.61182
2.60508
2.59633
2.58423
2.57076
2.56082
2.55331
2.54752
2.5422
2.53663
2.5306
2.52388
2.51555
2.50392
2.49057
2.48292
2.47834
2.47376
2.46866
2.46303
2.45702
2.45013
2.44084
2.42818
2.41869
2.41412
2.41012
2.40544
2.40013
2.39534
2.3906
2.38428
2.37491
2.36157
2.35252
2.34917
2.34658
2.34322
2.33904
2.33428
2.3284
2.31978
2.30942
2.3018
2.29629
2.29169
2.28812
2.28496
2.28141
2.27684
2.27037
2.26157
2.25373
2.24906
2.24547
2.24184
2.23773
2.23245
2.22439
2.2131
2.20427
2.19917
2.19633
2.19428
2.19209
2.18923
2.18491
2.17761
2.16722
2.15812
2.15306
2.14979
2.14795
2.14661
2.14464
2.14032
2.13197
2.12222
2.1148
2.11043
2.10797
2.10587
2.10372
2.10167
2.09841
2.09214
2.08299
2.0756
2.07197
2.07028
2.06958
2.06876
2.06742
2.06518
2.06045
2.0527
2.04744
2.04626
2.04589
2.04589
2.04682
2.04829
2.04824
2.04572
2.04409
2.04495
2.04702
2.0556
2.07469
2.09606
2.12365
2.1653
2.20535
2.24428
2.30356
2.3612
2.40063
2.45384
2.5137
2.54737
2.58153
2.63604
2.66089
2.6767
2.70834
2.7444
2.75202
2.76247
2.7826
2.79747
2.80241
2.80891
2.82014
2.82628
2.8263
2.82816
2.83242
2.83758
2.84151
2.84319
2.84454
2.84655
2.84775
2.84717
2.84431
2.84052
2.83698
2.83422
2.82999
2.82636
2.82523
2.82518
2.82487
2.8241
2.82294
2.93902
2.93298
2.92784
2.93033
2.9324
2.92993
2.91832
2.90555
2.90545
2.91254
2.93306
2.97282
3.04458
3.17085
3.3337
3.54442
3.79309
3.96891
4.14407
4.30752
4.3535
4.41254
4.42097
4.40131
4.37404
4.34301
4.30731
4.26656
4.22538
4.17731
4.13322
4.09295
4.05088
4.01412
3.98353
3.95451
3.92613
3.89711
3.86832
3.84526
3.82469
3.80582
3.78662
3.76683
3.74565
3.72126
3.69479
3.67407
3.65642
3.63888
3.62099
3.60281
3.58432
3.56425
3.53998
3.51534
3.49806
3.48272
3.46719
3.45137
3.43542
3.41923
3.40196
3.38214
3.35991
3.3402
3.32511
3.31125
3.2975
3.28382
3.26991
3.25516
3.23838
3.21882
3.19902
3.18277
3.17013
3.15823
3.14629
3.1341
3.12132
3.10653
3.08846
3.06993
3.05573
3.04414
3.03357
3.02337
3.01273
3.00143
2.98877
2.97224
2.9526
2.93874
2.92901
2.91967
2.91015
2.90034
2.89024
2.87947
2.86615
2.85
2.83449
2.82374
2.81595
2.80822
2.79997
2.79148
2.78272
2.77159
2.75483
2.73983
2.73252
2.72635
2.71955
2.71239
2.70514
2.69733
2.68742
2.67357
2.65893
2.64901
2.64145
2.63564
2.63059
2.62499
2.61835
2.61026
2.59918
2.585
2.57391
2.56807
2.56374
2.55926
2.55433
2.54887
2.54218
2.5323
2.51886
2.50774
2.50092
2.49601
2.49156
2.48703
2.4823
2.47691
2.46935
2.45721
2.44459
2.43875
2.43491
2.43061
2.42565
2.42094
2.41643
2.41044
2.40026
2.38757
2.38044
2.3768
2.3729
2.36856
2.36496
2.36142
2.35693
2.3503
2.33875
2.3262
2.32186
2.3195
2.31681
2.3137
2.3102
2.30565
2.2982
2.28827
2.28125
2.27689
2.2731
2.26972
2.26676
2.26349
2.25859
2.2502
2.24097
2.23658
2.2343
2.23207
2.22966
2.22747
2.22522
2.22162
2.2136
2.19832
2.18561
2.18123
2.17882
2.17639
2.17414
2.1726
2.17147
2.16987
2.16583
2.15657
2.14404
2.13606
2.13204
2.12904
2.12536
2.12029
2.11775
2.11658
2.11482
2.11212
2.10904
2.10568
2.10079
2.0922
2.08255
2.07754
2.07499
2.07273
2.07016
2.06763
2.06547
2.06341
2.06064
2.05515
2.0455
2.03604
2.03103
2.02983
2.02926
2.02896
2.02807
2.02619
2.02386
2.02135
2.0177
2.01251
2.00866
2.0071
2.00672
2.00625
2.00589
2.00541
2.00568
2.00736
2.01334
2.02375
2.03948
2.06778
2.10379
2.1376
2.18195
2.2381
2.28151
2.32574
2.38955
2.43613
2.46781
2.52067
2.57673
2.59551
2.61488
2.66066
2.68663
2.68817
2.69702
2.72092
2.73235
2.73841
2.74888
2.75747
2.76301
2.76672
2.77141
2.77813
2.77967
2.77953
2.7797
2.7795
2.77902
2.77907
2.78012
2.78058
2.78015
2.77689
2.89527
2.8903
2.89454
2.90392
2.9161
2.93627
2.97342
3.05612
3.18073
3.35077
3.56556
3.74465
3.94354
4.11583
4.19772
4.29721
4.34364
4.35571
4.34971
4.34117
4.30468
4.26213
4.21751
4.16797
4.12722
4.0913
4.05059
4.01371
3.98187
3.9478
3.91524
3.8895
3.86358
3.83908
3.8164
3.79297
3.7691
3.74568
3.72295
3.70085
3.67959
3.65957
3.64035
3.6212
3.60069
3.5777
3.55449
3.5344
3.51696
3.5
3.48335
3.46707
3.45041
3.43284
3.41236
3.38926
3.37018
3.35449
3.33982
3.32598
3.31134
3.29626
3.28103
3.2651
3.24797
3.22861
3.20868
3.19358
3.18072
3.1683
3.15673
3.14481
3.13165
3.11679
3.09888
3.0806
3.06562
3.0533
3.04274
3.03254
3.02234
3.01134
2.99778
2.98122
2.96427
2.95137
2.94202
2.93313
2.92436
2.91539
2.90554
2.89424
2.87896
2.86011
2.84831
2.84078
2.83344
2.82588
2.81772
2.80869
2.79825
2.7847
2.76872
2.75733
2.74957
2.74239
2.73588
2.72931
2.72214
2.71384
2.70146
2.68388
2.67314
2.66821
2.66341
2.65805
2.65255
2.64663
2.6394
2.62939
2.61533
2.60158
2.59348
2.58821
2.58326
2.57865
2.57412
2.5689
2.56196
2.55074
2.53539
2.52618
2.52235
2.51886
2.51499
2.51102
2.50665
2.50076
2.49103
2.47768
2.4678
2.46188
2.45818
2.45498
2.45154
2.44758
2.4422
2.43332
2.42041
2.41151
2.40746
2.40367
2.39942
2.39567
2.39213
2.38743
2.37923
2.36676
2.35815
2.35474
2.35174
2.3484
2.34568
2.34302
2.33929
2.33285
2.32054
2.30819
2.30442
2.30242
2.30049
2.29844
2.29598
2.29201
2.28378
2.27274
2.26616
2.2623
2.25888
2.25619
2.25451
2.25309
2.25091
2.24612
2.23635
2.22573
2.22133
2.2196
2.21852
2.2178
2.21694
2.21485
2.2085
2.19838
2.19365
2.19122
2.18794
2.1847
2.1819
2.17917
2.1759
2.1698
2.1599
2.15471
2.15339
2.15233
2.14958
2.1448
2.14054
2.13611
2.12972
2.11981
2.11011
2.10437
2.10048
2.09639
2.09356
2.09211
2.0911
2.08961
2.08593
2.07802
2.06918
2.06539
2.06348
2.0614
2.05885
2.05596
2.05254
2.04775
2.04036
2.03256
2.02891
2.02714
2.02509
2.02236
2.01919
2.01569
2.01183
2.00795
2.0038
1.99925
1.99661
1.99516
1.99375
1.99236
1.9906
1.98887
1.98648
1.98259
1.97832
1.97792
1.97918
1.98204
1.98575
1.98941
1.9919
1.99565
2.00684
2.02957
2.05601
2.08711
2.1342
2.18725
2.22578
2.27241
2.33669
2.37904
2.40943
2.46469
2.51017
2.53192
2.56508
2.61053
2.62376
2.63522
2.66114
2.67697
2.67979
2.68817
2.69959
2.70353
2.70541
2.70894
2.71103
2.71324
2.71624
2.72148
2.9325
3.00274
3.10339
3.24684
3.44552
3.61346
3.79965
3.974
4.06541
4.18489
4.25944
4.29105
4.33959
4.33773
4.32505
4.29627
4.26487
4.23425
4.2005
4.16218
4.12337
4.0795
4.03066
3.9844
3.94355
3.9039
3.86464
3.8302
3.79716
3.76574
3.7376
3.71315
3.69004
3.66619
3.64378
3.622
3.60137
3.5817
3.562
3.54274
3.523
3.50436
3.48657
3.46952
3.45269
3.43451
3.41625
3.3972
3.37912
3.36336
3.34754
3.333
3.31878
3.30375
3.28862
3.27109
3.25327
3.23778
3.22151
3.20727
3.19505
3.18131
3.16801
3.15537
3.14237
3.12939
3.1137
3.09487
3.08022
3.06755
3.05555
3.04644
3.03677
3.02623
3.01513
3.00069
2.98466
2.96998
2.9572
2.94796
2.93951
2.93141
2.92233
2.91089
2.89769
2.88313
2.87093
2.86219
2.85402
2.8467
2.83967
2.83189
2.82253
2.80821
2.79175
2.78198
2.77468
2.76829
2.76247
2.75539
2.74756
2.739
2.72681
2.71221
2.70244
2.69463
2.68836
2.68382
2.67871
2.67262
2.66503
2.65253
2.63532
2.62706
2.62285
2.61836
2.61473
2.61103
2.60581
2.59927
2.59056
2.57697
2.56272
2.55568
2.55063
2.54586
2.54267
2.53951
2.53553
2.52954
2.51859
2.50335
2.49421
2.49038
2.48716
2.484
2.48089
2.47758
2.47291
2.46433
2.45162
2.43983
2.43491
2.43239
2.4297
2.42656
2.42284
2.41766
2.40897
2.39692
2.38882
2.38442
2.38109
2.37832
2.37556
2.37233
2.36801
2.36049
2.34848
2.33989
2.33566
2.33223
2.33015
2.32837
2.32592
2.3225
2.31752
2.30823
2.29603
2.28991
2.28734
2.28509
2.28251
2.2793
2.27481
2.26744
2.25918
2.25396
2.25039
2.2475
2.24522
2.24301
2.23963
2.23267
2.22188
2.21513
2.2125
2.21062
2.209
2.20773
2.20653
2.20512
2.20347
2.2006
2.19264
2.1801
2.17356
2.17116
2.16947
2.16818
2.16769
2.16784
2.16701
2.16483
2.16138
2.1541
2.14158
2.13354
2.13141
2.13014
2.12939
2.12845
2.12652
2.12378
2.12014
2.11632
2.11398
2.11284
2.11138
2.10919
2.10558
2.09807
2.0883
2.08613
2.08591
2.08522
2.08383
2.0819
2.07912
2.07414
2.06567
2.05804
2.05503
2.05317
2.05105
2.04851
2.04568
2.04249
2.03891
2.03491
2.02965
2.02204
2.01531
2.01224
2.01093
2.00977
2.00785
2.00468
2.00051
1.99617
1.99124
1.9842
1.97699
1.97462
1.97448
1.97389
1.97106
1.9623
1.95306
1.94984
1.94926
1.94938
1.95125
1.95865
1.9673
1.97451
1.98728
2.00747
2.02546
2.04982
2.09483
2.1373
2.17709
2.23564
2.28492
2.32322
2.38044
2.42233
2.44801
2.48862
2.53887
2.55544
2.57003
2.60065
2.61424
2.61802
2.62525
2.64431
3.72643
3.8998
3.98349
4.09351
4.17603
4.17909
4.20189
4.20085
4.18382
4.15789
4.12555
4.09821
4.07399
4.04605
4.01507
3.98262
3.95218
3.91851
3.87955
3.85045
3.825
3.79425
3.76753
3.74395
3.71958
3.695
3.67077
3.64676
3.62244
3.59943
3.578
3.5588
3.5399
3.52085
3.50038
3.48046
3.46174
3.44414
3.42644
3.40906
3.3926
3.37713
3.36195
3.3461
3.3315
3.31708
3.30271
3.28739
3.27054
3.2561
3.24249
3.2292
3.21735
3.20379
3.19046
3.17793
3.16361
3.15039
3.13756
3.12295
3.11043
3.09825
3.0852
3.07436
3.0641
3.05382
3.04329
3.02963
3.01539
3.00271
2.98831
2.97759
2.97054
2.9624
2.95438
2.94562
2.93395
2.92048
2.9067
2.89617
2.8875
2.87952
2.87266
2.86471
2.85536
2.84508
2.83349
2.82349
2.81562
2.80831
2.80153
2.79503
2.78817
2.7785
2.76474
2.75437
2.74665
2.73891
2.73366
2.72808
2.72048
2.71314
2.70476
2.69205
2.68107
2.67493
2.66911
2.66288
2.65727
2.65131
2.64481
2.63572
2.62098
2.61144
2.60704
2.60201
2.59822
2.59583
2.59136
2.58412
2.5763
2.56583
2.55215
2.54486
2.54057
2.5351
2.53124
2.52814
2.52418
2.51882
2.50976
2.49639
2.48599
2.48137
2.47821
2.47517
2.47203
2.46877
2.46477
2.4578
2.44656
2.43438
2.42748
2.42501
2.42284
2.42022
2.41713
2.41285
2.40567
2.39375
2.38224
2.37711
2.37457
2.37209
2.36911
2.36568
2.36163
2.35538
2.34572
2.33748
2.33252
2.33021
2.32878
2.32696
2.32404
2.31931
2.3117
2.30066
2.29349
2.29132
2.28974
2.28784
2.28503
2.27949
2.26833
2.25983
2.25726
2.25508
2.25235
2.24969
2.2476
2.24564
2.24289
2.2374
2.22652
2.2144
2.2076
2.20509
2.20419
2.20339
2.20225
2.2004
2.19714
2.1909
2.18052
2.17259
2.1703
2.1691
2.16789
2.16659
2.16498
2.16216
2.15576
2.14481
2.13695
2.13472
2.13359
2.13281
2.13186
2.13013
2.12623
2.11836
2.10914
2.10381
2.10149
2.09975
2.09812
2.09635
2.09399
2.09073
2.0856
2.07646
2.07031
2.06984
2.06939
2.06851
2.0671
2.06494
2.06137
2.05495
2.0466
2.04204
2.03994
2.03791
2.03584
2.03364
2.03097
2.02786
2.02441
2.0201
2.01348
2.00574
2.00205
2.00072
1.99955
1.99803
1.99552
1.99157
1.98659
1.98156
1.97599
1.97124
1.97035
1.97006
1.96909
1.96614
1.95956
1.95138
1.94623
1.94241
1.93947
1.93936
1.94006
1.94132
1.94176
1.94138
1.93786
1.93233
1.92997
1.92853
1.92881
1.93029
1.93256
1.93869
1.95062
1.96425
1.98658
2.02153
2.05307
2.09139
2.14674
2.19462
2.23925
2.29512
2.3353
2.37023
2.40866
2.4675
4.21403
4.24266
4.23487
4.22692
4.21887
4.20257
4.18257
4.1587
4.12919
4.08959
4.04055
3.98233
3.92594
3.87414
3.82636
3.78357
3.74414
3.70549
3.67143
3.64181
3.61353
3.58935
3.57284
3.55911
3.5445
3.5304
3.51486
3.49802
3.48011
3.4634
3.45
3.43726
3.42583
3.41252
3.39749
3.38071
3.36368
3.34745
3.33162
3.31785
3.30484
3.29239
3.27905
3.26535
3.25128
3.23806
3.22451
3.21131
3.1994
3.18744
3.17645
3.16443
3.15178
3.13989
3.12662
3.11495
3.10417
3.09339
3.08478
3.07552
3.06507
3.05305
3.03619
3.02009
3.01095
3.00406
2.99769
2.99101
2.98355
2.97427
2.95903
2.93949
2.92717
2.91845
2.91284
2.9087
2.90377
2.89772
2.8893
2.87475
2.85675
2.84499
2.83788
2.83152
2.82667
2.82311
2.81856
2.81167
2.79927
2.78247
2.77371
2.76826
2.76191
2.75598
2.75131
2.74704
2.73974
2.72606
2.71385
2.70572
2.698
2.69368
2.69002
2.68432
2.67791
2.66981
2.65585
2.64639
2.64246
2.63687
2.63017
2.62455
2.61761
2.60882
2.60113
2.59355
2.5872
2.58355
2.5788
2.5727
2.5678
2.56118
2.55102
2.54184
2.53339
2.52603
2.52335
2.52066
2.51629
2.51067
2.50329
2.4939
2.48393
2.47636
2.47215
2.46936
2.46655
2.46364
2.46
2.45352
2.44289
2.43097
2.42401
2.42163
2.41958
2.41705
2.41399
2.40969
2.40216
2.38994
2.38016
2.376
2.37337
2.37076
2.36781
2.36465
2.36055
2.3531
2.34216
2.33443
2.33079
2.3291
2.32761
2.32566
2.32276
2.31827
2.31031
2.29801
2.29108
2.28895
2.28724
2.28538
2.28292
2.27813
2.26823
2.25865
2.25484
2.2523
2.24964
2.24719
2.24511
2.24302
2.24026
2.23451
2.22294
2.21312
2.20926
2.2071
2.20601
2.20495
2.20343
2.20116
2.19718
2.18908
2.17668
2.16981
2.16757
2.16567
2.16391
2.16226
2.16023
2.15732
2.15262
2.1449
2.13717
2.13353
2.13153
2.12974
2.12777
2.12499
2.12043
2.11312
2.10483
2.0996
2.09748
2.09612
2.09463
2.09273
2.0902
2.08675
2.08066
2.07094
2.06682
2.06615
2.06539
2.06431
2.06285
2.06072
2.05712
2.05038
2.04275
2.03939
2.03699
2.03436
2.03261
2.03062
2.02804
2.02516
2.02207
2.01785
2.01038
2.00291
2.00079
1.99984
1.99871
1.99708
1.99432
1.99003
1.98451
1.97837
1.97235
1.97006
1.97015
1.97012
1.96967
1.96784
1.96236
1.95341
1.94575
1.93988
1.93713
1.93706
1.93727
1.93781
1.93797
1.93729
1.93285
1.92592
1.92282
1.9213
1.91984
1.91833
1.91578
1.91387
1.9132
1.91203
1.911
1.91123
1.91238
1.91483
1.92115
1.9288
1.93616
1.94946
1.96955
1.99344
2.02161
2.09249
3.9383
3.93953
3.92993
3.92329
3.91576
3.89722
3.88367
3.86202
3.83403
3.81535
3.78753
3.76863
3.753
3.73263
3.71269
3.69328
3.67378
3.65477
3.6346
3.61183
3.58983
3.57155
3.55537
3.54282
3.53046
3.51785
3.50299
3.48686
3.46957
3.45273
3.4399
3.42806
3.41779
3.40636
3.39425
3.38045
3.36528
3.34978
3.33587
3.32496
3.31425
3.30353
3.29225
3.28052
3.26693
3.25325
3.23954
3.22793
3.21818
3.20764
3.1979
3.18684
3.17477
3.16294
3.14855
3.13667
3.12733
3.11806
3.11038
3.10134
3.09104
3.07937
3.06246
3.04689
3.03855
3.03148
3.02513
3.01904
3.01169
3.00242
2.98778
2.96628
2.9538
2.94747
2.94283
2.93872
2.93369
2.92735
2.91803
2.90099
2.88111
2.87156
2.86584
2.86083
2.85682
2.85302
2.8481
2.8398
2.82341
2.8045
2.7983
2.79472
2.7899
2.78511
2.78097
2.77594
2.76635
2.74911
2.73387
2.72725
2.72437
2.72185
2.71819
2.71255
2.70611
2.69614
2.67868
2.66763
2.66451
2.66
2.65437
2.65029
2.64535
2.63783
2.62798
2.61592
2.60659
2.60318
2.59969
2.5959
2.59281
2.58746
2.57862
2.56809
2.55492
2.54603
2.54359
2.5406
2.53602
2.53117
2.5259
2.51908
2.50929
2.49788
2.4911
2.48832
2.48594
2.48351
2.4803
2.47452
2.46482
2.45219
2.44404
2.44137
2.43905
2.4362
2.43294
2.42874
2.42158
2.40999
2.40021
2.39532
2.39222
2.38943
2.38661
2.38372
2.37965
2.37156
2.35974
2.35211
2.34943
2.34782
2.34616
2.34394
2.34059
2.33556
2.32666
2.3147
2.30867
2.30626
2.30408
2.30186
2.29927
2.29444
2.28455
2.27498
2.27074
2.26783
2.2652
2.26307
2.2612
2.25922
2.25641
2.24994
2.23755
2.22939
2.22642
2.22451
2.22346
2.22209
2.2199
2.2169
2.21207
2.20244
2.18943
2.18364
2.18137
2.17909
2.17721
2.17567
2.17387
2.17149
2.16747
2.1596
2.14986
2.14554
2.14379
2.14215
2.14028
2.1377
2.13331
2.12633
2.11862
2.11393
2.11264
2.11163
2.11012
2.1079
2.10499
2.10091
2.09345
2.08527
2.08291
2.08188
2.08071
2.07935
2.07771
2.07544
2.07161
2.06475
2.05772
2.05334
2.04971
2.04797
2.04671
2.04493
2.04259
2.03994
2.03682
2.03192
2.02359
2.01755
2.01636
2.01577
2.01496
2.01347
2.01063
2.00583
1.99898
1.99197
1.98853
1.98828
1.98838
1.98834
1.98799
1.98631
1.98077
1.97085
1.96138
1.95563
1.95352
1.95245
1.95177
1.95178
1.95182
1.95098
1.94585
1.93745
1.93401
1.9322
1.92932
1.92537
1.92202
1.91959
1.91743
1.91422
1.90846
1.90532
1.90492
1.90469
1.90452
1.90399
1.90188
1.89672
1.8925
1.89238
1.89308
1.89941
3.99235
3.92958
3.86922
3.8131
3.76075
3.71536
3.68314
3.65588
3.63543
3.61806
3.60768
3.59802
3.5861
3.57073
3.56561
3.56218
3.55559
3.54741
3.53789
3.52465
3.50924
3.49332
3.47813
3.46461
3.4524
3.4422
3.42882
3.41268
3.39501
3.37913
3.3676
3.35603
3.34525
3.33474
3.32529
3.31353
3.29913
3.28394
3.27277
3.26426
3.25509
3.24551
3.23639
3.22685
3.21435
3.2006
3.1871
3.17815
3.17069
3.16132
3.15138
3.14049
3.12987
3.11911
3.10571
3.09367
3.08381
3.07553
3.06925
3.06086
3.05026
3.03762
3.02079
3.0074
3.00007
2.99332
2.98668
2.97989
2.97219
2.9627
2.94793
2.9281
2.91665
2.91023
2.90624
2.90262
2.89744
2.89039
2.87964
2.86137
2.84374
2.83591
2.83057
2.82582
2.82198
2.81823
2.81267
2.80283
2.78465
2.7686
2.76433
2.76108
2.75692
2.75247
2.74765
2.74112
2.72971
2.71148
2.69955
2.69465
2.69186
2.68965
2.68634
2.68077
2.67351
2.66187
2.64376
2.63484
2.63226
2.62831
2.62342
2.61898
2.6138
2.60618
2.59537
2.58392
2.5757
2.57136
2.56777
2.56496
2.56261
2.55792
2.54966
2.5383
2.52334
2.51524
2.51342
2.51068
2.50635
2.50168
2.49682
2.49052
2.48081
2.46927
2.46228
2.45909
2.4568
2.45485
2.45209
2.44676
2.43746
2.42384
2.416
2.41395
2.41177
2.40877
2.40531
2.40105
2.3941
2.38312
2.37388
2.36907
2.36568
2.36266
2.35998
2.35739
2.3535
2.34566
2.33409
2.3261
2.32376
2.32243
2.32093
2.31881
2.31542
2.30998
2.3005
2.28919
2.28424
2.2821
2.27991
2.27759
2.2748
2.26964
2.25966
2.25075
2.24675
2.24378
2.2411
2.23904
2.2373
2.23542
2.23256
2.22605
2.21438
2.20596
2.20192
2.20071
2.20019
2.1991
2.19691
2.19363
2.18838
2.17845
2.16618
2.16115
2.15888
2.1564
2.15425
2.15257
2.15088
2.14868
2.14459
2.13639
2.12668
2.12239
2.12068
2.11917
2.11748
2.11503
2.11065
2.10369
2.09561
2.09145
2.09072
2.0899
2.08845
2.08615
2.08311
2.07834
2.06936
2.06259
2.06152
2.06063
2.05929
2.05771
2.05594
2.0536
2.04969
2.04291
2.0363
2.03143
2.02806
2.02666
2.02541
2.02365
2.02153
2.01903
2.01585
2.01089
2.00324
1.99771
1.9964
1.9959
1.99515
1.99366
1.99074
1.98562
1.97827
1.97172
1.96961
1.9696
1.9697
1.96962
1.96919
1.96736
1.96172
1.95166
1.94087
1.93648
1.93591
1.93536
1.93456
1.93412
1.93389
1.93277
1.92742
1.91898
1.91567
1.91387
1.91082
1.90655
1.90277
1.90007
1.8977
1.89421
1.88924
1.88669
1.88621
1.88595
1.88548
1.88439
1.88185
1.87575
1.86899
1.86673
1.86572
1.8638
)
;

boundaryField
{
    inlet
    {
        type            fixedValue;
        value           nonuniform 0();
    }
    outlet
    {
        type            inletOutlet;
        inletValue      uniform 1;
        value           nonuniform List<scalar> 
16
(
3.55037
3.45432
3.35573
3.25644
3.15796
3.06462
2.97723
2.89364
2.8229
2.77695
2.72174
2.64508
2.46755
2.09296
1.89975
1.86403
)
;
    }
    bottom
    {
        type            symmetryPlane;
    }
    top
    {
        type            symmetryPlane;
    }
    obstacle
    {
        type            zeroGradient;
    }
    defaultFaces
    {
        type            empty;
    }
    procBoundary3to1
    {
        type            processor;
        value           nonuniform List<scalar> 
288
(
3.00045
2.99557
2.98996
2.98181
2.9729
2.95754
2.94265
2.93769
2.93135
2.92557
2.91953
2.91002
2.90303
2.89581
2.8866
2.8758
2.8605
2.85121
2.84887
2.84528
2.83993
2.83492
2.82631
2.81517
2.80442
2.79335
2.78689
2.78074
2.77435
2.77191
2.76867
2.76288
2.75504
2.74184
2.72671
2.72074
2.71682
2.71335
2.71004
2.70592
2.70077
2.69362
2.68308
2.66889
2.65911
2.65568
2.65104
2.64625
2.6457
2.64381
2.64528
2.65223
2.67865
2.7646
2.90275
3.11195
3.38911
3.56345
3.7304
3.89611
3.92762
3.94974
3.95629
3.95542
3.95015
3.92878
3.89494
3.86301
3.83722
3.82062
3.80897
3.79853
3.78649
3.77206
3.75524
3.74331
3.73497
3.72755
3.72011
3.70965
3.69772
3.68384
3.66864
3.6552
3.64249
3.63028
3.61748
3.60366
3.59028
3.5766
3.56298
3.55254
3.54383
3.53396
3.52215
3.50856
3.49808
3.48958
3.48293
3.47904
3.47226
3.4623
3.45003
3.43817
3.42868
3.42058
3.41494
3.40887
3.39835
3.38679
3.37387
3.36132
3.35013
3.33996
3.33635
3.33705
3.33425
3.32511
3.31654
3.30857
3.30501
3.30643
3.3124
3.31448
3.3144
3.31531
3.31668
3.31429
3.31084
3.3113
3.31075
3.30955
3.30957
3.31181
3.31233
3.30873
3.30322
3.30267
3.29998
3.29552
3.29277
3.28946
3.28587
3.27905
3.27005
3.26315
3.26074
3.25774
3.25067
3.24258
3.23744
3.23349
3.22766
3.22225
3.21824
3.21334
3.20644
3.19954
3.19544
3.19171
3.18489
3.17757
3.17091
3.16623
3.1562
3.14737
3.1407
3.14125
3.14382
3.14894
3.16376
3.18689
3.21875
3.26404
3.31057
3.36093
3.4278
3.47469
3.51268
3.5685
3.61647
3.64023
3.67071
3.69741
3.71501
3.73895
3.75646
3.76286
3.77474
3.78925
3.80088
3.80971
3.82305
3.83023
3.83514
3.83812
3.8375
3.83496
3.83101
3.82818
3.82567
3.82239
3.81894
3.81626
3.81269
3.80703
3.80226
3.79844
3.79484
3.79122
3.78798
3.78443
3.78157
3.77984
3.77888
3.77741
3.77595
3.77541
3.77494
3.77404
3.77237
3.77089
3.76945
3.76787
3.76597
3.76414
3.7623
3.76051
3.75851
3.75649
3.75507
3.75353
3.75203
3.75023
3.74835
3.74636
3.74392
3.74203
3.73955
3.73763
3.73641
3.7345
3.73356
3.73241
3.73015
3.72796
3.72475
3.72207
3.72138
3.72026
3.71958
3.71877
3.717
3.71542
3.71306
3.70948
3.70667
3.70404
3.70305
3.70262
3.70189
3.70054
3.69801
3.69461
3.69014
3.68652
3.68399
3.68271
3.68173
3.68061
3.67985
3.6783
3.67528
3.67088
3.66515
3.66314
3.66292
3.66215
3.66158
3.66103
3.66005
3.65853
3.65498
3.65051
3.64704
3.64544
3.6448
3.6434
)
;
    }
    procBoundary3to2
    {
        type            processor;
        value           nonuniform List<scalar> 
16
(
3.04224
3.06291
3.07129
3.08019
3.07872
3.06658
3.04836
3.0104
2.97373
2.94204
2.90192
2.89941
3.55324
4.1586
3.93183
4.05911
)
;
    }
}


// ************************************************************************* //
