/*--------------------------------*- C++ -*----------------------------------*\
  =========                 |
  \\      /  F ield         | OpenFOAM: The Open Source CFD Toolbox
   \\    /   O peration     | Website:  https://openfoam.org
    \\  /    A nd           | Version:  7
     \\/     M anipulation  |
\*---------------------------------------------------------------------------*/
FoamFile
{
    version     2.0;
    format      ascii;
    class       volVectorField;
    location    "1";
    object      U;
}
// * * * * * * * * * * * * * * * * * * * * * * * * * * * * * * * * * * * * * //

dimensions      [0 1 -1 0 0 0 0];

internalField   nonuniform List<vector> 
4608
(
(4 6.51858e-17 0)
(4 3.75518e-17 0)
(4 9.83244e-17 0)
(4 3.10802e-16 0)
(4 3.27945e-16 0)
(4 3.29423e-16 0)
(4 3.10004e-16 0)
(4 -1.67219e-16 0)
(4 -1.33655e-16 0)
(4 2.08841e-16 0)
(4 1.52301e-15 0)
(4 2.79042e-15 0)
(4 3.19707e-15 0)
(4 2.25977e-15 0)
(4 8.92857e-16 0)
(4 -3.66488e-16 0)
(4 -1.72496e-16 0)
(4 5.1001e-18 0)
(4 2.62113e-16 0)
(4 6.76098e-16 0)
(4 6.64605e-16 0)
(4 5.34115e-16 0)
(4 1.11652e-16 0)
(4 -2.02896e-15 0)
(4 -2.68517e-15 0)
(4 -8.47267e-16 0)
(4 2.30056e-16 0)
(4 -3.28345e-17 0)
(4 -4.15407e-16 0)
(4 -1.02632e-15 0)
(4 -1.5253e-15 0)
(4 -1.56795e-15 0)
(4 -1.59109e-15 0)
(4 -1.54131e-15 0)
(4 -1.32931e-15 0)
(4 -9.6291e-16 0)
(4 -1.30809e-15 0)
(4 -4.82407e-16 0)
(4 -1.1117e-15 0)
(4 -8.4062e-16 0)
(4 -7.43405e-16 0)
(4 -1.46401e-16 0)
(4 7.29281e-16 0)
(4 1.61281e-15 0)
(4 1.51932e-15 0)
(4 1.33762e-15 0)
(4 1.21489e-15 0)
(4 6.3045e-16 0)
(4 2.56029e-16 0)
(4 -1.45056e-16 0)
(4 -4.04033e-16 0)
(4 -5.22336e-16 0)
(4 -2.44911e-16 0)
(4 -6.7128e-16 0)
(4 6.82469e-16 0)
(4 1.4861e-15 0)
(4 2.01293e-15 0)
(4 3.37956e-15 0)
(2.42776 0.00689789 0)
(0.913796 0.00963568 0)
(0.815618 0.0122459 0)
(0.793857 0.00839664 0)
(0.771382 0.00775564 0)
(0.74971 0.00792324 0)
(0.727084 0.00895437 0)
(0.702394 0.0111055 0)
(0.673358 0.0136073 0)
(0.640572 0.0144466 0)
(0.609296 0.0122557 0)
(0.584825 0.00945009 0)
(0.566767 0.00841151 0)
(0.54979 0.008848 0)
(0.535572 0.00974299 0)
(0.518755 0.00997312 0)
(0.500103 0.00937454 0)
(0.480694 0.0086218 0)
(0.459836 0.00886134 0)
(0.43931 0.0100488 0)
(0.418018 0.0114044 0)
(0.395469 0.0119432 0)
(0.372659 0.0113906 0)
(0.349776 0.0106773 0)
(0.327034 0.0103975 0)
(0.304819 0.0105003 0)
(0.283465 0.0108689 0)
(0.262165 0.011167 0)
(0.239479 0.0114158 0)
(0.215208 0.0115595 0)
(0.190796 0.0116735 0)
(0.165655 0.0119649 0)
(0.142871 0.0124393 0)
(0.119006 0.0128793 0)
(0.0933392 0.0132095 0)
(0.0663844 0.0135164 0)
(0.0391309 0.0137351 0)
(0.0125713 0.0138817 0)
(4 2.83066e-16 0)
(4 2.10925e-16 0)
(4 1.65736e-16 0)
(4 2.3258e-16 0)
(4 4.62534e-16 0)
(4 4.99132e-16 0)
(4 2.67739e-16 0)
(4 -2.10457e-16 0)
(4 3.22067e-17 0)
(4 3.63581e-16 0)
(4 1.27389e-15 0)
(4 2.19437e-15 0)
(4 1.85265e-15 0)
(4 4.17861e-16 0)
(4 -1.28914e-15 0)
(4 -1.76816e-15 0)
(4 -1.04938e-15 0)
(4 1.0387e-16 0)
(4 5.97254e-16 0)
(4 1.49736e-15 0)
(4 2.00846e-15 0)
(4 9.44286e-16 0)
(4 -3.57062e-16 0)
(4 -2.05575e-15 0)
(4 -2.22184e-15 0)
(4 -1.43706e-15 0)
(4 -1.71064e-16 0)
(4 5.99616e-16 0)
(4 -1.88221e-15 0)
(4 -3.21818e-15 0)
(4 -2.95889e-15 0)
(4 -2.57287e-15 0)
(4 -2.50742e-15 0)
(4 -1.2178e-15 0)
(4 -5.74186e-16 0)
(4 -4.66359e-16 0)
(4 -8.35681e-16 0)
(4 -2.45419e-16 0)
(4 6.55972e-16 0)
(4 8.46092e-16 0)
(4 7.41399e-16 0)
(4 8.7226e-16 0)
(4 1.7906e-15 0)
(4 3.35087e-15 0)
(4 3.83146e-15 0)
(4 1.93804e-15 0)
(4 1.45468e-15 0)
(4 4.13454e-16 0)
(4 -7.99652e-16 0)
(4 -1.67039e-15 0)
(4 -2.51745e-15 0)
(4 -2.73864e-15 0)
(4 -2.15941e-15 0)
(4 -1.39182e-15 0)
(4 -5.94723e-16 0)
(4 4.35734e-17 0)
(4 4.95539e-16 0)
(4 1.49132e-15 0)
(2.43599 0.0301875 0)
(0.908667 0.0367604 0)
(0.809398 0.0345199 0)
(0.789899 0.0248555 0)
(0.766947 0.0227528 0)
(0.74463 0.0233605 0)
(0.72066 0.0265908 0)
(0.694409 0.0326886 0)
(0.664414 0.0390098 0)
(0.632148 0.0402305 0)
(0.603029 0.034412 0)
(0.580276 0.0274317 0)
(0.562571 0.0248524 0)
(0.54561 0.026175 0)
(0.531296 0.0288309 0)
(0.514264 0.0292632 0)
(0.495587 0.0275203 0)
(0.475844 0.0253469 0)
(0.45453 0.0258872 0)
(0.43366 0.029461 0)
(0.412198 0.0334181 0)
(0.38964 0.0347166 0)
(0.367346 0.0330871 0)
(0.345041 0.0312431 0)
(0.322712 0.0307243 0)
(0.30077 0.0311476 0)
(0.27962 0.0321507 0)
(0.258504 0.0329087 0)
(0.236321 0.0336415 0)
(0.212939 0.034503 0)
(0.189193 0.0356663 0)
(0.164936 0.0371315 0)
(0.141814 0.0382634 0)
(0.117668 0.0388638 0)
(0.0921852 0.0392785 0)
(0.0657955 0.0401081 0)
(0.0389452 0.0410781 0)
(0.0123664 0.0420105 0)
(4 -4.12794e-17 0)
(4 -2.73697e-16 0)
(4 -4.18599e-16 0)
(4 -7.22723e-16 0)
(4 -6.77856e-16 0)
(4 -4.74785e-16 0)
(4 -4.18373e-16 0)
(4 -3.80967e-16 0)
(4 -2.63364e-16 0)
(4 6.04875e-16 0)
(4 -2.45403e-16 0)
(4 -7.41608e-16 0)
(4 -1.45999e-15 0)
(4 -2.14565e-15 0)
(4 -2.30865e-15 0)
(4 -1.9716e-15 0)
(4 -9.11492e-16 0)
(4 3.63302e-16 0)
(4 4.31252e-16 0)
(4 1.09518e-15 0)
(4 9.19468e-16 0)
(4 8.2441e-16 0)
(4 -8.46116e-16 0)
(4 -1.72564e-15 0)
(4 -2.16279e-15 0)
(4 -1.92635e-15 0)
(4 -1.99246e-15 0)
(4 -2.25098e-15 0)
(4 -2.16421e-15 0)
(4 -1.67028e-15 0)
(4 -1.63056e-15 0)
(4 -2.7193e-15 0)
(4 -2.31174e-15 0)
(4 -1.62327e-15 0)
(4 -1.09758e-15 0)
(4 -1.63902e-15 0)
(4 -1.65227e-15 0)
(4 -7.48545e-16 0)
(4 7.0792e-16 0)
(4 1.19346e-15 0)
(4 2.33601e-15 0)
(4 2.29185e-15 0)
(4 2.79756e-15 0)
(4 2.15628e-15 0)
(4 1.17356e-15 0)
(4 -2.80815e-16 0)
(4 -3.67794e-16 0)
(4 -9.25465e-16 0)
(4 -2.30244e-15 0)
(4 -2.5707e-15 0)
(4 -1.08323e-15 0)
(4 -6.48235e-16 0)
(4 2.24003e-16 0)
(4 1.13443e-15 0)
(4 4.31026e-16 0)
(4 -8.89029e-16 0)
(4 -4.20984e-16 0)
(4 -1.8655e-15 0)
(2.47699 0.0560543 0)
(0.914032 0.0635707 0)
(0.814234 0.0553245 0)
(0.795173 0.0423982 0)
(0.769938 0.0398362 0)
(0.745478 0.041553 0)
(0.718915 0.0474524 0)
(0.690153 0.0573576 0)
(0.658345 0.0659532 0)
(0.62607 0.0655815 0)
(0.59906 0.0556839 0)
(0.578057 0.0451252 0)
(0.560689 0.0413083 0)
(0.543874 0.0435977 0)
(0.529561 0.047907 0)
(0.512301 0.0489518 0)
(0.493554 0.046608 0)
(0.473407 0.0436025 0)
(0.451275 0.0446886 0)
(0.429332 0.049937 0)
(0.406868 0.0556562 0)
(0.383524 0.057116 0)
(0.36121 0.0542924 0)
(0.339108 0.0515231 0)
(0.316898 0.0509871 0)
(0.294928 0.0516956 0)
(0.273651 0.0530994 0)
(0.252502 0.054179 0)
(0.230916 0.0551765 0)
(0.208747 0.0566078 0)
(0.185701 0.0584927 0)
(0.162428 0.0608927 0)
(0.138662 0.0627713 0)
(0.114232 0.0640243 0)
(0.0893453 0.0649789 0)
(0.0641908 0.0666374 0)
(0.0384082 0.0682183 0)
(0.0120332 0.0698552 0)
(4 -2.21637e-16 0)
(4 -3.2712e-16 0)
(4 -3.36181e-16 0)
(4 -9.97656e-17 0)
(4 1.59454e-17 0)
(4 -1.40105e-16 0)
(4 2.10708e-16 0)
(4 1.75951e-16 0)
(4 -2.35533e-17 0)
(4 -2.48927e-16 0)
(4 -1.53289e-15 0)
(4 -1.85348e-15 0)
(4 -1.73154e-15 0)
(4 -1.3085e-15 0)
(4 -1.69695e-15 0)
(4 -1.71366e-15 0)
(4 -1.69557e-15 0)
(4 -1.35338e-15 0)
(4 -1.08735e-15 0)
(4 -4.35433e-16 0)
(4 -4.45314e-16 0)
(4 7.46506e-17 0)
(4 3.16524e-16 0)
(4 9.73159e-17 0)
(4 -1.53318e-16 0)
(4 -1.15231e-16 0)
(4 -7.61241e-16 0)
(4 -1.05557e-15 0)
(4 -6.14481e-16 0)
(4 -2.97683e-19 0)
(4 1.23825e-15 0)
(4 8.91836e-16 0)
(4 -8.24647e-16 0)
(4 -1.49972e-15 0)
(4 -1.43182e-15 0)
(4 -1.24807e-15 0)
(4 -1.38457e-15 0)
(4 -1.81187e-15 0)
(4 -1.58078e-15 0)
(4 -7.68753e-16 0)
(4 4.80964e-16 0)
(4 8.13822e-16 0)
(4 7.95881e-16 0)
(4 2.22426e-16 0)
(4 2.80549e-16 0)
(4 1.39086e-17 0)
(4 -6.81677e-16 0)
(4 -5.36647e-16 0)
(4 -3.63829e-16 0)
(4 -2.49343e-16 0)
(4 -9.26348e-19 0)
(4 -4.34958e-16 0)
(4 7.06472e-18 0)
(4 1.69628e-17 0)
(4 7.44007e-16 0)
(4 2.15937e-15 0)
(4 1.51692e-15 0)
(4 2.69676e-15 0)
(2.54452 0.0745699 0)
(0.923478 0.086167 0)
(0.820998 0.0738945 0)
(0.802354 0.0604921 0)
(0.775899 0.0580513 0)
(0.749872 0.0614112 0)
(0.721122 0.0705945 0)
(0.690259 0.0841959 0)
(0.657045 0.0933373 0)
(0.625562 0.0896435 0)
(0.600917 0.0757124 0)
(0.581258 0.0622406 0)
(0.563846 0.0575352 0)
(0.547103 0.0607253 0)
(0.532669 0.0667312 0)
(0.515 0.068652 0)
(0.495954 0.0661819 0)
(0.475153 0.0629931 0)
(0.452055 0.0649307 0)
(0.428838 0.0717676 0)
(0.405024 0.0787647 0)
(0.380564 0.0799221 0)
(0.357871 0.0758271 0)
(0.335544 0.0721876 0)
(0.313045 0.0716838 0)
(0.290601 0.0726686 0)
(0.268547 0.0742713 0)
(0.246891 0.0754247 0)
(0.225514 0.076532 0)
(0.20391 0.0782403 0)
(0.182152 0.080638 0)
(0.159238 0.0836064 0)
(0.134851 0.0862846 0)
(0.11009 0.0885198 0)
(0.0857423 0.0904572 0)
(0.0617933 0.0929312 0)
(0.0371795 0.0947702 0)
(0.0115605 0.0971198 0)
(4 2.67391e-17 0)
(4 4.24763e-16 0)
(4 6.32902e-16 0)
(4 9.0133e-16 0)
(4 1.04412e-15 0)
(4 1.01378e-15 0)
(4 7.38852e-16 0)
(4 6.73356e-16 0)
(4 8.98965e-16 0)
(4 -5.77459e-16 0)
(4 -2.29648e-15 0)
(4 -2.0578e-15 0)
(4 -1.46406e-15 0)
(4 -1.25335e-15 0)
(4 -1.00555e-15 0)
(4 -1.1355e-15 0)
(4 -1.86942e-15 0)
(4 -2.02667e-15 0)
(4 -3.01208e-16 0)
(4 -1.84728e-16 0)
(4 -6.66821e-16 0)
(4 -6.2525e-16 0)
(4 1.5858e-17 0)
(4 9.02555e-16 0)
(4 1.36286e-15 0)
(4 9.00704e-16 0)
(4 -1.97622e-16 0)
(4 -3.31171e-16 0)
(4 1.4105e-16 0)
(4 5.14953e-16 0)
(4 1.35428e-15 0)
(4 3.02222e-15 0)
(4 1.996e-15 0)
(4 1.06145e-15 0)
(4 4.69891e-16 0)
(4 2.12527e-16 0)
(4 -7.60824e-16 0)
(4 -1.47017e-15 0)
(4 -1.28387e-15 0)
(4 -5.1852e-16 0)
(4 -3.86076e-16 0)
(4 -1.70509e-16 0)
(4 -7.56867e-16 0)
(4 -8.48643e-16 0)
(4 8.80497e-17 0)
(4 4.86334e-16 0)
(4 6.27763e-16 0)
(4 9.88579e-16 0)
(4 1.57859e-15 0)
(4 2.05903e-15 0)
(4 1.64589e-15 0)
(4 1.47509e-15 0)
(4 1.1173e-15 0)
(4 8.0463e-16 0)
(4 1.11592e-15 0)
(4 1.92309e-15 0)
(4 1.64021e-15 0)
(4 -1.28339e-17 0)
(2.62006 0.0931071 0)
(0.928025 0.109006 0)
(0.821685 0.091806 0)
(0.804858 0.0792943 0)
(0.778268 0.0777589 0)
(0.751225 0.0833838 0)
(0.720629 0.0961437 0)
(0.688244 0.112378 0)
(0.654945 0.119475 0)
(0.626301 0.111402 0)
(0.605232 0.0941187 0)
(0.587561 0.0785866 0)
(0.570369 0.0733656 0)
(0.553784 0.0774954 0)
(0.538855 0.0852032 0)
(0.520407 0.0883187 0)
(0.500665 0.0862608 0)
(0.47895 0.0834713 0)
(0.454925 0.0864652 0)
(0.43062 0.0947233 0)
(0.405613 0.102504 0)
(0.380366 0.102986 0)
(0.357339 0.0976345 0)
(0.334843 0.0931936 0)
(0.311958 0.0928273 0)
(0.288954 0.0941642 0)
(0.2659 0.0959977 0)
(0.243404 0.0972653 0)
(0.221502 0.0983286 0)
(0.200314 0.100056 0)
(0.179072 0.102458 0)
(0.156212 0.105533 0)
(0.131223 0.108738 0)
(0.106027 0.112086 0)
(0.0819008 0.115269 0)
(0.0588932 0.118845 0)
(0.035279 0.120766 0)
(0.0110777 0.124046 0)
(4 -7.73037e-17 0)
(4 -2.44482e-17 0)
(4 1.74057e-16 0)
(4 2.21563e-16 0)
(4 2.6029e-16 0)
(4 3.25212e-16 0)
(4 1.85114e-16 0)
(4 2.61979e-16 0)
(4 1.32313e-16 0)
(4 1.26535e-17 0)
(4 5.96395e-16 0)
(4 1.11594e-15 0)
(4 9.5634e-16 0)
(4 5.7518e-16 0)
(4 4.28611e-16 0)
(4 6.60037e-16 0)
(4 4.36996e-16 0)
(4 4.11657e-16 0)
(4 -2.16427e-16 0)
(4 -1.28782e-15 0)
(4 -1.49293e-15 0)
(4 -8.66722e-16 0)
(4 3.15918e-16 0)
(4 6.2929e-16 0)
(4 4.16549e-16 0)
(4 -6.76353e-16 0)
(4 -1.41492e-15 0)
(4 -1.76032e-15 0)
(4 -1.45868e-15 0)
(4 -8.71121e-16 0)
(4 -2.81754e-16 0)
(4 3.85369e-16 0)
(4 4.09839e-16 0)
(4 2.40159e-16 0)
(4 -8.0475e-17 0)
(4 -6.64584e-16 0)
(4 -1.1293e-15 0)
(4 -1.27095e-15 0)
(4 -1.49146e-15 0)
(4 -1.40221e-15 0)
(4 -1.27103e-15 0)
(4 -2.51275e-16 0)
(4 2.88323e-16 0)
(4 1.1073e-15 0)
(4 2.04774e-15 0)
(4 3.32167e-15 0)
(4 4.75018e-15 0)
(4 3.79942e-15 0)
(4 1.6017e-15 0)
(4 1.31802e-15 0)
(4 1.46324e-15 0)
(4 1.51897e-15 0)
(4 1.48281e-15 0)
(4 1.65951e-15 0)
(4 1.78181e-15 0)
(4 9.26784e-16 0)
(4 7.5502e-16 0)
(4 -2.61706e-15 0)
(2.72537 0.11475 0)
(0.939485 0.132268 0)
(0.827466 0.106585 0)
(0.809471 0.0974983 0)
(0.781136 0.0985083 0)
(0.75151 0.107692 0)
(0.71823 0.123983 0)
(0.684538 0.140301 0)
(0.653022 0.1425 0)
(0.629425 0.129909 0)
(0.612595 0.110216 0)
(0.596509 0.0938832 0)
(0.578979 0.0891949 0)
(0.56172 0.0948061 0)
(0.545259 0.104487 0)
(0.525291 0.108933 0)
(0.504576 0.10739 0)
(0.481992 0.105248 0)
(0.457366 0.109174 0)
(0.432489 0.118575 0)
(0.406786 0.126677 0)
(0.381269 0.126226 0)
(0.358311 0.119558 0)
(0.335927 0.11438 0)
(0.312839 0.114206 0)
(0.289493 0.115979 0)
(0.265738 0.118148 0)
(0.242367 0.119707 0)
(0.219721 0.120835 0)
(0.198393 0.122423 0)
(0.177144 0.124498 0)
(0.154122 0.127297 0)
(0.128701 0.130662 0)
(0.103074 0.134948 0)
(0.0787111 0.139389 0)
(0.056047 0.144161 0)
(0.0329119 0.146184 0)
(0.0106996 0.150761 0)
(4 -3.28182e-16 0)
(4 -6.63906e-16 0)
(4 -6.22573e-16 0)
(4 -2.93129e-16 0)
(4 -1.92741e-16 0)
(4 -1.84286e-16 0)
(4 -1.45528e-16 0)
(4 -2.06264e-16 0)
(4 -4.51102e-16 0)
(4 2.11511e-16 0)
(4 1.37541e-15 0)
(4 1.68093e-15 0)
(4 1.7241e-15 0)
(4 1.39462e-15 0)
(4 1.39753e-15 0)
(4 1.40373e-15 0)
(4 2.04868e-15 0)
(4 1.2252e-15 0)
(4 -1.39664e-16 0)
(4 -1.04934e-15 0)
(4 -4.11814e-16 0)
(4 -1.46959e-16 0)
(4 9.01908e-16 0)
(4 8.18294e-16 0)
(4 3.38898e-16 0)
(4 9.59373e-17 0)
(4 7.00367e-17 0)
(4 -1.83317e-16 0)
(4 6.14328e-17 0)
(4 4.82508e-16 0)
(4 3.4672e-16 0)
(4 5.52764e-16 0)
(4 1.05248e-15 0)
(4 8.77215e-16 0)
(4 -2.64793e-16 0)
(4 -6.13535e-16 0)
(4 -6.21933e-16 0)
(4 -6.46924e-16 0)
(4 -5.80576e-16 0)
(4 -8.04294e-16 0)
(4 -1.36419e-15 0)
(4 -1.02494e-15 0)
(4 8.39791e-16 0)
(4 2.39199e-15 0)
(4 2.17039e-15 0)
(4 1.92723e-15 0)
(4 1.66686e-15 0)
(4 1.45439e-15 0)
(4 1.24734e-15 0)
(4 1.13732e-15 0)
(4 7.71336e-16 0)
(4 3.02467e-16 0)
(4 2.35894e-16 0)
(4 6.50568e-16 0)
(4 8.99439e-16 0)
(4 -6.37914e-16 0)
(4 -1.4873e-15 0)
(4 -1.8475e-15 0)
(2.86847 0.132443 0)
(0.96058 0.153381 0)
(0.833195 0.121916 0)
(0.811925 0.11808 0)
(0.780423 0.122041 0)
(0.747933 0.134787 0)
(0.713638 0.15297 0)
(0.681062 0.165167 0)
(0.654675 0.160894 0)
(0.637045 0.144626 0)
(0.622942 0.12401 0)
(0.60661 0.109058 0)
(0.587759 0.106241 0)
(0.56873 0.11392 0)
(0.54994 0.125458 0)
(0.528378 0.130718 0)
(0.507162 0.12925 0)
(0.484342 0.127801 0)
(0.459784 0.132437 0)
(0.434874 0.1427 0)
(0.408835 0.15083 0)
(0.383173 0.14943 0)
(0.360348 0.141596 0)
(0.338154 0.135699 0)
(0.315058 0.135716 0)
(0.291639 0.138027 0)
(0.26752 0.140594 0)
(0.243344 0.142539 0)
(0.220013 0.143861 0)
(0.198089 0.145407 0)
(0.176403 0.147088 0)
(0.153121 0.149401 0)
(0.127582 0.152604 0)
(0.101683 0.157496 0)
(0.0767409 0.162925 0)
(0.0537745 0.168895 0)
(0.0305239 0.171228 0)
(0.0104473 0.177197 0)
(4 1.85645e-16 0)
(4 3.81379e-16 0)
(4 2.66029e-16 0)
(4 2.41913e-16 0)
(4 -3.6086e-17 0)
(4 -2.40385e-16 0)
(4 -4.71678e-17 0)
(4 -2.59223e-17 0)
(4 -1.0419e-16 0)
(4 -2.36531e-16 0)
(4 2.02918e-16 0)
(4 1.45573e-15 0)
(4 1.9263e-15 0)
(4 2.04182e-15 0)
(4 1.91116e-15 0)
(4 1.38307e-15 0)
(4 6.38421e-16 0)
(4 5.99239e-16 0)
(4 6.00788e-16 0)
(4 3.09333e-16 0)
(4 3.17142e-16 0)
(4 2.12056e-16 0)
(4 -1.66816e-16 0)
(4 -3.23921e-16 0)
(4 -4.51401e-16 0)
(4 -5.56227e-16 0)
(4 1.97307e-16 0)
(4 1.11074e-15 0)
(4 9.75122e-16 0)
(4 8.38145e-16 0)
(4 3.60756e-16 0)
(4 3.30693e-16 0)
(4 1.00354e-15 0)
(4 9.43848e-16 0)
(4 4.92115e-16 0)
(4 -1.57103e-16 0)
(4 -6.25564e-16 0)
(4 -7.67947e-16 0)
(4 -7.02878e-16 0)
(4 -5.61948e-16 0)
(4 -1.58708e-15 0)
(4 -1.88065e-15 0)
(4 -1.49418e-15 0)
(4 -4.84856e-16 0)
(4 -1.0048e-15 0)
(4 -1.52836e-15 0)
(4 -2.10193e-15 0)
(4 -1.79574e-15 0)
(4 6.78122e-17 0)
(4 1.41102e-15 0)
(4 1.39587e-15 0)
(4 8.62558e-16 0)
(4 6.15553e-16 0)
(4 4.46495e-16 0)
(4 -5.44332e-16 0)
(4 -1.93178e-15 0)
(4 -1.55528e-15 0)
(4 -1.78469e-15 0)
(3.04648 0.145578 0)
(0.988556 0.174419 0)
(0.837927 0.139316 0)
(0.812829 0.141739 0)
(0.777685 0.148933 0)
(0.742803 0.163712 0)
(0.70995 0.179876 0)
(0.682014 0.184281 0)
(0.662842 0.173932 0)
(0.648188 0.156102 0)
(0.633938 0.137501 0)
(0.615957 0.125913 0)
(0.595053 0.125655 0)
(0.573944 0.135337 0)
(0.55247 0.147918 0)
(0.529861 0.153091 0)
(0.508045 0.151493 0)
(0.485597 0.15072 0)
(0.461646 0.155894 0)
(0.437147 0.166772 0)
(0.411072 0.174733 0)
(0.385309 0.172541 0)
(0.362613 0.163791 0)
(0.340656 0.157295 0)
(0.317888 0.157405 0)
(0.294947 0.160272 0)
(0.270669 0.163254 0)
(0.246155 0.165576 0)
(0.222156 0.167225 0)
(0.19931 0.168861 0)
(0.176803 0.170305 0)
(0.153152 0.172152 0)
(0.127786 0.175029 0)
(0.101874 0.180149 0)
(0.0762994 0.186193 0)
(0.0525725 0.193217 0)
(0.0288296 0.196207 0)
(0.0104303 0.203322 0)
(4 2.34997e-16 0)
(4 5.83135e-16 0)
(4 9.66281e-16 0)
(4 7.93341e-16 0)
(4 1.60607e-16 0)
(4 -4.66897e-17 0)
(4 -2.44068e-17 0)
(4 -7.91644e-17 0)
(4 -9.75177e-17 0)
(4 1.06342e-16 0)
(4 9.42451e-16 0)
(4 9.63581e-16 0)
(4 1.27746e-15 0)
(4 1.02013e-15 0)
(4 7.91402e-16 0)
(4 4.11365e-16 0)
(4 3.76529e-16 0)
(4 9.57186e-16 0)
(4 5.59997e-16 0)
(4 1.10905e-16 0)
(4 8.3444e-16 0)
(4 1.15814e-15 0)
(4 1.27162e-16 0)
(4 -6.44054e-16 0)
(4 -7.5418e-16 0)
(4 -4.11138e-16 0)
(4 1.29188e-16 0)
(4 7.50282e-17 0)
(4 -8.3817e-17 0)
(4 -6.7739e-16 0)
(4 -5.53896e-16 0)
(4 -3.82151e-16 0)
(4 9.05991e-17 0)
(4 7.64011e-16 0)
(4 7.78494e-16 0)
(4 -3.22709e-16 0)
(4 -1.78525e-15 0)
(4 -2.11124e-15 0)
(4 -2.82604e-15 0)
(4 -3.06391e-15 0)
(4 -2.84382e-15 0)
(4 -3.77617e-15 0)
(4 -3.86993e-15 0)
(4 -2.18862e-15 0)
(4 -8.64888e-16 0)
(4 -7.75383e-16 0)
(4 -7.33831e-16 0)
(4 -1.01384e-16 0)
(4 1.53489e-15 0)
(4 2.38587e-15 0)
(4 3.08757e-15 0)
(4 3.17484e-15 0)
(4 3.42699e-15 0)
(4 2.89358e-15 0)
(4 1.91709e-15 0)
(4 1.06912e-15 0)
(4 1.41438e-15 0)
(4 8.25243e-16 0)
(3.25311 0.145551 0)
(1.02544 0.192038 0)
(0.839775 0.161073 0)
(0.810002 0.169124 0)
(0.772675 0.178209 0)
(0.739996 0.192035 0)
(0.712464 0.20123 0)
(0.69182 0.196118 0)
(0.675346 0.183066 0)
(0.660023 0.167057 0)
(0.643754 0.152553 0)
(0.624057 0.14477 0)
(0.601441 0.14719 0)
(0.578747 0.158559 0)
(0.555557 0.171364 0)
(0.531698 0.175732 0)
(0.509647 0.174011 0)
(0.487361 0.173799 0)
(0.463845 0.179497 0)
(0.439746 0.190822 0)
(0.413585 0.198391 0)
(0.387746 0.195446 0)
(0.36502 0.185996 0)
(0.343191 0.17911 0)
(0.320918 0.17933 0)
(0.298665 0.182712 0)
(0.274762 0.186092 0)
(0.250114 0.188783 0)
(0.225437 0.190824 0)
(0.201473 0.192622 0)
(0.177885 0.194071 0)
(0.153729 0.195662 0)
(0.128648 0.198239 0)
(0.102957 0.203281 0)
(0.076957 0.209635 0)
(0.0523542 0.21726 0)
(0.028115 0.221276 0)
(0.0106073 0.229151 0)
(4 -2.00852e-17 0)
(4 -1.5932e-16 0)
(4 -2.27292e-16 0)
(4 -4.38401e-16 0)
(4 -7.60761e-16 0)
(4 -1.26342e-15 0)
(4 -1.32632e-15 0)
(4 -1.34186e-15 0)
(4 -4.30677e-16 0)
(4 1.51012e-16 0)
(4 5.80206e-16 0)
(4 1.05124e-16 0)
(4 1.17503e-17 0)
(4 -2.31268e-16 0)
(4 -2.59311e-16 0)
(4 -1.50173e-16 0)
(4 3.00548e-16 0)
(4 2.22346e-16 0)
(4 4.77595e-17 0)
(4 8.96995e-16 0)
(4 1.5748e-15 0)
(4 2.22845e-15 0)
(4 1.74914e-15 0)
(4 6.67394e-16 0)
(4 6.29216e-16 0)
(4 4.46384e-16 0)
(4 3.85502e-16 0)
(4 3.12152e-16 0)
(4 3.96959e-16 0)
(4 4.37643e-17 0)
(4 -6.62608e-17 0)
(4 -3.23005e-16 0)
(4 -2.42572e-16 0)
(4 2.01851e-16 0)
(4 2.33102e-16 0)
(4 -3.64756e-16 0)
(4 1.51668e-16 0)
(4 2.25238e-17 0)
(4 -1.64312e-15 0)
(4 -2.58691e-15 0)
(4 -3.19257e-15 0)
(4 -3.63117e-15 0)
(4 -3.41132e-15 0)
(4 -2.60592e-15 0)
(4 -1.38976e-15 0)
(4 -3.10246e-16 0)
(4 -3.45207e-16 0)
(4 2.71899e-16 0)
(4 1.17439e-15 0)
(4 2.07187e-15 0)
(4 1.5399e-15 0)
(4 1.03074e-15 0)
(4 4.9015e-16 0)
(4 -1.39009e-16 0)
(4 -7.80803e-17 0)
(4 -7.7044e-17 0)
(4 2.20863e-15 0)
(4 1.42363e-15 0)
(3.45771 0.140225 0)
(1.06433 0.215526 0)
(0.838086 0.18726 0)
(0.807243 0.197774 0)
(0.773284 0.20676 0)
(0.746269 0.215499 0)
(0.724664 0.213759 0)
(0.706341 0.204989 0)
(0.688007 0.193502 0)
(0.669768 0.180815 0)
(0.650708 0.170097 0)
(0.629052 0.165844 0)
(0.604903 0.170535 0)
(0.581125 0.182939 0)
(0.557139 0.195109 0)
(0.533004 0.198359 0)
(0.510927 0.196696 0)
(0.48872 0.197251 0)
(0.465458 0.203546 0)
(0.441859 0.215112 0)
(0.415857 0.221983 0)
(0.390248 0.218144 0)
(0.367519 0.208118 0)
(0.345633 0.201089 0)
(0.323682 0.201577 0)
(0.301989 0.205558 0)
(0.278584 0.209423 0)
(0.25397 0.212461 0)
(0.228804 0.214766 0)
(0.203827 0.216683 0)
(0.179172 0.218275 0)
(0.154557 0.219863 0)
(0.129788 0.222306 0)
(0.104417 0.227171 0)
(0.0782344 0.233505 0)
(0.0529065 0.241376 0)
(0.0283546 0.246339 0)
(0.0109016 0.25452 0)
(4 -1.77903e-16 0)
(4 -3.13763e-16 0)
(4 -6.58408e-16 0)
(4 -9.35804e-16 0)
(4 -8.76882e-16 0)
(4 -7.81513e-16 0)
(4 -6.04556e-16 0)
(4 -8.28719e-17 0)
(4 9.95874e-17 0)
(4 6.44167e-17 0)
(4 -1.5429e-16 0)
(4 5.96343e-18 0)
(4 -1.39802e-16 0)
(4 -1.2662e-16 0)
(4 1.98899e-17 0)
(4 5.12468e-17 0)
(4 -1.01956e-16 0)
(4 -7.15529e-16 0)
(4 -9.22929e-16 0)
(4 -5.72706e-16 0)
(4 -7.88586e-16 0)
(4 -4.24189e-16 0)
(4 -1.38887e-16 0)
(4 -3.03715e-16 0)
(4 -2.71193e-16 0)
(4 -7.77081e-17 0)
(4 -3.37124e-16 0)
(4 -1.35618e-16 0)
(4 -1.17994e-16 0)
(4 -3.11104e-16 0)
(4 -5.45192e-16 0)
(4 -7.9599e-16 0)
(4 -1.26743e-15 0)
(4 -1.3631e-15 0)
(4 -1.22648e-15 0)
(4 -2.69816e-16 0)
(4 1.2094e-15 0)
(4 7.76494e-16 0)
(4 -8.38327e-16 0)
(4 -1.80481e-15 0)
(4 -1.83945e-15 0)
(4 -1.3619e-15 0)
(4 -5.51404e-16 0)
(4 -4.06186e-16 0)
(4 -1.38707e-16 0)
(4 4.46144e-16 0)
(4 7.72884e-16 0)
(4 -2.39999e-16 0)
(4 -1.29511e-15 0)
(4 -1.08601e-15 0)
(4 -1.02046e-15 0)
(4 -3.75572e-16 0)
(4 -4.09826e-16 0)
(4 1.22832e-16 0)
(4 3.82331e-16 0)
(4 7.24629e-16 0)
(4 1.66279e-15 0)
(4 -1.15695e-15 0)
(3.65275 0.13327 0)
(1.1119 0.243683 0)
(0.839597 0.213716 0)
(0.812974 0.224587 0)
(0.784955 0.230107 0)
(0.761528 0.230613 0)
(0.740731 0.225076 0)
(0.719988 0.217097 0)
(0.698263 0.207686 0)
(0.676502 0.197752 0)
(0.654255 0.190205 0)
(0.630238 0.188881 0)
(0.604896 0.195309 0)
(0.580108 0.207762 0)
(0.555649 0.218244 0)
(0.531846 0.220393 0)
(0.509895 0.219082 0)
(0.487888 0.220789 0)
(0.464995 0.227916 0)
(0.442215 0.239607 0)
(0.416899 0.245521 0)
(0.392163 0.240618 0)
(0.369815 0.230058 0)
(0.347926 0.223056 0)
(0.326166 0.224017 0)
(0.304996 0.228801 0)
(0.282241 0.233315 0)
(0.258022 0.236644 0)
(0.232795 0.239 0)
(0.207306 0.240893 0)
(0.181871 0.242659 0)
(0.156943 0.2445 0)
(0.13231 0.247039 0)
(0.107017 0.25183 0)
(0.080556 0.258 0)
(0.0545008 0.265845 0)
(0.0295281 0.271231 0)
(0.0113179 0.27941 0)
(4 7.54868e-19 0)
(4 -9.43041e-17 0)
(4 -1.03453e-16 0)
(4 -7.48665e-16 0)
(4 -4.67268e-16 0)
(4 9.80698e-17 0)
(4 5.89223e-16 0)
(4 6.73168e-16 0)
(4 3.5169e-16 0)
(4 2.78271e-16 0)
(4 -3.10235e-17 0)
(4 -1.74902e-16 0)
(4 -4.19771e-16 0)
(4 -3.7533e-16 0)
(4 -2.88785e-16 0)
(4 -1.32249e-16 0)
(4 1.90446e-16 0)
(4 4.8369e-16 0)
(4 6.13403e-16 0)
(4 1.1562e-16 0)
(4 -4.20785e-16 0)
(4 -1.52954e-15 0)
(4 -1.60544e-15 0)
(4 -1.10067e-15 0)
(4 -7.31485e-16 0)
(4 -7.02744e-16 0)
(4 -6.19067e-16 0)
(4 -6.61868e-16 0)
(4 -7.79106e-16 0)
(4 -9.98454e-16 0)
(4 -1.31092e-15 0)
(4 -1.95912e-15 0)
(4 -2.83099e-15 0)
(4 -2.58332e-15 0)
(4 -2.05064e-15 0)
(4 -1.31822e-15 0)
(4 5.58671e-17 0)
(4 5.80652e-16 0)
(4 6.42258e-16 0)
(4 -1.04522e-16 0)
(4 -2.53026e-16 0)
(4 -2.697e-16 0)
(4 -2.67474e-16 0)
(4 -2.35297e-16 0)
(4 -8.99475e-16 0)
(4 2.57449e-16 0)
(4 6.98025e-16 0)
(4 -3.00666e-16 0)
(4 -2.76697e-15 0)
(4 -4.89171e-15 0)
(4 -2.31542e-15 0)
(4 -1.34238e-15 0)
(4 -1.56397e-15 0)
(4 -1.92086e-15 0)
(4 -1.59096e-15 0)
(4 -1.46813e-15 0)
(4 -2.15457e-16 0)
(4 -3.59222e-16 0)
(3.83693 0.121826 0)
(1.17514 0.27107 0)
(0.851319 0.23602 0)
(0.829995 0.243719 0)
(0.803728 0.247228 0)
(0.778937 0.246112 0)
(0.754815 0.240341 0)
(0.730557 0.232591 0)
(0.705753 0.224742 0)
(0.681117 0.217412 0)
(0.6566 0.212565 0)
(0.631082 0.213646 0)
(0.60515 0.221113 0)
(0.580149 0.232671 0)
(0.556094 0.240502 0)
(0.533533 0.241439 0)
(0.51201 0.240789 0)
(0.490299 0.243946 0)
(0.467702 0.252205 0)
(0.445502 0.263985 0)
(0.420782 0.268815 0)
(0.396805 0.262759 0)
(0.374494 0.251726 0)
(0.352101 0.244857 0)
(0.329787 0.246471 0)
(0.308592 0.252318 0)
(0.286083 0.257689 0)
(0.262253 0.261367 0)
(0.237338 0.263598 0)
(0.211733 0.265293 0)
(0.185704 0.267244 0)
(0.160362 0.269521 0)
(0.135471 0.272365 0)
(0.10984 0.277253 0)
(0.0829133 0.283278 0)
(0.0562067 0.290971 0)
(0.0308055 0.296428 0)
(0.0116064 0.304379 0)
(4 1.20621e-16 0)
(4 2.21825e-16 0)
(4 4.18349e-16 0)
(4 1.13559e-16 0)
(4 2.22562e-16 0)
(4 5.58395e-16 0)
(4 4.84258e-16 0)
(4 5.41513e-16 0)
(4 4.07359e-16 0)
(4 -3.86491e-17 0)
(4 -5.25725e-16 0)
(4 -1.02025e-15 0)
(4 -1.23115e-15 0)
(4 -1.1075e-15 0)
(4 -8.11518e-16 0)
(4 -5.63781e-16 0)
(4 -2.13177e-16 0)
(4 6.00769e-16 0)
(4 1.25439e-15 0)
(4 1.09134e-15 0)
(4 8.85646e-16 0)
(4 4.71493e-16 0)
(4 -4.68318e-17 0)
(4 -8.71955e-17 0)
(4 -2.46279e-16 0)
(4 -5.12761e-16 0)
(4 -7.31718e-16 0)
(4 -8.80093e-16 0)
(4 -1.08566e-15 0)
(4 -9.0859e-16 0)
(4 -5.38341e-16 0)
(4 -1.48713e-15 0)
(4 -1.91854e-15 0)
(4 -1.90566e-15 0)
(4 -1.60617e-15 0)
(4 -1.98875e-15 0)
(4 -1.92781e-15 0)
(4 6.04283e-16 0)
(4 8.70668e-16 0)
(4 1.71747e-16 0)
(4 1.38758e-15 0)
(4 -2.32914e-16 0)
(4 -9.29617e-16 0)
(4 -1.47211e-15 0)
(4 -9.56451e-16 0)
(4 -1.07809e-15 0)
(4 -1.70881e-15 0)
(4 -2.27434e-15 0)
(4 -3.58225e-15 0)
(4 -4.72035e-15 0)
(4 -4.25707e-15 0)
(4 -4.12848e-15 0)
(4 -4.16131e-15 0)
(4 -4.94218e-15 0)
(4 -3.15413e-15 0)
(4 -1.81754e-15 0)
(4 -1.49518e-15 0)
(4 -4.26595e-16 0)
(3.97014 0.0395642 0)
(1.24118 0.297333 0)
(0.865203 0.247567 0)
(0.846657 0.263848 0)
(0.81839 0.269408 0)
(0.791134 0.267223 0)
(0.764421 0.260048 0)
(0.737429 0.251797 0)
(0.710584 0.244308 0)
(0.684913 0.238365 0)
(0.660279 0.235574 0)
(0.635272 0.238777 0)
(0.609339 0.246977 0)
(0.584391 0.256815 0)
(0.560701 0.261244 0)
(0.539083 0.260862 0)
(0.517408 0.261364 0)
(0.495208 0.266496 0)
(0.472416 0.27655 0)
(0.449679 0.28873 0)
(0.424838 0.292641 0)
(0.40131 0.28547 0)
(0.379378 0.273751 0)
(0.356966 0.266725 0)
(0.334453 0.26887 0)
(0.313343 0.275808 0)
(0.291001 0.282227 0)
(0.267696 0.286422 0)
(0.242822 0.288631 0)
(0.217164 0.290066 0)
(0.19083 0.292241 0)
(0.164719 0.295055 0)
(0.139107 0.298277 0)
(0.112721 0.303333 0)
(0.0851496 0.309264 0)
(0.0578847 0.316814 0)
(0.0320344 0.321999 0)
(0.0118134 0.329762 0)
(4 1.60476e-16 0)
(4 3.65991e-16 0)
(4 1.56847e-16 0)
(4 5.2208e-16 0)
(4 4.08415e-16 0)
(4 1.34561e-16 0)
(4 -2.78313e-17 0)
(4 -1.56291e-16 0)
(4 -9.77607e-17 0)
(4 -4.75526e-16 0)
(4 -1.04825e-15 0)
(4 -1.0591e-15 0)
(4 -1.49005e-15 0)
(4 -1.53235e-15 0)
(4 -6.63858e-16 0)
(4 -3.91533e-16 0)
(4 -1.97027e-16 0)
(4 4.66959e-17 0)
(4 1.16369e-16 0)
(4 -1.18981e-16 0)
(4 4.37336e-16 0)
(4 5.3247e-16 0)
(4 6.36804e-16 0)
(4 7.43145e-17 0)
(4 -1.09153e-15 0)
(4 -1.60078e-15 0)
(4 -1.90804e-15 0)
(4 -1.42631e-15 0)
(4 -1.00577e-15 0)
(4 -8.70198e-16 0)
(4 -1.08998e-15 0)
(4 -9.33005e-16 0)
(4 -1.54934e-16 0)
(4 1.91976e-16 0)
(4 6.84233e-16 0)
(4 -3.83907e-17 0)
(4 -7.09569e-16 0)
(4 -1.14348e-15 0)
(4 -1.81704e-15 0)
(4 -1.6543e-15 0)
(4 -1.10455e-15 0)
(4 -1.17489e-15 0)
(4 -1.55801e-15 0)
(4 -1.82557e-15 0)
(4 -1.42645e-15 0)
(4 -2.39689e-15 0)
(4 -3.11772e-15 0)
(4 -2.59827e-15 0)
(4 -2.29429e-15 0)
(4 -2.88638e-15 0)
(4 -3.21971e-15 0)
(4 -3.5745e-15 0)
(4 -3.30195e-15 0)
(4 -2.39116e-15 0)
(4 -5.57152e-16 0)
(4 -3.23237e-16 0)
(4 -7.15811e-16 0)
(4 -5.14895e-16 0)
(4.0079 0.00365298 0)
(1.33346 0.310996 0)
(0.868234 0.263476 0)
(0.845382 0.288177 0)
(0.815247 0.293658 0)
(0.787776 0.289464 0)
(0.76209 0.280845 0)
(0.737117 0.271554 0)
(0.712161 0.26386 0)
(0.687216 0.259175 0)
(0.662438 0.25858 0)
(0.637122 0.264407 0)
(0.610008 0.273636 0)
(0.584526 0.280973 0)
(0.56103 0.281682 0)
(0.540087 0.280005 0)
(0.518078 0.281784 0)
(0.495463 0.28897 0)
(0.47303 0.301132 0)
(0.450784 0.313745 0)
(0.427141 0.316642 0)
(0.405889 0.308103 0)
(0.385774 0.295404 0)
(0.363807 0.288045 0)
(0.341123 0.290781 0)
(0.31932 0.299044 0)
(0.296216 0.307049 0)
(0.272267 0.31221 0)
(0.247049 0.314684 0)
(0.221284 0.315937 0)
(0.19489 0.318222 0)
(0.168373 0.32136 0)
(0.142146 0.324789 0)
(0.115069 0.329932 0)
(0.0869872 0.335815 0)
(0.0593975 0.343343 0)
(0.0331769 0.348153 0)
(0.0119845 0.355842 0)
(4 -1.42838e-16 0)
(4 -9.50679e-17 0)
(4 -2.70146e-16 0)
(4 -1.67156e-17 0)
(4 -6.63233e-17 0)
(4 -2.68485e-16 0)
(4 -1.07842e-17 0)
(4 -7.96403e-17 0)
(4 -1.54343e-16 0)
(4 -2.30407e-16 0)
(4 -5.56682e-17 0)
(4 4.06084e-16 0)
(4 7.85885e-16 0)
(4 4.54666e-16 0)
(4 3.44101e-16 0)
(4 8.56718e-17 0)
(4 -3.7037e-17 0)
(4 -4.56497e-16 0)
(4 -7.82701e-16 0)
(4 -9.68192e-16 0)
(4 -1.16712e-15 0)
(4 -1.35335e-15 0)
(4 -9.3093e-16 0)
(4 -7.38986e-16 0)
(4 -7.11476e-16 0)
(4 -1.37605e-15 0)
(4 -1.69045e-15 0)
(4 -1.40318e-15 0)
(4 -7.95654e-16 0)
(4 -1.94086e-16 0)
(4 -3.04493e-16 0)
(4 2.36414e-16 0)
(4 1.42056e-15 0)
(4 1.71741e-15 0)
(4 1.4932e-15 0)
(4 8.84103e-16 0)
(4 1.3059e-16 0)
(4 -1.23446e-15 0)
(4 -1.46071e-15 0)
(4 -9.1925e-16 0)
(4 -4.78237e-16 0)
(4 -2.29715e-16 0)
(4 -1.12374e-15 0)
(4 -1.6316e-15 0)
(4 -1.53703e-15 0)
(4 -2.13475e-15 0)
(4 -2.94855e-15 0)
(4 -2.79999e-15 0)
(4 -2.12764e-15 0)
(4 -1.39981e-15 0)
(4 -1.91915e-15 0)
(4 -1.74749e-15 0)
(4 -7.86606e-16 0)
(4 -2.44358e-16 0)
(4 -1.77297e-17 0)
(4 8.9541e-16 0)
(4 8.66129e-16 0)
(4 1.02387e-16 0)
(4.00012 -3.55871e-06 0)
(1.49981 0.34409 0)
(0.869076 0.28415 0)
(0.838761 0.308109 0)
(0.813799 0.313577 0)
(0.790036 0.308332 0)
(0.766005 0.299166 0)
(0.741036 0.290229 0)
(0.714945 0.284096 0)
(0.687944 0.281775 0)
(0.660864 0.283522 0)
(0.634059 0.29134 0)
(0.605756 0.300509 0)
(0.580556 0.304185 0)
(0.558532 0.301101 0)
(0.53871 0.298052 0)
(0.517319 0.301212 0)
(0.495221 0.310259 0)
(0.474071 0.324334 0)
(0.453212 0.337135 0)
(0.431392 0.33899 0)
(0.412588 0.329547 0)
(0.393692 0.316707 0)
(0.371609 0.309705 0)
(0.348457 0.313147 0)
(0.325724 0.322771 0)
(0.301749 0.332451 0)
(0.277174 0.338556 0)
(0.25192 0.341313 0)
(0.226492 0.342411 0)
(0.200402 0.344634 0)
(0.173735 0.347933 0)
(0.146798 0.351513 0)
(0.118819 0.356827 0)
(0.0900061 0.362878 0)
(0.0618745 0.370658 0)
(0.0349616 0.375272 0)
(0.0123897 0.383057 0)
(4 -2.04888e-16 0)
(4 -6.91376e-17 0)
(4 3.29711e-16 0)
(4 5.91723e-18 0)
(4 7.80766e-18 0)
(4 4.77829e-16 0)
(4 3.2861e-16 0)
(4 3.49115e-16 0)
(4 6.57405e-17 0)
(4 1.00279e-16 0)
(4 6.58537e-16 0)
(4 1.17366e-15 0)
(4 1.19572e-15 0)
(4 1.10337e-15 0)
(4 7.56126e-16 0)
(4 3.68983e-16 0)
(4 1.88673e-16 0)
(4 1.76618e-16 0)
(4 -1.24217e-15 0)
(4 -1.74971e-15 0)
(4 -2.03639e-15 0)
(4 -1.96134e-15 0)
(4 -1.85466e-15 0)
(4 -1.3296e-15 0)
(4 -2.26446e-16 0)
(4 6.74837e-17 0)
(4 2.14172e-16 0)
(4 -2.51802e-16 0)
(4 5.72563e-17 0)
(4 7.37486e-16 0)
(4 1.17935e-15 0)
(4 1.71192e-15 0)
(4 1.56603e-15 0)
(4 9.30439e-16 0)
(4 2.24222e-16 0)
(4 -2.73021e-16 0)
(4 -3.08545e-16 0)
(4 -2.57186e-16 0)
(4 1.66085e-17 0)
(4 2.08939e-16 0)
(4 3.65399e-17 0)
(4 -2.55053e-18 0)
(4 -8.9689e-17 0)
(4 -3.35296e-16 0)
(4 -1.24877e-16 0)
(4 -1.87175e-16 0)
(4 -8.6983e-16 0)
(4 -1.2805e-15 0)
(4 -1.09654e-15 0)
(4 -4.45888e-16 0)
(4 -2.77417e-16 0)
(4 3.04795e-17 0)
(4 1.27869e-16 0)
(4 1.57678e-16 0)
(4 1.61982e-16 0)
(4 3.5325e-16 0)
(4 5.52813e-16 0)
(4 -1.53428e-15 0)
(4 -9.23687e-09 0)
(1.76043 0.372772 0)
(0.889598 0.305708 0)
(0.843838 0.328363 0)
(0.820221 0.331845 0)
(0.796397 0.327362 0)
(0.769625 0.319765 0)
(0.740522 0.311896 0)
(0.710746 0.306607 0)
(0.682024 0.305664 0)
(0.654802 0.30911 0)
(0.630007 0.31841 0)
(0.604637 0.327023 0)
(0.582064 0.326943 0)
(0.561882 0.320381 0)
(0.541879 0.316057 0)
(0.520522 0.320384 0)
(0.49855 0.330751 0)
(0.478306 0.346009 0)
(0.458748 0.358618 0)
(0.438598 0.359731 0)
(0.421524 0.350283 0)
(0.403277 0.338327 0)
(0.381286 0.332051 0)
(0.357926 0.335915 0)
(0.334535 0.346687 0)
(0.30971 0.357951 0)
(0.284147 0.364963 0)
(0.258387 0.368229 0)
(0.232741 0.369534 0)
(0.206347 0.371797 0)
(0.179203 0.375262 0)
(0.151287 0.378999 0)
(0.122346 0.384535 0)
(0.092923 0.390899 0)
(0.0644035 0.399109 0)
(0.036895 0.403726 0)
(0.0128645 0.411641 0)
(4 5.67552e-16 0)
(4 3.45068e-16 0)
(4 3.55566e-17 0)
(4 -2.08294e-16 0)
(4 -3.60846e-16 0)
(4 -5.08006e-16 0)
(4 -4.11692e-16 0)
(4 -4.59302e-16 0)
(4 -3.9284e-16 0)
(4 -3.49954e-16 0)
(4 -3.47556e-16 0)
(4 -4.30991e-16 0)
(4 -3.30594e-16 0)
(4 -1.04476e-16 0)
(4 2.76455e-16 0)
(4 9.39225e-17 0)
(4 4.29152e-16 0)
(4 6.96839e-16 0)
(4 5.85495e-16 0)
(4 6.89843e-16 0)
(4 6.98793e-16 0)
(4 -2.07686e-17 0)
(4 -1.24138e-15 0)
(4 -1.36107e-15 0)
(4 -1.41809e-15 0)
(4 -9.65524e-16 0)
(4 -2.6687e-16 0)
(4 3.56067e-17 0)
(4 9.03555e-17 0)
(4 2.28992e-16 0)
(4 8.12943e-16 0)
(4 2.35823e-16 0)
(4 -1.92777e-16 0)
(4 -6.14974e-16 0)
(4 -1.15052e-15 0)
(4 -1.11863e-15 0)
(4 -8.73729e-16 0)
(4 -7.19266e-16 0)
(4 -3.42356e-16 0)
(4 2.1656e-16 0)
(4 2.52847e-16 0)
(4 -1.50504e-16 0)
(4 -8.64074e-16 0)
(4 -1.31369e-15 0)
(4 -1.39678e-15 0)
(4 -1.40356e-15 0)
(4 -1.53885e-15 0)
(4 -1.62524e-15 0)
(4 -1.46516e-15 0)
(4 -9.81562e-16 0)
(4 1.65023e-16 0)
(4 9.23511e-16 0)
(4 4.63468e-16 0)
(4 1.19311e-16 0)
(4 -1.66975e-16 0)
(4 -6.33273e-16 0)
(4 -5.49084e-16 0)
(4 -1.53768e-15 0)
(4 -8.47251e-10 0)
(2.09915 0.381167 0)
(0.920172 0.331923 0)
(0.842949 0.353474 0)
(0.81568 0.350674 0)
(0.790262 0.346845 0)
(0.763788 0.341417 0)
(0.736688 0.335142 0)
(0.709143 0.330947 0)
(0.682801 0.33071 0)
(0.658309 0.334843 0)
(0.637079 0.34413 0)
(0.615382 0.350883 0)
(0.594377 0.348076 0)
(0.5737 0.339941 0)
(0.552115 0.334903 0)
(0.529964 0.339735 0)
(0.507854 0.350777 0)
(0.48776 0.366195 0)
(0.46915 0.378143 0)
(0.450236 0.3789 0)
(0.433791 0.370336 0)
(0.415779 0.359888 0)
(0.393762 0.354587 0)
(0.369914 0.359093 0)
(0.345518 0.371038 0)
(0.31943 0.383934 0)
(0.292359 0.391932 0)
(0.265654 0.395872 0)
(0.239497 0.397603 0)
(0.21263 0.399876 0)
(0.185168 0.403397 0)
(0.156534 0.407252 0)
(0.126934 0.413081 0)
(0.0971026 0.41994 0)
(0.0681354 0.428752 0)
(0.0397426 0.433609 0)
(0.0137076 0.441607 0)
(4 8.89048e-17 0)
(4 -2.02727e-16 0)
(4 -1.22697e-17 0)
(4 3.87402e-16 0)
(4 5.01408e-16 0)
(4 3.45926e-16 0)
(4 5.57593e-16 0)
(4 3.90823e-16 0)
(4 1.98896e-16 0)
(4 1.42618e-16 0)
(4 -1.92248e-16 0)
(4 -6.21311e-16 0)
(4 -2.82201e-16 0)
(4 3.04927e-16 0)
(4 4.54466e-16 0)
(4 3.74794e-16 0)
(4 1.40073e-16 0)
(4 2.35827e-17 0)
(4 2.94289e-16 0)
(4 7.4942e-16 0)
(4 7.60528e-16 0)
(4 3.4282e-16 0)
(4 -8.10588e-16 0)
(4 -1.43324e-15 0)
(4 -1.32769e-15 0)
(4 -7.10166e-16 0)
(4 -1.6774e-15 0)
(4 -1.62978e-15 0)
(4 -1.53567e-15 0)
(4 -1.23494e-15 0)
(4 -7.78838e-16 0)
(4 -1.04183e-15 0)
(4 -1.20391e-15 0)
(4 -1.29796e-15 0)
(4 -1.45846e-15 0)
(4 -1.86428e-15 0)
(4 -2.38877e-15 0)
(4 -3.49376e-15 0)
(4 -3.50761e-15 0)
(4 -3.03072e-15 0)
(4 -8.6793e-16 0)
(4 -2.09208e-16 0)
(4 -1.27109e-15 0)
(4 -1.81071e-15 0)
(4 -2.05536e-15 0)
(4 -2.38061e-15 0)
(4 -2.69985e-15 0)
(4 -2.58243e-15 0)
(4 -2.53204e-15 0)
(4 -2.03812e-15 0)
(4 -5.69761e-16 0)
(4 3.25444e-16 0)
(4 9.08134e-16 0)
(4 1.67303e-16 0)
(4 -1.85581e-16 0)
(4 -1.62329e-15 0)
(4 -1.46117e-15 0)
(4 -1.3159e-15 0)
(4 -5.09941e-11 0)
(2.47905 0.384593 0)
(0.940974 0.377932 0)
(0.833455 0.380747 0)
(0.816161 0.372728 0)
(0.79548 0.368919 0)
(0.77281 0.362916 0)
(0.748234 0.356544 0)
(0.722948 0.353002 0)
(0.698508 0.352831 0)
(0.676273 0.357016 0)
(0.657152 0.365656 0)
(0.637692 0.371095 0)
(0.616093 0.369205 0)
(0.594037 0.360859 0)
(0.570289 0.355313 0)
(0.546564 0.359939 0)
(0.524055 0.370746 0)
(0.503328 0.385156 0)
(0.484936 0.395831 0)
(0.466388 0.396677 0)
(0.449116 0.389895 0)
(0.430217 0.381754 0)
(0.407236 0.378023 0)
(0.382248 0.383744 0)
(0.356416 0.396829 0)
(0.329102 0.411064 0)
(0.300836 0.419819 0)
(0.273405 0.424259 0)
(0.24679 0.426381 0)
(0.219322 0.42873 0)
(0.191222 0.432443 0)
(0.161676 0.436629 0)
(0.131402 0.442974 0)
(0.101229 0.450527 0)
(0.071834 0.459971 0)
(0.0426276 0.465105 0)
(0.0145499 0.472923 0)
(4 -3.46452e-16 0)
(4 -1.19888e-16 0)
(4 1.37598e-16 0)
(4 2.33083e-16 0)
(4 3.31958e-16 0)
(4 4.21315e-16 0)
(4 7.64544e-17 0)
(4 -9.75568e-17 0)
(4 -2.22567e-16 0)
(4 -1.03691e-16 0)
(4 9.35053e-17 0)
(4 2.76118e-16 0)
(4 3.19532e-16 0)
(4 1.82165e-16 0)
(4 1.40318e-16 0)
(4 -2.62219e-17 0)
(4 -3.35449e-17 0)
(4 -3.04608e-16 0)
(4 -7.67123e-16 0)
(4 -1.47217e-15 0)
(4 -1.2733e-15 0)
(4 -1.08808e-15 0)
(4 -9.79581e-16 0)
(4 -1.02855e-15 0)
(4 -8.06605e-16 0)
(4 -9.52914e-16 0)
(4 -1.1439e-15 0)
(4 -2.22458e-15 0)
(4 -2.70352e-15 0)
(4 -2.67049e-15 0)
(4 -1.51603e-15 0)
(4 -5.11306e-16 0)
(4 -1.49749e-16 0)
(4 -5.38627e-16 0)
(4 -4.05167e-16 0)
(4 -1.0375e-15 0)
(4 -4.05295e-16 0)
(4 -1.76388e-16 0)
(4 -1.03311e-15 0)
(4 -1.4119e-15 0)
(4 -1.61876e-15 0)
(4 -2.07618e-15 0)
(4 -7.26519e-16 0)
(4 -1.78879e-16 0)
(4 -4.64708e-16 0)
(4 -1.07635e-15 0)
(4 -1.65696e-15 0)
(4 -1.38237e-15 0)
(4 -1.25769e-15 0)
(4 -1.5601e-15 0)
(4 -1.36532e-15 0)
(4 1.06364e-16 0)
(4 5.74609e-16 0)
(4 6.28276e-16 0)
(4 -4.92334e-16 0)
(4 -1.43789e-15 0)
(4 -1.07014e-15 0)
(4 -4.25934e-16 0)
(4 -1.74448e-12 0)
(2.93911 0.398199 0)
(1.00026 0.439879 0)
(0.849233 0.400116 0)
(0.841268 0.384871 0)
(0.823599 0.381125 0)
(0.802486 0.377092 0)
(0.777587 0.373855 0)
(0.752099 0.371574 0)
(0.727616 0.371657 0)
(0.705312 0.376703 0)
(0.686014 0.385888 0)
(0.666639 0.392061 0)
(0.644701 0.39155 0)
(0.621142 0.383949 0)
(0.595537 0.378165 0)
(0.570195 0.38111 0)
(0.546256 0.390933 0)
(0.524231 0.403821 0)
(0.504034 0.413371 0)
(0.484169 0.415294 0)
(0.464585 0.411033 0)
(0.443969 0.405405 0)
(0.419772 0.403185 0)
(0.393975 0.409997 0)
(0.367286 0.423756 0)
(0.33957 0.438804 0)
(0.310724 0.448176 0)
(0.282668 0.453135 0)
(0.255014 0.455836 0)
(0.226822 0.458575 0)
(0.197554 0.462733 0)
(0.167098 0.467461 0)
(0.136414 0.474455 0)
(0.1061 0.482744 0)
(0.0762255 0.492692 0)
(0.0460096 0.497995 0)
(0.0156289 0.505356 0)
(4 -6.18709e-16 0)
(4 -9.74956e-16 0)
(4 -1.15934e-15 0)
(4 -9.30599e-16 0)
(4 -6.32005e-16 0)
(4 -1.24908e-15 0)
(4 -1.60752e-15 0)
(4 -1.56213e-15 0)
(4 -9.64987e-16 0)
(4 -7.72194e-16 0)
(4 -3.93201e-16 0)
(4 -6.64609e-18 0)
(4 -1.78194e-16 0)
(4 -6.31864e-16 0)
(4 -7.92905e-16 0)
(4 -9.17233e-16 0)
(4 -4.55898e-16 0)
(4 2.80505e-16 0)
(4 -2.08439e-16 0)
(4 -3.21864e-16 0)
(4 -1.79689e-16 0)
(4 -1.72587e-16 0)
(4 3.32599e-16 0)
(4 4.34633e-16 0)
(4 4.68868e-16 0)
(4 6.62169e-16 0)
(4 1.52983e-15 0)
(4 1.66894e-15 0)
(4 -1.43604e-16 0)
(4 -6.65077e-16 0)
(4 -4.96379e-16 0)
(4 -3.00466e-16 0)
(4 -1.33249e-17 0)
(4 -4.17611e-16 0)
(4 -5.38647e-16 0)
(4 1.82395e-15 0)
(4 4.16156e-15 0)
(4 5.88713e-15 0)
(4 5.5588e-15 0)
(4 4.20231e-15 0)
(4 1.75584e-15 0)
(4 3.86718e-16 0)
(4 2.58279e-17 0)
(4 5.79697e-16 0)
(4 4.70742e-16 0)
(4 -4.25842e-16 0)
(4 -6.47205e-16 0)
(4 -9.16173e-16 0)
(4 -1.07092e-15 0)
(4 -6.65295e-16 0)
(4 -1.0006e-16 0)
(4 -2.90731e-16 0)
(4 -1.06357e-15 0)
(4 -2.11983e-16 0)
(4 -2.09722e-16 0)
(4 4.03701e-16 0)
(4 4.41651e-16 0)
(4 -2.34658e-16 0)
(4 -1.00306e-13 0)
(3.55285 0.349235 0)
(1.13107 0.479741 0)
(0.907925 0.401323 0)
(0.895176 0.382363 0)
(0.871884 0.386786 0)
(0.845862 0.38769 0)
(0.817034 0.387823 0)
(0.788448 0.38731 0)
(0.761401 0.388803 0)
(0.736887 0.39495 0)
(0.716125 0.404998 0)
(0.696215 0.412784 0)
(0.674175 0.414365 0)
(0.650599 0.407758 0)
(0.624058 0.401878 0)
(0.596538 0.404296 0)
(0.569972 0.41416 0)
(0.545386 0.426045 0)
(0.522388 0.434222 0)
(0.501119 0.436485 0)
(0.480016 0.433841 0)
(0.458318 0.429976 0)
(0.433742 0.42877 0)
(0.407335 0.436533 0)
(0.379743 0.451016 0)
(0.351504 0.466949 0)
(0.321786 0.477325 0)
(0.292667 0.48303 0)
(0.26332 0.486544 0)
(0.234022 0.489858 0)
(0.203578 0.494521 0)
(0.172432 0.499912 0)
(0.141614 0.507662 0)
(0.111251 0.51673 0)
(0.0807675 0.52708 0)
(0.0493892 0.532412 0)
(0.0167047 0.539124 0)
(4 3.44215e-16 0)
(4 1.25041e-16 0)
(4 -3.2589e-16 0)
(4 -2.18594e-16 0)
(4 -3.20463e-16 0)
(4 -6.88643e-16 0)
(4 -7.72736e-16 0)
(4 -9.81706e-16 0)
(4 -7.89223e-16 0)
(4 -6.12904e-16 0)
(4 -3.72853e-16 0)
(4 8.21406e-18 0)
(4 -2.61024e-17 0)
(4 -3.87334e-17 0)
(4 -2.73079e-16 0)
(4 -2.90364e-16 0)
(4 -8.993e-17 0)
(4 5.08192e-16 0)
(4 1.12414e-15 0)
(4 2.4601e-15 0)
(4 2.01046e-15 0)
(4 1.60686e-15 0)
(4 1.29527e-15 0)
(4 1.64153e-15 0)
(4 1.78897e-15 0)
(4 1.84578e-15 0)
(4 2.17167e-15 0)
(4 2.57286e-15 0)
(4 2.9099e-15 0)
(4 8.3386e-16 0)
(4 -4.15794e-18 0)
(4 -1.02886e-15 0)
(4 -1.01857e-15 0)
(4 -2.45314e-16 0)
(4 8.17493e-16 0)
(4 2.44029e-15 0)
(4 3.32423e-15 0)
(4 4.038e-15 0)
(4 4.47601e-15 0)
(4 3.89008e-15 0)
(4 2.84052e-15 0)
(4 2.07851e-15 0)
(4 1.89762e-15 0)
(4 2.31101e-15 0)
(4 2.28449e-15 0)
(4 1.41878e-15 0)
(4 4.13742e-16 0)
(4 -1.56343e-15 0)
(4 -1.78543e-15 0)
(4 -8.45455e-16 0)
(4 -9.0079e-16 0)
(4 -9.76257e-16 0)
(4 -5.84566e-16 0)
(4 -8.9716e-16 0)
(4 -2.20487e-16 0)
(4 7.01056e-16 0)
(4 4.2686e-16 0)
(4 -1.55939e-16 0)
(4 -2.97625e-15 0)
(4.02087 0.0728664 0)
(1.30356 0.463188 0)
(0.949378 0.420999 0)
(0.932429 0.411526 0)
(0.903804 0.415444 0)
(0.87329 0.413842 0)
(0.84196 0.412217 0)
(0.811441 0.411581 0)
(0.782601 0.412804 0)
(0.756467 0.417945 0)
(0.734536 0.427226 0)
(0.714808 0.435161 0)
(0.694626 0.437577 0)
(0.672388 0.433033 0)
(0.646325 0.428949 0)
(0.618243 0.431228 0)
(0.59096 0.440132 0)
(0.565326 0.450131 0)
(0.541305 0.456136 0)
(0.519091 0.458194 0)
(0.497014 0.456878 0)
(0.473831 0.454815 0)
(0.448647 0.454771 0)
(0.42094 0.463741 0)
(0.391967 0.479415 0)
(0.362899 0.496372 0)
(0.33247 0.507829 0)
(0.302323 0.514135 0)
(0.272014 0.518284 0)
(0.2416 0.522248 0)
(0.210371 0.527508 0)
(0.178861 0.533733 0)
(0.147977 0.542448 0)
(0.117284 0.552422 0)
(0.0857545 0.563165 0)
(0.0528333 0.568412 0)
(0.0177765 0.57437 0)
(4 1.55792e-16 0)
(4 5.34168e-16 0)
(4 4.03088e-16 0)
(4 -1.16726e-16 0)
(4 -6.04237e-16 0)
(4 2.1821e-16 0)
(4 8.67222e-17 0)
(4 2.32631e-16 0)
(4 2.7379e-16 0)
(4 5.58248e-16 0)
(4 6.71929e-16 0)
(4 4.53205e-16 0)
(4 5.22959e-16 0)
(4 -3.47031e-16 0)
(4 -4.44709e-16 0)
(4 -2.13175e-16 0)
(4 1.73584e-17 0)
(4 3.99314e-16 0)
(4 1.17524e-15 0)
(4 1.22787e-15 0)
(4 1.00091e-15 0)
(4 1.01042e-15 0)
(4 5.5548e-16 0)
(4 4.71634e-16 0)
(4 3.11761e-16 0)
(4 2.68658e-16 0)
(4 4.08244e-16 0)
(4 7.24543e-16 0)
(4 1.34091e-15 0)
(4 1.03226e-15 0)
(4 1.91277e-16 0)
(4 3.75789e-16 0)
(4 4.50593e-16 0)
(4 9.61143e-16 0)
(4 2.11407e-15 0)
(4 3.55454e-15 0)
(4 3.65801e-15 0)
(4 3.58893e-15 0)
(4 4.00198e-15 0)
(4 2.6939e-15 0)
(4 1.53485e-15 0)
(4 1.4117e-15 0)
(4 1.46943e-15 0)
(4 1.16944e-15 0)
(4 1.53437e-15 0)
(4 2.90485e-15 0)
(4 3.02554e-15 0)
(4 3.30468e-15 0)
(4 2.34521e-15 0)
(4 1.07131e-15 0)
(4 -8.7932e-16 0)
(4 -5.70231e-16 0)
(4 3.6964e-16 0)
(4 -6.0722e-16 0)
(4 -1.35718e-15 0)
(4 -1.02649e-15 0)
(4 -9.42169e-16 0)
(4 -1.09807e-15 0)
(4 -4.02572e-16 0)
(4.01679 0.002472 0)
(1.40605 0.428902 0)
(0.935363 0.431284 0)
(0.924493 0.451464 0)
(0.893755 0.452507 0)
(0.864812 0.446494 0)
(0.83462 0.442675 0)
(0.805177 0.441192 0)
(0.778041 0.440711 0)
(0.754085 0.443182 0)
(0.733916 0.449933 0)
(0.716631 0.456775 0)
(0.699793 0.459807 0)
(0.680942 0.457339 0)
(0.65854 0.454929 0)
(0.633194 0.457698 0)
(0.607218 0.466403 0)
(0.581595 0.475454 0)
(0.5571 0.480085 0)
(0.53388 0.482042 0)
(0.511068 0.481679 0)
(0.486563 0.481167 0)
(0.460518 0.482263 0)
(0.431373 0.49235 0)
(0.401301 0.50937 0)
(0.371383 0.527334 0)
(0.340576 0.539725 0)
(0.309474 0.546527 0)
(0.278385 0.551208 0)
(0.247054 0.555911 0)
(0.215483 0.56203 0)
(0.184047 0.569371 0)
(0.153293 0.579271 0)
(0.122236 0.590175 0)
(0.0896571 0.601194 0)
(0.0553734 0.606164 0)
(0.0184736 0.611265 0)
(4 -6.32599e-16 0)
(4 -4.36346e-16 0)
(4 1.03785e-16 0)
(4 -4.93409e-18 0)
(4 3.38232e-16 0)
(4 3.04241e-16 0)
(4 -6.55594e-17 0)
(4 -2.16734e-16 0)
(4 -1.11588e-16 0)
(4 7.47189e-17 0)
(4 8.0764e-17 0)
(4 -3.19039e-17 0)
(4 1.21148e-16 0)
(4 -2.16302e-16 0)
(4 -4.23028e-16 0)
(4 -5.54709e-16 0)
(4 -1.71818e-16 0)
(4 5.03856e-16 0)
(4 4.35819e-16 0)
(4 -1.70249e-16 0)
(4 -7.32309e-17 0)
(4 -8.898e-17 0)
(4 5.44398e-18 0)
(4 -1.35367e-16 0)
(4 -2.89463e-16 0)
(4 -5.11624e-16 0)
(4 -7.229e-16 0)
(4 -4.93008e-16 0)
(4 -1.92678e-16 0)
(4 -9.27127e-17 0)
(4 5.55633e-17 0)
(4 4.38631e-16 0)
(4 1.19864e-15 0)
(4 8.54999e-16 0)
(4 1.11052e-15 0)
(4 2.38936e-15 0)
(4 3.75582e-15 0)
(4 3.81902e-15 0)
(4 2.51454e-15 0)
(4 1.38306e-15 0)
(4 -1.59786e-17 0)
(4 -3.33611e-16 0)
(4 -1.68843e-16 0)
(4 2.65755e-16 0)
(4 5.64749e-16 0)
(4 1.35657e-15 0)
(4 3.41385e-15 0)
(4 4.86083e-15 0)
(4 4.61621e-15 0)
(4 2.626e-15 0)
(4 3.52327e-16 0)
(4 -3.07666e-16 0)
(4 -9.8459e-16 0)
(4 -1.22891e-15 0)
(4 -1.43995e-15 0)
(4 -1.45567e-15 0)
(4 -1.15759e-15 0)
(4 -1.03068e-15 0)
(4 -1.031e-15 0)
(4.00013 -4.57676e-06 0)
(1.59789 0.449203 0)
(0.911196 0.432974 0)
(0.882034 0.46669 0)
(0.854303 0.466997 0)
(0.830118 0.461308 0)
(0.804068 0.459704 0)
(0.778589 0.459949 0)
(0.755475 0.459669 0)
(0.735627 0.461016 0)
(0.719154 0.466524 0)
(0.705534 0.473323 0)
(0.692039 0.477539 0)
(0.676527 0.477931 0)
(0.657519 0.478418 0)
(0.635217 0.48368 0)
(0.611474 0.4936 0)
(0.587437 0.502348 0)
(0.564275 0.505981 0)
(0.541707 0.507923 0)
(0.518704 0.508394 0)
(0.494092 0.508945 0)
(0.467151 0.511159 0)
(0.436869 0.522106 0)
(0.406368 0.540286 0)
(0.376688 0.559136 0)
(0.346645 0.572115 0)
(0.315981 0.579188 0)
(0.285731 0.584195 0)
(0.255047 0.589622 0)
(0.224459 0.596789 0)
(0.193842 0.605521 0)
(0.163151 0.616974 0)
(0.131019 0.629249 0)
(0.0964 0.641001 0)
(0.0595489 0.646039 0)
(0.019786 0.65055 0)
(4 -1.08272e-16 0)
(4 1.66394e-16 0)
(4 1.50318e-16 0)
(4 4.37074e-16 0)
(4 5.71358e-16 0)
(4 5.21411e-16 0)
(4 1.49615e-17 0)
(4 -4.4781e-16 0)
(4 -3.69269e-16 0)
(4 -3.58749e-16 0)
(4 -6.56586e-16 0)
(4 -5.81667e-16 0)
(4 -4.46672e-16 0)
(4 -1.62758e-16 0)
(4 -5.89489e-17 0)
(4 1.11301e-16 0)
(4 4.17615e-16 0)
(4 3.58957e-16 0)
(4 8.61057e-16 0)
(4 4.91523e-16 0)
(4 4.65299e-16 0)
(4 -8.99562e-17 0)
(4 -3.80989e-16 0)
(4 -3.59341e-16 0)
(4 -4.74164e-16 0)
(4 -9.6886e-16 0)
(4 -1.26365e-15 0)
(4 -1.35919e-15 0)
(4 -7.54017e-16 0)
(4 2.70878e-17 0)
(4 3.28447e-16 0)
(4 -9.15354e-17 0)
(4 5.3021e-16 0)
(4 2.3288e-15 0)
(4 2.3647e-15 0)
(4 2.10681e-15 0)
(4 2.39757e-15 0)
(4 -2.51764e-16 0)
(4 -6.85465e-16 0)
(4 2.57121e-17 0)
(4 1.44776e-16 0)
(4 -7.86434e-16 0)
(4 -3.94488e-16 0)
(4 1.55408e-15 0)
(4 2.50099e-15 0)
(4 2.58429e-15 0)
(4 2.14165e-15 0)
(4 1.49011e-15 0)
(4 1.49679e-15 0)
(4 9.41675e-16 0)
(4 -2.17797e-16 0)
(4 -2.01775e-15 0)
(4 -2.60205e-15 0)
(4 -2.16875e-15 0)
(4 -9.86808e-16 0)
(4 -9.732e-16 0)
(4 -9.20765e-16 0)
(4 2.17601e-16 0)
(4 7.69669e-16 0)
(4 -2.75248e-09 0)
(1.92407 0.499782 0)
(0.917179 0.480669 0)
(0.837495 0.486452 0)
(0.816867 0.482973 0)
(0.797133 0.47539 0)
(0.774753 0.474695 0)
(0.75184 0.475628 0)
(0.731333 0.474597 0)
(0.714377 0.473328 0)
(0.700467 0.476762 0)
(0.688759 0.482876 0)
(0.677168 0.488494 0)
(0.66335 0.492063 0)
(0.646262 0.49631 0)
(0.62628 0.505138 0)
(0.604731 0.517288 0)
(0.582729 0.526855 0)
(0.561154 0.530769 0)
(0.54 0.533895 0)
(0.517654 0.535556 0)
(0.494041 0.537012 0)
(0.467579 0.540245 0)
(0.43801 0.551898 0)
(0.408966 0.570911 0)
(0.381149 0.590398 0)
(0.352586 0.603544 0)
(0.323491 0.610833 0)
(0.294222 0.616629 0)
(0.26412 0.623454 0)
(0.233977 0.632647 0)
(0.203406 0.643632 0)
(0.171898 0.657207 0)
(0.138014 0.671203 0)
(0.101198 0.683909 0)
(0.0621772 0.689179 0)
(0.0204169 0.693248 0)
(4 4.13279e-16 0)
(4 4.99669e-16 0)
(4 8.58699e-17 0)
(4 -1.99585e-16 0)
(4 -5.9288e-16 0)
(4 -6.12862e-16 0)
(4 -7.50944e-17 0)
(4 2.27803e-16 0)
(4 3.53753e-16 0)
(4 2.48328e-16 0)
(4 -2.65419e-16 0)
(4 -1.36002e-16 0)
(4 -2.22097e-16 0)
(4 5.6589e-17 0)
(4 3.08044e-16 0)
(4 4.51989e-16 0)
(4 8.65897e-17 0)
(4 -4.50538e-16 0)
(4 -7.17947e-16 0)
(4 -3.22876e-16 0)
(4 -1.13875e-16 0)
(4 -9.90089e-17 0)
(4 -2.71751e-16 0)
(4 -1.88011e-16 0)
(4 -3.04654e-16 0)
(4 -7.8414e-16 0)
(4 -9.88765e-16 0)
(4 -1.30491e-15 0)
(4 -9.36326e-16 0)
(4 -2.17359e-16 0)
(4 -8.21471e-16 0)
(4 -9.58987e-16 0)
(4 -3.89126e-16 0)
(4 1.92269e-15 0)
(4 1.92271e-15 0)
(4 1.52876e-15 0)
(4 5.34731e-16 0)
(4 1.78322e-16 0)
(4 -1.54922e-15 0)
(4 -2.43507e-15 0)
(4 -1.96049e-15 0)
(4 -1.20018e-15 0)
(4 1.46416e-16 0)
(4 1.24421e-16 0)
(4 -1.09882e-15 0)
(4 -1.90733e-15 0)
(4 -2.24265e-15 0)
(4 -1.7289e-15 0)
(4 -9.51524e-16 0)
(4 -2.25763e-16 0)
(4 -1.05253e-15 0)
(4 -1.57077e-15 0)
(4 -2.3131e-15 0)
(4 -2.74707e-15 0)
(4 -2.51861e-15 0)
(4 -1.64102e-15 0)
(4 -7.62999e-16 0)
(4 -6.52102e-16 0)
(4 4.70162e-17 0)
(4 -1.55857e-09 0)
(2.43107 0.571004 0)
(0.955362 0.574141 0)
(0.835902 0.526315 0)
(0.821196 0.50147 0)
(0.79861 0.494512 0)
(0.774885 0.49627 0)
(0.749476 0.499666 0)
(0.7264 0.497298 0)
(0.708113 0.492498 0)
(0.693055 0.49304 0)
(0.679915 0.497496 0)
(0.666511 0.50221 0)
(0.651431 0.506214 0)
(0.633773 0.512008 0)
(0.61466 0.523552 0)
(0.59414 0.537581 0)
(0.573699 0.548193 0)
(0.553774 0.553055 0)
(0.534613 0.558078 0)
(0.513945 0.561405 0)
(0.49233 0.56397 0)
(0.467665 0.568363 0)
(0.440313 0.580853 0)
(0.413749 0.600414 0)
(0.388262 0.620184 0)
(0.361319 0.63345 0)
(0.333829 0.641268 0)
(0.305745 0.648676 0)
(0.276914 0.657524 0)
(0.24805 0.669007 0)
(0.218163 0.682449 0)
(0.186077 0.698407 0)
(0.15015 0.714758 0)
(0.110287 0.729333 0)
(0.0675749 0.735757 0)
(0.0222304 0.739993 0)
(4 2.47095e-16 0)
(4 1.56097e-16 0)
(4 1.70353e-16 0)
(4 1.55611e-18 0)
(4 -1.42734e-16 0)
(4 -6.32434e-16 0)
(4 -8.85671e-17 0)
(4 1.41596e-16 0)
(4 1.77631e-16 0)
(4 9.12929e-17 0)
(4 1.23249e-16 0)
(4 -1.55628e-16 0)
(4 4.87917e-16 0)
(4 5.91383e-16 0)
(4 6.34602e-16 0)
(4 4.82478e-16 0)
(4 4.05217e-17 0)
(4 -8.18284e-16 0)
(4 -1.16032e-15 0)
(4 -1.06626e-15 0)
(4 -1.29182e-15 0)
(4 -1.99866e-15 0)
(4 -2.08987e-15 0)
(4 -1.37768e-15 0)
(4 -3.85203e-16 0)
(4 -6.82764e-17 0)
(4 -2.17377e-16 0)
(4 -2.96609e-16 0)
(4 -7.73362e-16 0)
(4 -6.20253e-16 0)
(4 -9.44719e-16 0)
(4 -1.73807e-16 0)
(4 1.77e-15 0)
(4 1.22953e-15 0)
(4 1.07857e-15 0)
(4 1.57311e-15 0)
(4 1.28473e-15 0)
(4 9.46816e-16 0)
(4 -3.46414e-16 0)
(4 -7.90065e-16 0)
(4 -1.50018e-15 0)
(4 -4.53534e-16 0)
(4 1.18874e-15 0)
(4 7.22878e-16 0)
(4 2.47157e-16 0)
(4 -2.16265e-16 0)
(4 -2.45257e-16 0)
(4 1.69335e-16 0)
(4 5.187e-16 0)
(4 -4.39877e-16 0)
(4 -1.80049e-15 0)
(4 -2.10848e-15 0)
(4 -1.50594e-15 0)
(4 -1.8506e-15 0)
(4 -3.15734e-15 0)
(4 -3.01093e-15 0)
(4 -2.79732e-15 0)
(4 -2.57146e-15 0)
(4 -1.81699e-15 0)
(4 -2.31228e-10 0)
(3.28446 0.541134 0)
(1.08673 0.66003 0)
(0.915091 0.539351 0)
(0.889973 0.500238 0)
(0.850757 0.503225 0)
(0.813536 0.516109 0)
(0.776942 0.523231 0)
(0.745716 0.520941 0)
(0.721816 0.513436 0)
(0.702128 0.511655 0)
(0.685135 0.515542 0)
(0.667913 0.520519 0)
(0.649647 0.524799 0)
(0.630271 0.531091 0)
(0.610711 0.543911 0)
(0.590582 0.559081 0)
(0.570823 0.569953 0)
(0.551845 0.575161 0)
(0.534189 0.581657 0)
(0.514979 0.586512 0)
(0.495173 0.590085 0)
(0.472506 0.595441 0)
(0.447715 0.608536 0)
(0.423694 0.628234 0)
(0.399913 0.648004 0)
(0.374514 0.661565 0)
(0.348041 0.670509 0)
(0.320993 0.680246 0)
(0.293136 0.69196 0)
(0.264527 0.706573 0)
(0.233802 0.723587 0)
(0.19958 0.742986 0)
(0.160565 0.762562 0)
(0.117335 0.779682 0)
(0.0713846 0.787842 0)
(0.0231534 0.792565 0)
(4 5.10212e-18 0)
(4 2.94336e-17 0)
(4 -2.17563e-16 0)
(4 -8.77e-17 0)
(4 4.22905e-16 0)
(4 1.08038e-15 0)
(4 8.99338e-16 0)
(4 4.55371e-16 0)
(4 -7.62431e-18 0)
(4 -2.45557e-16 0)
(4 2.9432e-16 0)
(4 -1.4454e-16 0)
(4 2.69213e-18 0)
(4 -1.84794e-16 0)
(4 -1.64301e-16 0)
(4 1.83863e-16 0)
(4 3.01975e-16 0)
(4 2.27342e-16 0)
(4 2.95215e-17 0)
(4 -1.16865e-16 0)
(4 -4.14156e-16 0)
(4 -7.07566e-16 0)
(4 -5.23229e-16 0)
(4 -7.71338e-16 0)
(4 -5.41764e-16 0)
(4 3.08238e-16 0)
(4 6.20262e-16 0)
(4 1.27729e-15 0)
(4 1.1924e-15 0)
(4 1.34584e-15 0)
(4 1.81574e-15 0)
(4 1.59039e-15 0)
(4 1.1199e-15 0)
(4 1.09956e-15 0)
(4 1.08611e-15 0)
(4 1.62615e-15 0)
(4 6.17857e-16 0)
(4 -6.79493e-16 0)
(4 -1.63103e-15 0)
(4 -1.94248e-15 0)
(4 -9.32623e-16 0)
(4 2.74509e-16 0)
(4 1.60026e-15 0)
(4 1.45832e-15 0)
(4 2.44762e-15 0)
(4 3.03328e-15 0)
(4 1.77636e-15 0)
(4 1.30876e-15 0)
(4 1.9351e-17 0)
(4 -2.64255e-15 0)
(4 -2.55732e-15 0)
(4 -2.68488e-15 0)
(4 -1.27703e-15 0)
(4 -1.4071e-16 0)
(4 -3.2941e-16 0)
(4 -1.81666e-15 0)
(4 -1.50535e-15 0)
(4 -1.45396e-15 0)
(4 -8.61449e-16 0)
(4 -9.75975e-12 0)
(4.13745 0.0903523 0)
(1.39663 0.633727 0)
(1.01275 0.570733 0)
(0.984264 0.549842 0)
(0.929293 0.548649 0)
(0.875701 0.549193 0)
(0.825595 0.553819 0)
(0.785173 0.549077 0)
(0.754445 0.53833 0)
(0.728668 0.533238 0)
(0.706196 0.535861 0)
(0.683907 0.541042 0)
(0.661811 0.545076 0)
(0.639501 0.551539 0)
(0.618301 0.564928 0)
(0.598155 0.580809 0)
(0.578192 0.591535 0)
(0.559122 0.596638 0)
(0.542064 0.604183 0)
(0.523546 0.610604 0)
(0.504711 0.61533 0)
(0.483399 0.621633 0)
(0.460658 0.635228 0)
(0.438413 0.654876 0)
(0.415822 0.674736 0)
(0.391352 0.68905 0)
(0.36583 0.699859 0)
(0.339934 0.712465 0)
(0.31327 0.727602 0)
(0.285394 0.745679 0)
(0.254773 0.766238 0)
(0.219563 0.789236 0)
(0.178098 0.812868 0)
(0.130917 0.834054 0)
(0.0796842 0.845591 0)
(0.0260863 0.851652 0)
(4 3.68712e-16 0)
(4 2.24262e-16 0)
(4 -6.84092e-17 0)
(4 -2.67591e-16 0)
(4 -2.82695e-16 0)
(4 -2.38618e-16 0)
(4 -1.2668e-16 0)
(4 -2.99454e-17 0)
(4 2.77108e-18 0)
(4 1.15158e-16 0)
(4 1.6196e-16 0)
(4 2.89267e-16 0)
(4 -1.18639e-16 0)
(4 -1.17114e-16 0)
(4 -2.59808e-16 0)
(4 -3.18936e-16 0)
(4 -1.63573e-16 0)
(4 2.5343e-16 0)
(4 2.60601e-16 0)
(4 2.59493e-16 0)
(4 3.17989e-16 0)
(4 1.27615e-15 0)
(4 1.52476e-15 0)
(4 7.70205e-16 0)
(4 -2.47382e-16 0)
(4 -6.78323e-16 0)
(4 1.2565e-15 0)
(4 1.28751e-15 0)
(4 9.13526e-16 0)
(4 5.44991e-16 0)
(4 6.4473e-16 0)
(4 -1.09332e-16 0)
(4 -8.3749e-16 0)
(4 -6.06036e-16 0)
(4 -6.42545e-16 0)
(4 -1.09879e-15 0)
(4 -1.75914e-15 0)
(4 -1.04488e-15 0)
(4 7.10565e-16 0)
(4 9.41168e-16 0)
(4 2.0698e-15 0)
(4 1.71269e-15 0)
(4 1.19029e-15 0)
(4 1.09948e-15 0)
(4 6.87375e-16 0)
(4 -3.83046e-16 0)
(4 -1.07103e-15 0)
(4 -2.08986e-15 0)
(4 -2.17793e-15 0)
(4 -2.03573e-15 0)
(4 -2.30297e-15 0)
(4 -2.65051e-15 0)
(4 -3.21846e-16 0)
(4 5.46227e-16 0)
(4 -4.32384e-16 0)
(4 -1.31168e-15 0)
(4 -2.12092e-15 0)
(4 -3.85292e-15 0)
(4 -2.17042e-15 0)
(4 -8.3094e-14 0)
(4.01937 -0.000469321 0)
(1.57251 0.573098 0)
(1.00351 0.612619 0)
(0.977065 0.609751 0)
(0.931872 0.604785 0)
(0.893964 0.595383 0)
(0.858268 0.588405 0)
(0.825446 0.577086 0)
(0.795306 0.564699 0)
(0.766605 0.558544 0)
(0.739449 0.560551 0)
(0.713038 0.565017 0)
(0.686576 0.567661 0)
(0.660651 0.573132 0)
(0.636651 0.586405 0)
(0.61569 0.602466 0)
(0.594952 0.612913 0)
(0.575114 0.617559 0)
(0.55777 0.62573 0)
(0.54002 0.633829 0)
(0.521602 0.639882 0)
(0.501193 0.647051 0)
(0.480063 0.660708 0)
(0.45916 0.67995 0)
(0.437592 0.699934 0)
(0.41389 0.715326 0)
(0.38949 0.728483 0)
(0.36484 0.744237 0)
(0.338881 0.763295 0)
(0.310648 0.785924 0)
(0.278217 0.811686 0)
(0.239807 0.84055 0)
(0.194208 0.870474 0)
(0.142513 0.897333 0)
(0.0866101 0.913355 0)
(0.0275852 0.920807 0)
(4 -7.90203e-17 0)
(4 -3.05866e-16 0)
(4 -2.58311e-16 0)
(4 -3.08956e-17 0)
(4 1.09167e-16 0)
(4 -3.45741e-16 0)
(4 -4.61587e-16 0)
(4 -1.35912e-16 0)
(4 8.43565e-17 0)
(4 3.41851e-16 0)
(4 1.00058e-16 0)
(4 2.5057e-16 0)
(4 3.81668e-16 0)
(4 6.20563e-16 0)
(4 4.77391e-16 0)
(4 2.14345e-16 0)
(4 8.17405e-17 0)
(4 -8.82235e-17 0)
(4 3.03054e-16 0)
(4 3.19227e-16 0)
(4 3.7161e-16 0)
(4 6.67152e-16 0)
(4 5.62637e-16 0)
(4 5.29675e-16 0)
(4 -1.52508e-16 0)
(4 -6.93557e-16 0)
(4 1.37606e-15 0)
(4 1.94401e-15 0)
(4 1.56395e-15 0)
(4 2.72446e-16 0)
(4 -2.98581e-16 0)
(4 -6.50793e-16 0)
(4 -6.12952e-17 0)
(4 1.48472e-16 0)
(4 -4.72809e-16 0)
(4 -1.351e-15 0)
(4 -1.37177e-15 0)
(4 -3.71101e-16 0)
(4 1.06571e-15 0)
(4 2.67295e-15 0)
(4 3.30067e-15 0)
(4 2.91955e-15 0)
(4 1.31516e-15 0)
(4 8.59626e-16 0)
(4 -2.60784e-16 0)
(4 -1.85345e-16 0)
(4 1.97182e-16 0)
(4 9.60268e-16 0)
(4 7.09091e-16 0)
(4 -1.22086e-16 0)
(4 -1.60024e-15 0)
(4 -1.839e-15 0)
(4 -1.87488e-15 0)
(4 -1.02341e-15 0)
(4 1.21014e-15 0)
(4 2.77652e-16 0)
(4 -1.03363e-15 0)
(4 -1.88513e-15 0)
(4 -2.60947e-15 0)
(4 -3.38988e-15 0)
(4.00009 -3.32345e-06 0)
(1.90518 0.579045 0)
(0.961822 0.613546 0)
(0.922331 0.623088 0)
(0.897397 0.625519 0)
(0.876728 0.616954 0)
(0.854916 0.610359 0)
(0.834432 0.601306 0)
(0.813613 0.591465 0)
(0.79152 0.586458 0)
(0.768188 0.588821 0)
(0.743563 0.593396 0)
(0.717012 0.594853 0)
(0.69005 0.598258 0)
(0.664519 0.610098 0)
(0.642076 0.625318 0)
(0.62073 0.635057 0)
(0.600108 0.638697 0)
(0.581937 0.646856 0)
(0.564769 0.656494 0)
(0.546387 0.664135 0)
(0.525952 0.672406 0)
(0.505145 0.686173 0)
(0.484551 0.705468 0)
(0.463326 0.726366 0)
(0.440201 0.743565 0)
(0.416654 0.759506 0)
(0.392994 0.778617 0)
(0.367697 0.801863 0)
(0.339811 0.829423 0)
(0.307733 0.860503 0)
(0.269698 0.895033 0)
(0.223589 0.931496 0)
(0.168691 0.966333 0)
(0.104947 0.991102 0)
(0.0346038 1.00272 0)
(4 -6.04035e-16 0)
(4 -2.40649e-16 0)
(4 1.63727e-16 0)
(4 2.93958e-16 0)
(4 4.00574e-16 0)
(4 7.97715e-16 0)
(4 8.34805e-16 0)
(4 7.09061e-16 0)
(4 4.59244e-16 0)
(4 -1.32391e-16 0)
(4 -6.37727e-16 0)
(4 -6.9368e-16 0)
(4 -5.44569e-16 0)
(4 -2.93618e-16 0)
(4 -6.16924e-17 0)
(4 -3.03094e-17 0)
(4 6.69665e-17 0)
(4 2.73273e-16 0)
(4 2.40009e-16 0)
(4 3.21035e-16 0)
(4 5.4853e-16 0)
(4 6.03114e-16 0)
(4 1.20458e-15 0)
(4 1.2986e-15 0)
(4 1.59694e-15 0)
(4 1.92113e-15 0)
(4 1.50415e-15 0)
(4 1.40392e-15 0)
(4 1.30857e-15 0)
(4 7.429e-16 0)
(4 8.32248e-16 0)
(4 7.64968e-16 0)
(4 1.0195e-15 0)
(4 6.40532e-16 0)
(4 4.1513e-16 0)
(4 2.08983e-16 0)
(4 -5.28621e-16 0)
(4 -9.00054e-16 0)
(4 -1.31599e-15 0)
(4 -8.31985e-16 0)
(4 1.25754e-16 0)
(4 1.06605e-15 0)
(4 1.2619e-15 0)
(4 9.77226e-17 0)
(4 4.77492e-16 0)
(4 1.14466e-15 0)
(4 1.56648e-15 0)
(4 1.64362e-15 0)
(4 8.55996e-16 0)
(4 -1.54519e-17 0)
(4 7.4441e-16 0)
(4 1.80259e-15 0)
(4 1.45954e-15 0)
(4 1.82324e-15 0)
(4 2.82307e-15 0)
(4 1.10819e-15 0)
(4 4.93213e-17 0)
(4 -2.22095e-16 0)
(4 -1.66968e-15 0)
(4 -2.44609e-15 0)
(4.00001 -2.26325e-06 0)
(2.51168 0.635323 0)
(0.987391 0.679799 0)
(0.879055 0.638004 0)
(0.871434 0.631824 0)
(0.862667 0.627643 0)
(0.850004 0.623049 0)
(0.834703 0.615865 0)
(0.817688 0.60844 0)
(0.800561 0.606344 0)
(0.784304 0.611569 0)
(0.766473 0.618172 0)
(0.745774 0.619933 0)
(0.722429 0.622559 0)
(0.698241 0.633382 0)
(0.675623 0.64805 0)
(0.654028 0.657559 0)
(0.633249 0.660625 0)
(0.614557 0.668183 0)
(0.597946 0.678848 0)
(0.579849 0.688391 0)
(0.559177 0.697785 0)
(0.53797 0.711285 0)
(0.517179 0.730383 0)
(0.496549 0.752257 0)
(0.474278 0.771326 0)
(0.451731 0.789669 0)
(0.428857 0.811864 0)
(0.40431 0.839338 0)
(0.376841 0.87233 0)
(0.344531 0.910573 0)
(0.30481 0.954612 0)
(0.25471 1.00365 0)
(0.193789 1.05302 0)
(0.122113 1.09229 0)
(0.0382605 1.11052 0)
(4 2.39228e-17 0)
(4 -5.03396e-18 0)
(4 4.09671e-16 0)
(4 6.523e-16 0)
(4 5.02116e-16 0)
(4 5.89913e-16 0)
(4 9.47751e-16 0)
(4 9.35466e-16 0)
(4 7.27307e-16 0)
(4 3.39987e-16 0)
(4 7.57143e-17 0)
(4 1.73317e-16 0)
(4 -8.9397e-18 0)
(4 -4.34573e-16 0)
(4 -5.17343e-16 0)
(4 -3.96897e-16 0)
(4 -1.70007e-16 0)
(4 9.1531e-17 0)
(4 -1.4902e-16 0)
(4 -1.09279e-16 0)
(4 -3.55302e-18 0)
(4 2.65061e-17 0)
(4 2.51269e-16 0)
(4 8.69762e-17 0)
(4 3.96555e-16 0)
(4 7.4546e-16 0)
(4 2.65199e-16 0)
(4 -6.13773e-16 0)
(4 -4.51632e-16 0)
(4 3.30832e-16 0)
(4 3.36263e-16 0)
(4 4.20432e-16 0)
(4 5.55913e-16 0)
(4 7.11778e-16 0)
(4 1.41236e-15 0)
(4 1.34907e-15 0)
(4 1.51971e-15 0)
(4 1.09157e-15 0)
(4 4.89984e-16 0)
(4 3.0756e-16 0)
(4 -1.34305e-17 0)
(4 4.74494e-16 0)
(4 1.29736e-15 0)
(4 2.02499e-15 0)
(4 2.7781e-15 0)
(4 2.98934e-15 0)
(4 1.85522e-15 0)
(4 1.20514e-15 0)
(4 1.04598e-15 0)
(4 6.82102e-16 0)
(4 2.03958e-15 0)
(4 3.28942e-15 0)
(4 2.75415e-15 0)
(4 2.25949e-15 0)
(4 1.3956e-15 0)
(4 1.15739e-15 0)
(4 2.78484e-16 0)
(4 5.10528e-17 0)
(4 -1.76932e-15 0)
(4 -2.89849e-15 0)
(4 -2.95106e-07 0)
(3.52259 0.532963 0)
(1.13599 0.79231 0)
(0.926872 0.650723 0)
(0.907779 0.633758 0)
(0.88511 0.635374 0)
(0.86473 0.635745 0)
(0.843717 0.632907 0)
(0.8234 0.626396 0)
(0.804696 0.62395 0)
(0.790482 0.630087 0)
(0.778194 0.638703 0)
(0.764359 0.642191 0)
(0.747044 0.646111 0)
(0.727864 0.656733 0)
(0.709041 0.670899 0)
(0.690003 0.680121 0)
(0.671098 0.683087 0)
(0.653587 0.690053 0)
(0.638043 0.701458 0)
(0.621079 0.713307 0)
(0.600827 0.724339 0)
(0.578981 0.737942 0)
(0.55729 0.757245 0)
(0.537029 0.780983 0)
(0.515187 0.803131 0)
(0.492772 0.824439 0)
(0.469907 0.849651 0)
(0.445973 0.881046 0)
(0.419499 0.91936 0)
(0.389892 0.965118 0)
(0.354202 1.01985 0)
(0.308587 1.08158 0)
(0.24927 1.14681 0)
(0.170287 1.21011 0)
(0.0554804 1.24371 0)
(4 3.37275e-16 0)
(4 2.89217e-16 0)
(4 2.36252e-16 0)
(4 4.0147e-16 0)
(4 3.59654e-16 0)
(4 1.08318e-16 0)
(4 2.69516e-18 0)
(4 6.51388e-17 0)
(4 6.32564e-17 0)
(4 -1.70552e-16 0)
(4 1.37599e-16 0)
(4 1.14259e-15 0)
(4 1.30223e-15 0)
(4 7.98232e-16 0)
(4 1.36339e-16 0)
(4 -1.99884e-16 0)
(4 -2.2253e-16 0)
(4 -1.00154e-17 0)
(4 4.98698e-16 0)
(4 5.2943e-16 0)
(4 3.85611e-16 0)
(4 1.86068e-16 0)
(4 -9.37819e-16 0)
(4 -1.19198e-15 0)
(4 -6.68131e-16 0)
(4 8.14128e-17 0)
(4 3.55736e-16 0)
(4 8.88526e-16 0)
(4 9.8401e-16 0)
(4 1.24617e-15 0)
(4 4.32527e-16 0)
(4 4.46127e-16 0)
(4 3.13936e-16 0)
(4 8.94858e-16 0)
(4 1.14756e-15 0)
(4 1.10677e-15 0)
(4 8.93036e-16 0)
(4 1.5598e-16 0)
(4 -4.92992e-16 0)
(4 -1.2398e-15 0)
(4 -1.64066e-15 0)
(4 -9.25416e-16 0)
(4 7.13167e-16 0)
(4 2.76745e-15 0)
(4 3.06872e-15 0)
(4 3.23012e-15 0)
(4 3.19456e-15 0)
(4 2.95033e-15 0)
(4 3.13592e-15 0)
(4 3.32595e-15 0)
(4 3.09008e-15 0)
(4 2.30567e-15 0)
(4 1.28056e-15 0)
(4 -3.93986e-16 0)
(4 -1.59315e-15 0)
(4 -2.05719e-15 0)
(4 -9.60508e-16 0)
(4 -8.42315e-16 0)
(4 -1.92721e-15 0)
(4 -3.31529e-15 0)
(4 -9.81555e-09 0)
(4.16594 0.0593082 0)
(1.57578 0.883874 0)
(0.998732 0.683198 0)
(0.98668 0.66097 0)
(0.94406 0.657893 0)
(0.908447 0.652302 0)
(0.877259 0.649406 0)
(0.848699 0.644994 0)
(0.823792 0.642212 0)
(0.805597 0.647717 0)
(0.793071 0.656093 0)
(0.782453 0.659916 0)
(0.769187 0.664353 0)
(0.75434 0.674268 0)
(0.739625 0.687947 0)
(0.724157 0.69827 0)
(0.708263 0.702526 0)
(0.693309 0.70917 0)
(0.679509 0.720572 0)
(0.664987 0.734523 0)
(0.646921 0.748092 0)
(0.625923 0.762838 0)
(0.604485 0.78253 0)
(0.585783 0.807722 0)
(0.566562 0.832593 0)
(0.546092 0.856131 0)
(0.524447 0.883502 0)
(0.501391 0.918045 0)
(0.477909 0.9623 0)
(0.450832 1.0162 0)
(0.423756 1.08445 0)
(0.383457 1.1673 0)
(0.329286 1.27056 0)
(0.247276 1.39152 0)
(0.131855 1.48965 0)
(4 3.69056e-17 0)
(4 1.03669e-16 0)
(4 8.9515e-17 0)
(4 8.06578e-17 0)
(4 1.29505e-16 0)
(4 1.72106e-16 0)
(4 1.09614e-16 0)
(4 -3.54656e-17 0)
(4 -2.37821e-17 0)
(4 5.13413e-17 0)
(4 1.12946e-17 0)
(4 -1.95322e-17 0)
(4 2.41024e-17 0)
(4 -1.65135e-16 0)
(4 -2.78802e-16 0)
(4 -2.30561e-16 0)
(4 -1.11785e-16 0)
(4 -8.74387e-18 0)
(4 4.67088e-17 0)
(4 1.53744e-16 0)
(4 2.197e-16 0)
(4 2.3328e-16 0)
(4 1.2745e-16 0)
(4 1.46984e-16 0)
(4 1.42727e-16 0)
(4 6.59659e-17 0)
(4 5.15188e-17 0)
(4 -2.49782e-16 0)
(4 -2.60223e-16 0)
(4 2.70259e-16 0)
(4 7.01357e-16 0)
(4 6.51407e-16 0)
(4 -2.34123e-16 0)
(4 -2.92499e-16 0)
(4 -4.25052e-16 0)
(4 -6.89627e-16 0)
(4 -8.04236e-16 0)
(4 -8.64548e-16 0)
(4 -8.60533e-16 0)
(4 -8.08458e-16 0)
(4 -8.27337e-16 0)
(4 -8.25779e-16 0)
(4 -8.91216e-16 0)
(4 -8.13097e-16 0)
(4 -5.40256e-16 0)
(4 -1.26338e-16 0)
(4 1.06566e-16 0)
(4 -1.60666e-17 0)
(4 -3.77282e-16 0)
(4 -4.33996e-16 0)
(4 -5.77926e-16 0)
(4 -7.65614e-16 0)
(4 -7.72049e-16 0)
(4 -7.16279e-16 0)
(4 -6.75009e-16 0)
(4 -8.93553e-16 0)
(4 -1.26712e-15 0)
(4 -1.61092e-15 0)
(4 -2.42745e-15 0)
(4 5.76103e-16 0)
(4 -2.66457e-10 0)
(4.00217 0.00107618 0)
(3.23566 0.445664 0)
(1.19931 0.737312 0)
(0.992437 0.726567 0)
(0.984122 0.718298 0)
(0.971478 0.71172 0)
(0.95203 0.707478 0)
(0.928333 0.701067 0)
(0.90208 0.693479 0)
(0.878138 0.692074 0)
(0.860039 0.69694 0)
(0.846618 0.701421 0)
(0.832959 0.704188 0)
(0.818118 0.711342 0)
(0.802953 0.723476 0)
(0.788053 0.736768 0)
(0.773085 0.74743 0)
(0.759318 0.758234 0)
(0.746488 0.772068 0)
(0.734756 0.789494 0)
(0.721937 0.808348 0)
(0.706647 0.826948 0)
(0.691411 0.849066 0)
(0.677811 0.876147 0)
(0.667626 0.906996 0)
(0.657003 0.937898 0)
(0.64805 0.972726 0)
(0.636205 1.01199 0)
(0.629854 1.0637 0)
(0.621682 1.1275 0)
(0.629085 1.21333 0)
(0.637149 1.32328 0)
(0.680274 1.45216 0)
(0.789221 1.60173 0)
(1.08619 1.80341 0)
(4 6.14049e-17 0)
(4 -4.41301e-17 0)
(4 5.47166e-17 0)
(4 1.51995e-16 0)
(4 1.17936e-16 0)
(4 2.97107e-17 0)
(4 1.26117e-18 0)
(4 -1.92435e-17 0)
(4 -4.845e-17 0)
(4 8.66445e-18 0)
(4 -1.3332e-16 0)
(4 -3.98213e-16 0)
(4 -4.40475e-16 0)
(4 -3.76613e-16 0)
(4 -9.67388e-17 0)
(4 7.18551e-18 0)
(4 -9.14762e-17 0)
(4 -3.86047e-16 0)
(4 -4.87571e-16 0)
(4 -5.12921e-16 0)
(4 -2.81883e-16 0)
(4 1.03812e-16 0)
(4 4.73741e-16 0)
(4 8.09498e-16 0)
(4 9.4087e-16 0)
(4 8.65719e-16 0)
(4 6.97993e-16 0)
(4 3.98158e-16 0)
(4 -1.89091e-16 0)
(4 -3.79306e-16 0)
(4 -4.64936e-16 0)
(4 -8.20425e-16 0)
(4 -1.11508e-15 0)
(4 -1.60544e-15 0)
(4 -1.75128e-15 0)
(4 -1.82326e-15 0)
(4 -1.76513e-15 0)
(4 -1.14931e-15 0)
(4 -6.52214e-16 0)
(4 -3.76763e-16 0)
(4 -4.29161e-16 0)
(4 -1.07849e-15 0)
(4 -1.60823e-15 0)
(4 -2.24108e-15 0)
(4 -2.49384e-15 0)
(4 -2.75827e-15 0)
(4 -2.82073e-15 0)
(4 -2.75876e-15 0)
(4 -2.604e-15 0)
(4 -2.37549e-15 0)
(4 -2.2885e-15 0)
(4 -2.47012e-15 0)
(4 -2.49544e-15 0)
(4 -2.29587e-15 0)
(4 -1.19977e-15 0)
(4 -4.50154e-16 0)
(4 -6.85944e-17 0)
(4 5.74445e-16 0)
(4 -2.79024e-16 0)
(4 4.37275e-15 0)
(4 -2.30865e-13 0)
(4 3.35781e-07 0)
(4.00471 0.012874 0)
(3.04173 0.501095 0)
(1.17836 0.707256 0)
(1.01544 0.740123 0)
(1.01853 0.76233 0)
(1.00894 0.774595 0)
(0.996429 0.788574 0)
(0.978787 0.795317 0)
(0.960446 0.798742 0)
(0.942193 0.80309 0)
(0.926854 0.805488 0)
(0.913241 0.804199 0)
(0.899695 0.802982 0)
(0.88571 0.807007 0)
(0.873745 0.816746 0)
(0.862736 0.829409 0)
(0.852276 0.842084 0)
(0.8424 0.855428 0)
(0.834267 0.871118 0)
(0.828812 0.890324 0)
(0.822719 0.909622 0)
(0.818346 0.93169 0)
(0.814745 0.95701 0)
(0.817102 0.988304 0)
(0.821701 1.02505 0)
(0.833652 1.0677 0)
(0.84736 1.11518 0)
(0.869358 1.16785 0)
(0.898245 1.22629 0)
(0.941515 1.29574 0)
(1.01265 1.37855 0)
(1.12812 1.46382 0)
(1.30188 1.5499 0)
(1.57938 1.61131 0)
(4 2.74432e-18 0)
(4 -1.81177e-16 0)
(4 -2.26135e-16 0)
(4 -1.79704e-16 0)
(4 -9.77432e-17 0)
(4 5.47848e-18 0)
(4 1.86072e-16 0)
(4 2.17694e-16 0)
(4 -1.66842e-16 0)
(4 -3.62236e-16 0)
(4 -5.00199e-16 0)
(4 -4.29495e-16 0)
(4 -3.07462e-16 0)
(4 -2.1079e-16 0)
(4 -3.06094e-16 0)
(4 -3.767e-16 0)
(4 -5.23253e-16 0)
(4 -5.62132e-16 0)
(4 -4.53112e-16 0)
(4 -4.17041e-16 0)
(4 -4.93055e-16 0)
(4 -3.08862e-16 0)
(4 1.72167e-16 0)
(4 2.89637e-16 0)
(4 4.02536e-16 0)
(4 4.66552e-16 0)
(4 3.82832e-16 0)
(4 4.88754e-16 0)
(4 3.55396e-16 0)
(4 1.83643e-16 0)
(4 1.90159e-16 0)
(4 2.08333e-16 0)
(4 2.96893e-16 0)
(4 1.95577e-16 0)
(4 3.24261e-16 0)
(4 4.9813e-16 0)
(4 5.84603e-16 0)
(4 3.24398e-16 0)
(4 -4.30539e-16 0)
(4 -6.21436e-16 0)
(4 -3.36321e-16 0)
(4 2.89733e-16 0)
(4 8.5149e-16 0)
(4 -9.22924e-16 0)
(4 -2.61547e-15 0)
(4 -3.50907e-15 0)
(4 -3.72159e-15 0)
(4 -3.17798e-15 0)
(4 -1.45922e-15 0)
(4 -3.78318e-16 0)
(4 -2.99357e-16 0)
(4 -6.50108e-17 0)
(4 -1.71091e-16 0)
(4 -4.31376e-16 0)
(4 -3.14544e-16 0)
(4 1.19489e-15 0)
(4 1.50102e-15 0)
(4 3.04491e-15 0)
(4 4.94297e-15 0)
(4 4.76166e-15 0)
(4 6.17079e-16 0)
(4 6.08818e-12 0)
(4.00001 6.95859e-06 0)
(4.00208 0.0303019 0)
(3.3578 0.425954 0)
(1.31523 0.753756 0)
(1.07808 0.799894 0)
(1.07184 0.824868 0)
(1.06645 0.834712 0)
(1.05543 0.846591 0)
(1.04439 0.857363 0)
(1.03211 0.865307 0)
(1.01948 0.872193 0)
(1.00723 0.876979 0)
(0.99606 0.87769 0)
(0.986013 0.878539 0)
(0.976974 0.884253 0)
(0.970758 0.896586 0)
(0.963929 0.910614 0)
(0.957131 0.924764 0)
(0.950644 0.937375 0)
(0.947421 0.953917 0)
(0.945477 0.970789 0)
(0.946805 0.990851 0)
(0.950403 1.01285 0)
(0.960515 1.03822 0)
(0.974865 1.06796 0)
(0.996993 1.10267 0)
(1.0253 1.1425 0)
(1.06276 1.18641 0)
(1.11141 1.23588 0)
(1.17599 1.28239 0)
(1.26148 1.33204 0)
(1.37004 1.37629 0)
(1.51175 1.41439 0)
(1.69464 1.43794 0)
(4 -8.75679e-17 0)
(4 -1.03831e-16 0)
(4 -1.91084e-16 0)
(4 -2.82656e-16 0)
(4 -1.57799e-16 0)
(4 -5.18003e-20 0)
(4 7.64644e-17 0)
(4 6.12738e-17 0)
(4 2.11727e-16 0)
(4 3.89684e-16 0)
(4 6.42444e-16 0)
(4 5.8363e-16 0)
(4 4.37888e-16 0)
(4 2.50842e-16 0)
(4 1.51458e-16 0)
(4 -2.17575e-16 0)
(4 -4.66166e-16 0)
(4 -4.01941e-16 0)
(4 -1.31605e-16 0)
(4 1.52897e-16 0)
(4 1.12425e-16 0)
(4 -2.32428e-16 0)
(4 -5.36284e-16 0)
(4 -5.20911e-16 0)
(4 -4.41516e-16 0)
(4 -2.32464e-16 0)
(4 -1.14255e-17 0)
(4 -9.85892e-18 0)
(4 9.46052e-18 0)
(4 5.14123e-16 0)
(4 8.94924e-16 0)
(4 9.99805e-16 0)
(4 1.41116e-15 0)
(4 2.01618e-15 0)
(4 2.8516e-15 0)
(4 3.56277e-15 0)
(4 4.07557e-15 0)
(4 3.04927e-15 0)
(4 2.68115e-15 0)
(4 1.68573e-15 0)
(4 1.20056e-15 0)
(4 8.81083e-16 0)
(4 8.239e-16 0)
(4 -4.0598e-16 0)
(4 -8.94347e-16 0)
(4 -1.1478e-15 0)
(4 -1.1984e-15 0)
(4 -2.2163e-15 0)
(4 -1.9585e-15 0)
(4 -1.84525e-15 0)
(4 -1.29924e-15 0)
(4 -1.45e-16 0)
(4 2.44079e-16 0)
(4 7.20807e-16 0)
(4 2.11321e-15 0)
(4 2.31344e-15 0)
(4 2.43102e-15 0)
(4 2.23633e-15 0)
(4 2.12462e-15 0)
(4 8.37844e-16 0)
(4 1.56535e-15 0)
(4 -3.43697e-14 0)
(4 1.88885e-10 0)
(4.00003 2.19042e-05 0)
(4.01002 0.0216285 0)
(3.69181 0.241603 0)
(1.69339 0.791849 0)
(1.15674 0.864567 0)
(1.12289 0.897178 0)
(1.11938 0.900635 0)
(1.10698 0.908162 0)
(1.0975 0.919168 0)
(1.08722 0.930208 0)
(1.07925 0.942422 0)
(1.07198 0.951944 0)
(1.06623 0.958228 0)
(1.06198 0.962978 0)
(1.06013 0.975203 0)
(1.05965 0.989666 0)
(1.05997 1.00327 0)
(1.06064 1.01311 0)
(1.06271 1.02415 0)
(1.06685 1.03534 0)
(1.07338 1.04913 0)
(1.08319 1.06571 0)
(1.09889 1.08412 0)
(1.11963 1.10607 0)
(1.14703 1.12954 0)
(1.18086 1.15738 0)
(1.22228 1.18417 0)
(1.27409 1.21465 0)
(1.33738 1.24345 0)
(1.40902 1.26865 0)
(1.49796 1.29164 0)
(1.60527 1.30732 0)
(1.71529 1.31269 0)
(4 3.62061e-17 0)
(4 2.51672e-16 0)
(4 2.58316e-16 0)
(4 1.63449e-16 0)
(4 9.84857e-17 0)
(4 -3.06059e-18 0)
(4 -9.20956e-17 0)
(4 -1.08555e-16 0)
(4 2.23857e-16 0)
(4 4.44717e-16 0)
(4 5.76804e-16 0)
(4 2.90122e-16 0)
(4 9.09033e-17 0)
(4 1.18857e-17 0)
(4 5.00142e-17 0)
(4 6.5354e-17 0)
(4 8.48207e-17 0)
(4 3.78397e-17 0)
(4 -3.82173e-17 0)
(4 -1.17041e-16 0)
(4 5.51795e-17 0)
(4 1.04635e-16 0)
(4 -3.97705e-17 0)
(4 3.2904e-16 0)
(4 3.10195e-16 0)
(4 1.27145e-16 0)
(4 -1.89014e-16 0)
(4 -3.39553e-16 0)
(4 -2.61489e-16 0)
(4 -4.85056e-17 0)
(4 2.93853e-16 0)
(4 5.53272e-16 0)
(4 7.17334e-16 0)
(4 9.90496e-16 0)
(4 1.13383e-15 0)
(4 1.16206e-15 0)
(4 1.06122e-15 0)
(4 1.66793e-15 0)
(4 2.14855e-15 0)
(4 2.24782e-15 0)
(4 2.36638e-15 0)
(4 2.12344e-15 0)
(4 1.746e-15 0)
(4 1.67219e-15 0)
(4 1.57683e-15 0)
(4 1.34074e-15 0)
(4 2.67108e-15 0)
(4 3.16963e-15 0)
(4 2.51111e-15 0)
(4 1.58067e-15 0)
(4 1.586e-15 0)
(4 1.69051e-15 0)
(4 7.71645e-16 0)
(4 2.24244e-16 0)
(4 9.89769e-17 0)
(4 -2.08399e-16 0)
(4 2.76296e-16 0)
(4 2.2945e-16 0)
(4 1.05938e-16 0)
(4 -2.10981e-15 0)
(4 2.44064e-15 0)
(4 -9.97626e-15 0)
(4 -3.14364e-14 0)
(4 1.06674e-09 0)
(4.00001 1.31021e-05 0)
(4.00256 0.00411991 0)
(3.76067 0.160755 0)
(2.45863 0.786484 0)
(1.24222 0.910991 0)
(1.17991 0.956603 0)
(1.17108 0.972191 0)
(1.16717 0.973497 0)
(1.15793 0.979616 0)
(1.15539 0.989708 0)
(1.15215 0.999893 0)
(1.15092 1.00863 0)
(1.15153 1.0142 0)
(1.15339 1.02262 0)
(1.15772 1.03293 0)
(1.16365 1.04408 0)
(1.17086 1.05343 0)
(1.1788 1.06242 0)
(1.18847 1.07126 0)
(1.1996 1.08182 0)
(1.21326 1.09386 0)
(1.23099 1.10691 0)
(1.25399 1.12197 0)
(1.28169 1.13786 0)
(1.31492 1.155 0)
(1.35403 1.17229 0)
(1.40059 1.18951 0)
(1.45307 1.20438 0)
(1.51205 1.21706 0)
(1.5816 1.22767 0)
(1.65849 1.23238 0)
(1.73558 1.23031 0)
(4 1.5613e-17 0)
(4 9.92475e-17 0)
(4 3.35026e-17 0)
(4 -9.46736e-17 0)
(4 -1.36105e-16 0)
(4 -1.85899e-16 0)
(4 -1.16562e-16 0)
(4 -1.17055e-17 0)
(4 -2.1925e-18 0)
(4 -1.14646e-16 0)
(4 -3.96499e-16 0)
(4 -5.9009e-16 0)
(4 -1.23746e-15 0)
(4 -1.49845e-15 0)
(4 -1.4536e-15 0)
(4 -1.2805e-15 0)
(4 -9.52637e-16 0)
(4 -6.79071e-16 0)
(4 -6.78916e-16 0)
(4 -1.05123e-15 0)
(4 -1.11031e-15 0)
(4 -6.70228e-16 0)
(4 -3.68325e-16 0)
(4 -2.92627e-17 0)
(4 -1.44984e-16 0)
(4 -4.78912e-16 0)
(4 -4.71132e-16 0)
(4 -1.65891e-16 0)
(4 8.3211e-18 0)
(4 1.2876e-17 0)
(4 3.42953e-16 0)
(4 5.12848e-16 0)
(4 -2.60972e-18 0)
(4 -2.51847e-16 0)
(4 -7.39609e-16 0)
(4 -1.17272e-15 0)
(4 -1.14761e-15 0)
(4 -1.02489e-15 0)
(4 -6.0066e-16 0)
(4 -1.78352e-16 0)
(4 5.54124e-16 0)
(4 1.18241e-15 0)
(4 1.29071e-15 0)
(4 1.6823e-15 0)
(4 1.77746e-15 0)
(4 2.44654e-15 0)
(4 1.60398e-15 0)
(4 1.0083e-15 0)
(4 6.91756e-16 0)
(4 1.48605e-16 0)
(4 -4.87475e-16 0)
(4 -7.25452e-16 0)
(4 -1.63067e-15 0)
(4 -2.01117e-15 0)
(4 -2.05544e-15 0)
(4 -2.19672e-15 0)
(4 -1.99366e-15 0)
(4 -1.17668e-15 0)
(4 -8.25626e-16 0)
(4 -8.87874e-16 0)
(4 -9.71176e-16 0)
(4 -6.48157e-16 0)
(4 -5.2578e-15 0)
(4 1.08565e-14 0)
(4 4.37728e-10 0)
(4 1.09759e-06 0)
(4.00024 0.00113451 0)
(3.93758 0.102624 0)
(3.44546 0.424827 0)
(1.78244 0.907864 0)
(1.30827 1.00681 0)
(1.25911 1.03887 0)
(1.26163 1.04027 0)
(1.25651 1.03886 0)
(1.24737 1.04519 0)
(1.24629 1.04924 0)
(1.24545 1.0544 0)
(1.24675 1.06207 0)
(1.25164 1.07026 0)
(1.25895 1.0811 0)
(1.26858 1.09162 0)
(1.27974 1.10186 0)
(1.29263 1.11163 0)
(1.30717 1.12135 0)
(1.32426 1.13104 0)
(1.34393 1.14078 0)
(1.36721 1.15049 0)
(1.39388 1.15986 0)
(1.42421 1.16877 0)
(1.4591 1.17728 0)
(1.49863 1.18509 0)
(1.54218 1.19178 0)
(1.59208 1.19769 0)
(1.64838 1.20192 0)
(1.70494 1.20256 0)
(1.76297 1.20009 0)
(4 5.60985e-18 0)
(4 -3.59124e-17 0)
(4 -1.15259e-16 0)
(4 -1.44008e-16 0)
(4 -2.53039e-16 0)
(4 -4.55401e-16 0)
(4 -4.57017e-16 0)
(4 -4.20602e-16 0)
(4 -4.25093e-16 0)
(4 -6.1409e-16 0)
(4 -3.33211e-16 0)
(4 3.1404e-16 0)
(4 5.69732e-16 0)
(4 4.16497e-16 0)
(4 5.81435e-16 0)
(4 8.7363e-16 0)
(4 1.01837e-15 0)
(4 1.16754e-15 0)
(4 1.462e-15 0)
(4 8.67645e-16 0)
(4 -1.59051e-16 0)
(4 -5.69813e-16 0)
(4 -6.41186e-16 0)
(4 -6.4075e-16 0)
(4 -6.71369e-16 0)
(4 -4.81778e-16 0)
(4 4.67162e-16 0)
(4 1.13759e-15 0)
(4 1.41529e-15 0)
(4 1.47279e-15 0)
(4 2.76561e-15 0)
(4 3.02621e-15 0)
(4 1.60361e-15 0)
(4 -1.00411e-15 0)
(4 -2.21431e-15 0)
(4 -2.60224e-15 0)
(4 -2.77914e-15 0)
(4 -2.82901e-15 0)
(4 -2.38878e-15 0)
(4 -1.93698e-15 0)
(4 -2.29182e-15 0)
(4 -2.92966e-15 0)
(4 -2.95966e-15 0)
(4 -5.33972e-16 0)
(4 2.24452e-16 0)
(4 1.60681e-15 0)
(4 2.41928e-15 0)
(4 2.28379e-15 0)
(4 1.68667e-15 0)
(4 -5.55584e-16 0)
(4 -3.11835e-15 0)
(4 -2.84033e-15 0)
(4 -2.60072e-15 0)
(4 -2.15845e-15 0)
(4 -1.32112e-15 0)
(4 -9.92906e-16 0)
(4 -7.81062e-16 0)
(4 -1.20794e-15 0)
(4 -1.50388e-15 0)
(4 -1.56591e-15 0)
(4 -1.7812e-15 0)
(4 -1.84648e-15 0)
(4 -1.43065e-15 0)
(4 -3.13471e-15 0)
(4 -3.72969e-16 0)
(4 2.18943e-11 0)
(4 1.39652e-07 0)
(4 0.000339677 0)
(4.00579 0.00788202 0)
(3.67742 0.242535 0)
(3.09378 0.664364 0)
(1.59707 0.992459 0)
(1.38164 1.11371 0)
(1.34103 1.11546 0)
(1.34893 1.11084 0)
(1.34953 1.10325 0)
(1.34182 1.1031 0)
(1.34279 1.10438 0)
(1.34618 1.10728 0)
(1.35168 1.11261 0)
(1.36126 1.11817 0)
(1.37222 1.1249 0)
(1.3857 1.1316 0)
(1.40106 1.13849 0)
(1.41927 1.14501 0)
(1.43983 1.15103 0)
(1.46304 1.15641 0)
(1.48855 1.16113 0)
(1.5162 1.16515 0)
(1.54698 1.16858 0)
(1.58039 1.17165 0)
(1.61699 1.17436 0)
(1.65838 1.17649 0)
(1.7032 1.17747 0)
(1.74763 1.1769 0)
(1.79488 1.17401 0)
(4 -2.55573e-18 0)
(4 -4.17566e-17 0)
(4 -3.24743e-17 0)
(4 -1.4078e-18 0)
(4 4.74491e-17 0)
(4 3.29475e-17 0)
(4 4.78129e-19 0)
(4 -3.60196e-17 0)
(4 -1.21689e-16 0)
(4 1.02507e-16 0)
(4 3.23348e-16 0)
(4 6.944e-16 0)
(4 1.15557e-15 0)
(4 1.53278e-15 0)
(4 1.73215e-15 0)
(4 1.87557e-15 0)
(4 1.79562e-15 0)
(4 1.73724e-15 0)
(4 1.14201e-15 0)
(4 4.84372e-16 0)
(4 4.12278e-16 0)
(4 8.22679e-17 0)
(4 -1.93467e-16 0)
(4 -5.22076e-16 0)
(4 -5.91785e-16 0)
(4 -4.82886e-16 0)
(4 -4.2753e-16 0)
(4 -2.15682e-16 0)
(4 -1.17965e-17 0)
(4 1.08983e-17 0)
(4 5.25298e-16 0)
(4 1.35467e-15 0)
(4 2.15555e-15 0)
(4 1.7979e-15 0)
(4 3.33991e-16 0)
(4 -1.46487e-16 0)
(4 -7.10838e-16 0)
(4 -1.19064e-15 0)
(4 -1.24023e-15 0)
(4 -9.85979e-16 0)
(4 -6.94482e-16 0)
(4 -9.65721e-16 0)
(4 -9.45601e-16 0)
(4 -6.65629e-16 0)
(4 -1.45414e-16 0)
(4 7.13414e-16 0)
(4 1.40839e-15 0)
(4 1.3208e-15 0)
(4 4.71209e-16 0)
(4 2.3967e-16 0)
(4 -3.20691e-16 0)
(4 -9.23484e-16 0)
(4 -1.00564e-15 0)
(4 -7.46965e-16 0)
(4 -7.48418e-16 0)
(4 -7.60637e-16 0)
(4 -4.59423e-16 0)
(4 -1.21227e-15 0)
(4 -1.55732e-15 0)
(4 -1.64698e-15 0)
(4 -1.46047e-15 0)
(4 -1.32805e-15 0)
(4 -1.92818e-15 0)
(4 -2.45037e-15 0)
(4 -3.18062e-15 0)
(4 -2.39043e-15 0)
(4 1.72802e-12 0)
(4 4.71817e-08 0)
(4.00001 2.08555e-06 0)
(3.99931 0.00260353 0)
(4.00203 0.0258616 0)
(3.49755 0.342259 0)
(2.80361 0.807958 0)
(1.57953 1.05202 0)
(1.45851 1.16085 0)
(1.42313 1.16487 0)
(1.43156 1.16396 0)
(1.44541 1.15877 0)
(1.44234 1.15737 0)
(1.44623 1.15693 0)
(1.45284 1.15809 0)
(1.46084 1.1601 0)
(1.47127 1.16308 0)
(1.48468 1.16636 0)
(1.49996 1.17035 0)
(1.51808 1.17458 0)
(1.53852 1.179 0)
(1.56103 1.18309 0)
(1.58513 1.18641 0)
(1.61158 1.18871 0)
(1.64032 1.19011 0)
(1.6722 1.19049 0)
(1.70668 1.18986 0)
(1.74237 1.18791 0)
(1.77806 1.1848 0)
(1.8158 1.18044 0)
(1.99672 1.85932 0)
(2.30304 1.86795 0)
(2.44144 1.79332 0)
(2.47462 1.72427 0)
(2.39634 1.69696 0)
(2.33057 1.64119 0)
(2.46814 1.56228 0)
(2.53719 1.59049 0)
(2.52501 1.63993 0)
(2.47097 1.49502 0)
(2.61974 1.2533 0)
(2.77058 1.15271 0)
(2.84301 1.15515 0)
(2.92732 1.18796 0)
(2.92399 0.956307 0)
(2.98953 0.643475 0)
(3.11012 0.481181 0)
(3.20365 0.409585 0)
(3.1956 0.366425 0)
(3.1706 0.281188 0)
(3.18645 0.108531 0)
(3.22197 -0.0248919 0)
(3.24532 -0.03348 0)
(3.27993 -0.0322236 0)
(3.27053 -0.169417 0)
(3.28958 -0.34037 0)
(3.31092 -0.371341 0)
(3.31219 -0.317441 0)
(3.27579 -0.321181 0)
(3.22566 -0.432281 0)
(3.24227 -0.49486 0)
(3.2599 -0.435231 0)
(3.26685 -0.386905 0)
(3.24603 -0.448626 0)
(3.2448 -0.499201 0)
(3.23653 -0.468929 0)
(3.21673 -0.440854 0)
(3.18805 -0.465211 0)
(3.17988 -0.482655 0)
(3.17713 -0.458828 0)
(3.18409 -0.41918 0)
(3.1962 -0.407223 0)
(3.20654 -0.428427 0)
(3.22437 -0.434153 0)
(3.21498 -0.399756 0)
(3.20174 -0.3621 0)
(3.19314 -0.342743 0)
(3.17865 -0.339974 0)
(3.17099 -0.344642 0)
(3.17706 -0.31429 0)
(3.19541 -0.268019 0)
(3.20811 -0.251241 0)
(3.20675 -0.237603 0)
(3.20316 -0.230752 0)
(3.2006 -0.223873 0)
(3.19526 -0.204162 0)
(3.1896 -0.193069 0)
(3.17815 -0.183576 0)
(3.17827 -0.175196 0)
(3.19305 -0.164242 0)
(3.19016 -0.155633 0)
(3.17861 -0.144817 0)
(3.16596 -0.12591 0)
(3.15418 -0.119531 0)
(3.14573 -0.119566 0)
(3.1414 -0.114488 0)
(3.14424 -0.0999249 0)
(3.15521 -0.0821422 0)
(3.16222 -0.0731624 0)
(3.16228 -0.0719089 0)
(3.16243 -0.0709524 0)
(3.16176 -0.0656645 0)
(3.158 -0.0521654 0)
(3.15687 -0.0417903 0)
(3.15835 -0.040144 0)
(3.16309 -0.0373328 0)
(3.17378 -0.0296671 0)
(3.18399 -0.0237707 0)
(3.18847 -0.022825 0)
(3.19488 -0.0201929 0)
(3.1958 -0.0155263 0)
(3.19406 -0.00959873 0)
(3.19927 -0.00673503 0)
(3.20443 -0.00515794 0)
(3.21081 -0.00357359 0)
(3.22217 -0.00204665 0)
(3.228 -0.00127905 0)
(3.23287 -0.000631368 0)
(3.23625 0.000494177 0)
(3.23489 0.00166452 0)
(3.23148 0.0022223 0)
(3.23219 0.00211585 0)
(3.23313 0.0018678 0)
(3.23526 0.00137025 0)
(3.24022 0.000824788 0)
(3.24451 0.000588539 0)
(2.03955 1.65499 0)
(2.39906 1.62784 0)
(2.72331 1.44436 0)
(2.91829 1.37656 0)
(3.02247 1.43189 0)
(3.14654 1.30958 0)
(3.27444 0.96752 0)
(3.30087 0.778016 0)
(3.33654 0.824645 0)
(3.35513 0.815606 0)
(3.44216 0.587446 0)
(3.44063 0.275444 0)
(3.42839 0.205045 0)
(3.42667 0.2195 0)
(3.4775 0.129278 0)
(3.52257 -0.0400984 0)
(3.50045 -0.207286 0)
(3.48379 -0.240211 0)
(3.49828 -0.317079 0)
(3.51704 -0.390666 0)
(3.52609 -0.498642 0)
(3.5144 -0.533678 0)
(3.51181 -0.560674 0)
(3.52371 -0.608365 0)
(3.54093 -0.65103 0)
(3.54957 -0.721878 0)
(3.54518 -0.741036 0)
(3.53979 -0.752296 0)
(3.54777 -0.770964 0)
(3.5515 -0.791021 0)
(3.55619 -0.816679 0)
(3.56714 -0.826062 0)
(3.57811 -0.8125 0)
(3.58748 -0.808226 0)
(3.59182 -0.810779 0)
(3.58692 -0.807625 0)
(3.57202 -0.800126 0)
(3.55483 -0.780266 0)
(3.54832 -0.753232 0)
(3.53105 -0.739392 0)
(3.50495 -0.70101 0)
(3.46271 -0.620329 0)
(3.45436 -0.573999 0)
(3.4363 -0.569886 0)
(3.41245 -0.545908 0)
(3.3724 -0.502155 0)
(3.35447 -0.442531 0)
(3.35134 -0.407646 0)
(3.34446 -0.39827 0)
(3.34586 -0.370935 0)
(3.34809 -0.302417 0)
(3.35747 -0.265794 0)
(3.35492 -0.265895 0)
(3.34793 -0.266575 0)
(3.33327 -0.249244 0)
(3.31927 -0.224279 0)
(3.30947 -0.203102 0)
(3.30098 -0.196282 0)
(3.29917 -0.196383 0)
(3.31198 -0.181924 0)
(3.30519 -0.154098 0)
(3.28837 -0.130483 0)
(3.27885 -0.10517 0)
(3.26491 -0.0971137 0)
(3.25097 -0.10231 0)
(3.24004 -0.0931282 0)
(3.23835 -0.0633404 0)
(3.24855 -0.0396742 0)
(3.25758 -0.0320581 0)
(3.2567 -0.0317446 0)
(3.25132 -0.0309305 0)
(3.24752 -0.0261436 0)
(3.23972 -0.00852535 0)
(3.23802 0.00252978 0)
(3.23612 0.005254 0)
(3.23963 0.00565981 0)
(3.25109 0.0113051 0)
(3.26011 0.0214832 0)
(3.2628 0.024152 0)
(3.2634 0.0257051 0)
(3.26183 0.0288155 0)
(3.25784 0.0341756 0)
(3.25782 0.0402306 0)
(3.2591 0.0421808 0)
(3.26196 0.0421402 0)
(3.26926 0.040143 0)
(3.27598 0.0378498 0)
(3.27691 0.0366406 0)
(3.27622 0.0355008 0)
(3.27271 0.0322223 0)
(3.26703 0.0260153 0)
(3.26474 0.0210007 0)
(3.2649 0.0182834 0)
(3.26634 0.0142312 0)
(3.27059 0.00811817 0)
(3.27478 0.00137623 0)
(1.8851 1.43599 0)
(2.09116 1.394 0)
(2.27054 1.35628 0)
(2.40914 1.34344 0)
(2.57721 1.26559 0)
(2.73543 1.1267 0)
(2.82329 1.07233 0)
(2.88109 1.07737 0)
(2.97392 0.996204 0)
(3.0972 0.811474 0)
(3.13881 0.685726 0)
(3.17408 0.697412 0)
(3.21528 0.697085 0)
(3.31957 0.578221 0)
(3.36 0.378093 0)
(3.35294 0.308542 0)
(3.36023 0.330211 0)
(3.38503 0.303759 0)
(3.46556 0.201588 0)
(3.48409 0.0588966 0)
(3.46792 -0.000478431 0)
(3.48063 0.0205033 0)
(3.49338 0.0334243 0)
(3.55394 -0.0516344 0)
(3.56071 -0.165328 0)
(3.54154 -0.211138 0)
(3.54225 -0.197692 0)
(3.53713 -0.186279 0)
(3.56476 -0.225568 0)
(3.59967 -0.288625 0)
(3.59469 -0.338834 0)
(3.59725 -0.343533 0)
(3.60361 -0.328885 0)
(3.61287 -0.331338 0)
(3.62695 -0.384611 0)
(3.62178 -0.422576 0)
(3.60763 -0.428661 0)
(3.61322 -0.448629 0)
(3.62655 -0.457834 0)
(3.63682 -0.472746 0)
(3.6463 -0.476532 0)
(3.64514 -0.479138 0)
(3.6459 -0.497363 0)
(3.63672 -0.527469 0)
(3.63257 -0.53732 0)
(3.62955 -0.535017 0)
(3.62432 -0.523708 0)
(3.61647 -0.522658 0)
(3.60781 -0.555778 0)
(3.61288 -0.585223 0)
(3.61003 -0.567985 0)
(3.6108 -0.539367 0)
(3.59616 -0.535553 0)
(3.57561 -0.54233 0)
(3.55642 -0.5471 0)
(3.53868 -0.539899 0)
(3.52934 -0.511918 0)
(3.53806 -0.478868 0)
(3.55232 -0.463704 0)
(3.56543 -0.451267 0)
(3.55283 -0.425209 0)
(3.53491 -0.407909 0)
(3.52919 -0.384462 0)
(3.52866 -0.3705 0)
(3.52433 -0.362563 0)
(3.50971 -0.332828 0)
(3.5055 -0.28669 0)
(3.51658 -0.25131 0)
(3.52374 -0.235248 0)
(3.52124 -0.221827 0)
(3.50204 -0.202902 0)
(3.47825 -0.187898 0)
(3.45981 -0.157467 0)
(3.4522 -0.134283 0)
(3.43672 -0.120003 0)
(3.42895 -0.105056 0)
(3.42609 -0.0774706 0)
(3.42184 -0.0692253 0)
(3.41221 -0.0633579 0)
(3.39115 -0.0551186 0)
(3.37555 -0.0430069 0)
(3.36478 -0.0391471 0)
(3.3555 -0.0323609 0)
(3.35223 -0.022382 0)
(3.35355 -0.0156046 0)
(3.35866 -0.0105165 0)
(3.35725 -0.0075064 0)
(3.35226 -0.00642183 0)
(3.34632 -0.00290251 0)
(3.33823 0.00164707 0)
(3.33286 0.0017866 0)
(3.32977 0.000876344 0)
(3.32955 0.000583652 0)
(3.3345 0.00453257 0)
(3.34016 0.0101588 0)
(3.33856 0.0117397 0)
(1.82804 1.305 0)
(1.95316 1.28966 0)
(2.06157 1.27051 0)
(2.17697 1.22762 0)
(2.28885 1.17979 0)
(2.37198 1.15791 0)
(2.4636 1.11043 0)
(2.57646 1.01679 0)
(2.65399 0.957317 0)
(2.70925 0.95552 0)
(2.77195 0.918072 0)
(2.87392 0.822477 0)
(2.9413 0.714817 0)
(2.98425 0.694408 0)
(3.01429 0.703781 0)
(3.06395 0.647633 0)
(3.13773 0.51971 0)
(3.16305 0.418431 0)
(3.19251 0.421921 0)
(3.21603 0.438301 0)
(3.27289 0.390642 0)
(3.33294 0.279635 0)
(3.34283 0.181009 0)
(3.35523 0.16506 0)
(3.36727 0.173571 0)
(3.38153 0.135415 0)
(3.42357 0.075938 0)
(3.44093 -0.013643 0)
(3.44107 -0.0598907 0)
(3.4624 -0.0516087 0)
(3.48239 -0.0599609 0)
(3.51848 -0.114475 0)
(3.52378 -0.196212 0)
(3.51081 -0.238788 0)
(3.51328 -0.24453 0)
(3.5205 -0.262344 0)
(3.53882 -0.309456 0)
(3.55203 -0.342556 0)
(3.55668 -0.385425 0)
(3.55405 -0.403244 0)
(3.56712 -0.409401 0)
(3.58065 -0.421319 0)
(3.5903 -0.474475 0)
(3.57818 -0.52809 0)
(3.5714 -0.541564 0)
(3.57268 -0.542179 0)
(3.58937 -0.55419 0)
(3.61208 -0.560419 0)
(3.62082 -0.57375 0)
(3.61954 -0.59498 0)
(3.61142 -0.605557 0)
(3.60778 -0.613095 0)
(3.61061 -0.611575 0)
(3.60954 -0.605894 0)
(3.60776 -0.604893 0)
(3.60395 -0.603402 0)
(3.60504 -0.601423 0)
(3.60863 -0.596877 0)
(3.6168 -0.586643 0)
(3.61667 -0.574282 0)
(3.60646 -0.563772 0)
(3.59585 -0.557979 0)
(3.59345 -0.554272 0)
(3.59449 -0.552339 0)
(3.59789 -0.549183 0)
(3.59646 -0.524977 0)
(3.59452 -0.48766 0)
(3.59183 -0.470867 0)
(3.58555 -0.460637 0)
(3.57603 -0.449422 0)
(3.56285 -0.441884 0)
(3.54711 -0.42971 0)
(3.52958 -0.397201 0)
(3.52322 -0.364712 0)
(3.52199 -0.356787 0)
(3.52178 -0.338171 0)
(3.51744 -0.297315 0)
(3.51318 -0.283855 0)
(3.50232 -0.277393 0)
(3.47626 -0.251171 0)
(3.46243 -0.226749 0)
(3.45474 -0.226248 0)
(3.44697 -0.217837 0)
(3.43861 -0.18726 0)
(3.44058 -0.165881 0)
(3.44621 -0.153584 0)
(3.43796 -0.143192 0)
(3.42809 -0.139994 0)
(3.41991 -0.130027 0)
(3.41137 -0.111022 0)
(3.40881 -0.103447 0)
(3.40261 -0.0958562 0)
(3.40037 -0.0836892 0)
(3.40543 -0.0738904 0)
(3.4108 -0.0629186 0)
(3.40513 -0.0536726 0)
(1.8151 1.22379 0)
(1.89719 1.21328 0)
(1.98357 1.19334 0)
(2.06619 1.17222 0)
(2.13783 1.1532 0)
(2.21887 1.11545 0)
(2.29847 1.07378 0)
(2.35951 1.05647 0)
(2.42563 1.02868 0)
(2.5111 0.968727 0)
(2.57897 0.910452 0)
(2.62616 0.899981 0)
(2.66385 0.88343 0)
(2.73417 0.822521 0)
(2.80134 0.734796 0)
(2.84298 0.69513 0)
(2.87761 0.700087 0)
(2.90914 0.678088 0)
(2.9762 0.609341 0)
(3.02366 0.519964 0)
(3.0531 0.487411 0)
(3.0802 0.497539 0)
(3.10069 0.47789 0)
(3.15316 0.398376 0)
(3.17489 0.307978 0)
(3.19027 0.283663 0)
(3.21159 0.299411 0)
(3.23551 0.284897 0)
(3.28285 0.22895 0)
(3.30187 0.148283 0)
(3.3074 0.112752 0)
(3.32431 0.119869 0)
(3.32884 0.120165 0)
(3.34848 0.0716074 0)
(3.36311 0.00344405 0)
(3.35929 -0.0380458 0)
(3.37516 -0.0304901 0)
(3.38745 -0.0167079 0)
(3.41584 -0.0469879 0)
(3.43034 -0.106899 0)
(3.42299 -0.150437 0)
(3.4246 -0.158553 0)
(3.43124 -0.155147 0)
(3.43127 -0.175887 0)
(3.43915 -0.201265 0)
(3.44835 -0.233507 0)
(3.4473 -0.262216 0)
(3.46277 -0.270251 0)
(3.48047 -0.256843 0)
(3.48402 -0.262551 0)
(3.48273 -0.309798 0)
(3.46906 -0.355269 0)
(3.46918 -0.365747 0)
(3.47751 -0.355264 0)
(3.48766 -0.360806 0)
(3.50377 -0.371444 0)
(3.50986 -0.398511 0)
(3.50933 -0.415838 0)
(3.51483 -0.421976 0)
(3.51115 -0.426596 0)
(3.49972 -0.434702 0)
(3.49796 -0.437925 0)
(3.49997 -0.446068 0)
(3.50451 -0.460266 0)
(3.51228 -0.46682 0)
(3.51919 -0.469954 0)
(3.51962 -0.472859 0)
(3.51786 -0.477269 0)
(3.51578 -0.48148 0)
(3.5117 -0.48548 0)
(3.51058 -0.485226 0)
(3.50897 -0.484154 0)
(3.50907 -0.483187 0)
(3.51543 -0.482182 0)
(3.52652 -0.478871 0)
(3.52894 -0.470325 0)
(3.52034 -0.461032 0)
(3.51422 -0.452441 0)
(3.50716 -0.447057 0)
(3.49771 -0.441119 0)
(3.48691 -0.425178 0)
(3.48105 -0.404279 0)
(3.48045 -0.389072 0)
(3.48118 -0.359868 0)
(3.48204 -0.320902 0)
(3.48142 -0.307224 0)
(3.47892 -0.305521 0)
(3.4671 -0.288924 0)
(3.45123 -0.259924 0)
(3.44749 -0.230634 0)
(3.44516 -0.222907 0)
(3.44371 -0.214682 0)
(3.44399 -0.175509 0)
(3.45244 -0.150023 0)
(3.45705 -0.149048 0)
(3.44899 -0.138511 0)
(1.82251 1.19474 0)
(1.88581 1.1853 0)
(1.95133 1.17256 0)
(2.01603 1.1557 0)
(2.08116 1.13333 0)
(2.14052 1.1148 0)
(2.19594 1.09548 0)
(2.26281 1.06201 0)
(2.32876 1.02487 0)
(2.37897 1.01046 0)
(2.4251 0.991024 0)
(2.48818 0.942135 0)
(2.54425 0.887154 0)
(2.58468 0.871555 0)
(2.61725 0.862404 0)
(2.66942 0.823857 0)
(2.72965 0.761634 0)
(2.76911 0.717428 0)
(2.80096 0.714729 0)
(2.82179 0.704639 0)
(2.86628 0.652081 0)
(2.91006 0.581634 0)
(2.93627 0.546736 0)
(2.96141 0.551149 0)
(2.98053 0.539082 0)
(3.02536 0.487015 0)
(3.05584 0.41987 0)
(3.07501 0.394348 0)
(3.09633 0.403572 0)
(3.11179 0.390003 0)
(3.1464 0.328631 0)
(3.16158 0.262677 0)
(3.17345 0.24102 0)
(3.18984 0.25065 0)
(3.20349 0.238361 0)
(3.23579 0.194566 0)
(3.25126 0.137418 0)
(3.25809 0.108813 0)
(3.2765 0.112783 0)
(3.28544 0.116486 0)
(3.29839 0.074749 0)
(3.309 0.0145587 0)
(3.3078 -0.0205189 0)
(3.32056 -0.0198101 0)
(3.33251 -0.0146085 0)
(3.35354 -0.0377159 0)
(3.37095 -0.0784115 0)
(3.37172 -0.119561 0)
(3.37792 -0.136851 0)
(3.39282 -0.144403 0)
(3.39753 -0.166372 0)
(3.4017 -0.19634 0)
(3.40735 -0.227391 0)
(3.40582 -0.249218 0)
(3.41964 -0.250051 0)
(3.43706 -0.259482 0)
(3.45448 -0.294765 0)
(3.45013 -0.333739 0)
(3.44315 -0.350053 0)
(3.44105 -0.357984 0)
(3.44749 -0.379833 0)
(3.45837 -0.39347 0)
(3.4645 -0.408848 0)
(3.46473 -0.422328 0)
(3.47098 -0.432796 0)
(3.48401 -0.43956 0)
(3.49086 -0.448188 0)
(3.48852 -0.469532 0)
(3.4824 -0.483582 0)
(3.48282 -0.484431 0)
(3.48688 -0.485945 0)
(3.50279 -0.488509 0)
(3.5082 -0.489231 0)
(3.51082 -0.491734 0)
(3.51144 -0.492595 0)
(3.5132 -0.492702 0)
(3.51193 -0.489999 0)
(3.50346 -0.485075 0)
(3.50128 -0.481701 0)
(3.50254 -0.480721 0)
(3.50638 -0.476709 0)
(3.50934 -0.469839 0)
(3.51406 -0.460784 0)
(3.51516 -0.451923 0)
(3.51058 -0.446937 0)
(3.50541 -0.444894 0)
(3.50391 -0.444329 0)
(3.50088 -0.441198 0)
(3.49858 -0.436249 0)
(3.4973 -0.424976 0)
(3.49601 -0.405692 0)
(3.4966 -0.390606 0)
(3.49462 -0.372336 0)
(3.48947 -0.35375 0)
(3.48396 -0.347997 0)
(3.47493 -0.34245 0)
(1.84297 1.16941 0)
(1.89272 1.16314 0)
(1.9455 1.1538 0)
(1.99983 1.14192 0)
(2.05129 1.12947 0)
(2.10372 1.11236 0)
(2.15753 1.09186 0)
(2.20473 1.07746 0)
(2.25101 1.06054 0)
(2.30667 1.03109 0)
(2.35816 0.999336 0)
(2.39697 0.986072 0)
(2.42993 0.970565 0)
(2.48018 0.935064 0)
(2.53154 0.89035 0)
(2.56888 0.872359 0)
(2.59825 0.868594 0)
(2.63421 0.838808 0)
(2.68175 0.785147 0)
(2.71432 0.745199 0)
(2.73966 0.73877 0)
(2.75771 0.727757 0)
(2.79706 0.6896 0)
(2.83965 0.637019 0)
(2.86668 0.604831 0)
(2.89157 0.605931 0)
(2.90877 0.595809 0)
(2.9422 0.545664 0)
(2.96747 0.488902 0)
(2.9855 0.469205 0)
(3.0022 0.47313 0)
(3.01776 0.453461 0)
(3.05337 0.406683 0)
(3.0722 0.35726 0)
(3.08843 0.34321 0)
(3.1063 0.352659 0)
(3.12064 0.338789 0)
(3.14762 0.286496 0)
(3.15814 0.233971 0)
(3.16811 0.217166 0)
(3.18195 0.225936 0)
(3.19018 0.217661 0)
(3.21496 0.178107 0)
(3.22777 0.129945 0)
(3.23473 0.106805 0)
(3.25079 0.111223 0)
(3.25965 0.110817 0)
(3.27763 0.074748 0)
(3.287 0.0252895 0)
(3.28905 -0.000706479 0)
(3.30117 0.00138693 0)
(3.31114 0.00184704 0)
(3.33187 -0.0205241 0)
(3.3443 -0.0563293 0)
(3.3447 -0.0850005 0)
(3.35312 -0.0917834 0)
(3.36227 -0.086987 0)
(3.36071 -0.101149 0)
(3.37035 -0.1367 0)
(3.36997 -0.167296 0)
(3.37651 -0.174791 0)
(3.38798 -0.16375 0)
(3.39663 -0.167213 0)
(3.4098 -0.195438 0)
(3.40936 -0.226066 0)
(3.41061 -0.237571 0)
(3.4178 -0.23565 0)
(3.42187 -0.242436 0)
(3.42712 -0.255901 0)
(3.43249 -0.270642 0)
(3.43222 -0.287168 0)
(3.44275 -0.288535 0)
(3.45386 -0.279822 0)
(3.45781 -0.287056 0)
(3.45188 -0.314327 0)
(3.441 -0.337754 0)
(3.44264 -0.337601 0)
(3.4462 -0.336734 0)
(3.45737 -0.340147 0)
(3.46385 -0.344759 0)
(3.46882 -0.35669 0)
(3.47194 -0.364627 0)
(3.47445 -0.371672 0)
(3.47016 -0.377489 0)
(3.46519 -0.380376 0)
(3.46764 -0.38318 0)
(3.47045 -0.388287 0)
(3.47469 -0.393972 0)
(3.48099 -0.39634 0)
(3.48753 -0.398003 0)
(3.49394 -0.401493 0)
(3.49717 -0.404525 0)
(3.49763 -0.405758 0)
(3.49548 -0.407037 0)
(3.48912 -0.407302 0)
(3.48657 -0.40742 0)
(1.85475 1.1747 0)
(1.89666 1.16713 0)
(1.93883 1.15927 0)
(1.98029 1.15086 0)
(2.02461 1.13882 0)
(2.06967 1.12583 0)
(2.11155 1.11446 0)
(2.15649 1.09731 0)
(2.20336 1.07634 0)
(2.24299 1.06316 0)
(2.28129 1.04827 0)
(2.32842 1.02154 0)
(2.37197 0.993611 0)
(2.40536 0.982344 0)
(2.4355 0.968899 0)
(2.47924 0.939471 0)
(2.52314 0.901739 0)
(2.55535 0.882388 0)
(2.57815 0.876854 0)
(2.60323 0.851723 0)
(2.64614 0.808668 0)
(2.67791 0.774883 0)
(2.7036 0.769575 0)
(2.72647 0.759902 0)
(2.76204 0.724521 0)
(2.79484 0.679166 0)
(2.81711 0.655302 0)
(2.8347 0.653534 0)
(2.84486 0.637505 0)
(2.87726 0.596121 0)
(2.90404 0.552046 0)
(2.9241 0.53697 0)
(2.94303 0.541208 0)
(2.96182 0.523547 0)
(2.9936 0.477199 0)
(3.01109 0.433053 0)
(3.02692 0.422275 0)
(3.04063 0.426686 0)
(3.0544 0.406331 0)
(3.08202 0.362566 0)
(3.09581 0.321885 0)
(3.10959 0.310204 0)
(3.12392 0.317631 0)
(3.13291 0.304071 0)
(3.15459 0.258789 0)
(3.16396 0.216537 0)
(3.17474 0.204474 0)
(3.1877 0.208767 0)
(3.19966 0.194378 0)
(3.22239 0.164241 0)
(3.23238 0.125513 0)
(3.24098 0.110604 0)
(3.25647 0.117804 0)
(3.26561 0.113355 0)
(3.28039 0.0763665 0)
(3.2836 0.0358785 0)
(3.28725 0.0198239 0)
(3.29781 0.0239813 0)
(3.30613 0.0193497 0)
(3.32379 -0.00502362 0)
(3.33172 -0.0373766 0)
(3.33462 -0.0563253 0)
(3.3465 -0.05897 0)
(3.3548 -0.0602524 0)
(3.36199 -0.0835123 0)
(3.36892 -0.115574 0)
(3.36922 -0.134875 0)
(3.37981 -0.134101 0)
(3.3912 -0.133936 0)
(3.41076 -0.151886 0)
(3.41799 -0.180814 0)
(3.41569 -0.200357 0)
(3.41819 -0.206375 0)
(3.42281 -0.210974 0)
(3.42132 -0.229593 0)
(3.42644 -0.259119 0)
(3.4289 -0.275521 0)
(3.43516 -0.27734 0)
(3.44366 -0.277921 0)
(3.45578 -0.293265 0)
(3.45942 -0.313617 0)
(3.45689 -0.326003 0)
(3.4516 -0.335736 0)
(3.44501 -0.351835 0)
(3.4546 -0.363016 0)
(3.46247 -0.36517 0)
(3.46965 -0.372119 0)
(3.47482 -0.383148 0)
(3.48142 -0.387813 0)
(3.49135 -0.389747 0)
(3.49856 -0.39383 0)
(3.50019 -0.402691 0)
(3.49617 -0.414209 0)
(3.4886 -0.419815 0)
(3.49308 -0.419665 0)
(3.49886 -0.419806 0)
)
;

boundaryField
{
    inlet
    {
        type            fixedValue;
        value           uniform (4 0 0);
    }
    outlet
    {
        type            inletOutlet;
        inletValue      nonuniform 0();
        value           nonuniform 0();
    }
    bottom
    {
        type            symmetryPlane;
    }
    top
    {
        type            symmetryPlane;
    }
    obstacle
    {
        type            slip;
    }
    defaultFaces
    {
        type            empty;
    }
    procBoundary0to1
    {
        type            processor;
        value           nonuniform List<vector> 8((3.24597 0.000585887 0) (3.27547 -0.00167453 0) (3.33756 0.0123755 0) (3.40137 -0.0458025 0) (3.43236 -0.121617 0) (3.45792 -0.317266 0) (3.48477 -0.407754 0) (3.5005 -0.420114 0));
    }
    procBoundary0to2
    {
        type            processor;
        value           nonuniform List<vector> 
192
(
(4 -2.56809e-17 0)
(4 -1.89369e-16 0)
(4 -1.73351e-16 0)
(4 -4.87192e-17 0)
(4 1.4343e-16 0)
(4 3.07408e-16 0)
(4 2.67759e-16 0)
(4 5.91478e-17 0)
(4 2.7906e-17 0)
(4 1.13141e-18 0)
(4 -6.79215e-17 0)
(4 -1.25842e-16 0)
(4 -1.87162e-16 0)
(4 -2.61133e-16 0)
(4 -3.13162e-16 0)
(4 -5.10403e-16 0)
(4 -8.28134e-16 0)
(4 -8.46391e-16 0)
(4 -4.28669e-16 0)
(4 1.30431e-16 0)
(4 5.12607e-16 0)
(4 3.91242e-16 0)
(4 2.59169e-16 0)
(4 1.45117e-16 0)
(4 -1.44547e-16 0)
(4 -2.28912e-16 0)
(4 -4.52782e-16 0)
(4 -5.61051e-16 0)
(4 -9.52112e-16 0)
(4 -1.3791e-15 0)
(4 -1.4933e-15 0)
(4 -1.53272e-15 0)
(4 -1.06355e-15 0)
(4 2.43069e-16 0)
(4 2.27913e-16 0)
(4 -3.32274e-16 0)
(4 -4.87057e-16 0)
(4 -8.38399e-16 0)
(4 -1.02635e-15 0)
(4 -1.53718e-15 0)
(4 -1.26372e-15 0)
(4 -7.16871e-16 0)
(4 -6.72249e-16 0)
(4 -6.4562e-16 0)
(4 -6.15626e-16 0)
(4 -7.70965e-16 0)
(4 -9.628e-16 0)
(4 -9.62494e-16 0)
(4 -9.01564e-17 0)
(4 2.20976e-16 0)
(4 -3.81571e-16 0)
(4 -8.61723e-16 0)
(4 -1.09305e-15 0)
(4 -1.58895e-15 0)
(4 -1.80257e-15 0)
(4 -1.80847e-15 0)
(4 -1.30559e-15 0)
(4 -6.98098e-16 0)
(4 -1.34875e-15 0)
(4 -2.15681e-15 0)
(4 -2.52367e-15 0)
(4 -2.96096e-15 0)
(4 -3.08745e-15 0)
(4 -2.82849e-15 0)
(4 -2.7213e-15 0)
(4 -3.9983e-15 0)
(4 -1.73016e-15 0)
(4 7.35718e-13 0)
(4 3.6436e-11 0)
(4 8.4364e-07 0)
(4.00004 1.71356e-05 0)
(3.99816 0.00586822 0)
(3.98225 0.052186 0)
(3.40208 0.415542 0)
(2.78717 0.845872 0)
(1.66033 1.09554 0)
(1.54089 1.18293 0)
(1.51053 1.20965 0)
(1.51263 1.21198 0)
(1.54009 1.21086 0)
(1.54407 1.20729 0)
(1.54626 1.2046 0)
(1.55555 1.20171 0)
(1.56459 1.20083 0)
(1.57698 1.19997 0)
(1.59227 1.19973 0)
(1.61054 1.19956 0)
(1.63023 1.19926 0)
(1.65123 1.1985 0)
(1.67406 1.19716 0)
(1.69888 1.19536 0)
(1.72601 1.19292 0)
(1.75441 1.18979 0)
(1.78314 1.18586 0)
(1.81251 1.18121 0)
(1.84317 1.17584 0)
(1.87494 1.16948 0)
(1.90999 1.16197 0)
(1.94588 1.15399 0)
(1.98159 1.14536 0)
(2.01745 1.13615 0)
(2.05392 1.12625 0)
(2.09189 1.11463 0)
(2.12924 1.10397 0)
(2.16482 1.09451 0)
(2.2029 1.08001 0)
(2.24243 1.06212 0)
(2.27635 1.05135 0)
(2.30853 1.04013 0)
(2.34831 1.01774 0)
(2.38627 0.993437 0)
(2.4159 0.983173 0)
(2.4435 0.971046 0)
(2.48103 0.944744 0)
(2.51682 0.913554 0)
(2.54354 0.898902 0)
(2.56329 0.892156 0)
(2.58947 0.868678 0)
(2.62962 0.833113 0)
(2.66037 0.804005 0)
(2.6847 0.798216 0)
(2.70441 0.789276 0)
(2.73422 0.754759 0)
(2.762 0.712134 0)
(2.78126 0.693838 0)
(2.79725 0.693773 0)
(2.81412 0.676549 0)
(2.84825 0.640436 0)
(2.87348 0.602973 0)
(2.89304 0.589498 0)
(2.90901 0.589917 0)
(2.92344 0.570216 0)
(2.95341 0.52979 0)
(2.97148 0.491543 0)
(2.98803 0.483528 0)
(3.00309 0.489089 0)
(3.02044 0.469907 0)
(3.04239 0.42544 0)
(3.05322 0.391511 0)
(3.06535 0.384065 0)
(3.07406 0.383349 0)
(3.08507 0.361095 0)
(3.10983 0.329566 0)
(3.1222 0.295414 0)
(3.13803 0.289236 0)
(3.15386 0.295942 0)
(3.17188 0.278987 0)
(3.18918 0.238104 0)
(3.19372 0.206305 0)
(3.20297 0.201952 0)
(3.21058 0.204448 0)
(3.2214 0.184064 0)
(3.2391 0.153142 0)
(3.2449 0.124465 0)
(3.25534 0.117581 0)
(3.26738 0.125131 0)
(3.27527 0.114283 0)
(3.28706 0.0787876 0)
(3.28898 0.049305 0)
(3.29564 0.0426281 0)
(3.30415 0.0482014 0)
(3.3136 0.0395818 0)
(3.33103 0.020557 0)
(3.33786 -0.00729077 0)
(3.34208 -0.0203066 0)
(3.35237 -0.0144155 0)
(3.35536 -0.00973418 0)
(3.35954 -0.0375756 0)
(3.35997 -0.0719621 0)
(3.36114 -0.0854938 0)
(3.36862 -0.0818747 0)
(3.37703 -0.0808031 0)
(3.39001 -0.0948788 0)
(3.39656 -0.113207 0)
(3.39871 -0.124693 0)
(3.40127 -0.13098 0)
(3.39747 -0.13828 0)
(3.39144 -0.152642 0)
(3.40136 -0.170274 0)
(3.40528 -0.185972 0)
(3.41342 -0.188347 0)
(3.42287 -0.188235 0)
(3.43957 -0.195222 0)
(3.45032 -0.210822 0)
(3.45304 -0.225173 0)
(3.45565 -0.230849 0)
(3.45467 -0.235788 0)
(3.44209 -0.246322 0)
(3.44253 -0.260237 0)
(3.44874 -0.27257 0)
(3.45631 -0.276595 0)
(3.46573 -0.275625 0)
)
;
    }
}


// ************************************************************************* //
