/*--------------------------------*- C++ -*----------------------------------*\
  =========                 |
  \\      /  F ield         | OpenFOAM: The Open Source CFD Toolbox
   \\    /   O peration     | Website:  https://openfoam.org
    \\  /    A nd           | Version:  7
     \\/     M anipulation  |
\*---------------------------------------------------------------------------*/
FoamFile
{
    version     2.0;
    format      ascii;
    class       volScalarField;
    location    "1.6";
    object      p;
}
// * * * * * * * * * * * * * * * * * * * * * * * * * * * * * * * * * * * * * //

dimensions      [1 -1 -2 0 0 0 0];

internalField   nonuniform List<scalar> 
4608
(
0.618805
0.620076
0.621267
0.622085
0.623725
0.628927
0.63731
0.641258
0.64306
0.643675
0.644478
0.645449
0.647048
0.650092
0.653216
0.653094
0.652378
0.651315
0.648322
0.645561
0.645922
0.64788
0.651198
0.658569
0.665774
0.667232
0.667444
0.667792
0.66856
0.669659
0.67174
0.675688
0.678507
0.679544
0.680226
0.680547
0.680059
0.680289
0.683652
0.691861
0.71283
0.756306
0.809081
0.837849
0.849977
0.86255
0.882106
0.911666
0.950177
0.99458
1.04356
1.09455
1.14709
1.20353
1.26421
1.32796
1.39112
1.45206
1.50934
1.56371
1.61377
1.66542
1.72286
1.78618
1.84562
1.88836
1.91497
1.9351
1.94975
1.95896
1.9657
1.96997
1.97501
1.98101
1.98762
1.99661
2.00781
2.02659
2.05919
2.07809
2.07694
2.07143
2.05692
2.03907
2.01988
2.00183
1.98548
1.96909
1.95217
1.93795
1.92962
1.92531
1.93039
1.95229
1.97082
1.96545
1.95597
1.94584
1.932
1.90704
1.86063
1.80645
1.78168
1.7724
1.76535
1.76118
1.76698
1.79678
1.82743
1.82761
1.82152
1.81443
1.80273
1.7739
1.71738
1.67844
1.67035
1.66579
1.66151
1.66004
1.6707
1.69674
1.70795
1.70518
1.70164
1.6967
1.6862
1.65875
1.61082
1.58465
1.58016
1.57757
1.57541
1.57592
1.58618
1.60659
1.61288
1.6095
1.60611
1.6004
1.5831
1.54285
1.5103
1.50331
1.50015
1.49873
1.50382
1.52346
1.54041
1.53935
1.53623
1.53124
1.51733
1.48246
1.45128
1.44533
1.44345
1.44211
1.44456
1.45818
1.47152
1.47154
1.46978
1.46682
1.4578
1.43374
1.41025
1.40502
1.40397
1.40357
1.40549
1.41357
1.41871
1.41745
1.41566
1.41195
1.40004
1.37642
1.3638
1.36202
1.36097
1.3608
1.36495
1.37374
1.37677
1.37559
1.37386
1.37082
1.36207
1.34568
1.33643
1.33435
1.33289
1.33271
1.33586
1.34155
1.34439
1.34214
1.33811
1.33237
1.32269
1.31342
1.30814
1.30463
1.3022
1.30298
1.30903
1.31432
1.31376
1.31061
1.30649
1.30253
1.2988
1.29502
1.29167
1.2898
1.29163
1.29609
1.29562
1.29176
1.28718
1.2821
1.27854
1.27576
1.2735
1.27365
1.27987
1.28904
1.29106
1.2877
1.28263
1.27521
1.26885
1.26551
1.26282
1.26084
1.26267
1.27145
1.28226
1.28512
1.28203
1.27756
1.27179
1.26744
1.26412
1.26089
1.25885
1.26144
1.26998
1.27818
1.28118
1.28017
1.27712
1.27458
1.27238
1.26741
1.26395
1.26206
1.26108
1.26165
1.26467
1.26993
1.27595
1.28041
1.28173
1.28046
1.2779
1.2751
1.27142
1.27003
1.27434
1.28498
1.29567
1.29522
1.29275
1.28972
1.2845
1.27812
1.275
1.27314
1.27153
1.27117
1.27615
1.28747
1.29153
1.28966
1.28742
1.28254
0.6097
0.607571
0.608098
0.610228
0.613554
0.618872
0.627299
0.633457
0.635525
0.635874
0.637107
0.639325
0.641635
0.644738
0.647458
0.647704
0.64731
0.646106
0.642897
0.640276
0.64073
0.642866
0.645993
0.653053
0.661594
0.663719
0.664046
0.663924
0.663951
0.665099
0.667209
0.669848
0.671596
0.673052
0.674314
0.676071
0.67898
0.683244
0.689947
0.701848
0.726212
0.772492
0.834108
0.896073
0.952223
1.00551
1.05755
1.11087
1.16539
1.21586
1.2621
1.30094
1.32489
1.3466
1.37561
1.418
1.44426
1.45923
1.47146
1.48278
1.49826
1.52099
1.55429
1.59882
1.62365
1.6365
1.64904
1.66473
1.6845
1.70744
1.72476
1.73474
1.73799
1.74144
1.74825
1.75892
1.77992
1.80962
1.83089
1.84016
1.84318
1.84161
1.8387
1.83604
1.83159
1.82595
1.82322
1.82137
1.81892
1.81618
1.81491
1.81673
1.82472
1.84053
1.85204
1.85194
1.8497
1.84628
1.84168
1.83149
1.80893
1.77408
1.74667
1.73733
1.73393
1.73387
1.74229
1.76606
1.79546
1.80183
1.7966
1.79011
1.78064
1.76215
1.72391
1.68231
1.66928
1.66528
1.66153
1.66
1.66962
1.69494
1.7046
1.70026
1.69552
1.68976
1.67969
1.65752
1.61839
1.59068
1.58383
1.58036
1.5775
1.57658
1.58384
1.60164
1.60892
1.60629
1.60287
1.59757
1.58508
1.55398
1.51781
1.50704
1.50399
1.50195
1.50357
1.51705
1.53637
1.5386
1.53592
1.5323
1.52371
1.49872
1.46253
1.44994
1.4478
1.44631
1.44685
1.4561
1.47106
1.47372
1.47197
1.4696
1.46356
1.44527
1.41857
1.40908
1.40756
1.40691
1.40761
1.41378
1.42118
1.4211
1.4196
1.41703
1.40925
1.38907
1.37119
1.36779
1.36661
1.36594
1.36811
1.37583
1.3807
1.37988
1.37812
1.3755
1.36875
1.35395
1.34284
1.34023
1.3387
1.33803
1.34036
1.34574
1.34928
1.34775
1.34401
1.33898
1.33031
1.32069
1.31512
1.31165
1.30915
1.30918
1.31435
1.32044
1.32075
1.31771
1.31365
1.30936
1.30559
1.30183
1.29848
1.2964
1.29764
1.3025
1.30372
1.30041
1.29624
1.29121
1.28729
1.28432
1.28167
1.28022
1.28294
1.29106
1.29644
1.29458
1.29057
1.28464
1.27735
1.27257
1.26986
1.26776
1.26774
1.27281
1.28211
1.28811
1.2872
1.28361
1.27928
1.27511
1.27143
1.26818
1.26593
1.26606
1.2704
1.27686
1.28103
1.28148
1.27982
1.27833
1.27741
1.27297
1.26899
1.26631
1.26478
1.2641
1.26465
1.26681
1.2704
1.27472
1.27869
1.28075
1.28025
1.27763
1.27366
1.27058
1.27138
1.27424
1.27655
1.27888
1.28109
1.28072
1.27856
1.27601
1.27253
1.26967
1.26762
1.26621
1.26604
1.26753
1.27057
1.27393
1.27418
1.27145
0.61053
0.606346
0.60611
0.608095
0.611325
0.615692
0.621572
0.627602
0.632123
0.635771
0.639525
0.64374
0.647032
0.648415
0.649024
0.648574
0.644911
0.639012
0.636316
0.635335
0.635614
0.637453
0.640496
0.64753
0.658391
0.66434
0.66725
0.670448
0.674852
0.680551
0.687222
0.694636
0.700632
0.707412
0.717013
0.728605
0.742728
0.759883
0.779696
0.806009
0.84396
0.89995
0.978433
1.09402
1.24217
1.33455
1.36269
1.37598
1.398
1.42369
1.43743
1.43959
1.43995
1.44136
1.44428
1.45677
1.46749
1.46256
1.45369
1.44258
1.43679
1.43826
1.44443
1.44546
1.44175
1.43479
1.42998
1.43347
1.44199
1.45787
1.48031
1.49606
1.50544
1.51475
1.52746
1.54637
1.57356
1.60085
1.61256
1.61881
1.62706
1.63668
1.64786
1.65977
1.67094
1.6804
1.69015
1.70315
1.71834
1.72897
1.73354
1.73617
1.74045
1.746
1.7486
1.75028
1.75317
1.75698
1.76333
1.76761
1.76522
1.75872
1.74686
1.72961
1.71644
1.71365
1.71423
1.71986
1.73039
1.74229
1.75334
1.75532
1.75291
1.74718
1.73277
1.70493
1.67821
1.66998
1.66723
1.66626
1.67366
1.69279
1.69892
1.69535
1.69104
1.68414
1.67265
1.6558
1.63619
1.61862
1.60617
1.59973
1.59648
1.59508
1.5976
1.60709
1.61095
1.60822
1.60458
1.59927
1.59089
1.57387
1.54452
1.52566
1.52135
1.51844
1.51648
1.51929
1.53234
1.53963
1.5378
1.53517
1.5304
1.51783
1.48918
1.46359
1.45791
1.4557
1.45425
1.45638
1.46741
1.47477
1.47345
1.47154
1.46781
1.45665
1.43172
1.41413
1.41094
1.40965
1.4091
1.4116
1.41929
1.42256
1.42164
1.42015
1.41614
1.40312
1.38263
1.37477
1.3731
1.37185
1.37212
1.37716
1.38329
1.38331
1.38152
1.37917
1.37389
1.36119
1.34876
1.34529
1.34367
1.34263
1.34434
1.34941
1.35306
1.35209
1.34888
1.34437
1.3364
1.32698
1.32182
1.31878
1.3166
1.3168
1.32193
1.32807
1.32813
1.32486
1.32014
1.3144
1.31005
1.30632
1.30314
1.3012
1.30239
1.30808
1.31193
1.30991
1.30639
1.30205
1.29842
1.29542
1.29244
1.28988
1.28874
1.29076
1.29595
1.29961
1.29841
1.29549
1.29148
1.287
1.2838
1.28134
1.27959
1.2794
1.28101
1.28233
1.2827
1.28374
1.28647
1.28865
1.28734
1.28463
1.28125
1.27839
1.2769
1.27623
1.27567
1.27515
1.27574
1.27862
1.28275
1.28463
1.2819
1.27852
1.27515
1.27082
1.26779
1.26602
1.26533
1.26642
1.27052
1.2781
1.28596
1.28978
1.2874
1.2798
1.27346
1.2665
1.26073
1.25845
1.25897
1.26486
1.27333
1.27537
1.27335
1.27041
1.26643
1.25964
1.25136
1.24791
1.24639
1.2464
1.2519
1.25746
0.600017
0.602786
0.605984
0.609618
0.614065
0.618757
0.622906
0.627099
0.633357
0.643652
0.651654
0.653497
0.654267
0.654751
0.653514
0.647659
0.638171
0.633907
0.633691
0.634509
0.637017
0.641091
0.647304
0.659428
0.677393
0.69188
0.702437
0.714582
0.731374
0.748797
0.767725
0.788266
0.805978
0.826949
0.85393
0.874609
0.897455
0.925263
0.948258
0.974531
1.0092
1.05299
1.11447
1.23242
1.4562
1.54148
1.53664
1.52436
1.50912
1.49669
1.48421
1.46605
1.45099
1.44649
1.44444
1.44834
1.46507
1.47104
1.46509
1.45894
1.45089
1.43982
1.42875
1.41615
1.39975
1.37751
1.36252
1.35898
1.35795
1.36142
1.37454
1.38621
1.38843
1.38818
1.38714
1.38792
1.39118
1.39187
1.38912
1.38357
1.38202
1.38765
1.39787
1.41263
1.43229
1.45486
1.47694
1.49933
1.52283
1.54298
1.55533
1.56177
1.5604
1.55593
1.55844
1.56444
1.57132
1.58032
1.59477
1.61612
1.6333
1.64134
1.64506
1.64189
1.63018
1.61838
1.61625
1.61925
1.62406
1.63126
1.64468
1.6592
1.66293
1.66144
1.65436
1.63907
1.61926
1.61056
1.60961
1.61173
1.62106
1.63508
1.63778
1.63604
1.63274
1.62597
1.61581
1.61051
1.60971
1.60701
1.60171
1.59405
1.58753
1.58554
1.5853
1.58606
1.58895
1.59425
1.59389
1.59077
1.58635
1.57938
1.56602
1.54612
1.53472
1.53171
1.52964
1.5284
1.53235
1.54381
1.54657
1.54425
1.54104
1.5346
1.51799
1.48979
1.47528
1.47232
1.47013
1.46908
1.47453
1.48506
1.48523
1.48278
1.47934
1.47152
1.45131
1.42814
1.4217
1.41972
1.41819
1.41825
1.42442
1.43032
1.42916
1.42731
1.42417
1.41517
1.39588
1.3831
1.3802
1.3784
1.37763
1.38079
1.3879
1.38931
1.38718
1.3845
1.3795
1.36749
1.35328
1.34842
1.34637
1.34483
1.3458
1.35107
1.35545
1.35446
1.35155
1.34748
1.33976
1.33074
1.32648
1.32405
1.32236
1.32294
1.32826
1.33414
1.33368
1.33026
1.32489
1.31785
1.31317
1.30989
1.3072
1.30551
1.30662
1.31264
1.31841
1.31772
1.31483
1.31116
1.30777
1.30534
1.30286
1.30034
1.29785
1.29591
1.29568
1.29849
1.30331
1.30508
1.30331
1.30109
1.29912
1.29687
1.29371
1.28959
1.28635
1.28367
1.28146
1.2814
1.28641
1.29597
1.30173
1.30071
1.29794
1.29392
1.28625
1.28027
1.27712
1.27462
1.27408
1.27777
1.28665
1.29413
1.29283
1.28805
1.28252
1.2754
1.26759
1.26321
1.26124
1.26019
1.26148
1.26848
1.28089
1.28766
1.28328
1.2767
1.26811
1.25506
1.246
1.24294
1.24168
1.24493
1.25523
1.26594
1.26772
1.26534
1.26164
1.25296
1.23617
1.22641
1.22447
1.22358
1.22719
1.23618
0.581443
0.585397
0.58987
0.59471
0.599801
0.604891
0.609305
0.613935
0.621522
0.635395
0.646514
0.648499
0.649521
0.650851
0.651398
0.646571
0.643013
0.647293
0.654158
0.663435
0.676961
0.694022
0.716547
0.752475
0.793519
0.824446
0.847852
0.872743
0.90187
0.922102
0.942324
0.970915
0.990053
1.00475
1.02802
1.0515
1.06377
1.07326
1.08234
1.09297
1.10714
1.13318
1.17213
1.24967
1.45597
1.57031
1.56857
1.54883
1.52634
1.50812
1.48948
1.46987
1.45611
1.4485
1.44404
1.44698
1.46439
1.47331
1.46822
1.46215
1.45294
1.43866
1.42018
1.39772
1.3701
1.34639
1.33598
1.33198
1.33022
1.33302
1.34756
1.3641
1.36809
1.36762
1.36591
1.36238
1.35398
1.33836
1.31574
1.30008
1.29613
1.2939
1.2925
1.29386
1.30148
1.31615
1.33245
1.34376
1.35195
1.35865
1.36228
1.36116
1.35123
1.3361
1.33459
1.34061
1.34914
1.36085
1.37854
1.40651
1.43916
1.46112
1.47274
1.47862
1.47637
1.46608
1.45964
1.46082
1.46614
1.47547
1.49306
1.51909
1.53623
1.54164
1.54179
1.53481
1.52456
1.52089
1.5226
1.529
1.5425
1.55529
1.55798
1.5571
1.55258
1.54392
1.53804
1.53735
1.5402
1.54319
1.54226
1.53935
1.53379
1.52823
1.52642
1.52663
1.52791
1.5315
1.53555
1.53503
1.53279
1.52878
1.52121
1.5074
1.49304
1.48759
1.48621
1.48594
1.48967
1.50187
1.50935
1.50862
1.50704
1.50339
1.4931
1.47213
1.45875
1.45619
1.45481
1.45531
1.46347
1.47704
1.47958
1.47781
1.47504
1.46847
1.45173
1.43217
1.42654
1.42461
1.42314
1.42452
1.43463
1.44324
1.4423
1.44016
1.43652
1.42694
1.40834
1.39708
1.39434
1.39237
1.39172
1.39649
1.40774
1.41141
1.40928
1.40618
1.4004
1.38673
1.3715
1.36642
1.36412
1.36233
1.36308
1.36934
1.37513
1.37413
1.37119
1.36697
1.35886
1.35019
1.34663
1.34463
1.3434
1.34457
1.34983
1.35397
1.35229
1.34838
1.34162
1.33385
1.32946
1.32658
1.32452
1.32382
1.32643
1.33325
1.33798
1.33669
1.33368
1.32867
1.3225
1.31895
1.31637
1.31402
1.31197
1.31034
1.30969
1.31144
1.31511
1.31678
1.31539
1.31296
1.31033
1.30725
1.30291
1.29665
1.29112
1.28812
1.28616
1.28543
1.28807
1.29556
1.30232
1.30221
1.29869
1.29315
1.28331
1.27486
1.27126
1.26846
1.2663
1.26741
1.2741
1.28055
1.28031
1.27608
1.27047
1.26276
1.25399
1.24846
1.24604
1.24458
1.24479
1.24923
1.25743
1.26221
1.26097
1.25696
1.24983
1.23823
1.22931
1.2263
1.22486
1.22524
1.23091
1.24353
1.25111
1.25074
1.24811
1.24171
1.22732
1.21239
1.20808
1.20704
1.20738
1.21267
0.526702
0.543117
0.555647
0.563384
0.5702
0.577018
0.583178
0.590278
0.603342
0.627364
0.648526
0.658389
0.665052
0.671174
0.675826
0.689215
0.706969
0.726677
0.74747
0.773594
0.807905
0.841495
0.88282
0.940146
0.987548
1.01052
1.02405
1.04206
1.05703
1.0597
1.0608
1.07063
1.07884
1.08947
1.10716
1.11774
1.1205
1.12267
1.12507
1.12787
1.13297
1.14628
1.16595
1.19886
1.31136
1.48068
1.52636
1.52114
1.50494
1.48555
1.46108
1.43588
1.42097
1.41069
1.40634
1.41488
1.431
1.43114
1.42758
1.42317
1.41615
1.40642
1.39417
1.37659
1.35237
1.33418
1.32801
1.32447
1.32283
1.32718
1.34563
1.36677
1.36947
1.36701
1.36399
1.35764
1.34051
1.30939
1.2851
1.27668
1.27134
1.26741
1.2658
1.26744
1.27555
1.28838
1.29482
1.29431
1.29265
1.29021
1.2863
1.2787
1.26315
1.24331
1.23535
1.2345
1.23532
1.23862
1.24636
1.26298
1.2834
1.29345
1.29787
1.30142
1.30179
1.29249
1.27705
1.27509
1.27965
1.28804
1.30239
1.32455
1.34603
1.35683
1.36168
1.36233
1.36052
1.36298
1.37002
1.38144
1.3955
1.4033
1.4065
1.40796
1.40803
1.4086
1.41112
1.41629
1.42623
1.44018
1.44824
1.44949
1.44661
1.44104
1.43708
1.4366
1.43785
1.44134
1.44888
1.45891
1.46239
1.46102
1.45627
1.44627
1.43487
1.42999
1.42914
1.43
1.43515
1.44757
1.45641
1.45615
1.45421
1.44995
1.43966
1.42141
1.41073
1.40862
1.40752
1.40865
1.41735
1.42958
1.43125
1.42895
1.42548
1.4185
1.40308
1.38754
1.38328
1.38147
1.38059
1.38412
1.39551
1.40228
1.40092
1.39821
1.39363
1.38292
1.36715
1.36031
1.35845
1.35718
1.35854
1.3675
1.38067
1.38342
1.38106
1.37769
1.37097
1.35641
1.34386
1.34037
1.33834
1.33692
1.33908
1.3469
1.35191
1.35059
1.34776
1.34324
1.33562
1.33004
1.32788
1.32611
1.32545
1.32836
1.33327
1.33418
1.33124
1.32616
1.31787
1.31052
1.3073
1.30536
1.3042
1.30508
1.30975
1.31517
1.3156
1.31282
1.30828
1.30036
1.29299
1.28978
1.28795
1.28707
1.28706
1.28725
1.28708
1.28666
1.28598
1.28485
1.28357
1.28212
1.27986
1.27677
1.27275
1.26728
1.26163
1.2583
1.2564
1.25521
1.25595
1.26075
1.26656
1.26731
1.26432
1.25924
1.25041
1.24232
1.23882
1.23666
1.23527
1.23655
1.24234
1.24854
1.24864
1.24536
1.24059
1.23324
1.2247
1.21961
1.21718
1.21592
1.21662
1.22131
1.22819
1.23001
1.22856
1.22531
1.21802
1.2053
1.19548
1.19219
1.19052
1.18937
1.19073
1.19809
1.20786
1.21039
1.20917
1.20509
1.19537
1.17909
1.16728
1.16429
1.1633
1.16308
0.427301
0.446458
0.462592
0.478871
0.494497
0.508553
0.525829
0.546647
0.57222
0.60728
0.649473
0.691207
0.721229
0.74528
0.771974
0.80114
0.831235
0.860116
0.884809
0.914196
0.94694
0.981576
1.02047
1.06295
1.08307
1.09007
1.09541
1.09819
1.10043
1.1007
1.10049
1.1063
1.11588
1.12815
1.14362
1.14783
1.1481
1.14744
1.14556
1.14584
1.14788
1.15224
1.16434
1.17324
1.19542
1.28753
1.4239
1.46604
1.46174
1.44262
1.41262
1.3869
1.37799
1.37316
1.37279
1.38231
1.39788
1.40423
1.40383
1.40237
1.39636
1.38622
1.376
1.36433
1.34936
1.33876
1.33427
1.33128
1.33014
1.3356
1.35374
1.36605
1.36292
1.3584
1.35268
1.34096
1.31299
1.27887
1.26734
1.26402
1.26087
1.259
1.26135
1.27429
1.28722
1.28688
1.28363
1.27828
1.26903
1.2585
1.2504
1.24435
1.23787
1.22826
1.21782
1.21397
1.21267
1.21206
1.21408
1.22301
1.23206
1.23269
1.23202
1.23033
1.2253
1.20992
1.18827
1.1819
1.18138
1.18251
1.18833
1.20222
1.2157
1.22012
1.22198
1.22227
1.21884
1.21288
1.21299
1.21636
1.2211
1.22539
1.22921
1.23324
1.238
1.24357
1.25002
1.25858
1.27099
1.28506
1.29222
1.29399
1.2924
1.28869
1.28727
1.28888
1.29239
1.29802
1.30789
1.32341
1.33681
1.34151
1.34145
1.33754
1.33205
1.32957
1.3299
1.33271
1.33844
1.34931
1.36081
1.36339
1.36225
1.35843
1.35033
1.34108
1.33758
1.337
1.33784
1.3423
1.35371
1.36332
1.36369
1.36156
1.35794
1.35045
1.33744
1.32868
1.32623
1.32487
1.32558
1.33228
1.34472
1.34944
1.3478
1.34483
1.33958
1.32769
1.31378
1.30922
1.30744
1.30619
1.30851
1.31959
1.3327
1.33488
1.33288
1.32972
1.32264
1.30796
1.29711
1.2943
1.29246
1.29156
1.29481
1.30293
1.30666
1.30509
1.30204
1.29671
1.28892
1.28478
1.28295
1.28153
1.28212
1.28653
1.29095
1.2909
1.28825
1.28326
1.27476
1.26777
1.26503
1.26353
1.26319
1.2656
1.27163
1.27642
1.27584
1.27329
1.26853
1.25962
1.25227
1.24968
1.24815
1.2476
1.24863
1.25056
1.25115
1.24981
1.24772
1.24551
1.24414
1.24306
1.24135
1.23865
1.23515
1.23057
1.22547
1.22199
1.21988
1.21825
1.21788
1.22047
1.2245
1.22498
1.22248
1.218
1.21058
1.20292
1.19915
1.19702
1.19544
1.19538
1.19848
1.20291
1.20356
1.20121
1.19724
1.19029
1.18142
1.17635
1.17401
1.17262
1.17334
1.17672
1.17833
1.1769
1.17442
1.17049
1.16284
1.14984
1.14004
1.13736
1.13627
1.13595
1.13746
1.14219
1.14684
1.14716
1.1456
1.14267
1.13721
1.12642
1.1131
1.1072
1.1057
1.10512
0.395341
0.405534
0.414696
0.4276
0.445528
0.464813
0.486841
0.515291
0.548793
0.588226
0.635214
0.681317
0.723946
0.760908
0.788358
0.810676
0.832808
0.854462
0.878088
0.908362
0.938096
0.968029
1.00073
1.01978
1.0291
1.03582
1.04127
1.0437
1.04445
1.04903
1.05525
1.06336
1.07594
1.09118
1.10475
1.11339
1.11506
1.11469
1.11155
1.10713
1.1058
1.10694
1.11217
1.11661
1.11887
1.13107
1.19144
1.29423
1.36617
1.38756
1.382
1.37564
1.37307
1.37397
1.38473
1.39455
1.39443
1.39106
1.38519
1.37202
1.35199
1.343
1.34266
1.34342
1.34315
1.34001
1.33429
1.33007
1.32749
1.32763
1.33678
1.34362
1.33995
1.33559
1.32964
1.31619
1.28542
1.25696
1.25099
1.24963
1.24922
1.25261
1.26674
1.29147
1.29756
1.29344
1.28689
1.27159
1.24526
1.2299
1.22664
1.22487
1.22364
1.22082
1.21499
1.20886
1.20637
1.20487
1.20506
1.21035
1.21456
1.21301
1.21081
1.20702
1.19832
1.17898
1.16194
1.15821
1.15656
1.15613
1.1603
1.17302
1.18372
1.18421
1.18225
1.17809
1.16805
1.15199
1.14465
1.14334
1.14273
1.14414
1.14758
1.14786
1.14758
1.14877
1.15183
1.156
1.16026
1.16265
1.16276
1.16157
1.15737
1.15003
1.14677
1.14668
1.14857
1.15302
1.16161
1.17531
1.18769
1.19318
1.19506
1.19413
1.18879
1.18438
1.18485
1.18733
1.19174
1.19956
1.21145
1.22048
1.2228
1.22257
1.21999
1.21721
1.21701
1.21858
1.22167
1.2279
1.2384
1.24594
1.24716
1.24679
1.2443
1.23818
1.23302
1.23156
1.2314
1.23282
1.23763
1.24885
1.25869
1.26003
1.25871
1.256
1.24964
1.23834
1.23075
1.22855
1.22758
1.2292
1.23688
1.2512
1.25825
1.2582
1.25657
1.25296
1.24408
1.23228
1.2275
1.22575
1.22494
1.22778
1.23591
1.24133
1.24084
1.23848
1.23368
1.22557
1.22026
1.21827
1.2169
1.21747
1.22239
1.22961
1.23142
1.22988
1.22679
1.21977
1.20939
1.20393
1.20209
1.20155
1.20385
1.21069
1.21822
1.21959
1.21784
1.21445
1.20588
1.19378
1.18824
1.18657
1.1859
1.18799
1.19328
1.19699
1.19651
1.19435
1.19011
1.18367
1.17976
1.17822
1.17781
1.17748
1.17578
1.17314
1.16983
1.16642
1.1638
1.16193
1.16084
1.1611
1.16123
1.15963
1.15708
1.15347
1.14802
1.14174
1.13773
1.13549
1.13385
1.13314
1.13449
1.13684
1.13659
1.13436
1.13076
1.12418
1.11474
1.10881
1.10677
1.10571
1.1065
1.10915
1.10978
1.10816
1.10573
1.1019
1.09437
1.08287
1.07537
1.07357
1.07305
1.07318
1.07542
1.08175
1.08668
1.08705
1.08638
1.08502
1.08203
1.07452
1.06439
1.06077
1.06044
1.061
0.512539
0.539342
0.554972
0.575412
0.605895
0.616125
0.626546
0.649977
0.660519
0.670204
0.692407
0.708252
0.713288
0.718639
0.725201
0.733602
0.7441
0.755683
0.769572
0.787206
0.802367
0.8104
0.817243
0.822667
0.827033
0.832843
0.84117
0.85086
0.862231
0.873678
0.886137
0.901779
0.924548
0.949818
0.961554
0.968185
0.973855
0.977279
0.978914
0.981859
0.987066
0.995194
1.01108
1.02968
1.03607
1.03949
1.04647
1.08142
1.15636
1.25141
1.32365
1.3615
1.38441
1.41209
1.42731
1.42365
1.4152
1.40277
1.38112
1.34555
1.32361
1.3191
1.31697
1.31976
1.32919
1.33135
1.32896
1.32278
1.31622
1.31368
1.31392
1.31318
1.31034
1.30719
1.30226
1.29131
1.26691
1.24305
1.23777
1.23683
1.23831
1.24732
1.26958
1.28345
1.28163
1.27764
1.27024
1.24985
1.22076
1.21065
1.20863
1.20884
1.2129
1.21113
1.20699
1.20419
1.20202
1.20078
1.20184
1.20271
1.20111
1.199
1.19599
1.19066
1.17927
1.15991
1.14796
1.14479
1.14244
1.14172
1.14787
1.16288
1.16993
1.16851
1.16531
1.15912
1.14446
1.12548
1.11912
1.11738
1.11618
1.11715
1.12287
1.12612
1.12533
1.12563
1.12535
1.12343
1.12123
1.11917
1.11706
1.11426
1.10864
1.09901
1.09287
1.09114
1.09049
1.09128
1.09619
1.1061
1.11079
1.11019
1.10882
1.1061
1.09832
1.08654
1.08272
1.08223
1.08248
1.08511
1.09239
1.10156
1.10584
1.10689
1.10629
1.10286
1.09838
1.09745
1.09798
1.09973
1.10319
1.10871
1.1131
1.11437
1.11441
1.11298
1.11147
1.11123
1.11204
1.11412
1.11809
1.12409
1.12876
1.13042
1.13033
1.1296
1.12701
1.12376
1.12196
1.12129
1.1224
1.12665
1.13559
1.14202
1.14244
1.14148
1.13963
1.13468
1.12815
1.12613
1.12568
1.1262
1.13032
1.1393
1.14498
1.14481
1.14291
1.13777
1.12867
1.12314
1.12191
1.12125
1.12205
1.12705
1.13675
1.14144
1.14092
1.13897
1.13402
1.12375
1.11585
1.11388
1.11311
1.11419
1.11983
1.12893
1.13224
1.13113
1.12863
1.12185
1.10953
1.10229
1.10107
1.1008
1.10275
1.10881
1.11469
1.11536
1.1139
1.11078
1.10417
1.09747
1.09511
1.09424
1.09428
1.09566
1.0962
1.09497
1.09286
1.08977
1.087
1.08539
1.08455
1.08443
1.08381
1.08216
1.07994
1.07701
1.07308
1.06892
1.06631
1.06521
1.06476
1.06539
1.06793
1.06987
1.06925
1.06738
1.06372
1.05713
1.05104
1.04912
1.04877
1.04973
1.05349
1.0583
1.05942
1.05906
1.05806
1.05461
1.04679
1.04003
1.03877
1.03881
1.03915
1.04111
1.04736
1.05583
1.0584
1.05858
1.05866
1.05847
1.05639
1.04994
1.04375
1.04282
1.04303
1.04462
0.704844
0.715446
0.7348
0.7411
0.743315
0.744871
0.742182
0.73511
0.735915
0.740496
0.74809
0.757143
0.760993
0.761195
0.759485
0.754203
0.743663
0.730235
0.723698
0.721714
0.72014
0.718939
0.718227
0.717432
0.714537
0.70991
0.708344
0.708449
0.7105
0.715912
0.725523
0.739834
0.758341
0.770994
0.775174
0.776509
0.779976
0.787282
0.796571
0.808703
0.823438
0.842781
0.875808
0.902937
0.913484
0.924546
0.929206
0.932224
0.951701
1.00561
1.09741
1.2047
1.30977
1.39901
1.42942
1.43507
1.42891
1.40659
1.37131
1.3362
1.32448
1.31914
1.31511
1.3214
1.33641
1.33716
1.33467
1.33032
1.31776
1.29564
1.28488
1.28266
1.28109
1.27946
1.27678
1.27151
1.25817
1.23923
1.23201
1.22999
1.23043
1.24003
1.25729
1.2609
1.25772
1.25384
1.24584
1.22449
1.19924
1.19149
1.18942
1.18955
1.19624
1.20534
1.20497
1.20185
1.19654
1.1902
1.18687
1.18448
1.18248
1.18045
1.17719
1.17194
1.16138
1.1459
1.13885
1.13619
1.13421
1.13556
1.14683
1.16133
1.16307
1.16041
1.15549
1.14442
1.12229
1.10549
1.10171
1.09981
1.09851
1.10031
1.11062
1.11911
1.11866
1.11589
1.11126
1.10457
1.09893
1.09573
1.09311
1.09
1.0848
1.07716
1.07227
1.07009
1.06906
1.06986
1.07523
1.08286
1.08426
1.0831
1.08157
1.07809
1.06836
1.05429
1.04873
1.04729
1.04651
1.04737
1.05364
1.06331
1.06494
1.06332
1.06056
1.05474
1.04448
1.03823
1.037
1.03639
1.03644
1.03881
1.04404
1.04681
1.04658
1.0454
1.04314
1.03928
1.03655
1.03582
1.03565
1.03551
1.03513
1.03509
1.03667
1.04031
1.04289
1.04309
1.04238
1.04183
1.04217
1.04301
1.0432
1.04223
1.04092
1.0392
1.03675
1.03442
1.03339
1.03331
1.03549
1.04168
1.05098
1.05518
1.05486
1.05326
1.0481
1.03791
1.03172
1.03038
1.0301
1.03151
1.03627
1.0462
1.05351
1.05411
1.05308
1.05045
1.04279
1.03401
1.03181
1.03164
1.03283
1.03744
1.046
1.05072
1.0504
1.04872
1.04454
1.03535
1.0283
1.02704
1.0271
1.02928
1.0356
1.04376
1.04601
1.04545
1.04417
1.04006
1.03384
1.03133
1.03068
1.03061
1.03227
1.0353
1.03656
1.03595
1.03487
1.03347
1.03259
1.03207
1.03204
1.03297
1.03345
1.03284
1.0319
1.03043
1.02895
1.02815
1.02774
1.02755
1.02848
1.03173
1.03501
1.03546
1.03492
1.03336
1.02923
1.02583
1.02554
1.02586
1.02743
1.03204
1.03883
1.04113
1.04127
1.04102
1.03862
1.03178
1.02608
1.02563
1.02601
1.02682
1.02904
1.03385
1.0421
1.04694
1.04755
1.04773
1.04771
1.04657
1.04242
1.03646
1.03456
1.03484
1.0353
1.03736
0.854348
0.857937
0.858087
0.854267
0.841608
0.820331
0.804059
0.798973
0.796438
0.795962
0.80408
0.809396
0.804921
0.798842
0.791
0.775606
0.748589
0.729832
0.725188
0.722482
0.721638
0.721397
0.719188
0.716069
0.711544
0.702943
0.697821
0.697226
0.69757
0.699505
0.703541
0.708563
0.709719
0.709125
0.706576
0.69829
0.688636
0.686341
0.686885
0.689529
0.693938
0.701706
0.716594
0.727668
0.731858
0.738396
0.745721
0.750389
0.755662
0.767643
0.794611
0.848512
0.940624
1.05015
1.15585
1.24115
1.29434
1.3173
1.31891
1.31819
1.31872
1.31395
1.30595
1.30891
1.32346
1.32418
1.32094
1.31613
1.30143
1.27307
1.25758
1.25486
1.25408
1.2579
1.26123
1.25795
1.25181
1.2406
1.23054
1.22631
1.22466
1.2279
1.23477
1.23415
1.23106
1.22759
1.2206
1.2028
1.18263
1.17641
1.17441
1.17508
1.18434
1.19664
1.19631
1.19287
1.18696
1.17501
1.16533
1.16233
1.16067
1.15872
1.15544
1.15078
1.14246
1.13339
1.12978
1.12778
1.12733
1.13276
1.14354
1.14595
1.14354
1.13998
1.13399
1.12046
1.09977
1.08988
1.08737
1.08572
1.08618
1.09492
1.11002
1.11393
1.11208
1.10796
1.09868
1.08638
1.08027
1.07753
1.07503
1.07172
1.06709
1.06334
1.06124
1.06016
1.06094
1.06543
1.06927
1.06854
1.06684
1.06495
1.06221
1.05609
1.04363
1.0328
1.02995
1.02845
1.02774
1.03039
1.04015
1.0477
1.04739
1.0456
1.04199
1.03266
1.01931
1.01426
1.01309
1.0124
1.01255
1.01532
1.02213
1.02646
1.02629
1.02518
1.02282
1.01665
1.00897
1.00619
1.00524
1.00451
1.00426
1.00495
1.00723
1.01242
1.01811
1.01947
1.01828
1.01606
1.0115
1.00485
1.00104
0.999845
0.999023
0.998261
0.997786
0.997975
0.998982
1.00199
1.00921
1.0164
1.01808
1.01735
1.01557
1.00975
0.999049
0.993184
0.992652
0.9928
0.99351
0.997156
1.00688
1.0149
1.01597
1.01539
1.01371
1.00764
0.999604
0.997571
0.997562
0.99831
1.00147
1.00906
1.01428
1.01478
1.01399
1.01157
1.00464
0.999059
0.998651
0.999038
1.00059
1.00542
1.01381
1.01734
1.01746
1.01687
1.01477
1.00981
1.00739
1.00723
1.00739
1.00853
1.01172
1.01407
1.01413
1.01348
1.0126
1.01244
1.01249
1.01296
1.01474
1.01719
1.01786
1.01752
1.01679
1.01529
1.01476
1.01469
1.01488
1.01604
1.01905
1.02288
1.02386
1.02378
1.02306
1.01996
1.01633
1.01585
1.01609
1.017
1.01967
1.02664
1.03287
1.03396
1.03418
1.03286
1.02619
1.01848
1.01731
1.01773
1.01848
1.0203
1.02481
1.03397
1.04002
1.04089
1.04114
1.04121
1.04
1.03541
1.0296
1.02819
1.02856
1.02911
1.02982
1.03255
0.94337
0.937896
0.929342
0.914524
0.888118
0.862484
0.854332
0.850352
0.847615
0.850236
0.857422
0.854382
0.849381
0.843779
0.8305
0.798098
0.772616
0.767585
0.764597
0.763657
0.768249
0.769871
0.766715
0.763079
0.757899
0.745978
0.734163
0.731138
0.729243
0.727898
0.725942
0.723783
0.721605
0.71848
0.711018
0.696665
0.687868
0.685893
0.684903
0.685733
0.690134
0.696554
0.699246
0.698629
0.69706
0.693487
0.686755
0.682193
0.680341
0.678797
0.678625
0.683196
0.694449
0.712209
0.744145
0.800749
0.878198
0.966602
1.06849
1.13889
1.19389
1.23821
1.26598
1.28865
1.30292
1.30432
1.29861
1.28955
1.27528
1.25635
1.24691
1.24244
1.23972
1.24079
1.24654
1.2472
1.2446
1.23961
1.22954
1.21946
1.21496
1.21244
1.21099
1.20811
1.20484
1.20141
1.19564
1.1825
1.169
1.16486
1.16329
1.1652
1.1744
1.17861
1.1756
1.17193
1.1658
1.15344
1.14332
1.1403
1.13887
1.13719
1.13387
1.12943
1.12406
1.1209
1.11887
1.11788
1.1196
1.12514
1.12722
1.12539
1.12259
1.11843
1.11003
1.09389
1.08034
1.07685
1.07528
1.07539
1.08197
1.09731
1.1044
1.1027
1.09878
1.09033
1.0746
1.0628
1.05984
1.0582
1.05762
1.05923
1.05917
1.05789
1.0571
1.05763
1.06036
1.06196
1.06062
1.05869
1.05647
1.05334
1.04767
1.03649
1.02444
1.02091
1.01969
1.01901
1.02059
1.02888
1.03913
1.03996
1.03793
1.03484
1.02774
1.01259
0.999974
0.99703
0.995847
0.995232
0.996752
1.00445
1.01455
1.01665
1.01594
1.01402
1.00749
0.996022
0.989755
0.988507
0.987808
0.987282
0.987329
0.989013
0.993863
1.00187
1.00665
1.00715
1.00583
1.00147
0.992968
0.985962
0.984081
0.983366
0.982776
0.982281
0.982096
0.983014
0.986398
0.994322
1.00257
1.00417
1.00345
1.00137
0.994993
0.984802
0.979008
0.978193
0.978075
0.978908
0.982192
0.989935
0.999098
1.00153
1.00136
1
0.99452
0.986279
0.982905
0.982708
0.98318
0.985799
0.993074
0.999631
1.00085
1.00043
0.999242
0.995173
0.988633
0.986225
0.986314
0.987158
0.990748
0.998955
1.00468
1.00546
1.00517
1.00413
1.00067
0.997271
0.99682
0.996925
0.997998
1.00126
1.00445
1.00512
1.00477
1.00385
1.0027
1.00257
1.00276
1.00356
1.00581
1.0088
1.0098
1.00994
1.00975
1.0086
1.00784
1.00794
1.00844
1.01057
1.01513
1.01742
1.01764
1.01751
1.01629
1.01265
1.01067
1.01086
1.01146
1.01345
1.01956
1.02595
1.02715
1.02741
1.02696
1.02266
1.01453
1.01167
1.01202
1.01271
1.01421
1.01872
1.02858
1.03505
1.03585
1.03612
1.03622
1.03526
1.03123
1.02558
1.02385
1.02414
1.02459
1.02517
1.026
1.02868
0.987629
0.981024
0.972536
0.953638
0.922137
0.908334
0.90392
0.900356
0.899441
0.905291
0.90588
0.901222
0.895848
0.885914
0.85994
0.830549
0.823315
0.820301
0.818111
0.820499
0.827037
0.825497
0.821846
0.81779
0.810405
0.793983
0.77947
0.775129
0.772125
0.769907
0.767039
0.763309
0.759194
0.753562
0.742574
0.729102
0.724433
0.721854
0.719212
0.717252
0.715122
0.712195
0.70921
0.705846
0.700885
0.690894
0.678114
0.67377
0.67281
0.672751
0.673175
0.674162
0.673975
0.673328
0.672497
0.671382
0.674869
0.686533
0.715498
0.764829
0.829608
0.913888
1.00819
1.08087
1.14077
1.19556
1.21701
1.22741
1.2384
1.24285
1.2421
1.2348
1.22974
1.22937
1.23095
1.23084
1.22878
1.22389
1.21499
1.20159
1.19299
1.18902
1.18641
1.18498
1.18236
1.17927
1.17474
1.1664
1.15813
1.15475
1.15294
1.15384
1.15845
1.1578
1.15457
1.15116
1.14548
1.13362
1.12359
1.12068
1.11961
1.11909
1.11595
1.11222
1.10931
1.10715
1.10577
1.10577
1.10626
1.10549
1.10404
1.10169
1.09827
1.09268
1.08209
1.06996
1.06577
1.06421
1.06418
1.07
1.08196
1.08575
1.08361
1.08044
1.075
1.06304
1.0482
1.0427
1.04088
1.03974
1.04102
1.04861
1.05414
1.05358
1.05126
1.04744
1.04319
1.0406
1.03859
1.03657
1.03415
1.03062
1.02438
1.0158
1.01185
1.01064
1.01
1.01172
1.01818
1.02289
1.02214
1.02035
1.0182
1.01457
1.00605
0.993291
0.987807
0.986704
0.986231
0.987591
0.994785
1.00719
1.01122
1.01025
1.0079
1.00127
0.988065
0.978757
0.976988
0.976296
0.975833
0.976403
0.979919
0.98827
0.99635
0.998489
0.997981
0.99538
0.988731
0.979306
0.973987
0.972779
0.972288
0.971754
0.971571
0.972632
0.975801
0.981855
0.988063
0.990273
0.989861
0.988914
0.986736
0.981143
0.973247
0.968717
0.968099
0.968509
0.970946
0.977646
0.986999
0.991001
0.991278
0.990826
0.989471
0.985557
0.979134
0.974853
0.97446
0.974939
0.977275
0.984506
0.993095
0.994853
0.994606
0.993275
0.988235
0.981301
0.979154
0.97938
0.98033
0.983805
0.992106
0.997994
0.998668
0.998495
0.997426
0.993872
0.991016
0.990922
0.991381
0.992894
0.996988
1.00083
1.00133
1.00097
1.00009
0.998228
0.997734
0.997977
0.998726
1.00063
1.00357
1.00486
1.00512
1.00494
1.00454
1.00457
1.00479
1.00525
1.00668
1.01051
1.01368
1.01421
1.01431
1.01355
1.01022
1.00776
1.00802
1.00872
1.01036
1.01499
1.02009
1.02113
1.02141
1.0213
1.01861
1.01174
1.00779
1.00796
1.00858
1.00978
1.01357
1.02272
1.02966
1.03073
1.03106
1.03128
1.03062
1.02692
1.02132
1.01948
1.0197
1.02005
1.02047
1.02106
1.02203
1.02544
1.02664
1.02046
1.01234
0.995466
0.97162
0.962462
0.958419
0.955323
0.954845
0.953841
0.949477
0.94404
0.936107
0.918936
0.892728
0.88218
0.878743
0.875579
0.873951
0.877039
0.878168
0.874469
0.870365
0.86493
0.853712
0.833468
0.821445
0.817285
0.813514
0.80968
0.805875
0.801939
0.797507
0.791503
0.781076
0.768631
0.763056
0.759648
0.756157
0.75258
0.74902
0.745464
0.741701
0.736845
0.727993
0.711707
0.700433
0.697083
0.694403
0.692057
0.689825
0.687347
0.684966
0.682107
0.677347
0.668327
0.665141
0.66562
0.666776
0.670203
0.677512
0.686194
0.70183
0.731891
0.776038
0.838417
0.917471
0.983606
1.04471
1.11203
1.16387
1.18056
1.19495
1.20312
1.20589
1.20532
1.20332
1.19855
1.19174
1.18313
1.1752
1.17039
1.16736
1.16638
1.16548
1.16302
1.15942
1.15278
1.14326
1.13801
1.13505
1.13317
1.13422
1.13371
1.13053
1.12696
1.12165
1.11246
1.10516
1.10267
1.10137
1.10274
1.10467
1.10289
1.09966
1.09536
1.09069
1.08769
1.08559
1.08373
1.08148
1.07837
1.07379
1.0661
1.05728
1.0537
1.05236
1.05219
1.05643
1.06618
1.06927
1.06743
1.06496
1.06062
1.05057
1.03552
1.02821
1.02623
1.02507
1.0255
1.03162
1.04243
1.04479
1.04287
1.039
1.03182
1.02433
1.02076
1.01863
1.01648
1.01384
1.00994
1.00469
1.00154
1.00047
1.00026
1.00202
1.00691
1.0091
1.00788
1.00637
1.00442
1.00065
0.99276
0.982469
0.978278
0.977468
0.977237
0.979317
0.987078
0.995321
0.995941
0.994484
0.992442
0.988149
0.978624
0.96964
0.967588
0.967182
0.967124
0.968345
0.973553
0.984565
0.991661
0.991904
0.990388
0.986173
0.977567
0.968229
0.964349
0.963587
0.96329
0.963528
0.965165
0.968669
0.974715
0.981782
0.984893
0.985001
0.983999
0.981898
0.977325
0.97019
0.964081
0.961886
0.961903
0.96293
0.966475
0.975622
0.985931
0.988468
0.988104
0.986327
0.981041
0.974178
0.971138
0.970798
0.971034
0.971857
0.974612
0.980842
0.985262
0.985803
0.98564
0.985019
0.982462
0.97743
0.975424
0.975767
0.976796
0.980265
0.98793
0.992338
0.992676
0.992442
0.991395
0.988542
0.986833
0.987104
0.987928
0.989831
0.992863
0.994208
0.99428
0.994063
0.993944
0.994231
0.994739
0.995595
0.997181
1.00027
1.00295
1.00354
1.00357
1.00316
1.00151
1.00069
1.00103
1.00134
1.00198
1.00403
1.00694
1.00786
1.00801
1.00773
1.00591
1.0047
1.00516
1.00569
1.00645
1.0087
1.01289
1.01479
1.01512
1.01519
1.01368
1.00881
1.00493
1.00488
1.00546
1.00657
1.00982
1.01766
1.02394
1.02504
1.02544
1.02569
1.02517
1.02236
1.01787
1.01586
1.01593
1.01623
1.01663
1.01731
1.01894
1.02221
1.02412
1.07078
1.0649
1.0576
1.04517
1.02571
1.01503
1.01027
1.00619
1.00239
0.997325
0.991375
0.984151
0.972728
0.953056
0.939546
0.935205
0.931369
0.927907
0.926099
0.924658
0.920689
0.916089
0.910687
0.902283
0.88597
0.867993
0.860898
0.856904
0.853093
0.849423
0.845637
0.841615
0.837178
0.83133
0.821405
0.809149
0.802879
0.799123
0.795497
0.7918
0.787961
0.783826
0.778878
0.771633
0.759264
0.745999
0.739907
0.736044
0.732422
0.728988
0.725589
0.721972
0.717997
0.713164
0.706472
0.696424
0.687147
0.682141
0.679077
0.676388
0.673641
0.672009
0.670972
0.667966
0.668144
0.672926
0.68412
0.705878
0.743866
0.799649
0.872989
0.948476
1.00709
1.06023
1.11394
1.13546
1.14269
1.15473
1.16451
1.16674
1.16511
1.16004
1.15799
1.15655
1.15382
1.15105
1.14705
1.14038
1.12952
1.12088
1.11731
1.11481
1.11394
1.11279
1.11003
1.10642
1.10011
1.09116
1.08664
1.0847
1.0839
1.08704
1.09149
1.09005
1.08693
1.08237
1.07455
1.06891
1.0666
1.06455
1.06203
1.05865
1.05338
1.04551
1.04044
1.03861
1.03779
1.03966
1.04557
1.04794
1.04674
1.04483
1.042
1.0362
1.02475
1.01493
1.01207
1.01073
1.01105
1.017
1.02497
1.02531
1.02304
1.01959
1.01294
1.00432
1.00077
0.999413
0.998361
0.997159
0.995179
0.99268
0.991306
0.991141
0.99179
0.992564
0.992113
0.990831
0.989662
0.988342
0.986448
0.983021
0.976298
0.968732
0.966174
0.96583
0.966122
0.969009
0.977096
0.983028
0.982837
0.981656
0.98004
0.976124
0.967531
0.959107
0.956832
0.956441
0.956614
0.959127
0.966701
0.974223
0.975146
0.974472
0.973308
0.970367
0.964119
0.957622
0.955688
0.955522
0.955691
0.956863
0.959996
0.965876
0.97047
0.971207
0.970489
0.970002
0.969354
0.968101
0.965612
0.961178
0.957054
0.956235
0.956691
0.958407
0.963
0.971352
0.975955
0.97619
0.975876
0.97486
0.971119
0.965626
0.963907
0.964174
0.964694
0.966145
0.970714
0.978735
0.982677
0.982981
0.982648
0.980289
0.974876
0.971902
0.972024
0.972672
0.973782
0.976031
0.980752
0.984627
0.985378
0.985257
0.984845
0.98472
0.98498
0.985432
0.986318
0.98826
0.990821
0.991634
0.991666
0.991125
0.989246
0.988467
0.988757
0.989095
0.989766
0.99155
0.995124
0.996931
0.99723
0.997327
0.996954
0.996452
0.996739
0.997132
0.998093
1.00052
1.00255
1.00305
1.00323
1.00297
1.00137
1.00039
1.0008
1.00137
1.00245
1.00532
1.0086
1.00939
1.00974
1.00982
1.00839
1.00447
1.00214
1.0024
1.00301
1.00407
1.00699
1.01369
1.01837
1.01911
1.01944
1.0196
1.01885
1.01617
1.01318
1.01272
1.01317
1.01361
1.01407
1.01464
1.01546
1.01684
1.01873
1.01963
1.11832
1.11214
1.10528
1.0955
1.07808
1.06221
1.05584
1.04989
1.04366
1.03737
1.03073
1.02322
1.01355
0.999822
0.987585
0.981662
0.977002
0.972709
0.968281
0.963166
0.957824
0.952029
0.944539
0.931738
0.913336
0.903077
0.898397
0.894178
0.890066
0.885931
0.881728
0.877388
0.872575
0.866094
0.855285
0.842571
0.835759
0.831552
0.827586
0.82361
0.819435
0.814599
0.807598
0.794883
0.780771
0.775197
0.771875
0.768536
0.765098
0.761544
0.757891
0.75403
0.749599
0.743761
0.73456
0.722814
0.715405
0.711073
0.707087
0.702746
0.697847
0.691848
0.682139
0.672243
0.667086
0.66484
0.66531
0.668519
0.673097
0.680043
0.690079
0.705412
0.729803
0.764107
0.815457
0.87665
0.925984
0.976683
1.04099
1.08616
1.10022
1.11651
1.12625
1.13235
1.13644
1.13504
1.12932
1.12046
1.11006
1.10301
1.09965
1.09695
1.09547
1.09456
1.09242
1.08934
1.08344
1.07333
1.06687
1.06427
1.06271
1.06388
1.06567
1.06372
1.06115
1.05759
1.05225
1.04892
1.04727
1.04642
1.04465
1.04157
1.03696
1.03096
1.02736
1.02557
1.02467
1.02574
1.02703
1.02567
1.02343
1.02055
1.01572
1.00741
1.00054
0.99842
0.99733
0.997521
1.00276
1.01097
1.01134
1.00915
1.00577
0.998362
0.986143
0.979401
0.977609
0.9765
0.976863
0.979769
0.980289
0.978375
0.974915
0.972993
0.972569
0.972874
0.972438
0.971426
0.970341
0.968995
0.966715
0.962372
0.95675
0.953888
0.95333
0.953524
0.956049
0.961631
0.965035
0.965213
0.964538
0.963275
0.960336
0.953961
0.947731
0.946199
0.946037
0.946753
0.950659
0.95861
0.962318
0.962009
0.960975
0.958542
0.953062
0.946975
0.945006
0.944884
0.945373
0.947116
0.950667
0.953932
0.956204
0.957804
0.958356
0.958113
0.957726
0.957219
0.956191
0.95405
0.95153
0.950756
0.950994
0.951759
0.953872
0.958834
0.964107
0.965417
0.965594
0.965574
0.965094
0.962937
0.959036
0.957336
0.957608
0.958133
0.959704
0.964861
0.973212
0.976056
0.976206
0.976028
0.974569
0.969919
0.96627
0.966328
0.966789
0.967354
0.968981
0.973737
0.979111
0.980479
0.980797
0.98072
0.979882
0.979166
0.979355
0.979645
0.980371
0.982298
0.984427
0.984973
0.985062
0.984567
0.983614
0.983862
0.984238
0.984693
0.985711
0.988291
0.991484
0.992641
0.993001
0.993171
0.993138
0.993282
0.993652
0.994029
0.994651
0.995947
0.996961
0.997311
0.997383
0.997023
0.997038
0.997485
0.998016
0.998661
1.00012
1.00291
1.00448
1.00488
1.00505
1.00395
1.00086
0.999579
1.00002
1.0006
1.00159
1.00437
1.01025
1.01358
1.01415
1.01448
1.01459
1.01363
1.01102
1.00965
1.01
1.01054
1.01108
1.01166
1.01225
1.01276
1.01329
1.01413
1.01543
1.01655
)
;

boundaryField
{
    inlet
    {
        type            fixedValue;
        value           nonuniform 0();
    }
    outlet
    {
        type            zeroGradient;
    }
    bottom
    {
        type            symmetryPlane;
    }
    top
    {
        type            symmetryPlane;
    }
    obstacle
    {
        type            zeroGradient;
    }
    defaultFaces
    {
        type            empty;
    }
    procBoundary1to0
    {
        type            processor;
        value           nonuniform List<scalar> 8(0.61908 0.612355 0.614746 0.600181 0.578454 0.511961 0.406468 0.385748);
    }
    procBoundary1to2
    {
        type            processor;
        value           nonuniform List<scalar> 8(0.482329 0.686916 0.843334 0.941606 0.991438 1.03103 1.07509 1.12371);
    }
    procBoundary1to3
    {
        type            processor;
        value           nonuniform List<scalar> 
288
(
1.16508
1.1581
1.15059
1.14134
1.12703
1.10707
1.09547
1.08855
1.08168
1.07512
1.0687
1.06197
1.0548
1.04627
1.03489
1.02353
1.01578
1.00996
1.0044
0.998376
0.991747
0.984124
0.97332
0.956823
0.944479
0.939197
0.934631
0.92996
0.925195
0.920332
0.915407
0.91031
0.904567
0.896795
0.884695
0.872677
0.866537
0.862141
0.857908
0.853623
0.848975
0.842942
0.832665
0.819121
0.811937
0.808051
0.804425
0.800866
0.79731
0.793673
0.789764
0.78509
0.778141
0.766273
0.754764
0.749588
0.746022
0.742452
0.738775
0.734845
0.730177
0.723343
0.712457
0.702388
0.696305
0.691832
0.688379
0.685132
0.681547
0.677933
0.676014
0.6758
0.675485
0.674146
0.676376
0.684597
0.701192
0.730244
0.776089
0.839017
0.898847
0.949773
1.00337
1.05344
1.06781
1.07446
1.08096
1.08313
1.08239
1.07941
1.07714
1.07491
1.07688
1.08211
1.0803
1.07636
1.06977
1.05826
1.05041
1.04794
1.04683
1.0469
1.04532
1.04269
1.039
1.03245
1.02682
1.02466
1.02338
1.02402
1.02763
1.02739
1.02456
1.01882
1.01288
1.01094
1.01002
1.00957
1.00833
1.00627
1.0035
0.999133
0.991344
0.983435
0.980643
0.979589
0.979838
0.984448
0.991168
0.991701
0.99014
0.987905
0.983509
0.973736
0.963544
0.960328
0.959036
0.95847
0.959978
0.965634
0.96871
0.967634
0.964576
0.958579
0.95396
0.95277
0.952078
0.951419
0.950522
0.94947
0.947725
0.944772
0.943
0.943086
0.944451
0.94727
0.949107
0.948983
0.948311
0.947384
0.945735
0.94261
0.937863
0.934817
0.934302
0.93449
0.935891
0.941082
0.94804
0.949527
0.949097
0.948175
0.945468
0.939112
0.933704
0.932962
0.933332
0.93433
0.937377
0.944171
0.949037
0.949831
0.949544
0.948145
0.9465
0.946421
0.946455
0.946319
0.945919
0.944734
0.944156
0.944443
0.944777
0.945496
0.947389
0.951556
0.955123
0.955854
0.955962
0.955857
0.954902
0.952732
0.952378
0.952898
0.953422
0.954313
0.956428
0.961448
0.966176
0.967267
0.967522
0.967381
0.965831
0.962563
0.961803
0.962319
0.96294
0.964401
0.968525
0.973528
0.974746
0.975106
0.975017
0.974601
0.974624
0.974978
0.975516
0.976401
0.977813
0.979123
0.979837
0.980227
0.980388
0.980517
0.980881
0.981324
0.981775
0.982269
0.982908
0.983889
0.985436
0.987332
0.988913
0.989769
0.990223
0.990652
0.991192
0.991927
0.992538
0.992876
0.993081
0.992941
0.992867
0.993199
0.993693
0.994407
0.995676
0.998235
1.00016
1.00075
1.00117
1.0013
1.00021
0.997735
0.997063
0.997537
0.99808
0.999002
1.00145
1.00635
1.00901
1.00961
1.00998
1.01014
1.0094
1.00731
1.00624
1.00654
1.00698
1.00744
1.00799
1.00869
1.00975
1.01152
1.01291
1.01361
1.01406
1.01447
)
;
    }
}


// ************************************************************************* //
