/*--------------------------------*- C++ -*----------------------------------*\
  =========                 |
  \\      /  F ield         | OpenFOAM: The Open Source CFD Toolbox
   \\    /   O peration     | Website:  https://openfoam.org
    \\  /    A nd           | Version:  7
     \\/     M anipulation  |
\*---------------------------------------------------------------------------*/
FoamFile
{
    version     2.0;
    format      ascii;
    class       volScalarField;
    location    "3.4";
    object      p;
}
// * * * * * * * * * * * * * * * * * * * * * * * * * * * * * * * * * * * * * //

dimensions      [1 -1 -2 0 0 0 0];

internalField   nonuniform List<scalar> 
4608
(
1
1
1
1
1
1
1
1
1
1
1
1
1
1
1
1
1
1
1
1
1
1
1
1
1
1
1
1
1
1
1
1
1
1
1
1
1
1
1
1
1
1
1
1
1
1
1
1
1
1
1
1
1
1
1
1
1
1
1
6.78697
26.7135
29.2016
29.3464
29.5643
29.749
29.9299
30.0997
30.2598
30.4132
30.5598
30.6988
30.8316
30.9601
31.0833
31.1996
31.3102
31.415
31.5117
31.6031
31.6925
31.778
31.8577
31.9314
32.0004
32.0659
32.1293
32.1917
32.2513
32.3046
32.3497
32.3877
32.422
32.4554
32.4866
32.5132
32.5307
1
1
1
1
1
1
1
1
1
1
1
1
1
1
1
1
1
1
1
1
1
1
1
1
1
1
1
1
1
1
1
1
1
1
1
1
1
1
1
1
1
1
1
1
1
1
1
1
1
1
1
1
1
1
1
1
1
1
1
6.68372
26.5841
29.1949
29.3505
29.5676
29.7526
29.9332
30.1023
30.2615
30.414
30.5603
30.6994
30.8324
30.9609
31.0838
31.1995
31.3093
31.4138
31.5105
31.6018
31.691
31.7758
31.8545
31.927
31.9952
32.06
32.123
32.1849
32.2436
32.2959
32.3402
32.3778
32.412
32.4454
32.4766
32.5028
32.5199
1
1
1
1
1
1
1
1
1
1
1
1
1
1
1
1
1
1
1
1
1
1
1
1
1
1
1
1
1
1
1
1
1
1
1
1
1
1
1
1
1
1
1
1
1
1
1
1
1
1
1
1
1
1
1
1
1
1
1
6.44473
26.4113
29.1852
29.3413
29.5596
29.7446
29.9245
30.0928
30.2516
30.4034
30.5494
30.6885
30.8218
30.9504
31.073
31.1881
31.2975
31.4022
31.4997
31.592
31.6819
31.7669
31.845
31.9168
31.9844
32.049
32.112
32.1735
32.2313
32.2822
32.3252
32.3619
32.3958
32.429
32.4597
32.4851
32.5014
1
1
1
1
1
1
1
1
1
1
1
1
1
1
1
1
1
1
1
1
1
1
1
1
1
1
1
1
1
1
1
1
1
1
1
1
1
1
1
1
1
1
1
1
1
1
1
1
1
1
1
1
1
1
1
1
1
1
1
6.08069
26.17
29.187
29.3408
29.5579
29.7396
29.9172
30.0837
30.2416
30.3927
30.5387
30.6785
30.8125
30.9414
31.0636
31.1779
31.2867
31.3914
31.4893
31.582
31.6716
31.7554
31.8319
31.9019
31.9683
32.0323
32.0949
32.1558
32.2122
32.2613
32.3027
32.3388
32.3726
32.4057
32.4358
32.4599
32.4749
1
1
1
1
1
1
1
1
1
1
1
1
1
1
1
1
1
1
1
1
1
1
1
1
1
1
1
1
1
1
1
1
1
1
1
1
1
1
1
1
1
1
1
1
1
1
1
1
1
1
1
1
1
1
1
1
1
1
1
5.57356
25.8124
29.1895
29.3351
29.5519
29.7288
29.9034
30.0669
30.2233
30.3736
30.52
30.6609
30.796
30.9252
31.0471
31.1608
31.2695
31.3746
31.4733
31.5666
31.6563
31.7394
31.8146
31.8834
31.9492
32.0129
32.0748
32.1341
32.1879
32.2342
32.2736
32.3089
32.3428
32.3757
32.4048
32.4275
32.4409
1
1
1
1
1
1
1
1
1
1
1
1
1
1
1
1
1
1
1
1
1
1
1
1
1
1
1
1
1
1
1
1
1
1
1
1
1
1
1
1
1
1
1
1
1
1
1
1
1
1
1
1
1
1
1
1
1
1
1
4.99376
25.3375
29.1852
29.3192
29.5348
29.7093
29.8831
30.0453
30.201
30.3505
30.4967
30.6379
30.7737
30.9031
31.0251
31.1389
31.2478
31.3534
31.4528
31.5465
31.6359
31.7181
31.7922
31.8603
31.9259
31.9895
32.0509
32.1084
32.1593
32.2025
32.2396
32.274
32.3075
32.3397
32.3673
32.3879
32.3998
1
1
1
1
1
1
1
1
1
1
1
1
1
1
1
1
1
1
1
1
1
1
1
1
1
1
1
1
1
1
1
1
1
1
1
1
1
1
1
1
1
1
1
1
1
1
1
1
1
1
1
1
1
1
1
1
1
1
1
4.37084
24.7252
29.1927
29.3179
29.5271
29.6944
29.8618
30.0194
30.1725
30.3206
30.4671
30.6099
30.747
30.8771
30.9992
31.113
31.2219
31.3275
31.4274
31.5211
31.6099
31.6913
31.7648
31.8328
31.8985
31.9621
32.0224
32.0777
32.1258
32.1663
32.2018
32.2354
32.2681
32.2986
32.3238
32.3419
32.3522
1
1
1
1
1
1
1
1
1
1
1
1
1
1
1
1
1
1
1
1
1
1
1
1
1
1
1
1
1
1
1
1
1
1
1
1
1
1
1
1
1
1
1
1
1
1
1
1
1
1
1
1
1
1
1
1
1
1
1
3.72985
23.9489
29.1995
29.3109
29.5096
29.6688
29.829
29.9834
30.1383
30.2898
30.4389
30.5817
30.7169
30.8446
30.9648
31.0777
31.1867
31.2933
31.3946
31.489
31.5773
31.6581
31.7314
31.7996
31.8656
31.929
31.9882
32.0412
32.0867
32.1254
32.16
32.1931
32.2245
32.2526
32.2749
32.2903
32.2993
1
1
1
1
1
1
1
1
1
1
1
1
1
1
1
1
1
1
1
1
1
1
1
1
1
1
1
1
1
1
1
1
1
1
1
1
1
1
1
1
1
1
1
1
1
1
1
1
1
1
1
1
1
1
1
1
1
1
1
3.13314
22.9964
29.1965
29.2925
29.4789
29.6298
29.7921
29.9497
30.1067
30.2568
30.4022
30.5413
30.6734
30.7989
30.9198
31.0363
31.1488
31.257
31.3582
31.451
31.537
31.6164
31.6897
31.759
31.8259
31.8895
31.9475
31.9983
32.0418
32.0794
32.1136
32.146
32.1759
32.201
32.2204
32.2334
32.2416
1
1
1
1
1
1
1
1
1
1
1
1
1
1
1
1
1
1
1
1
1
1
1
1
1
1
1
1
1
1
1
1
1
1
1
1
1
1
1
1
1
1
1
1
1
1
1
1
1
1
1
1
1
1
1
1
1
1
1
2.53792
21.832
29.1939
29.2655
29.4491
29.5939
29.757
29.9138
30.0681
30.2155
30.3584
30.495
30.6272
30.755
30.8784
30.9956
31.1063
31.2116
31.3101
31.401
31.4864
31.5669
31.6426
31.7138
31.7812
31.8437
31.8995
31.9481
31.99
32.0273
32.0615
32.0932
32.1211
32.1432
32.1601
32.1713
32.179
1
1
1
1
1
1
1
1
1
1
1
1
1
1
1
1
1
1
1
1
1
1
1
1
1
1
1
1
1
1
1
1
1
1
1
1
1
1
1
1
1
1
1
1
1
1
1
1
1
1
1
1
1
1
1
1
1
1
1
1.94515
20.4965
29.2606
29.2118
29.4027
29.5449
29.7092
29.8655
30.0185
30.1645
30.3079
30.4467
30.581
30.709
30.8311
30.9466
31.0554
31.1586
31.2562
31.3477
31.4338
31.5147
31.5902
31.6607
31.7268
31.7876
31.8418
31.8894
31.9312
31.9689
32.0032
32.0338
32.0595
32.0787
32.0938
32.1038
32.1114
1
1
1
1
1
1
1
1
1
1
1
1
1
1
1
1
1
1
1
1
1
1
1
1
1
1
1
1
1
1
1
1
1
1
1
1
1
1
1
1
1
1
1
1
1
1
1
1
1
1
1
1
1
1
1
1
1
1
1
1.40205
19.0119
29.2378
29.1598
29.3331
29.4793
29.6443
29.8034
29.9597
30.1082
30.2515
30.3898
30.5243
30.6522
30.7738
30.8892
30.998
31.1014
31.1991
31.2899
31.3743
31.4537
31.5284
31.5985
31.664
31.7239
31.7773
31.8244
31.8662
31.904
31.9377
31.9667
31.9903
32.0071
32.0208
32.0299
32.0375
1
1
1
1
1
1
1
1
1
1
1
1
1
1
1
1
1
1
1
1
1
1
1
1
1
1
1
1
1
1
1
1
1
1
1
1
1
1
1
1
1
1
1
1
1
1
1
1
1
1
1
1
1
1
1
1
1
1
1
1.01069
17.475
28.975
29.0522
29.227
29.3938
29.5653
29.7297
29.8861
30.0348
30.1806
30.3221
30.4587
30.5878
30.7101
30.8263
30.9357
31.0384
31.1349
31.2245
31.3077
31.3862
31.4603
31.5297
31.5938
31.6521
31.7041
31.7505
31.7923
31.8301
31.8632
31.8908
31.9128
31.9279
31.9409
31.9493
31.9568
1
1
1
1
1
1
1
1
1
1
1
1
1
1
1
1
1
1
1
1
1
1
1
1
1
1
1
1
1
1
1
1
1
1
1
1
1
1
1
1
1
1
1
1
1
1
1
1
1
1
1
1
1
1
1
1
1
1
1
1.00002
15.6704
28.6238
28.9365
29.1265
29.3132
29.4834
29.6504
29.8111
29.9637
30.109
30.2471
30.3829
30.5131
30.6362
30.7526
30.8621
30.965
31.0616
31.1513
31.2344
31.3123
31.3855
31.4532
31.5152
31.5718
31.6228
31.6691
31.7108
31.7482
31.7801
31.806
31.8264
31.8402
31.8525
31.8602
31.8674
1
1
1
1
1
1
1
1
1
1
1
1
1
1
1
1
1
1
1
1
1
1
1
1
1
1
1
1
1
1
1
1
1
1
1
1
1
1
1
1
1
1
1
1
1
1
1
1
1
1
1
1
1
1
1
1
1
1
1
1
13.5577
28.2531
28.8149
29.018
29.2329
29.4164
29.5811
29.7314
29.8772
30.0204
30.1595
30.2945
30.4241
30.5483
30.6656
30.7765
30.8808
30.9785
31.0692
31.1524
31.2296
31.3014
31.3673
31.4274
31.4824
31.5326
31.5783
31.6194
31.6557
31.6859
31.7103
31.7299
31.7432
31.7555
31.7627
31.7699
1
1
1
1
1
1
1
1
1
1
1
1
1
1
1
1
1
1
1
1
1
1
1
1
1
1
1
1
1
1
1
1
1
1
1
1
1
1
1
1
1
1
1
1
1
1
1
1
1
1
1
1
1
1
1
1
1
1
1
1
11.3048
27.7878
28.7002
28.9502
29.1532
29.34
29.5149
29.6706
29.8141
29.948
30.076
30.2041
30.3313
30.4525
30.5687
30.6799
30.7854
30.8844
30.9761
31.0599
31.1368
31.2077
31.2723
31.3309
31.3846
31.4338
31.4787
31.5185
31.553
31.5813
31.6042
31.623
31.6355
31.6476
31.6536
31.6604
1
1
1
1
1
1
1
1
1
1
1
1
1
1
1
1
1
1
1
1
1
1
1
1
1
1
1
1
1
1
1
1
1
1
1
1
1
1
1
1
1
1
1
1
1
1
1
1
1
1
1
1
1
1
1
1
1
1
1
1
8.97411
27.0364
28.6125
28.8712
29.098
29.2873
29.4472
29.5941
29.741
29.8782
30.0035
30.1237
30.2417
30.3565
30.4658
30.574
30.679
30.7782
30.8708
30.9553
31.0322
31.1027
31.1665
31.224
31.2763
31.3241
31.3673
31.4052
31.4375
31.4638
31.4855
31.504
31.5163
31.5285
31.5337
31.5403
1
1
1
1
1
1
1
1
1
1
1
1
1
1
1
1
1
1
1
1
1
1
1
1
1
1
1
1
1
1
1
1
1
1
1
1
1
1
1
1
1
1
1
1
1
1
1
1
1
1
1
1
1
1
1
1
1
1
1
1
6.81003
25.8194
28.655
28.8497
29.0817
29.251
29.4035
29.5453
29.674
29.7969
29.9183
30.0381
30.154
30.2618
30.3641
30.4633
30.5646
30.6622
30.754
30.8385
30.9156
30.986
31.0494
31.106
31.1572
31.2035
31.245
31.2806
31.3105
31.3346
31.3547
31.3722
31.3833
31.3947
31.3983
31.4043
1
1
1
1
1
1
1
1
1
1
1
1
1
1
1
1
1
1
1
1
1
1
1
1
1
1
1
1
1
1
1
1
1
1
1
1
1
1
1
1
1
1
1
1
1
1
1
1
1
1
1
1
1
1
1
1
1
1
1
1
4.72844
23.9555
28.7275
28.853
29.0637
29.2035
29.3511
29.4875
29.6179
29.7394
29.8483
29.9505
30.0568
30.164
30.2613
30.3558
30.4476
30.5389
30.6279
30.7106
30.7868
30.8567
30.9196
30.9753
31.0248
31.0691
31.108
31.1409
31.168
31.1898
31.2084
31.2249
31.2351
31.2462
31.249
31.255
1
1
1
1
1
1
1
1
1
1
1
1
1
1
1
1
1
1
1
1
1
1
1
1
1
1
1
1
1
1
1
1
1
1
1
1
1
1
1
1
1
1
1
1
1
1
1
1
1
1
1
1
1
1
1
1
1
1
1
1
2.59047
21.9343
29.1786
28.841
29.0355
29.1658
29.2975
29.4275
29.5503
29.6637
29.7731
29.8772
29.9727
30.0631
30.1532
30.2405
30.3295
30.4136
30.494
30.5734
30.6471
30.7152
30.7768
30.8312
30.879
30.9212
30.9576
30.9878
31.0122
31.0314
31.0474
31.0611
31.0689
31.078
31.0791
31.084
1
1
1
1
1
1
1
1
1
1
1
1
1
1
1
1
1
1
1
1
1
1
1
1
1
1
1
1
1
1
1
1
1
1
1
1
1
1
1
1
1
1
1
1
1
1
1
1
1
1
1
1
1
1
1
1
1
1
1
1
1.11158
19.2856
29.3031
28.9106
28.9445
29.054
29.199
29.3358
29.4617
29.5855
29.6944
29.7926
29.8868
29.9744
30.0516
30.125
30.2004
30.2811
30.3562
30.4273
30.4966
30.5614
30.6205
30.6726
30.7179
30.7569
30.7897
30.8162
30.8368
30.8528
30.866
30.8767
30.8822
30.8903
30.8908
30.8957
1
1
1
1
1
1
1
1
1
1
1
1
1
1
1
1
1
1
1
1
1
1
1
1
1
1
1
1
1
1
1
1
1
1
1
1
1
1
1
1
1
1
1
1
1
1
1
1
1
1
1
1
1
1
1
1
1
1
1
1
1.00009
16.4536
28.4812
28.373
28.6651
28.876
29.0476
29.2122
29.3643
29.4906
29.6052
29.7035
29.7937
29.8758
29.9502
30.0169
30.0791
30.1424
30.209
30.2745
30.3364
30.3955
30.4504
30.4991
30.5411
30.5765
30.6055
30.6283
30.6453
30.6574
30.6657
30.6714
30.6723
30.6759
30.6737
30.6767
1
1
1
1
1
1
1
1
1
1
1
1
1
1
1
1
1
1
1
1
1
1
1
1
1
1
1
1
1
1
1
1
1
1
1
1
1
1
1
1
1
1
1
1
1
1
1
1
1
1
1
1
1
1
1
1
1
1
1
1
0.999983
13.1677
27.7184
28.2675
28.5635
28.7656
28.9515
29.1068
29.2382
29.3811
29.5007
29.6049
29.694
29.7721
29.8415
29.9028
29.9584
30.0104
30.0617
30.1135
30.1685
30.2192
30.2669
30.31
30.347
30.3772
30.4007
30.4178
30.4288
30.4344
30.4369
30.4373
30.4342
30.435
30.4313
30.4339
1
1
1
1
1
1
1
1
1
1
1
1
1
1
1
1
1
1
1
1
1
1
1
1
1
1
1
1
1
1
1
1
1
1
1
1
1
1
1
1
1
1
1
1
1
1
1
1
1
1
1
1
1
1
1
1
1
1
1
1
0.999999
9.96059
26.7254
27.9507
28.375
28.686
28.8685
29.0061
29.1479
29.2538
29.3765
29.4869
29.58
29.6574
29.7237
29.7812
29.831
29.8747
29.9144
29.9533
29.9931
30.0353
30.073
30.1073
30.1367
30.1596
30.1767
30.1876
30.1913
30.1904
30.1849
30.1762
30.1642
30.1567
30.1471
30.1455
1
1
1
1
1
1
1
1
1
1
1
1
1
1
1
1
1
1
1
1
1
1
1
1
1
1
1
1
1
1
1
1
1
1
1
1
1
1
1
1
1
1
1
1
1
1
1
1
1
1
1
1
1
1
1
1
1
1
1
1
1
6.88136
24.9706
28.009
28.4066
28.6368
28.7942
28.9141
29.0265
29.1355
29.2418
29.347
29.4445
29.5243
29.5927
29.6478
29.6943
29.7312
29.7615
29.7881
29.815
29.8418
29.8694
29.8914
29.9094
29.9226
29.9305
29.9303
29.9227
29.9096
29.8914
29.8718
29.8519
29.8384
29.8252
29.8224
1
1
1
1
1
1
1
1
1
1
1
1
1
1
1
1
1
1
1
1
1
1
1
1
1
1
1
1
1
1
1
1
1
1
1
1
1
1
1
1
1
1
1
1
1
1
1
1
1
1
1
1
1
1
1
1
1
1
1
1
1
3.63206
22.2861
28.4116
28.4392
28.5806
28.7043
28.8328
28.9345
29.0267
29.1172
29.2136
29.3029
29.384
29.4503
29.5057
29.5481
29.5805
29.6023
29.6177
29.6302
29.6421
29.6553
29.6638
29.6681
29.6682
29.6619
29.6478
29.6273
29.601
29.5689
29.5334
29.496
29.4646
29.4379
29.4246
1
1
1
1
1
1
1
1
1
1
1
1
1
1
1
1
1
1
1
1
1
1
1
1
1
1
1
1
1
1
1
1
1
1
1
1
1
1
1
1
1
1
1
1
1
1
1
1
1
1
1
1
1
1
1
1
1
1
1
1
1
1.23266
19.1635
29.0033
28.4926
28.4535
28.5633
28.7049
28.8246
28.9253
29.0096
29.0804
29.1576
29.2286
29.2918
29.3429
29.3843
29.4134
29.4291
29.4378
29.4362
29.4317
29.4289
29.4226
29.4112
29.3933
29.3688
29.3364
29.2953
29.2453
29.1869
29.1263
29.0684
29.0219
28.9861
28.9708
1
1
1
1
1
1
1
1
1
1
1
1
1
1
1
1
1
1
1
1
1
1
1
1
1
1
1
1
1
1
1
1
1
1
1
1
1
1
1
1
1
1
1
1
1
1
1
1
1
1
1
1
1
1
1
1
1
1
1
1
1
1.00083
15.6719
27.792
27.8471
28.1712
28.363
28.5636
28.7104
28.8138
28.8974
28.9683
29.0256
29.0831
29.1348
29.1792
29.2158
29.2378
29.2462
29.2454
29.2332
29.2125
29.1902
29.1668
29.139
29.101
29.0541
28.9961
28.928
28.8511
28.7658
28.6765
28.5839
28.4952
28.4205
28.374
1
1
1
1
1
1
1
1
1
1
1
1
1
1
1
1
1
1
1
1
1
1
1
1
1
1
1
1
1
1
1
1
1
1
1
1
1
1
1
1
1
1
1
1
1
1
1
1
1
1
1
1
1
1
1
1
1
1
1
1
1
0.999991
11.3546
26.5645
27.6415
28.0288
28.2649
28.4607
28.5995
28.6962
28.7753
28.8407
28.8935
28.938
28.9758
29.0081
29.0318
29.0467
29.0485
29.0396
29.0171
28.9838
28.9419
28.8973
28.8484
28.7872
28.7128
28.6248
28.5223
28.4034
28.2659
28.1166
27.9639
27.8258
27.717
27.6598
1
1
1
1
1
1
1
1
1
1
1
1
1
1
1
1
1
1
1
1
1
1
1
1
1
1
1
1
1
1
1
1
1
1
1
1
1
1
1
1
1
1
1
1
1
1
1
1
1
1
1
1
1
1
1
1
1
1
1
1
1
0.999998
7.25057
24.7809
27.6446
28.0114
28.2554
28.3835
28.4749
28.5663
28.6415
28.7037
28.7546
28.7911
28.8206
28.8431
28.857
28.8569
28.8441
28.8187
28.7816
28.7365
28.6778
28.6121
28.5404
28.4572
28.3532
28.2257
28.0744
27.901
27.7071
27.4981
27.2711
27.0334
26.8002
26.6302
1
1
1
1
1
1
1
1
1
1
1
1
1
1
1
1
1
1
1
1
1
1
1
1
1
1
1
1
1
1
1
1
1
1
1
1
1
1
1
1
1
1
1
1
1
1
1
1
1
1
1
1
1
1
1
1
1
1
1
1
1
1
3.21664
21.3875
28.1032
28.1042
28.2518
28.3407
28.4155
28.4734
28.5236
28.5704
28.6089
28.6361
28.652
28.6603
28.6624
28.6493
28.6265
28.5899
28.5401
28.4811
28.4074
28.3197
28.2176
28.1022
27.9626
27.7934
27.5914
27.3529
27.0703
26.7349
26.3413
25.9121
25.5111
25.2013
1
1
1
1
1
1
1
1
1
1
1
1
1
1
1
1
1
1
1
1
1
1
1
1
1
1
1
1
1
1
1
1
1
1
1
1
1
1
1
1
1
1
1
1
1
1
1
1
1
1
1
1
1
1
1
1
1
1
1
1
1
1
1.16893
16.1344
28.8443
28.1253
28.224
28.2747
28.3244
28.3744
28.4139
28.4431
28.4646
28.4793
28.4873
28.4891
28.4747
28.4431
28.4009
28.3461
28.2803
28.2053
28.1167
28.0104
27.8832
27.7363
27.5614
27.3477
27.0831
26.7662
26.3935
25.9521
25.4257
24.8179
24.1944
23.9895
1
1
1
1
1
1
1
1
1
1
1
1
1
1
1
1
1
1
1
1
1
1
1
1
1
1
1
1
1
1
1
1
1
1
1
1
1
1
1
1
1
1
1
1
1
1
1
1
1
1
1
1
1
1
1
1
1
1
1
1
1
1
1.0014
3.53874
22.2766
27.935
28.0643
28.0708
28.0842
28.0826
28.0905
28.081
28.0706
28.0518
28.0228
27.988
27.9412
27.8871
27.8204
27.7377
27.6349
27.5099
27.3612
27.1868
26.9833
26.7537
26.4833
26.1708
25.7861
25.324
24.7262
23.9716
22.9254
21.5239
19.0745
14.5103
1
1
1
1
1
1
1
1
1
1
1
1
1
1
1
1
1
1
1
1
1
1
1
1
1
1
1
1
1
1
1
1
1
1
1
1
1
1
1
1
1
1
1
1
1
1
1
1
1
1
1
1
1
1
1
1
1
1
1
1
1
1
1
1.01567
4.26981
22.6627
27.5752
27.4859
27.4268
27.4147
27.3858
27.3501
27.3104
27.2574
27.1942
27.1171
27.029
26.9207
26.801
26.6571
26.4932
26.2991
26.0737
25.81
25.5007
25.1432
24.723
24.2371
23.6601
22.9678
22.1235
21.0643
19.7971
17.9412
15.5464
12.6592
1
1
1
1
1
1
1
1
1
1
1
1
1
1
1
1
1
1
1
1
1
1
1
1
1
1
1
1
1
1
1
1
1
1
1
1
1
1
1
1
1
1
1
1
1
1
1
1
1
1
1
1
1
1
1
1
1
1
1
1
1
1
1
1
1.03695
3.18264
20.3568
26.6493
26.7485
26.6045
26.6408
26.595
26.5398
26.4633
26.372
26.2567
26.1233
25.9701
25.7902
25.5968
25.3657
25.1195
24.8269
24.5036
24.1252
23.6949
23.197
22.624
21.967
21.202
20.3325
19.2726
18.0572
16.5599
14.9223
13.2058
1
1
1
1
1
1
1
1
1
1
1
1
1
1
1
1
1
1
1
1
1
1
1
1
1
1
1
1
1
1
1
1
1
1
1
1
1
1
1
1
1
1
1
1
1
1
1
1
1
1
1
1
1
1
1
1
1
1
1
1
1
1
1
1
1.00002
1.01573
2.28756
14.517
25.1199
25.9044
25.7912
25.8046
25.7272
25.6292
25.5143
25.3719
25.2133
25.0263
24.8147
24.5814
24.3129
24.0162
23.6874
23.3151
22.9112
22.4449
21.9463
21.3642
20.7156
19.9823
19.1638
18.257
17.2562
16.1314
15.0116
13.8233
1
1
1
1
1
1
1
1
1
1
1
1
1
1
1
1
1
1
1
1
1
1
1
1
1
1
1
1
1
1
1
1
1
1
1
1
1
1
1
1
1
1
1
1
1
1
1
1
1
1
1
1
1
1
1
1
1
1
1
1
1
1
1
1
1
1
1.00446
1.63516
7.02236
22.232
25.0987
25.2322
24.9912
24.9677
24.8021
24.6375
24.4542
24.2463
24.0111
23.7525
23.4623
23.1424
22.7907
22.4021
21.9803
21.5161
21.0095
20.4552
19.8564
19.1982
18.4918
17.7529
16.9428
16.0723
15.2111
14.3379
1
1
1
1
1
1
1
1
1
1
1
1
1
1
1
1
1
1
1
1
1
1
1
1
1
1
1
1
1
1
1
1
1
1
1
1
1
1
1
1
1
1
1
1
1
1
1
1
1
1
1
1
1
1
1
1
1
1
1
1
1
1
1
1
1
1
1
1.00142
1.13368
3.14843
13.9689
23.5899
24.4328
24.3079
24.0932
24.0089
23.7902
23.5632
23.3091
23.031
22.7317
22.4078
22.0567
21.6766
21.2677
20.8257
20.3502
19.8457
19.3088
18.7314
18.1293
17.5036
16.8225
16.1048
15.4093
14.7376
1
1
1
1
1
1
1
1
1
1
1
1
1
1
1
1
1
1
1
1
1
1
1
1
1
1
1
1
1
1
1
1
1
1
1
1
1
1
1
1
1
1
1
1
1
1
1
1
1
1
1
1
1
1
1
1
1
1
1
1
1
1
1
1
1
1
1
1
1.00015
1.01308
1.70258
4.70465
16.6527
23.0285
23.657
23.4455
23.1377
22.9578
22.6814
22.4058
22.1059
21.7797
21.4369
21.074
20.6919
20.2845
19.8525
19.3993
18.921
18.4141
17.8893
17.3328
16.7391
16.1532
15.5721
15
1
1
1
1
1
1
1
1
1
1
1
1
1
1
1
1
1
1
1
1
1
1
1
1
1
1
1
1
1
1
1
1
1
1
1
1
1
1
1
1
1
1
1
1
1
1
1
1
1
1
1
1
1
1
1
1
1
1
1
1
1
1
1
1
1
1
1
1
1
1
1.00192
1.04528
2.23435
5.84261
17.3398
22.3514
22.8503
22.6854
22.2216
21.9993
21.6985
21.3732
21.0456
20.7017
20.3334
19.9454
19.5316
19.1001
18.6519
18.1906
17.7139
17.2154
16.709
16.2121
15.7124
15.2142
5.94177
3.2945
2.22742
1.64669
1.16898
0.753866
0.612351
0.565094
0.482963
0.33781
0.277974
0.2999
0.307329
0.284605
0.269925
0.276518
0.307572
0.351795
0.374119
0.379287
0.390912
0.41917
0.462076
0.529886
0.58924
0.637452
0.678226
0.746119
0.820731
0.867982
0.916604
0.999942
1.11118
1.20669
1.29626
1.38392
1.46593
1.53658
1.60506
1.68079
1.75937
1.84427
1.9263
2.00989
2.06556
2.10003
2.14028
2.19214
2.25424
2.30395
2.34957
2.40885
2.46681
2.47863
2.47107
2.4696
2.49433
2.53403
2.58531
2.63909
2.65497
2.66098
2.67437
2.69093
2.69663
2.69997
2.72149
2.7598
2.77678
2.77766
2.77206
2.75533
2.74191
2.73689
2.73304
2.73957
2.75338
2.75052
2.74021
2.72245
2.69567
2.67809
2.67196
2.66932
2.67411
2.67503
2.66694
2.65756
2.64199
2.6252
2.6187
2.6146
2.61312
2.61745
2.61803
2.61353
9.06144
6.67457
5.40699
4.59519
3.84123
3.1249
2.8384
2.6384
2.36327
1.974
1.78575
1.76916
1.68844
1.53479
1.36346
1.34276
1.34702
1.30445
1.20902
1.16295
1.16796
1.16668
1.14594
1.11208
1.10779
1.11787
1.11823
1.10527
1.07844
1.07641
1.0877
1.10484
1.10496
1.10701
1.11647
1.12492
1.12771
1.13268
1.14665
1.18009
1.23909
1.2675
1.28826
1.32081
1.38006
1.40823
1.4151
1.43496
1.47794
1.55199
1.59719
1.62414
1.65901
1.71049
1.76099
1.80203
1.84903
1.90908
1.98273
2.06526
2.11941
2.14512
2.17157
2.20347
2.24567
2.27849
2.31275
2.36095
2.41804
2.46555
2.47623
2.47523
2.48267
2.50018
2.51427
2.53849
2.57605
2.59083
2.59063
2.58717
2.57944
2.56836
2.56528
2.56752
2.58213
2.60109
2.60547
2.60584
2.60535
2.60517
2.6065
2.60822
2.61337
2.62906
2.64503
2.6477
11.2118
9.67147
8.60527
7.55782
6.59033
6.03636
5.60083
5.07606
4.39564
4.01374
3.86182
3.67652
3.38583
3.02112
2.8846
2.78953
2.67254
2.4624
2.2337
2.17823
2.12806
2.07286
1.97723
1.85275
1.8046
1.75335
1.70617
1.63075
1.54689
1.52802
1.50466
1.48213
1.45041
1.41224
1.37497
1.33807
1.2889
1.2645
1.26585
1.26992
1.26656
1.25927
1.25826
1.2575
1.25889
1.26627
1.27584
1.29162
1.32322
1.36906
1.42015
1.45392
1.47726
1.5026
1.5346
1.5678
1.59582
1.62327
1.66199
1.71875
1.76791
1.79154
1.808
1.82613
1.85714
1.90415
1.94364
1.98097
2.02235
2.08124
2.125
2.13772
2.14433
2.16977
2.22099
2.29003
2.33385
2.34785
2.37008
2.41302
2.44042
2.44788
2.4574
2.48395
2.52562
2.57489
2.60101
2.6077
2.61372
2.62984
2.64088
2.64847
2.66184
2.69157
2.71889
2.7242
12.5424
11.5092
10.6196
9.66764
8.92249
8.30605
7.58478
6.91813
6.53182
6.18283
5.71319
5.22434
4.98445
4.79598
4.56805
4.2067
3.87365
3.73515
3.60862
3.4765
3.24594
3.076
3.00817
2.91799
2.81294
2.63839
2.46998
2.42781
2.38994
2.34268
2.26174
2.15689
2.11854
2.07786
2.02754
1.96104
1.85918
1.82081
1.82072
1.81451
1.78931
1.74527
1.68235
1.64065
1.62308
1.61253
1.59175
1.56174
1.55331
1.55375
1.5548
1.54788
1.51679
1.49014
1.48651
1.48929
1.49853
1.50632
1.50694
1.5075
1.50551
1.49771
1.49526
1.49751
1.50527
1.52429
1.56001
1.59383
1.61261
1.63327
1.66405
1.69792
1.7267
1.76188
1.81125
1.88147
1.95691
2.00643
2.04544
2.09081
2.13883
2.18278
2.22049
2.26135
2.30856
2.3753
2.42368
2.43416
2.43394
2.44221
2.46171
2.47207
2.48379
2.5125
2.54751
2.56008
13.4709
12.6285
11.8405
11.1637
10.4894
9.7533
9.15967
8.68177
8.13798
7.58272
7.21583
6.91709
6.56011
6.07685
5.73725
5.54214
5.32888
5.05698
4.71313
4.53928
4.42256
4.28223
4.08147
3.80262
3.67441
3.57749
3.47482
3.33861
3.15806
3.09138
3.04216
2.96752
2.86517
2.69125
2.60249
2.57353
2.52675
2.47808
2.38945
2.31933
2.28772
2.24435
2.1898
2.10837
2.01035
1.98608
1.98316
1.96418
1.93111
1.88346
1.82347
1.77766
1.73723
1.70918
1.6832
1.64923
1.63868
1.6387
1.63191
1.61033
1.57571
1.54977
1.54563
1.54646
1.55182
1.56654
1.58388
1.58755
1.58709
1.58164
1.5752
1.57554
1.57781
1.58466
1.60046
1.62549
1.64346
1.65216
1.66069
1.67308
1.69163
1.71728
1.7512
1.79423
1.84189
1.88778
1.93896
1.9804
1.99949
2.01951
2.0573
2.09912
2.13177
2.17169
2.24303
2.2772
14.0652
13.3575
12.6941
12.0816
11.4823
10.9232
10.3637
9.77611
9.30387
8.93548
8.51493
8.01318
7.63039
7.34445
7.03282
6.63781
6.29997
6.11547
5.9302
5.70374
5.37223
5.12066
4.99062
4.84044
4.65795
4.40571
4.26113
4.18044
4.07766
3.94714
3.73596
3.60733
3.53964
3.45242
3.35429
3.20539
3.12118
3.091
3.03756
2.96204
2.84126
2.7204
2.69112
2.6575
2.60651
2.53703
2.45715
2.42923
2.40675
2.36461
2.29748
2.20033
2.14797
2.14698
2.13852
2.10468
2.04871
2.00746
1.98476
1.95569
1.91724
1.86161
1.82965
1.82499
1.82349
1.81563
1.79635
1.76642
1.72738
1.6999
1.69444
1.68917
1.67817
1.66803
1.66637
1.6662
1.66265
1.64691
1.62808
1.62304
1.62241
1.62543
1.62812
1.62664
1.62495
1.62248
1.62138
1.62469
1.63206
1.64576
1.66844
1.69331
1.71517
1.73592
1.76663
1.80276
14.4508
13.8755
13.288
12.7408
12.2314
11.7066
11.193
10.7358
10.2781
9.80315
9.4086
9.07249
8.70393
8.25766
7.88352
7.64727
7.40377
7.08866
6.74941
6.5373
6.34016
6.1134
5.81382
5.56833
5.4528
5.32754
5.17169
4.93799
4.73967
4.63607
4.51804
4.37887
4.18172
4.05919
4.00348
3.92674
3.83175
3.67497
3.54355
3.4863
3.41634
3.33781
3.22336
3.13167
3.10152
3.06134
3.00361
2.91673
2.79588
2.74974
2.71942
2.67514
2.62487
2.55256
2.51136
2.48522
2.44711
2.39745
2.31618
2.24308
2.23044
2.21519
2.19007
2.15643
2.10711
2.07131
2.03603
1.99733
1.95855
1.90806
1.8859
1.8815
1.87353
1.8564
1.8289
1.78756
1.73935
1.72121
1.71305
1.70113
1.6907
1.68738
1.68535
1.67924
1.66345
1.64075
1.63226
1.63116
1.63189
1.63864
1.65339
1.6607
1.66041
1.65631
1.65097
1.65132
14.7277
14.2275
13.7341
13.2527
12.7733
12.3191
11.8861
11.4258
10.9784
10.6043
10.2251
9.80479
9.44162
9.1399
8.81862
8.43997
8.11428
7.89523
7.66999
7.38969
7.0418
6.81151
6.64788
6.46215
6.2182
5.98346
5.84802
5.70648
5.53577
5.29625
5.08825
5.00388
4.91185
4.79727
4.6271
4.47535
4.38986
4.29188
4.1768
4.01106
3.89269
3.85436
3.80057
3.72915
3.61927
3.49339
3.43351
3.3738
3.30464
3.21315
3.12054
3.09148
3.06568
3.01997
2.95517
2.85021
2.78351
2.75706
2.71804
2.67355
2.61145
2.56932
2.55032
2.5222
2.47846
2.41143
2.32835
2.30346
2.29686
2.27559
2.24344
2.20008
2.17161
2.14745
2.11487
2.07173
2.01376
1.98537
1.97883
1.97258
1.96007
1.93978
1.9113
1.87015
1.83456
1.81833
1.80859
1.79256
1.78079
1.77506
1.76863
1.75898
1.74136
1.71203
1.6956
1.69232
)
;

boundaryField
{
    inlet
    {
        type            fixedValue;
        value           uniform 1;
    }
    outlet
    {
        type            zeroGradient;
    }
    bottom
    {
        type            symmetryPlane;
    }
    top
    {
        type            symmetryPlane;
    }
    obstacle
    {
        type            zeroGradient;
    }
    defaultFaces
    {
        type            empty;
    }
    procBoundary0to1
    {
        type            processor;
        value           nonuniform List<scalar> 8(2.60768 2.64756 2.72571 2.56244 2.2853 1.83007 1.65366 1.69135);
    }
    procBoundary0to2
    {
        type            processor;
        value           nonuniform List<scalar> 
192
(
1
1
1
1
1
1
1
1
1
1
1
1
1
1
1
1
1
1
1
1
1
1
1
1
1
1
1
1
1
1
1
1
1
1
1
1
1
1
1
1
1
1
1
1
1
1
1
1
1
1
1
1
1
1
1
1
1
1
1
1
1
1
1
1
1
1
1
1
1
1
1
1.00002
1.00504
1.0836
2.49691
6.27624
16.2528
21.5753
21.8558
21.8688
21.2831
21.0247
20.7698
20.4233
20.0418
19.6401
19.2475
18.8542
18.4578
18.0427
17.6042
17.1488
16.6975
16.2614
15.8299
15.3932
14.9569
14.5149
14.0687
13.6232
13.1964
12.7856
12.3779
11.9905
11.6143
11.2137
10.8246
10.4992
10.1716
9.79498
9.45106
9.18502
8.91288
8.58398
8.27371
8.05986
7.84606
7.59359
7.2846
7.06684
6.92133
6.75446
6.53301
6.27008
6.11322
5.97924
5.8277
5.62935
5.44917
5.35637
5.25616
5.12978
4.94371
4.75389
4.67666
4.59973
4.50944
4.38041
4.26044
4.19491
4.11964
4.02633
3.88995
3.75446
3.71693
3.68154
3.62733
3.55338
3.45024
3.38521
3.3301
3.26655
3.19147
3.09561
3.05737
3.04296
3.01226
2.96757
2.8951
2.80608
2.76586
2.72948
2.69142
2.64583
2.59687
2.57581
2.5552
2.52348
2.47673
2.39934
2.33552
2.32376
2.31008
2.28932
2.26345
2.22894
2.19991
2.1665
2.12703
2.08104
2.03193
2.01493
2.00902
2.00036
1.98655
1.96658
1.93287
1.8766
1.84126
1.82795
1.81864
1.80758
)
;
    }
}


// ************************************************************************* //
