/*--------------------------------*- C++ -*----------------------------------*\
  =========                 |
  \\      /  F ield         | OpenFOAM: The Open Source CFD Toolbox
   \\    /   O peration     | Website:  https://openfoam.org
    \\  /    A nd           | Version:  7
     \\/     M anipulation  |
\*---------------------------------------------------------------------------*/
FoamFile
{
    version     2.0;
    format      ascii;
    class       volScalarField;
    location    "2.3";
    object      T;
}
// * * * * * * * * * * * * * * * * * * * * * * * * * * * * * * * * * * * * * //

dimensions      [0 0 0 1 0 0 0];

internalField   nonuniform List<scalar> 
4032
(
1.34324
1.34191
1.33944
1.33554
1.33091
1.32614
1.32328
1.32301
1.32479
1.32865
1.3328
1.33523
1.33552
1.33488
1.33334
1.33153
1.33008
1.32841
1.32611
1.32364
1.321
1.31846
1.31627
1.31429
1.31199
1.30922
1.30674
1.3045
1.30246
1.30046
1.29847
1.29636
1.29342
1.28889
1.28323
1.27872
1.27582
1.27381
1.27235
1.27121
1.27011
1.26919
1.26837
1.26692
1.26427
1.26053
1.25479
1.24848
1.24486
1.2437
1.24334
1.24325
1.2436
1.24378
1.24332
1.24205
1.23882
1.23289
1.22767
1.2267
1.22718
1.22853
1.23045
1.23062
1.22962
1.22533
1.2179
1.21179
1.20745
1.20361
1.20123
1.20054
1.19876
1.19724
1.19526
1.19156
1.18761
1.18557
1.18475
1.1842
1.18372
1.1837
1.18321
1.18107
1.17819
1.17421
1.17063
1.16914
1.16894
1.16948
1.17097
1.17208
1.17199
1.16982
1.16692
1.16527
1.16379
1.16331
1.1635
1.16431
1.16523
1.16509
1.16262
1.1604
1.16065
1.16182
1.1635
1.16594
1.16785
1.16927
1.17023
1.16987
1.16702
1.16523
1.16612
1.16964
1.17367
1.17704
1.17993
1.18207
1.1832
1.18381
1.18475
1.188
1.19152
1.1955
1.33516
1.33375
1.33116
1.32755
1.32331
1.31928
1.31653
1.31583
1.31695
1.32057
1.32454
1.32855
1.33017
1.32991
1.32853
1.3262
1.32403
1.32201
1.3201
1.31833
1.31659
1.31475
1.3128
1.31057
1.30777
1.30439
1.30102
1.2983
1.29598
1.29393
1.29238
1.29106
1.2892
1.28607
1.28164
1.27736
1.27448
1.27246
1.27079
1.2693
1.26797
1.26664
1.26488
1.26239
1.25924
1.25577
1.25188
1.24751
1.24421
1.24225
1.24127
1.24089
1.24062
1.24006
1.23885
1.23718
1.23536
1.23249
1.22887
1.22616
1.22578
1.22629
1.2268
1.22698
1.22639
1.2235
1.21839
1.21227
1.20677
1.20267
1.19963
1.19699
1.19486
1.19336
1.19217
1.19032
1.18794
1.18562
1.18378
1.1827
1.18194
1.18097
1.17967
1.17794
1.17586
1.17342
1.17095
1.16917
1.1684
1.16832
1.16854
1.16895
1.16908
1.16837
1.16633
1.16424
1.16235
1.16153
1.1617
1.16269
1.16411
1.16434
1.16309
1.1608
1.16038
1.16108
1.1623
1.16375
1.16561
1.1674
1.16893
1.16909
1.16751
1.16586
1.16619
1.1687
1.17226
1.17559
1.17855
1.18116
1.18294
1.18422
1.18573
1.18812
1.19062
1.19398
1.31357
1.31172
1.30804
1.30375
1.30043
1.2976
1.29671
1.29819
1.29984
1.30227
1.30523
1.30828
1.31021
1.31101
1.31046
1.30919
1.30744
1.30524
1.30324
1.30197
1.30116
1.30043
1.2994
1.29796
1.29587
1.29276
1.28874
1.28479
1.28177
1.27956
1.27772
1.27595
1.2742
1.27222
1.26954
1.26628
1.26381
1.26235
1.26141
1.26076
1.25993
1.25837
1.25568
1.25189
1.24749
1.24293
1.23921
1.23737
1.2362
1.23534
1.23443
1.23328
1.23175
1.22997
1.22815
1.22634
1.22481
1.2247
1.22462
1.22342
1.22078
1.21903
1.2181
1.21691
1.21517
1.21362
1.21157
1.2081
1.20347
1.19778
1.19217
1.18824
1.18565
1.18361
1.18208
1.18189
1.18179
1.18151
1.18025
1.17782
1.17512
1.17307
1.17129
1.16926
1.16735
1.1664
1.1661
1.16591
1.16497
1.16324
1.16203
1.16154
1.16123
1.16125
1.16098
1.15996
1.15821
1.15644
1.15562
1.15567
1.15628
1.15756
1.15824
1.15805
1.15774
1.15786
1.15838
1.15925
1.16039
1.16148
1.16213
1.16253
1.16305
1.16347
1.16412
1.16597
1.16898
1.17205
1.17476
1.1771
1.17932
1.18184
1.18426
1.1861
1.18762
1.1896
1.28171
1.28065
1.27844
1.27505
1.272
1.26981
1.26875
1.27007
1.2721
1.27427
1.27692
1.2803
1.28246
1.2843
1.28459
1.28425
1.28363
1.28234
1.28054
1.27883
1.27736
1.2764
1.27562
1.27442
1.27265
1.27045
1.26793
1.26508
1.26191
1.25898
1.25681
1.25519
1.25382
1.25254
1.25096
1.24878
1.24614
1.24378
1.2424
1.24162
1.24104
1.24014
1.23858
1.23577
1.23133
1.22605
1.22173
1.21922
1.21839
1.21809
1.21767
1.21694
1.21583
1.21421
1.21217
1.21056
1.21037
1.2114
1.21264
1.21273
1.21084
1.20661
1.20279
1.20022
1.19837
1.19688
1.19623
1.19479
1.19127
1.18694
1.18082
1.17415
1.16972
1.16746
1.16678
1.16688
1.16791
1.16858
1.1686
1.16756
1.16397
1.15943
1.15645
1.15455
1.15369
1.15371
1.15409
1.15465
1.15474
1.15309
1.1497
1.14793
1.14801
1.14878
1.14942
1.14954
1.14885
1.14764
1.14637
1.14535
1.14499
1.14509
1.14573
1.14695
1.14798
1.1487
1.14934
1.14994
1.15046
1.15086
1.1512
1.15198
1.15324
1.15459
1.156
1.15797
1.16081
1.16401
1.16703
1.1701
1.17338
1.17649
1.17912
1.18052
1.18103
1.18138
1.25537
1.2545
1.25338
1.25143
1.2489
1.24711
1.24544
1.24611
1.24756
1.24962
1.25281
1.2563
1.25834
1.26042
1.26084
1.26052
1.25993
1.25909
1.25804
1.2568
1.25522
1.25344
1.25174
1.24977
1.24744
1.24528
1.24347
1.24162
1.23912
1.23562
1.23243
1.23105
1.23056
1.23021
1.22973
1.22883
1.22704
1.22425
1.22111
1.21866
1.21713
1.2159
1.21449
1.21265
1.21039
1.20784
1.20474
1.20097
1.19754
1.19566
1.19454
1.19349
1.19254
1.19208
1.19218
1.19296
1.19399
1.19493
1.19566
1.19561
1.19338
1.18768
1.18275
1.18018
1.1779
1.17645
1.1762
1.17428
1.17113
1.16813
1.16346
1.15627
1.15038
1.14849
1.14802
1.14818
1.14924
1.14978
1.14994
1.14957
1.14695
1.14168
1.13754
1.13633
1.13613
1.13636
1.13685
1.1374
1.13758
1.13609
1.1323
1.13018
1.13029
1.13129
1.13229
1.13299
1.13312
1.13272
1.13219
1.13148
1.13031
1.1294
1.12936
1.12996
1.13099
1.13191
1.13268
1.13343
1.13427
1.13524
1.13643
1.13792
1.13955
1.14102
1.14214
1.14347
1.14607
1.1501
1.15458
1.15892
1.16288
1.16631
1.16848
1.16886
1.16822
1.16894
1.24247
1.2418
1.24072
1.23903
1.23679
1.2347
1.2327
1.23215
1.23277
1.23431
1.23762
1.24104
1.24279
1.24437
1.24521
1.24498
1.24437
1.24358
1.24266
1.24149
1.23958
1.23652
1.23301
1.2303
1.22838
1.22697
1.22577
1.2244
1.22254
1.21965
1.21569
1.21277
1.2119
1.21161
1.21135
1.21079
1.20945
1.20684
1.20314
1.19949
1.19682
1.19489
1.19321
1.19181
1.19074
1.18968
1.18804
1.18507
1.18039
1.17589
1.17331
1.17193
1.17149
1.17198
1.17367
1.17587
1.17747
1.17797
1.17783
1.17677
1.1731
1.16697
1.16281
1.16002
1.15698
1.1552
1.15436
1.15173
1.14908
1.14667
1.14317
1.13814
1.13323
1.13019
1.12903
1.12877
1.1291
1.12931
1.12921
1.12854
1.12664
1.12353
1.12007
1.11753
1.11687
1.11691
1.11717
1.11732
1.11693
1.11512
1.11309
1.11234
1.11206
1.11208
1.11273
1.11336
1.11368
1.11363
1.11328
1.1125
1.11141
1.11088
1.11091
1.11118
1.1115
1.11168
1.1119
1.11244
1.11351
1.11501
1.11688
1.11903
1.12128
1.12319
1.12428
1.12513
1.12757
1.13244
1.13797
1.1434
1.14811
1.15194
1.15365
1.15292
1.15037
1.15287
1.23731
1.23668
1.2357
1.23403
1.23166
1.22894
1.2264
1.22453
1.22469
1.22583
1.2294
1.23393
1.23617
1.23747
1.23798
1.23769
1.23683
1.23562
1.23443
1.23301
1.23085
1.22717
1.22222
1.21854
1.2169
1.2159
1.21514
1.21426
1.21272
1.21065
1.2075
1.20366
1.20091
1.19949
1.19852
1.19737
1.19572
1.19328
1.19001
1.18638
1.18303
1.18038
1.17877
1.17785
1.1771
1.17644
1.1753
1.17294
1.16848
1.16268
1.15841
1.15689
1.15698
1.15788
1.15993
1.16208
1.1635
1.16379
1.1624
1.15915
1.15495
1.1507
1.14754
1.14419
1.14042
1.13716
1.13454
1.13165
1.12955
1.12759
1.12542
1.12329
1.12112
1.11806
1.11444
1.11247
1.11172
1.11109
1.11027
1.10923
1.10822
1.10739
1.10626
1.10406
1.10104
1.09931
1.09886
1.09818
1.09657
1.09516
1.09512
1.09549
1.09562
1.09524
1.09464
1.09469
1.09488
1.09482
1.09413
1.09255
1.09141
1.09135
1.0917
1.09214
1.09213
1.09171
1.09153
1.09194
1.09312
1.09467
1.09639
1.09834
1.10053
1.10267
1.1043
1.10552
1.10797
1.11277
1.11841
1.12396
1.12882
1.13283
1.13437
1.13408
1.13308
1.13608
1.23486
1.23334
1.23256
1.23104
1.22869
1.22597
1.22248
1.21987
1.22
1.22146
1.2255
1.23158
1.23475
1.23561
1.23467
1.23324
1.23219
1.23143
1.23064
1.22911
1.22683
1.22361
1.21932
1.21498
1.21233
1.21088
1.2101
1.2099
1.20916
1.20734
1.20439
1.20071
1.19679
1.19331
1.19084
1.18896
1.18702
1.18479
1.18227
1.17947
1.17651
1.1737
1.17154
1.17038
1.17007
1.1691
1.1673
1.16458
1.16099
1.15719
1.15323
1.15037
1.14978
1.15061
1.15267
1.15377
1.15437
1.15408
1.15152
1.14652
1.14233
1.13986
1.13714
1.13334
1.12883
1.12426
1.12025
1.11716
1.11494
1.11367
1.11318
1.11286
1.11223
1.11059
1.10695
1.102
1.09844
1.09662
1.09567
1.09539
1.09542
1.09547
1.09529
1.09446
1.09189
1.08734
1.08366
1.0817
1.08081
1.08081
1.08118
1.08167
1.08196
1.08195
1.08117
1.07981
1.07899
1.07826
1.07675
1.07516
1.07484
1.07506
1.07568
1.0762
1.07618
1.07524
1.07403
1.07398
1.07469
1.07606
1.07771
1.07959
1.08173
1.08404
1.08625
1.08805
1.09015
1.09402
1.09906
1.10411
1.10839
1.11123
1.11287
1.11444
1.11659
1.12056
1.23439
1.23173
1.23024
1.22872
1.2268
1.22448
1.22126
1.21851
1.21812
1.21924
1.22361
1.22997
1.234
1.23494
1.23382
1.2315
1.22938
1.22761
1.22626
1.22538
1.22412
1.22211
1.21929
1.21619
1.21284
1.2097
1.20732
1.20553
1.20424
1.20314
1.20178
1.19944
1.19581
1.19168
1.18779
1.18432
1.18139
1.17918
1.17745
1.17584
1.17409
1.17243
1.17035
1.1673
1.16331
1.16079
1.15911
1.15766
1.15645
1.15543
1.15429
1.15186
1.14794
1.14546
1.14512
1.14529
1.14571
1.14578
1.14434
1.14041
1.13639
1.13382
1.13092
1.12707
1.12234
1.11702
1.11161
1.10736
1.10574
1.10563
1.10627
1.10651
1.10628
1.1053
1.10285
1.09778
1.09152
1.08803
1.0869
1.08648
1.08755
1.08845
1.08817
1.08775
1.086
1.08043
1.07349
1.07116
1.07094
1.07095
1.07153
1.0721
1.07229
1.07233
1.07191
1.06985
1.06638
1.06394
1.06295
1.0628
1.06292
1.06344
1.0641
1.06483
1.06507
1.06433
1.06175
1.05975
1.05973
1.06075
1.06265
1.0648
1.06713
1.0697
1.07229
1.07448
1.07621
1.07833
1.08198
1.08599
1.08928
1.09195
1.09472
1.09884
1.10265
1.10698
1.23232
1.22922
1.22801
1.22696
1.22564
1.22425
1.22238
1.21977
1.2178
1.21744
1.21925
1.22476
1.23178
1.23375
1.23329
1.23118
1.22845
1.22579
1.2233
1.22154
1.22058
1.22018
1.21891
1.21699
1.21443
1.21075
1.20682
1.20391
1.20156
1.19966
1.19786
1.19607
1.19411
1.19103
1.1868
1.18271
1.17969
1.17732
1.1753
1.17393
1.17344
1.17215
1.16982
1.1657
1.15973
1.1554
1.15422
1.15409
1.15498
1.15562
1.1554
1.15364
1.14975
1.14495
1.14189
1.1406
1.14
1.13951
1.13878
1.1369
1.13408
1.13069
1.12701
1.12281
1.11793
1.11255
1.10727
1.10318
1.10084
1.10005
1.10003
1.10079
1.1016
1.10112
1.09935
1.09543
1.08993
1.08542
1.0833
1.08243
1.08219
1.08363
1.08406
1.08325
1.08132
1.07642
1.06991
1.06649
1.0656
1.06531
1.06533
1.06701
1.06752
1.06719
1.06637
1.06361
1.0586
1.05498
1.05425
1.05425
1.05449
1.05585
1.0567
1.05731
1.05789
1.05749
1.05467
1.05107
1.04998
1.05036
1.05198
1.05425
1.05712
1.0601
1.06291
1.06554
1.06712
1.06763
1.06829
1.07027
1.07383
1.07825
1.08309
1.08834
1.09232
1.09593
1.22867
1.22551
1.22465
1.22419
1.22454
1.22483
1.22439
1.22246
1.21935
1.21662
1.21671
1.21982
1.22625
1.23113
1.23163
1.23099
1.22871
1.22549
1.22223
1.2194
1.21765
1.21702
1.21732
1.21678
1.21494
1.21215
1.20825
1.20389
1.20043
1.19745
1.19504
1.19309
1.19122
1.18909
1.18607
1.1826
1.17986
1.17755
1.17547
1.17351
1.17154
1.16949
1.16715
1.1636
1.15875
1.15441
1.15231
1.15188
1.152
1.15277
1.15339
1.15345
1.15135
1.14662
1.14149
1.13868
1.13724
1.13615
1.1358
1.13535
1.13268
1.12844
1.12381
1.11919
1.11444
1.10968
1.1054
1.10197
1.09921
1.09701
1.0958
1.09533
1.09503
1.09486
1.09399
1.09208
1.08952
1.08655
1.08306
1.08038
1.07916
1.07843
1.07774
1.07673
1.07513
1.07278
1.06963
1.06618
1.06353
1.06254
1.06227
1.06221
1.0619
1.06115
1.06015
1.05818
1.05481
1.0519
1.05039
1.04993
1.05003
1.0515
1.05338
1.05375
1.05376
1.05272
1.0499
1.0471
1.04582
1.04571
1.04652
1.04859
1.05172
1.0556
1.05881
1.06069
1.06118
1.06067
1.06032
1.0616
1.06542
1.07024
1.07629
1.0819
1.0852
1.08731
1.22665
1.22253
1.22107
1.22032
1.22105
1.22409
1.22496
1.22382
1.22143
1.21769
1.21455
1.21571
1.22035
1.22546
1.22881
1.22952
1.2286
1.22628
1.22309
1.21941
1.21618
1.21415
1.21336
1.21344
1.21349
1.21213
1.20941
1.20554
1.20081
1.19663
1.19344
1.19066
1.18807
1.18559
1.18343
1.18149
1.17958
1.17758
1.17555
1.17321
1.17037
1.16724
1.16434
1.16163
1.15853
1.15529
1.1526
1.15087
1.15041
1.15047
1.15068
1.15064
1.15037
1.14808
1.14381
1.13897
1.13614
1.1347
1.1331
1.13116
1.12845
1.12475
1.12025
1.11567
1.11147
1.10777
1.1046
1.1018
1.09901
1.09619
1.09371
1.0919
1.09104
1.0903
1.08996
1.08979
1.08867
1.08681
1.08433
1.08114
1.07741
1.07441
1.07278
1.07123
1.06972
1.06877
1.06811
1.06698
1.06473
1.06158
1.05981
1.05884
1.05762
1.05602
1.05426
1.05285
1.05221
1.05163
1.05045
1.04902
1.04871
1.04899
1.04882
1.04831
1.04752
1.04637
1.04571
1.04542
1.04511
1.04484
1.04527
1.04751
1.05024
1.05204
1.05364
1.05527
1.05632
1.05673
1.0571
1.0592
1.06283
1.06751
1.07325
1.07719
1.07914
1.08051
1.22753
1.22266
1.21962
1.21874
1.21859
1.22049
1.223
1.22253
1.22075
1.2183
1.21442
1.21146
1.2143
1.21913
1.22322
1.22616
1.22719
1.22591
1.22384
1.2209
1.2169
1.21314
1.21065
1.20958
1.20939
1.20959
1.20866
1.20611
1.20226
1.19784
1.19316
1.18891
1.18543
1.18292
1.1811
1.17979
1.17868
1.17735
1.17559
1.17321
1.17005
1.16652
1.16282
1.15989
1.15815
1.15644
1.15402
1.15147
1.14917
1.14811
1.14785
1.14765
1.14742
1.14678
1.14471
1.1408
1.13619
1.13237
1.12931
1.12658
1.12374
1.12047
1.11664
1.11262
1.109
1.10605
1.10363
1.10143
1.09921
1.09663
1.09329
1.09028
1.0887
1.08786
1.08711
1.08676
1.087
1.08619
1.08436
1.08141
1.07689
1.07165
1.06822
1.06716
1.06666
1.06689
1.06727
1.06675
1.06521
1.06213
1.05807
1.05489
1.05336
1.05203
1.05085
1.05034
1.05038
1.05086
1.05083
1.05041
1.04888
1.04628
1.04476
1.04382
1.04315
1.04301
1.04334
1.04442
1.04568
1.04654
1.04698
1.04711
1.04719
1.04782
1.04897
1.05084
1.05295
1.05502
1.05744
1.06025
1.06347
1.06651
1.06884
1.07144
1.07341
1.07612
1.22611
1.2249
1.221
1.21863
1.21809
1.21837
1.21853
1.21877
1.21818
1.21632
1.21351
1.20928
1.20872
1.21331
1.21827
1.22101
1.2239
1.22487
1.22348
1.22176
1.21906
1.21446
1.20984
1.20674
1.20523
1.20448
1.20456
1.20407
1.20191
1.19846
1.19378
1.18867
1.18457
1.1816
1.1792
1.1771
1.17521
1.17363
1.17244
1.17127
1.16963
1.16683
1.16336
1.15991
1.1573
1.15564
1.15418
1.152
1.14928
1.1466
1.14519
1.14471
1.14439
1.14442
1.1436
1.14094
1.13625
1.13073
1.12651
1.12291
1.11948
1.1162
1.11334
1.11058
1.10752
1.10463
1.10196
1.0999
1.09837
1.0969
1.09469
1.09101
1.08724
1.08566
1.08486
1.08437
1.08412
1.08307
1.08171
1.08011
1.07653
1.07089
1.06658
1.06516
1.06474
1.06444
1.06446
1.0647
1.06412
1.06199
1.05775
1.0534
1.05083
1.05015
1.05003
1.05113
1.05208
1.05205
1.05203
1.05128
1.04809
1.04353
1.04104
1.0406
1.0408
1.04182
1.0444
1.04698
1.04853
1.04892
1.04794
1.04545
1.04453
1.04492
1.04663
1.04941
1.05231
1.05571
1.05943
1.06249
1.06488
1.06535
1.06524
1.06581
1.06857
1.07399
1.21213
1.21613
1.21713
1.21917
1.2186
1.21741
1.21626
1.21477
1.21387
1.2126
1.2106
1.20785
1.20554
1.20819
1.21407
1.21781
1.21963
1.22116
1.22235
1.22169
1.22
1.21664
1.211
1.20565
1.20244
1.20067
1.19944
1.19926
1.19895
1.19682
1.19349
1.18919
1.18455
1.18073
1.17783
1.17552
1.17348
1.17145
1.16947
1.16813
1.16742
1.16674
1.16469
1.16109
1.15779
1.15541
1.15357
1.15171
1.14932
1.14616
1.1434
1.14208
1.14132
1.1405
1.1396
1.13804
1.13504
1.13046
1.12526
1.12069
1.11695
1.11357
1.11018
1.10683
1.10383
1.10141
1.09956
1.09816
1.09718
1.0964
1.09525
1.09234
1.08732
1.08359
1.08225
1.08127
1.08054
1.0796
1.07807
1.07649
1.07474
1.07165
1.06715
1.0638
1.06278
1.06244
1.06208
1.06152
1.06066
1.05943
1.05708
1.05337
1.05042
1.0495
1.04941
1.04967
1.04999
1.04991
1.04984
1.04928
1.04682
1.04282
1.0401
1.03962
1.04007
1.04188
1.04454
1.04632
1.0474
1.04782
1.04686
1.0448
1.04402
1.04443
1.04679
1.05003
1.0541
1.05902
1.06258
1.06471
1.06488
1.06376
1.06314
1.0643
1.0673
1.0733
1.17441
1.19492
1.20705
1.21334
1.21612
1.21554
1.21424
1.211
1.20875
1.20733
1.20607
1.20449
1.20411
1.20617
1.21163
1.21576
1.21777
1.21805
1.21804
1.21872
1.21859
1.21698
1.21284
1.20663
1.20127
1.1982
1.19616
1.1946
1.19423
1.19419
1.19248
1.18932
1.18463
1.18036
1.17734
1.17502
1.17293
1.17091
1.16885
1.16671
1.16482
1.16378
1.1633
1.16207
1.15879
1.15553
1.15314
1.151
1.1487
1.14608
1.143
1.13978
1.13751
1.1359
1.13436
1.13307
1.13144
1.12879
1.1252
1.12092
1.11635
1.11182
1.10745
1.10344
1.10032
1.09826
1.09732
1.09721
1.09702
1.0965
1.09529
1.09266
1.08788
1.08236
1.07923
1.07788
1.0768
1.07595
1.07484
1.0734
1.07203
1.07064
1.0686
1.06508
1.0611
1.05931
1.05843
1.05753
1.05666
1.05573
1.05471
1.05343
1.05178
1.04956
1.04849
1.04847
1.04875
1.04872
1.04831
1.04679
1.04487
1.04294
1.04133
1.0407
1.04096
1.0427
1.04472
1.04598
1.0464
1.04598
1.04485
1.04446
1.04443
1.04557
1.04866
1.05238
1.05733
1.0616
1.06406
1.06492
1.06426
1.06289
1.06297
1.06513
1.06812
1.07436
1.06681
1.12728
1.17473
1.19549
1.20853
1.21062
1.21053
1.20737
1.2022
1.20089
1.20034
1.20126
1.20167
1.20436
1.21054
1.21588
1.21729
1.21646
1.216
1.2151
1.21432
1.21372
1.21219
1.20794
1.20194
1.19722
1.19424
1.19196
1.19038
1.18919
1.18779
1.18594
1.18351
1.17996
1.17697
1.17501
1.1733
1.17146
1.16933
1.16695
1.16446
1.16194
1.16008
1.15885
1.15743
1.1551
1.1525
1.1502
1.14804
1.14569
1.1424
1.13796
1.13389
1.13157
1.12981
1.12832
1.12737
1.12597
1.12349
1.12048
1.1163
1.11016
1.10391
1.09998
1.09753
1.09588
1.0949
1.09445
1.09427
1.09391
1.09322
1.09157
1.08794
1.08268
1.07765
1.07457
1.07316
1.07226
1.07197
1.07215
1.0714
1.07033
1.06882
1.06568
1.06018
1.05572
1.05417
1.05331
1.05291
1.05273
1.05266
1.05264
1.05244
1.05128
1.04876
1.04663
1.04637
1.04619
1.04563
1.04438
1.04325
1.04325
1.04371
1.0438
1.04313
1.04266
1.04319
1.04375
1.04363
1.04295
1.043
1.04398
1.04609
1.04878
1.05203
1.05568
1.05898
1.06183
1.06385
1.06389
1.06306
1.06291
1.06439
1.06728
1.07032
1.07554
0.941841
0.988454
1.05481
1.11981
1.16684
1.19883
1.20452
1.20278
1.1997
1.19825
1.1966
1.19706
1.1993
1.20172
1.20626
1.21308
1.21729
1.21631
1.21481
1.2131
1.21058
1.20867
1.20772
1.20612
1.20259
1.19849
1.19444
1.19084
1.18808
1.18587
1.18391
1.18186
1.17993
1.17847
1.17694
1.17502
1.17336
1.1719
1.17016
1.16791
1.16506
1.1617
1.158
1.15519
1.15364
1.1523
1.15089
1.14912
1.14715
1.1449
1.14193
1.13727
1.13185
1.12828
1.12644
1.1249
1.12404
1.12465
1.12335
1.12006
1.11546
1.10859
1.10125
1.09708
1.09516
1.09401
1.09311
1.09227
1.09139
1.0904
1.08924
1.08774
1.08564
1.08246
1.07776
1.07278
1.07019
1.06941
1.06897
1.06886
1.06901
1.0688
1.0677
1.06501
1.05946
1.05296
1.0503
1.05008
1.0501
1.05077
1.05129
1.05129
1.0512
1.05086
1.04942
1.04615
1.04352
1.04289
1.04286
1.04339
1.04443
1.04598
1.04677
1.04677
1.04591
1.04352
1.04132
1.04024
1.03972
1.04004
1.0421
1.04509
1.04857
1.05227
1.05552
1.05811
1.06032
1.0615
1.06175
1.06193
1.06255
1.06429
1.06662
1.0695
1.07247
1.07562
0.908563
0.910298
0.924339
0.967438
1.03253
1.10537
1.15697
1.19616
1.20351
1.20173
1.19801
1.19622
1.19446
1.19458
1.19901
1.20689
1.21333
1.21588
1.21472
1.21228
1.2087
1.20479
1.2022
1.2011
1.20037
1.19792
1.19509
1.19181
1.18804
1.18484
1.18233
1.18016
1.17822
1.17635
1.17492
1.17417
1.17336
1.17233
1.17078
1.16872
1.16602
1.16222
1.15743
1.15256
1.14969
1.14809
1.14674
1.14615
1.14524
1.14352
1.14114
1.13755
1.13208
1.12674
1.12407
1.12253
1.12113
1.12022
1.11959
1.11668
1.11258
1.10737
1.10129
1.09603
1.09276
1.09121
1.09009
1.08893
1.08764
1.08629
1.08505
1.08399
1.08298
1.08131
1.07791
1.07323
1.06885
1.06675
1.06609
1.06599
1.06638
1.06591
1.06481
1.06295
1.05871
1.05244
1.04845
1.04762
1.04771
1.04806
1.04932
1.05151
1.05156
1.05139
1.05017
1.04623
1.04188
1.04101
1.04114
1.04188
1.04313
1.04512
1.04614
1.04662
1.04612
1.0429
1.03878
1.03726
1.03741
1.03937
1.04252
1.04652
1.0515
1.05542
1.05801
1.06
1.06032
1.05947
1.0591
1.06042
1.06307
1.06612
1.06903
1.07149
1.0732
1.07459
0.910491
0.905897
0.904529
0.905243
0.913579
0.949095
1.01461
1.09971
1.15265
1.19288
1.20174
1.19914
1.19721
1.19358
1.1952
1.19962
1.20755
1.21366
1.2139
1.21251
1.20842
1.2035
1.19979
1.19758
1.19612
1.1959
1.19456
1.19214
1.18914
1.18573
1.18282
1.18065
1.17877
1.17654
1.17362
1.17105
1.17005
1.16969
1.16972
1.16884
1.16665
1.16315
1.15806
1.15148
1.14657
1.14436
1.14257
1.14109
1.14048
1.13994
1.13872
1.13666
1.13325
1.12827
1.12323
1.12035
1.1185
1.11669
1.11513
1.11292
1.10919
1.10511
1.10092
1.09593
1.09122
1.08832
1.08685
1.08578
1.08469
1.0835
1.0821
1.08046
1.07883
1.07746
1.07608
1.07343
1.06985
1.06611
1.06383
1.06305
1.06246
1.06173
1.06074
1.05931
1.05704
1.05338
1.04897
1.04632
1.04602
1.04641
1.04751
1.04888
1.04932
1.04944
1.04901
1.04608
1.04127
1.03966
1.04006
1.04112
1.04285
1.04465
1.04551
1.046
1.04547
1.0421
1.03753
1.03614
1.03706
1.03963
1.04354
1.0493
1.05438
1.05749
1.0596
1.06051
1.0596
1.0579
1.05784
1.05979
1.06288
1.06725
1.07067
1.07245
1.0733
1.07313
0.917148
0.909863
0.904708
0.903525
0.903499
0.904231
0.910298
0.942647
1.00589
1.08744
1.14382
1.18213
1.20117
1.19953
1.19773
1.19846
1.20447
1.21293
1.21243
1.21086
1.20833
1.20462
1.20012
1.19669
1.19432
1.19238
1.19159
1.19084
1.18931
1.18724
1.18491
1.18265
1.18023
1.17706
1.17291
1.169
1.167
1.16593
1.1651
1.16482
1.16432
1.16232
1.15849
1.1522
1.1451
1.14115
1.13912
1.13731
1.13589
1.13548
1.1356
1.13493
1.13308
1.1295
1.12417
1.11919
1.11582
1.11313
1.11052
1.10856
1.10739
1.10431
1.10054
1.09595
1.09056
1.08646
1.0841
1.0827
1.08176
1.0808
1.07964
1.07821
1.0766
1.07496
1.07348
1.07227
1.07008
1.06669
1.06304
1.06004
1.05889
1.05797
1.05685
1.05575
1.05493
1.05382
1.05115
1.04761
1.04557
1.0456
1.04633
1.0473
1.04799
1.04815
1.04796
1.0464
1.04261
1.03961
1.03937
1.04012
1.04135
1.04272
1.04379
1.04428
1.04414
1.04176
1.03741
1.03627
1.03772
1.04052
1.04415
1.04872
1.05432
1.05811
1.05999
1.06027
1.05866
1.0571
1.05787
1.05959
1.06259
1.06719
1.0706
1.07207
1.07253
1.07158
0.924617
0.918987
0.913073
0.90921
0.906731
0.904647
0.904692
0.904725
0.90812
0.930929
0.987754
1.06241
1.12685
1.16466
1.19146
1.20049
1.2069
1.21617
1.21599
1.21309
1.20938
1.20573
1.20241
1.19795
1.19351
1.19056
1.18894
1.18881
1.18846
1.18753
1.18644
1.18452
1.18167
1.17749
1.17217
1.16759
1.16491
1.16317
1.16175
1.16056
1.15991
1.15887
1.15702
1.15264
1.14551
1.13931
1.13642
1.13464
1.13314
1.13195
1.1312
1.13092
1.13052
1.12884
1.12506
1.11964
1.1143
1.11063
1.10787
1.10531
1.10333
1.10087
1.09801
1.09482
1.09063
1.08641
1.08312
1.08081
1.07916
1.07805
1.07727
1.07652
1.07544
1.07371
1.0712
1.06897
1.06749
1.06587
1.06282
1.059
1.05601
1.05492
1.05407
1.05313
1.05225
1.05181
1.05162
1.05026
1.04746
1.04542
1.04546
1.0461
1.04642
1.04639
1.04586
1.04459
1.04279
1.04024
1.03852
1.0386
1.03937
1.04038
1.04143
1.04198
1.04208
1.04127
1.03857
1.03734
1.03864
1.04114
1.04431
1.04838
1.0533
1.05745
1.05915
1.0592
1.05784
1.0576
1.05868
1.05995
1.06211
1.06575
1.06897
1.07027
1.0705
1.0692
0.930241
0.926588
0.922048
0.917136
0.913669
0.911075
0.908658
0.906096
0.904695
0.901849
0.90227
0.91527
0.963642
1.03377
1.10734
1.15206
1.18686
1.21423
1.22203
1.22078
1.21815
1.21221
1.20599
1.19999
1.19511
1.19199
1.18945
1.18827
1.18839
1.18709
1.1859
1.18505
1.18306
1.17794
1.17141
1.16687
1.16431
1.16216
1.1601
1.15822
1.15638
1.15449
1.15243
1.15011
1.14589
1.13971
1.13496
1.13255
1.13088
1.1296
1.12848
1.12725
1.12595
1.12483
1.12329
1.11986
1.11485
1.1097
1.10626
1.10327
1.10019
1.09701
1.09393
1.09124
1.08893
1.08642
1.08361
1.08063
1.07814
1.07622
1.0749
1.07394
1.07277
1.07093
1.06861
1.06661
1.06505
1.06369
1.06204
1.05882
1.05497
1.05275
1.0522
1.05177
1.0515
1.05151
1.05158
1.05147
1.04967
1.04689
1.04488
1.04465
1.04462
1.04434
1.04369
1.0429
1.04199
1.04038
1.03829
1.03715
1.03731
1.03803
1.03882
1.03952
1.03989
1.04002
1.03979
1.03905
1.03969
1.04176
1.04451
1.0478
1.05146
1.05503
1.0571
1.05742
1.05741
1.05832
1.05912
1.05995
1.06119
1.06338
1.06603
1.06732
1.06735
1.06627
0.933924
0.931286
0.928597
0.924941
0.920642
0.917157
0.914541
0.912156
0.909354
0.905926
0.902128
0.896774
0.895917
0.904407
0.944636
1.01462
1.08866
1.15239
1.19799
1.22497
1.22596
1.22402
1.21838
1.21098
1.20372
1.1977
1.19351
1.19132
1.19182
1.19244
1.19052
1.1878
1.18325
1.17605
1.16986
1.1672
1.16506
1.16281
1.16014
1.15732
1.15473
1.15233
1.15006
1.14763
1.14448
1.1398
1.13483
1.13148
1.12934
1.12761
1.12599
1.12424
1.12221
1.12034
1.11888
1.11751
1.11462
1.11044
1.10563
1.10054
1.09603
1.09257
1.08987
1.08791
1.08647
1.08507
1.08331
1.08114
1.07851
1.07601
1.07388
1.07177
1.06979
1.06794
1.06618
1.06464
1.06323
1.06184
1.0604
1.05863
1.05577
1.05282
1.05149
1.05119
1.051
1.05084
1.05059
1.05032
1.05017
1.04851
1.04541
1.04316
1.0425
1.04206
1.04145
1.04074
1.04008
1.03941
1.03815
1.0364
1.03567
1.03586
1.03637
1.03735
1.03858
1.03943
1.04014
1.04041
1.04101
1.04297
1.04528
1.04762
1.04987
1.05217
1.05451
1.05611
1.05723
1.05798
1.0585
1.05896
1.05958
1.06068
1.06241
1.06378
1.06389
1.0635
0.940008
0.936972
0.934159
0.930951
0.926835
0.922815
0.919811
0.917275
0.914518
0.911446
0.907756
0.903778
0.898591
0.893272
0.891184
0.897072
0.927022
0.998401
1.08457
1.16632
1.20447
1.22873
1.22967
1.22666
1.21924
1.21027
1.20237
1.19791
1.19664
1.19778
1.19758
1.19339
1.18728
1.17867
1.17014
1.16668
1.16502
1.16394
1.16176
1.1587
1.15522
1.15196
1.1491
1.14621
1.14284
1.13894
1.13475
1.13098
1.12811
1.12583
1.12377
1.12177
1.11965
1.11748
1.11568
1.11402
1.11241
1.10956
1.10474
1.09835
1.09296
1.08922
1.08658
1.08491
1.08419
1.08381
1.08327
1.08196
1.07927
1.07608
1.07282
1.0697
1.06704
1.06529
1.06419
1.06314
1.06201
1.06079
1.05942
1.05807
1.05654
1.05427
1.05181
1.05062
1.0502
1.04984
1.04948
1.04913
1.0485
1.04735
1.04512
1.04209
1.04011
1.03941
1.03891
1.03838
1.03783
1.03741
1.03706
1.03624
1.03482
1.03441
1.03494
1.03557
1.03563
1.03658
1.03879
1.04037
1.04227
1.04458
1.04652
1.04802
1.04907
1.05025
1.05201
1.05446
1.0563
1.05697
1.05728
1.05753
1.05782
1.05818
1.05872
1.05956
1.06033
1.06088
0.946739
0.942901
0.939032
0.935528
0.932075
0.928188
0.924101
0.920478
0.917733
0.915364
0.912927
0.91032
0.906727
0.901473
0.894002
0.887908
0.885592
0.889757
0.917067
0.99807
1.09831
1.18153
1.21611
1.23133
1.22958
1.22244
1.21352
1.20648
1.20294
1.2007
1.19997
1.19808
1.19235
1.18458
1.17575
1.17069
1.16791
1.16525
1.16205
1.15846
1.1545
1.15112
1.1488
1.14666
1.14395
1.14025
1.13525
1.13045
1.12713
1.12472
1.12257
1.12045
1.11823
1.11569
1.11341
1.1117
1.10968
1.10687
1.10261
1.09693
1.09128
1.08705
1.08441
1.08292
1.08179
1.08093
1.08024
1.07951
1.07843
1.07598
1.07249
1.06928
1.06664
1.06435
1.06263
1.06127
1.06004
1.05928
1.05886
1.05851
1.05781
1.05597
1.05288
1.05007
1.04892
1.04832
1.04778
1.04719
1.04656
1.04579
1.04421
1.04135
1.03843
1.03699
1.03658
1.03622
1.03588
1.03543
1.03517
1.03497
1.03447
1.03356
1.03259
1.03177
1.03193
1.03366
1.0366
1.0397
1.04316
1.04614
1.04775
1.04862
1.04909
1.04962
1.0507
1.05253
1.05446
1.05538
1.0557
1.05586
1.05568
1.05529
1.05518
1.05555
1.05663
1.05845
0.953611
0.950274
0.945349
0.939482
0.935193
0.932224
0.929097
0.925217
0.921524
0.918993
0.916971
0.914816
0.912268
0.908867
0.902727
0.893153
0.885988
0.883422
0.882762
0.887046
0.923052
1.01785
1.12593
1.20245
1.2249
1.22477
1.22383
1.21908
1.21216
1.20454
1.20001
1.19625
1.19337
1.18867
1.18333
1.17825
1.17433
1.1707
1.16664
1.16209
1.15691
1.15137
1.14776
1.14524
1.14283
1.1401
1.13644
1.1318
1.12771
1.12468
1.12245
1.12072
1.11901
1.11672
1.11377
1.11
1.10631
1.10293
1.09941
1.0954
1.09084
1.0867
1.08324
1.08101
1.07998
1.07918
1.07821
1.077
1.07572
1.07436
1.0724
1.06992
1.06734
1.06457
1.06194
1.06026
1.05919
1.05838
1.05774
1.05721
1.05684
1.05621
1.05379
1.04986
1.04723
1.04615
1.0454
1.04469
1.04401
1.04331
1.04246
1.04079
1.03797
1.0355
1.03434
1.03384
1.03373
1.03449
1.03477
1.0346
1.03372
1.03119
1.02857
1.02777
1.0287
1.03106
1.03466
1.03916
1.04419
1.0478
1.04908
1.04954
1.04948
1.04933
1.04982
1.05088
1.05246
1.05369
1.05405
1.05403
1.05343
1.05241
1.052
1.05227
1.05341
1.05613
0.958584
0.956083
0.952314
0.94627
0.939031
0.933898
0.930721
0.928079
0.925553
0.923278
0.921276
0.91934
0.916851
0.913635
0.908801
0.901063
0.893136
0.887205
0.883342
0.882127
0.882155
0.890078
0.943933
1.05571
1.15181
1.20813
1.22764
1.228
1.22367
1.2129
1.20289
1.19723
1.19246
1.18857
1.18563
1.18318
1.18057
1.1779
1.17415
1.16929
1.16366
1.15718
1.15011
1.14478
1.14152
1.13883
1.13662
1.13423
1.13072
1.12765
1.12475
1.12169
1.11824
1.11494
1.11164
1.10767
1.10371
1.10016
1.09675
1.09347
1.09057
1.08747
1.08399
1.08035
1.07774
1.07652
1.07548
1.07422
1.07309
1.0725
1.07217
1.07156
1.06974
1.06646
1.06242
1.05944
1.05817
1.05735
1.05667
1.05612
1.05559
1.05464
1.05266
1.04884
1.04509
1.0434
1.04251
1.04181
1.0412
1.04057
1.0399
1.03907
1.03774
1.03563
1.03326
1.03207
1.03169
1.03155
1.03149
1.03132
1.03036
1.02769
1.02508
1.02512
1.02707
1.03018
1.03399
1.03888
1.04501
1.04913
1.05012
1.05042
1.04997
1.04893
1.04887
1.04949
1.05081
1.05208
1.05232
1.05211
1.05128
1.05019
1.04988
1.05024
1.05122
1.05412
0.962186
0.95937
0.956145
0.951436
0.944886
0.938643
0.934245
0.93102
0.928337
0.925937
0.923945
0.922454
0.920886
0.917827
0.91258
0.905967
0.900615
0.896483
0.892156
0.887253
0.882477
0.881158
0.881582
0.899066
0.97327
1.08786
1.16842
1.21236
1.22339
1.22048
1.2106
1.20192
1.19579
1.18982
1.18557
1.18282
1.18142
1.18139
1.18
1.17621
1.17144
1.16476
1.15582
1.14766
1.14235
1.13854
1.13564
1.13517
1.13563
1.13319
1.12924
1.12521
1.1211
1.11664
1.11134
1.10598
1.10187
1.09878
1.09632
1.09325
1.08957
1.08599
1.08273
1.07897
1.0753
1.07343
1.07254
1.07208
1.07193
1.07176
1.0713
1.07034
1.06886
1.06626
1.0621
1.05864
1.05708
1.05609
1.05524
1.05449
1.05371
1.05264
1.05067
1.04707
1.04288
1.04066
1.03968
1.03894
1.03834
1.03781
1.03727
1.03678
1.03622
1.03504
1.03305
1.03097
1.02977
1.029
1.02803
1.02708
1.02604
1.02447
1.02317
1.02432
1.02704
1.03075
1.035
1.04014
1.04602
1.04975
1.05064
1.05072
1.04979
1.0484
1.04809
1.04844
1.0495
1.05077
1.05092
1.05055
1.04967
1.0489
1.04893
1.04933
1.05016
1.0528
0.96731
0.963226
0.958381
0.953158
0.948153
0.943761
0.940443
0.937415
0.934281
0.931098
0.927852
0.924431
0.920723
0.916358
0.911766
0.908034
0.905235
0.902759
0.899894
0.896201
0.891043
0.885373
0.880981
0.878611
0.880894
0.913461
1.00438
1.11043
1.18078
1.20755
1.21235
1.20909
1.20073
1.19294
1.18666
1.18297
1.1803
1.17903
1.17907
1.17811
1.17449
1.16932
1.16188
1.15269
1.14509
1.14075
1.13743
1.13555
1.13619
1.13681
1.13492
1.13134
1.12673
1.11988
1.11184
1.10609
1.10238
1.09923
1.09653
1.09325
1.0892
1.08524
1.08155
1.07773
1.07347
1.07078
1.07059
1.07075
1.07107
1.07108
1.07085
1.0702
1.06875
1.06588
1.06159
1.05775
1.05578
1.05466
1.0537
1.05273
1.05154
1.05
1.048
1.04509
1.04117
1.03821
1.03697
1.03613
1.03542
1.03503
1.03509
1.03506
1.03467
1.03382
1.03221
1.02975
1.02702
1.02473
1.0232
1.02221
1.02192
1.02169
1.02257
1.02503
1.02853
1.03291
1.03762
1.04253
1.04679
1.04921
1.05017
1.05029
1.04951
1.04826
1.04767
1.04776
1.04834
1.04942
1.04991
1.04971
1.04915
1.04887
1.04903
1.04935
1.05009
1.05122
0.972174
0.967097
0.960744
0.953998
0.949531
0.947106
0.944871
0.942366
0.939301
0.935743
0.932096
0.928319
0.923675
0.917661
0.912194
0.90997
0.908285
0.906599
0.904676
0.902282
0.898612
0.89306
0.886006
0.879773
0.875556
0.875043
0.882251
0.932215
1.03675
1.13008
1.1878
1.20289
1.20223
1.19662
1.18796
1.18321
1.18096
1.1791
1.17725
1.17538
1.17277
1.16896
1.16456
1.15806
1.15043
1.14486
1.14124
1.13845
1.1381
1.13904
1.13769
1.13454
1.13062
1.12373
1.1141
1.10798
1.10442
1.10101
1.09768
1.09407
1.0895
1.08476
1.08049
1.07675
1.07289
1.06957
1.06918
1.06945
1.07001
1.07038
1.07025
1.06951
1.06773
1.06478
1.06081
1.057
1.05461
1.05307
1.05173
1.05038
1.0489
1.04725
1.04534
1.04299
1.03982
1.03639
1.03466
1.03388
1.03331
1.03304
1.03293
1.03273
1.03254
1.0321
1.03087
1.02808
1.02386
1.02073
1.01935
1.01884
1.01884
1.02006
1.02276
1.02666
1.03182
1.03721
1.04144
1.04409
1.0454
1.04671
1.0487
1.04963
1.04957
1.04889
1.04804
1.04769
1.04774
1.04817
1.04904
1.04957
1.0496
1.0497
1.04968
1.04938
1.04874
1.04797
0.975967
0.97033
0.963014
0.95703
0.954075
0.95173
0.949393
0.947013
0.944229
0.940529
0.935496
0.929344
0.922836
0.916784
0.913745
0.912014
0.910572
0.909745
0.908465
0.906622
0.90405
0.899249
0.890585
0.882614
0.877263
0.874118
0.873969
0.874585
0.89115
0.962785
1.07807
1.15191
1.18683
1.19091
1.18819
1.18474
1.18172
1.179
1.17661
1.17368
1.16994
1.16599
1.1625
1.15987
1.15517
1.14918
1.14516
1.1422
1.14086
1.14133
1.13953
1.13652
1.13315
1.12745
1.11857
1.11152
1.10759
1.10382
1.09977
1.0955
1.0905
1.08509
1.08033
1.07651
1.07323
1.06999
1.06789
1.06793
1.06807
1.06839
1.06834
1.06744
1.06567
1.06329
1.06027
1.05659
1.05306
1.05068
1.04901
1.04755
1.04614
1.04468
1.04307
1.04124
1.03865
1.03497
1.03238
1.0314
1.03085
1.03087
1.03101
1.03072
1.03011
1.02917
1.02734
1.02436
1.0203
1.01717
1.01623
1.01625
1.0176
1.02049
1.02468
1.03041
1.0375
1.04225
1.04391
1.04405
1.0439
1.04449
1.0461
1.04869
1.04987
1.04981
1.04913
1.04825
1.04798
1.04822
1.0491
1.05036
1.05099
1.05101
1.05056
1.04899
1.04662
1.04494
)
;

boundaryField
{
    inlet
    {
        type            fixedValue;
        value           nonuniform 0();
    }
    outlet
    {
        type            inletOutlet;
        inletValue      uniform 1;
        value           nonuniform List<scalar> 
32
(
1.19595
1.19429
1.18972
1.18133
1.1692
1.15341
1.13659
1.12086
1.10715
1.09591
1.087
1.08028
1.07622
1.0746
1.07421
1.07542
1.0762
1.07591
1.0745
1.07281
1.07108
1.06869
1.06592
1.06335
1.06089
1.0587
1.05663
1.05479
1.05347
1.05143
1.04793
1.04483
)
;
    }
    bottom
    {
        type            symmetryPlane;
    }
    top
    {
        type            symmetryPlane;
    }
    obstacle
    {
        type            zeroGradient;
    }
    defaultFaces
    {
        type            empty;
    }
    procBoundary1to0
    {
        type            processor;
        value           nonuniform List<scalar> 
28
(
1.34351
1.33544
1.31407
1.2821
1.25629
1.24326
1.23839
1.23687
1.23677
1.23561
1.23341
1.23218
1.23139
1.22311
1.19564
1.12627
1.00689
0.921397
0.911638
0.916026
0.922363
0.928878
0.933275
0.937321
0.943787
0.950251
0.956134
0.96072
)
;
    }
    procBoundary1to2
    {
        type            processor;
        value           nonuniform List<scalar> 4(0.964936 0.970882 0.975965 0.97985);
    }
    procBoundary1to3
    {
        type            processor;
        value           nonuniform List<scalar> 
126
(
0.977587
0.969877
0.963616
0.96091
0.958729
0.956462
0.954167
0.951735
0.948936
0.94522
0.939526
0.931199
0.922775
0.918236
0.916333
0.91454
0.912736
0.911266
0.910399
0.908897
0.906785
0.902986
0.894809
0.884932
0.880045
0.877039
0.874749
0.872579
0.872672
0.876143
0.912372
1.00313
1.10911
1.15294
1.16833
1.17668
1.18009
1.17882
1.1758
1.17172
1.16779
1.164
1.1606
1.15765
1.15539
1.15183
1.1475
1.14466
1.1427
1.14149
1.13955
1.13717
1.13425
1.12965
1.12291
1.11576
1.11042
1.10654
1.1023
1.0973
1.09206
1.08702
1.08161
1.07735
1.07413
1.07089
1.06732
1.0655
1.06516
1.06498
1.06505
1.06479
1.06349
1.06165
1.05946
1.05594
1.05112
1.04788
1.04613
1.0447
1.04337
1.04209
1.04088
1.03956
1.03766
1.03454
1.03124
1.02967
1.02863
1.02781
1.02722
1.02667
1.02598
1.02507
1.02369
1.02144
1.01815
1.01539
1.01474
1.01545
1.01763
1.02202
1.02839
1.03673
1.04374
1.04542
1.04549
1.04389
1.04281
1.04319
1.04442
1.0469
1.04983
1.05057
1.05039
1.04955
1.04899
1.04916
1.05
1.05155
1.05215
1.05194
1.05095
1.04868
1.04557
1.04327
)
;
    }
}


// ************************************************************************* //
