/*--------------------------------*- C++ -*----------------------------------*\
  =========                 |
  \\      /  F ield         | OpenFOAM: The Open Source CFD Toolbox
   \\    /   O peration     | Website:  https://openfoam.org
    \\  /    A nd           | Version:  7
     \\/     M anipulation  |
\*---------------------------------------------------------------------------*/
FoamFile
{
    version     2.0;
    format      ascii;
    class       volVectorField;
    location    "0.1";
    object      U;
}
// * * * * * * * * * * * * * * * * * * * * * * * * * * * * * * * * * * * * * //

dimensions      [0 1 -1 0 0 0 0];

internalField   nonuniform List<vector> 
4032
(
(1.5 -1.97156e-16 0)
(1.5 6.89916e-16 0)
(1.5 2.67743e-16 0)
(1.5 6.00572e-16 0)
(1.5 5.08278e-16 0)
(1.5 7.11745e-16 0)
(1.5 7.43198e-16 0)
(1.5 1.00059e-15 0)
(1.5 1.01599e-15 0)
(1.5 8.7133e-16 0)
(1.5 1.12858e-15 0)
(1.5 8.15118e-16 0)
(1.5 5.57101e-16 0)
(1.5 3.20798e-16 0)
(1.5 7.2469e-16 0)
(1.5 9.07745e-16 0)
(1.5 1.10549e-15 0)
(1.5 6.65184e-16 0)
(1.5 4.5869e-17 0)
(1.5 3.70297e-16 0)
(1.5 7.9882e-16 0)
(1.5 1.23451e-15 0)
(1.5 1.12645e-15 0)
(1.5 4.85793e-16 0)
(1.5 9.08747e-17 0)
(1.5 5.76648e-16 0)
(1.5 7.73934e-16 0)
(1.5 6.33491e-16 0)
(1.5 5.20613e-16 0)
(1.5 -1.12141e-15 0)
(1.5 -9.58841e-16 0)
(1.5 4.55452e-17 0)
(1.5 3.18272e-16 0)
(1.5 -3.80287e-16 0)
(1.5 -5.50976e-18 0)
(1.5 6.41546e-16 0)
(1.5 7.21177e-16 0)
(1.5 7.17647e-17 0)
(1.5 -3.52248e-16 0)
(1.5 -5.86269e-16 0)
(1.5 5.24575e-17 0)
(1.5 2.45179e-16 0)
(1.5 1.78267e-16 0)
(1.5 -1.71849e-16 0)
(1.5 2.14245e-16 0)
(1.5 1.0346e-15 0)
(1.5 1.01316e-15 0)
(1.5 6.10841e-16 0)
(1.5 -3.56749e-16 0)
(1.5 5.64283e-16 0)
(1.5 3.50225e-16 0)
(1.5 -1.82537e-16 0)
(1.5 1.11777e-16 0)
(1.5 4.76558e-17 0)
(1.5 3.54439e-16 0)
(1.5 5.08775e-16 0)
(1.5 1.93656e-15 0)
(1.5 1.73494e-15 0)
(1.5 1.72659e-15 0)
(1.5 1.57249e-15 0)
(1.5 1.23458e-15 0)
(1.5 8.40426e-16 0)
(1.5 7.28246e-16 0)
(1.5 1.01801e-15 0)
(1.5 8.10928e-16 0)
(1.5 5.42305e-16 0)
(1.5 1.1455e-15 0)
(1.5 8.69479e-16 0)
(1.5 1.0143e-15 0)
(1.5 1.61794e-15 0)
(1.5 1.53766e-15 0)
(1.5 9.89571e-16 0)
(1.5 4.93676e-16 0)
(1.5 1.07999e-15 0)
(1.5 1.08375e-15 0)
(1.5 1.23396e-15 0)
(1.5 2.82727e-16 0)
(1.5 2.74279e-16 0)
(1.5 -1.72431e-16 0)
(1.5 -1.60544e-16 0)
(1.5 -8.40928e-16 0)
(1.5 -5.27842e-16 0)
(1.5 6.56127e-16 0)
(1.5 6.51513e-16 0)
(1.5 2.43647e-16 0)
(1.5 2.68769e-16 0)
(1.5 7.54081e-16 0)
(1.5 8.10027e-16 0)
(1.5 1.13547e-15 0)
(1.5 1.00857e-15 0)
(1.5 3.17007e-16 0)
(1.5 -6.82937e-16 0)
(1.5 4.30204e-16 0)
(1.5 1.53591e-16 0)
(1.5 2.04125e-16 0)
(1.5 3.42807e-16 0)
(1.5 2.77738e-16 0)
(1.5 -3.77732e-16 0)
(1.5 -5.22708e-16 0)
(1.5 -3.15425e-16 0)
(1.5 -2.48364e-16 0)
(1.5 -2.38596e-16 0)
(1.5 4.15637e-16 0)
(1.5 4.86758e-16 0)
(1.5 9.14774e-16 0)
(1.5 8.30944e-16 0)
(1.5 8.17491e-16 0)
(1.5 1.00579e-15 0)
(1.5 1.26915e-15 0)
(1.5 3.24139e-16 0)
(1.5 -4.70469e-17 0)
(1.5 8.15856e-17 0)
(1.5 -5.3312e-16 0)
(1.5 -4.88616e-16 0)
(1.5 1.41101e-16 0)
(1.5 6.74563e-16 0)
(1.5 4.98013e-16 0)
(1.5 1.52129e-16 0)
(1.5 5.75206e-17 0)
(1.5 1.16704e-16 0)
(1.5 3.39173e-16 0)
(1.5 6.22649e-16 0)
(1.5 7.29463e-16 0)
(1.5 3.83405e-16 0)
(1.5 2.42501e-16 0)
(1.5 7.17394e-17 0)
(1.5 -3.96272e-16 0)
(1.5 -4.38903e-16 0)
(1.5 -6.49851e-16 0)
(1.5 -4.05149e-16 0)
(1.5 2.87307e-16 0)
(1.5 4.92979e-16 0)
(1.5 -3.66217e-16 0)
(1.5 -2.68288e-16 0)
(1.5 1.82056e-16 0)
(1.5 1.14674e-15 0)
(1.5 9.61866e-16 0)
(1.5 9.18965e-16 0)
(1.5 9.63742e-16 0)
(1.5 1.86199e-16 0)
(1.5 6.00645e-18 0)
(1.5 -2.15511e-16 0)
(1.5 -8.90199e-17 0)
(1.5 7.59099e-16 0)
(1.5 3.5659e-16 0)
(1.5 -6.20437e-16 0)
(1.5 -7.17135e-16 0)
(1.5 -3.17077e-16 0)
(1.5 -7.65529e-17 0)
(1.5 -6.07167e-17 0)
(1.5 2.38262e-16 0)
(1.5 -1.58691e-17 0)
(1.5 2.09676e-16 0)
(1.5 4.78974e-17 0)
(1.5 -4.07088e-16 0)
(1.5 -8.08978e-17 0)
(1.5 4.79667e-16 0)
(1.5 2.35195e-16 0)
(1.5 -7.30716e-17 0)
(1.5 -6.51778e-16 0)
(1.5 -9.51613e-16 0)
(1.5 -1.07379e-15 0)
(1.5 -6.96112e-16 0)
(1.5 -3.32484e-16 0)
(1.5 -4.83379e-16 0)
(1.5 -1.35949e-15 0)
(1.5 -1.11887e-15 0)
(1.5 -9.55974e-16 0)
(1.5 8.92531e-17 0)
(1.5 4.31966e-16 0)
(1.5 3.23151e-16 0)
(1.5 -3.08742e-16 0)
(1.5 3.95097e-16 0)
(1.5 1.4661e-16 0)
(1.5 -8.67198e-16 0)
(1.5 -1.29041e-15 0)
(1.5 -1.61357e-16 0)
(1.5 6.62833e-16 0)
(1.5 4.08526e-16 0)
(1.5 -2.83913e-16 0)
(1.5 -3.79098e-16 0)
(1.5 -1.94199e-16 0)
(1.5 -4.58214e-16 0)
(1.5 -3.04989e-16 0)
(1.5 -4.93508e-16 0)
(1.5 -4.58483e-16 0)
(1.5 4.2134e-16 0)
(1.5 6.55608e-16 0)
(1.5 -5.35949e-16 0)
(1.5 -6.24707e-16 0)
(1.5 -3.88237e-16 0)
(1.5 4.37754e-16 0)
(1.5 1.07891e-16 0)
(1.5 -7.30787e-16 0)
(1.5 -3.67828e-16 0)
(1.5 -2.92622e-16 0)
(1.5 -1.54612e-17 0)
(1.5 8.41907e-17 0)
(1.5 1.84738e-16 0)
(1.5 -2.82926e-16 0)
(1.5 1.26125e-16 0)
(1.5 -3.69129e-16 0)
(1.5 -9.76004e-16 0)
(1.5 -7.19985e-16 0)
(1.5 -4.58119e-16 0)
(1.5 -1.33931e-16 0)
(1.5 -4.01468e-16 0)
(1.5 -1.15988e-15 0)
(1.5 -7.66221e-16 0)
(1.5 -5.23863e-16 0)
(1.5 -7.49154e-16 0)
(1.5 -5.82642e-16 0)
(1.5 -5.55466e-16 0)
(1.5 -8.84801e-16 0)
(1.5 -8.72249e-16 0)
(1.5 -4.38264e-16 0)
(1.5 3.17671e-16 0)
(1.5 4.26553e-18 0)
(1.5 -5.38626e-16 0)
(1.5 -1.28629e-16 0)
(1.5 1.09155e-16 0)
(1.5 2.27354e-16 0)
(1.5 -2.94889e-16 0)
(1.5 -1.05204e-15 0)
(1.5 -4.31008e-16 0)
(1.5 5.30346e-16 0)
(1.5 7.28381e-17 0)
(1.5 -1.07822e-15 0)
(1.5 -7.10874e-16 0)
(1.5 5.91023e-16 0)
(1.5 3.14073e-16 0)
(1.5 -3.66735e-16 0)
(1.5 -7.87058e-16 0)
(1.5 -3.70436e-16 0)
(1.5 1.80591e-16 0)
(1.5 4.45102e-16 0)
(1.5 -3.44375e-16 0)
(1.5 -1.39168e-15 0)
(1.5 -9.70425e-16 0)
(1.5 -1.68027e-16 0)
(1.5 -4.25446e-16 0)
(1.5 -3.6149e-16 0)
(1.5 -2.67345e-16 0)
(1.5 5.35538e-17 0)
(1.5 1.45591e-16 0)
(1.5 2.01796e-16 0)
(1.5 4.65127e-17 0)
(1.5 7.43284e-17 0)
(1.5 -4.69489e-16 0)
(1.5 -4.93451e-16 0)
(1.5 -3.28008e-17 0)
(1.5 -1.3319e-16 0)
(1.5 -4.04783e-16 0)
(1.5 -1.23321e-16 0)
(1.5 2.43985e-16 0)
(1.5 1.10448e-15 0)
(1.5 1.49322e-15 0)
(1.5 1.22298e-15 0)
(1.5 2.53492e-16 0)
(1.5 -4.78448e-16 0)
(1.5 2.39513e-16 0)
(1.5 1.0999e-15 0)
(1.5 9.48636e-16 0)
(1.5 6.78867e-16 0)
(1.5 1.26728e-16 0)
(1.5 2.66197e-16 0)
(1.5 2.58238e-16 0)
(1.5 1.93605e-17 0)
(1.5 -7.34952e-17 0)
(1.5 -3.02908e-16 0)
(1.5 -3.64087e-17 0)
(1.5 3.90864e-16 0)
(1.5 4.38294e-16 0)
(1.5 -7.61885e-17 0)
(1.5 1.79653e-16 0)
(1.5 5.37432e-16 0)
(1.5 6.14265e-16 0)
(1.5 1.07654e-16 0)
(1.5 -1.79632e-16 0)
(1.5 -3.3159e-16 0)
(1.5 5.2876e-19 0)
(1.5 -1.7799e-16 0)
(1.5 -2.86852e-16 0)
(1.5 4.7163e-16 0)
(1.5 3.05859e-16 0)
(1.5 9.58245e-17 0)
(1.5 -4.09025e-16 0)
(1.5 -6.86017e-16 0)
(1.5 5.23689e-17 0)
(1.5 4.11544e-17 0)
(1.5 1.09412e-16 0)
(1.5 -3.69986e-17 0)
(1.5 4.24733e-16 0)
(1.5 9.16353e-17 0)
(1.5 -4.68568e-16 0)
(1.5 -5.09551e-16 0)
(1.5 -8.65417e-16 0)
(1.5 -3.44198e-16 0)
(1.5 1.56477e-16 0)
(1.5 3.69525e-16 0)
(1.5 -2.08205e-16 0)
(1.5 1.59275e-17 0)
(1.5 6.29776e-16 0)
(1.5 1.55031e-15 0)
(1.5 2.05098e-15 0)
(1.5 1.91233e-15 0)
(1.5 1.17212e-15 0)
(1.5 2.52209e-17 0)
(1.5 5.4509e-17 0)
(1.5 1.25664e-15 0)
(1.5 1.06964e-15 0)
(1.5 1.26607e-15 0)
(1.5 -1.86175e-16 0)
(1.5 -4.78406e-17 0)
(1.5 3.68683e-16 0)
(1.5 3.21649e-16 0)
(1.5 2.2783e-16 0)
(1.5 1.15359e-16 0)
(1.5 7.67259e-16 0)
(1.5 1.20476e-15 0)
(1.5 7.38731e-16 0)
(1.5 -1.07694e-16 0)
(1.5 2.33619e-16 0)
(1.5 1.04112e-15 0)
(1.5 1.30972e-15 0)
(1.5 6.87417e-16 0)
(1.5 1.02452e-16 0)
(1.5 1.51005e-16 0)
(1.5 2.01554e-17 0)
(1.5 -4.96174e-16 0)
(1.5 -6.79244e-16 0)
(1.5 -1.7356e-16 0)
(1.5 1.13209e-16 0)
(1.5 2.92014e-16 0)
(1.5 -5.37923e-16 0)
(1.5 -5.6061e-16 0)
(1.5 3.58924e-17 0)
(1.5 2.76187e-16 0)
(1.5 3.13098e-16 0)
(1.5 5.09823e-16 0)
(1.5 5.76359e-16 0)
(1.5 -2.30104e-16 0)
(1.5 -1.11941e-15 0)
(1.5 -6.68398e-16 0)
(1.5 -4.09194e-16 0)
(1.5 2.60928e-16 0)
(1.5 5.6753e-16 0)
(1.5 8.62295e-16 0)
(1.5 4.71291e-16 0)
(1.5 5.60881e-16 0)
(1.5 3.82091e-16 0)
(1.5 4.68193e-16 0)
(1.5 6.25236e-16 0)
(1.5 8.45748e-16 0)
(1.5 6.48436e-16 0)
(1.5 1.42215e-16 0)
(1.5 -3.59057e-16 0)
(1.5 1.64393e-16 0)
(1.5 5.56856e-17 0)
(1.5 -1.0373e-16 0)
(1.5 -3.58859e-16 0)
(1.5 -6.50211e-16 0)
(1.5 -4.66035e-16 0)
(1.5 9.17516e-17 0)
(1.5 1.46162e-16 0)
(1.5 3.12792e-16 0)
(1.5 5.00958e-16 0)
(1.5 5.99886e-16 0)
(1.5 6.17688e-16 0)
(1.5 4.45066e-16 0)
(1.5 -1.22423e-17 0)
(1.5 5.30572e-17 0)
(1.5 8.74158e-17 0)
(1.5 -6.91198e-19 0)
(1.5 -6.79235e-17 0)
(1.5 7.44953e-17 0)
(1.5 -2.88993e-16 0)
(1.5 -2.58615e-16 0)
(1.5 -6.6553e-17 0)
(1.5 -5.01281e-16 0)
(1.5 -4.95122e-16 0)
(1.5 -3.37886e-16 0)
(1.5 -1.23079e-16 0)
(1.5 -4.48694e-16 0)
(1.5 3.53789e-17 0)
(1.5 1.6137e-16 0)
(1.5 4.98809e-17 0)
(1.5 5.32112e-16 0)
(1.5 1.18972e-17 0)
(1.5 -1.40125e-16 0)
(1.5 -1.86279e-16 0)
(1.5 6.43947e-16 0)
(1.5 3.09403e-16 0)
(1.5 -2.65527e-17 0)
(1.5 3.06004e-16 0)
(1.5 3.80118e-16 0)
(1.5 5.54873e-16 0)
(1.5 4.82062e-16 0)
(1.5 4.56974e-16 0)
(1.5 3.9273e-17 0)
(1.5 1.80345e-16 0)
(1.5 4.0784e-16 0)
(1.5 3.80715e-17 0)
(1.5 -4.09099e-16 0)
(1.5 -1.92596e-17 0)
(1.5 1.10406e-17 0)
(1.5 -1.91474e-16 0)
(1.5 -8.17008e-16 0)
(1.5 -5.98815e-16 0)
(1.5 -9.47881e-16 0)
(1.5 -8.692e-16 0)
(1.5 -4.6674e-16 0)
(1.5 -4.91093e-17 0)
(1.5 1.1532e-16 0)
(1.5 1.10086e-16 0)
(1.5 1.97438e-16 0)
(1.5 7.35458e-16 0)
(1.5 1.88898e-16 0)
(1.5 -5.20351e-16 0)
(1.5 -7.48076e-16 0)
(1.5 -1.2008e-15 0)
(1.5 -1.17459e-15 0)
(1.5 -5.47543e-16 0)
(1.5 -4.04401e-16 0)
(1.5 -2.39729e-16 0)
(1.5 4.0369e-16 0)
(1.5 3.35135e-16 0)
(1.5 -9.44209e-16 0)
(1.5 -6.03878e-16 0)
(1.5 -1.33041e-16 0)
(1.5 8.32659e-16 0)
(1.5 5.58455e-17 0)
(1.5 2.46715e-16 0)
(1.5 1.72294e-16 0)
(1.5 1.92571e-17 0)
(1.5 -5.44812e-16 0)
(1.5 -6.74234e-16 0)
(1.5 4.80466e-16 0)
(1.5 9.29722e-16 0)
(1.5 8.23746e-16 0)
(1.5 1.77519e-17 0)
(1.5 -1.24902e-15 0)
(1.5 -9.88258e-16 0)
(1.5 -1.14378e-15 0)
(1.5 -2.91551e-16 0)
(1.5 -8.07869e-18 0)
(1.5 2.65864e-16 0)
(1.5 4.80777e-16 0)
(1.5 3.12204e-16 0)
(1.5 -2.38912e-16 0)
(1.5 -2.42148e-16 0)
(1.5 -2.89446e-16 0)
(1.5 -2.64746e-16 0)
(1.5 9.21647e-17 0)
(1.5 3.70208e-16 0)
(1.5 8.27153e-16 0)
(1.5 3.83762e-16 0)
(1.5 -4.93002e-16 0)
(1.5 -1.05106e-15 0)
(1.5 -9.87504e-16 0)
(1.5 -4.59879e-16 0)
(1.5 5.21057e-17 0)
(1.5 -5.1472e-16 0)
(1.5 -3.84064e-16 0)
(1.5 -5.16256e-17 0)
(1.5 1.22913e-16 0)
(1.5 -2.68173e-16 0)
(1.5 -1.0998e-15 0)
(1.5 -1.01493e-15 0)
(1.5 -3.84186e-16 0)
(1.5 -5.98773e-17 0)
(1.5 -1.0979e-16 0)
(1.5 2.72654e-16 0)
(1.5 4.03102e-16 0)
(1.5 -1.2958e-16 0)
(1.5 -7.24453e-16 0)
(1.5 2.35346e-16 0)
(1.5 3.68639e-16 0)
(1.5 7.24596e-16 0)
(1.5 5.66656e-16 0)
(1.5 5.11589e-17 0)
(1.5 5.90864e-16 0)
(1.5 4.44072e-16 0)
(1.5 -6.57904e-16 0)
(1.5 -3.11255e-16 0)
(1.5 1.27202e-15 0)
(1.5 1.13654e-15 0)
(1.5 -5.50674e-17 0)
(1.5 -2.80291e-16 0)
(1.5 -3.06052e-16 0)
(1.5 -6.94489e-16 0)
(1.5 -7.16301e-16 0)
(1.5 -5.28177e-16 0)
(1.5 1.03863e-16 0)
(1.5 -8.22175e-17 0)
(1.5 4.09842e-16 0)
(1.5 2.06038e-16 0)
(1.5 -9.53106e-17 0)
(1.5 1.81844e-16 0)
(1.5 4.71053e-16 0)
(1.5 2.213e-16 0)
(1.5 1.89276e-16 0)
(1.5 3.08469e-16 0)
(1.5 1.0474e-16 0)
(1.5 1.78353e-16 0)
(1.5 1.91075e-16 0)
(1.5 -1.268e-16 0)
(1.5 -1.1373e-15 0)
(1.5 -6.36749e-16 0)
(1.5 -7.09159e-16 0)
(1.5 -6.48842e-16 0)
(1.5 -2.53716e-16 0)
(1.5 -2.96936e-16 0)
(1.5 -1.5146e-16 0)
(1.5 1.17119e-16 0)
(1.5 -2.01263e-16 0)
(1.5 -9.17733e-17 0)
(1.5 -1.65862e-16 0)
(1.5 -5.19419e-16 0)
(1.5 -4.28837e-16 0)
(1.5 -4.10203e-16 0)
(1.5 -4.61108e-16 0)
(1.5 -5.67629e-16 0)
(1.5 -1.24611e-17 0)
(1.5 1.12121e-16 0)
(1.5 8.65044e-16 0)
(1.5 6.35477e-16 0)
(1.5 4.53191e-16 0)
(1.5 -2.22025e-17 0)
(1.5 -7.10313e-18 0)
(1.5 -2.67359e-16 0)
(1.5 2.63528e-17 0)
(1.5 7.94353e-16 0)
(1.5 1.09965e-15 0)
(1.5 8.74731e-16 0)
(1.5 2.01397e-17 0)
(1.5 1.79818e-16 0)
(1.5 8.79733e-16 0)
(1.5 4.15897e-17 0)
(1.5 -7.65097e-16 0)
(1.5 -1.06102e-15 0)
(1.5 1.12924e-16 0)
(1.5 -4.23463e-18 0)
(1.5 -4.29992e-17 0)
(1.5 -2.88039e-16 0)
(1.5 -2.18942e-16 0)
(1.5 -4.05013e-16 0)
(1.5 -1.14741e-17 0)
(1.5 2.80157e-16 0)
(1.5 -6.80873e-16 0)
(1.5 -5.80025e-16 0)
(1.5 -9.17362e-16 0)
(1.5 -7.95118e-16 0)
(1.5 -6.79229e-17 0)
(1.5 -4.73121e-16 0)
(1.5 -4.61081e-16 0)
(1.5 -7.42991e-16 0)
(1.5 -8.45348e-16 0)
(1.5 -4.16522e-16 0)
(1.5 -8.50982e-16 0)
(1.5 -1.0834e-15 0)
(1.5 -8.17798e-16 0)
(1.5 -8.24487e-16 0)
(1.5 1.39589e-17 0)
(1.5 -3.50207e-16 0)
(1.5 -7.18684e-16 0)
(1.5 -8.54538e-16 0)
(1.5 -2.31654e-16 0)
(1.5 -3.9673e-16 0)
(1.5 -7.2506e-16 0)
(1.5 -2.74668e-16 0)
(1.5 -4.89288e-17 0)
(1.5 -5.43298e-16 0)
(1.5 -5.42033e-17 0)
(1.5 1.25434e-16 0)
(1.5 -8.66872e-19 0)
(1.5 1.70799e-16 0)
(1.5 -2.70897e-16 0)
(1.5 -4.53875e-17 0)
(1.5 1.73345e-16 0)
(1.5 4.49727e-16 0)
(1.5 3.0247e-16 0)
(1.5 -4.77049e-17 0)
(1.5 3.3014e-16 0)
(1.5 2.93354e-16 0)
(1.5 3.99441e-16 0)
(1.5 7.86097e-16 0)
(1.5 3.616e-17 0)
(1.5 -4.1579e-16 0)
(1.5 -5.75116e-16 0)
(1.5 2.246e-16 0)
(1.5 -5.75675e-16 0)
(1.5 -1.16173e-15 0)
(1.5 -8.05484e-16 0)
(1.5 -6.90792e-16 0)
(1.5 -8.40776e-16 0)
(1.5 -4.11967e-16 0)
(1.5 -5.31174e-16 0)
(1.5 -8.12391e-16 0)
(1.5 -4.70884e-16 0)
(1.5 -7.7275e-16 0)
(1.5 -4.79151e-16 0)
(1.5 -6.56059e-16 0)
(1.5 -1.52468e-16 0)
(1.5 -1.08943e-15 0)
(1.5 -8.75208e-16 0)
(1.5 -7.761e-16 0)
(1.5 -7.94984e-16 0)
(1.5 -9.50894e-16 0)
(1.5 -8.7842e-16 0)
(1.5 -9.10029e-16 0)
(1.5 -7.99364e-16 0)
(1.5 -9.00652e-16 0)
(1.5 -5.91908e-16 0)
(1.5 6.69234e-18 0)
(1.5 8.62381e-16 0)
(1.5 7.12997e-16 0)
(1.5 -1.11338e-16 0)
(1.5 9.92682e-17 0)
(1.5 2.04616e-16 0)
(1.5 -5.02657e-16 0)
(1.5 -1.01115e-15 0)
(1.5 -6.08903e-16 0)
(1.5 7.75016e-17 0)
(1.5 1.04832e-17 0)
(1.5 -1.32315e-16 0)
(1.5 3.46007e-16 0)
(1.5 2.86339e-16 0)
(1.5 -4.31729e-17 0)
(1.5 -5.83229e-16 0)
(1.5 -1.18447e-15 0)
(1.5 -6.56102e-16 0)
(1.5 -1.24532e-17 0)
(1.5 -3.32712e-17 0)
(1.5 3.95422e-16 0)
(1.5 6.83094e-16 0)
(1.5 6.30389e-16 0)
(1.5 -7.27738e-16 0)
(1.5 -4.59392e-16 0)
(1.5 -2.82319e-16 0)
(1.5 -2.05974e-16 0)
(1.5 -5.98788e-16 0)
(1.5 -3.10952e-16 0)
(1.5 -7.81348e-16 0)
(1.5 -5.11438e-16 0)
(1.5 7.3491e-17 0)
(1.5 -1.20489e-16 0)
(1.5 -2.73228e-16 0)
(1.5 -4.7403e-16 0)
(1.5 -1.94187e-16 0)
(1.5 -2.28953e-16 0)
(1.5 2.86762e-17 0)
(1.5 -6.23943e-18 0)
(1.5 -2.12224e-16 0)
(1.5 -4.23993e-16 0)
(1.5 -7.66194e-16 0)
(1.5 -9.7137e-16 0)
(1.5 -9.97751e-16 0)
(1.5 -6.97942e-16 0)
(1.5 -6.18388e-16 0)
(1.5 -1.80686e-16 0)
(1.5 -1.91637e-16 0)
(1.5 1.87937e-16 0)
(1.5 1.93311e-16 0)
(1.5 4.71084e-16 0)
(1.5 -3.53362e-16 0)
(1.5 -1.06674e-16 0)
(1.5 1.16674e-16 0)
(1.5 2.43076e-16 0)
(1.5 8.1904e-17 0)
(1.5 -2.3565e-16 0)
(1.5 -1.48141e-16 0)
(1.5 -2.05839e-16 0)
(1.5 -5.27474e-16 0)
(1.5 -7.50101e-16 0)
(1.5 -2.41282e-16 0)
(1.5 -4.79969e-17 0)
(1.5 -7.44777e-16 0)
(1.5 -5.42331e-16 0)
(1.5 -2.78636e-16 0)
(1.5 1.82924e-16 0)
(1.5 1.9647e-16 0)
(1.5 2.933e-16 0)
(1.5 1.07295e-15 0)
(1.5 1.12823e-15 0)
(1.5 7.99427e-16 0)
(1.5 -1.58591e-16 0)
(1.5 3.24378e-16 0)
(1.5 9.33158e-16 0)
(1.5 6.76819e-16 0)
(1.5 8.70841e-16 0)
(1.5 8.06532e-16 0)
(1.5 3.61899e-16 0)
(1.5 4.86763e-16 0)
(1.5 3.15072e-16 0)
(1.5 -1.57238e-16 0)
(1.5 2.70488e-16 0)
(1.5 4.4659e-16 0)
(1.5 -1.21085e-16 0)
(1.5 5.29166e-17 0)
(1.5 8.07913e-16 0)
(1.5 6.63135e-16 0)
(1.5 8.64883e-16 0)
(1.5 3.21715e-16 0)
(1.5 -4.33293e-16 0)
(1.5 -5.03865e-16 0)
(1.5 -1.85554e-16 0)
(1.5 4.46775e-17 0)
(1.5 1.15146e-15 0)
(1.5 1.27383e-15 0)
(1.5 1.00726e-15 0)
(1.5 -5.96549e-17 0)
(1.5 -1.54589e-17 0)
(1.5 -2.82867e-16 0)
(1.5 -6.35951e-16 0)
(1.5 -1.8463e-16 0)
(1.5 8.48145e-16 0)
(1.5 5.41523e-16 0)
(1.5 -7.7928e-16 0)
(1.5 -7.03133e-16 0)
(1.5 -2.22383e-16 0)
(1.5 -1.9269e-16 0)
(1.5 -6.98964e-16 0)
(1.5 -6.17252e-16 0)
(1.5 -2.40101e-16 0)
(1.5 -2.11278e-16 0)
(1.5 -1.72154e-17 0)
(1.5 -1.1295e-16 0)
(1.5 4.06812e-16 0)
(1.5 1.37303e-16 0)
(1.5 3.08247e-16 0)
(1.5 5.18855e-16 0)
(1.5 7.47109e-16 0)
(1.5 5.81693e-16 0)
(1.5 -3.9995e-16 0)
(1.5 -2.88614e-16 0)
(1.5 -1.17635e-16 0)
(1.5 4.86505e-16 0)
(1.5 7.64903e-16 0)
(1.5 1.1315e-15 0)
(1.5 1.00979e-15 0)
(1.5 8.63902e-16 0)
(1.5 6.90691e-16 0)
(1.5 4.50591e-16 0)
(1.5 6.72243e-16 0)
(1.5 4.9803e-16 0)
(1.5 7.09906e-16 0)
(1.5 2.49004e-16 0)
(1.5 2.94004e-16 0)
(1.5 5.06205e-16 0)
(1.5 6.5547e-16 0)
(1.5 8.96143e-16 0)
(1.5 1.01828e-15 0)
(1.5 7.41806e-16 0)
(1.5 8.82441e-16 0)
(1.5 9.81888e-16 0)
(1.5 9.5723e-16 0)
(1.5 1.18296e-15 0)
(1.5 8.65025e-16 0)
(1.5 2.995e-16 0)
(1.5 3.02735e-16 0)
(1.5 5.54436e-16 0)
(1.5 -1.74974e-16 0)
(1.5 8.04451e-16 0)
(1.5 1.17444e-15 0)
(1.5 7.45639e-16 0)
(1.5 -3.70518e-16 0)
(1.5 -1.09316e-15 0)
(1.5 1.29791e-16 0)
(1.5 3.62379e-16 0)
(1.5 -2.36279e-16 0)
(1.5 -3.01907e-16 0)
(1.5 -3.48471e-16 0)
(1.5 -1.58803e-16 0)
(1.5 -1.49355e-16 0)
(1.5 -5.51425e-16 0)
(1.5 -2.84019e-17 0)
(1.5 1.56862e-16 0)
(1.5 -2.00347e-16 0)
(1.5 1.6952e-16 0)
(1.5 -4.08123e-17 0)
(1.5 -1.88275e-16 0)
(1.5 -4.28761e-16 0)
(1.5 -2.28717e-17 0)
(1.5 -5.30435e-17 0)
(1.5 1.91811e-16 0)
(1.5 8.60531e-17 0)
(1.5 4.91682e-16 0)
(1.5 9.64937e-16 0)
(1.5 3.47784e-16 0)
(1.5 -1.56363e-16 0)
(1.5 3.11e-16 0)
(1.5 3.4085e-16 0)
(1.5 4.01283e-16 0)
(1.5 9.53708e-16 0)
(1.5 3.85573e-16 0)
(1.5 -3.31933e-16 0)
(1.5 1.31722e-16 0)
(1.5 6.75768e-17 0)
(1.5 3.08069e-16 0)
(1.5 9.17676e-17 0)
(1.5 4.8674e-16 0)
(1.5 7.49201e-16 0)
(1.5 1.19533e-15 0)
(1.5 9.72231e-16 0)
(1.5 6.58597e-17 0)
(1.5 9.47043e-17 0)
(1.5 7.13622e-16 0)
(1.5 5.73697e-16 0)
(1.5 6.99123e-16 0)
(1.5 9.78921e-16 0)
(1.5 1.33481e-15 0)
(1.5 9.8034e-16 0)
(1.5 3.66711e-16 0)
(1.5 -3.59947e-17 0)
(1.5 1.76157e-16 0)
(1.5 -9.72574e-18 0)
(1.5 2.75986e-16 0)
(1.5 2.52027e-17 0)
(1.5 -1.58048e-16 0)
(1.5 -1.20262e-16 0)
(1.5 -8.12931e-16 0)
(1.5 -7.45839e-16 0)
(1.5 -9.51356e-17 0)
(1.5 -6.09777e-16 0)
(1.5 -8.67939e-16 0)
(1.5 -4.81468e-16 0)
(1.5 -3.69173e-16 0)
(1.5 -5.44556e-16 0)
(1.5 -1.12492e-15 0)
(1.5 -1.84994e-16 0)
(1.5 2.12187e-16 0)
(1.5 -2.12222e-16 0)
(1.5 -5.31445e-16 0)
(1.5 -1.91419e-16 0)
(1.5 -1.50233e-16 0)
(1.5 9.55213e-17 0)
(1.5 -4.32471e-16 0)
(1.5 -1.01559e-15 0)
(1.5 -5.86179e-16 0)
(1.5 -6.32771e-16 0)
(1.5 -5.22455e-16 0)
(1.5 -4.52067e-16 0)
(1.5 -7.08143e-17 0)
(1.5 -7.34483e-16 0)
(1.5 -5.38398e-16 0)
(1.5 -1.19395e-15 0)
(1.5 -7.97596e-16 0)
(1.5 -1.02544e-15 0)
(1.5 -8.06168e-16 0)
(1.5 -7.22167e-16 0)
(1.5 -4.34004e-16 0)
(1.5 -7.32051e-16 0)
(1.5 -3.64464e-16 0)
(1.5 2.88851e-16 0)
(1.5 1.05027e-15 0)
(1.5 1.12374e-17 0)
(1.5 -8.74119e-17 0)
(1.5 3.18175e-16 0)
(1.5 -1.95888e-16 0)
(1.5 -8.0047e-16 0)
(1.5 -1.35899e-15 0)
(1.5 -7.54465e-16 0)
(1.5 8.38519e-16 0)
(1.5 -2.71246e-16 0)
(1.5 2.25796e-16 0)
(1.5 -1.0627e-16 0)
(1.5 -4.60059e-16 0)
(1.5 -6.47241e-16 0)
(1.5 -4.36471e-16 0)
(1.5 -4.62977e-16 0)
(1.5 3.19757e-16 0)
(1.5 4.24115e-17 0)
(1.5 -7.79913e-16 0)
(1.5 -1.1099e-15 0)
(1.5 -9.7631e-16 0)
(1.5 -6.96999e-16 0)
(1.5 -1.09131e-15 0)
(1.5 -2.46017e-17 0)
(1.5 -3.58631e-16 0)
(1.5 -1.80885e-16 0)
(1.5 -9.11451e-16 0)
(1.5 -8.92909e-16 0)
(1.5 -8.5343e-16 0)
(1.5 -1.21685e-15 0)
(1.5 -9.19282e-16 0)
(1.5 -4.34263e-16 0)
(1.5 -9.24746e-16 0)
(1.5 -1.35951e-15 0)
(1.5 -1.11698e-15 0)
(1.5 -9.26002e-16 0)
(1.5 1.98679e-16 0)
(1.5 3.22206e-17 0)
(1.5 -8.24701e-16 0)
(1.5 -7.29482e-16 0)
(1.5 -9.84733e-16 0)
(1.5 3.98177e-17 0)
(1.5 -4.6477e-16 0)
(1.5 -6.60413e-16 0)
(1.5 -9.63903e-16 0)
(1.5 -1.53264e-15 0)
(1.5 -5.56983e-16 0)
(1.5 -1.27976e-16 0)
(1.5 -5.23016e-16 0)
(1.5 -5.1373e-16 0)
(1.5 -2.64141e-16 0)
(1.5 -9.56409e-17 0)
(1.5 -8.54841e-16 0)
(1.5 -8.91649e-16 0)
(1.5 -6.34276e-16 0)
(1.5 1.32206e-18 0)
(1.5 -5.61961e-17 0)
(1.5 2.5451e-16 0)
(1.5 -4.69962e-16 0)
(1.5 -1.9625e-18 0)
(1.5 -6.44582e-16 0)
(1.5 -8.70747e-16 0)
(1.5 3.2222e-16 0)
(1.5 4.9703e-16 0)
(1.5 4.1783e-16 0)
(1.5 2.96287e-16 0)
(1.5 -2.78132e-16 0)
(1.5 -5.54464e-16 0)
(1.5 -4.40217e-16 0)
(1.5 -1.55009e-16 0)
(1.5 5.69151e-17 0)
(1.5 6.56022e-16 0)
(1.5 6.29921e-17 0)
(1.5 6.26578e-16 0)
(1.5 3.81585e-16 0)
(1.5 -6.16396e-16 0)
(1.5 -3.87211e-16 0)
(1.5 -5.15067e-16 0)
(1.5 -8.80557e-16 0)
(1.5 -2.3256e-16 0)
(1.5 -4.47411e-16 0)
(1.5 -2.0035e-16 0)
(1.5 -7.89014e-17 0)
(1.5 -7.14294e-16 0)
(1.5 -2.66937e-16 0)
(1.5 2.93679e-16 0)
(1.5 -2.22144e-16 0)
(1.5 4.9428e-16 0)
(1.5 3.58516e-16 0)
(1.5 4.36009e-16 0)
(1.5 3.48973e-16 0)
(1.5 7.25668e-17 0)
(1.5 3.75631e-17 0)
(1.5 -2.82475e-16 0)
(1.5 -2.24164e-16 0)
(1.5 -3.66373e-16 0)
(1.5 -9.28462e-16 0)
(1.5 -6.13431e-16 0)
(1.5 4.28578e-17 0)
(1.5 7.56372e-16 0)
(1.5 5.62371e-16 0)
(1.5 1.63931e-16 0)
(1.5 9.05856e-17 0)
(1.5 3.52142e-16 0)
(1.5 -3.15048e-16 0)
(1.5 2.48684e-16 0)
(1.5 7.07703e-16 0)
(1.5 2.42479e-16 0)
(1.5 -8.54491e-16 0)
(1.5 -4.29363e-16 0)
(1.5 1.98267e-16 0)
(1.5 4.35625e-17 0)
(1.5 6.51467e-17 0)
(1.5 -3.1462e-16 0)
(1.5 -2.75541e-16 0)
(1.5 8.41633e-16 0)
(1.5 4.78036e-16 0)
(1.5 5.44261e-16 0)
(1.5 8.96323e-16 0)
(1.5 4.13236e-16 0)
(1.5 5.93152e-16 0)
(1.5 2.42538e-18 0)
(1.5 7.62858e-16 0)
(1.5 1.20126e-16 0)
(1.5 2.52818e-17 0)
(1.5 -1.37525e-16 0)
(1.5 -6.22354e-17 0)
(1.5 -5.07736e-16 0)
(1.5 -7.0499e-16 0)
(1.5 -3.17023e-16 0)
(1.5 -2.80218e-16 0)
(1.5 -2.10346e-16 0)
(1.5 -1.87259e-16 0)
(1.5 -5.00341e-16 0)
(1.5 -3.78449e-16 0)
(1.5 3.76132e-17 0)
(1.5 7.89292e-16 0)
(1.5 -2.67408e-16 0)
(1.5 1.03824e-16 0)
(1.5 -4.14087e-16 0)
(1.5 9.17806e-17 0)
(1.5 3.98145e-16 0)
(1.5 -2.77607e-16 0)
(1.5 -5.72876e-16 0)
(1.5 -5.03751e-19 0)
(1.5 -4.74863e-16 0)
(1.5 -1.59951e-16 0)
(1.5 4.69901e-16 0)
(1.5 7.54357e-16 0)
(1.5 -2.71664e-16 0)
(1.5 -7.00115e-16 0)
(1.5 -7.59371e-16 0)
(1.5 -1.84953e-16 0)
(1.5 -1.12767e-17 0)
(1.5 -1.2181e-16 0)
(1.5 -1.23321e-16 0)
(1.5 4.18539e-16 0)
(1.5 2.14397e-16 0)
(1.5 -3.84511e-16 0)
(1.5 -3.33937e-16 0)
(1.5 1.62612e-16 0)
(1.5 7.67576e-16 0)
(1.5 2.30823e-16 0)
(1.5 7.87622e-16 0)
(1.5 7.57252e-16 0)
(1.5 3.88063e-16 0)
(1.5 4.67874e-16 0)
(1.5 -4.04961e-17 0)
(1.5 3.31118e-16 0)
(1.5 1.62468e-16 0)
(1.5 2.32765e-16 0)
(1.5 -2.73358e-17 0)
(1.5 -4.66081e-16 0)
(1.5 -6.02659e-16 0)
(1.5 -3.93777e-16 0)
(1.5 -7.50456e-17 0)
(1.5 -1.61377e-16 0)
(1.5 -9.85172e-17 0)
(1.5 -8.81118e-16 0)
(1.5 -4.15013e-16 0)
(1.5 -2.14134e-16 0)
(1.5 -3.17495e-16 0)
(1.5 -1.73908e-16 0)
(1.5 -2.57387e-16 0)
(1.5 -1.78828e-16 0)
(1.5 8.55094e-17 0)
(1.5 7.97434e-17 0)
(1.5 -4.88685e-16 0)
(1.5 -4.34141e-16 0)
(1.5 3.81815e-16 0)
(1.5 -5.79592e-16 0)
(1.5 -6.53647e-16 0)
(1.5 -2.95693e-16 0)
(1.5 -1.28177e-16 0)
(1.5 -2.61006e-16 0)
(1.5 -2.92488e-17 0)
(1.5 -2.02435e-16 0)
(1.5 -2.09595e-16 0)
(1.5 2.42429e-16 0)
(1.5 -2.89567e-16 0)
(1.5 -7.97132e-17 0)
(1.5 -5.35399e-16 0)
(1.5 -5.20148e-16 0)
(1.5 -2.85078e-16 0)
(1.5 8.15213e-16 0)
(1.5 4.51193e-16 0)
(1.5 -3.7893e-16 0)
(1.5 -3.94526e-16 0)
(1.5 -3.3211e-16 0)
(1.5 -7.04806e-19 0)
(1.5 8.72483e-17 0)
(1.5 4.19221e-16 0)
(1.5 4.14321e-16 0)
(1.5 1.71589e-16 0)
(1.5 1.90069e-16 0)
(1.5 -4.49171e-17 0)
(1.5 -5.47724e-16 0)
(1.5 -5.57098e-16 0)
(1.5 -5.80703e-16 0)
(1.5 -1.50267e-16 0)
(1.5 -2.92422e-16 0)
(1.5 -4.51574e-16 0)
(1.5 -4.37439e-16 0)
(1.5 -2.28478e-17 0)
(1.5 8.09627e-16 0)
(1.5 2.98049e-16 0)
(1.5 -3.06574e-16 0)
(1.5 -3.786e-16 0)
(1.5 -3.27973e-16 0)
(1.5 -6.05715e-17 0)
(1.5 1.38224e-16 0)
(1.5 -4.81293e-16 0)
(1.5 -6.20785e-16 0)
(1.5 4.4658e-18 0)
(1.5 1.10604e-16 0)
(1.5 -4.52706e-16 0)
(1.5 -1.40606e-15 0)
(1.5 -7.29939e-16 0)
(1.5 -6.27265e-16 0)
(1.5 -8.78231e-17 0)
(1.5 1.39281e-16 0)
(1.5 7.8447e-16 0)
(1.5 4.49846e-16 0)
(1.5 9.04263e-17 0)
(1.5 2.27566e-16 0)
(1.5 6.94715e-16 0)
(1.5 1.65759e-15 0)
(1.5 9.16911e-16 0)
(1.5 3.60276e-16 0)
(1.5 3.01838e-16 0)
(1.5 1.21144e-16 0)
(1.5 1.01942e-16 0)
(1.5 3.84068e-16 0)
(1.5 6.83978e-16 0)
(1.5 4.6636e-16 0)
(1.5 -5.99785e-17 0)
(1.5 -3.09498e-16 0)
(1.5 -1.65965e-16 0)
(1.5 2.96073e-16 0)
(1.5 5.72327e-16 0)
(1.5 1.52278e-16 0)
(1.5 5.27109e-17 0)
(1.5 -2.23896e-16 0)
(1.5 -3.34901e-16 0)
(1.5 -1.16692e-15 0)
(1.5 -1.12949e-15 0)
(1.5 -1.33689e-15 0)
(1.5 -4.53002e-16 0)
(1.5 -7.23639e-16 0)
(1.5 -4.40105e-16 0)
(1.5 1.23261e-17 0)
(1.5 3.34049e-16 0)
(1.5 6.52034e-16 0)
(1.5 1.69122e-16 0)
(1.5 3.32293e-16 0)
(1.5 8.7579e-17 0)
(1.5 -5.82332e-17 0)
(1.5 3.47289e-16 0)
(1.5 1.07197e-17 0)
(1.5 3.57232e-16 0)
(1.5 8.06509e-17 0)
(1.5 -3.17657e-16 0)
(1.5 -2.0804e-16 0)
(1.5 8.87776e-17 0)
(1.5 -5.07218e-16 0)
(1.5 -3.51355e-16 0)
(1.5 2.32307e-16 0)
(1.5 2.89988e-16 0)
(1.5 2.14093e-16 0)
(1.5 4.22075e-16 0)
(1.5 2.13304e-16 0)
(1.5 7.63252e-17 0)
(1.5 1.15421e-16 0)
(1.5 6.23639e-16 0)
(1.5 9.74974e-16 0)
(1.5 1.08219e-15 0)
(1.5 1.03124e-15 0)
(1.5 2.14155e-16 0)
(1.5 7.41328e-17 0)
(1.5 6.379e-16 0)
(1.5 3.75445e-16 0)
(1.5 -1.70385e-17 0)
(1.5 -1.47667e-16 0)
(1.5 5.19883e-16 0)
(1.5 5.42349e-16 0)
(1.5 7.82331e-16 0)
(1.5 1.41095e-15 0)
(1.5 9.7561e-16 0)
(1.5 2.77439e-16 0)
(1.5 -7.01825e-17 0)
(1.5 -1.27345e-16 0)
(1.5 1.55059e-16 0)
(1.5 1.40503e-16 0)
(1.5 1.24901e-16 0)
(1.5 1.77794e-16 0)
(1.5 5.61895e-17 0)
(1.5 -1.90545e-16 0)
(1.5 1.29083e-16 0)
(1.5 4.95238e-16 0)
(1.5 1.32724e-15 0)
(1.5 1.35637e-15 0)
(1.5 1.33898e-15 0)
(1.5 1.27061e-15 0)
(1.5 8.38629e-16 0)
(1.5 6.48117e-16 0)
(1.5 1.09086e-15 0)
(1.5 8.24806e-16 0)
(1.5 1.41372e-15 0)
(1.5 9.8439e-16 0)
(1.5 3.95126e-16 0)
(1.5 4.86424e-16 0)
(1.5 1.21528e-15 0)
(1.5 9.20692e-16 0)
(1.5 8.83397e-16 0)
(1.5 5.87061e-16 0)
(1.5 2.89663e-16 0)
(1.5 -1.69091e-16 0)
(1.5 -4.81777e-16 0)
(1.5 -3.24279e-16 0)
(1.5 -2.686e-16 0)
(1.5 -4.87604e-16 0)
(1.5 8.2892e-17 0)
(1.5 7.8088e-16 0)
(1.5 6.28566e-16 0)
(1.5 5.55991e-16 0)
(1.5 -5.21715e-17 0)
(1.5 2.82492e-16 0)
(1.5 2.82757e-16 0)
(1.5 1.70864e-16 0)
(1.5 -7.58313e-16 0)
(1.5 -1.20928e-15 0)
(1.5 -1.23342e-16 0)
(1.5 1.05379e-16 0)
(1.5 6.03671e-16 0)
(1.5 3.13444e-16 0)
(1.5 -2.43839e-16 0)
(1.5 -1.35667e-16 0)
(1.5 2.7137e-17 0)
(1.5 1.22989e-16 0)
(1.5 2.60188e-16 0)
(1.5 4.60867e-16 0)
(1.5 2.86487e-16 0)
(1.5 5.38833e-16 0)
(1.5 3.07907e-16 0)
(1.5 5.34288e-16 0)
(1.5 6.77835e-16 0)
(1.5 9.32788e-16 0)
(1.5 7.86251e-16 0)
(1.5 7.53777e-16 0)
(1.5 1.07408e-15 0)
(1.5 9.16348e-16 0)
(1.5 9.00415e-16 0)
(1.5 6.34249e-16 0)
(1.5 3.9145e-16 0)
(1.5 5.74384e-16 0)
(1.5 2.41846e-16 0)
(1.5 3.13795e-16 0)
(1.5 1.03188e-15 0)
(1.5 1.12354e-15 0)
(1.5 1.30406e-15 0)
(1.5 1.13989e-15 0)
(1.5 3.84531e-16 0)
(1.5 3.7578e-16 0)
(1.5 2.79178e-16 0)
(1.5 -2.21533e-16 0)
(1.5 5.15486e-19 0)
(1.5 1.54391e-16 0)
(1.5 -4.36917e-16 0)
(1.5 -9.01165e-17 0)
(1.5 4.59187e-16 0)
(1.5 6.97602e-16 0)
(1.5 2.21473e-16 0)
(1.5 2.43389e-16 0)
(1.5 -1.29631e-16 0)
(1.5 -4.6408e-16 0)
(1.5 -3.77093e-16 0)
(1.5 -1.62915e-16 0)
(1.5 -5.33062e-17 0)
(1.5 -5.1536e-16 0)
(1.5 -2.16489e-16 0)
(1.5 -1.43051e-16 0)
(1.5 3.68832e-16 0)
(1.5 1.46987e-16 0)
(1.5 -1.08699e-16 0)
(1.5 -1.66675e-16 0)
(1.5 1.02258e-16 0)
(1.5 2.22584e-16 0)
(1.5 -2.20658e-16 0)
(1.5 -5.28109e-16 0)
(1.5 -3.95367e-16 0)
(1.5 -2.6507e-16 0)
(1.5 -1.80384e-16 0)
(1.5 2.57879e-16 0)
(1.5 -1.27701e-17 0)
(1.5 -1.33299e-16 0)
(1.5 -5.42104e-16 0)
(1.5 -1.60321e-16 0)
(1.5 1.70251e-16 0)
(1.5 -6.10806e-17 0)
(1.5 -1.78971e-17 0)
(1.5 -6.29684e-16 0)
(1.5 -5.37979e-16 0)
(1.5 -1.77473e-16 0)
(1.5 -9.97712e-16 0)
(1.5 -1.21911e-15 0)
(1.5 -2.24075e-16 0)
(1.5 1.24324e-16 0)
(1.5 -1.41021e-16 0)
(1.5 -2.25883e-16 0)
(1.5 -1.15925e-15 0)
(1.5 -4.59214e-16 0)
(1.5 -2.31465e-16 0)
(1.5 -4.61991e-16 0)
(1.5 -3.43654e-16 0)
(1.5 -8.24724e-17 0)
(1.5 -1.45526e-16 0)
(1.5 -5.0298e-16 0)
(1.5 -3.79651e-16 0)
(1.5 6.5612e-17 0)
(1.5 6.65555e-16 0)
(1.5 5.67111e-17 0)
(1.5 7.12012e-17 0)
(1.5 -1.93536e-16 0)
(1.5 -6.75331e-16 0)
(1.5 -2.66036e-16 0)
(1.5 2.29337e-16 0)
(1.5 3.14989e-16 0)
(1.5 -8.53486e-17 0)
(1.5 -2.83827e-16 0)
(1.5 -1.75829e-16 0)
(1.5 -4.58901e-17 0)
(1.5 -1.83665e-16 0)
(1.5 -2.31584e-16 0)
(1.5 -2.98221e-16 0)
(1.5 -1.16592e-16 0)
(1.5 -4.36927e-17 0)
(1.5 -9.75764e-16 0)
(1.5 -5.85983e-16 0)
(1.5 -4.03746e-16 0)
(1.5 -5.69612e-16 0)
(1.5 -3.44629e-16 0)
(1.5 -4.2242e-16 0)
(1.5 -8.03264e-16 0)
(1.5 -6.47701e-16 0)
(1.5 -2.54802e-17 0)
(1.5 -2.18591e-16 0)
(1.5 -2.8617e-16 0)
(1.5 -4.56087e-16 0)
(1.5 -1.58063e-16 0)
(1.5 -4.19229e-16 0)
(1.5 -4.51205e-16 0)
(1.5 -7.40923e-16 0)
(1.5 -7.47872e-16 0)
(1.5 -1.0456e-15 0)
(1.5 -7.86971e-16 0)
(1.5 -1.25386e-15 0)
(1.5 -1.0628e-15 0)
(1.5 -1.04038e-15 0)
(1.5 -9.9369e-16 0)
(1.5 -8.64321e-16 0)
(1.5 8.28288e-17 0)
(1.5 2.62039e-16 0)
(1.5 1.46831e-16 0)
(1.5 -6.13974e-16 0)
(1.5 -8.99102e-16 0)
(1.5 -6.82394e-16 0)
(1.5 -5.63451e-18 0)
(1.5 5.20279e-16 0)
(1.5 -4.96946e-16 0)
(1.5 -1.62471e-16 0)
(1.5 -1.61028e-17 0)
(1.5 -2.18001e-16 0)
(1.5 -1.69791e-16 0)
(1.5 5.77495e-16 0)
(1.5 7.48178e-16 0)
(1.5 1.15798e-16 0)
(1.5 -4.29434e-16 0)
(1.5 -9.76108e-16 0)
(1.5 -4.75249e-16 0)
(1.5 -5.77226e-16 0)
(1.5 -4.06288e-16 0)
(1.5 -9.48546e-16 0)
(1.5 -6.02062e-16 0)
(1.5 -6.66109e-16 0)
(1.5 -6.76665e-16 0)
(1.5 -5.45428e-16 0)
(1.5 -8.16804e-16 0)
(1.5 -6.48073e-16 0)
(1.5 -7.88566e-16 0)
(1.5 -1.03971e-15 0)
(1.5 -8.03289e-16 0)
(1.5 -1.86437e-16 0)
(1.5 -2.72319e-16 0)
(1.5 -4.66198e-16 0)
(1.5 -3.16516e-16 0)
(1.5 -4.71437e-16 0)
(1.5 5.32435e-16 0)
(1.5 7.85601e-16 0)
(1.5 1.83128e-16 0)
(1.5 3.74562e-16 0)
(1.5 1.20687e-16 0)
(1.5 -1.14083e-15 0)
(1.5 -1.30193e-15 0)
(1.5 -9.44676e-16 0)
(1.5 -3.3047e-16 0)
(1.5 3.73488e-16 0)
(1.5 -1.07663e-16 0)
(1.5 -1.6153e-16 0)
(1.5 8.85142e-17 0)
(1.5 3.02551e-16 0)
(1.5 -1.22949e-16 0)
(1.5 -5.58704e-16 0)
(1.5 -1.47095e-16 0)
(1.5 9.36735e-17 0)
(1.5 2.56565e-16 0)
(1.5 -3.52885e-16 0)
(1.5 -1.28154e-15 0)
(1.5 -1.55214e-16 0)
(1.5 -1.6394e-17 0)
(1.5 4.08617e-16 0)
(1.5 7.34145e-16 0)
(1.5 4.95171e-16 0)
(1.5 2.09904e-16 0)
(1.5 -2.19299e-16 0)
(1.5 -7.44436e-16 0)
(1.5 -1.70684e-15 0)
(1.5 -1.66291e-15 0)
(1.5 -1.58224e-15 0)
(1.5 -3.73131e-16 0)
(1.5 -3.04266e-16 0)
(1.5 -3.86696e-16 0)
(1.5 -6.03277e-16 0)
(1.5 -3.68965e-16 0)
(1.5 -9.7595e-17 0)
(1.5 -1.06086e-16 0)
(1.5 -3.19197e-18 0)
(1.5 -5.95766e-17 0)
(1.5 -5.83218e-16 0)
(1.5 -1.53825e-16 0)
(1.5 3.97144e-17 0)
(1.5 -7.2545e-17 0)
(1.5 2.60735e-16 0)
(1.5 2.27401e-17 0)
(1.5 -3.93826e-17 0)
(1.5 2.9889e-16 0)
(1.5 9.38311e-16 0)
(1.5 1.30088e-15 0)
(1.5 7.38546e-16 0)
(1.5 5.31984e-16 0)
(1.5 -2.84273e-16 0)
(1.5 -5.01789e-16 0)
(1.5 4.07679e-16 0)
(1.5 7.58083e-16 0)
(1.5 1.37064e-15 0)
(1.5 7.33973e-16 0)
(1.5 6.50213e-16 0)
(1.5 3.36196e-16 0)
(1.5 -2.03454e-16 0)
(1.5 -1.91973e-17 0)
(1.5 7.66721e-16 0)
(1.5 6.36764e-16 0)
(1.5 4.97216e-16 0)
(1.5 -4.57689e-16 0)
(1.5 -5.83589e-16 0)
(1.5 -2.40023e-16 0)
(1.5 -1.18631e-16 0)
(1.5 6.00596e-16 0)
(1.5 7.16804e-16 0)
(1.5 1.36252e-15 0)
(1.5 9.20814e-16 0)
(1.5 1.27282e-16 0)
(1.5 8.09122e-17 0)
(1.5 -1.89619e-17 0)
(1.5 1.03917e-16 0)
(1.5 -2.354e-16 0)
(1.5 -6.69529e-16 0)
(1.5 -7.47701e-16 0)
(1.5 -5.04694e-18 0)
(1.5 -9.24908e-16 0)
(1.5 -6.99026e-16 0)
(1.5 -4.11741e-16 0)
(1.5 -3.19609e-16 0)
(1.5 1.84771e-16 0)
(1.5 2.84398e-16 0)
(1.5 5.74411e-16 0)
(1.5 7.41048e-16 0)
(1.5 1.14889e-15 0)
(1.5 -6.56759e-17 0)
(1.5 -6.48534e-16 0)
(1.5 -1.63436e-16 0)
(1.5 4.73365e-16 0)
(1.5 5.40097e-16 0)
(1.5 3.60987e-16 0)
(1.5 2.94282e-16 0)
(1.5 2.86324e-16 0)
(1.5 -3.55803e-16 0)
(1.5 1.51028e-16 0)
(1.5 4.22737e-17 0)
(1.5 -4.0926e-17 0)
(1.5 4.4332e-16 0)
(1.5 4.24349e-16 0)
(1.5 3.0566e-16 0)
(1.5 2.17626e-16 0)
(1.5 1.22152e-16 0)
(1.5 -2.66434e-17 0)
(1.5 -5.31568e-16 0)
(1.5 -3.54268e-16 0)
(1.5 6.36454e-16 0)
(1.5 7.98069e-16 0)
(1.5 1.66657e-16 0)
(1.5 -1.98176e-15 0)
(1.5 -1.36568e-15 0)
(1.5 -3.25692e-16 0)
(1.5 2.10511e-16 0)
(1.5 -5.08369e-16 0)
(1.5 -4.05907e-16 0)
(1.5 8.31336e-16 0)
(1.5 5.37206e-16 0)
(1.5 1.65586e-16 0)
(1.5 1.76718e-16 0)
(1.5 -9.91069e-18 0)
(1.5 8.39287e-17 0)
(1.5 1.74044e-16 0)
(1.5 -4.52983e-16 0)
(1.5 -8.18599e-16 0)
(1.5 -6.24271e-16 0)
(1.5 -3.61108e-16 0)
(1.5 -3.08833e-16 0)
(1.5 -1.75672e-16 0)
(1.5 -4.96256e-16 0)
(1.5 -4.77835e-16 0)
(1.5 -4.61976e-17 0)
(1.5 3.37652e-16 0)
(1.5 4.0437e-16 0)
(1.5 3.65923e-16 0)
(1.5 2.46182e-17 0)
(1.5 -8.93392e-16 0)
(1.5 -6.93864e-16 0)
(1.5 -4.20337e-16 0)
(1.5 -1.95305e-16 0)
(1.5 -1.83889e-16 0)
(1.5 -4.66482e-16 0)
(1.5 -4.02388e-16 0)
(1.5 -3.70903e-16 0)
(1.5 -9.50554e-16 0)
(1.5 -2.88068e-16 0)
(1.5 -2.08198e-16 0)
(1.5 -4.74202e-16 0)
(1.5 -9.37139e-16 0)
(1.5 -1.47494e-15 0)
(1.5 -7.38295e-16 0)
(1.5 -3.41097e-16 0)
(1.5 -2.44424e-16 0)
(1.5 -2.79237e-16 0)
(1.5 -3.20331e-16 0)
(1.5 3.41443e-16 0)
(1.5 4.18604e-16 0)
(1.5 -7.35006e-16 0)
(1.5 -1.72447e-15 0)
(1.5 -1.70922e-15 0)
(1.5 -7.41647e-16 0)
(1.5 5.1885e-16 0)
(1.5 -1.14694e-16 0)
(1.5 -2.1608e-16 0)
(1.5 -3.82642e-17 0)
(1.5 9.5347e-17 0)
(1.5 9.55393e-17 0)
(1.5 -6.70067e-17 0)
(1.5 -2.41815e-16 0)
(1.5 -2.03055e-16 0)
(1.5 -2.89346e-16 0)
(1.5 -4.13844e-16 0)
(1.5 -5.70546e-16 0)
(1.5 -8.67172e-16 0)
(1.5 -7.55209e-16 0)
(1.5 -5.36519e-16 0)
(1.5 -3.20989e-16 0)
(1.5 -3.69882e-16 0)
(1.5 -3.65904e-16 0)
(1.5 -2.96461e-16 0)
(1.5 -2.49286e-16 0)
(1.5 -2.68523e-18 0)
(1.5 -3.11213e-16 0)
(1.5 -6.82599e-17 0)
(1.5 -2.28031e-16 0)
(1.5 -1.10813e-15 0)
(1.5 -9.2383e-16 0)
(1.5 -4.50467e-16 0)
(1.5 -3.12634e-16 0)
(1.5 -8.38065e-16 0)
(1.5 -6.4306e-16 0)
(1.5 -3.0034e-16 0)
(1.5 -5.55487e-17 0)
(1.5 -3.57479e-17 0)
(1.5 -6.5254e-17 0)
(1.5 -1.06335e-15 0)
(1.5 -1.31879e-15 0)
(1.5 -1.19349e-15 0)
(1.5 -4.52918e-16 0)
(1.5 9.15046e-17 0)
(1.5 1.27159e-15 0)
(1.5 1.01682e-15 0)
(1.5 5.1817e-16 0)
(1.5 2.76306e-16 0)
(1.5 -4.75076e-17 0)
(1.5 -2.35159e-16 0)
(1.5 -4.79018e-16 0)
(1.5 -7.35635e-16 0)
(1.5 -4.44828e-16 0)
(1.5 1.02032e-16 0)
(1.5 -3.17299e-17 0)
(1.5 7.9037e-17 0)
(1.5 -7.36505e-16 0)
(1.5 3.01576e-16 0)
(1.5 2.55222e-16 0)
(1.5 -2.04966e-16 0)
(1.5 -4.24836e-16 0)
(1.5 -5.19018e-16 0)
(1.5 -8.0626e-16 0)
(1.5 -4.00254e-16 0)
(1.5 -6.56594e-16 0)
(1.5 -1.12655e-15 0)
(1.5 -1.90857e-15 0)
(1.5 -1.31623e-15 0)
(1.5 -4.96902e-16 0)
(1.5 -1.13043e-16 0)
(1.5 -2.01869e-16 0)
(1.5 -1.70836e-16 0)
(1.5 -9.23393e-16 0)
(1.5 -9.22443e-16 0)
(1.5 -6.04005e-16 0)
(1.5 -1.1853e-16 0)
(1.5 2.46331e-16 0)
(1.5 -6.01843e-16 0)
(1.5 -3.88333e-16 0)
(1.5 -4.96939e-16 0)
(1.5 1.95475e-16 0)
(1.5 1.65911e-16 0)
(1.5 -3.41543e-16 0)
(1.5 1.4179e-16 0)
(1.5 1.08156e-15 0)
(1.5 8.78844e-16 0)
(1.5 4.18942e-16 0)
(1.5 -2.43402e-16 0)
(1.5 -4.61678e-16 0)
(1.5 -1.92137e-16 0)
(1.5 2.97674e-17 0)
(1.5 2.49146e-16 0)
(1.5 5.418e-16 0)
(1.5 7.66374e-16 0)
(1.5 1.97507e-16 0)
(1.5 -9.15565e-16 0)
(1.5 -2.04447e-16 0)
(1.5 8.6678e-16 0)
(1.5 3.84715e-16 0)
(1.5 5.16269e-16 0)
(1.5 1.08065e-16 0)
(1.5 -2.8595e-16 0)
(1.5 -6.28408e-16 0)
(1.5 -4.52129e-16 0)
(1.5 -7.67776e-16 0)
(1.5 -5.24231e-16 0)
(1.5 -5.87533e-16 0)
(1.5 -6.66945e-16 0)
(1.5 -9.6472e-16 0)
(1.5 -1.21643e-15 0)
(1.5 -1.3259e-15 0)
(1.5 -9.54889e-16 0)
(1.5 -6.87503e-16 0)
(1.5 -9.60034e-16 0)
(1.5 -1.17492e-15 0)
(1.5 -8.82678e-16 0)
(1.5 -1.06468e-18 0)
(1.5 1.53576e-16 0)
(1.5 -3.35633e-16 0)
(1.5 -5.20483e-17 0)
(1.5 -7.21756e-16 0)
(1.5 -1.09384e-15 0)
(1.5 -8.72772e-16 0)
(1.5 -5.20832e-17 0)
(1.5 6.61681e-16 0)
(1.5 2.07297e-16 0)
(1.5 -3.4171e-17 0)
(1.5 -2.91742e-16 0)
(1.5 2.95268e-19 0)
(1.5 5.291e-16 0)
(1.5 2.55637e-16 0)
(1.5 7.25071e-16 0)
(1.5 4.69089e-16 0)
(1.5 1.09586e-15 0)
(1.5 6.29296e-16 0)
(1.5 3.37944e-16 0)
(1.5 -3.4522e-17 0)
(1.5 9.38985e-17 0)
(1.5 4.07316e-16 0)
(1.5 3.54075e-16 0)
(1.5 -7.81101e-17 0)
(1.5 2.48556e-16 0)
(1.5 7.79352e-17 0)
(1.5 -7.83123e-16 0)
(1.5 -4.32042e-16 0)
(1.5 5.85502e-16 0)
(1.5 5.07944e-16 0)
(1.5 8.60057e-16 0)
(1.5 1.46557e-16 0)
(1.5 2.57322e-16 0)
(1.5 4.6454e-16 0)
(1.5 7.04316e-18 0)
(1.5 -1.93326e-16 0)
(1.5 -1.50253e-16 0)
(1.5 4.78109e-16 0)
(1.5 3.87274e-16 0)
(1.5 8.15504e-16 0)
(1.5 6.44683e-16 0)
(1.5 7.18746e-16 0)
(1.5 9.52504e-16 0)
(1.5 -3.01464e-16 0)
(1.5 -1.24215e-15 0)
(1.5 -8.05803e-16 0)
(1.5 -2.67262e-16 0)
(1.5 -5.53989e-16 0)
(1.5 -2.64015e-16 0)
(1.5 -3.58269e-16 0)
(1.5 -3.50974e-16 0)
(1.5 -3.33866e-16 0)
(1.5 1.077e-16 0)
(1.5 8.26201e-16 0)
(1.5 1.31741e-16 0)
(1.5 -6.16298e-16 0)
(1.5 -9.28527e-16 0)
(1.5 -1.08357e-15 0)
(1.5 -1.16167e-15 0)
(1.5 -7.70903e-16 0)
(1.5 -7.20808e-16 0)
(1.5 -5.94514e-16 0)
(1.5 -1.32893e-16 0)
(1.5 -2.38516e-17 0)
(1.5 4.51928e-16 0)
(1.5 1.50983e-16 0)
(1.5 2.5807e-16 0)
(1.5 2.38558e-17 0)
(1.5 -7.96507e-16 0)
(1.5 -8.97176e-16 0)
(1.5 -3.35625e-16 0)
(1.5 -8.08431e-16 0)
(1.5 -9.60268e-16 0)
(1.5 -3.1534e-16 0)
(1.5 7.67321e-16 0)
(1.5 1.18677e-15 0)
(1.5 1.15118e-15 0)
(1.5 -1.14835e-16 0)
(1.5 -3.74716e-16 0)
(1.5 -1.51735e-15 0)
(1.5 -1.09467e-15 0)
(1.5 -1.41138e-15 0)
(1.5 8.56722e-17 0)
(1.5 2.45548e-16 0)
(1.5 3.63643e-16 0)
(1.5 4.98761e-16 0)
(1.5 2.19643e-16 0)
(1.5 6.07707e-16 0)
(1.5 6.98618e-17 0)
(1.5 2.76174e-16 0)
(1.5 1.58066e-17 0)
(1.5 -5.94666e-16 0)
(1.5 -1.62277e-15 0)
(1.5 -9.10872e-16 0)
(1.5 4.78806e-16 0)
(1.5 6.5912e-16 0)
(1.5 6.63083e-16 0)
(1.5 -4.68783e-16 0)
(1.5 4.18928e-17 0)
(1.5 9.72711e-16 0)
(1.5 -1.84345e-16 0)
(1.5 2.0082e-16 0)
(1.5 1.07138e-16 0)
(1.5 4.71499e-16 0)
(1.5 2.23131e-16 0)
(1.5 6.36147e-16 0)
(1.5 9.46427e-16 0)
(1.5 8.67053e-16 0)
(1.5 1.96624e-16 0)
(1.5 -5.00698e-16 0)
(1.5 -4.00215e-16 0)
(1.5 1.6075e-16 0)
(1.5 -2.69498e-16 0)
(1.5 -1.04598e-15 0)
(1.5 -8.68621e-16 0)
(1.5 -2.32078e-16 0)
(1.5 -8.40308e-17 0)
(1.5 2.58826e-16 0)
(1.5 3.27873e-17 0)
(1.5 -1.84231e-16 0)
(1.5 -1.52771e-16 0)
(1.5 3.56672e-16 0)
(1.5 -1.48442e-17 0)
(1.5 -4.90644e-16 0)
(1.5 -3.24992e-16 0)
(1.5 2.98767e-16 0)
(1.5 4.48002e-16 0)
(1.5 5.57595e-16 0)
(1.5 4.76621e-16 0)
(1.5 3.62474e-16 0)
(1.5 2.58141e-16 0)
(1.5 2.91634e-16 0)
(1.5 5.86989e-17 0)
(1.5 -2.76933e-16 0)
(1.5 -2.30918e-16 0)
(1.5 6.07759e-16 0)
(1.5 4.09238e-16 0)
(1.5 2.66911e-16 0)
(1.5 -4.6005e-16 0)
(1.5 -5.22484e-16 0)
(1.5 4.27502e-16 0)
(1.5 4.53753e-16 0)
(1.5 7.68026e-16 0)
(1.5 4.87158e-16 0)
(1.5 7.51007e-16 0)
(1.5 3.69722e-16 0)
(1.5 -6.39873e-17 0)
(1.5 -5.31404e-16 0)
(1.5 -4.7544e-17 0)
(1.5 -1.15939e-16 0)
(1.5 -2.31525e-16 0)
(1.5 -9.93801e-17 0)
(1.5 3.72034e-16 0)
(1.5 5.93239e-16 0)
(1.5 4.75384e-16 0)
(1.5 5.07261e-16 0)
(1.5 3.04557e-16 0)
(1.5 -1.17499e-16 0)
(1.5 1.2637e-16 0)
(1.5 2.10047e-16 0)
(1.5 5.40942e-16 0)
(1.5 1.0167e-15 0)
(1.5 3.96582e-16 0)
(1.5 1.36464e-16 0)
(1.5 7.22402e-17 0)
(1.5 3.07042e-16 0)
(1.5 1.503e-16 0)
(1.5 -3.59439e-16 0)
(1.5 -9.92328e-16 0)
(1.5 -9.15145e-16 0)
(1.5 -8.34797e-16 0)
(1.5 -1.07213e-15 0)
(1.5 -4.34259e-16 0)
(1.5 2.9223e-17 0)
(1.5 -7.54053e-16 0)
(1.5 -8.52113e-16 0)
(1.5 -3.06275e-16 0)
(1.5 3.31513e-16 0)
(1.5 2.69497e-16 0)
(1.5 -2.3052e-16 0)
(1.5 -6.60498e-16 0)
(1.5 -8.01011e-17 0)
(1.5 3.29084e-16 0)
(1.5 4.8066e-16 0)
(1.5 -4.60021e-16 0)
(1.5 -7.32455e-16 0)
(1.5 -1.00692e-16 0)
(1.5 2.60097e-16 0)
(1.5 1.87146e-16 0)
(1.5 -6.40522e-16 0)
(1.5 -6.79155e-16 0)
(1.5 -4.06174e-16 0)
(1.5 3.87307e-17 0)
(1.5 4.30496e-16 0)
(1.5 2.75115e-16 0)
(1.5 2.83888e-16 0)
(1.5 -6.03449e-17 0)
(1.5 -2.16183e-16 0)
(1.5 -5.8654e-16 0)
(1.5 -6.55599e-16 0)
(1.5 -3.15795e-16 0)
(1.5 3.5276e-16 0)
(1.5 3.77096e-16 0)
(1.5 2.02567e-16 0)
(1.5 -5.86016e-17 0)
(1.5 -1.15751e-16 0)
(1.5 9.16045e-16 0)
(1.5 5.64945e-16 0)
(1.5 1.96411e-16 0)
(1.5 3.91075e-16 0)
(1.5 2.36664e-16 0)
(1.5 9.84419e-16 0)
(1.5 6.61374e-16 0)
(1.5 5.14411e-16 0)
(1.5 7.91933e-17 0)
(1.5 1.04793e-15 0)
(1.5 7.12245e-16 0)
(1.5 6.76824e-16 0)
(1.5 8.12018e-16 0)
(1.5 1.63593e-16 0)
(1.5 1.42952e-16 0)
(1.5 -1.77875e-16 0)
(1.5 4.31391e-16 0)
(1.5 1.40313e-15 0)
(1.5 1.37338e-15 0)
(1.5 1.22023e-15 0)
(1.5 6.84628e-16 0)
(1.5 2.10034e-16 0)
(1.5 -1.11425e-15 0)
(1.5 -2.51239e-16 0)
(1.5 -2.01445e-16 0)
(1.5 -5.55305e-17 0)
(1.5 7.62183e-17 0)
(1.5 1.13967e-17 0)
(1.5 -4.37688e-16 0)
(1.5 -4.41445e-16 0)
(1.5 -3.69914e-16 0)
(1.5 -5.30809e-16 0)
(1.5 -4.1127e-16 0)
(1.5 -5.91807e-16 0)
(1.5 -5.7755e-16 0)
(1.5 -4.42536e-16 0)
(1.5 -2.05236e-16 0)
(1.5 7.27368e-17 0)
(1.5 2.09678e-16 0)
(1.5 2.68713e-16 0)
(1.5 -3.01445e-17 0)
(1.5 6.77787e-18 0)
(1.5 4.54145e-16 0)
(1.5 -9.27999e-17 0)
(1.5 -5.82271e-16 0)
(1.5 -5.22855e-16 0)
(1.5 -4.92016e-17 0)
(1.5 2.89604e-17 0)
(1.5 -2.50805e-19 0)
(1.5 -6.6687e-17 0)
(1.5 -3.04098e-16 0)
(1.5 -1.46827e-16 0)
(1.5 -2.49726e-16 0)
(1.5 4.15214e-16 0)
(1.5 3.71966e-16 0)
(1.5 3.10279e-16 0)
(1.5 -1.97133e-17 0)
(1.5 -9.16363e-17 0)
(1.5 -9.77751e-16 0)
(1.5 -1.39372e-15 0)
(1.5 -5.00947e-16 0)
(1.5 -2.04741e-16 0)
(1.5 -2.93801e-17 0)
(1.5 -4.01963e-16 0)
(1.5 1.10722e-16 0)
(1.5 -1.07027e-17 0)
(1.5 5.58905e-16 0)
(1.5 -7.12286e-17 0)
(1.5 -6.57503e-16 0)
(1.5 -3.0676e-16 0)
(1.5 -5.32483e-16 0)
(1.5 -2.35016e-18 0)
(1.5 3.44571e-16 0)
(1.5 9.66834e-16 0)
(1.5 5.02372e-16 0)
(1.5 4.7748e-16 0)
(1.5 1.28271e-15 0)
(1.5 1.0615e-15 0)
(1.5 5.50757e-16 0)
(1.5 1.86671e-16 0)
(1.5 -1.89515e-16 0)
(1.5 -6.17138e-16 0)
(1.5 -2.28996e-16 0)
(1.5 8.86756e-17 0)
(1.5 4.86497e-17 0)
(1.5 -2.70119e-17 0)
(1.5 1.84538e-16 0)
(1.5 -5.12643e-16 0)
(1.5 -7.0752e-16 0)
(1.5 -6.2557e-16 0)
(1.5 -3.58044e-16 0)
(1.5 2.77053e-17 0)
(1.5 -2.8348e-16 0)
(1.5 -1.05802e-16 0)
(1.5 -1.67375e-16 0)
(1.5 -4.96677e-16 0)
(1.5 -3.70234e-16 0)
(1.5 -2.70551e-16 0)
(1.5 -6.24436e-17 0)
(1.5 2.00395e-17 0)
(1.5 1.51864e-16 0)
(1.5 -3.90353e-17 0)
(1.5 4.67028e-17 0)
(1.5 -4.17898e-16 0)
(1.5 4.13807e-16 0)
(1.5 5.01035e-16 0)
(1.5 2.63022e-16 0)
(1.5 1.84962e-16 0)
(1.5 2.83423e-16 0)
(1.5 -3.55067e-16 0)
(1.5 1.08122e-16 0)
(1.5 9.71773e-17 0)
(1.5 6.23545e-16 0)
(1.5 4.93071e-16 0)
(1.5 -1.12001e-17 0)
(1.5 -7.69864e-17 0)
(1.5 -1.90149e-16 0)
(1.5 -2.26636e-16 0)
(1.5 -1.60274e-16 0)
(1.5 4.78713e-17 0)
(1.5 8.0791e-17 0)
(1.5 -2.33764e-17 0)
(1.5 -6.45128e-16 0)
(1.5 -3.12812e-16 0)
(1.5 -7.85956e-16 0)
(1.5 -1.17456e-16 0)
(1.5 6.6978e-17 0)
(1.5 1.77699e-16 0)
(1.5 5.98673e-17 0)
(1.5 -2.45977e-16 0)
(1.5 -1.24896e-16 0)
(1.5 -1.08754e-16 0)
(1.5 1.46006e-16 0)
(1.5 -2.84537e-16 0)
(1.5 -6.73813e-16 0)
(1.5 -2.35374e-16 0)
(1.5 -3.46721e-16 0)
(1.5 8.17815e-17 0)
(1.5 -2.16194e-16 0)
(1.5 2.76067e-16 0)
(1.5 7.23956e-16 0)
(1.5 -3.6805e-16 0)
(1.5 8.21806e-18 0)
(1.5 -4.82589e-16 0)
(1.5 -7.62793e-16 0)
(1.5 -6.38126e-16 0)
(1.5 2.35993e-16 0)
(1.5 -1.80428e-17 0)
(1.5 -3.31879e-16 0)
(1.5 -3.05093e-16 0)
(1.5 -1.10163e-16 0)
(1.5 -4.50715e-16 0)
(1.5 -1.12036e-16 0)
(1.5 -2.49187e-16 0)
(1.5 1.36256e-16 0)
(1.5 -2.7662e-16 0)
(1.5 9.79299e-17 0)
(1.5 1.09651e-16 0)
(1.5 5.17489e-16 0)
(1.5 -1.39304e-16 0)
(1.5 -9.50569e-16 0)
(1.5 -1.08987e-15 0)
(1.5 -6.85319e-16 0)
(1.5 -5.30462e-16 0)
(1.5 -1.64727e-16 0)
(1.5 7.79691e-16 0)
(1.5 4.82492e-16 0)
(1.5 1.80672e-17 0)
(1.5 -3.43916e-16 0)
(1.5 -2.83317e-16 0)
(1.5 1.66891e-15 0)
(1.5 1.16332e-15 0)
(1.5 4.91106e-16 0)
(1.5 3.71636e-16 0)
(1.5 1.06867e-16 0)
(1.5 -1.33183e-16 0)
(1.5 -5.46479e-16 0)
(1.5 5.10712e-17 0)
(1.5 7.37399e-16 0)
(1.5 2.59608e-16 0)
(1.5 -8.86122e-16 0)
(1.5 -3.20613e-16 0)
(1.5 -4.13067e-16 0)
(1.5 -4.82305e-16 0)
(1.5 -4.04832e-16 0)
(1.5 -3.72051e-16 0)
(1.5 -7.27187e-16 0)
(1.5 -9.35228e-16 0)
(1.5 -1.02698e-15 0)
(1.5 -7.46235e-16 0)
(1.5 -2.2925e-16 0)
(1.5 8.5554e-16 0)
(1.5 5.25494e-16 0)
(1.5 2.80067e-16 0)
(1.5 2.6201e-16 0)
(1.5 -4.79851e-17 0)
(1.5 1.17981e-16 0)
(1.5 -1.41742e-16 0)
(1.5 -6.28074e-16 0)
(1.5 1.84816e-17 0)
(1.5 7.2418e-16 0)
(1.5 2.56892e-16 0)
(1.5 3.04024e-16 0)
(1.5 5.90449e-16 0)
(1.5 4.39317e-16 0)
(1.5 1.20693e-16 0)
(1.5 -1.26945e-16 0)
(1.5 -5.72982e-16 0)
(1.5 -8.91263e-16 0)
(1.5 -1.05873e-15 0)
(1.5 -1.63071e-15 0)
(1.5 -1.42812e-15 0)
(1.5 -4.52785e-16 0)
(1.5 5.83228e-16 0)
(1.5 5.15057e-16 0)
(1.5 5.63857e-16 0)
(1.5 9.20734e-16 0)
(1.5 4.06473e-16 0)
(1.5 1.24072e-16 0)
(1.5 -2.59356e-16 0)
(1.5 -1.69533e-16 0)
(1.5 2.31789e-16 0)
(1.5 4.67885e-16 0)
(1.5 -8.4679e-18 0)
(1.5 -1.50272e-16 0)
(1.5 -7.95271e-16 0)
(1.5 7.52233e-18 0)
(1.5 -1.43133e-16 0)
(1.5 6.83325e-17 0)
(1.5 6.95975e-16 0)
(1.5 7.94088e-16 0)
(1.5 1.16728e-15 0)
(1.5 6.48697e-16 0)
(1.5 -1.03872e-16 0)
(1.5 -1.01856e-15 0)
(1.5 5.02039e-16 0)
(1.5 2.0447e-15 0)
(1.5 1.59223e-15 0)
(1.5 2.44438e-16 0)
(1.5 -1.95328e-16 0)
(1.5 -3.83566e-16 0)
(1.5 -2.36201e-16 0)
(1.5 -2.88966e-16 0)
(1.5 -3.66131e-16 0)
(1.5 1.1196e-16 0)
(1.5 -4.56156e-16 0)
(1.5 -4.58331e-16 0)
(1.5 3.13161e-16 0)
(1.5 6.7699e-16 0)
(1.5 7.39241e-17 0)
(1.5 3.06222e-16 0)
(1.5 2.03698e-16 0)
(1.5 -1.62963e-16 0)
(1.5 -4.77005e-16 0)
(1.5 -3.06576e-17 0)
(1.5 1.81784e-16 0)
(1.5 6.70422e-16 0)
(1.5 7.0278e-16 0)
(1.5 4.76893e-16 0)
(1.5 -3.92329e-16 0)
(1.5 -2.07098e-16 0)
(1.5 1.29606e-16 0)
(1.5 1.55771e-16 0)
(1.5 2.02719e-16 0)
(1.5 -1.35155e-15 0)
(1.5 -7.8516e-16 0)
(1.5 1.67362e-16 0)
(1.5 -5.57868e-16 0)
(1.5 -5.22101e-16 0)
(1.5 -3.30366e-16 0)
(1.5 -4.53498e-16 0)
(1.5 -8.54581e-16 0)
(1.5 -1.91929e-15 0)
(1.5 -1.1209e-15 0)
(1.5 -7.40184e-16 0)
(1.5 -4.49764e-16 0)
(1.5 -6.38769e-16 0)
(1.5 -6.20321e-16 0)
(1.5 -4.76004e-16 0)
(1.5 5.51452e-16 0)
(1.5 7.71378e-16 0)
(1.5 7.61154e-16 0)
(1.5 7.60698e-16 0)
(1.5 2.0381e-16 0)
(1.5 -2.87339e-16 0)
(1.5 -1.04977e-16 0)
(1.5 6.73237e-16 0)
(1.5 -4.93898e-17 0)
(1.5 7.85995e-17 0)
(1.5 -1.38387e-15 0)
(1.5 -1.14203e-15 0)
(1.5 -3.83665e-16 0)
(1.5 1.31166e-15 0)
(1.5 1.16431e-15 0)
(1.5 4.57826e-16 0)
(1.5 3.56279e-16 0)
(1.5 9.61654e-16 0)
(1.5 2.01793e-15 0)
(1.5 1.50507e-15 0)
(1.5 2.23328e-16 0)
(1.5 -6.2188e-16 0)
(1.5 -2.36541e-17 0)
(1.5 -5.30647e-16 0)
(1.5 -1.15733e-17 0)
(1.5 -4.84187e-16 0)
(1.5 -2.51983e-16 0)
(1.5 7.53556e-17 0)
(1.5 -4.62618e-16 0)
(1.5 1.55526e-16 0)
(1.5 -2.31252e-16 0)
(1.5 -5.47357e-16 0)
(1.5 -5.43137e-16 0)
(1.5 7.04586e-17 0)
(1.5 1.35908e-16 0)
(1.5 3.95471e-16 0)
(1.5 2.14549e-16 0)
(1.5 6.65763e-16 0)
(1.5 1.27414e-16 0)
(1.5 -3.14521e-16 0)
(1.5 -5.14087e-16 0)
(1.5 -1.79168e-16 0)
(1.5 -4.70701e-16 0)
(1.5 4.28932e-16 0)
(1.5 3.47576e-16 0)
(1.5 5.15647e-16 0)
(1.5 -4.57135e-16 0)
(1.5 -4.50998e-16 0)
(1.5 -2.23104e-16 0)
(1.5 2.83162e-16 0)
(1.5 6.38766e-16 0)
(1.5 8.2318e-17 0)
(1.5 -6.28324e-16 0)
(1.5 -1.07747e-15 0)
(1.5 -8.27734e-16 0)
(1.5 -1.17582e-15 0)
(1.5 -1.39853e-15 0)
(1.5 -1.56702e-15 0)
(1.5 -1.4404e-15 0)
(1.5 -1.65392e-15 0)
(1.5 -7.94883e-16 0)
(1.5 -4.18245e-16 0)
(1.5 -2.60316e-16 0)
(1.5 6.68042e-16 0)
(1.5 4.35043e-16 0)
(1.5 1.64746e-16 0)
(1.5 5.5249e-16 0)
(1.5 4.46203e-16 0)
(1.5 -5.98019e-16 0)
(1.5 -8.31864e-16 0)
(1.5 -4.19153e-16 0)
(1.5 2.94058e-17 0)
(1.5 8.29468e-16 0)
(1.5 8.63393e-16 0)
(1.5 4.82403e-16 0)
(1.5 -1.84036e-16 0)
(1.5 -9.24592e-17 0)
(1.5 3.53344e-16 0)
(1.5 1.25214e-15 0)
(1.5 9.6682e-16 0)
(1.5 8.29976e-16 0)
(1.5 -7.70283e-17 0)
(1.5 -2.53291e-16 0)
(1.5 -2.38162e-17 0)
(1.5 1.94175e-16 0)
(1.5 -1.72189e-16 0)
(1.5 -1.69353e-16 0)
(1.5 2.13316e-16 0)
(1.5 -3.43345e-16 0)
(1.5 -2.78652e-15 0)
(1.5 -2.25487e-15 0)
(1.5 -1.52013e-15 0)
(1.5 -5.23249e-16 0)
(1.5 -1.41752e-16 0)
(1.5 -1.00606e-16 0)
(1.5 1.85087e-16 0)
(1.5 2.51007e-17 0)
(1.5 -3.89077e-16 0)
(1.5 5.21351e-16 0)
(1.5 1.04506e-15 0)
(1.5 5.51093e-16 0)
(1.5 5.16028e-16 0)
(1.5 6.0622e-16 0)
(1.5 5.12834e-16 0)
(1.5 2.74432e-16 0)
(1.5 1.33286e-16 0)
(1.5 1.22826e-16 0)
(1.5 2.15762e-16 0)
(1.5 4.83962e-17 0)
(1.5 4.52444e-17 0)
(1.5 -4.24042e-16 0)
(1.5 5.18732e-16 0)
(1.5 1.17111e-15 0)
(1.5 5.75296e-16 0)
(1.5 8.77444e-16 0)
(1.5 6.35825e-16 0)
(1.5 2.10102e-16 0)
(1.5 6.39502e-16 0)
(1.5 2.53812e-17 0)
(1.5 -7.61261e-16 0)
(1.5 -2.24409e-17 0)
(1.5 -3.8128e-16 0)
(1.5 -5.33818e-16 0)
(1.5 -9.40735e-17 0)
(1.5 2.2509e-16 0)
(1.5 -1.07737e-16 0)
(1.5 -3.81579e-16 0)
(1.5 -9.97606e-16 0)
(1.5 -5.88659e-16 0)
(1.5 2.94572e-16 0)
(1.5 3.14132e-16 0)
(1.5 -4.4499e-17 0)
(1.5 -1.78075e-16 0)
(1.5 4.6195e-16 0)
(1.5 2.12579e-16 0)
(1.5 -1.11441e-15 0)
(1.5 -6.97987e-16 0)
(1.5 -1.14548e-15 0)
(1.5 -4.15746e-16 0)
(1.5 -3.64596e-16 0)
(1.5 1.0419e-15 0)
(1.5 1.01893e-15 0)
(1.5 7.95691e-16 0)
(1.5 6.04139e-16 0)
(1.5 1.62744e-16 0)
(1.5 -4.19555e-16 0)
(1.5 -8.54278e-16 0)
(1.5 -5.90181e-16 0)
(1.5 -3.3282e-16 0)
(1.5 -7.95914e-16 0)
(1.5 -1.68178e-15 0)
(1.5 -1.83598e-15 0)
(1.5 -1.2246e-15 0)
(1.5 -4.38177e-16 0)
(1.5 -1.13595e-15 0)
(1.5 -1.38783e-15 0)
(1.5 -1.62605e-15 0)
(1.5 -6.40939e-16 0)
(1.5 -1.19523e-15 0)
(1.5 -1.41043e-15 0)
(1.5 -2.88627e-16 0)
(1.5 -9.63152e-16 0)
(1.5 -7.47683e-16 0)
(1.5 -1.29354e-17 0)
(1.5 -4.14007e-17 0)
(1.5 5.05648e-16 0)
(1.5 1.99954e-16 0)
(1.5 7.12643e-16 0)
(1.5 5.65327e-17 0)
(1.5 -8.03036e-17 0)
(1.5 -1.90277e-17 0)
(1.5 -1.35964e-16 0)
(1.5 -7.95517e-17 0)
(1.5 -3.41343e-16 0)
(1.5 1.05648e-16 0)
(1.5 -4.85895e-17 0)
(1.5 -6.06809e-16 0)
(1.5 -7.1021e-16 0)
(1.5 3.38893e-16 0)
(1.5 2.50958e-16 0)
(1.5 1.37321e-16 0)
(1.5 -4.59785e-16 0)
(1.5 -7.5942e-16 0)
(1.5 1.32135e-16 0)
(1.5 2.91111e-16 0)
(1.5 2.31032e-16 0)
(1.5 4.28332e-16 0)
(1.5 4.41977e-16 0)
(1.5 5.04219e-16 0)
(1.5 7.19334e-16 0)
(1.5 1.10829e-15 0)
(1.5 1.38809e-15 0)
(1.5 3.31577e-16 0)
(1.5 -6.35772e-16 0)
(1.5 -2.07764e-16 0)
(1.5 -7.12606e-16 0)
(1.5 -8.69784e-16 0)
(1.5 -7.00461e-16 0)
(1.5 -4.07844e-16 0)
(1.5 -6.30712e-18 0)
(1.5 4.65721e-16 0)
(1.5 -2.27189e-17 0)
(1.5 -7.0698e-16 0)
(1.5 -1.28745e-15 0)
(1.5 -1.22397e-15 0)
(1.5 -7.17236e-16 0)
(1.5 3.23842e-16 0)
(1.5 9.77641e-16 0)
(1.5 7.64747e-16 0)
(1.5 5.01134e-16 0)
(1.5 -8.27381e-17 0)
(1.5 -1.12915e-15 0)
(1.5 -7.96287e-16 0)
(1.5 -7.69306e-16 0)
(1.5 -8.32264e-16 0)
(1.5 -9.22028e-16 0)
(1.5 -1.33976e-15 0)
(1.5 -6.70044e-16 0)
(1.5 -1.34455e-15 0)
(1.5 -1.89513e-15 0)
(1.5 -1.47386e-15 0)
(1.5 -3.02879e-16 0)
(1.5 5.36347e-16 0)
(1.5 4.16908e-16 0)
(1.5 -6.85481e-16 0)
(1.5 -1.23441e-15 0)
(1.5 -6.1833e-16 0)
(1.5 -4.81524e-16 0)
(1.5 1.55469e-16 0)
(1.5 5.36834e-16 0)
(1.5 1.36466e-16 0)
(1.5 4.37271e-17 0)
(1.5 4.00022e-16 0)
(1.5 1.28036e-16 0)
(1.5 -1.46405e-16 0)
(1.5 -1.64378e-16 0)
(1.5 -1.22737e-15 0)
(1.5 -9.47577e-16 0)
(1.5 -9.42445e-16 0)
(1.5 -5.57547e-16 0)
(1.5 -6.26027e-16 0)
(1.5 -1.15209e-16 0)
(1.5 3.39174e-16 0)
(1.5 -1.02313e-16 0)
(1.5 -1.84586e-16 0)
(1.5 3.30186e-16 0)
(1.5 -3.63165e-17 0)
(1.5 -4.07504e-16 0)
(1.5 -7.76653e-16 0)
(1.5 -2.59412e-16 0)
(1.5 4.97297e-16 0)
(1.5 7.89361e-16 0)
(1.5 6.42273e-16 0)
(1.5 1.04343e-15 0)
(1.5 6.89623e-16 0)
(1.5 8.34138e-16 0)
(1.5 6.14001e-16 0)
(1.5 1.16331e-15 0)
(1.5 1.26451e-15 0)
(1.5 6.00886e-16 0)
(1.5 2.44191e-17 0)
(1.5 -8.34834e-16 0)
(1.5 -6.21232e-16 0)
(1.5 9.67576e-17 0)
(1.5 5.36761e-16 0)
(1.5 -2.61502e-16 0)
(1.5 -4.91672e-16 0)
(1.5 4.88395e-16 0)
(1.5 -4.90693e-16 0)
(1.5 -6.10646e-16 0)
(1.5 -9.17647e-16 0)
(1.5 -4.65193e-16 0)
(1.5 -1.48017e-16 0)
(1.5 1.86038e-16 0)
(1.5 1.01129e-15 0)
(1.5 1.96698e-16 0)
(1.5 -5.34143e-16 0)
(1.5 -1.76624e-16 0)
(1.5 1.63223e-16 0)
(1.5 4.88364e-17 0)
(1.5 -8.16386e-17 0)
(1.5 -1.00586e-15 0)
(1.5 -2.14597e-15 0)
(1.5 -1.27529e-15 0)
(1.5 -1.02199e-15 0)
(1.5 -1.40961e-15 0)
(1.5 -8.0904e-16 0)
(1.5 -3.76582e-16 0)
(1.5 6.90112e-17 0)
(1.5 -4.16108e-16 0)
(1.5 -1.18488e-15 0)
(1.5 -1.6158e-15 0)
(1.5 -1.65099e-15 0)
(1.5 -5.61593e-16 0)
(1.5 2.93183e-16 0)
(1.5 5.85693e-17 0)
(1.5 1.74923e-16 0)
(1.5 -5.06774e-16 0)
(1.5 -2.46495e-18 0)
(1.5 -8.42054e-16 0)
(1.5 -9.26825e-16 0)
(1.5 -1.32043e-15 0)
(1.5 -1.46686e-15 0)
(1.5 -7.24849e-16 0)
(1.5 -6.95315e-16 0)
(1.5 -7.21493e-16 0)
(1.5 -1.8805e-15 0)
(1.5 -9.36188e-16 0)
(1.5 9.38292e-16 0)
(1.5 6.6644e-16 0)
(1.5 -6.50564e-16 0)
(1.5 1.77484e-16 0)
(1.5 -2.83027e-16 0)
(1.5 -6.78749e-16 0)
(1.5 -9.02108e-16 0)
(1.5 2.19482e-17 0)
(1.5 7.38215e-18 0)
(1.5 -3.59965e-16 0)
(1.5 -3.16575e-16 0)
(1.5 -5.24723e-16 0)
(1.5 -1.1191e-15 0)
(1.5 -2.64264e-16 0)
(1.5 -5.26115e-16 0)
(1.5 -2.89824e-16 0)
(1.5 3.6677e-16 0)
(1.5 9.31548e-16 0)
(1.5 -1.79166e-16 0)
(1.5 -6.32035e-16 0)
(1.5 1.03565e-16 0)
(1.5 6.69284e-16 0)
(1.5 -1.26792e-16 0)
(1.5 -2.46391e-16 0)
(1.5 -1.47971e-16 0)
(1.5 -1.54157e-16 0)
(1.5 -4.52655e-16 0)
(1.5 -1.07946e-15 0)
(1.5 -6.91091e-16 0)
(1.5 -4.29617e-17 0)
(1.5 -1.88855e-16 0)
(1.5 -5.70988e-16 0)
(1.5 1.98122e-16 0)
(1.5 2.2664e-16 0)
(1.5 4.10999e-16 0)
(1.5 5.01926e-16 0)
(1.5 7.21168e-16 0)
(1.5 4.74077e-16 0)
(1.5 -1.29863e-16 0)
(1.5 -9.13128e-16 0)
(1.5 -1.03517e-15 0)
(1.5 -8.97432e-16 0)
(1.5 -2.68714e-16 0)
(1.5 1.36772e-16 0)
(1.5 5.24983e-17 0)
(1.5 -3.64301e-17 0)
(1.5 -6.60255e-16 0)
(1.5 -9.75041e-16 0)
(1.5 -2.06825e-16 0)
(1.5 -3.67365e-16 0)
(1.5 -5.13114e-16 0)
(1.5 -1.45905e-16 0)
(1.5 -1.76115e-16 0)
(1.5 -3.68432e-16 0)
(1.5 -3.63369e-16 0)
(1.5 -4.53375e-16 0)
(1.5 1.56492e-16 0)
(1.5 5.61452e-17 0)
(1.5 -2.55235e-16 0)
(1.5 -5.93451e-16 0)
(1.5 1.67221e-16 0)
(1.5 -1.41867e-16 0)
(1.5 -9.89529e-17 0)
(1.5 -1.50099e-16 0)
(1.5 -4.97495e-16 0)
(1.5 -7.92199e-16 0)
(1.5 2.37106e-16 0)
(1.5 6.92377e-16 0)
(1.5 1.14088e-16 0)
(1.5 -1.71719e-16 0)
(1.5 -4.17854e-16 0)
(1.5 -2.91506e-16 0)
(1.5 -4.28472e-16 0)
(1.5 4.81623e-16 0)
(1.5 -6.0729e-16 0)
(1.5 -1.15138e-15 0)
(1.5 -1.53313e-15 0)
(1.5 -1.6997e-15 0)
(1.5 -2.1017e-15 0)
(1.5 -2.06493e-15 0)
(1.5 -9.63509e-16 0)
(1.5 -6.57692e-16 0)
(1.5 2.22634e-16 0)
(1.5 3.57176e-16 0)
(1.5 1.14202e-16 0)
(1.5 -2.54374e-16 0)
(1.5 -3.67037e-16 0)
(1.5 -4.82948e-16 0)
(1.5 -6.79798e-17 0)
(1.5 -4.49574e-16 0)
(1.5 -8.92517e-17 0)
(1.5 -5.83249e-16 0)
(1.5 -3.79755e-16 0)
(1.5 -3.53781e-16 0)
(1.5 -6.45227e-17 0)
(1.5 8.21603e-17 0)
(1.5 -7.50968e-16 0)
(1.5 -1.44947e-15 0)
(1.5 -1.05352e-15 0)
(1.5 -3.26302e-16 0)
(1.5 1.2717e-15 0)
(1.5 1.05065e-15 0)
(1.5 9.05671e-16 0)
(1.5 6.79833e-16 0)
(1.5 -3.49652e-16 0)
(1.5 -3.46622e-16 0)
(1.5 -1.02581e-17 0)
(1.5 -8.9743e-18 0)
(1.5 2.09463e-16 0)
(1.5 4.63067e-16 0)
(1.5 2.06557e-16 0)
(1.5 2.969e-16 0)
(1.5 7.01055e-17 0)
(1.5 -1.29774e-16 0)
(1.5 5.38502e-16 0)
(1.5 6.20439e-16 0)
(1.5 6.85394e-16 0)
(1.5 7.76015e-16 0)
(1.5 1.12166e-16 0)
(1.5 -2.79294e-16 0)
(1.5 1.46361e-17 0)
(1.5 6.42339e-16 0)
(1.5 1.2214e-15 0)
(1.5 8.98105e-16 0)
(1.5 8.05122e-16 0)
(1.5 8.32831e-16 0)
(1.5 1.22654e-15 0)
(1.5 1.10652e-15 0)
(1.5 1.17253e-15 0)
(1.5 1.09821e-15 0)
(1.5 1.07509e-15 0)
(1.5 4.9794e-16 0)
(1.5 -2.61836e-16 0)
(1.5 1.9948e-16 0)
(1.5 1.17798e-15 0)
(1.5 4.09937e-16 0)
(1.5 5.63277e-16 0)
(1.5 4.76307e-16 0)
(1.5 6.10449e-16 0)
(1.5 -1.91942e-16 0)
(1.5 -3.3503e-16 0)
(1.5 -1.34084e-16 0)
(1.5 -2.82481e-16 0)
(1.5 -1.14994e-16 0)
(1.5 -7.42172e-17 0)
(1.5 -4.53505e-16 0)
(1.5 6.30503e-17 0)
(1.5 -1.13344e-15 0)
(1.5 -1.11568e-15 0)
(1.5 -1.0439e-15 0)
(1.5 -2.76284e-16 0)
(1.5 1.83986e-16 0)
(1.5 -8.80278e-16 0)
(1.5 -1.28427e-15 0)
(1.5 -5.85165e-17 0)
(1.5 1.08074e-16 0)
(1.5 2.75518e-16 0)
(1.5 7.74728e-17 0)
(1.5 3.22742e-16 0)
(1.5 6.51837e-16 0)
(1.5 7.62682e-16 0)
(1.5 3.22336e-16 0)
(1.5 -4.66007e-16 0)
(1.5 -6.08577e-16 0)
(1.5 -2.05039e-15 0)
(1.5 -2.06566e-15 0)
(1.5 -1.01396e-15 0)
(1.5 -2.561e-16 0)
(1.5 -8.52801e-17 0)
(1.5 3.58921e-16 0)
(1.5 5.43925e-16 0)
(1.5 6.31271e-16 0)
(1.5 4.64947e-16 0)
(1.5 -2.21253e-16 0)
(1.5 -5.45096e-16 0)
(1.5 -2.2431e-16 0)
(1.5 9.9297e-17 0)
(1.5 -4.89889e-17 0)
(1.5 -5.73367e-16 0)
(1.5 -9.2273e-17 0)
(1.5 5.97929e-16 0)
(1.5 6.41894e-16 0)
(1.5 6.56595e-16 0)
(1.5 -2.71522e-16 0)
(1.5 -4.21346e-16 0)
(1.5 -3.51957e-16 0)
(1.5 -1.46649e-16 0)
(1.5 5.40767e-16 0)
(1.5 3.44535e-16 0)
(1.5 1.45673e-16 0)
(1.5 6.93478e-16 0)
(1.5 3.76841e-16 0)
(1.5 4.60956e-16 0)
(1.5 3.68811e-17 0)
(1.5 4.60158e-16 0)
(1.5 3.47436e-16 0)
(1.5 8.91217e-16 0)
(1.5 5.24508e-16 0)
(1.5 -3.89427e-16 0)
(1.5 -3.08753e-16 0)
(1.5 6.37666e-16 0)
(1.5 5.25818e-16 0)
(1.5 7.65642e-16 0)
(1.5 6.06019e-16 0)
(1.5 7.8929e-16 0)
(1.5 -1.08455e-15 0)
(1.5 -5.09719e-16 0)
(1.5 5.65419e-16 0)
(1.5 3.89884e-16 0)
(1.5 5.90661e-16 0)
(1.5 1.71029e-15 0)
(1.5 1.00764e-15 0)
(1.5 2.5402e-16 0)
(1.5 -7.45086e-16 0)
(1.5 -1.17426e-15 0)
(1.5 -8.39854e-16 0)
(1.5 -2.06797e-16 0)
(1.5 1.00918e-15 0)
(1.5 2.95427e-16 0)
(1.5 -7.56332e-16 0)
(1.5 -6.12907e-16 0)
(1.5 9.92947e-18 0)
(1.5 -2.6138e-16 0)
(1.5 1.92734e-17 0)
(1.5 3.43229e-16 0)
(1.5 1.32682e-15 0)
(1.5 1.08334e-15 0)
(1.5 8.06494e-16 0)
(1.5 -3.86793e-16 0)
(1.5 -5.36726e-16 0)
(1.5 -1.36915e-15 0)
(1.5 -1.38145e-15 0)
(1.5 -1.28862e-15 0)
(1.5 -7.56711e-16 0)
(1.5 -4.72119e-16 0)
(1.5 -1.78261e-16 0)
(1.5 5.26885e-16 0)
(1.5 1.41039e-15 0)
(1.5 1.70727e-15 0)
(1.5 6.63447e-16 0)
(1.5 3.03118e-16 0)
(1.5 2.62684e-16 0)
(1.5 4.48401e-16 0)
(1.5 -2.33439e-16 0)
(1.5 -6.60765e-16 0)
(1.5 2.83118e-16 0)
(1.5 7.98721e-16 0)
(1.5 1.30244e-15 0)
(1.5 1.08369e-15 0)
(1.5 7.40912e-17 0)
(1.5 2.18137e-16 0)
(1.5 -3.81626e-16 0)
(1.5 5.93578e-17 0)
(1.5 -2.68905e-16 0)
(1.5 -1.11007e-16 0)
(1.5 -1.38917e-16 0)
(1.5 7.02555e-16 0)
(1.5 2.75115e-16 0)
(1.5 1.33609e-16 0)
(1.5 -4.14114e-16 0)
(1.5 -3.11912e-16 0)
(1.5 4.63749e-16 0)
(1.5 1.05067e-15 0)
(1.5 5.8974e-16 0)
(1.5 5.83347e-17 0)
(1.5 1.32221e-16 0)
(1.5 1.53469e-16 0)
(1.5 2.86932e-16 0)
(1.5 1.21125e-16 0)
(1.5 9.13992e-16 0)
(1.5 1.55555e-15 0)
(1.5 -1.49177e-15 0)
(1.5 -4.36863e-16 0)
(1.5 2.78182e-16 0)
(1.5 1.16649e-16 0)
(1.5 2.50676e-16 0)
(1.5 2.8082e-16 0)
(1.5 4.59165e-16 0)
(1.5 -2.63299e-16 0)
(1.5 2.59578e-17 0)
(1.5 -1.28857e-16 0)
(1.5 9.32592e-16 0)
(1.5 8.75917e-16 0)
(1.5 1.03033e-15 0)
(1.5 9.78989e-16 0)
(1.5 1.54851e-16 0)
(1.5 4.19409e-16 0)
(1.5 4.84245e-16 0)
(1.5 -6.54139e-16 0)
(1.5 -1.58895e-16 0)
(1.5 7.09906e-16 0)
(1.5 1.14181e-15 0)
(1.5 7.03015e-16 0)
(1.5 3.70939e-16 0)
(1.5 -3.33661e-16 0)
(1.5 -3.64871e-16 0)
(1.5 -1.55876e-16 0)
(1.5 -1.83172e-17 0)
(1.5 -9.435e-17 0)
(1.5 -3.7052e-17 0)
(1.5 -2.32269e-17 0)
(1.5 4.19172e-16 0)
(1.5 9.34276e-16 0)
(1.5 1.20119e-15 0)
(1.5 9.89015e-16 0)
(1.5 1.16552e-15 0)
(1.5 1.22386e-15 0)
(1.5 9.70108e-16 0)
(1.5 2.58507e-16 0)
(1.5 -7.31335e-16 0)
(1.5 -3.70224e-17 0)
(1.5 3.29327e-17 0)
(1.5 -2.05271e-17 0)
(1.5 4.05482e-16 0)
(1.5 5.61436e-16 0)
(1.5 9.9074e-16 0)
(1.5 9.92603e-16 0)
(1.5 4.16825e-16 0)
(1.5 6.73549e-17 0)
(1.5 1.90837e-16 0)
(1.5 -1.5089e-16 0)
(1.5 2.48243e-16 0)
(1.5 1.07182e-16 0)
(1.5 5.62063e-16 0)
(1.5 4.46058e-16 0)
(1.5 7.96338e-16 0)
(1.5 5.11279e-16 0)
(1.5 9.88864e-16 0)
(1.5 6.94838e-16 0)
(1.5 7.87155e-16 0)
(1.5 4.31653e-16 0)
(1.5 1.67044e-16 0)
(1.5 -2.69168e-17 0)
(1.5 4.35061e-18 0)
(1.5 1.76835e-16 0)
(1.5 5.47019e-16 0)
(1.5 8.34448e-16 0)
(1.5 6.64745e-17 0)
(1.5 -3.35655e-16 0)
(1.5 -7.87029e-16 0)
(1.5 -1.30186e-16 0)
(1.5 -3.94471e-16 0)
(1.5 -8.58275e-16 0)
(1.5 -1.28976e-16 0)
(1.5 -3.13322e-17 0)
(1.5 1.23873e-16 0)
(1.5 4.25993e-16 0)
(1.5 4.07242e-16 0)
(1.5 1.30263e-15 0)
(1.5 6.885e-16 0)
(1.5 -2.70862e-16 0)
(1.5 1.18204e-16 0)
(1.5 2.59385e-16 0)
(1.5 1.09928e-15 0)
(1.5 7.45079e-16 0)
(1.5 5.35333e-16 0)
(1.5 3.90116e-16 0)
(1.5 1.38421e-16 0)
(1.5 -1.81641e-16 0)
(1.5 -5.02184e-16 0)
(1.5 -2.50149e-16 0)
(1.5 -3.10793e-16 0)
(1.5 -3.1856e-16 0)
(1.5 3.59135e-16 0)
(1.5 4.41558e-17 0)
(1.5 -6.59425e-17 0)
(1.5 5.635e-17 0)
(1.5 2.89986e-16 0)
(1.5 2.90378e-16 0)
(1.5 1.62122e-16 0)
(1.5 -2.05493e-16 0)
(1.5 -3.36659e-16 0)
(1.5 -5.0931e-16 0)
(1.5 -3.64094e-16 0)
(1.5 -3.025e-16 0)
(1.5 -1.57032e-16 0)
(1.5 3.44422e-16 0)
(1.5 -4.93633e-16 0)
(1.5 -7.51077e-16 0)
(1.5 -4.41984e-16 0)
(1.5 2.22906e-16 0)
(1.5 4.34454e-16 0)
(1.5 1.8123e-16 0)
(1.5 7.17751e-16 0)
(1.5 -3.14135e-17 0)
(1.5 2.14718e-16 0)
(1.5 -1.17297e-15 0)
(1.5 -9.38913e-16 0)
(1.5 -4.94319e-16 0)
(1.5 4.08528e-16 0)
(1.5 5.78883e-16 0)
(1.5 5.22777e-16 0)
(1.5 2.23602e-16 0)
(1.5 -7.67121e-16 0)
(1.5 -1.18622e-15 0)
(1.5 -6.55247e-16 0)
(1.5 -2.0219e-16 0)
(1.5 -4.07047e-16 0)
(1.5 -6.69564e-16 0)
(1.5 -3.60958e-16 0)
(1.5 -9.84123e-17 0)
(1.5 -2.29854e-16 0)
(1.5 -4.90437e-16 0)
(1.5 1.4194e-15 0)
(1.5 -2.1913e-16 0)
(1.5 -1.07231e-15 0)
(1.5 -7.02831e-16 0)
(1.5 -6.22727e-16 0)
(1.5 -8.78051e-17 0)
(1.5 -4.52492e-17 0)
(1.5 -5.87347e-16 0)
(1.5 -2.51135e-16 0)
(1.5 7.74381e-16 0)
(1.5 3.38656e-16 0)
(1.5 9.68448e-16 0)
(1.5 -3.66095e-16 0)
(1.5 -6.4101e-16 0)
(1.5 -2.72144e-16 0)
(1.5 -9.17972e-16 0)
(1.5 -1.48248e-16 0)
(1.5 1.0093e-15 0)
(1.5 4.76631e-16 0)
(1.5 1.71067e-16 0)
(1.5 -1.25191e-17 0)
(1.5 3.28998e-18 0)
(1.5 -4.43269e-16 0)
(1.5 1.71251e-16 0)
(1.5 -9.57625e-16 0)
(1.5 -4.22108e-16 0)
(1.5 4.04364e-16 0)
(1.5 -6.14967e-16 0)
(1.5 -3.10054e-16 0)
(1.5 -2.30718e-16 0)
(1.5 -2.33694e-16 0)
(1.5 -5.92149e-16 0)
(1.5 -1.06681e-15 0)
(1.5 -2.04462e-15 0)
(1.5 -1.6778e-15 0)
(1.5 -1.6333e-15 0)
(1.5 -1.05053e-15 0)
(1.5 -2.2086e-16 0)
(1.5 8.67511e-16 0)
(1.5 7.04176e-16 0)
(1.5 -8.53953e-16 0)
(1.5 -1.55948e-15 0)
(1.5 -1.3602e-15 0)
(1.5 -1.14482e-15 0)
(1.5 -3.35927e-16 0)
(1.5 6.55558e-17 0)
(1.5 2.74678e-16 0)
(1.5 -2.26384e-16 0)
(1.5 -1.24945e-15 0)
(1.5 -9.54704e-16 0)
(1.5 -1.48612e-15 0)
(1.5 -1.60898e-15 0)
(1.5 -1.38303e-15 0)
(1.5 -1.6704e-15 0)
(1.5 -1.42485e-15 0)
(1.5 -1.89656e-15 0)
(1.5 -2.47234e-15 0)
(1.5 -2.15703e-15 0)
(1.5 -8.77461e-16 0)
(1.5 -9.59166e-16 0)
(1.5 -1.56206e-15 0)
(1.5 -2.32816e-15 0)
(1.5 -1.38676e-15 0)
(1.5 -1.60278e-15 0)
(1.5 -1.6695e-15 0)
(1.5 -1.46659e-15 0)
(1.5 8.53237e-16 0)
(1.5 8.01759e-16 0)
(1.5 6.04024e-16 0)
(1.5 7.42807e-16 0)
(1.5 7.81875e-16 0)
(1.5 3.95848e-16 0)
(1.5 4.60864e-17 0)
(1.5 -2.14634e-16 0)
(1.5 -3.68592e-16 0)
(1.5 3.16395e-16 0)
(1.5 -4.94665e-16 0)
(1.5 3.55174e-17 0)
(1.5 3.11925e-17 0)
(1.5 3.51772e-17 0)
(1.5 2.99947e-16 0)
(1.5 -1.41262e-15 0)
(1.5 -1.08294e-15 0)
(1.5 -9.55181e-16 0)
(1.5 -1.08004e-15 0)
(1.5 -6.09505e-16 0)
(1.5 -5.01383e-16 0)
(1.5 -7.50441e-16 0)
(1.5 1.73247e-16 0)
(1.5 1.60874e-15 0)
(1.5 1.2835e-15 0)
(1.5 1.17711e-15 0)
(1.5 7.84495e-16 0)
(1.5 5.72752e-16 0)
(1.5 -1.92792e-16 0)
(1.5 -1.40612e-15 0)
(1.5 -1.50354e-15 0)
(1.5 -7.42555e-16 0)
(1.5 -9.69324e-16 0)
(1.5 -9.02883e-16 0)
(1.5 1.01727e-16 0)
(1.5 3.76539e-16 0)
(1.5 4.93593e-16 0)
(1.5 2.89076e-16 0)
(1.5 1.88932e-16 0)
(1.5 -1.28349e-16 0)
(1.5 1.01732e-16 0)
(1.5 1.9476e-16 0)
(1.5 -2.86158e-16 0)
(1.5 -8.03182e-16 0)
(1.5 -8.34323e-16 0)
(1.5 -7.52854e-16 0)
(1.5 7.69431e-18 0)
(1.5 1.3891e-16 0)
(1.5 -1.79563e-16 0)
(1.5 -4.30601e-16 0)
(1.5 -9.57719e-16 0)
(1.5 -1.06047e-15 0)
(1.5 -1.00171e-15 0)
(1.5 -8.21704e-16 0)
(1.5 -4.32991e-16 0)
(1.5 -2.90115e-16 0)
(1.5 -2.76492e-16 0)
(1.5 -5.64592e-16 0)
(1.5 -3.36729e-16 0)
(1.5 -5.75169e-16 0)
(1.5 -8.37743e-16 0)
(1.5 -1.24542e-15 0)
(1.5 -1.07207e-15 0)
(1.5 -8.21249e-16 0)
(1.5 -8.32561e-16 0)
(1.5 -5.05647e-16 0)
(1.5 -5.399e-17 0)
(1.5 1.14042e-15 0)
(1.5 9.1301e-16 0)
(1.5 9.24698e-16 0)
(1.5 7.32476e-16 0)
(1.5 -8.62434e-17 0)
(1.5 -1.33038e-18 0)
(1.5 3.92707e-16 0)
(1.5 1.01484e-15 0)
(1.5 1.00946e-15 0)
(1.5 -3.14068e-17 0)
(1.5 -1.59752e-16 0)
(1.5 8.97803e-16 0)
(1.5 1.24149e-15 0)
(1.5 1.1979e-15 0)
(1.5 1.91119e-17 0)
(1.5 -1.1842e-15 0)
(1.5 -7.60983e-16 0)
(1.5 -8.63318e-16 0)
(1.5 -8.18325e-16 0)
(1.5 -1.89175e-16 0)
(1.5 -5.70662e-16 0)
(1.5 2.22974e-17 0)
(1.5 5.9425e-16 0)
(1.5 1.23157e-15 0)
(1.5 1.59234e-15 0)
(1.5 1.01645e-15 0)
(1.5 1.40815e-15 0)
(1.5 5.64337e-16 0)
(1.5 -5.56779e-16 0)
(1.5 -9.26336e-16 0)
(1.5 -8.55407e-16 0)
(1.5 -3.37255e-16 0)
(1.5 7.75213e-16 0)
(1.5 1.23035e-15 0)
(1.5 1.18554e-15 0)
(1.5 1.19365e-15 0)
(1.5 5.79176e-16 0)
(1.5 8.85554e-17 0)
(1.5 5.72393e-16 0)
(1.5 9.50031e-16 0)
(1.5 9.87892e-16 0)
(1.5 1.07556e-15 0)
(1.5 6.01929e-16 0)
(1.5 3.98809e-16 0)
(1.5 1.6233e-17 0)
(1.5 3.93273e-18 0)
(1.5 8.26395e-16 0)
(1.5 1.11842e-15 0)
(1.5 2.45418e-16 0)
(1.5 -1.98267e-16 0)
(1.5 -3.04133e-16 0)
(1.5 1.62356e-17 0)
(1.5 8.4827e-17 0)
(1.5 6.1717e-16 0)
(1.5 5.97288e-16 0)
(1.5 6.42592e-16 0)
(1.5 2.96706e-16 0)
(1.5 2.33685e-16 0)
(1.5 4.92391e-16 0)
(1.5 4.57764e-16 0)
(1.5 5.17022e-17 0)
(1.5 -7.61755e-16 0)
(1.5 -5.69161e-16 0)
(1.5 -2.68916e-16 0)
(1.5 3.13571e-16 0)
(1.5 -2.196e-16 0)
(1.5 2.7439e-16 0)
(1.5 -1.68051e-16 0)
(1.5 2.65402e-16 0)
(1.5 -1.23943e-16 0)
(1.5 5.87163e-16 0)
(1.5 3.41272e-16 0)
(1.5 2.67376e-16 0)
(1.5 9.93114e-16 0)
(1.5 4.58017e-16 0)
(1.5 7.21655e-16 0)
(1.5 2.83286e-16 0)
(1.5 8.1928e-16 0)
(1.5 1.98478e-15 0)
(1.5 1.414e-15 0)
(1.5 1.72186e-15 0)
(1.5 6.50104e-16 0)
(1.5 -8.8462e-17 0)
(1.5 2.37716e-16 0)
(1.5 5.35732e-16 0)
(1.5 2.63285e-17 0)
(1.5 -7.39001e-16 0)
(1.5 -7.4602e-16 0)
(1.5 -4.46017e-16 0)
(1.5 -5.05873e-16 0)
(1.5 1.48192e-16 0)
(1.5 6.51134e-17 0)
(1.5 2.13693e-16 0)
(1.5 5.38192e-16 0)
(1.5 1.59786e-15 0)
(1.5 1.54328e-15 0)
(1.5 -2.3108e-16 0)
(1.5 1.78665e-16 0)
(1.5 -3.6412e-16 0)
(1.5 -7.3146e-17 0)
(1.5 1.559e-16 0)
(1.5 -3.07899e-16 0)
(1.5 -7.85523e-16 0)
(1.5 1.70241e-16 0)
(1.5 8.59402e-16 0)
(1.5 3.16253e-16 0)
(1.5 -4.58491e-16 0)
(1.5 2.41675e-16 0)
(1.5 -1.92827e-16 0)
(1.5 1.75436e-16 0)
(1.5 4.58897e-16 0)
(1.5 1.05051e-16 0)
(1.5 2.85081e-16 0)
(1.5 3.61252e-17 0)
(1.5 4.06992e-16 0)
(1.5 5.0221e-16 0)
(1.5 -7.29502e-16 0)
(1.5 -1.9096e-16 0)
(1.5 -6.54622e-16 0)
(1.5 -4.48844e-16 0)
(1.5 -7.22714e-16 0)
(1.5 -8.15553e-16 0)
(1.5 -2.33984e-17 0)
(1.5 3.26862e-16 0)
(1.5 4.18172e-16 0)
(1.5 2.75862e-16 0)
(1.5 -3.12464e-16 0)
(1.5 -7.50125e-16 0)
(1.5 -9.6902e-16 0)
(1.5 -4.57894e-16 0)
(1.5 -6.23431e-16 0)
(1.5 4.17332e-17 0)
(1.5 5.91495e-16 0)
(1.5 6.96873e-16 0)
(1.5 3.64865e-16 0)
(1.5 5.50869e-16 0)
(1.5 1.0852e-15 0)
(1.5 7.00717e-16 0)
(1.5 5.091e-16 0)
(1.5 3.7657e-17 0)
(1.5 -5.67791e-16 0)
(1.5 5.69596e-16 0)
(1.5 -7.06472e-17 0)
(1.5 1.14697e-16 0)
(1.5 4.99932e-16 0)
(1.5 9.20808e-16 0)
(1.5 1.61308e-15 0)
(1.5 1.68366e-15 0)
(1.5 1.79801e-16 0)
(1.5 1.01056e-15 0)
(1.5 9.88127e-16 0)
(1.5 -4.80557e-16 0)
(1.5 -9.78172e-16 0)
(1.5 -9.47962e-16 0)
(1.5 -1.63022e-15 0)
(1.5 -9.19665e-16 0)
(1.5 -5.51148e-16 0)
(1.5 -2.24747e-16 0)
(1.5 -2.50544e-16 0)
(1.5 8.95132e-16 0)
(1.5 1.12827e-15 0)
(1.5 1.09962e-15 0)
(1.5 3.95397e-16 0)
(1.5 2.77314e-16 0)
(1.5 1.57345e-16 0)
(1.5 -9.32895e-16 0)
(1.5 -4.71311e-16 0)
(1.5 -1.70685e-16 0)
(1.5 -2.17083e-17 0)
(1.5 1.57757e-16 0)
(1.5 -6.85431e-16 0)
(1.5 -3.00088e-16 0)
(1.5 -4.94152e-16 0)
(1.5 -3.07448e-16 0)
(1.5 -2.16152e-16 0)
(1.5 -6.53525e-16 0)
(1.5 -7.45473e-16 0)
(1.5 -8.79474e-16 0)
(1.5 -9.26796e-16 0)
(1.5 -7.08368e-16 0)
(1.5 7.86847e-16 0)
(1.5 1.67339e-15 0)
(1.5 6.0254e-16 0)
(1.5 3.82509e-16 0)
(1.5 8.8038e-17 0)
(1.5 -8.17884e-16 0)
(1.5 -7.7628e-16 0)
(1.5 -4.00586e-16 0)
(1.5 6.21325e-16 0)
(1.5 1.80721e-16 0)
(1.5 -6.17721e-16 0)
(1.5 -2.87367e-16 0)
(1.5 3.39809e-16 0)
(1.5 1.56336e-16 0)
(1.5 1.72018e-16 0)
(1.5 3.71221e-16 0)
(1.5 -6.68903e-17 0)
(1.5 4.33655e-16 0)
(1.5 1.18035e-15 0)
(1.5 2.20266e-15 0)
(1.5 1.33718e-15 0)
(1.5 1.42763e-15 0)
(1.5 1.12052e-15 0)
(1.5 1.10469e-15 0)
(1.5 8.37421e-16 0)
(1.5 -1.29458e-16 0)
(1.5 1.56279e-17 0)
(1.5 6.72513e-16 0)
(1.5 -3.14454e-16 0)
(1.5 -3.25079e-16 0)
(1.5 -5.72366e-16 0)
(1.5 1.98777e-16 0)
(1.5 2.23612e-16 0)
(1.5 3.90443e-17 0)
(1.5 -4.27415e-16 0)
(1.5 -3.14349e-16 0)
(1.5 -6.53201e-16 0)
(1.5 -8.92619e-16 0)
(1.5 -1.45642e-16 0)
(1.5 4.58863e-18 0)
(1.5 -6.55914e-16 0)
(1.5 -1.2009e-16 0)
(1.5 -7.55069e-16 0)
(1.5 -3.22781e-16 0)
(1.5 -1.55059e-16 0)
(1.5 -4.20534e-16 0)
(1.5 -6.53384e-16 0)
(1.5 -9.7712e-16 0)
(1.5 -8.89626e-16 0)
(1.5 -7.04152e-16 0)
(1.5 1.15284e-15 0)
(1.5 2.62745e-16 0)
(1.5 4.11533e-16 0)
(1.5 1.40975e-15 0)
(1.5 1.16015e-15 0)
(1.5 1.95884e-16 0)
(1.5 -1.05847e-15 0)
(1.5 2.3142e-17 0)
(1.5 1.17629e-15 0)
(1.5 6.18027e-16 0)
(1.5 1.07051e-15 0)
(1.5 7.8446e-17 0)
(1.5 -8.78921e-16 0)
(1.5 -7.54545e-16 0)
(1.5 -4.97782e-16 0)
(1.5 -1.33062e-16 0)
(1.5 1.06885e-15 0)
(1.5 2.05232e-15 0)
(1.5 2.41436e-15 0)
(1.5 1.49416e-15 0)
(1.5 1.89475e-15 0)
(1.5 7.648e-16 0)
(1.5 1.04241e-15 0)
(1.5 1.50484e-15 0)
(1.5 1.23868e-15 0)
(1.5 -2.24477e-16 0)
(1.5 -4.32974e-16 0)
(1.5 3.53333e-16 0)
(1.5 1.7944e-15 0)
(1.5 1.54894e-15 0)
(1.5 1.76637e-15 0)
(1.5 1.2975e-15 0)
(1.5 1.10324e-15 0)
(1.5 5.25848e-16 0)
(1.5 -4.37458e-16 0)
(1.5 2.34149e-16 0)
(1.5 3.1937e-16 0)
(1.5 5.13529e-16 0)
(1.5 4.16303e-16 0)
(1.5 8.04263e-16 0)
(1.5 9.08471e-16 0)
(1.5 -2.38785e-16 0)
(1.5 -2.70227e-16 0)
(1.5 -8.96361e-17 0)
(1.5 -4.47482e-16 0)
(1.5 -1.91347e-16 0)
(1.5 -2.12835e-16 0)
(1.5 3.2869e-16 0)
(1.5 -7.81397e-17 0)
(1.5 -9.25947e-16 0)
(1.5 -3.75664e-16 0)
(1.5 -7.25917e-16 0)
(1.5 -1.26436e-15 0)
(1.5 -6.72682e-16 0)
(1.5 5.25607e-16 0)
(1.5 4.27346e-16 0)
(1.5 5.21208e-16 0)
(1.5 -7.72956e-17 0)
(1.5 -1.16064e-15 0)
(1.5 -1.57942e-15 0)
(1.5 -1.29161e-15 0)
(1.5 -1.75355e-15 0)
(1.5 -1.2918e-15 0)
(1.5 -2.01788e-15 0)
(1.5 -1.37097e-15 0)
(1.5 -7.57257e-16 0)
(1.5 4.99085e-16 0)
(1.5 3.16837e-16 0)
(1.5 -9.54143e-17 0)
(1.5 2.36865e-16 0)
(1.5 -2.51944e-16 0)
(1.5 -1.40451e-17 0)
(1.5 -1.67068e-17 0)
(1.5 3.51423e-16 0)
(1.5 2.07975e-16 0)
(1.5 -1.89219e-16 0)
(1.5 2.28946e-17 0)
(1.5 -1.34373e-16 0)
(1.5 -5.8107e-16 0)
(1.5 1.11139e-16 0)
(1.5 -1.70949e-16 0)
(1.5 4.53081e-17 0)
(1.5 7.05158e-16 0)
(1.5 1.20247e-15 0)
(1.5 1.02615e-15 0)
(1.5 7.36552e-16 0)
(1.5 6.97874e-16 0)
(1.5 6.02766e-16 0)
(1.5 5.45607e-16 0)
(1.5 2.79298e-16 0)
(1.5 1.96257e-16 0)
(1.5 -4.53047e-16 0)
(1.5 -3.21456e-16 0)
(1.5 -2.63616e-16 0)
(1.5 6.56479e-16 0)
(1.5 5.76784e-16 0)
(1.5 7.79912e-16 0)
(1.5 2.47558e-16 0)
(1.5 -1.2599e-16 0)
(1.5 -2.05351e-17 0)
(1.5 -1.71257e-15 0)
(1.5 -1.92483e-15 0)
(1.5 -1.20721e-15 0)
(1.5 -8.28881e-16 0)
(1.5 -1.09831e-15 0)
(1.5 -4.61114e-16 0)
(1.5 6.93552e-16 0)
(1.5 6.28104e-16 0)
(1.5 1.79223e-16 0)
(1.5 -8.5279e-16 0)
(1.5 5.74188e-17 0)
(1.5 7.61267e-17 0)
(1.5 -1.85558e-16 0)
(1.5 -1.68455e-16 0)
(1.5 9.48829e-17 0)
(1.5 1.22799e-17 0)
(1.5 1.35553e-15 0)
(1.5 9.63743e-16 0)
(1.5 1.03489e-15 0)
(1.5 1.0785e-15 0)
(1.5 7.94567e-16 0)
(1.5 -1.55954e-16 0)
(1.5 -6.13381e-16 0)
(1.5 -8.16494e-16 0)
(1.5 -8.67964e-16 0)
(1.5 -5.11569e-16 0)
(1.5 -9.88987e-16 0)
(1.5 -4.9321e-16 0)
(1.5 1.18736e-16 0)
(1.5 -1.98771e-16 0)
(1.5 4.82719e-16 0)
(1.5 3.0487e-16 0)
(1.5 2.36447e-17 0)
(1.5 -2.65213e-16 0)
(1.5 -1.03564e-15 0)
(1.5 -1.31182e-15 0)
(1.5 -7.1617e-16 0)
(1.5 5.20156e-16 0)
(1.5 7.96922e-17 0)
(1.5 -4.55999e-16 0)
(1.5 -1.02265e-15 0)
(1.5 -6.5248e-16 0)
(1.5 -1.09825e-15 0)
(1.5 -3.85311e-16 0)
(1.5 -1.41337e-16 0)
(1.5 4.04788e-16 0)
(1.5 5.86231e-18 0)
(1.5 1.71311e-16 0)
(1.5 -7.07159e-17 0)
(1.5 -2.2495e-16 0)
(1.5 2.93762e-16 0)
(1.5 1.64029e-18 0)
(1.5 -4.08353e-16 0)
(1.5 -3.9522e-16 0)
(1.5 -8.31639e-16 0)
(1.5 -5.43979e-16 0)
(1.5 -4.65606e-16 0)
(1.5 -5.48599e-16 0)
(1.5 -3.1045e-16 0)
(1.5 -1.51756e-16 0)
(1.5 5.10623e-16 0)
(1.5 4.53247e-16 0)
(1.5 2.03731e-16 0)
(1.5 1.71102e-16 0)
(1.5 2.42573e-16 0)
(1.5 -3.37888e-16 0)
(1.5 -4.14253e-16 0)
(1.5 9.58303e-17 0)
(1.5 -6.39696e-17 0)
(1.5 -1.95768e-16 0)
(1.5 -6.52193e-17 0)
(1.5 -2.25444e-16 0)
(1.5 5.30184e-16 0)
(1.5 1.69559e-15 0)
(1.5 1.10207e-15 0)
(1.5 -1.12757e-15 0)
(1.5 1.07254e-16 0)
(1.5 -2.50758e-16 0)
(1.5 -5.87556e-16 0)
(1.5 -1.66004e-15 0)
(1.5 -6.75894e-16 0)
(1.5 -2.94479e-16 0)
(1.5 1.26508e-15 0)
(1.5 1.81908e-15 0)
(1.5 2.22525e-15 0)
(1.5 1.74334e-15 0)
(1.5 2.78296e-17 0)
(1.5 -1.02014e-15 0)
(1.5 -7.08969e-16 0)
(1.5 -7.55156e-16 0)
(1.5 4.38431e-17 0)
(1.5 4.43888e-17 0)
(1.5 -9.98814e-16 0)
(1.5 -4.11971e-16 0)
(1.5 4.51479e-16 0)
(1.5 1.25639e-15 0)
(1.5 1.52058e-15 0)
(1.5 9.61057e-16 0)
(1.5 3.68127e-16 0)
(1.5 6.66881e-17 0)
(1.5 5.01277e-16 0)
(1.5 -5.16367e-17 0)
(1.5 -3.44495e-16 0)
(1.5 -6.07965e-16 0)
(1.5 -4.96778e-16 0)
(1.5 -4.76615e-16 0)
(1.5 2.49031e-16 0)
(1.5 2.04304e-17 0)
(1.5 -1.87628e-16 0)
(1.5 2.93767e-16 0)
(1.5 -1.98267e-16 0)
(1.5 -3.42527e-16 0)
(1.5 1.29041e-16 0)
(1.5 4.30754e-16 0)
(1.5 -1.28673e-15 0)
(1.5 -1.28144e-15 0)
(1.5 2.46962e-17 0)
(1.5 -2.22391e-16 0)
(1.5 -6.90895e-16 0)
(1.5 -3.93277e-16 0)
(1.5 -2.75168e-16 0)
(1.5 8.70191e-17 0)
(1.5 -1.05433e-15 0)
(1.5 -1.20245e-15 0)
(1.5 -4.31387e-16 0)
(1.5 3.78691e-16 0)
(1.5 3.55177e-16 0)
(1.5 2.70662e-16 0)
(1.5 3.43932e-16 0)
(1.5 6.30978e-16 0)
(1.5 5.84714e-16 0)
(1.5 6.73656e-18 0)
(1.5 6.47344e-16 0)
(1.5 8.04894e-16 0)
(1.5 -2.24597e-16 0)
(1.5 9.33089e-17 0)
(1.5 -8.46179e-17 0)
(1.5 2.15867e-16 0)
(1.5 -9.11826e-17 0)
(1.5 1.06153e-15 0)
(1.5 4.03219e-16 0)
(1.5 -2.01706e-16 0)
(1.5 -3.20748e-17 0)
(1.5 -6.56524e-16 0)
(1.5 -5.22128e-16 0)
(1.5 -1.00289e-15 0)
(1.5 -6.91449e-16 0)
(1.5 -1.57144e-16 0)
(1.5 8.38391e-16 0)
(1.5 1.4186e-15 0)
(1.5 1.22247e-15 0)
(1.5 3.75065e-17 0)
(1.5 -3.50699e-16 0)
(1.5 -4.08387e-16 0)
(1.5 2.43671e-17 0)
(1.5 -1.69975e-16 0)
(1.5 6.41414e-16 0)
(1.5 4.93809e-16 0)
(1.5 -1.9627e-16 0)
(1.5 2.12766e-17 0)
(1.5 -2.88568e-16 0)
(1.5 1.12118e-15 0)
(1.5 1.32771e-15 0)
(1.5 7.81099e-16 0)
(1.5 2.52037e-17 0)
(1.5 4.09775e-16 0)
(1.5 7.21562e-16 0)
(1.5 7.5138e-16 0)
(1.5 1.25805e-16 0)
(1.5 -9.53038e-16 0)
(1.5 1.70135e-16 0)
(1.5 5.86163e-17 0)
(1.5 3.69212e-16 0)
(1.5 -1.29367e-16 0)
(1.5 -1.60526e-16 0)
(1.5 -5.89326e-16 0)
(1.5 -6.404e-16 0)
(1.5 -9.47839e-16 0)
(1.5 -5.99192e-16 0)
(1.5 -6.66794e-16 0)
(1.5 -1.87588e-15 0)
(1.5 -1.80948e-15 0)
(1.5 -1.12203e-15 0)
(1.5 -9.88883e-16 0)
(1.5 -1.12802e-15 0)
(1.5 -1.20263e-16 0)
(1.5 5.36191e-17 0)
(1.5 -3.78515e-16 0)
(1.5 -1.45927e-15 0)
(1.5 -1.61021e-15 0)
(1.5 -1.03942e-15 0)
(1.5 -1.11423e-15 0)
(1.5 -1.4428e-15 0)
(1.5 -5.1347e-16 0)
(1.5 -5.61187e-16 0)
(1.5 -7.63096e-17 0)
(1.5 -3.82441e-16 0)
(1.5 -4.46277e-16 0)
(1.5 1.05617e-16 0)
(1.5 -1.44586e-16 0)
(1.5 -3.4731e-16 0)
(1.5 -7.10857e-17 0)
(1.5 -2.28548e-16 0)
(1.5 -4.05617e-16 0)
(1.5 -4.40379e-16 0)
(1.5 -3.71795e-17 0)
(1.5 7.14243e-16 0)
(1.5 1.36415e-15 0)
(1.5 7.60163e-16 0)
(1.5 -4.19144e-16 0)
(1.5 -5.52869e-17 0)
(1.5 2.64322e-17 0)
(1.5 8.09438e-17 0)
(1.5 3.74268e-16 0)
(1.5 3.31498e-16 0)
(1.5 4.27318e-16 0)
(1.5 -5.78308e-16 0)
(1.5 -5.68778e-16 0)
(1.5 -4.10415e-17 0)
(1.5 -2.81299e-16 0)
(1.5 -1.88961e-16 0)
(1.5 2.13941e-16 0)
(1.5 5.52681e-16 0)
(1.5 6.32953e-16 0)
(1.5 3.47984e-16 0)
(1.5 9.82324e-17 0)
(1.5 -7.18945e-16 0)
(1.5 1.09675e-17 0)
(1.5 3.88747e-16 0)
(1.5 -2.3577e-16 0)
(1.5 -1.14505e-15 0)
(1.5 -6.35263e-16 0)
(1.5 -1.17629e-15 0)
(1.5 -1.58569e-15 0)
(1.5 2.66565e-17 0)
(1.5 2.55278e-16 0)
(1.5 4.59197e-16 0)
(1.5 -7.2224e-16 0)
(1.5 -9.47916e-16 0)
(1.5 -1.19698e-15 0)
(1.5 -1.24851e-15 0)
(1.5 -1.09505e-15 0)
(1.5 -9.25701e-18 0)
(1.5 2.09309e-16 0)
(1.5 -4.14143e-16 0)
(1.5 -1.58225e-15 0)
(1.5 -1.13605e-15 0)
(1.5 -1.77023e-15 0)
(1.5 -1.89292e-15 0)
(1.5 -1.95892e-15 0)
(1.5 -1.58102e-15 0)
(1.5 -1.03299e-15 0)
(1.5 -1.32271e-15 0)
(1.5 -1.84177e-15 0)
(1.5 -1.69993e-15 0)
(1.5 -6.83096e-16 0)
(1.5 1.4898e-16 0)
(1.5 -5.6417e-16 0)
(1.5 -1.58216e-15 0)
(1.5 -5.32011e-16 0)
(1.5 -8.00877e-16 0)
(1.5 -6.33126e-16 0)
(1.5 -8.25394e-16 0)
(1.5 -4.14847e-16 0)
(1.5 -9.51151e-16 0)
(1.5 -1.3047e-15 0)
(1.5 -6.07796e-16 0)
(1.5 -1.84069e-16 0)
(1.5 -2.3622e-16 0)
(1.5 -8.9904e-16 0)
(1.5 -8.30259e-16 0)
(1.5 -1.49109e-16 0)
(1.5 6.88154e-16 0)
(1.5 1.33276e-15 0)
(1.5 1.12735e-15 0)
(1.5 3.1358e-16 0)
(1.5 6.53251e-16 0)
(1.5 7.23594e-16 0)
(1.5 3.58301e-16 0)
(1.5 4.65105e-16 0)
(1.5 2.24209e-16 0)
(1.5 -6.56134e-16 0)
(1.5 -1.5054e-15 0)
(1.5 -8.25466e-16 0)
(1.5 -4.70465e-16 0)
(1.5 -4.09745e-17 0)
(1.5 -4.97744e-16 0)
(1.5 -1.34699e-16 0)
(1.5 2.04883e-16 0)
(1.5 5.79018e-16 0)
(1.5 8.44897e-16 0)
(1.5 3.25155e-16 0)
(1.5 -1.75291e-16 0)
(1.5 -1.81973e-16 0)
(1.5 -5.02735e-16 0)
(1.5 -7.40063e-16 0)
(1.5 -4.16021e-16 0)
(1.5 -8.69686e-16 0)
(1.5 -8.46698e-16 0)
(1.5 -1.22438e-15 0)
(1.5 -5.00525e-16 0)
(1.5 2.27316e-16 0)
(1.5 -4.78999e-16 0)
(1.5 -4.832e-16 0)
(1.5 -4.88627e-16 0)
(1.5 -5.49109e-16 0)
(1.5 -2.42119e-16 0)
(1.5 -4.88143e-16 0)
(1.5 -4.30688e-16 0)
(1.5 2.60912e-16 0)
(1.5 2.24119e-16 0)
(1.5 8.00751e-18 0)
(1.5 6.65848e-17 0)
(1.5 -1.08787e-16 0)
(1.5 -4.55694e-16 0)
(1.5 -3.13548e-16 0)
(1.5 -1.25669e-16 0)
(1.5 -7.18549e-16 0)
(1.5 -7.35969e-16 0)
(1.5 -5.25178e-16 0)
(1.5 -2.25504e-16 0)
(1.5 1.86131e-16 0)
(1.5 -5.93688e-18 0)
(1.5 2.11326e-16 0)
(1.5 -2.77644e-16 0)
(1.5 1.29267e-16 0)
(1.5 4.45458e-16 0)
(1.5 -9.84505e-17 0)
(1.5 -1.44493e-16 0)
(1.5 4.54484e-17 0)
(1.5 3.47194e-18 0)
(1.5 -6.79831e-16 0)
(1.5 -4.64489e-16 0)
(1.5 -4.87347e-16 0)
(1.5 -1.27876e-15 0)
(1.5 -1.17676e-15 0)
(1.5 -1.53907e-15 0)
(1.5 -1.28173e-15 0)
(1.5 5.76565e-16 0)
(1.5 6.70441e-16 0)
(1.5 4.22858e-16 0)
(1.5 4.60143e-16 0)
(1.5 6.2727e-16 0)
(1.5 8.4096e-16 0)
(1.5 1.42887e-16 0)
(1.5 5.90668e-16 0)
(1.5 2.05946e-16 0)
(1.5 -5.71978e-16 0)
(1.5 -1.4798e-15 0)
(1.5 -9.65704e-16 0)
(1.5 2.33115e-16 0)
(1.5 7.77043e-16 0)
(1.5 5.8307e-16 0)
(1.5 2.17876e-16 0)
(1.5 3.45242e-16 0)
(1.5 9.24614e-16 0)
(1.5 1.81924e-15 0)
(1.5 1.04569e-15 0)
(1.5 4.17252e-17 0)
(1.5 -2.15424e-16 0)
(1.5 -1.19315e-15 0)
(1.5 -5.32919e-16 0)
(1.5 6.21913e-16 0)
(1.5 7.64818e-17 0)
(1.5 1.93081e-16 0)
(1.5 1.93294e-17 0)
(1.5 -1.52446e-16 0)
(1.5 1.00984e-16 0)
(1.5 -2.24631e-16 0)
(1.5 5.96264e-16 0)
(1.5 6.69267e-16 0)
(1.5 9.34233e-16 0)
(1.5 6.97586e-16 0)
(1.5 7.04817e-17 0)
(1.5 -2.28551e-16 0)
(1.5 -2.85162e-16 0)
(1.5 1.89757e-16 0)
(1.5 6.59792e-16 0)
(1.5 9.77429e-16 0)
(1.5 1.26948e-15 0)
(1.5 5.70826e-16 0)
(1.5 7.00006e-16 0)
(1.5 9.87527e-16 0)
(1.5 4.69631e-16 0)
(1.5 6.1446e-16 0)
(1.5 8.71998e-16 0)
(1.5 8.17777e-16 0)
(1.5 4.60855e-16 0)
(1.5 2.30734e-16 0)
(1.5 8.20286e-16 0)
(1.5 7.02899e-16 0)
(1.5 1.11481e-16 0)
(1.5 2.29754e-16 0)
(1.5 1.05886e-16 0)
(1.5 5.92911e-17 0)
(1.5 6.02202e-16 0)
(1.5 6.21369e-16 0)
(1.5 -2.99659e-16 0)
(1.5 -6.0648e-16 0)
(1.5 -1.35806e-15 0)
(1.5 -9.11528e-16 0)
(1.5 -3.97929e-16 0)
(1.5 -5.56873e-16 0)
(1.5 -1.34205e-15 0)
(1.5 -2.39664e-16 0)
(1.5 2.35451e-16 0)
(1.5 2.75385e-16 0)
(1.5 -3.22199e-16 0)
(1.5 -5.91055e-16 0)
(1.5 3.76799e-16 0)
(1.5 8.83792e-16 0)
(1.5 1.02459e-15 0)
(1.5 1.76626e-16 0)
(1.5 9.28986e-17 0)
(1.5 6.00037e-16 0)
(1.5 2.41424e-16 0)
(1.5 2.48496e-16 0)
(1.5 -9.34653e-17 0)
(1.5 5.96689e-16 0)
(1.5 2.51352e-16 0)
(1.5 4.43205e-16 0)
(1.5 6.62492e-16 0)
(1.5 3.15151e-16 0)
(1.5 3.54936e-16 0)
(1.5 8.68055e-16 0)
(1.5 2.75843e-16 0)
(1.5 -1.93943e-16 0)
(1.5 -7.94926e-16 0)
(1.5 -8.64367e-16 0)
(1.5 -2.09129e-16 0)
(1.5 -2.24376e-16 0)
(1.5 -3.58625e-16 0)
(1.5 -2.23161e-16 0)
(1.5 4.323e-16 0)
(1.5 7.17194e-16 0)
(1.5 3.3594e-16 0)
(1.5 -6.54881e-16 0)
(1.5 -4.05645e-16 0)
(1.5 -6.61842e-16 0)
(1.5 1.02919e-17 0)
(1.5 1.6867e-16 0)
(1.5 -9.28724e-17 0)
(1.5 -4.44767e-16 0)
(1.5 -5.27274e-16 0)
(1.5 7.91282e-16 0)
(1.5 8.64737e-16 0)
(1.5 1.93757e-16 0)
(1.5 -4.65791e-16 0)
(1.5 -4.49577e-16 0)
(1.5 5.66274e-17 0)
(1.5 -4.73096e-18 0)
(1.5 -2.32549e-16 0)
(1.5 -1.63298e-16 0)
(1.5 4.26957e-16 0)
(1.5 8.86458e-16 0)
(1.5 9.55163e-16 0)
(1.5 2.94638e-16 0)
(1.5 -9.5971e-17 0)
(1.5 -7.89412e-16 0)
(1.5 -9.48847e-16 0)
(1.5 -1.34087e-15 0)
(1.5 -6.71816e-17 0)
(1.5 5.17528e-16 0)
(1.5 4.10218e-16 0)
(1.5 -1.33966e-18 0)
(1.5 3.05799e-18 0)
(1.5 3.7774e-16 0)
(1.5 3.15296e-16 0)
(1.5 2.29777e-16 0)
(1.5 -3.43074e-16 0)
(1.5 -9.2508e-16 0)
(1.5 -4.02315e-16 0)
(1.5 -7.75367e-16 0)
(1.5 -2.81771e-16 0)
(1.5 -1.56829e-16 0)
(1.5 5.6049e-16 0)
(1.5 1.79753e-15 0)
(1.5 1.57693e-15 0)
(1.5 4.24274e-16 0)
(1.5 7.72801e-16 0)
(1.5 1.73626e-15 0)
(1.5 1.354e-15 0)
(1.5 -1.48561e-16 0)
(1.5 -2.57842e-16 0)
(1.5 -2.14839e-16 0)
(1.5 5.30277e-17 0)
(1.5 7.07868e-16 0)
(1.5 5.0547e-16 0)
(1.5 4.57605e-16 0)
(1.5 4.22557e-16 0)
(1.5 1.36361e-15 0)
(1.5 1.08579e-15 0)
(1.5 1.31525e-15 0)
(1.5 2.16844e-16 0)
(1.5 -1.56052e-16 0)
(1.5 4.72802e-16 0)
(1.5 6.35013e-16 0)
(1.5 6.39348e-16 0)
(1.5 7.6409e-16 0)
(1.5 1.73074e-16 0)
(1.5 6.92997e-17 0)
(1.5 2.17899e-16 0)
(1.5 -1.09043e-16 0)
(1.5 4.67336e-16 0)
(1.5 5.03026e-16 0)
(1.5 5.83669e-16 0)
(1.5 5.45259e-16 0)
(1.5 -6.42791e-17 0)
(1.5 -3.74701e-16 0)
(1.5 -1.93102e-16 0)
(1.5 2.53803e-17 0)
(1.5 3.3338e-16 0)
(1.5 4.71682e-16 0)
(1.5 3.22907e-16 0)
(1.5 3.2242e-16 0)
(1.5 1.93531e-16 0)
(1.5 2.98257e-16 0)
(1.5 2.58365e-16 0)
(1.5 5.53849e-16 0)
(1.5 1.05431e-15 0)
(1.5 3.36762e-16 0)
(1.5 6.2303e-16 0)
(1.5 9.65868e-16 0)
(1.5 3.38925e-16 0)
(1.5 -9.07105e-17 0)
(1.5 1.35483e-16 0)
(1.5 2.76485e-16 0)
(1.5 1.29047e-16 0)
(1.5 7.4377e-17 0)
(1.5 1.1386e-16 0)
(1.5 2.98959e-16 0)
(1.5 8.95554e-17 0)
(1.5 4.44833e-16 0)
(1.5 4.52213e-16 0)
(1.5 5.55703e-16 0)
(1.5 -2.3145e-17 0)
(1.5 -7.64393e-16 0)
(1.5 -5.21224e-16 0)
(1.5 -5.07063e-16 0)
(1.5 9.38347e-16 0)
(1.5 1.51633e-15 0)
(1.5 1.86263e-15 0)
(1.5 1.23339e-15 0)
(1.5 9.4211e-16 0)
(1.5 8.2587e-17 0)
(1.5 -1.31292e-17 0)
(1.5 2.60989e-16 0)
(1.5 1.29988e-16 0)
(1.5 -3.63156e-16 0)
(1.5 3.87777e-16 0)
(1.5 8.80513e-16 0)
(1.5 1.17572e-15 0)
(1.5 8.30104e-16 0)
(1.5 5.54741e-16 0)
(1.5 5.87495e-16 0)
(1.5 3.56304e-16 0)
(1.5 4.3038e-16 0)
(1.5 2.23962e-16 0)
(1.5 -3.30006e-16 0)
(1.5 6.78521e-16 0)
(1.5 2.14099e-15 0)
(1.5 2.2612e-15 0)
(1.5 2.5502e-15 0)
(1.5 3.08644e-15 0)
(1.5 2.02154e-15 0)
(1.5 -3.85058e-16 0)
(1.5 -6.6846e-16 0)
(1.5 4.32719e-16 0)
(1.5 2.3267e-15 0)
(1.5 2.64015e-15 0)
(1.5 2.7531e-15 0)
(1.5 1.7593e-15 0)
(1.5 8.91866e-16 0)
(1.5 9.54858e-18 0)
(1.5 2.19948e-16 0)
(1.5 9.75707e-16 0)
(1.5 3.25543e-16 0)
(1.5 1.01593e-15 0)
(1.5 1.73876e-15 0)
(1.5 2.44539e-15 0)
(1.5 2.38701e-15 0)
(1.5 1.95123e-15 0)
(1.5 1.92714e-15 0)
(1.5 2.34977e-15 0)
(1.5 3.03739e-15 0)
(1.5 2.24879e-15 0)
(1.5 2.66783e-16 0)
(1.5 2.71374e-16 0)
(1.5 8.50007e-16 0)
(1.5 4.10348e-16 0)
(1.5 9.9099e-16 0)
(1.5 1.74924e-15 0)
(1.5 2.47928e-15 0)
(1.5 2.35459e-17 0)
(1.5 -3.55782e-16 0)
(1.5 -2.99625e-16 0)
(1.5 4.76854e-16 0)
(1.5 4.27479e-16 0)
(1.5 2.86781e-16 0)
(1.5 8.48167e-16 0)
(1.5 7.68353e-16 0)
(1.5 -2.76471e-16 0)
(1.5 -9.80717e-18 0)
(1.5 8.28533e-17 0)
(1.5 1.19554e-15 0)
(1.5 1.0507e-15 0)
(1.5 1.41435e-15 0)
(1.5 9.74458e-16 0)
(1.5 -4.81498e-16 0)
(1.5 -3.87552e-16 0)
(1.5 -2.91767e-16 0)
(1.5 -1.21383e-15 0)
(1.5 -8.77421e-16 0)
(1.5 -9.70441e-16 0)
(1.5 2.17895e-17 0)
(1.5 2.33453e-16 0)
(1.5 1.63792e-15 0)
(1.5 2.05225e-15 0)
(1.5 1.95078e-16 0)
(1.5 -6.79447e-17 0)
(1.5 1.71618e-16 0)
(1.5 -2.66282e-16 0)
(1.5 -1.00145e-15 0)
(1.5 -1.18317e-15 0)
(1.5 -1.14612e-15 0)
(1.5 2.03104e-16 0)
(1.5 9.66292e-16 0)
(1.5 1.58059e-15 0)
(1.5 2.07826e-15 0)
(1.5 2.04526e-15 0)
(1.5 8.17202e-16 0)
(1.5 3.03678e-16 0)
(1.5 1.13919e-15 0)
(1.5 9.15238e-16 0)
(1.5 1.40883e-15 0)
(1.5 1.31299e-15 0)
(1.5 8.26141e-16 0)
(1.5 5.42012e-16 0)
(1.5 -9.40637e-17 0)
(1.5 1.48311e-18 0)
(1.5 -6.25347e-16 0)
(1.5 -3.63688e-16 0)
(1.5 6.68715e-17 0)
(1.5 1.25921e-15 0)
(1.5 2.23951e-15 0)
(1.5 1.82517e-15 0)
(1.5 5.9113e-16 0)
(1.5 8.02794e-16 0)
(1.5 6.65078e-16 0)
(1.5 9.568e-16 0)
(1.5 1.65611e-15 0)
(1.5 1.29778e-15 0)
(1.5 4.10817e-16 0)
(1.5 -8.36986e-16 0)
(1.5 -4.81241e-16 0)
(1.5 -3.42369e-16 0)
(1.5 8.93738e-16 0)
(1.5 1.74329e-15 0)
(1.5 1.48962e-15 0)
(1.5 -1.40188e-16 0)
(1.5 -1.80909e-16 0)
(1.5 2.6752e-16 0)
(1.5 5.63246e-16 0)
(1.5 9.23184e-16 0)
(1.5 5.15742e-16 0)
(1.5 3.98432e-16 0)
(1.5 3.39992e-16 0)
(1.5 -3.76082e-17 0)
(1.5 4.07327e-16 0)
(1.5 4.86754e-16 0)
(1.5 5.9455e-16 0)
(1.5 3.25039e-16 0)
(1.5 1.45022e-16 0)
(1.5 -4.50227e-17 0)
(1.5 -8.31208e-16 0)
(1.5 -6.61169e-16 0)
(1.5 -2.45609e-16 0)
(1.5 -6.07694e-16 0)
(1.5 -7.09267e-16 0)
(1.5 -1.00901e-15 0)
(1.5 5.09549e-17 0)
(1.5 4.40564e-17 0)
(1.5 5.68793e-16 0)
(1.5 1.48684e-15 0)
(1.5 5.96098e-16 0)
(1.5 -2.19151e-17 0)
(1.5 3.1322e-16 0)
(1.5 -1.37466e-16 0)
(1.5 -1.08259e-15 0)
(1.5 -1.15786e-15 0)
(1.5 -4.52395e-16 0)
(1.5 3.51045e-16 0)
(1.5 4.72963e-16 0)
(1.5 8.07769e-16 0)
(1.5 1.08902e-15 0)
(1.5 8.51092e-16 0)
(1.5 2.01749e-16 0)
(1.5 4.17479e-16 0)
(1.5 1.29816e-15 0)
(1.5 7.34448e-16 0)
(1.5 6.24961e-16 0)
(1.5 3.5208e-16 0)
(1.5 -9.8864e-17 0)
(1.5 9.49212e-17 0)
(1.5 -4.17693e-16 0)
(1.5 1.25397e-18 0)
(1.5 -8.26261e-16 0)
(1.5 -1.12627e-15 0)
(1.5 -1.63802e-16 0)
(1.5 8.37409e-16 0)
(1.5 1.1723e-15 0)
(1.5 5.37324e-16 0)
(1.5 -4.20001e-16 0)
(1.5 4.70486e-17 0)
(1.5 -4.0965e-17 0)
(1.5 2.33996e-16 0)
(1.5 6.36081e-16 0)
(1.5 3.24775e-16 0)
(1.5 5.37729e-16 0)
(1.5 -6.27827e-16 0)
(1.5 -6.19596e-16 0)
(1.5 -4.74496e-16 0)
(1.5 1.41346e-16 0)
(1.5 6.10654e-16 0)
(1.5 6.88038e-16 0)
)
;

boundaryField
{
    inlet
    {
        type            fixedValue;
        value           uniform (1.5 0 0);
    }
    outlet
    {
        type            inletOutlet;
        inletValue      nonuniform 0();
        value           nonuniform 0();
    }
    bottom
    {
        type            symmetryPlane;
    }
    top
    {
        type            symmetryPlane;
    }
    obstacle
    {
        type            slip;
    }
    defaultFaces
    {
        type            empty;
    }
    procBoundary2to0
    {
        type            processor;
        value           nonuniform List<vector> 
115
(
(1.5 3.01233e-16 0)
(1.5 -2.77484e-16 0)
(1.5 -1.95078e-16 0)
(1.5 2.79822e-16 0)
(1.5 -8.09327e-17 0)
(1.5 -3.67149e-16 0)
(1.5 -5.5894e-17 0)
(1.5 -1.6154e-16 0)
(1.5 -8.60464e-16 0)
(1.5 -6.53539e-16 0)
(1.5 -7.10359e-16 0)
(1.5 -8.21778e-16 0)
(1.5 -5.78545e-16 0)
(1.5 -2.62753e-16 0)
(1.5 -2.64437e-16 0)
(1.5 -6.08354e-16 0)
(1.5 -5.96572e-16 0)
(1.5 -3.64674e-16 0)
(1.5 -7.86831e-16 0)
(1.5 -4.70396e-16 0)
(1.5 -8.03605e-16 0)
(1.5 -1.11482e-15 0)
(1.5 -7.74996e-16 0)
(1.5 -9.58857e-16 0)
(1.5 -1.66618e-16 0)
(1.5 4.75856e-18 0)
(1.5 -1.45577e-16 0)
(1.5 -1.3974e-16 0)
(1.5 -1.03137e-16 0)
(1.5 -7.57489e-17 0)
(1.5 -2.28205e-16 0)
(1.5 1.91724e-16 0)
(1.5 1.1397e-15 0)
(1.5 7.46783e-16 0)
(1.5 -3.49932e-16 0)
(1.5 2.32062e-16 0)
(1.5 -1.75355e-16 0)
(1.5 -4.79954e-16 0)
(1.5 -3.27538e-16 0)
(1.5 -6.71412e-16 0)
(1.5 -9.92211e-16 0)
(1.5 -3.61642e-16 0)
(1.5 -3.65153e-16 0)
(1.5 -2.00784e-17 0)
(1.5 -4.80648e-16 0)
(1.5 3.07135e-17 0)
(1.5 7.48436e-16 0)
(1.5 3.34081e-16 0)
(1.5 -2.73487e-16 0)
(1.5 -8.67429e-16 0)
(1.5 -3.9744e-16 0)
(1.5 -7.16123e-16 0)
(1.5 -7.92292e-17 0)
(1.5 3.41091e-16 0)
(1.5 7.60967e-16 0)
(1.5 6.59198e-16 0)
(1.5 3.13517e-16 0)
(1.5 1.11589e-16 0)
(1.5 5.20664e-16 0)
(1.5 1.24762e-16 0)
(1.5 -7.93369e-16 0)
(1.5 -1.33808e-15 0)
(1.5 -1.00996e-15 0)
(1.5 -5.32181e-17 0)
(1.5 5.23232e-16 0)
(1.5 -8.77852e-17 0)
(1.5 -2.31168e-16 0)
(1.5 -4.29202e-18 0)
(1.5 7.1536e-16 0)
(1.5 9.06956e-16 0)
(1.5 3.89693e-16 0)
(1.5 3.6711e-17 0)
(1.5 2.53166e-16 0)
(1.5 3.56949e-17 0)
(1.5 7.442e-17 0)
(1.5 -3.23881e-16 0)
(1.5 -9.51796e-16 0)
(1.5 -5.97969e-16 0)
(1.5 -4.96838e-16 0)
(1.5 2.77786e-16 0)
(1.5 1.75817e-16 0)
(1.5 3.18487e-16 0)
(1.5 2.21452e-16 0)
(1.5 2.76681e-16 0)
(1.5 1.34358e-16 0)
(1.5 -3.59403e-18 0)
(1.5 -3.00475e-16 0)
(1.5 -4.09419e-16 0)
(1.5 -2.07458e-16 0)
(1.5 -4.06518e-17 0)
(1.5 5.22789e-16 0)
(1.5 4.0236e-16 0)
(1.5 3.94156e-16 0)
(1.5 1.21848e-16 0)
(1.5 -1.20108e-15 0)
(1.5 -2.36292e-15 0)
(1.5 -2.95091e-15 0)
(1.5 -2.08826e-15 0)
(1.5 -7.88967e-16 0)
(1.5 6.7427e-16 0)
(1.5 1.57705e-15 0)
(1.5 1.22101e-15 0)
(1.5 1.18127e-16 0)
(1.5 -1.05446e-16 0)
(1.5 -1.3694e-16 0)
(1.5 -6.70022e-16 0)
(1.5 -3.88591e-16 0)
(1.5 1.03914e-16 0)
(1.5 -9.61226e-16 0)
(1.5 -7.94649e-16 0)
(1.5 -8.1277e-16 0)
(1.5 -4.74114e-16 0)
(1.5 -3.89961e-16 0)
(1.5 -6.70984e-16 0)
(1.5 -6.70984e-16 0)
)
;
    }
    procBoundary2to1
    {
        type            processor;
        value           nonuniform List<vector> 4((1.5 1.17025e-16 0) (1.5 -3.93042e-16 0) (1.5 -6.4792e-16 0) (1.5 -2.7278e-16 0));
    }
    procBoundary2to3
    {
        type            processor;
        value           nonuniform List<vector> 
32
(
(1.5 -6.35868e-17 0)
(1.5 1.26825e-16 0)
(1.5 1.23342e-16 0)
(1.5 -3.16662e-16 0)
(1.5 -2.09918e-16 0)
(1.5 -2.92622e-16 0)
(1.5 -7.15725e-16 0)
(1.5 -1.56364e-15 0)
(1.5 -6.868e-16 0)
(1.5 1.03222e-15 0)
(1.5 8.33025e-16 0)
(1.5 1.34778e-15 0)
(1.5 9.89721e-16 0)
(1.5 -3.24844e-16 0)
(1.5 -1.84808e-15 0)
(1.5 -6.84749e-16 0)
(1.5 2.37961e-16 0)
(1.5 -9.06028e-16 0)
(1.5 -4.69927e-17 0)
(1.5 1.42055e-15 0)
(1.5 3.66424e-16 0)
(1.5 4.00005e-16 0)
(1.5 4.71767e-16 0)
(1.5 -5.43883e-16 0)
(1.5 -1.71147e-15 0)
(1.5 -9.22895e-16 0)
(1.5 2.02157e-16 0)
(1.5 -9.10711e-16 0)
(1.5 3.25016e-16 0)
(1.5 2.50732e-15 0)
(1.5 1.50884e-15 0)
(1.5 4.08983e-16 0)
)
;
    }
}


// ************************************************************************* //
