/*--------------------------------*- C++ -*----------------------------------*\
  =========                 |
  \\      /  F ield         | OpenFOAM: The Open Source CFD Toolbox
   \\    /   O peration     | Website:  https://openfoam.org
    \\  /    A nd           | Version:  7
     \\/     M anipulation  |
\*---------------------------------------------------------------------------*/
FoamFile
{
    version     2.0;
    format      ascii;
    class       volScalarField;
    location    "2.8";
    object      p;
}
// * * * * * * * * * * * * * * * * * * * * * * * * * * * * * * * * * * * * * //

dimensions      [1 -1 -2 0 0 0 0];

internalField   nonuniform List<scalar> 
1008
(
1
1
1.0001
1.25325
7.10605
14.7773
1
1
1
1
1
1
1
1
1
1
1
1
1
1
1
1
1
1
1
1
1
1.00186
1.8406
9.03385
1
1
1
1
1
1
1
1
1
1
1
1
1
1
1
1
1
1
1
1
1
1
1.01676
2.57905
1
1
1
1
1
1
1
1
1
1
1
1
1
1
1
1
1
1
1
1
1
1
1.00004
1.05509
1
1
1
1
1
1
1
1
1
1
1
1
1
1
1
1
1
1
1
1
1
1
1
1.00024
1
1
1
1
1
1
1
1
1
1
1
1
1
1
1
1
1
1
1
1
1
1
1
1
1
1
1
1
1
1
1
1
1
1
1
1
1
1
1
1
1
1
1
1
1
1
1
1
1
1
1
1
1
1
1
1
1
1
1
1
1
1
1
1
1
1
1
1
1
1
1
1
1
1
1
1
1
1
1
1
1
1
1
1
1
1
1
1
1
1
1
1
1
1
1
1
1
1
1
1
1
1
1
1
1
1
1
1
1
1
1
1
1
1
1
1
1
1
1
1
1
1
1
1
1
1
1
1
1
1
1
1
1
1
1
1
1
1
1
1
1
1
1
1
1
1
1
1
1
1
1
1
1
1
1
1
1
1
1
1
1
1
1
1
1
1
1
1
1
1
1
1
1
1
1
1
1
1
1
1
1
1
1
1
1
1
1
1
1
1
1
1
1
1
1
1
1
1
1
1
1
1
1
1
1
1
1
1
1
1
1
1
1
1
1
1
1
1
1
1
1
1
1
1
1
1
1
1
1
1
1
1
1
1
1
1
1
1
1
1
1
1
1
1
1
1
1
1
1
1
1
1
1
1
1
1
1
1
1
1
1
1
1
1
1
1
1
1
1
1
1
1
1
1
1
1
1
1
1
1
1
1
1
1
1
1
1
1
1
1
1
1
1
1
1
1
1
1
1
1
1
1
1
1
1
1
1
1
1
1
1
1
15.6907
14.5368
13.2569
12.1731
11.2873
10.4213
9.58208
8.77439
8.1943
7.58235
7.04212
6.48041
6.04336
5.64572
5.24622
4.88911
4.57851
4.35471
4.10469
3.86532
3.61926
3.46044
3.29574
3.13838
2.9702
2.84525
2.7335
2.61667
2.50205
2.40196
2.33281
2.24388
2.15525
14.7652
15.1017
13.8214
12.6438
11.7258
10.847
9.93054
9.23229
8.59508
7.95108
7.36233
6.80552
6.41448
5.95622
5.56844
5.17365
4.89158
4.63864
4.36515
4.10671
3.87993
3.71741
3.53243
3.34632
3.15421
3.04937
2.92985
2.81159
2.68476
2.59129
2.5111
2.41009
2.31215
10.0579
14.3754
14.3234
13.1492
12.138
11.1672
10.2766
9.64109
8.94143
8.3057
7.62317
7.18934
6.75646
6.28252
5.86951
5.46393
5.22684
4.92469
4.64077
4.35209
4.13958
3.95348
3.75169
3.54871
3.36655
3.25543
3.12287
2.98933
2.84219
2.76516
2.67707
2.57009
2.45629
3.27991
10.5213
13.8678
13.7252
12.6927
11.5087
10.6788
10.0171
9.33873
8.62248
7.9732
7.58865
7.07854
6.6326
6.14046
5.81246
5.54405
5.1998
4.90328
4.5983
4.41312
4.19338
3.97293
3.73586
3.58002
3.4678
3.32424
3.17467
3.02094
2.94128
2.83776
2.72451
2.59796
1.11553
3.84752
10.5923
13.3855
13.2954
12.0598
11.1172
10.4182
9.74482
8.90754
8.40655
7.95608
7.42572
6.94585
6.4177
6.16883
5.83357
5.48516
5.13954
4.86049
4.67523
4.42388
4.19247
3.93851
3.81046
3.68097
3.52277
3.33858
3.19763
3.12083
3.00462
2.87875
2.73352
1.00073
1.1856
4.17822
10.5009
12.9407
12.7504
11.7043
10.9145
10.1075
9.26935
8.83688
8.30758
7.80478
7.19125
6.76972
6.51653
6.11794
5.76663
5.35909
5.14702
4.93814
4.66817
4.40471
4.1524
4.04701
3.89717
3.72188
3.50784
3.37903
3.29085
3.1666
3.02633
2.86805
1
1.00154
1.24131
4.34583
10.2243
12.4166
12.389
11.5772
10.4916
9.69323
9.23073
8.69523
8.15676
7.4415
7.15187
6.83308
6.42277
6.02606
5.61524
5.44869
5.19301
4.91165
4.59834
4.38924
4.29173
4.11485
3.91275
3.67369
3.56169
3.46778
3.33317
3.15423
3.19217
1
1
1.00237
1.2801
4.27946
9.78481
11.9609
12.203
11.1855
10.1676
9.61513
9.1106
8.4504
7.80073
7.55184
7.15238
6.74545
6.23988
5.89465
5.74112
5.46677
5.1704
4.79023
4.63206
4.52788
4.328
4.10098
3.8537
3.75748
3.65047
3.47009
3.53134
5.03334
1
1
1
1.00316
1.2774
4.02213
9.30871
11.529
11.83
10.8973
10.134
9.55727
8.73646
8.25302
7.91298
7.44457
7.04239
6.47805
6.22446
6.05218
5.7498
5.41454
5.01852
4.88902
4.77111
4.56114
4.28154
4.03142
3.94829
3.80652
3.90167
5.66763
10.5455
1
1
1
1.00001
1.00312
1.24204
3.71301
8.73715
10.9617
11.453
10.8762
10.0928
9.04467
8.61464
8.26555
7.89013
7.37039
6.71924
6.56704
6.35587
6.02173
5.67613
5.27567
5.15473
5.02006
4.78196
4.4571
4.23668
4.10862
4.29361
6.43679
11.7089
14.0612
1
1
1
1
1.00001
1.00255
1.20068
3.31416
7.82695
10.6039
11.288
10.8795
9.82431
8.93143
8.56727
8.27527
7.72528
7.17467
6.95678
6.62939
6.26793
5.8695
5.51956
5.43594
5.28924
4.99809
4.64833
4.45913
4.76457
7.4518
13.0399
15.2284
14.4452
1
1
1
1
1
1
1.0019
1.15148
2.74892
7.12546
10.0691
10.9392
10.6013
9.64784
9.05913
8.61455
7.90028
7.47784
7.30394
7.00607
6.66148
6.10038
5.7372
5.68334
5.4735
5.1949
5.01818
5.66363
9.30804
14.5953
16.6633
15.816
14.5758
1
1
1
1
1
1
1
1.0014
1.08568
2.31939
6.21251
9.4488
10.5394
10.3698
9.69566
9.08385
8.28865
7.82224
7.59223
7.32835
6.95821
6.34577
6.09864
5.96608
5.60194
5.70709
7.18394
12.3324
17.4521
17.963
16.7547
15.3296
14.1806
1
1
1
1
1
1
1
1
1.00061
1.04931
2.02415
5.10151
8.81522
10.112
10.3073
9.76913
8.91924
8.16036
7.91746
7.69457
7.36112
6.60238
6.38667
6.26176
6.73674
9.87236
16.2318
20.483
20.7082
19.2465
17.179
15.3973
14.1166
1
1
1
1
1
1
1
1
1
1.00026
1.03389
1.59481
3.96142
8.18709
9.79324
9.95514
9.607
8.84213
8.27512
7.85128
7.54155
7.00329
6.96747
8.67256
13.895
20.6839
22.4291
21.5689
19.9529
18.3104
16.8608
15.5461
14.365
1
1
1
1
1
1
1
1
1
1
1.00015
1.01245
1.27647
3.42563
7.36882
8.88959
9.52597
9.43189
9.02499
8.66358
8.28431
9.02529
12.5788
19.8465
25.7846
26.6992
25.5572
22.5976
19.7417
17.778
16.5774
15.5502
14.5161
1
1
1
1
1
1
1
1
1
1
1
1.00003
1.00403
1.17788
2.87325
5.94321
8.02553
9.68417
10.6291
11.9861
15.1559
20.5461
25.5191
26.5149
26.251
25.1046
22.9962
21.4233
20.2392
18.9719
17.7622
16.5416
15.37
1
1
1
1
1
1
1
1
1
1
1
1
1.00001
1.00193
1.11127
2.17039
4.87792
10.7217
19.8905
29.6939
38.5572
42.9512
41.2332
35.3774
28.5984
23.3819
20.5998
19.7864
18.9754
18.1127
17.1302
15.9582
14.7632
)
;

boundaryField
{
    inlet
    {
        type            fixedValue;
        value           uniform 1;
    }
    outlet
    {
        type            zeroGradient;
    }
    bottom
    {
        type            symmetryPlane;
    }
    top
    {
        type            symmetryPlane;
    }
    obstacle
    {
        type            zeroGradient;
    }
    defaultFaces
    {
        type            empty;
    }
    procBoundary2to0
    {
        type            processor;
        value           nonuniform List<scalar> 
58
(
1
1
1.0377
4.50139
14.0437
16.653
1
1
1
1
1
1
1
1
1
1
1
1
1
1
1
1
1
1
1
15.3033
14.007
12.862
11.7397
10.8116
9.95622
9.14056
8.33073
7.726
7.18947
6.62145
6.10432
5.62038
5.28249
4.92503
4.6045
4.2807
4.04998
3.82489
3.60782
3.38046
3.2276
3.08796
2.94146
2.78035
2.6454
2.54343
2.43207
2.33242
2.22848
2.15926
2.08134
2.0003
)
;
    }
    procBoundary2to1
    {
        type            processor;
        value           nonuniform List<scalar> 2(2.05313 2.21472);
    }
    procBoundary2to3
    {
        type            processor;
        value           nonuniform List<scalar> 
16
(
2.35355
2.49929
2.62059
2.92299
4.56125
9.39247
12.655
13.3816
13.3277
13.3932
13.2046
13.1819
13.4219
13.5734
14.3511
13.7554
)
;
    }
}


// ************************************************************************* //
