/*--------------------------------*- C++ -*----------------------------------*\
  =========                 |
  \\      /  F ield         | OpenFOAM: The Open Source CFD Toolbox
   \\    /   O peration     | Website:  https://openfoam.org
    \\  /    A nd           | Version:  7
     \\/     M anipulation  |
\*---------------------------------------------------------------------------*/
FoamFile
{
    version     2.0;
    format      ascii;
    class       volScalarField;
    location    "1.8";
    object      p;
}
// * * * * * * * * * * * * * * * * * * * * * * * * * * * * * * * * * * * * * //

dimensions      [1 -1 -2 0 0 0 0];

internalField   nonuniform List<scalar> 
4608
(
1
1
1
1
1
1
1
1
1
1
1
1
1
1
1
1
1
1
1
1
1
1
1
1
1
1
1
1
1
1
1
1
1
1
2.02048
4.51715
4.81511
4.8
4.82266
4.84341
4.87539
4.90841
4.93451
4.95215
4.9632
4.97239
4.98479
5.00049
5.02234
5.04442
5.0627
5.08345
5.11191
5.14819
5.18473
5.21205
5.22719
5.23387
5.24387
5.26285
5.28948
5.31277
5.32845
5.34309
5.36944
5.40826
5.44567
5.46833
5.47612
5.47296
5.469
5.47286
5.49526
5.53041
5.55522
5.56326
5.56259
5.56199
5.57048
5.59668
5.63418
5.66929
5.69497
5.71189
5.7215
5.72423
5.7234
5.72313
5.72584
5.7317
5.73854
5.7415
5.74017
5.73671
5.73464
5.73043
1
1
1
1
1
1
1
1
1
1
1
1
1
1
1
1
1
1
1
1
1
1
1
1
1
1
1
1
1
1
1
1
1
1
2.00601
4.51536
4.80546
4.8003
4.81883
4.83993
4.87291
4.9071
4.93457
4.95257
4.96384
4.97326
4.98567
5.00152
5.02325
5.04478
5.06267
5.08366
5.11268
5.14955
5.18598
5.21354
5.22808
5.23433
5.24388
5.26218
5.28873
5.31233
5.32862
5.34404
5.37053
5.4085
5.4442
5.46494
5.47169
5.46909
5.46625
5.47133
5.49428
5.52877
5.55343
5.5624
5.56384
5.56543
5.57365
5.59703
5.63075
5.66289
5.68861
5.70831
5.72063
5.72466
5.7239
5.723
5.72471
5.72946
5.73545
5.73881
5.73877
5.73623
5.73407
5.73029
1
1
1
1
1
1
1
1
1
1
1
1
1
1
1
1
1
1
1
1
1
1
1
1
1
1
1
1
1
1
1
1
1
1
1.98027
4.50991
4.79855
4.7974
4.81278
4.83413
4.86838
4.9049
4.93458
4.95341
4.96496
4.9745
4.98673
5.00269
5.02409
5.04471
5.06215
5.08379
5.11389
5.15142
5.18776
5.21534
5.22907
5.23466
5.24348
5.26097
5.28742
5.31162
5.32901
5.34561
5.3722
5.40889
5.4426
5.46136
5.46694
5.46468
5.46273
5.46896
5.49195
5.52509
5.54958
5.56022
5.56493
5.56963
5.57796
5.598
5.62729
5.65508
5.67933
5.70127
5.71752
5.72478
5.72506
5.72391
5.72376
5.72598
5.73045
5.73479
5.737
5.73583
5.73307
5.7292
1
1
1
1
1
1
1
1
1
1
1
1
1
1
1
1
1
1
1
1
1
1
1
1
1
1
1
1
1
1
1
1
1
1
1.94522
4.49279
4.79205
4.79256
4.80648
4.82767
4.8633
4.90209
4.93413
4.95402
4.96585
4.97575
4.98789
5.00411
5.02484
5.04413
5.06147
5.08458
5.11647
5.15491
5.19122
5.2181
5.23048
5.23504
5.24285
5.2594
5.28562
5.3107
5.32967
5.34772
5.37426
5.40896
5.44024
5.4573
5.46216
5.46054
5.45955
5.46671
5.489
5.52017
5.54413
5.5568
5.56509
5.57289
5.58154
5.59812
5.62288
5.64651
5.66865
5.69145
5.7114
5.7228
5.72495
5.72428
5.72249
5.72188
5.72421
5.72905
5.73358
5.7344
5.73168
5.7285
1
1
1
1
1
1
1
1
1
1
1
1
1
1
1
1
1
1
1
1
1
1
1
1
1
1
1
1
1
1
1
1
1
1
1.89915
4.46487
4.78601
4.78809
4.801
4.82167
4.85808
4.89861
4.93272
4.95376
4.96588
4.97681
4.98908
5.00566
5.02509
5.04287
5.06105
5.08643
5.12052
5.1598
5.19576
5.22118
5.23192
5.2352
5.24201
5.25769
5.28354
5.3097
5.33056
5.35012
5.37636
5.40875
5.43747
5.45332
5.45815
5.45761
5.45749
5.465
5.48582
5.51466
5.53791
5.55231
5.56311
5.57325
5.58277
5.59685
5.61793
5.63886
5.65906
5.68087
5.70258
5.71724
5.72209
5.72319
5.72092
5.71797
5.71787
5.72231
5.72852
5.73152
5.72973
5.72817
1
1
1
1
1
1
1
1
1
1
1
1
1
1
1
1
1
1
1
1
1
1
1
1
1
1
1
1
1
1
1
1
1
1
1.8427
4.42667
4.77961
4.78378
4.79544
4.81622
4.85349
4.89526
4.93088
4.95277
4.96511
4.97752
4.99019
5.00652
5.02364
5.04019
5.06082
5.08945
5.12608
5.1658
5.20068
5.22397
5.23284
5.23493
5.24099
5.25602
5.28146
5.30886
5.33178
5.35273
5.3784
5.40827
5.43425
5.44914
5.45465
5.45571
5.45652
5.46396
5.48282
5.5092
5.53157
5.54718
5.55929
5.57034
5.58051
5.59331
5.61223
5.63222
5.65154
5.67167
5.69248
5.70785
5.71503
5.71881
5.71803
5.71441
5.71234
5.71536
5.72194
5.72688
5.727
5.72794
1
1
1
1
1
1
1
1
1
1
1
1
1
1
1
1
1
1
1
1
1
1
1
1
1
1
1
1
1
1
1
1
1
1
1.77686
4.37946
4.77297
4.77853
4.79037
4.8125
4.85009
4.89161
4.92787
4.95019
4.96337
4.97766
4.99092
5.00605
5.02013
5.03631
5.06076
5.0934
5.13239
5.17191
5.20496
5.22562
5.23274
5.23384
5.23938
5.25411
5.27921
5.30798
5.33303
5.35536
5.38034
5.40733
5.43029
5.4443
5.45096
5.45402
5.45587
5.46306
5.47976
5.50361
5.52499
5.54146
5.55419
5.5651
5.57482
5.58683
5.6049
5.62555
5.64563
5.66471
5.6827
5.69588
5.70369
5.70987
5.71234
5.71052
5.70795
5.70908
5.71464
5.72073
5.72337
5.72727
1
1
1
1
1
1
1
1
1
1
1
1
1
1
1
1
1
1
1
1
1
1
1
1
1
1
1
1
1
1
1
1
1
1
1.70265
4.3224
4.76687
4.77342
4.7867
4.8105
4.84645
4.88709
4.92389
4.94582
4.96098
4.97758
4.99093
5.00371
5.01489
5.03194
5.06072
5.09742
5.13816
5.17663
5.20751
5.22556
5.23092
5.23112
5.23641
5.25137
5.27636
5.30657
5.33378
5.35748
5.38184
5.40577
5.42542
5.43829
5.44618
5.45126
5.45441
5.46146
5.47608
5.49737
5.5178
5.53521
5.54869
5.55879
5.56691
5.57728
5.5948
5.61747
5.64027
5.65958
5.67427
5.68309
5.68904
5.69632
5.70259
5.70508
5.70422
5.70405
5.70762
5.71361
5.71845
5.72473
1
1
1
1
1
1
1
1
1
1
1
1
1
1
1
1
1
1
1
1
1
1
1
1
1
1
1
1
1
1
1
1
1
1
1.62034
4.2534
4.76303
4.76999
4.78422
4.8087
4.84232
4.88179
4.91907
4.93987
4.95903
4.97733
4.9892
4.99943
5.00873
5.02792
5.06066
5.10025
5.1418
5.17873
5.20739
5.22324
5.22709
5.22673
5.232
5.24744
5.27237
5.30374
5.33292
5.3581
5.38212
5.40335
5.4199
5.43141
5.44
5.44645
5.45106
5.45822
5.47113
5.49
5.50962
5.52821
5.54302
5.55253
5.5583
5.56572
5.58185
5.60677
5.63372
5.65486
5.6674
5.67108
5.67237
5.67905
5.68852
5.69671
5.70003
5.70019
5.70178
5.70641
5.71199
5.71913
1
1
1
1
1
1
1
1
1
1
1
1
1
1
1
1
1
1
1
1
1
1
1
1
1
1
1
1
1
1
1
1
1
1
1.53104
4.16826
4.76088
4.76943
4.78475
4.80736
4.83761
4.87518
4.9125
4.9356
4.95915
4.97616
4.98514
4.99328
5.00272
5.02497
5.06037
5.10144
5.14257
5.17736
5.2039
5.21796
5.22113
5.22102
5.22666
5.24258
5.2672
5.29887
5.32932
5.35591
5.38017
5.39981
5.41439
5.42464
5.43288
5.43953
5.44498
5.45231
5.46411
5.4811
5.50028
5.52033
5.53703
5.5465
5.54986
5.5535
5.56701
5.59314
5.62445
5.64914
5.66137
5.66023
5.65598
5.65951
5.6709
5.68484
5.69388
5.69673
5.69729
5.69969
5.70388
5.71009
1
1
1
1
1
1
1
1
1
1
1
1
1
1
1
1
1
1
1
1
1
1
1
1
1
1
1
1
1
1
1
1
1
1
1.43538
4.06379
4.75868
4.77169
4.7878
4.80492
4.83171
4.86853
4.90617
4.93498
4.9608
4.97335
4.97872
4.98615
4.99798
5.02302
5.05981
5.10091
5.14046
5.17256
5.19714
5.20944
5.21311
5.21447
5.22107
5.2376
5.26159
5.29234
5.3227
5.34997
5.37487
5.39443
5.40861
5.4184
5.42571
5.43118
5.43632
5.44321
5.45434
5.47036
5.48983
5.51154
5.5301
5.54013
5.54144
5.54151
5.55181
5.5776
5.61235
5.64121
5.65438
5.64995
5.6405
5.63965
5.65109
5.66929
5.68478
5.69228
5.69348
5.69354
5.69446
5.69816
1
1
1
1
1
1
1
1
1
1
1
1
1
1
1
1
1
1
1
1
1
1
1
1
1
1
1
1
1
1
1
1
1
1
1.33308
3.93804
4.76225
4.77802
4.78993
4.80296
4.82652
4.86335
4.90343
4.937
4.96031
4.96709
4.97107
4.97942
4.99487
5.02185
5.05854
5.09858
5.13579
5.16557
5.18786
5.19846
5.20312
5.20692
5.21519
5.23264
5.25595
5.28484
5.31403
5.3409
5.36623
5.38672
5.40192
5.41239
5.41905
5.42227
5.42592
5.43136
5.44191
5.4578
5.47828
5.50172
5.52188
5.53253
5.53233
5.52976
5.5372
5.56186
5.59832
5.6303
5.64486
5.63897
5.62604
5.62099
5.63075
5.65121
5.67242
5.68537
5.68886
5.68724
5.68373
5.68405
1
1
1
1
1
1
1
1
1
1
1
1
1
1
1
1
1
1
1
1
1
1
1
1
1
1
1
1
1
1
1
1
1
1
1.22622
3.77832
4.76147
4.78813
4.79445
4.80449
4.8243
4.86078
4.9023
4.93584
4.95366
4.95901
4.96534
4.97434
4.99271
5.02022
5.05502
5.09383
5.12953
5.15803
5.17751
5.18668
5.19141
5.19778
5.208
5.2266
5.24954
5.2765
5.30449
5.33051
5.35572
5.37717
5.39397
5.40597
5.41253
5.4132
5.41444
5.4176
5.42736
5.44385
5.46576
5.49067
5.5117
5.52274
5.52175
5.51774
5.52366
5.5473
5.58375
5.61663
5.63196
5.62604
5.61165
5.60375
5.61112
5.63217
5.6568
5.67441
5.68152
5.67969
5.67194
5.66919
1
1
1
1
1
1
1
1
1
1
1
1
1
1
1
1
1
1
1
1
1
1
1
1
1
1
1
1
1
1
1
1
1
1
1.11795
3.57939
4.75547
4.7977
4.79756
4.80677
4.82315
4.85759
4.89739
4.92851
4.9439
4.95302
4.9616
4.97182
4.98962
5.01553
5.04742
5.08554
5.12179
5.15048
5.16743
5.17552
5.17881
5.18663
5.19859
5.21732
5.24051
5.26672
5.29444
5.32001
5.3449
5.36691
5.38516
5.39819
5.40463
5.4037
5.40221
5.40277
5.41165
5.42928
5.45268
5.4784
5.49916
5.50998
5.50898
5.50507
5.51142
5.53482
5.56976
5.60091
5.61558
5.61033
5.5965
5.58786
5.59325
5.61279
5.6381
5.65898
5.66993
5.66943
5.65896
5.6544
1
1
1
1
1
1
1
1
1
1
1
1
1
1
1
1
1
1
1
1
1
1
1
1
1
1
1
1
1
1
1
1
1
1
1.02011
3.35319
4.75978
4.79724
4.79581
4.80524
4.82087
4.85268
4.88807
4.91606
4.93523
4.95141
4.96016
4.96976
4.98448
5.00568
5.03539
5.07359
5.11226
5.14208
5.15793
5.16567
5.16693
5.17427
5.18656
5.20364
5.22715
5.25413
5.28283
5.30917
5.33447
5.35693
5.37589
5.38899
5.39484
5.39266
5.389
5.38746
5.3956
5.41489
5.43963
5.46512
5.48411
5.49366
5.49326
5.49137
5.50037
5.52442
5.55671
5.58388
5.59631
5.59172
5.57976
5.57225
5.57651
5.59323
5.61693
5.63903
5.65327
5.65556
5.64496
5.64039
1
1
1
1
1
1
1
1
1
1
1
1
1
1
1
1
1
1
1
1
1
1
1
1
1
1
1
1
1
1
1
1
1
1
1.00032
3.10392
4.74072
4.79463
4.79263
4.80129
4.81482
4.84393
4.87733
4.90622
4.9324
4.95068
4.96132
4.96696
4.97672
4.99317
5.02134
5.06023
5.10106
5.13185
5.14854
5.15683
5.15746
5.16273
5.17314
5.18668
5.20915
5.2375
5.268
5.29677
5.32394
5.34737
5.36645
5.37885
5.38325
5.3794
5.37415
5.37164
5.37964
5.40102
5.42698
5.45129
5.46706
5.47394
5.47439
5.47659
5.49011
5.51546
5.54439
5.56617
5.5752
5.57087
5.56114
5.55582
5.55991
5.57343
5.59401
5.61513
5.63141
5.63734
5.62945
5.62645
1
1
1
1
1
1
1
1
1
1
1
1
1
1
1
1
1
1
1
1
1
1
1
1
1
1
1
1
1
1
1
1
1
1
1
2.85884
4.70817
4.78914
4.78696
4.79421
4.80528
4.83455
4.86936
4.90276
4.93181
4.95027
4.95919
4.96306
4.96857
4.98211
5.00876
5.04846
5.0892
5.1197
5.13918
5.14826
5.15082
5.1536
5.16028
5.16944
5.18881
5.21775
5.24962
5.28167
5.312
5.33731
5.35658
5.36805
5.3702
5.36414
5.3576
5.35524
5.36389
5.38725
5.41461
5.43729
5.44865
5.4519
5.4529
5.46056
5.47984
5.50657
5.53209
5.54806
5.55313
5.54842
5.54045
5.53713
5.54147
5.55249
5.56953
5.58823
5.60529
5.61508
5.61222
5.61192
1
1
1
1
1
1
1
1
1
1
1
1
1
1
1
1
1
1
1
1
1
1
1
1
1
1
1
1
1
1
1
1
1
1
1
2.62014
4.65983
4.78244
4.78009
4.78379
4.7941
4.82466
4.86424
4.90302
4.92873
4.94574
4.95355
4.958
4.96047
4.97382
4.99908
5.03901
5.07799
5.1078
5.12927
5.1394
5.14511
5.14683
5.14754
5.1544
5.1695
5.19765
5.22984
5.26431
5.29767
5.32537
5.34541
5.35637
5.35617
5.34777
5.34
5.33823
5.34805
5.37268
5.4016
5.42286
5.4297
5.42902
5.43054
5.4435
5.46802
5.49601
5.5185
5.5296
5.53089
5.52503
5.51799
5.51588
5.52034
5.52977
5.54371
5.55942
5.5762
5.58901
5.59186
5.59446
1
1
1
1
1
1
1
1
1
1
1
1
1
1
1
1
1
1
1
1
1
1
1
1
1
1
1
1
1
1
1
1
1
1
1
2.38626
4.59323
4.77307
4.76978
4.77116
4.78245
4.81452
4.85962
4.90099
4.92464
4.9376
4.94445
4.94948
4.95222
4.96571
4.99081
5.03009
5.06717
5.09769
5.11835
5.12981
5.13656
5.13974
5.13546
5.14075
5.15256
5.17942
5.2116
5.24674
5.28133
5.31077
5.33196
5.34304
5.34124
5.3313
5.32256
5.32091
5.33148
5.35634
5.38658
5.40731
5.41067
5.407
5.40911
5.42594
5.45364
5.48214
5.50236
5.51015
5.50851
5.50115
5.49375
5.49144
5.49535
5.50373
5.51566
5.52915
5.54537
5.56014
5.56803
5.57317
1
1
1
1
1
1
1
1
1
1
1
1
1
1
1
1
1
1
1
1
1
1
1
1
1
1
1
1
1
1
1
1
1
1
1
2.15678
4.5059
4.75718
4.75665
4.76179
4.77244
4.80418
4.85087
4.89521
4.91928
4.93039
4.93627
4.93913
4.94286
4.95588
4.98099
5.01927
5.05693
5.08962
5.10732
5.11969
5.12597
5.12827
5.12318
5.1269
5.13671
5.1634
5.19598
5.23085
5.26457
5.29391
5.31557
5.32696
5.32511
5.31551
5.3065
5.30399
5.31383
5.3375
5.36825
5.3898
5.39148
5.38683
5.39009
5.4086
5.43637
5.46373
5.48236
5.48861
5.48554
5.47704
5.46825
5.46437
5.46694
5.47455
5.48559
5.49796
5.51329
5.52833
5.53916
5.54569
1
1
1
1
1
1
1
1
1
1
1
1
1
1
1
1
1
1
1
1
1
1
1
1
1
1
1
1
1
1
1
1
1
1
1
1.92453
4.39328
4.74054
4.74362
4.75254
4.76346
4.79254
4.83805
4.88451
4.91336
4.92624
4.93255
4.93326
4.9367
4.94625
4.96938
5.006
5.04698
5.08239
5.09879
5.10943
5.11426
5.11323
5.10936
5.11185
5.12073
5.14874
5.18273
5.21727
5.24865
5.27577
5.29637
5.30777
5.30777
5.30063
5.29214
5.28798
5.29536
5.3158
5.34563
5.36906
5.37165
5.36888
5.37393
5.39171
5.41627
5.44043
5.45781
5.46416
5.46137
5.45234
5.44135
5.43449
5.43453
5.44113
5.45231
5.46484
5.47945
5.49377
5.50558
5.51266
1
1
1
1
1
1
1
1
1
1
1
1
1
1
1
1
1
1
1
1
1
1
1
1
1
1
1
1
1
1
1
1
1
1
1
1.69689
4.24561
4.72789
4.73393
4.74466
4.75649
4.78149
4.82348
4.87107
4.90569
4.92265
4.93077
4.93186
4.93333
4.93824
4.95766
4.99275
5.03722
5.07476
5.09279
5.10101
5.10326
5.09807
5.09472
5.09521
5.1043
5.13408
5.17049
5.20504
5.23357
5.25698
5.2751
5.28618
5.28929
5.28603
5.27854
5.27245
5.27643
5.29157
5.3186
5.34444
5.35076
5.35276
5.35985
5.37478
5.39345
5.41248
5.42841
5.43613
5.43526
5.42661
5.41332
5.40283
5.39956
5.40486
5.41654
5.42945
5.44271
5.4549
5.46554
5.47218
1
1
1
1
1
1
1
1
1
1
1
1
1
1
1
1
1
1
1
1
1
1
1
1
1
1
1
1
1
1
1
1
1
1
1
1.48016
4.05679
4.72204
4.73091
4.74182
4.75415
4.77384
4.81144
4.85937
4.89663
4.91757
4.92885
4.9306
4.92952
4.93116
4.94663
4.98033
5.02633
5.06541
5.08594
5.09401
5.09433
5.08531
5.07995
5.07817
5.08804
5.11862
5.15793
5.19313
5.21906
5.23796
5.25268
5.26384
5.27024
5.27094
5.26488
5.25645
5.25702
5.26568
5.28784
5.31606
5.32882
5.33748
5.34631
5.35709
5.36824
5.38089
5.39476
5.40446
5.40662
5.39917
5.38355
5.36872
5.36144
5.3645
5.37602
5.389
5.40091
5.4111
5.42009
5.42653
1
1
1
1
1
1
1
1
1
1
1
1
1
1
1
1
1
1
1
1
1
1
1
1
1
1
1
1
1
1
1
1
1
1
1
1.28492
3.8332
4.71725
4.72801
4.74087
4.75341
4.77029
4.80532
4.8528
4.89147
4.91451
4.92606
4.92898
4.92739
4.92687
4.93857
4.96926
5.01388
5.05342
5.07692
5.08643
5.08597
5.07503
5.06653
5.0625
5.07237
5.10289
5.14387
5.17971
5.20367
5.2184
5.23
5.24173
5.25131
5.25471
5.25006
5.23928
5.23608
5.23842
5.25445
5.28477
5.30581
5.32147
5.33186
5.33792
5.34054
5.3464
5.35735
5.36915
5.37467
5.36893
5.35174
5.33308
5.32191
5.3222
5.33224
5.34353
5.35255
5.35982
5.36651
5.37264
1
1
1
1
1
1
1
1
1
1
1
1
1
1
1
1
1
1
1
1
1
1
1
1
1
1
1
1
1
1
1
1
1
1
1
1.11019
3.54723
4.71212
4.72752
4.74045
4.75075
4.76457
4.79695
4.84422
4.88541
4.91073
4.92318
4.92744
4.92643
4.92454
4.93287
4.95876
4.99964
5.03914
5.06542
5.07728
5.07826
5.0671
5.05627
5.04979
5.0582
5.08657
5.127
5.16329
5.18606
5.19818
5.20829
5.22076
5.23241
5.23752
5.23374
5.22089
5.21309
5.20913
5.21979
5.25191
5.28157
5.30389
5.31532
5.31626
5.31127
5.31021
5.31757
5.33082
5.33928
5.3353
5.31713
5.2947
5.27892
5.27507
5.2811
5.28893
5.29472
5.3003
5.30621
5.31355
1
1
1
1
1
1
1
1
1
1
1
1
1
1
1
1
1
1
1
1
1
1
1
1
1
1
1
1
1
1
1
1
1
1
1
1.00842
3.19189
4.68857
4.72274
4.73949
4.75191
4.76579
4.79499
4.83935
4.88061
4.90631
4.91832
4.92369
4.92507
4.92348
4.9281
4.94759
4.98253
5.02187
5.05143
5.06702
5.0711
5.06142
5.04912
5.04019
5.04667
5.06925
5.10604
5.14313
5.16577
5.17757
5.18775
5.20043
5.21311
5.21951
5.21611
5.20167
5.18837
5.17752
5.18489
5.21904
5.25582
5.28325
5.29552
5.29197
5.28042
5.27287
5.27645
5.28914
5.29926
5.2969
5.27864
5.25363
5.23384
5.22556
5.22563
5.2277
5.22811
5.2302
5.23435
5.24181
1
1
1
1
1
1
1
1
1
1
1
1
1
1
1
1
1
1
1
1
1
1
1
1
1
1
1
1
1
1
1
1
1
1
1
1.00014
2.76901
4.63801
4.72559
4.73976
4.7532
4.7671
4.79375
4.83548
4.87603
4.90172
4.91314
4.91867
4.92115
4.92087
4.92251
4.93453
4.9643
5.00307
5.0351
5.05507
5.06335
5.05742
5.045
5.03458
5.03699
5.05187
5.08219
5.12017
5.14401
5.1576
5.16821
5.18021
5.19349
5.20105
5.19742
5.18154
5.16223
5.1447
5.15105
5.18739
5.22844
5.25879
5.27169
5.26533
5.24888
5.23539
5.23491
5.24476
5.25479
5.25332
5.23561
5.20849
5.18381
5.16832
5.15863
5.15293
5.14779
5.14762
5.1518
5.1612
1
1
1
1
1
1
1
1
1
1
1
1
1
1
1
1
1
1
1
1
1
1
1
1
1
1
1
1
1
1
1
1
1
1
1
1
2.34947
4.55481
4.73766
4.74602
4.75493
4.76528
4.78711
4.82653
4.86848
4.89666
4.90935
4.91448
4.91551
4.91598
4.91511
4.91903
4.94387
4.98209
5.01703
5.04241
5.05445
5.05499
5.04408
5.03246
5.02729
5.03345
5.05658
5.09444
5.12155
5.13848
5.14911
5.15986
5.17367
5.18204
5.17746
5.15944
5.13469
5.11305
5.11987
5.15695
5.19876
5.22965
5.24269
5.23549
5.21681
5.19867
5.1931
5.19754
5.20446
5.20306
5.18689
5.15879
5.1293
5.10598
5.08694
5.07184
5.0584
5.05082
5.04972
5.05477
1
1
1
1
1
1
1
1
1
1
1
1
1
1
1
1
1
1
1
1
1
1
1
1
1
1
1
1
1
1
1
1
1
1
1
1
1.95653
4.41247
4.75144
4.75091
4.75443
4.76077
4.77809
4.81414
4.8565
4.88558
4.89891
4.90473
4.90726
4.91054
4.90635
4.90481
4.92411
4.96097
4.99879
5.0284
5.04558
5.05192
5.04345
5.02899
5.01643
5.01495
5.03109
5.06723
5.099
5.11952
5.12961
5.1393
5.15342
5.1618
5.15597
5.13472
5.10612
5.08502
5.09252
5.12749
5.16692
5.19636
5.20877
5.20239
5.18388
5.16339
5.15147
5.1481
5.14911
5.14681
5.13283
5.10389
5.06794
5.03334
5.00083
4.97029
4.9454
4.9296
4.92426
4.92871
1
1
1
1
1
1
1
1
1
1
1
1
1
1
1
1
1
1
1
1
1
1
1
1
1
1
1
1
1
1
1
1
1
1
1
1
1.61035
4.18784
4.76384
4.75939
4.75656
4.76013
4.7732
4.80102
4.83967
4.8709
4.88892
4.89787
4.90197
4.90242
4.89701
4.89195
4.90452
4.93923
4.98049
5.01352
5.03522
5.04645
5.04168
5.02514
5.00455
4.99609
5.0051
5.03861
5.07509
5.0994
5.10983
5.1194
5.13245
5.13911
5.13207
5.10772
5.07802
5.06108
5.06801
5.09739
5.13197
5.1588
5.17015
5.16613
5.14958
5.12775
5.10869
5.09575
5.08939
5.08535
5.07276
5.04243
4.99952
4.95293
4.90623
4.86172
4.82304
4.789
4.76148
4.74423
1
1
1
1
1
1
1
1
1
1
1
1
1
1
1
1
1
1
1
1
1
1
1
1
1
1
1
1
1
1
1
1
1
1
1
1
1.32085
3.87381
4.77477
4.76494
4.76274
4.76022
4.76316
4.7823
4.82042
4.85668
4.87961
4.89223
4.89597
4.89483
4.88779
4.88051
4.88729
4.91834
4.96134
4.99813
5.02438
5.03774
5.03248
5.01447
4.99014
4.97802
4.98253
5.01243
5.05115
5.07775
5.08933
5.09935
5.10904
5.11214
5.10403
5.07891
5.05229
5.04005
5.04526
5.06684
5.09492
5.1179
5.12838
5.12774
5.11379
5.09119
5.06398
5.04084
5.0274
5.02076
5.00829
4.97562
4.92437
4.86288
4.79579
4.72844
4.65971
4.59134
4.53216
4.48927
1
1
1
1
1
1
1
1
1
1
1
1
1
1
1
1
1
1
1
1
1
1
1
1
1
1
1
1
1
1
1
1
1
1
1
1
1.06395
3.45746
4.806
4.77437
4.76402
4.758
4.75614
4.76648
4.80152
4.84316
4.87221
4.88778
4.89037
4.88611
4.87676
4.86773
4.87009
4.89658
4.94081
4.98177
5.01137
5.02613
5.02317
5.00555
4.97993
4.96342
4.96311
4.98573
5.02436
5.05408
5.06879
5.07754
5.08086
5.07932
5.07161
5.05237
5.03266
5.02178
5.02291
5.03542
5.05663
5.07624
5.08726
5.08886
5.07501
5.04987
5.01491
4.98341
4.96374
4.95418
4.94106
4.90646
4.84605
4.76748
4.68109
4.5949
4.50364
4.40289
4.3009
4.27032
1
1
1
1
1
1
1
1
1
1
1
1
1
1
1
1
1
1
1
1
1
1
1
1
1
1
1
1
1
1
1
1
1
1
1
1
1.0018
2.21793
4.47609
4.75086
4.74783
4.74537
4.73692
4.73589
4.75633
4.79561
4.83424
4.85739
4.86511
4.86334
4.85321
4.84387
4.83953
4.85261
4.88613
4.92652
4.96028
4.98
4.98442
4.9734
4.95088
4.92874
4.91722
4.92231
4.95112
4.98303
5.00372
5.00875
5.00414
4.99914
4.99714
4.99707
4.99063
4.97471
4.95793
4.94949
4.95336
4.96532
4.97425
4.97263
4.95488
4.92377
4.88409
4.84625
4.815
4.7891
4.75875
4.70965
4.63017
4.52528
4.40061
4.25926
4.0794
3.83095
3.41838
2.61257
1
1
1
1
1
1
1
1
1
1
1
1
1
1
1
1
1
1
1
1
1
1
1
1
1
1
1
1
1
1
1
1
1
1
1
1
1
1.05058
3.00655
4.62813
4.69233
4.70373
4.69857
4.69114
4.6913
4.71317
4.75225
4.78881
4.80991
4.81691
4.81108
4.7983
4.78483
4.77742
4.78805
4.81755
4.85446
4.88517
4.90211
4.90724
4.89542
4.87323
4.84783
4.83561
4.84023
4.85616
4.87692
4.88748
4.88985
4.89172
4.89403
4.89347
4.88689
4.8697
4.84334
4.81616
4.79728
4.78545
4.77553
4.76231
4.74159
4.71136
4.67177
4.62459
4.5713
4.51329
4.44695
4.36716
4.2669
4.14362
3.99318
3.80532
3.5776
3.25208
2.82961
2.31303
1
1
1
1
1
1
1
1
1
1
1
1
1
1
1
1
1
1
1
1
1
1
1
1
1
1
1
1
1
1
1
1
1
1
1
1
1
1.00012
1.21623
3.57993
4.60497
4.65675
4.65881
4.66111
4.65863
4.65988
4.6763
4.70663
4.73773
4.75794
4.76531
4.75441
4.736
4.71941
4.71599
4.73027
4.75724
4.78864
4.81417
4.82628
4.82484
4.81243
4.7911
4.77078
4.75893
4.75708
4.76186
4.77072
4.77701
4.78089
4.78096
4.77296
4.75946
4.7411
4.71703
4.68921
4.65806
4.62553
4.59521
4.56836
4.54158
4.50964
4.46679
4.41025
4.34123
4.26421
4.17989
4.08731
3.98267
3.8622
3.71916
3.53894
3.32813
3.05857
2.75356
2.43909
1
1
1
1
1
1
1
1
1
1
1
1
1
1
1
1
1
1
1
1
1
1
1
1
1
1
1
1
1
1
1
1
1
1
1
1
1
1
1.00156
1.49685
3.87965
4.58726
4.60937
4.60711
4.6102
4.60807
4.61158
4.62518
4.65142
4.67984
4.69991
4.70752
4.69593
4.67865
4.6693
4.66822
4.67646
4.69293
4.71278
4.7265
4.73046
4.72539
4.72057
4.71238
4.69791
4.68584
4.67627
4.66904
4.66062
4.65199
4.64665
4.63973
4.6275
4.6106
4.58828
4.55941
4.52302
4.48485
4.44816
4.41305
4.37668
4.33473
4.28206
4.21741
4.14276
4.06261
3.97728
3.88583
3.78574
3.67116
3.5425
3.38955
3.2195
3.01561
2.80625
2.60228
1
1
1
1
1
1
1
1
1
1
1
1
1
1
1
1
1
1
1
1
1
1
1
1
1
1
1
1
1
1
1
1
1
1
1
1
1
1
1
1.00858
1.64775
3.96546
4.54493
4.57292
4.57006
4.5689
4.56343
4.561
4.56861
4.59009
4.61478
4.63586
4.64525
4.63904
4.62971
4.62318
4.61758
4.61695
4.62083
4.62384
4.62395
4.623
4.62463
4.62832
4.62813
4.62005
4.60535
4.58476
4.55856
4.52989
4.51355
4.50639
4.49898
4.48648
4.46405
4.42997
4.38994
4.35268
4.31819
4.28367
4.24233
4.19037
4.12843
4.06006
3.9871
3.91143
3.83362
3.74796
3.65747
3.54869
3.43298
3.30301
3.16394
3.01995
2.88086
2.7283
1
1
1
1
1
1
1
1
1
1
1
1
1
1
1
1
1
1
1
1
1
1
1
1
1
1
1
1
1
1
1
1
1
1
1
1
1
1
1
1.00001
1.01485
1.64508
3.90993
4.50294
4.52509
4.52677
4.52575
4.5211
4.51818
4.52265
4.53572
4.55352
4.57033
4.57686
4.57438
4.57146
4.56555
4.55565
4.54677
4.53843
4.52829
4.52149
4.52232
4.52832
4.53534
4.53674
4.5275
4.50561
4.47259
4.43153
4.40282
4.38775
4.37859
4.36747
4.34503
4.30917
4.26751
4.22995
4.19716
4.16443
4.12108
4.06534
4.00258
3.93706
3.87049
3.80179
3.73487
3.65641
3.57153
3.47081
3.36554
3.25349
3.14181
3.03515
2.93478
2.82839
1
1
1
1
1
1
1
1
1
1
1
1
1
1
1
1
1
1
1
1
1
1
1
1
1
1
1
1
1
1
1
1
1
1
1
1
1
1
1
1
1.00003
1.01467
1.50588
3.71977
4.44086
4.48099
4.48535
4.48718
4.4839
4.47922
4.47953
4.48317
4.48992
4.49702
4.50178
4.50518
4.50702
4.50186
4.48737
4.47132
4.45462
4.44024
4.43254
4.43125
4.43327
4.43416
4.43104
4.41762
4.38976
4.35075
4.31737
4.29478
4.27794
4.26045
4.23502
4.20062
4.16099
4.12324
4.0901
4.05457
4.00835
3.95496
3.89745
3.83826
3.77937
3.71931
3.66329
3.59637
3.51555
3.42414
3.32987
3.23451
3.1413
3.05295
2.97418
2.89759
1
1
1
1
1
1
1
1
1
1
1
1
1
1
1
1
1
1
1
1
1
1
1
1
1
1
1
1
1
1
1
1
1
1
1
1
1
1
1
1
1
1.00003
1.00876
1.30699
3.35623
4.35181
4.4341
4.43657
4.43715
4.43806
4.43323
4.42721
4.42159
4.41769
4.42037
4.42601
4.42965
4.42961
4.42266
4.40895
4.39267
4.3772
4.36363
4.35205
4.34101
4.33174
4.3251
4.31684
4.2997
4.2747
4.24944
4.22555
4.19937
4.16895
4.13607
4.10222
4.06703
4.03282
4.00113
3.96173
3.914
3.86395
3.81173
3.75843
3.70572
3.65384
3.60533
3.54901
3.47749
3.39793
3.31621
3.23371
3.15292
3.07923
3.01229
2.94745
1.08067
0.600645
0.407573
0.30584
0.220908
0.142599
0.115614
0.108329
0.0960366
0.0709994
0.0586864
0.0637489
0.067807
0.0642456
0.0630267
0.0645656
0.0709296
0.0816529
0.0923181
0.096133
0.0988595
0.104542
0.113667
0.129145
0.149709
0.167398
0.182849
0.201354
0.226015
0.238719
0.25123
0.268544
0.298054
0.327028
0.355575
0.385216
0.410441
0.424976
0.437403
0.450028
0.465095
0.4843
0.510998
0.546236
0.567802
0.576625
0.585514
0.592502
0.596105
0.605319
0.625868
0.656616
0.67683
0.681575
0.687479
0.693396
0.69966
0.707322
0.715032
0.728238
0.753095
0.772349
0.775754
0.7763
0.7744
0.773977
0.776356
0.780151
0.789231
0.792821
0.79093
0.785435
0.776081
0.768945
0.767413
0.766445
0.767895
0.776223
0.780258
0.779051
0.77558
0.768283
0.763355
0.762697
0.763104
0.766977
0.775974
0.780611
0.780993
0.780618
0.777055
0.77509
0.776545
0.779203
0.784794
0.792513
1.66968
1.24415
1.01251
0.870215
0.74027
0.608458
0.552593
0.518899
0.468441
0.397209
0.359787
0.358459
0.345398
0.318492
0.291302
0.288094
0.290762
0.285078
0.269658
0.260231
0.258501
0.258647
0.256938
0.256623
0.256552
0.258307
0.260993
0.261132
0.258793
0.257139
0.258621
0.264281
0.26859
0.271905
0.273672
0.277444
0.282479
0.287818
0.294622
0.306134
0.321154
0.331387
0.341431
0.357587
0.372793
0.379317
0.38706
0.399501
0.413112
0.428678
0.449817
0.47415
0.496888
0.512706
0.521495
0.529173
0.539273
0.553014
0.570024
0.590462
0.615679
0.640893
0.655347
0.659701
0.662011
0.66945
0.680392
0.694185
0.715037
0.725689
0.727242
0.727867
0.727408
0.725963
0.72589
0.72792
0.734046
0.747817
0.755548
0.757541
0.758685
0.756825
0.754719
0.756753
0.760731
0.768909
0.78202
0.786772
0.787941
0.788159
0.786023
0.784275
0.785237
0.786692
0.790487
0.796678
2.09202
1.8098
1.62412
1.44479
1.27186
1.16891
1.09095
0.997895
0.873416
0.796469
0.771475
0.739769
0.687512
0.62427
0.60311
0.588356
0.566161
0.525946
0.482844
0.472406
0.463142
0.452502
0.432966
0.413728
0.408267
0.400014
0.389502
0.372059
0.354369
0.351942
0.348949
0.345511
0.341188
0.335679
0.329016
0.31947
0.312155
0.311873
0.313173
0.315263
0.321474
0.329266
0.331245
0.331807
0.334472
0.340937
0.34908
0.358441
0.371018
0.388053
0.407054
0.413225
0.417303
0.423919
0.431033
0.436208
0.441672
0.449783
0.465316
0.48912
0.511721
0.527225
0.542798
0.551977
0.556143
0.563464
0.576673
0.596107
0.623257
0.63563
0.642802
0.655779
0.667821
0.674411
0.683633
0.697249
0.715621
0.729829
0.733884
0.739211
0.746119
0.749891
0.754077
0.760425
0.771147
0.790084
0.802454
0.805176
0.806445
0.806094
0.80263
0.799545
0.799149
0.799858
0.801466
0.804708
2.37419
2.18074
2.03014
1.86182
1.7254
1.62078
1.49648
1.37385
1.29966
1.23485
1.14839
1.06322
1.02253
0.988034
0.943846
0.873246
0.82315
0.800705
0.775322
0.745138
0.700453
0.679444
0.667502
0.648921
0.623808
0.582329
0.558122
0.552342
0.542994
0.529525
0.508215
0.499618
0.498398
0.491695
0.479179
0.459781
0.444083
0.441809
0.443053
0.44008
0.431763
0.422125
0.411603
0.403001
0.397448
0.395449
0.394434
0.394638
0.397957
0.400199
0.399554
0.393894
0.384165
0.381208
0.381981
0.383731
0.386238
0.390061
0.397591
0.41013
0.416172
0.417947
0.421603
0.42926
0.437527
0.444869
0.454112
0.467923
0.485491
0.501517
0.516236
0.532752
0.552928
0.574827
0.595474
0.615927
0.644641
0.663716
0.667982
0.673579
0.682358
0.68904
0.693019
0.700351
0.716402
0.740287
0.748828
0.752988
0.757287
0.758178
0.755309
0.754092
0.757481
0.759019
0.762704
0.769553
2.57332
2.42268
2.27659
2.15311
2.04218
1.92017
1.81826
1.73699
1.64249
1.5401
1.46751
1.40925
1.33997
1.24957
1.19298
1.15976
1.11943
1.06291
1.0131
0.990533
0.966724
0.937648
0.889814
0.844007
0.816842
0.790405
0.764033
0.728067
0.709243
0.703712
0.691504
0.675799
0.648977
0.626067
0.620476
0.610911
0.599678
0.584751
0.569037
0.559017
0.547565
0.533762
0.514761
0.496754
0.49184
0.491429
0.49132
0.486756
0.480638
0.471871
0.455557
0.437129
0.42461
0.420149
0.419517
0.419457
0.420605
0.423391
0.426371
0.428857
0.4296
0.42988
0.431026
0.431696
0.431216
0.427036
0.422664
0.422683
0.424099
0.42636
0.429664
0.435565
0.4455
0.462106
0.482214
0.492066
0.498792
0.506758
0.513893
0.52096
0.530329
0.544671
0.55936
0.576232
0.604523
0.639152
0.647804
0.653715
0.667147
0.676155
0.679331
0.685135
0.695631
0.704046
0.714119
0.727714
2.71624
2.5872
2.46002
2.35478
2.24787
2.14985
2.06864
1.98194
1.89833
1.8234
1.74134
1.64053
1.56304
1.51185
1.45469
1.38558
1.33388
1.30464
1.27188
1.22572
1.16724
1.13101
1.09834
1.06078
1.01121
0.967024
0.947053
0.927338
0.904766
0.869056
0.842221
0.833231
0.817954
0.798738
0.773854
0.757837
0.748706
0.735528
0.716476
0.688902
0.661531
0.654548
0.64847
0.637906
0.623182
0.615678
0.612712
0.607511
0.597058
0.578223
0.55205
0.539458
0.536529
0.53273
0.525767
0.517279
0.514234
0.512086
0.507914
0.505438
0.503599
0.500083
0.495627
0.489689
0.478766
0.461055
0.451578
0.45041
0.449997
0.449914
0.450882
0.454414
0.461364
0.465311
0.465534
0.465145
0.462756
0.455297
0.448109
0.447609
0.448792
0.452368
0.458753
0.468167
0.482607
0.498117
0.503843
0.507669
0.514734
0.524838
0.532927
0.540724
0.553193
0.570823
0.588957
0.609169
2.80898
2.70516
2.59961
2.49923
2.40539
2.32184
2.24359
2.17375
2.10496
2.02325
1.93379
1.85316
1.77878
1.70373
1.64488
1.60785
1.56661
1.5089
1.45234
1.41436
1.37334
1.32193
1.26287
1.22936
1.20414
1.17483
1.13702
1.08942
1.06283
1.04062
1.01446
0.98
0.958027
0.950024
0.937822
0.920389
0.894107
0.86497
0.840239
0.818187
0.797679
0.775496
0.764921
0.761601
0.754459
0.743593
0.72765
0.708438
0.689534
0.671515
0.659901
0.648167
0.639201
0.633461
0.624869
0.616166
0.60747
0.596596
0.591537
0.589381
0.585692
0.580439
0.573584
0.562472
0.540193
0.51346
0.507261
0.506344
0.505026
0.503291
0.503981
0.504001
0.501042
0.499054
0.497869
0.494982
0.484452
0.468587
0.46496
0.464575
0.464257
0.465022
0.467501
0.472152
0.47701
0.478666
0.478646
0.478195
0.475183
0.467764
0.465273
0.466138
0.468214
0.472903
0.481169
0.493477
2.87221
2.78643
2.6961
2.60704
2.5266
2.45265
2.38518
2.32166
2.25482
2.18337
2.10402
2.01261
1.93263
1.88536
1.83944
1.78482
1.73607
1.69255
1.64542
1.58604
1.51387
1.47425
1.44641
1.40918
1.36789
1.33694
1.30704
1.27238
1.22967
1.17673
1.15049
1.13713
1.11817
1.09109
1.07025
1.05587
1.03586
1.00873
0.966647
0.932471
0.921569
0.910431
0.897433
0.877255
0.860747
0.851515
0.837718
0.818949
0.797301
0.78273
0.772549
0.76196
0.749405
0.73164
0.713686
0.708463
0.705458
0.696715
0.688909
0.68468
0.680234
0.674461
0.665086
0.647649
0.619668
0.600298
0.597359
0.596416
0.590847
0.58668
0.58638
0.584022
0.578306
0.575257
0.572922
0.568085
0.557201
0.537806
0.52677
0.523953
0.519689
0.515628
0.51507
0.514451
0.512181
0.50926
0.505782
0.500504
0.48989
0.48002
0.478409
0.47805
0.478154
0.479928
0.485222
0.492718
)
;

boundaryField
{
    inlet
    {
        type            fixedValue;
        value           uniform 1;
    }
    outlet
    {
        type            zeroGradient;
    }
    bottom
    {
        type            symmetryPlane;
    }
    top
    {
        type            symmetryPlane;
    }
    obstacle
    {
        type            zeroGradient;
    }
    defaultFaces
    {
        type            empty;
    }
    procBoundary0to1
    {
        type            processor;
        value           nonuniform List<scalar> 8(0.795642 0.798152 0.805815 0.777448 0.741009 0.634827 0.512462 0.496819);
    }
    procBoundary0to2
    {
        type            processor;
        value           nonuniform List<scalar> 
192
(
1
1
1
1
1
1
1
1
1
1
1
1
1
1
1
1
1
1
1
1
1
1
1
1
1
1
1
1
1
1
1
1
1
1
1
1
1
1
1
1
1
1
1.00001
1.00355
1.22067
2.73828
4.18014
4.37755
4.38037
4.37759
4.36934
4.36346
4.35838
4.35588
4.35426
4.3546
4.35584
4.35318
4.34478
4.33504
4.32549
4.31711
4.30724
4.29328
4.27513
4.25205
4.23306
4.21803
4.2028
4.18877
4.17732
4.15904
4.13131
4.09516
4.05285
4.01789
3.98556
3.95503
3.92659
3.89132
3.84644
3.79744
3.74716
3.69658
3.64699
3.59926
3.55554
3.50789
3.44801
3.37978
3.30921
3.23728
3.16666
3.10056
3.04116
2.98489
2.91965
2.84385
2.7636
2.68596
2.6152
2.55163
2.49514
2.43869
2.37726
2.30976
2.23276
2.14845
2.08003
2.027
1.98079
1.94326
1.90197
1.84904
1.78849
1.73142
1.67819
1.62518
1.57856
1.54976
1.52907
1.49904
1.45816
1.41517
1.37512
1.3367
1.29811
1.26027
1.24071
1.22924
1.21076
1.18467
1.15478
1.12681
1.09797
1.07227
1.04171
1.0167
1.00676
0.994061
0.976747
0.953809
0.936252
0.927169
0.91732
0.905069
0.88674
0.859223
0.838264
0.82423
0.810231
0.797788
0.790935
0.787852
0.785666
0.779355
0.770465
0.760627
0.747083
0.725172
0.698801
0.68376
0.680533
0.67816
0.670408
0.664842
0.662118
0.656271
0.64985
0.646603
0.642353
0.636218
0.627431
0.612409
0.593993
0.583529
0.576114
0.571083
0.56841
0.56558
0.561783
0.556654
0.549548
0.537029
0.520695
0.515812
0.51496
0.51502
0.516957
0.520715
0.526834
0.536738
)
;
    }
}


// ************************************************************************* //
