/*--------------------------------*- C++ -*----------------------------------*\
  =========                 |
  \\      /  F ield         | OpenFOAM: The Open Source CFD Toolbox
   \\    /   O peration     | Website:  https://openfoam.org
    \\  /    A nd           | Version:  7
     \\/     M anipulation  |
\*---------------------------------------------------------------------------*/
FoamFile
{
    version     2.0;
    format      ascii;
    class       volScalarField;
    location    "1.1";
    object      rho;
}
// * * * * * * * * * * * * * * * * * * * * * * * * * * * * * * * * * * * * * //

dimensions      [1 -3 0 0 0 0 0];

internalField   nonuniform List<scalar> 
4032
(
1.40001
1.40001
1.40001
1.40001
1.40001
1.40001
1.40001
2.12392
2.94407
3.04834
3.06856
3.09704
3.11834
3.14571
3.17735
3.20948
3.23835
3.265
3.28891
3.30469
3.29497
3.24208
3.17035
3.13321
1.40001
1.40001
1.40001
1.40001
1.40001
1.40001
1.40001
2.10046
2.93402
3.04398
3.06681
3.09391
3.11499
3.14195
3.17332
3.20527
3.23365
3.25945
3.28237
3.29713
3.28585
3.2317
3.15869
3.12108
1.40001
1.40001
1.40001
1.40001
1.40001
1.40001
1.40001
2.05168
2.91926
3.03893
3.0609
3.08721
3.10854
3.13525
3.16621
3.19768
3.22526
3.24971
3.27122
3.28485
3.27256
3.21794
3.14371
3.10575
1.40001
1.40001
1.40001
1.40001
1.40001
1.40001
1.40001
1.98158
2.89438
3.0329
3.05271
3.07734
3.09909
3.12571
3.15614
3.18655
3.2126
3.23494
3.25488
3.26776
3.25497
3.19924
3.12165
3.08052
1.40001
1.40001
1.40001
1.40001
1.40001
1.40001
1.40001
1.89307
2.85817
3.02576
3.04164
3.06455
3.08737
3.11368
3.14285
3.17133
3.19528
3.21441
3.23108
3.24069
3.22488
3.16892
3.08949
3.05101
1.40001
1.40001
1.40001
1.40001
1.40001
1.40001
1.40001
1.78362
2.80468
3.01658
3.02847
3.04959
3.07375
3.09922
3.12631
3.15198
3.17327
3.18849
3.20088
3.20744
3.19274
3.13832
3.05522
3.0008
1.40001
1.40001
1.40001
1.40001
1.40001
1.40001
1.40001
1.66207
2.72782
3.00507
3.01316
3.03295
3.05888
3.08249
3.10621
3.12804
3.1462
3.15806
3.16469
3.16376
3.14285
3.07431
2.9768
2.9204
1.40001
1.40001
1.40001
1.40001
1.40001
1.40001
1.40001
1.54231
2.61119
2.98592
2.99766
3.01767
3.04368
3.06333
3.08265
3.1002
3.11475
3.12213
3.12129
3.10978
3.08218
3.01462
2.89961
2.82479
1.40001
1.40001
1.40001
1.40001
1.40001
1.40001
1.40001
1.43942
2.44016
2.95677
2.98525
3.00361
3.02662
3.04138
3.0562
3.06917
3.07927
3.08211
3.07306
3.05034
3.00782
2.91971
2.68961
2.1669
1.40001
1.40001
1.40001
1.40001
1.40001
1.40001
1.40001
1.40173
2.21481
2.91309
2.97455
2.98771
3.00601
3.0168
3.02807
3.03699
3.04198
3.03926
3.02229
2.98423
2.92309
2.80437
2.58834
2.05768
1.40001
1.40001
1.40001
1.40001
1.40001
1.40001
1.40001
1.40001
1.96982
2.84853
2.96287
2.96782
2.98179
2.99103
3.00009
3.00448
3.00389
2.99488
2.96941
2.91709
2.84192
2.70714
2.50625
2.03462
1.40001
1.40001
1.40001
1.40001
1.40001
1.40001
1.40001
1.40001
1.73236
2.74148
2.94831
2.94761
2.95711
2.96609
2.97187
2.97145
2.96505
2.94836
2.9163
2.85572
2.76896
2.63426
2.43392
2.05269
1.40001
1.40001
1.40001
1.40001
1.40001
1.40001
1.40001
1.40001
1.52984
2.55571
2.91968
2.92806
2.93367
2.94053
2.94205
2.9374
2.9251
2.90142
2.86444
2.80193
2.70876
2.57714
2.38886
2.08877
1.40001
1.40001
1.40001
1.40001
1.40001
1.40001
1.40001
1.40001
1.41396
2.25912
2.87054
2.91263
2.91129
2.91362
2.91082
2.90249
2.88517
2.85582
2.81412
2.75283
2.66088
2.53556
2.36272
2.12606
1.40001
1.40001
1.40001
1.40001
1.40001
1.40001
1.40001
1.40001
1.40031
1.90432
2.78261
2.90143
2.89034
2.88592
2.88126
2.86975
2.84792
2.81457
2.76965
2.71028
2.62396
2.50855
2.35217
2.16107
1.40001
1.40001
1.40001
1.40001
1.40001
1.40001
1.40001
1.40001
1.40001
1.60829
2.61125
2.878
2.86553
2.85845
2.85219
2.83626
2.81217
2.7786
2.73315
2.67476
2.59348
2.48967
2.34741
2.18591
1.40001
1.40001
1.40001
1.40001
1.40001
1.40001
1.40001
1.40001
1.40001
1.42901
2.29894
2.83011
2.84576
2.83427
2.82402
2.80364
2.77838
2.74643
2.70208
2.64459
2.56742
2.47404
2.34715
2.20913
1.40001
1.40001
1.40001
1.40001
1.40001
1.40001
1.40001
1.40001
1.40001
1.40102
1.88582
2.73036
2.83302
2.81495
2.80132
2.78009
2.75464
2.72242
2.67814
2.62153
2.54762
2.4609
2.34821
2.22901
1.40001
1.40001
1.40001
1.40001
1.40001
1.40001
1.40001
1.40001
1.40001
1.40001
1.54599
2.50458
2.82036
2.79979
2.78078
2.76358
2.73678
2.70281
2.65729
2.60108
2.53037
2.44854
2.35121
2.24783
1.40001
1.40001
1.40001
1.40001
1.40001
1.40001
1.40001
1.40001
1.40001
1.40001
1.41312
2.08906
2.75522
2.78436
2.75934
2.74188
2.71548
2.6832
2.63927
2.58492
2.51882
2.44193
2.35617
2.26377
1.40001
1.40001
1.40001
1.40001
1.40001
1.40001
1.40001
1.40001
1.40001
1.40001
1.40027
1.66529
2.57733
2.77394
2.74499
2.72417
2.69824
2.66474
2.62281
2.57004
2.50819
2.43602
2.35886
2.27485
1.40001
1.40001
1.40001
1.40001
1.40001
1.40001
1.40001
1.40001
1.40001
1.40001
1.40001
1.43715
2.17965
2.72921
2.73345
2.70698
2.68186
2.64334
2.60379
2.55501
2.49928
2.43237
2.36041
2.28153
1.40001
1.40001
1.40001
1.40001
1.40001
1.40001
1.40001
1.40001
1.40001
1.40001
1.40001
1.40135
1.71048
2.57166
2.72267
2.68955
2.66477
2.62979
2.59188
2.54432
2.49012
2.42714
2.36
2.28675
1.40001
1.40001
1.40001
1.40001
1.40001
1.40001
1.40001
1.40001
1.40001
1.40001
1.40001
1.40002
1.44671
2.17278
2.68009
2.67768
2.64766
2.62016
2.57904
2.5337
2.48241
2.42507
2.36195
2.29391
1.40001
1.40001
1.40001
1.40001
1.40001
1.40001
1.40001
1.40001
1.40001
1.40001
1.40001
1.40001
1.40191
1.68415
2.50782
2.67406
2.63538
2.60907
2.57167
2.52836
2.47909
2.42506
2.36531
2.30131
1.40001
1.40001
1.40001
1.40001
1.40001
1.40001
1.40001
1.40001
1.40001
1.40001
1.40001
1.40001
1.40002
1.43811
2.07163
2.61936
2.63321
2.59566
2.56448
2.52429
2.47821
2.42668
2.37036
2.3105
1.40001
1.40001
1.40001
1.40001
1.40001
1.40001
1.40001
1.40001
1.40001
1.40001
1.40001
1.40001
1.40001
1.40139
1.59498
2.38959
2.61344
2.58433
2.5542
2.52041
2.47704
2.42866
2.37532
2.31888
1.40001
1.40001
1.40001
1.40001
1.40001
1.40001
1.40001
1.40001
1.40001
1.40001
1.40001
1.40001
1.40001
1.40002
1.41965
1.89463
2.52669
2.58503
2.54748
2.51484
2.4748
2.43093
2.38025
2.32588
1.40001
1.40001
1.40001
1.40001
1.40001
1.40001
1.40001
1.40001
1.40001
1.40001
1.40001
1.40001
1.40001
1.40001
1.40054
1.50385
2.17334
2.54147
2.54637
2.51384
2.47415
2.43277
2.38514
2.33351
1.40001
1.40001
1.40001
1.40001
1.40001
1.40001
1.40001
1.40001
1.40001
1.40001
1.40001
1.40001
1.40001
1.40001
1.40001
1.40657
1.66782
2.34591
2.54487
2.51609
2.47593
2.43601
2.389
2.33894
1.40001
1.40001
1.40001
1.40001
1.40001
1.40001
1.40001
1.40001
1.40001
1.40001
1.40001
1.40001
1.40001
1.40001
1.40001
1.40011
1.43352
1.8746
2.43816
2.50103
2.47504
2.43798
2.38965
2.34254
1.40001
1.40001
1.40001
1.40001
1.40001
1.40001
1.40001
1.40001
1.40001
1.40001
1.40001
1.40001
1.40001
1.40001
1.40001
1.40001
1.40117
1.49904
2.06974
2.44767
2.48928
2.43875
2.39092
2.34805
1.40001
1.40001
1.40001
1.40001
1.40001
1.40001
1.40001
1.40001
1.40001
1.40001
1.40001
1.40001
1.40001
1.40001
1.40001
1.40001
1.40001
1.40637
1.60514
2.18457
2.47065
2.43558
2.39262
2.3537
1.40001
1.40001
1.40001
1.40001
1.40001
1.40001
1.40001
1.40001
1.40001
1.40001
1.40001
1.40001
1.40001
1.40001
1.40001
1.40001
1.40001
1.40011
1.42101
1.71122
2.26954
2.42816
2.40053
2.36064
1.40001
1.40001
1.40001
1.40001
1.40001
1.40001
1.40001
1.40001
1.40001
1.40001
1.40001
1.40001
1.40001
1.40001
1.40001
1.40001
1.40001
1.40001
1.40058
1.44547
1.81241
2.30009
2.40203
2.36636
1.40001
1.40001
1.40001
1.40001
1.40001
1.40001
1.40001
1.40001
1.40001
1.40001
1.40001
1.40001
1.40001
1.40001
1.40001
1.40001
1.40001
1.40001
1.40001
1.40187
1.47843
1.89377
2.31319
2.34895
1.40001
1.40001
1.40001
1.40001
1.40001
1.40001
1.40001
1.40001
1.40001
1.40001
1.40001
1.40001
1.40001
1.40001
1.40001
1.40001
1.40001
1.40001
1.40001
1.40002
1.40454
1.5145
1.95057
2.2593
1.40001
1.40001
1.40001
1.40001
1.40001
1.40001
1.40001
1.40001
1.40001
1.40001
1.40001
1.40001
1.40001
1.40001
1.40001
1.40001
1.40001
1.40001
1.40001
1.40001
1.40007
1.40815
1.54514
1.94338
1.40001
1.40001
1.40001
1.40001
1.40001
1.40001
1.40001
1.40001
1.40001
1.40001
1.40001
1.40001
1.40001
1.40001
1.40001
1.40001
1.40001
1.40001
1.40001
1.40001
1.40001
1.40015
1.41199
1.55197
1.40001
1.40001
1.40001
1.40001
1.40001
1.40001
1.40001
1.40001
1.40001
1.40001
1.40001
1.40001
1.40001
1.40001
1.40001
1.40001
1.40001
1.40001
1.40001
1.40001
1.40001
1.40001
1.40027
1.41494
0.706938
0.312016
0.1633
0.12148
0.132362
0.179424
0.249159
0.335771
0.420866
0.499015
0.567679
0.586043
0.588672
0.604358
0.635017
0.666039
0.707725
0.729079
0.732715
0.74513
0.787589
0.844455
0.893358
0.935297
0.958419
0.971815
0.973178
0.973844
0.982652
0.9948
1.00642
1.01216
1.01302
1.00963
1.01112
1.01478
1.01939
1.02266
1.02271
1.01902
1.02152
1.02675
1.03403
1.04427
1.05648
1.0701
1.08529
1.10156
1.11857
1.13572
1.14687
1.14928
1.15046
1.15452
1.16486
1.18449
1.21577
1.25872
1.30624
1.34697
1.36375
1.3677
1.3765
1.40213
1.41415
1.41021
1.40453
1.40007
1.39709
1.3965
1.40318
1.41256
1.4127
1.41071
1.40875
1.40742
1.40664
1.4066
1.40956
1.4166
1.42085
1.42091
1.42047
1.41985
1.41953
1.4194
1.41965
1.4211
1.42303
1.42344
1.42335
1.4229
1.42126
1.41732
1.41263
1.4111
1.09887
0.68626
0.530147
0.420447
0.343655
0.335938
0.356535
0.360988
0.372405
0.407101
0.463477
0.516821
0.548628
0.57633
0.615234
0.65735
0.702148
0.73596
0.746805
0.759094
0.795025
0.851597
0.909779
0.956189
0.98101
0.994115
0.994861
0.992204
0.99909
1.0089
1.019
1.02414
1.02477
1.01854
1.01672
1.02018
1.02526
1.02885
1.03039
1.02716
1.02683
1.03158
1.0386
1.04893
1.06152
1.07516
1.08976
1.10489
1.11936
1.13345
1.14608
1.15374
1.15839
1.16447
1.17514
1.19379
1.22045
1.2511
1.28656
1.32156
1.3474
1.36449
1.38231
1.40221
1.41015
1.40661
1.40198
1.39786
1.39418
1.3927
1.39935
1.40951
1.41032
1.40858
1.40713
1.40624
1.40568
1.40585
1.40888
1.41576
1.42026
1.42046
1.42007
1.41956
1.41932
1.41922
1.41949
1.42091
1.42289
1.42338
1.42331
1.42287
1.42122
1.41725
1.41258
1.41112
1.43569
1.01723
0.820625
0.707774
0.574445
0.493454
0.482276
0.448252
0.422363
0.433467
0.465262
0.509719
0.5529
0.585426
0.61515
0.664058
0.714882
0.764713
0.797882
0.807663
0.839894
0.903901
0.975261
1.01697
1.03149
1.03922
1.03625
1.02917
1.03393
1.04118
1.04891
1.05435
1.05632
1.04887
1.04086
1.04184
1.04455
1.04735
1.04981
1.0493
1.04755
1.05105
1.05691
1.06587
1.07791
1.09187
1.10674
1.12175
1.13593
1.14761
1.15715
1.16614
1.17506
1.18521
1.1991
1.21836
1.24127
1.26595
1.29147
1.31887
1.34581
1.36977
1.39403
1.4105
1.40982
1.40483
1.3994
1.39536
1.39335
1.39533
1.40474
1.41254
1.41189
1.40994
1.40836
1.40751
1.40703
1.4073
1.41036
1.41694
1.42091
1.42095
1.42048
1.41983
1.41955
1.41946
1.41973
1.42115
1.42305
1.42349
1.4234
1.42292
1.42121
1.41717
1.41252
1.41113
1.66641
1.32554
1.07576
0.949693
0.824158
0.695227
0.657676
0.619667
0.549713
0.529933
0.531658
0.529165
0.535055
0.548694
0.567174
0.614954
0.669774
0.723682
0.777474
0.803173
0.843014
0.918278
1.01449
1.07313
1.08763
1.09073
1.09059
1.08527
1.08903
1.09432
1.09924
1.10314
1.10315
1.09379
1.08385
1.08387
1.08603
1.08777
1.08907
1.08871
1.08587
1.08729
1.09046
1.09576
1.10411
1.11614
1.12986
1.14339
1.15846
1.17326
1.18368
1.19167
1.20041
1.21192
1.22715
1.24472
1.26232
1.27888
1.2968
1.31939
1.34627
1.37451
1.39857
1.40555
1.40243
1.39807
1.39469
1.39243
1.39277
1.39845
1.40885
1.41277
1.41133
1.40943
1.40793
1.4071
1.40672
1.4073
1.41107
1.41779
1.42105
1.421
1.42052
1.4198
1.41948
1.41939
1.41975
1.42129
1.42314
1.42352
1.42345
1.42297
1.42119
1.41705
1.41246
1.41116
1.8111
1.54658
1.30301
1.15657
1.0364
0.893955
0.814612
0.764219
0.689546
0.629928
0.621905
0.6062
0.577234
0.571087
0.580873
0.583794
0.597164
0.630847
0.693052
0.75127
0.802263
0.880596
0.986085
1.08532
1.13106
1.13723
1.13688
1.13518
1.13922
1.14352
1.14547
1.14545
1.14201
1.13469
1.12935
1.1299
1.13157
1.13336
1.13393
1.13234
1.12942
1.13003
1.13293
1.13835
1.14612
1.1575
1.16848
1.17704
1.18808
1.20146
1.21327
1.22317
1.23394
1.24665
1.26072
1.27411
1.28628
1.2992
1.31315
1.32994
1.3521
1.3773
1.39511
1.397
1.39513
1.39322
1.39238
1.3932
1.39646
1.40336
1.41077
1.41188
1.41044
1.4086
1.40716
1.40646
1.40636
1.40773
1.41223
1.41866
1.42114
1.42103
1.42055
1.41979
1.41948
1.41942
1.41985
1.4215
1.42327
1.42358
1.42351
1.42299
1.4211
1.41687
1.41238
1.4112
1.90919
1.70002
1.48077
1.32487
1.21289
1.07521
0.96251
0.90323
0.829693
0.754685
0.733918
0.715698
0.676191
0.639194
0.628039
0.613677
0.610896
0.614078
0.633053
0.668838
0.7076
0.774604
0.88397
1.02654
1.13072
1.16797
1.17195
1.17086
1.16871
1.16876
1.16978
1.16988
1.1694
1.16931
1.17002
1.16969
1.16947
1.16936
1.16887
1.16881
1.16995
1.17195
1.17531
1.18002
1.18557
1.19391
1.20311
1.21034
1.21955
1.23012
1.2403
1.25062
1.26221
1.27503
1.28789
1.29888
1.30975
1.3223
1.33601
1.34988
1.36484
1.38139
1.39044
1.3916
1.3912
1.3913
1.39347
1.3971
1.4007
1.40438
1.40916
1.41022
1.40929
1.40794
1.40692
1.40654
1.40683
1.40878
1.4136
1.41939
1.42113
1.421
1.42046
1.41969
1.41943
1.41942
1.42003
1.42183
1.42345
1.42368
1.4236
1.42299
1.42095
1.41658
1.41225
1.41125
1.97918
1.80528
1.61701
1.45745
1.3505
1.2295
1.09924
1.02697
0.957956
0.873457
0.833913
0.811173
0.772679
0.71725
0.69146
0.675632
0.64891
0.639771
0.64983
0.659288
0.662708
0.679227
0.731318
0.861452
1.04249
1.16126
1.18555
1.18796
1.1818
1.17974
1.18325
1.18877
1.19404
1.19608
1.19623
1.19258
1.18992
1.1898
1.19209
1.19862
1.20532
1.20871
1.20977
1.21061
1.21391
1.22144
1.23214
1.23817
1.24586
1.25451
1.26318
1.27269
1.28344
1.29609
1.30922
1.31934
1.3296
1.34184
1.35484
1.36726
1.3773
1.38459
1.38772
1.38892
1.39018
1.39278
1.39692
1.4002
1.40163
1.40293
1.40542
1.40863
1.40874
1.40779
1.40719
1.4072
1.40793
1.41015
1.41485
1.41984
1.42104
1.42087
1.42026
1.41956
1.4194
1.41949
1.42032
1.4223
1.42371
1.42385
1.42375
1.42304
1.42076
1.41618
1.41208
1.4113
2.0298
1.88104
1.7205
1.56759
1.46021
1.3539
1.22496
1.1353
1.07104
0.989873
0.930661
0.902536
0.867266
0.809743
0.770395
0.757392
0.730346
0.700762
0.697252
0.691922
0.679769
0.668853
0.67285
0.711069
0.857042
1.07602
1.18549
1.1939
1.18821
1.18865
1.1938
1.20584
1.2117
1.21126
1.20703
1.20206
1.20219
1.20521
1.21466
1.2273
1.2325
1.23299
1.22984
1.22897
1.23308
1.24374
1.25776
1.26286
1.26782
1.2737
1.27988
1.28741
1.29742
1.31159
1.32501
1.3334
1.34226
1.35244
1.36299
1.37341
1.38105
1.38472
1.38694
1.38939
1.39282
1.39637
1.39835
1.39936
1.40003
1.401
1.40426
1.40844
1.40897
1.40817
1.4078
1.40809
1.40901
1.41128
1.41592
1.42026
1.42101
1.42079
1.42005
1.41945
1.41937
1.41959
1.42072
1.42286
1.42399
1.42407
1.42392
1.42306
1.42045
1.41565
1.41193
1.4114
2.07342
1.94243
1.8035
1.66107
1.55155
1.45567
1.33764
1.23119
1.16743
1.09822
1.0238
0.983191
0.951721
0.901571
0.843738
0.823845
0.806302
0.771811
0.750581
0.738845
0.71646
0.687848
0.683492
0.691179
0.733663
0.881691
1.11151
1.18622
1.18853
1.19469
1.20314
1.21764
1.22038
1.21822
1.21182
1.20934
1.21158
1.21954
1.23495
1.2446
1.24572
1.24371
1.23967
1.24167
1.24877
1.26429
1.27693
1.28048
1.28274
1.28665
1.29144
1.2977
1.30829
1.32428
1.33495
1.34102
1.34858
1.35676
1.36539
1.37505
1.38258
1.38631
1.38944
1.39323
1.396
1.39663
1.39674
1.39701
1.39766
1.39969
1.4046
1.40928
1.40971
1.40877
1.4082
1.40842
1.40934
1.41192
1.41695
1.42064
1.42103
1.42077
1.41991
1.4194
1.41939
1.41978
1.42127
1.42348
1.42428
1.42433
1.42409
1.423
1.41998
1.415
1.41181
1.41154
2.10883
1.99048
1.86793
1.73832
1.62636
1.53621
1.43618
1.32317
1.24668
1.19101
1.12071
1.05726
1.02397
0.986
0.926994
0.887615
0.875745
0.84945
0.815508
0.800581
0.779283
0.740775
0.724195
0.723143
0.728487
0.759446
0.903418
1.11226
1.1783
1.20191
1.21705
1.22777
1.22757
1.22435
1.2177
1.21711
1.22087
1.23322
1.24836
1.25227
1.25243
1.24925
1.24892
1.25295
1.26315
1.27958
1.28756
1.2905
1.29245
1.29583
1.29995
1.30638
1.31935
1.33372
1.33948
1.34491
1.35195
1.35903
1.36747
1.37805
1.38651
1.39102
1.39375
1.39511
1.39519
1.39486
1.39448
1.39471
1.39612
1.4
1.40693
1.41038
1.41035
1.409
1.40814
1.40825
1.40941
1.4128
1.41826
1.42086
1.42097
1.42055
1.41968
1.41939
1.41947
1.42015
1.42209
1.42417
1.42464
1.42464
1.42425
1.42284
1.4193
1.41425
1.41176
1.4117
2.13955
2.03095
1.91866
1.80151
1.69112
1.59879
1.51454
1.41467
1.31926
1.26511
1.21121
1.13939
1.0869
1.05639
1.01025
0.954399
0.935252
0.916087
0.880593
0.856988
0.835203
0.798169
0.770898
0.765073
0.752112
0.758038
0.790688
0.931986
1.10164
1.18926
1.22793
1.2369
1.23644
1.23123
1.22525
1.22532
1.23087
1.24565
1.25606
1.25747
1.25737
1.25606
1.2585
1.2635
1.27424
1.28799
1.29394
1.29695
1.29986
1.30366
1.3084
1.31703
1.33074
1.3388
1.34264
1.34847
1.35509
1.36276
1.37378
1.38503
1.39075
1.39316
1.39438
1.39411
1.39291
1.39202
1.3923
1.39337
1.39615
1.40299
1.40964
1.41083
1.41031
1.40868
1.40815
1.40848
1.41015
1.41454
1.41963
1.42087
1.4208
1.42014
1.4194
1.41934
1.4196
1.42075
1.42319
1.42484
1.42505
1.42499
1.42441
1.42255
1.4184
1.41353
1.41179
1.41187
2.16382
2.06336
1.95808
1.85157
1.74949
1.65395
1.57558
1.49502
1.39817
1.32753
1.2841
1.2255
1.15425
1.11634
1.08232
1.02777
0.992688
0.975667
0.94291
0.91317
0.893554
0.862665
0.827583
0.819362
0.806623
0.790931
0.795765
0.824263
0.94495
1.10841
1.2201
1.23965
1.24086
1.23623
1.23272
1.23284
1.24048
1.25487
1.26085
1.26215
1.26232
1.26376
1.26684
1.27197
1.28171
1.29323
1.29961
1.30329
1.307
1.31157
1.31835
1.32825
1.337
1.34132
1.34642
1.35309
1.3606
1.37115
1.3831
1.38924
1.39147
1.39264
1.39219
1.39073
1.38999
1.39017
1.39095
1.39301
1.39873
1.40743
1.41074
1.41096
1.40955
1.40812
1.40809
1.40888
1.41158
1.417
1.42065
1.42092
1.42051
1.41956
1.41914
1.41925
1.41988
1.42174
1.42439
1.42539
1.42548
1.42532
1.42447
1.42204
1.41727
1.41295
1.41194
1.41212
2.18183
2.08935
1.99182
1.89321
1.80248
1.7099
1.62674
1.55811
1.47744
1.39254
1.34202
1.29831
1.23227
1.17409
1.14381
1.09915
1.05214
1.03151
1.00162
0.965131
0.94569
0.920988
0.885193
0.870983
0.859036
0.837357
0.816801
0.822458
0.853901
0.963883
1.14579
1.22973
1.23903
1.24054
1.23848
1.23939
1.24889
1.26037
1.26495
1.26722
1.26908
1.27123
1.27379
1.27953
1.28967
1.30094
1.30946
1.31538
1.32025
1.32554
1.33204
1.33761
1.34157
1.34631
1.35312
1.36192
1.37246
1.3827
1.38733
1.38927
1.39024
1.39013
1.38817
1.38716
1.38797
1.38895
1.39057
1.39512
1.40419
1.41015
1.41094
1.41035
1.40829
1.40757
1.40803
1.40957
1.41349
1.41891
1.4208
1.4208
1.42012
1.41918
1.41911
1.41946
1.42062
1.42318
1.42541
1.42584
1.42588
1.42557
1.42437
1.42123
1.41598
1.41259
1.41216
1.41244
2.19509
2.11047
2.02343
1.93135
1.84738
1.76603
1.67956
1.60652
1.54232
1.46358
1.39602
1.35659
1.30715
1.23957
1.20011
1.16374
1.11215
1.08423
1.05855
1.01799
0.993913
0.974973
0.943884
0.92488
0.912495
0.891689
0.870079
0.851424
0.856344
0.882489
0.996324
1.16766
1.2296
1.24269
1.245
1.24942
1.25855
1.26566
1.27094
1.27585
1.28049
1.28433
1.28924
1.29905
1.31444
1.33113
1.34401
1.35173
1.35691
1.36103
1.36328
1.36495
1.36822
1.37358
1.38002
1.3884
1.39359
1.39497
1.39466
1.39349
1.39134
1.38811
1.3858
1.38559
1.3867
1.38855
1.39238
1.4008
1.40886
1.41055
1.41063
1.40926
1.40771
1.40782
1.4088
1.411
1.41543
1.41956
1.4204
1.42034
1.41968
1.41921
1.41937
1.42012
1.42202
1.42485
1.42614
1.42629
1.42626
1.42578
1.42412
1.4201
1.41472
1.41247
1.41238
1.41279
2.20711
2.12875
2.05135
1.9678
1.88602
1.81467
1.73611
1.65282
1.59165
1.52992
1.45561
1.4063
1.36932
1.31036
1.25522
1.22192
1.1731
1.13268
1.11099
1.07487
1.04066
1.02313
1.00067
0.977498
0.96161
0.942536
0.921754
0.897977
0.873369
0.879529
0.913916
1.04067
1.18105
1.23413
1.25229
1.26468
1.27578
1.28533
1.29757
1.3133
1.32987
1.34618
1.36439
1.38689
1.4123
1.43495
1.44881
1.45508
1.4576
1.4581
1.4578
1.45845
1.4619
1.46636
1.46668
1.46376
1.45764
1.44944
1.44024
1.43054
1.42049
1.41079
1.40249
1.39675
1.39445
1.3954
1.40066
1.40788
1.41014
1.41023
1.40934
1.40823
1.40808
1.40883
1.41029
1.41296
1.41708
1.41956
1.41983
1.4197
1.41922
1.41923
1.4198
1.42118
1.42382
1.42615
1.42669
1.42678
1.42664
1.42586
1.42353
1.41863
1.41382
1.4126
1.41265
1.41323
2.22085
2.14755
2.07636
2.00144
1.92234
1.85402
1.78768
1.70608
1.6342
1.58327
1.51914
1.4573
1.42041
1.37408
1.31199
1.27404
1.23379
1.18237
1.15624
1.13184
1.09356
1.06695
1.04991
1.02962
1.0098
0.99082
0.97043
0.949428
0.917864
0.902232
0.912559
0.956454
1.08367
1.20555
1.2708
1.31439
1.35093
1.38378
1.41323
1.441
1.46753
1.49307
1.52017
1.54572
1.56248
1.57143
1.57452
1.57372
1.57135
1.56835
1.5661
1.56612
1.56848
1.56873
1.56449
1.5551
1.54232
1.52984
1.51865
1.5071
1.49394
1.47946
1.46421
1.44929
1.43827
1.43105
1.42486
1.41868
1.41365
1.41038
1.40846
1.40811
1.40883
1.40998
1.41164
1.41437
1.41821
1.41971
1.41968
1.41943
1.41953
1.41996
1.42087
1.42274
1.42543
1.42685
1.42713
1.42724
1.42703
1.42589
1.42261
1.41693
1.41333
1.41291
1.41302
1.41385
2.23477
2.16766
2.10184
2.03376
1.95882
1.88907
1.8295
1.75919
1.68159
1.62821
1.57597
1.51133
1.46682
1.42713
1.36815
1.32019
1.28678
1.23937
1.19907
1.1801
1.15196
1.11439
1.09507
1.0758
1.05638
1.03472
1.01515
0.995077
0.971463
0.942273
0.940945
0.965639
1.03563
1.19017
1.3503
1.45569
1.52136
1.56084
1.57894
1.58661
1.59529
1.6099
1.63192
1.64802
1.64754
1.64157
1.63332
1.62747
1.6221
1.61725
1.61539
1.61645
1.61553
1.61159
1.60531
1.59544
1.58269
1.57191
1.56348
1.5548
1.54569
1.53737
1.53012
1.52331
1.51565
1.50433
1.4876
1.46674
1.4454
1.42756
1.41613
1.41143
1.41067
1.41114
1.41219
1.4142
1.41752
1.4197
1.41995
1.42017
1.4207
1.42145
1.42262
1.42457
1.42664
1.42739
1.42758
1.42764
1.42732
1.42565
1.4212
1.41537
1.41317
1.41316
1.41336
1.41462
2.24944
2.18817
2.12693
2.06347
1.99237
1.92069
1.86251
1.8037
1.73015
1.67002
1.62404
1.5647
1.51244
1.47351
1.42059
1.36328
1.3315
1.29414
1.24832
1.22373
1.20267
1.16724
1.14099
1.12021
1.09734
1.07897
1.06206
1.0466
1.03689
1.03305
1.05277
1.09847
1.17707
1.29552
1.46032
1.59149
1.64614
1.65697
1.6542
1.64997
1.6477
1.65413
1.66831
1.67374
1.66959
1.65873
1.64538
1.63767
1.6339
1.63371
1.64015
1.63882
1.63153
1.62252
1.61345
1.60493
1.59714
1.59064
1.58393
1.57684
1.57145
1.56851
1.56678
1.56463
1.56072
1.55396
1.54393
1.53016
1.51174
1.48871
1.46331
1.44018
1.42405
1.41602
1.41388
1.41446
1.4168
1.4195
1.42037
1.421
1.42197
1.42309
1.42438
1.426
1.42751
1.42806
1.42822
1.42818
1.42744
1.42485
1.41931
1.41445
1.41349
1.41359
1.41388
1.41573
2.26139
2.204
2.14618
2.0868
2.02111
1.95027
1.88985
1.83812
1.77345
1.70998
1.66563
1.61295
1.55615
1.51563
1.46966
1.4092
1.37083
1.34184
1.29989
1.26802
1.24708
1.21697
1.18765
1.17121
1.14862
1.14004
1.14067
1.15869
1.19218
1.23001
1.26691
1.31196
1.34972
1.39405
1.4707
1.57325
1.64407
1.66227
1.65736
1.65385
1.65369
1.66551
1.67513
1.67071
1.66282
1.65005
1.63541
1.62843
1.62775
1.63554
1.63724
1.63249
1.62401
1.61327
1.60376
1.598
1.59433
1.58998
1.58343
1.57721
1.57372
1.57171
1.56949
1.56651
1.56325
1.56027
1.55705
1.55292
1.54689
1.53742
1.52271
1.50124
1.47513
1.45116
1.43355
1.42421
1.42212
1.42273
1.42297
1.42308
1.42368
1.42452
1.4254
1.42656
1.42791
1.42862
1.42884
1.42879
1.42761
1.42364
1.41721
1.41402
1.41387
1.41408
1.4146
1.41736
2.27079
2.21575
2.16051
2.10508
2.04551
1.97813
1.91581
1.86705
1.81134
1.74725
1.70146
1.65588
1.59902
1.55414
1.51317
1.4567
1.41043
1.38332
1.34735
1.31269
1.29274
1.27178
1.25101
1.25115
1.26757
1.30019
1.34228
1.38785
1.43254
1.45437
1.46816
1.47384
1.4674
1.45647
1.46242
1.50776
1.58503
1.62932
1.64103
1.64638
1.65807
1.66282
1.65415
1.64338
1.6305
1.61683
1.60734
1.60427
1.60848
1.61517
1.61206
1.60404
1.59363
1.58492
1.58194
1.58279
1.58409
1.58167
1.57615
1.57219
1.5708
1.56954
1.56755
1.56543
1.5644
1.56378
1.56292
1.56153
1.55945
1.556
1.54981
1.5396
1.52334
1.50437
1.48517
1.46562
1.44757
1.43456
1.42809
1.42577
1.4253
1.4256
1.42608
1.42688
1.42825
1.4291
1.42929
1.42906
1.42716
1.42175
1.41576
1.41412
1.41421
1.41455
1.41558
1.41961
2.28052
2.22621
2.17233
2.12046
2.06711
2.00568
1.94283
1.89361
1.84533
1.78492
1.73457
1.69343
1.64028
1.58976
1.55148
1.50254
1.45246
1.42406
1.397
1.37227
1.36205
1.37756
1.41006
1.46216
1.51707
1.56213
1.58355
1.59057
1.59399
1.59424
1.58171
1.55784
1.52479
1.48949
1.45784
1.45785
1.49461
1.55314
1.60184
1.62575
1.62822
1.61964
1.60778
1.59537
1.5833
1.57642
1.57501
1.57889
1.58498
1.58245
1.57554
1.56674
1.56018
1.5595
1.56205
1.56515
1.56546
1.56328
1.55976
1.55682
1.55511
1.55323
1.55005
1.54524
1.54212
1.54339
1.54689
1.55092
1.55283
1.55154
1.54559
1.53769
1.53331
1.53036
1.52634
1.51781
1.50145
1.47688
1.45066
1.4334
1.42734
1.42646
1.42673
1.42766
1.42925
1.43002
1.43014
1.42951
1.42605
1.41924
1.41502
1.41464
1.41486
1.41548
1.41741
1.42251
2.28722
2.23557
2.18381
2.13416
2.08708
2.03327
1.97206
1.92069
1.87602
1.82143
1.76753
1.72722
1.67907
1.6256
1.58538
1.54619
1.50537
1.48477
1.48859
1.51506
1.57147
1.64644
1.6966
1.72731
1.74873
1.74112
1.7171
1.70085
1.68496
1.66522
1.6358
1.59954
1.55682
1.49409
1.4455
1.4349
1.44673
1.48433
1.54408
1.58355
1.58939
1.58188
1.56472
1.54932
1.5421
1.54265
1.54776
1.55901
1.55997
1.55287
1.54125
1.5318
1.53024
1.53175
1.53686
1.53881
1.5376
1.53607
1.53463
1.53339
1.5324
1.53087
1.52796
1.5231
1.51706
1.51281
1.51325
1.51701
1.5233
1.53005
1.53528
1.53816
1.54276
1.54784
1.54804
1.54422
1.53547
1.51938
1.49644
1.46997
1.44666
1.43284
1.42878
1.42903
1.43022
1.43076
1.43103
1.42953
1.42404
1.41698
1.41488
1.41505
1.41551
1.41679
1.42039
1.42566
2.29564
2.24766
2.19831
2.15089
2.10695
2.05975
2.00319
1.94882
1.90282
1.85228
1.79845
1.75712
1.71445
1.66674
1.63292
1.61552
1.6201
1.66841
1.75376
1.82652
1.89141
1.92031
1.89562
1.87193
1.84872
1.81108
1.77719
1.7512
1.71914
1.68369
1.65079
1.60945
1.55515
1.49338
1.44795
1.43865
1.44206
1.46052
1.50215
1.53042
1.53895
1.53645
1.52418
1.51518
1.51317
1.51608
1.5297
1.53508
1.53181
1.52215
1.50951
1.50332
1.50391
1.50837
1.51062
1.51062
1.50961
1.51021
1.51224
1.51329
1.51308
1.51152
1.50968
1.50771
1.50492
1.50125
1.49739
1.49662
1.49931
1.50375
1.51197
1.5273
1.54246
1.54668
1.54655
1.54363
1.53774
1.52946
1.51844
1.50471
1.48753
1.46752
1.44796
1.43584
1.4322
1.43137
1.43048
1.42763
1.42098
1.41609
1.41552
1.41577
1.41654
1.41901
1.42451
1.42831
2.30546
2.26331
2.21801
2.17109
2.12641
2.08211
2.03032
1.9751
1.9276
1.87858
1.8278
1.79003
1.7613
1.74633
1.77108
1.84602
1.92839
2.01622
2.07069
2.07655
2.06631
2.03844
1.98916
1.94387
1.89892
1.85104
1.80986
1.77443
1.74036
1.70033
1.6558
1.60743
1.55647
1.50707
1.4769
1.45959
1.45322
1.4621
1.47729
1.48464
1.48245
1.48776
1.49032
1.48921
1.49644
1.50969
1.50947
1.50405
1.49778
1.49112
1.48656
1.48815
1.49038
1.48995
1.48823
1.48833
1.49076
1.49389
1.49779
1.50083
1.5009
1.49807
1.49699
1.49787
1.49842
1.49731
1.49263
1.48472
1.4816
1.48379
1.48773
1.4962
1.51179
1.52733
1.53445
1.53714
1.53808
1.53379
1.52495
1.51733
1.51163
1.50375
1.48986
1.46807
1.44605
1.43485
1.4299
1.42388
1.41764
1.41594
1.41618
1.41673
1.41835
1.42275
1.4288
1.4302
2.31045
2.27435
2.23472
2.19021
2.1452
2.10074
2.05079
1.99528
1.94803
1.90665
1.87168
1.86538
1.91968
2.01986
2.12719
2.21627
2.23508
2.23367
2.19644
2.16262
2.12757
2.07814
2.02199
1.97058
1.92474
1.87983
1.83871
1.79732
1.75211
1.70326
1.65563
1.60826
1.56478
1.53569
1.51326
1.49201
1.47708
1.46909
1.45928
1.44394
1.43725
1.44446
1.45882
1.47227
1.48527
1.48603
1.47893
1.46869
1.46338
1.46457
1.47172
1.47547
1.47385
1.46965
1.4694
1.47072
1.47425
1.48101
1.48689
1.49042
1.49077
1.4874
1.488
1.49063
1.49249
1.49229
1.48872
1.48146
1.4749
1.47434
1.47772
1.48375
1.49425
1.51055
1.52162
1.52402
1.52469
1.52196
1.51732
1.51563
1.51541
1.51519
1.51316
1.50502
1.48437
1.45302
1.42942
1.41966
1.41667
1.4164
1.41666
1.4177
1.42119
1.42779
1.432
1.43198
2.31606
2.28298
2.24652
2.2051
2.16055
2.11504
2.06615
2.01538
1.9793
1.97861
2.04449
2.16868
2.31552
2.39127
2.42724
2.41299
2.36502
2.32365
2.2664
2.20415
2.14855
2.08953
2.03253
1.98129
1.93598
1.89259
1.84632
1.79722
1.75028
1.70574
1.66371
1.62585
1.59467
1.56832
1.54277
1.52148
1.50032
1.46775
1.43622
1.42077
1.41759
1.42119
1.43445
1.46133
1.47244
1.46577
1.44991
1.44105
1.44196
1.44645
1.45491
1.45745
1.45482
1.45137
1.45402
1.45864
1.46358
1.47083
1.47639
1.47901
1.48078
1.48066
1.48192
1.48459
1.48909
1.49276
1.49294
1.48875
1.48095
1.47706
1.47816
1.48041
1.48398
1.4918
1.50207
1.50595
1.50671
1.50407
1.50264
1.50606
1.51504
1.52296
1.52407
1.52225
1.51343
1.48748
1.44777
1.42306
1.41794
1.41767
1.41813
1.42022
1.42595
1.43247
1.43424
1.43372
2.32825
2.29705
2.25603
2.21543
2.17182
2.12844
2.08485
2.07443
2.14482
2.29316
2.45786
2.55284
2.60479
2.56033
2.50893
2.44944
2.39764
2.34122
2.27878
2.2215
2.16782
2.11476
2.06326
2.01109
1.95608
1.90134
1.84952
1.79934
1.75299
1.71201
1.67706
1.65238
1.63256
1.61132
1.58496
1.54761
1.50296
1.4525
1.41881
1.41214
1.41148
1.41875
1.4366
1.44812
1.44995
1.44063
1.42285
1.41859
1.42352
1.43464
1.44164
1.44244
1.43917
1.43733
1.44003
1.44595
1.45549
1.46371
1.46682
1.46815
1.47055
1.47449
1.47976
1.48551
1.48969
1.49209
1.49327
1.49115
1.48379
1.47682
1.47387
1.47423
1.47587
1.47965
1.48641
1.4923
1.49487
1.49661
1.49824
1.5006
1.50394
1.51175
1.51981
1.5204
1.51548
1.50198
1.47885
1.44865
1.42723
1.42119
1.42133
1.42448
1.43139
1.43556
1.43617
1.43519
2.33909
2.31481
2.26834
2.22398
2.18575
2.16602
2.21964
2.37543
2.56947
2.70843
2.74919
2.74274
2.6984
2.63198
2.54822
2.46366
2.39574
2.3387
2.28382
2.23044
2.17993
2.13162
2.0806
2.02234
1.96233
1.9068
1.8572
1.81194
1.7696
1.73214
1.70278
1.67566
1.64773
1.61701
1.57948
1.53687
1.49425
1.45403
1.42781
1.41802
1.41626
1.41855
1.42136
1.4184
1.41499
1.41092
1.40805
1.40783
1.41611
1.42442
1.42635
1.42628
1.42444
1.42527
1.42979
1.43642
1.44801
1.45678
1.45993
1.46229
1.46494
1.46923
1.47464
1.48128
1.48691
1.49006
1.49211
1.49152
1.48594
1.4779
1.47352
1.47332
1.47567
1.47957
1.48286
1.48583
1.4891
1.49172
1.49341
1.49409
1.49395
1.495
1.49992
1.50584
1.50719
1.50446
1.49445
1.47839
1.45725
1.43823
1.431
1.43195
1.43599
1.43766
1.43807
1.43599
2.34591
2.32054
2.27976
2.24429
2.26591
2.40669
2.62945
2.82173
2.88553
2.86824
2.82431
2.77585
2.70174
2.62773
2.55379
2.48307
2.41725
2.35622
2.30131
2.25037
2.20057
2.14689
2.08711
2.02491
1.96742
1.9164
1.87184
1.83511
1.80513
1.77805
1.74884
1.71512
1.6735
1.62533
1.57873
1.53341
1.49033
1.46668
1.45694
1.45069
1.44349
1.43558
1.41993
1.3978
1.38641
1.38774
1.39543
1.40959
1.41651
1.41664
1.41265
1.41022
1.41281
1.41683
1.42386
1.43625
1.44535
1.44909
1.45147
1.4529
1.45613
1.46108
1.46779
1.47524
1.4812
1.48507
1.48716
1.48839
1.48767
1.48604
1.48424
1.48234
1.48164
1.4823
1.48396
1.48523
1.48638
1.4883
1.49031
1.49167
1.49259
1.49131
1.48847
1.48867
1.49092
1.49256
1.49033
1.48534
1.4795
1.46976
1.45618
1.44467
1.44017
1.43971
1.44017
1.43505
2.26966
2.2834
2.28362
2.38749
2.6159
2.85725
3.00458
3.04972
3.00757
2.94733
2.86876
2.777
2.69078
2.61496
2.55247
2.49426
2.43552
2.37547
2.31576
2.25549
2.19701
2.14133
2.0843
2.02796
1.979
1.93669
1.89686
1.85613
1.81212
1.76855
1.73154
1.69861
1.66311
1.62203
1.57776
1.53803
1.51102
1.49145
1.46901
1.44535
1.42687
1.41416
1.39936
1.38382
1.37973
1.38264
1.39187
1.39969
1.40256
1.40244
1.40025
1.40345
1.40971
1.41767
1.42676
1.4315
1.4343
1.4365
1.43909
1.4428
1.4474
1.45491
1.46407
1.47034
1.47369
1.47715
1.48018
1.48263
1.48626
1.49168
1.49621
1.4983
1.49636
1.48983
1.48362
1.48241
1.48341
1.48533
1.48755
1.48874
1.4892
1.48687
1.47846
1.47105
1.47006
1.47267
1.48061
1.48961
1.49329
1.49294
1.48685
1.47229
1.45408
1.44349
1.43922
1.42856
1.9476
2.22661
2.48061
2.83737
3.02934
3.1009
3.1078
3.07389
3.01375
2.93745
2.86042
2.77742
2.69695
2.62583
2.56526
2.51034
2.45371
2.39546
2.33598
2.27003
2.20051
2.13989
2.09018
2.04896
2.01251
1.97454
1.93276
1.88584
1.83472
1.78287
1.73373
1.69185
1.6584
1.62886
1.60034
1.57489
1.55173
1.52581
1.49627
1.46476
1.43355
1.40857
1.39482
1.39104
1.39156
1.39596
1.40215
1.40365
1.39758
1.39443
1.4002
1.40757
1.4174
1.42775
1.43187
1.43303
1.43017
1.42898
1.43234
1.43681
1.4443
1.45688
1.46659
1.46745
1.4687
1.47172
1.47671
1.48318
1.49091
1.50184
1.51082
1.51367
1.51128
1.49813
1.48408
1.48154
1.48248
1.48459
1.48679
1.48749
1.48744
1.48448
1.47596
1.46692
1.46502
1.46611
1.4714
1.48541
1.49728
1.49954
1.49981
1.49499
1.47935
1.45489
1.43629
1.41549
1.59221
2.13963
2.84304
3.30316
3.46192
3.39463
3.26863
3.13699
3.01155
2.91786
2.84282
2.77068
2.69678
2.62383
2.55878
2.4998
2.44233
2.3849
2.32836
2.26668
2.19834
2.1354
2.08368
2.03935
1.99864
1.95938
1.91824
1.87371
1.82622
1.77637
1.72647
1.68146
1.64211
1.60767
1.57993
1.55667
1.53305
1.50763
1.481
1.45342
1.42325
1.39319
1.37214
1.36691
1.36804
1.37404
1.38266
1.38709
1.38669
1.3823
1.3858
1.39294
1.40476
1.41692
1.42159
1.42422
1.42374
1.42239
1.42547
1.4292
1.43525
1.44635
1.45702
1.46091
1.46377
1.46685
1.47116
1.48094
1.50056
1.51955
1.52595
1.5264
1.52059
1.50106
1.48207
1.47868
1.47923
1.48073
1.48211
1.48261
1.4824
1.47915
1.47003
1.45915
1.45695
1.45901
1.46309
1.47447
1.49589
1.51234
1.51556
1.51326
1.499
1.46589
1.42514
1.40324
)
;

boundaryField
{
    inlet
    {
        type            calculated;
        value           uniform 1.40001;
    }
    outlet
    {
        type            calculated;
        value           nonuniform List<scalar> 
32
(
1.41112
1.41114
1.41114
1.41117
1.41121
1.41126
1.4113
1.4114
1.41154
1.4117
1.41187
1.41212
1.41243
1.41277
1.4132
1.41381
1.41454
1.41559
1.41714
1.41931
1.42217
1.42538
1.42816
1.43013
1.43192
1.43367
1.43515
1.43606
1.43535
1.4293
1.41658
1.40378
)
;
    }
    bottom
    {
        type            symmetryPlane;
    }
    top
    {
        type            symmetryPlane;
    }
    obstacle
    {
        type            calculated;
        value           nonuniform List<scalar> 
104
(
3.13321
3.12108
3.10575
3.08052
3.05101
3.0008
2.9204
2.82479
0.706938
0.312016
0.1633
0.12148
0.132362
0.179424
0.249159
0.335771
0.420866
0.499015
0.567679
0.586043
0.588672
0.604358
0.635017
0.666039
0.707725
0.729079
0.732715
0.74513
0.787589
0.844455
0.893358
0.935297
0.958419
0.971815
0.973178
0.973844
0.982652
0.9948
1.00642
1.01216
1.01302
1.00963
1.01112
1.01478
1.01939
1.02266
1.02271
1.01902
1.02152
1.02675
1.03403
1.04427
1.05648
1.0701
1.08529
1.10156
1.11857
1.13572
1.14687
1.14928
1.15046
1.15452
1.16486
1.18449
1.21577
1.25872
1.30624
1.34697
1.36375
1.3677
1.3765
1.40213
1.41415
1.41021
1.40453
1.40007
1.39709
1.3965
1.40318
1.41256
1.4127
1.41071
1.40875
1.40742
1.40664
1.4066
1.40956
1.4166
1.42085
1.42091
1.42047
1.41985
1.41953
1.4194
1.41965
1.4211
1.42303
1.42344
1.42335
1.4229
1.42126
1.41732
1.41263
1.4111
)
;
    }
    defaultFaces
    {
        type            empty;
    }
}


// ************************************************************************* //
