/*--------------------------------*- C++ -*----------------------------------*\
  =========                 |
  \\      /  F ield         | OpenFOAM: The Open Source CFD Toolbox
   \\    /   O peration     | Website:  https://openfoam.org
    \\  /    A nd           | Version:  7
     \\/     M anipulation  |
\*---------------------------------------------------------------------------*/
FoamFile
{
    version     2.0;
    format      ascii;
    class       volScalarField;
    location    "3.2";
    object      T;
}
// * * * * * * * * * * * * * * * * * * * * * * * * * * * * * * * * * * * * * //

dimensions      [0 0 0 1 0 0 0];

internalField   nonuniform List<scalar> 
1008
(
1
1
1
1
1
1
1
1
1
1
1
1
1
1
3.3628
5.7355
5.91168
5.94115
5.97097
5.99492
6.01499
6.03043
6.04175
6.04999
1
1
1
1
1
1
1
1
1
1
1
1
1
1
3.296
5.70852
5.90752
5.93843
5.96719
5.98982
6.00853
6.02276
6.03283
6.04051
1
1
1
1
1
1
1
1
1
1
1
1
1
1
3.03513
5.61842
5.88592
5.92392
5.95664
5.98026
5.99843
6.012
6.02089
6.0286
1
1
1
1
1
1
1
1
1
1
1
1
1
1
2.70162
5.49027
5.85615
5.90447
5.94361
5.96809
5.98519
5.99689
6.00237
6.00715
1
1
1
1
1
1
1
1
1
1
1
1
1
1
2.15774
5.26241
5.818
5.87396
5.9196
5.9456
5.96243
5.97201
5.97384
5.97877
1
1
1
1
1
1
1
1
1
1
1
1
1
1
1.29696
4.96184
5.8248
5.82388
5.86605
5.9033
5.92825
5.94137
5.93883
5.92575
1
1
1
1
1
1
1
1
1
1
1
1
1
1
1.00487
4.66731
5.74882
5.76316
5.80023
5.83859
5.86688
5.87475
5.86413
5.84962
1
1
1
1
1
1
1
1
1
1
1
1
1
1
0.999998
4.18968
5.67268
5.72297
5.74861
5.77449
5.79264
5.8028
5.8034
5.83401
1
1
1
1
1
1
1
1
1
1
1
1
1
1
0.999999
3.44095
5.46364
5.67389
5.70586
5.71462
5.70936
5.68819
5.5952
5.38185
1
1
1
1
1
1
1
1
1
1
1
1
1
1
1
2.17297
5.0004
5.59563
5.63679
5.64626
5.62436
5.56016
5.43524
5.10141
1
1
1
1
1
1
1
1
1
1
1
1
1
1
1
1.10293
4.50425
5.4866
5.5562
5.5604
5.53171
5.45101
5.30164
4.93732
1
1
1
1
1
1
1
1
1
1
1
1
1
1
1
1.00034
3.70419
5.22648
5.46359
5.45419
5.42715
5.35359
5.17863
4.85863
1
1
1
1
1
1
1
1
1
1
1
1
1
1
1
0.999976
1.96631
4.68748
5.36464
5.34026
5.31261
5.24825
5.09404
4.85384
1
1
1
1
1
1
1
1
1
1
1
1
1
1
1
0.999996
1.06269
4.23062
5.19225
5.15974
5.16592
5.12654
5.01565
4.83608
1
1
1
1
1
1
1
1
1
1
1
1
1
1
1
1
1.00003
2.81582
4.73016
5.07529
5.05299
5.00828
4.92169
4.79384
1
1
1
1
1
1
1
1
1
1
1
1
1
1
1
1
0.999981
1.25971
4.146
4.98541
4.94903
4.90755
4.83423
4.7363
1
1
1
1
1
1
1
1
1
1
1
1
1
1
1
1
0.999997
1.00294
2.68265
4.48067
4.85234
4.7953
4.72944
4.65243
1
1
1
1
1
1
1
1
1
1
1
1
1
1
1
1
1
1
1.24108
3.84157
4.76402
4.69367
4.64511
4.58241
1
1
1
1
1
1
1
1
1
1
1
1
1
1
1
1
1
1
1.00233
2.23584
4.10035
4.58992
4.5355
4.48594
1
1
1
1
1
1
1
1
1
1
1
1
1
1
1
1
1
1
1
1.11727
3.20345
4.42116
4.43095
4.40535
1
1
1
1
1
1
1
1
1
1
1
1
1
1
1
1
1
1
1
1.00053
1.62903
3.69436
4.34267
4.29764
1
1
1
1
1
1
1
1
1
1
1
1
1
1
1
1
1
1
1
1
1.02021
2.28077
3.7818
4.21175
1
1
1
1
1
1
1
1
1
1
1
1
1
1
1
1
1
1
3.62017
2.49848
1.94321
2.12175
2.42565
2.62481
2.85792
3.12582
3.21786
3.23269
3.25963
3.3464
3.43767
3.48215
3.51421
3.51073
3.51275
3.50484
3.48121
3.43936
3.39728
3.39474
3.42381
3.45757
3.45653
3.42866
3.36641
3.32706
3.32253
3.33851
3.37127
3.38229
3.3814
4.11067
3.58295
3.01992
2.73851
2.75104
2.74713
2.76056
2.7566
2.71535
2.72602
2.77997
2.8804
3.01271
3.11988
3.17867
3.21205
3.24776
3.27442
3.28442
3.27824
3.26545
3.27031
3.31361
3.3514
3.35119
3.33456
3.29167
3.27001
3.27003
3.28225
3.31143
3.31896
3.31724
4.31808
3.91233
3.56708
3.26746
3.09397
2.92713
2.76536
2.68621
2.61485
2.56085
2.58802
2.66414
2.73732
2.79792
2.83114
2.86478
2.92389
2.97007
3.01621
3.05627
3.09032
3.11588
3.15425
3.18569
3.19013
3.18259
3.1632
3.15043
3.15047
3.15796
3.1736
3.18405
3.18332
4.44905
4.10969
3.78853
3.56237
3.38283
3.20185
3.01157
2.89096
2.8106
2.71471
2.68134
2.66092
2.63302
2.62871
2.6332
2.63812
2.67245
2.74062
2.80047
2.84774
2.89774
2.93197
2.95804
2.98615
3.01423
3.02651
3.03463
3.04404
3.04991
3.05793
3.0604
3.05972
3.0553
4.54878
4.27287
3.99955
3.77253
3.58131
3.3969
3.23769
3.12928
3.03018
2.91788
2.82568
2.75405
2.68228
2.62228
2.60797
2.60373
2.60824
2.63146
2.66456
2.70776
2.76179
2.80844
2.83493
2.8567
2.88883
2.9072
2.92612
2.94614
2.96553
2.98223
2.98858
2.98806
2.98271
4.61106
4.37476
4.14337
3.94437
3.76101
3.57481
3.40455
3.2839
3.18658
3.09587
3.0136
2.92652
2.84077
2.75582
2.71618
2.68021
2.64276
2.64166
2.64685
2.63911
2.64389
2.66502
2.69375
2.71965
2.7582
2.79946
2.83856
2.87801
2.90689
2.92702
2.93408
2.93446
2.92975
4.6249
4.44296
4.25161
4.06982
3.89401
3.71795
3.57673
3.45564
3.33233
3.21348
3.13816
3.06871
2.99313
2.91551
2.85203
2.79132
2.7172
2.67675
2.66233
2.63969
2.62981
2.63452
2.64049
2.64028
2.64743
2.67589
2.71795
2.77383
2.82209
2.86437
2.89444
2.9006
2.89953
4.60641
4.4538
4.30139
4.14941
3.99065
3.83301
3.70143
3.58102
3.46946
3.36354
3.27065
3.18256
3.09771
3.03128
2.97729
2.91988
2.84669
2.78986
2.75319
2.71279
2.66493
2.6576
2.65457
2.63198
2.61587
2.61829
2.63075
2.65777
2.69302
2.73531
2.78333
2.82111
2.8581
4.55236
4.43774
4.31864
4.18987
4.04827
3.92615
3.81229
3.69138
3.5621
3.4743
3.39012
3.30184
3.21358
3.13954
3.07342
3.00671
2.94132
2.8962
2.85436
2.80595
2.74687
2.70735
2.68013
2.64516
2.61824
2.61821
2.62391
2.62557
2.62487
2.6332
2.65716
2.6863
2.72806
4.49693
4.40623
4.30928
4.1972
4.07776
3.97849
3.87522
3.76354
3.64804
3.56315
3.4693
3.37801
3.29655
3.23759
3.17003
3.10013
3.02115
2.97687
2.93632
2.89126
2.84333
2.80206
2.76291
2.72058
2.67019
2.65662
2.64872
2.63004
2.61143
2.60828
2.60242
2.59874
2.60767
4.42199
4.35339
4.27732
4.18356
4.08792
4.0009
3.90905
3.8005
3.70527
3.62361
3.53796
3.44656
3.3651
3.30319
3.23488
3.17127
3.10869
3.06665
3.01965
2.96246
2.90366
2.86991
2.83329
2.79337
2.74505
2.7134
2.68522
2.65194
2.618
2.60255
2.59365
2.58217
2.58294
4.36139
4.30602
4.24133
4.16424
4.08352
3.99743
3.91097
3.82176
3.74476
3.66375
3.57987
3.48439
3.42028
3.36423
3.30277
3.23032
3.17356
3.13293
3.08256
3.03101
2.97554
2.9361
2.89338
2.84924
2.80723
2.77911
2.74758
2.71076
2.66134
2.63296
2.61772
2.5972
2.58237
4.26341
4.22552
4.17046
4.11215
4.05267
3.98018
3.89801
3.81854
3.75181
3.67695
3.60342
3.52232
3.46588
3.40686
3.34594
3.27803
3.2312
3.18562
3.13272
3.06727
3.02238
2.98911
2.94899
2.90597
2.86044
2.82976
2.79257
2.75345
2.70795
2.67847
2.65549
2.62975
2.59707
4.16011
4.122
4.08428
4.04681
4.00132
3.94678
3.87791
3.82276
3.76076
3.69224
3.61627
3.55357
3.50667
3.44549
3.38267
3.31421
3.27176
3.22289
3.17099
3.11064
3.0658
3.02768
2.98592
2.94317
2.9085
2.87935
2.84186
2.79835
2.74902
2.72524
2.70195
2.67656
2.64609
)
;

boundaryField
{
    inlet
    {
        type            fixedValue;
        value           uniform 1;
    }
    outlet
    {
        type            inletOutlet;
        inletValue      nonuniform 0();
        value           nonuniform 0();
    }
    bottom
    {
        type            symmetryPlane;
    }
    top
    {
        type            symmetryPlane;
    }
    obstacle
    {
        type            zeroGradient;
    }
    defaultFaces
    {
        type            empty;
    }
    procBoundary0to1
    {
        type            processor;
        value           nonuniform List<scalar> 
14
(
3.36626
3.30557
3.17728
3.0486
2.97403
2.92639
2.89359
2.87153
2.77544
2.64149
2.58904
2.58331
2.5849
2.62452
)
;
    }
    procBoundary0to2
    {
        type            processor;
        value           nonuniform List<scalar> 
58
(
1
1
1.00004
1.13507
2.80043
3.84852
1
1
1
1
1
1
1
1
1
1
1
1
1
1
1
1
1
1
1
4.10745
4.05707
4.00821
3.98107
3.94873
3.90463
3.8522
3.80902
3.75119
3.69191
3.62379
3.57543
3.51793
3.45517
3.3921
3.33971
3.30133
3.25069
3.19452
3.13137
3.09845
3.06109
3.02168
2.97349
2.94139
2.91177
2.87455
2.83406
2.79329
2.76996
2.74299
2.71117
2.67904
)
;
    }
}


// ************************************************************************* //
